0.000,0.000,0.000,0.000,0.000, 0.000, 0.000, 0.000,0.000,0.000,0.000, 0.000, 0.000, 0.000, 0.000, 0.000, 0.000;
0.006,-2.467,-2.073,-2.513,-2.027,427.000,178.000,-2.322,0.000,0.000,0.000,200.000,200.000, 0.000, 0.000, 0.000, 0.000;
0.013,-2.467,-2.073,-2.513,-2.027,427.000,178.000,-2.322,0.000,0.000,0.000,200.000,200.000, 0.000, 0.000, 0.000, 0.000;
0.019,-2.467,-2.073,-2.513,-2.027,427.000,178.000,-2.322,0.000,0.000,0.000,200.000,200.000, 0.000, 0.000, 0.000, 0.000;
0.025,-2.467,-2.073,-2.513,-2.027,427.000,178.000,-2.322,0.000,0.000,0.000,200.000,200.000, 0.000, 0.000, 0.000, 0.000;
0.031,-2.467,-2.073,-2.513,-2.027,427.000,178.000,-2.322,0.000,0.000,0.000,200.000,200.000, 0.000, 0.000, 0.000, 0.000;
0.038,-2.467,-2.073,-2.513,-2.027,427.000,178.000,-2.322,0.000,0.000,0.000,200.000,200.000, 0.000, 0.000, 0.000, 0.000;
0.051,-2.467,-2.073,-2.513,-2.027,427.000,178.000,-2.322,0.000,0.000,0.000,200.000,200.000, 0.000, 0.000, 0.000, 0.000;
0.061,-2.467,-2.073,-2.513,-2.027,427.000,178.000,-2.322,0.000,0.000,0.000,200.000,200.000, 0.000, 0.000, 0.000, 0.000;
0.064,-2.467,-2.073,-2.513,-2.027,427.000,178.000,-2.322,0.000,0.000,0.000,200.000,200.000, 0.000, 0.000, 0.000, 0.000;
0.067,-2.467,-2.073,-2.513,-2.027,427.000,178.000,-2.322,0.000,0.000,0.000,200.000,200.000, 0.000, 0.000, 0.000, 0.000;
0.071,-2.467,-2.073,-2.513,-2.027,427.000,178.000,-2.322,0.000,0.000,0.000,200.000,200.000, 0.000, 0.000, 0.000, 0.000;
0.082,-2.467,-2.073,-2.513,-2.027,427.000,178.000,-2.322,0.000,0.000,0.000,200.000,200.000, 0.000, 0.000, 0.000, 0.000;
0.086,-2.467,-2.073,-2.513,-2.027,427.000,178.000,-2.322,0.000,0.000,0.000,200.000,200.000, 0.000, 0.000, 0.000, 0.000;
0.091,-2.467,-2.073,-2.513,-2.027,427.000,178.000,-2.322,0.000,0.000,0.000,200.000,200.000, 0.000, 0.000, 0.000, 0.000;
0.095,-2.467,-2.073,-2.513,-2.027,427.000,178.000,-2.322,0.000,0.000,0.000,200.000,200.000, 0.000, 0.000, 0.000, 0.000;
0.104,-2.467,-2.073,-2.513,-2.027,427.000,178.000,-2.322,0.000,0.000,0.000,200.000,200.000, 0.000, 0.000, 0.000, 0.000;
0.109,-2.467,-2.073,-2.513,-2.027,427.000,178.000,-2.322,0.000,0.000,0.000,200.000,200.000, 0.000, 0.000, 0.000, 0.000;
0.114,-2.467,-2.073,-2.513,-2.027,427.000,178.000,-2.322,0.000,0.000,0.000,200.000,200.000, 0.000, 0.000, 0.000, 0.000;
0.121,-2.467,-2.073,-2.513,-2.027,427.000,178.000,-2.322,0.000,0.000,0.000,200.000,200.000, 0.000, 0.000, 0.000, 0.000;
0.128,-2.467,-2.073,-2.513,-2.027,427.000,178.000,-2.322,0.000,0.000,0.000,200.000,200.000, 0.000, 0.000, 0.000, 0.000;
0.133,-2.467,-2.073,-2.513,-2.027,427.000,178.000,-2.322,0.000,0.000,0.000,200.000,200.000, 0.000, 0.000, 0.000, 0.000;
0.140,-2.467,-2.073,-2.513,-2.027,427.000,178.000,-2.322,0.000,0.000,0.000,200.000,200.000, 0.000, 0.000, 0.000, 0.000;
0.146,-2.467,-2.073,-2.513,-2.027,427.000,178.000,-2.322,0.000,0.000,0.000,200.000,200.000, 0.000, 0.000, 0.000, 0.000;
0.152,-2.467,-2.073,-2.513,-2.027,427.000,178.000,-2.322,0.000,0.000,0.000,200.000,200.000, 0.000, 0.000, 0.000, 0.000;
0.159,-2.467,-2.073,-2.513,-2.027,427.000,178.000,-2.322,0.000,0.000,0.000,200.000,200.000, 0.000, 0.000, 0.000, 0.000;
0.168,-2.467,-2.073,-2.513,-2.027,427.000,178.000,-2.322,0.000,0.000,0.000,200.000,200.000, 0.000, 0.000, 0.000, 0.000;
0.176,-2.467,-2.073,-2.513,-2.027,427.000,178.000,-2.322,0.000,0.000,0.000,200.000,200.000, 0.000, 0.000, 0.000, 0.000;
0.181,-2.467,-2.073,-2.513,-2.027,427.000,178.000,-2.322,0.000,0.000,0.000,200.000,200.000, 0.000, 0.000, 0.000, 0.000;
0.189,-2.467,-2.073,-2.513,-2.027,427.000,178.000,-2.322,0.000,0.000,0.000,200.000,200.000, 0.000, 0.000, 0.000, 0.000;
0.193,-2.467,-2.073,-2.513,-2.027,427.000,178.000,-2.322,0.000,0.000,0.000,200.000,200.000, 0.000, 0.000, 0.000, 0.000;
0.198,-2.467,-2.073,-2.513,-2.027,427.000,178.000,-2.322,0.000,0.000,0.000,200.000,200.000, 0.000, 0.000, 0.000, 0.000;
0.203,-2.467,-2.073,-2.513,-2.027,427.000,178.000,-2.322,0.000,0.000,0.000,200.000,200.000, 0.000, 0.000, 0.000, 0.000;
0.214,-2.467,-2.073,-2.513,-2.027,427.000,178.000,-2.322,0.000,0.000,0.000,200.000,200.000, 0.000, 0.000, 0.000, 0.000;
0.219,-2.467,-2.073,-2.513,-2.027,427.000,178.000,-2.322,0.000,0.000,0.000,200.000,200.000, 0.000, 0.000, 0.000, 0.000;
0.223,-2.467,-2.073,-2.513,-2.027,427.000,178.000,-2.322,0.000,0.000,0.000,200.000,200.000, 0.000, 0.000, 0.000, 0.000;
0.231,-2.467,-2.073,-2.513,-2.027,427.000,178.000,-2.322,0.000,0.000,0.000,200.000,200.000, 0.000, 0.000, 0.000, 0.000;
0.235,-2.467,-2.073,-2.513,-2.027,427.000,178.000,-2.322,0.000,0.000,0.000,200.000,200.000, 0.000, 0.000, 0.000, 0.000;
0.242,-2.467,-2.073,-2.513,-2.027,427.000,178.000,-2.322,0.000,0.000,0.000,200.000,200.000, 0.000, 0.000, 0.000, 0.000;
0.248,-2.467,-2.073,-2.513,-2.027,427.000,178.000,-2.322,0.000,0.000,0.000,200.000,200.000, 0.000, 0.000, 0.000, 0.000;
0.255,-2.467,-2.073,-2.513,-2.027,427.000,178.000,-2.322,0.000,0.000,0.000,200.000,200.000, 0.000, 0.000, 0.000, 0.000;
0.261,-2.467,-2.073,-2.513,-2.027,427.000,178.000,-2.322,0.000,0.000,0.000,200.000,200.000, 0.000, 0.000, 0.000, 0.000;
0.268,-2.467,-2.073,-2.513,-2.027,427.000,178.000,-2.322,0.000,0.000,0.000,200.000,200.000, 0.000, 0.000, 0.000, 0.000;
0.275,-2.467,-2.073,-2.513,-2.027,427.000,178.000,-2.322,0.000,0.000,0.000,200.000,200.000, 0.000, 0.000, 0.000, 0.000;
0.282,-2.467,-2.073,-2.513,-2.027,427.000,178.000,-2.322,0.000,0.000,0.000,200.000,200.000, 0.000, 0.000, 0.000, 0.000;
0.296,-2.467,-2.073,-2.513,-2.027,427.000,178.000,-2.322,0.000,0.000,0.000,200.000,200.000, 0.000, 0.000, 0.000, 0.000;
0.299,-2.467,-2.073,-2.513,-2.027,427.000,178.000,-2.322,0.000,0.000,0.000,200.000,200.000, 0.000, 0.000, 0.000, 0.000;
0.305,-2.467,-2.073,-2.513,-2.027,427.000,178.000,-2.322,0.000,0.000,0.000,200.000,200.000, 0.000, 0.000, 0.000, 0.000;
0.312,-2.467,-2.073,-2.513,-2.027,427.000,178.000,-2.322,0.000,0.000,0.000,200.000,200.000, 0.000, 0.000, 0.000, 0.000;
0.321,-2.467,-2.073,-2.513,-2.027,427.000,178.000,-2.322,0.000,0.000,0.000,200.000,200.000, 0.000, 0.000, 0.000, 0.000;
0.327,-2.467,-2.073,-2.513,-2.027,427.000,178.000,-2.322,0.000,0.000,0.000,200.000,200.000, 0.000, 0.000, 0.000, 0.000;
0.333,-2.467,-2.073,-2.513,-2.027,427.000,178.000,-2.322,0.000,0.000,0.000,200.000,200.000, 0.000, 0.000, 0.000, 0.000;
0.337,-2.467,-2.073,-2.513,-2.027,427.000,178.000,-2.322,0.000,0.000,0.000,200.000,200.000, 0.000, 0.000, 0.000, 0.000;
0.347,-2.467,-2.073,-2.513,-2.027,427.000,178.000,-2.322,0.000,0.000,0.000,200.000,200.000, 0.000, 0.000, 0.000, 0.000;
0.352,-2.467,-2.073,-2.513,-2.027,427.000,178.000,-2.322,0.000,0.000,0.000,200.000,200.000, 0.000, 0.000, 0.000, 0.000;
0.366,-2.467,-2.073,-2.513,-2.027,427.000,178.000,-2.322,0.000,0.000,0.000,200.000,200.000, 0.000, 0.000, 0.000, 0.000;
0.376,-2.467,-2.073,-2.513,-2.027,427.000,178.000,-2.322,0.000,0.000,0.000,200.000,200.000, 0.000, 0.000, 0.000, 0.000;
0.382,-2.467,-2.073,-2.513,-2.027,427.000,178.000,-2.322,0.000,0.000,0.000,200.000,200.000, 0.000, 0.000, 0.000, 0.000;
0.387,-2.467,-2.073,-2.513,-2.027,427.000,178.000,-2.322,0.000,0.000,0.000,200.000,200.000, 0.000, 0.000, 0.000, 0.000;
0.390,-2.467,-2.073,-2.513,-2.027,427.000,178.000,-2.322,0.000,0.000,0.000,200.000,200.000, 0.000, 0.000, 0.000, 0.000;
0.393,-2.467,-2.073,-2.513,-2.027,427.000,178.000,-2.322,0.000,0.000,0.000,200.000,200.000, 0.000, 0.000, 0.000, 0.000;
0.397,-2.467,-2.073,-2.513,-2.027,427.000,178.000,-2.322,0.000,0.000,0.000,200.000,200.000, 0.000, 0.000, 0.000, 0.000;
0.402,-2.467,-2.073,-2.513,-2.027,427.000,178.000,-2.322,0.000,0.000,0.000,200.000,200.000, 0.000, 0.000, 0.000, 0.000;
0.406,-2.467,-2.073,-2.513,-2.027,427.000,178.000,-2.322,0.000,0.000,0.000,200.000,200.000, 0.000, 0.000, 0.000, 0.000;
0.411,-2.467,-2.073,-2.513,-2.027,427.000,178.000,-2.322,0.000,0.000,0.000,200.000,200.000, 0.000, 0.000, 0.000, 0.000;
0.422,-2.467,-2.073,-2.513,-2.027,427.000,178.000,-2.322,0.000,0.000,0.000,200.000,200.000, 0.000, 0.000, 0.000, 0.000;
0.429,-2.467,-2.073,-2.513,-2.027,427.000,178.000,-2.322,0.000,0.000,0.000,200.000,200.000, 0.000, 0.000, 0.000, 0.000;
0.432,-2.467,-2.073,-2.513,-2.027,427.000,178.000,-2.322,0.000,0.000,0.000,200.000,200.000, 0.000, 0.000, 0.000, 0.000;
0.437,-2.467,-2.073,-2.513,-2.027,427.000,178.000,-2.322,0.000,0.000,0.000,200.000,200.000, 0.000, 0.000, 0.000, 0.000;
0.444,-2.467,-2.073,-2.513,-2.027,427.000,178.000,-2.322,0.000,0.000,0.000,200.000,200.000, 0.000, 0.000, 0.000, 0.000;
0.452,-2.467,-2.073,-2.513,-2.027,427.000,178.000,-2.322,0.000,0.000,0.000,200.000,200.000, 0.000, 0.000, 0.000, 0.000;
0.462,-2.467,-2.073,-2.513,-2.027,427.000,178.000,-2.322,0.000,0.000,0.000,200.000,200.000, 0.000, 0.000, 0.000, 0.000;
0.470,-2.467,-2.073,-2.513,-2.027,427.000,178.000,-2.322,0.000,0.000,0.000,200.000,200.000, 0.000, 0.000, 0.000, 0.000;
0.476,-2.467,-2.073,-2.513,-2.027,427.000,178.000,-2.322,0.000,0.000,0.000,200.000,200.000, 0.000, 0.000, 0.000, 0.000;
0.481,-2.467,-2.073,-2.513,-2.027,427.000,178.000,-2.322,0.000,0.000,0.000,200.000,200.000, 0.000, 0.000, 0.000, 0.000;
0.485,-2.467,-2.073,-2.513,-2.027,427.000,178.000,-2.322,0.000,0.000,0.000,200.000,200.000, 0.000, 0.000, 0.000, 0.000;
0.490,-2.467,-2.073,-2.513,-2.027,427.000,178.000,-2.322,0.000,0.000,0.000,200.000,200.000, 0.000, 0.000, 0.000, 0.000;
0.494,-2.467,-2.073,-2.513,-2.027,427.000,178.000,-2.322,0.000,0.000,0.000,200.000,200.000, 0.000, 0.000, 0.000, 0.000;
0.497,-2.467,-2.073,-2.513,-2.027,427.000,178.000,-2.322,0.000,0.000,0.000,200.000,200.000, 0.000, 0.000, 0.000, 0.000;
0.503,-2.467,-2.073,-2.513,-2.027,427.000,178.000,-2.322,0.000,0.000,0.000,200.000,200.000, 0.000, 0.000, 0.000, 0.000;
0.510,-2.467,-2.073,-2.513,-2.027,427.000,178.000,-2.322,0.000,0.000,0.000,200.000,200.000, 0.000, 0.000, 0.000, 0.000;
0.516,-2.467,-2.073,-2.513,-2.027,427.000,178.000,-2.322,0.000,0.000,0.000,200.000,200.000, 0.000, 0.000, 0.000, 0.000;
0.522,-2.467,-2.073,-2.513,-2.027,427.000,178.000,-2.322,0.000,0.000,0.000,200.000,200.000, 0.000, 0.000, 0.000, 0.000;
0.529,-2.467,-2.073,-2.513,-2.027,427.000,178.000,-2.322,0.000,0.000,0.000,200.000,200.000, 0.000, 0.000, 0.000, 0.000;
0.535,-2.467,-2.073,-2.513,-2.027,427.000,178.000,-2.322,0.000,0.000,0.000,200.000,200.000, 0.000, 0.000, 0.000, 0.000;
0.541,-2.467,-2.073,-2.513,-2.027,427.000,178.000,-2.322,0.000,0.000,0.000,200.000,200.000, 0.000, 0.000, 0.000, 0.000;
0.548,-2.467,-2.073,-2.513,-2.027,427.000,178.000,-2.322,0.000,0.000,0.000,200.000,200.000, 0.000, 0.000, 0.000, 0.000;
0.555,-2.467,-2.073,-2.513,-2.027,427.000,178.000,-2.322,0.000,0.000,0.000,200.000,200.000, 0.000, 0.000, 0.000, 0.000;
0.561,-2.467,-2.073,-2.513,-2.027,427.000,178.000,-2.322,0.000,0.000,0.000,200.000,200.000, 0.000, 0.000, 0.000, 0.000;
0.567,-2.467,-2.073,-2.513,-2.027,427.000,178.000,-2.322,0.000,0.000,0.000,200.000,200.000, 0.000, 0.000, 0.000, 0.000;
0.573,-2.467,-2.073,-2.513,-2.027,427.000,178.000,-2.322,0.000,0.000,0.000,200.000,200.000, 0.000, 0.000, 0.000, 0.000;
0.580,-2.467,-2.073,-2.513,-2.027,427.000,178.000,-2.322,0.000,0.000,0.000,200.000,200.000, 0.000, 0.000, 0.000, 0.000;
0.586,-2.467,-2.073,-2.513,-2.027,427.000,178.000,-2.322,0.000,0.000,0.000,200.000,200.000, 0.000, 0.000, 0.000, 0.000;
0.592,-2.467,-2.073,-2.513,-2.027,427.000,178.000,-2.322,0.000,0.000,0.000,200.000,200.000, 0.000, 0.000, 0.000, 0.000;
0.599,-2.467,-2.073,-2.513,-2.027,427.000,178.000,-2.322,0.000,0.000,0.000,200.000,200.000, 0.000, 0.000, 0.000, 0.000;
0.611,-2.467,-2.073,-2.513,-2.027,427.000,178.000,-2.322,0.000,0.000,0.000,200.000,200.000, 0.000, 0.000, 0.000, 0.000;
0.613,-2.467,-2.073,-2.513,-2.027,427.000,178.000,-2.322,0.000,0.000,0.000,200.000,200.000, 0.000, 0.000, 0.000, 0.000;
0.618,-2.467,-2.073,-2.513,-2.027,427.000,178.000,-2.322,0.000,0.000,0.000,200.000,200.000, 0.000, 0.000, 0.000, 0.000;
0.624,-2.467,-2.073,-2.513,-2.027,427.000,178.000,-2.322,0.000,0.000,0.000,200.000,200.000, 0.000, 0.000, 0.000, 0.000;
0.632,-2.467,-2.073,-2.513,-2.027,427.000,178.000,-2.322,0.000,0.000,0.000,200.000,200.000, 0.000, 0.000, 0.000, 0.000;
0.638,-2.467,-2.073,-2.513,-2.027,427.000,178.000,-2.322,0.000,0.000,0.000,200.000,200.000, 0.000, 0.000, 0.000, 0.000;
0.644,-2.467,-2.073,-2.513,-2.027,427.000,178.000,-2.322,0.000,0.000,0.000,200.000,200.000, 0.000, 0.000, 0.000, 0.000;
0.655,-2.467,-2.073,-2.513,-2.027,427.000,178.000,-2.322,0.000,0.000,0.000,200.000,200.000, 0.000, 0.000, 0.000, 0.000;
0.658,-2.467,-2.073,-2.513,-2.027,427.000,178.000,-2.322,0.000,0.000,0.000,200.000,200.000, 0.000, 0.000, 0.000, 0.000;
0.662,-2.467,-2.073,-2.513,-2.027,427.000,178.000,-2.322,0.000,0.000,0.000,200.000,200.000, 0.000, 0.000, 0.000, 0.000;
0.669,-2.467,-2.073,-2.513,-2.027,427.000,178.000,-2.322,0.000,0.000,0.000,200.000,200.000, 0.000, 0.000, 0.000, 0.000;
0.675,-2.467,-2.073,-2.513,-2.027,427.000,178.000,-2.322,0.000,0.000,0.000,200.000,200.000, 0.000, 0.000, 0.000, 0.000;
0.683,-2.467,-2.073,-2.513,-2.027,427.000,178.000,-2.322,0.000,0.000,0.000,200.000,200.000, 0.000, 0.000, 0.000, 0.000;
0.690,-2.467,-2.073,-2.513,-2.027,427.000,178.000,-2.322,0.000,0.000,0.000,200.000,200.000, 0.000, 0.000, 0.000, 0.000;
0.694,-2.467,-2.073,-2.513,-2.027,427.000,178.000,-2.322,0.000,0.000,0.000,200.000,200.000, 0.000, 0.000, 0.000, 0.000;
0.701,-2.467,-2.073,-2.513,-2.027,427.000,178.000,-2.322,0.000,0.000,0.000,200.000,200.000, 0.000, 0.000, 0.000, 0.000;
0.707,-2.467,-2.073,-2.513,-2.027,427.000,178.000,-2.322,0.000,0.000,0.000,200.000,200.000, 0.000, 0.000, 0.000, 0.000;
0.714,-2.467,-2.073,-2.513,-2.027,427.000,178.000,-2.322,0.000,0.000,0.000,200.000,200.000, 0.000, 0.000, 0.000, 0.000;
0.720,-2.467,-2.073,-2.513,-2.027,427.000,178.000,-2.322,0.000,0.000,0.000,200.000,200.000, 0.000, 0.000, 0.000, 0.000;
0.726,-2.467,-2.073,-2.513,-2.027,427.000,178.000,-2.322,0.000,0.000,0.000,200.000,200.000, 0.000, 0.000, 0.000, 0.000;
0.733,-2.467,-2.073,-2.513,-2.027,427.000,178.000,-2.322,0.000,0.000,0.000,200.000,200.000, 0.000, 0.000, 0.000, 0.000;
0.739,-2.467,-2.073,-2.513,-2.027,427.000,178.000,-2.322,0.000,0.000,0.000,200.000,200.000, 0.000, 0.000, 0.000, 0.000;
0.746,-2.467,-2.073,-2.513,-2.027,427.000,178.000,-2.322,0.000,0.000,0.000,200.000,200.000, 0.000, 0.000, 0.000, 0.000;
0.752,-2.467,-2.073,-2.513,-2.027,427.000,178.000,-2.322,0.000,0.000,0.000,200.000,200.000, 0.000, 0.000, 0.000, 0.000;
0.758,-2.467,-2.073,-2.513,-2.027,427.000,178.000,-2.322,0.000,0.000,0.000,200.000,200.000, 0.000, 0.000, 0.000, 0.000;
0.765,-2.467,-2.073,-2.513,-2.027,427.000,178.000,-2.322,0.000,0.000,0.000,200.000,200.000, 0.000, 0.000, 0.000, 0.000;
0.771,-2.467,-2.073,-2.513,-2.027,427.000,178.000,-2.322,0.000,0.000,0.000,200.000,200.000, 0.000, 0.000, 0.000, 0.000;
0.777,-2.467,-2.073,-2.513,-2.027,427.000,178.000,-2.322,0.000,0.000,0.000,200.000,200.000, 0.000, 0.000, 0.000, 0.000;
0.787,-2.467,-2.073,-2.513,-2.027,427.000,178.000,-2.322,0.000,0.000,0.000,200.000,200.000, 0.000, 0.000, 0.000, 0.000;
0.790,-2.467,-2.073,-2.513,-2.027,427.000,178.000,-2.322,0.000,0.000,0.000,200.000,200.000, 0.000, 0.000, 0.000, 0.000;
0.797,-2.467,-2.073,-2.513,-2.027,427.000,178.000,-2.322,0.000,0.000,0.000,200.000,200.000, 0.000, 0.000, 0.000, 0.000;
0.803,-2.467,-2.073,-2.513,-2.027,427.000,178.000,-2.322,0.000,0.000,0.000,200.000,200.000, 0.000, 0.000, 0.000, 0.000;
0.809,-2.467,-2.073,-2.513,-2.027,427.000,178.000,-2.322,0.000,0.000,0.000,200.000,200.000, 0.000, 0.000, 0.000, 0.000;
0.817,-2.467,-2.073,-2.513,-2.027,427.000,178.000,-2.322,0.000,0.000,0.000,200.000,200.000, 0.000, 0.000, 0.000, 0.000;
0.823,-2.467,-2.073,-2.513,-2.027,427.000,178.000,-2.322,0.000,0.000,0.000,200.000,200.000, 0.000, 0.000, 0.000, 0.000;
0.830,-2.467,-2.073,-2.513,-2.027,427.000,178.000,-2.322,0.000,0.000,0.000,200.000,200.000, 0.000, 0.000, 0.000, 0.000;
0.835,-2.467,-2.073,-2.513,-2.027,427.000,178.000,-2.322,0.000,0.000,0.000,200.000,200.000, 0.000, 0.000, 0.000, 0.000;
0.841,-2.467,-2.073,-2.513,-2.027,427.000,178.000,-2.322,0.000,0.000,0.000,200.000,200.000, 0.000, 0.000, 0.000, 0.000;
0.850,-2.467,-2.073,-2.513,-2.027,427.000,178.000,-2.322,0.000,0.000,0.000,200.000,200.000, 0.000, 0.000, 0.000, 0.000;
0.855,-2.467,-2.073,-2.513,-2.027,427.000,178.000,-2.322,0.000,0.000,0.000,200.000,200.000, 0.000, 0.000, 0.000, 0.000;
0.861,-2.467,-2.073,-2.513,-2.027,427.000,178.000,-2.322,0.000,0.000,0.000,200.000,200.000, 0.000, 0.000, 0.000, 0.000;
0.869,-2.467,-2.073,-2.513,-2.027,427.000,178.000,-2.322,0.000,0.000,0.000,200.000,200.000, 0.000, 0.000, 0.000, 0.000;
0.873,-2.467,-2.073,-2.513,-2.027,427.000,178.000,-2.322,0.000,0.000,0.000,200.000,200.000, 0.000, 0.000, 0.000, 0.000;
0.880,-2.467,-2.073,-2.513,-2.027,427.000,178.000,-2.322,0.000,0.000,0.000,200.000,200.000, 0.000, 0.000, 0.000, 0.000;
0.887,-2.467,-2.073,-2.513,-2.027,427.000,178.000,-2.322,0.000,0.000,0.000,200.000,200.000, 0.000, 0.000, 0.000, 0.000;
0.893,-2.467,-2.073,-2.513,-2.027,427.000,178.000,-2.322,0.000,0.000,0.000,200.000,200.000, 0.000, 0.000, 0.000, 0.000;
0.899,-2.467,-2.073,-2.513,-2.027,427.000,178.000,-2.322,0.000,0.000,0.000,200.000,200.000, 0.000, 0.000, 0.000, 0.000;
0.905,-2.467,-2.073,-2.513,-2.027,427.000,178.000,-2.322,0.000,0.000,0.000,200.000,200.000, 0.000, 0.000, 0.000, 0.000;
0.915,-2.467,-2.073,-2.513,-2.027,427.000,178.000,-2.322,0.000,0.000,0.000,200.000,200.000, 0.000, 0.000, 0.000, 0.000;
0.919,-2.467,-2.073,-2.513,-2.027,427.000,178.000,-2.322,0.000,0.000,0.000,200.000,200.000, 0.000, 0.000, 0.000, 0.000;
0.924,-2.467,-2.073,-2.513,-2.027,427.000,178.000,-2.322,0.000,0.000,0.000,200.000,200.000, 0.000, 0.000, 0.000, 0.000;
0.935,-2.467,-2.073,-2.513,-2.027,427.000,178.000,-2.322,0.000,0.000,0.000,200.000,200.000, 0.000, 0.000, 0.000, 0.000;
0.941,-2.467,-2.073,-2.513,-2.027,427.000,178.000,-2.322,0.000,0.000,0.000,200.000,200.000, 0.000, 0.000, 0.000, 0.000;
0.944,-2.467,-2.073,-2.513,-2.027,427.000,178.000,-2.322,0.000,0.000,0.000,200.000,200.000, 0.000, 0.000, 0.000, 0.000;
0.950,-2.467,-2.073,-2.513,-2.027,427.000,178.000,-2.322,0.000,0.000,0.000,200.000,200.000, 0.000, 0.000, 0.000, 0.000;
0.956,-2.467,-2.073,-2.513,-2.027,427.000,178.000,-2.322,0.000,0.000,0.000,200.000,200.000, 0.000, 0.000, 0.000, 0.000;
0.962,-2.467,-2.073,-2.513,-2.027,427.000,178.000,-2.322,0.000,0.000,0.000,200.000,200.000, 0.000, 0.000, 0.000, 0.000;
0.969,-2.467,-2.073,-2.513,-2.027,427.000,178.000,-2.322,0.000,0.000,0.000,200.000,200.000, 0.000, 0.000, 0.000, 0.000;
0.977,-2.467,-2.073,-2.513,-2.027,427.000,178.000,-2.322,0.000,0.000,0.000,200.000,200.000, 0.000, 0.000, 0.000, 0.000;
0.982,-2.467,-2.073,-2.513,-2.027,427.000,178.000,-2.322,0.000,0.000,0.000,200.000,200.000, 0.000, 0.000, 0.000, 0.000;
0.989,-2.467,-2.073,-2.513,-2.027,427.000,178.000,-2.322,0.000,0.000,0.000,200.000,200.000, 0.000, 0.000, 0.000, 0.000;
0.997,-2.467,-2.073,-2.513,-2.027,427.000,178.000,-2.322,0.000,0.000,0.000,200.000,200.000, 0.000, 0.000, 0.000, 0.000;
1.001,-2.467,-2.073,-2.513,-2.027,427.000,178.000,-2.322,0.000,0.000,0.000,200.000,200.000, 0.000, 0.000, 0.000, 0.000;
1.009,-2.467,-2.073,-2.513,-2.027,427.000,178.000,-2.322,0.000,0.000,0.000,200.000,200.000, 0.000, 0.000, 0.000, 0.000;
1.013,-2.467,-2.073,-2.513,-2.027,427.000,178.000,-2.322,0.000,0.000,0.000,200.000,200.000, 0.000, 0.000, 0.000, 0.000;
1.020,-2.467,-2.073,-2.513,-2.027,427.000,178.000,-2.322,0.000,0.000,0.000,200.000,200.000, 0.000, 0.000, 0.000, 0.000;
1.026,-2.467,-2.073,-2.513,-2.027,427.000,178.000,-2.322,0.000,0.000,0.000,200.000,200.000, 0.000, 0.000, 0.000, 0.000;
1.033,-2.467,-2.073,-2.513,-2.027,427.000,178.000,-2.322,0.000,0.000,0.000,200.000,200.000, 0.000, 0.000, 0.000, 0.000;
1.039,-2.467,-2.073,-2.513,-2.027,427.000,178.000,-2.322,0.000,0.000,0.000,200.000,200.000, 0.000, 0.000, 0.000, 0.000;
1.045,-2.467,-2.073,-2.513,-2.027,427.000,178.000,-2.322,0.000,0.000,0.000,200.000,200.000, 0.000, 0.000, 0.000, 0.000;
1.052,-2.467,-2.073,-2.513,-2.027,427.000,178.000,-2.322,0.000,0.000,0.000,200.000,200.000, 0.000, 0.000, 0.000, 0.000;
1.058,-2.467,-2.073,-2.513,-2.027,427.000,178.000,-2.322,0.000,0.000,0.000,200.000,200.000, 0.000, 0.000, 0.000, 0.000;
1.065,-2.467,-2.073,-2.513,-2.027,427.000,178.000,-2.322,0.000,0.000,0.000,200.000,200.000, 0.000, 0.000, 0.000, 0.000;
1.073,-2.467,-2.073,-2.513,-2.027,427.000,178.000,-2.322,0.000,0.000,0.000,200.000,200.000, 0.000, 0.000, 0.000, 0.000;
1.077,-2.467,-2.073,-2.513,-2.027,427.000,178.000,-2.322,0.000,0.000,0.000,200.000,200.000, 0.000, 0.000, 0.000, 0.000;
1.084,-2.467,-2.073,-2.513,-2.027,427.000,178.000,-2.322,0.000,0.000,0.000,200.000,200.000, 0.000, 0.000, 0.000, 0.000;
1.090,-2.467,-2.073,-2.513,-2.027,427.000,178.000,-2.322,0.000,0.000,0.000,200.000,200.000, 0.000, 0.000, 0.000, 0.000;
1.097,-2.467,-2.073,-2.513,-2.027,427.000,178.000,-2.322,0.000,0.000,0.000,200.000,200.000, 0.000, 0.000, 0.000, 0.000;
1.103,-2.467,-2.073,-2.513,-2.027,427.000,178.000,-2.322,0.000,0.000,0.000,200.000,200.000, 0.000, 0.000, 0.000, 0.000;
1.109,-2.467,-2.073,-2.513,-2.027,427.000,178.000,-2.322,0.000,0.000,0.000,200.000,200.000, 0.000, 0.000, 0.000, 0.000;
1.118,-2.467,-2.073,-2.513,-2.027,427.000,178.000,-2.322,0.000,0.000,0.000,200.000,200.000, 0.000, 0.000, 0.000, 0.000;
1.122,-2.467,-2.073,-2.513,-2.027,427.000,178.000,-2.322,0.000,0.000,0.000,200.000,200.000, 0.000, 0.000, 0.000, 0.000;
1.129,-2.467,-2.073,-2.513,-2.027,427.000,178.000,-2.322,0.000,0.000,0.000,200.000,200.000, 0.000, 0.000, 0.000, 0.000;
1.135,-2.467,-2.073,-2.513,-2.027,427.000,178.000,-2.322,0.000,0.000,0.000,200.000,200.000, 0.000, 0.000, 0.000, 0.000;
1.147,-2.467,-2.073,-2.513,-2.027,427.000,178.000,-2.322,0.000,0.000,0.000,200.000,200.000, 0.000, 0.000, 0.000, 0.000;
1.151,-2.467,-2.073,-2.513,-2.027,427.000,178.000,-2.322,0.000,0.000,0.000,200.000,200.000, 0.000, 0.000, 0.000, 0.000;
1.155,-2.467,-2.073,-2.513,-2.027,427.000,178.000,-2.322,0.000,0.000,0.000,200.000,200.000, 0.000, 0.000, 0.000, 0.000;
1.160,-2.467,-2.073,-2.513,-2.027,427.000,178.000,-2.322,0.000,0.000,0.000,200.000,200.000, 0.000, 0.000, 0.000, 0.000;
1.167,-2.467,-2.073,-2.513,-2.027,427.000,178.000,-2.322,0.000,0.000,0.000,200.000,200.000, 0.000, 0.000, 0.000, 0.000;
1.174,-2.467,-2.073,-2.513,-2.027,427.000,178.000,-2.322,0.000,0.000,0.000,200.000,200.000, 0.000, 0.000, 0.000, 0.000;
1.180,-2.467,-2.073,-2.513,-2.027,427.000,178.000,-2.322,0.000,0.000,0.000,200.000,200.000, 0.000, 0.000, 0.000, 0.000;
1.186,-2.467,-2.073,-2.513,-2.027,427.000,178.000,-2.322,0.000,0.000,0.000,200.000,200.000, 0.000, 0.000, 0.000, 0.000;
1.192,-2.467,-2.073,-2.513,-2.027,427.000,178.000,-2.322,0.000,0.000,0.000,200.000,200.000, 0.000, 0.000, 0.000, 0.000;
1.198,-2.467,-2.073,-2.513,-2.027,427.000,178.000,-2.322,0.000,0.000,0.000,200.000,200.000, 0.000, 0.000, 0.000, 0.000;
1.205,-2.467,-2.073,-2.513,-2.027,427.000,178.000,-2.322,0.000,0.000,0.000,200.000,200.000, 0.000, 0.000, 0.000, 0.000;
1.215,-2.467,-2.073,-2.513,-2.027,427.000,178.000,-2.322,0.000,0.000,0.000,200.000,200.000, 0.000, 0.000, 0.000, 0.000;
1.219,-2.467,-2.073,-2.513,-2.027,427.000,178.000,-2.322,0.000,0.000,0.000,200.000,200.000, 0.000, 0.000, 0.000, 0.000;
1.224,-2.467,-2.073,-2.513,-2.027,427.000,178.000,-2.322,0.000,0.000,0.000,200.000,200.000, 0.000, 0.000, 0.000, 0.000;
1.230,-2.467,-2.073,-2.513,-2.027,427.000,178.000,-2.322,0.000,0.000,0.000,200.000,200.000, 0.000, 0.000, 0.000, 0.000;
1.239,-2.467,-2.073,-2.513,-2.027,427.000,178.000,-2.322,0.000,0.000,0.000,200.000,200.000, 0.000, 0.000, 0.000, 0.000;
1.243,-2.467,-2.073,-2.513,-2.027,427.000,178.000,-2.322,0.000,0.000,0.000,200.000,200.000, 0.000, 0.000, 0.000, 0.000;
1.249,-2.467,-2.073,-2.513,-2.027,427.000,178.000,-2.322,0.000,0.000,0.000,200.000,200.000, 0.000, 0.000, 0.000, 0.000;
1.259,-2.467,-2.073,-2.513,-2.027,427.000,178.000,-2.322,0.000,0.000,0.000,200.000,200.000, 0.000, 0.000, 0.000, 0.000;
1.263,-2.467,-2.073,-2.513,-2.027,427.000,178.000,-2.322,0.000,0.000,0.000,200.000,200.000, 0.000, 0.000, 0.000, 0.000;
1.269,-2.467,-2.073,-2.513,-2.027,427.000,178.000,-2.322,0.000,0.000,0.000,200.000,200.000, 0.000, 0.000, 0.000, 0.000;
1.275,-2.467,-2.073,-2.513,-2.027,427.000,178.000,-2.322,0.000,0.000,0.000,200.000,200.000, 0.000, 0.000, 0.000, 0.000;
1.281,-2.467,-2.073,-2.513,-2.027,427.000,178.000,-2.322,0.000,0.000,0.000,200.000,200.000, 0.000, 0.000, 0.000, 0.000;
1.288,-2.467,-2.073,-2.513,-2.027,427.000,178.000,-2.322,0.000,0.000,0.000,200.000,200.000, 0.000, 0.000, 0.000, 0.000;
1.294,-2.467,-2.073,-2.513,-2.027,427.000,178.000,-2.322,0.000,0.000,0.000,200.000,200.000, 0.000, 0.000, 0.000, 0.000;
1.300,-2.467,-2.073,-2.513,-2.027,427.000,178.000,-2.322,0.000,0.000,0.000,200.000,200.000, 0.000, 0.000, 0.000, 0.000;
1.307,-2.467,-2.073,-2.513,-2.027,427.000,178.000,-2.322,0.000,0.000,0.000,200.000,200.000, 0.000, 0.000, 0.000, 0.000;
1.313,-2.467,-2.073,-2.513,-2.027,427.000,178.000,-2.322,0.000,0.000,0.000,200.000,200.000, 0.000, 0.000, 0.000, 0.000;
1.320,-2.467,-2.073,-2.513,-2.027,427.000,178.000,-2.322,0.000,0.000,0.000,200.000,200.000, 0.000, 0.000, 0.000, 0.000;
1.326,-2.467,-2.073,-2.513,-2.027,427.000,178.000,-2.322,0.000,0.000,0.000,200.000,200.000, 0.000, 0.000, 0.000, 0.000;
1.333,-2.467,-2.073,-2.513,-2.027,427.000,178.000,-2.322,0.000,0.000,0.000,200.000,200.000, 0.000, 0.000, 0.000, 0.000;
1.339,-2.467,-2.073,-2.513,-2.027,427.000,178.000,-2.322,0.000,0.000,0.000,200.000,200.000, 0.000, 0.000, 0.000, 0.000;
1.345,-2.467,-2.073,-2.513,-2.027,427.000,178.000,-2.322,0.000,0.000,0.000,200.000,200.000, 0.000, 0.000, 0.000, 0.000;
1.354,-2.467,-2.073,-2.513,-2.027,427.000,178.000,-2.322,0.000,0.000,0.000,200.000,200.000, 0.000, 0.000, 0.000, 0.000;
1.360,-2.467,-2.073,-2.513,-2.027,427.000,178.000,-2.322,0.000,0.000,0.000,200.000,200.000, 0.000, 0.000, 0.000, 0.000;
1.367,-2.467,-2.073,-2.513,-2.027,427.000,178.000,-2.322,0.000,0.000,0.000,200.000,200.000, 0.000, 0.000, 0.000, 0.000;
1.370,-2.467,-2.073,-2.513,-2.027,427.000,178.000,-2.322,0.000,0.000,0.000,200.000,200.000, 0.000, 0.000, 0.000, 0.000;
1.377,-2.467,-2.073,-2.513,-2.027,427.000,178.000,-2.322,0.000,0.000,0.000,200.000,200.000, 0.000, 0.000, 0.000, 0.000;
1.383,-2.467,-2.073,-2.513,-2.027,427.000,178.000,-2.322,0.000,0.000,0.000,200.000,200.000, 0.000, 0.000, 0.000, 0.000;
1.391,-2.467,-2.073,-2.513,-2.027,427.000,178.000,-2.322,0.000,0.000,0.000,200.000,200.000, 0.000, 0.000, 0.000, 0.000;
1.396,-2.467,-2.073,-2.513,-2.027,427.000,178.000,-2.322,0.000,0.000,0.000,200.000,200.000, 0.000, 0.000, 0.000, 0.000;
1.402,-2.467,-2.073,-2.513,-2.027,427.000,178.000,-2.322,0.000,0.000,0.000,200.000,200.000, 0.000, 0.000, 0.000, 0.000;
1.411,-2.467,-2.073,-2.513,-2.027,427.000,178.000,-2.322,0.000,0.000,0.000,200.000,200.000, 0.000, 0.000, 0.000, 0.000;
1.415,-2.467,-2.073,-2.513,-2.027,427.000,178.000,-2.322,0.000,0.000,0.000,200.000,200.000, 0.000, 0.000, 0.000, 0.000;
1.422,-2.467,-2.073,-2.513,-2.027,427.000,178.000,-2.322,0.000,0.000,0.000,200.000,200.000, 0.000, 0.000, 0.000, 0.000;
1.428,-2.467,-2.073,-2.513,-2.027,427.000,178.000,-2.322,0.000,0.000,0.000,200.000,200.000, 0.000, 0.000, 0.000, 0.000;
1.434,-2.467,-2.073,-2.513,-2.027,427.000,178.000,-2.322,0.000,0.000,0.000,200.000,200.000, 0.000, 0.000, 0.000, 0.000;
1.441,-2.467,-2.073,-2.513,-2.027,427.000,178.000,-2.322,0.000,0.000,0.000,200.000,200.000, 0.000, 0.000, 0.000, 0.000;
1.447,-2.467,-2.073,-2.513,-2.027,427.000,178.000,-2.322,0.000,0.000,0.000,200.000,200.000, 0.000, 0.000, 0.000, 0.000;
1.457,-2.467,-2.073,-2.513,-2.027,427.000,178.000,-2.322,0.000,0.000,0.000,200.000,200.000, 0.000, 0.000, 0.000, 0.000;
1.460,-2.467,-2.073,-2.513,-2.027,427.000,178.000,-2.322,0.000,0.000,0.000,200.000,200.000, 0.000, 0.000, 0.000, 0.000;
1.466,-2.467,-2.073,-2.513,-2.027,427.000,178.000,-2.322,0.000,0.000,0.000,200.000,200.000, 0.000, 0.000, 0.000, 0.000;
1.473,-2.467,-2.073,-2.513,-2.027,427.000,178.000,-2.322,0.000,0.000,0.000,200.000,200.000, 0.000, 0.000, 0.000, 0.000;
1.481,-2.467,-2.073,-2.513,-2.027,427.000,178.000,-2.322,0.000,0.000,0.000,200.000,200.000, 0.000, 0.000, 0.000, 0.000;
1.486,-2.467,-2.073,-2.513,-2.027,427.000,178.000,-2.322,0.000,0.000,0.000,200.000,200.000, 0.000, 0.000, 0.000, 0.000;
1.491,-2.467,-2.073,-2.513,-2.027,427.000,178.000,-2.322,0.000,0.000,0.000,200.000,200.000, 0.000, 0.000, 0.000, 0.000;
1.498,-2.467,-2.073,-2.513,-2.027,427.000,178.000,-2.322,0.000,0.000,0.000,200.000,200.000, 0.000, 0.000, 0.000, 0.000;
1.505,-2.467,-2.073,-2.513,-2.027,427.000,178.000,-2.322,0.000,0.000,0.000,200.000,200.000, 0.000, 0.000, 0.000, 0.000;
1.511,-2.467,-2.073,-2.513,-2.027,427.000,178.000,-2.322,0.000,0.000,0.000,200.000,200.000, 0.000, 0.000, 0.000, 0.000;
1.517,-2.467,-2.073,-2.513,-2.027,427.000,178.000,-2.322,0.000,0.000,0.000,200.000,200.000, 0.000, 0.000, 0.000, 0.000;
1.524,-2.467,-2.073,-2.513,-2.027,427.000,178.000,-2.322,0.000,0.000,0.000,200.000,200.000, 0.000, 0.000, 0.000, 0.000;
1.530,-2.467,-2.073,-2.513,-2.027,427.000,178.000,-2.322,0.000,0.000,0.000,200.000,200.000, 0.000, 0.000, 0.000, 0.000;
1.536,-2.467,-2.073,-2.513,-2.027,427.000,178.000,-2.322,0.000,0.000,0.000,200.000,200.000, 0.000, 0.000, 0.000, 0.000;
1.543,-2.467,-2.073,-2.513,-2.027,427.000,178.000,-2.322,0.000,0.000,0.000,200.000,200.000, 0.000, 0.000, 0.000, 0.000;
1.550,-2.467,-2.073,-2.513,-2.027,427.000,178.000,-2.322,0.000,0.000,0.000,200.000,200.000, 0.000, 0.000, 0.000, 0.000;
1.555,-2.467,-2.073,-2.513,-2.027,427.000,178.000,-2.322,0.000,0.000,0.000,200.000,200.000, 0.000, 0.000, 0.000, 0.000;
1.562,-2.467,-2.073,-2.513,-2.027,427.000,178.000,-2.322,0.000,0.000,0.000,200.000,200.000, 0.000, 0.000, 0.000, 0.000;
1.568,-2.467,-2.073,-2.513,-2.027,427.000,178.000,-2.322,0.000,0.000,0.000,200.000,200.000, 0.000, 0.000, 0.000, 0.000;
1.575,-2.467,-2.073,-2.513,-2.027,427.000,178.000,-2.322,0.000,0.000,0.000,200.000,200.000, 0.000, 0.000, 0.000, 0.000;
1.584,-2.467,-2.073,-2.513,-2.027,427.000,178.000,-2.322,0.000,0.000,0.000,200.000,200.000, 0.000, 0.000, 0.000, 0.000;
1.591,-2.467,-2.073,-2.513,-2.027,427.000,178.000,-2.322,0.000,0.000,0.000,200.000,200.000, 0.000, 0.000, 0.000, 0.000;
1.594,-2.467,-2.073,-2.513,-2.027,427.000,178.000,-2.322,0.000,0.000,0.000,200.000,200.000, 0.000, 0.000, 0.000, 0.000;
1.600,-2.467,-2.073,-2.513,-2.027,427.000,178.000,-2.322,0.000,0.000,0.000,200.000,200.000, 0.000, 0.000, 0.000, 0.000;
1.607,-2.467,-2.073,-2.513,-2.027,427.000,178.000,-2.322,0.000,0.000,0.000,200.000,200.000, 0.000, 0.000, 0.000, 0.000;
1.613,-2.467,-2.073,-2.513,-2.027,427.000,178.000,-2.322,0.000,0.000,0.000,200.000,200.000, 0.000, 0.000, 0.000, 0.000;
1.619,-2.467,-2.073,-2.513,-2.027,427.000,178.000,-2.322,0.000,0.000,0.000,200.000,200.000, 0.000, 0.000, 0.000, 0.000;
1.625,-2.467,-2.073,-2.513,-2.027,427.000,178.000,-2.322,0.000,0.000,0.000,200.000,200.000, 0.000, 0.000, 0.000, 0.000;
1.632,-2.467,-2.073,-2.513,-2.027,427.000,178.000,-2.322,0.000,0.000,0.000,200.000,200.000, 0.000, 0.000, 0.000, 0.000;
1.639,-2.467,-2.073,-2.513,-2.027,427.000,178.000,-2.322,0.000,0.000,0.000,200.000,200.000, 0.000, 0.000, 0.000, 0.000;
1.645,-2.467,-2.073,-2.513,-2.027,427.000,178.000,-2.322,0.000,0.000,0.000,200.000,200.000, 0.000, 0.000, 0.000, 0.000;
1.651,-2.467,-2.073,-2.513,-2.027,427.000,178.000,-2.322,0.000,0.000,0.000,200.000,200.000, 0.000, 0.000, 0.000, 0.000;
1.657,-2.467,-2.073,-2.513,-2.027,427.000,178.000,-2.322,0.000,0.000,0.000,200.000,200.000, 0.000, 0.000, 0.000, 0.000;
1.664,-2.467,-2.073,-2.513,-2.027,427.000,178.000,-2.322,0.000,0.000,0.000,200.000,200.000, 0.000, 0.000, 0.000, 0.000;
1.670,-2.467,-2.073,-2.513,-2.027,427.000,178.000,-2.322,0.000,0.000,0.000,200.000,200.000, 0.000, 0.000, 0.000, 0.000;
1.676,-2.467,-2.073,-2.513,-2.027,427.000,178.000,-2.322,0.000,0.000,0.000,200.000,200.000, 0.000, 0.000, 0.000, 0.000;
1.684,-2.467,-2.073,-2.513,-2.027,427.000,178.000,-2.322,0.000,0.000,0.000,200.000,200.000, 0.000, 0.000, 0.000, 0.000;
1.690,-2.467,-2.073,-2.513,-2.027,427.000,178.000,-2.322,0.000,0.000,0.000,200.000,200.000, 0.000, 0.000, 0.000, 0.000;
1.696,-2.467,-2.073,-2.513,-2.027,427.000,178.000,-2.322,0.000,0.000,0.000,200.000,200.000, 0.000, 0.000, 0.000, 0.000;
1.704,-2.467,-2.073,-2.513,-2.027,427.000,178.000,-2.322,0.000,0.000,0.000,200.000,200.000, 0.000, 0.000, 0.000, 0.000;
1.710,-2.467,-2.073,-2.513,-2.027,427.000,178.000,-2.322,0.000,0.000,0.000,200.000,200.000, 0.000, 0.000, 0.000, 0.000;
1.716,-2.467,-2.073,-2.513,-2.027,427.000,178.000,-2.322,0.000,0.000,0.000,200.000,200.000, 0.000, 0.000, 0.000, 0.000;
1.723,-2.467,-2.073,-2.513,-2.027,427.000,178.000,-2.322,0.000,0.000,0.000,200.000,200.000, 0.000, 0.000, 0.000, 0.000;
1.728,-2.467,-2.073,-2.513,-2.027,427.000,178.000,-2.322,0.000,0.000,0.000,200.000,200.000, 0.000, 0.000, 0.000, 0.000;
1.734,-2.467,-2.073,-2.513,-2.027,427.000,178.000,-2.322,0.000,0.000,0.000,200.000,200.000, 0.000, 0.000, 0.000, 0.000;
1.740,-2.467,-2.073,-2.513,-2.027,427.000,178.000,-2.322,0.000,0.000,0.000,200.000,200.000, 0.000, 0.000, 0.000, 0.000;
1.747,-2.467,-2.073,-2.513,-2.027,427.000,178.000,-2.322,0.000,0.000,0.000,200.000,200.000, 0.000, 0.000, 0.000, 0.000;
1.753,-2.467,-2.073,-2.513,-2.027,427.000,178.000,-2.322,0.000,0.000,0.000,200.000,200.000, 0.000, 0.000, 0.000, 0.000;
1.762,-2.467,-2.073,-2.513,-2.027,427.000,178.000,-2.322,0.000,0.000,0.000,200.000,200.000, 0.000, 0.000, 0.000, 0.000;
1.766,-2.467,-2.073,-2.513,-2.027,427.000,178.000,-2.322,0.000,0.000,0.000,200.000,200.000, 0.000, 0.000, 0.000, 0.000;
1.772,-2.467,-2.073,-2.513,-2.027,427.000,178.000,-2.322,0.000,0.000,0.000,200.000,200.000, 0.000, 0.000, 0.000, 0.000;
1.779,-2.467,-2.073,-2.513,-2.027,427.000,178.000,-2.322,0.000,0.000,0.000,200.000,200.000, 0.000, 0.000, 0.000, 0.000;
1.785,-2.467,-2.073,-2.513,-2.027,427.000,178.000,-2.322,0.000,0.000,0.000,200.000,200.000, 0.000, 0.000, 0.000, 0.000;
1.791,-2.467,-2.073,-2.513,-2.027,427.000,178.000,-2.322,0.000,0.000,0.000,200.000,200.000, 0.000, 0.000, 0.000, 0.000;
1.798,-2.467,-2.073,-2.513,-2.027,427.000,178.000,-2.322,0.000,0.000,0.000,200.000,200.000, 0.000, 0.000, 0.000, 0.000;
1.804,-2.467,-2.073,-2.513,-2.027,427.000,178.000,-2.322,0.000,0.000,0.000,200.000,200.000, 0.000, 0.000, 0.000, 0.000;
1.811,-2.467,-2.073,-2.513,-2.027,427.000,178.000,-2.322,0.000,0.000,0.000,200.000,200.000, 0.000, 0.000, 0.000, 0.000;
1.817,-2.467,-2.073,-2.513,-2.027,427.000,178.000,-2.322,0.000,0.000,0.000,200.000,200.000, 0.000, 0.000, 0.000, 0.000;
1.823,-2.467,-2.073,-2.513,-2.027,427.000,178.000,-2.322,0.000,0.000,0.000,200.000,200.000, 0.000, 0.000, 0.000, 0.000;
1.831,-2.467,-2.073,-2.513,-2.027,427.000,178.000,-2.322,0.000,0.000,0.000,200.000,200.000, 0.000, 0.000, 0.000, 0.000;
1.836,-2.467,-2.073,-2.513,-2.027,427.000,178.000,-2.322,0.000,0.000,0.000,200.000,200.000, 0.000, 0.000, 0.000, 0.000;
1.842,-2.467,-2.073,-2.513,-2.027,427.000,178.000,-2.322,0.000,0.000,0.000,200.000,200.000, 0.000, 0.000, 0.000, 0.000;
1.849,-2.467,-2.073,-2.513,-2.027,427.000,178.000,-2.322,0.000,0.000,0.000,200.000,200.000, 0.000, 0.000, 0.000, 0.000;
1.858,-2.467,-2.073,-2.513,-2.027,427.000,178.000,-2.322,0.000,0.000,0.000,200.000,200.000, 0.000, 0.000, 0.000, 0.000;
1.862,-2.467,-2.073,-2.513,-2.027,427.000,178.000,-2.322,0.000,0.000,0.000,200.000,200.000, 0.000, 0.000, 0.000, 0.000;
1.868,-2.467,-2.073,-2.513,-2.027,427.000,178.000,-2.322,0.000,0.000,0.000,200.000,200.000, 0.000, 0.000, 0.000, 0.000;
1.874,-2.467,-2.073,-2.513,-2.027,427.000,178.000,-2.322,0.000,0.000,0.000,200.000,200.000, 0.000, 0.000, 0.000, 0.000;
1.881,-2.467,-2.073,-2.513,-2.027,427.000,178.000,-2.322,0.000,0.000,0.000,200.000,200.000, 0.000, 0.000, 0.000, 0.000;
1.888,-2.467,-2.073,-2.513,-2.027,427.000,178.000,-2.322,0.000,0.000,0.000,200.000,200.000, 0.000, 0.000, 0.000, 0.000;
1.893,-2.467,-2.073,-2.513,-2.027,427.000,178.000,-2.322,0.000,0.000,0.000,200.000,200.000, 0.000, 0.000, 0.000, 0.000;
1.900,-2.467,-2.073,-2.513,-2.027,427.000,178.000,-2.322,0.000,0.000,0.000,200.000,200.000, 0.000, 0.000, 0.000, 0.000;
1.906,-2.467,-2.073,-2.513,-2.027,427.000,178.000,-2.322,0.000,0.000,0.000,200.000,200.000, 0.000, 0.000, 0.000, 0.000;
1.913,-2.467,-2.073,-2.513,-2.027,427.000,178.000,-2.322,0.000,0.000,0.000,200.000,200.000, 0.000, 0.000, 0.000, 0.000;
1.919,-2.467,-2.073,-2.513,-2.027,427.000,178.000,-2.322,0.000,0.000,0.000,200.000,200.000, 0.000, 0.000, 0.000, 0.000;
1.925,-2.467,-2.073,-2.513,-2.027,427.000,178.000,-2.322,0.000,0.000,0.000,200.000,200.000, 0.000, 0.000, 0.000, 0.000;
1.932,-2.467,-2.073,-2.513,-2.027,427.000,178.000,-2.322,0.000,0.000,0.000,200.000,200.000, 0.000, 0.000, 0.000, 0.000;
1.939,-2.467,-2.073,-2.513,-2.027,427.000,178.000,-2.322,0.000,0.000,0.000,200.000,200.000, 0.000, 0.000, 0.000, 0.000;
