0.000,0.000,0.000,0.000,0.000, 0.000, 0.000, 0.000,0.000,0.000,0.000, 0.000, 0.000, 0.000, 0.000, 0.000, 0.000;
0.007,-1.618,-2.062,-1.602,-2.078,384.000,223.000, 0.808,0.000,0.000,0.000,200.000,200.000, 0.000, 0.000, 0.000, 0.000;
0.013,-1.618,-2.062,-1.602,-2.078,384.000,223.000, 0.808,0.000,0.000,0.000,200.000,200.000, 0.000, 0.000, 0.000, 0.000;
0.019,-1.618,-2.062,-1.602,-2.078,384.000,223.000, 0.808,0.000,0.000,0.000,200.000,200.000, 0.000, 0.000, 0.000, 0.000;
0.025,-1.618,-2.062,-1.602,-2.078,384.000,223.000, 0.808,0.000,0.000,0.000,200.000,200.000, 0.000, 0.000, 0.000, 0.000;
0.032,-1.618,-2.062,-1.602,-2.078,384.000,223.000, 0.808,0.000,0.000,0.000,200.000,200.000, 0.000, 0.000, 0.000, 0.000;
0.038,-1.618,-2.062,-1.602,-2.078,384.000,223.000, 0.808,0.000,0.000,0.000,200.000,200.000, 0.000, 0.000, 0.000, 0.000;
0.045,-1.618,-2.062,-1.602,-2.078,384.000,223.000, 0.808,0.000,0.000,0.000,200.000,200.000, 0.000, 0.000, 0.000, 0.000;
0.051,-1.618,-2.062,-1.602,-2.078,384.000,223.000, 0.808,0.000,0.000,0.000,200.000,200.000, 0.000, 0.000, 0.000, 0.000;
0.057,-1.618,-2.062,-1.602,-2.078,384.000,223.000, 0.808,0.000,0.000,0.000,200.000,200.000, 0.000, 0.000, 0.000, 0.000;
0.064,-1.618,-2.062,-1.602,-2.078,384.000,223.000, 0.808,0.000,0.000,0.000,200.000,200.000, 0.000, 0.000, 0.000, 0.000;
0.071,-1.618,-2.062,-1.602,-2.078,384.000,223.000, 0.808,0.000,0.000,0.000,200.000,200.000, 0.000, 0.000, 0.000, 0.000;
0.080,-1.618,-2.062,-1.602,-2.078,384.000,223.000, 0.808,0.000,0.000,0.000,200.000,200.000, 0.000, 0.000, 0.000, 0.000;
0.084,-1.618,-2.062,-1.602,-2.078,384.000,223.000, 0.808,0.000,0.000,0.000,200.000,200.000, 0.000, 0.000, 0.000, 0.000;
0.089,-1.618,-2.062,-1.602,-2.078,384.000,223.000, 0.808,0.000,0.000,0.000,200.000,200.000, 0.000, 0.000, 0.000, 0.000;
0.096,-1.618,-2.062,-1.602,-2.078,384.000,223.000, 0.808,0.000,0.000,0.000,200.000,200.000, 0.000, 0.000, 0.000, 0.000;
0.106,-1.618,-2.062,-1.602,-2.078,384.000,223.000, 0.808,0.000,0.000,0.000,200.000,200.000, 0.000, 0.000, 0.000, 0.000;
0.110,-1.618,-2.062,-1.602,-2.078,384.000,223.000, 0.808,0.000,0.000,0.000,200.000,200.000, 0.000, 0.000, 0.000, 0.000;
0.121,-1.618,-2.062,-1.602,-2.078,384.000,223.000, 0.808,0.000,0.000,0.000,200.000,200.000, 0.000, 0.000, 0.000, 0.000;
0.127,-1.618,-2.062,-1.602,-2.078,384.000,223.000, 0.808,0.000,0.000,0.000,200.000,200.000, 0.000, 0.000, 0.000, 0.000;
0.130,-1.618,-2.062,-1.602,-2.078,384.000,223.000, 0.808,0.000,0.000,0.000,200.000,200.000, 0.000, 0.000, 0.000, 0.000;
0.134,-1.618,-2.062,-1.602,-2.078,384.000,223.000, 0.808,0.000,0.000,0.000,200.000,200.000, 0.000, 0.000, 0.000, 0.000;
0.141,-1.618,-2.062,-1.602,-2.078,384.000,223.000, 0.808,0.000,0.000,0.000,200.000,200.000, 0.000, 0.000, 0.000, 0.000;
0.148,-1.618,-2.062,-1.602,-2.078,384.000,223.000, 0.808,0.000,0.000,0.000,200.000,200.000, 0.000, 0.000, 0.000, 0.000;
0.154,-1.618,-2.062,-1.602,-2.078,384.000,223.000, 0.808,0.000,0.000,0.000,200.000,200.000, 0.000, 0.000, 0.000, 0.000;
0.164,-1.618,-2.062,-1.602,-2.078,384.000,223.000, 0.808,0.000,0.000,0.000,200.000,200.000, 0.000, 0.000, 0.000, 0.000;
0.169,-1.618,-2.062,-1.602,-2.078,384.000,223.000, 0.808,0.000,0.000,0.000,200.000,200.000, 0.000, 0.000, 0.000, 0.000;
0.175,-1.618,-2.062,-1.602,-2.078,384.000,223.000, 0.808,0.000,0.000,0.000,200.000,200.000, 0.000, 0.000, 0.000, 0.000;
0.180,-1.618,-2.062,-1.602,-2.078,384.000,223.000, 0.808,0.000,0.000,0.000,200.000,200.000, 0.000, 0.000, 0.000, 0.000;
0.185,-1.618,-2.062,-1.602,-2.078,384.000,223.000, 0.808,0.000,0.000,0.000,200.000,200.000, 0.000, 0.000, 0.000, 0.000;
0.191,-1.618,-2.062,-1.602,-2.078,384.000,223.000, 0.808,0.000,0.000,0.000,200.000,200.000, 0.000, 0.000, 0.000, 0.000;
0.204,-1.618,-2.062,-1.602,-2.078,384.000,223.000, 0.808,0.000,0.000,0.000,200.000,200.000, 0.000, 0.000, 0.000, 0.000;
0.208,-1.618,-2.062,-1.602,-2.078,384.000,223.000, 0.808,0.000,0.000,0.000,200.000,200.000, 0.000, 0.000, 0.000, 0.000;
0.217,-1.618,-2.062,-1.602,-2.078,384.000,223.000, 0.808,0.000,0.000,0.000,200.000,200.000, 0.000, 0.000, 0.000, 0.000;
0.225,-1.618,-2.062,-1.602,-2.078,384.000,223.000, 0.808,0.000,0.000,0.000,200.000,200.000, 0.000, 0.000, 0.000, 0.000;
0.232,-1.618,-2.062,-1.602,-2.078,384.000,223.000, 0.808,0.000,0.000,0.000,200.000,200.000, 0.000, 0.000, 0.000, 0.000;
0.235,-1.618,-2.062,-1.602,-2.078,384.000,223.000, 0.808,0.000,0.000,0.000,200.000,200.000, 0.000, 0.000, 0.000, 0.000;
0.247,-1.618,-2.062,-1.602,-2.078,384.000,223.000, 0.808,0.000,0.000,0.000,200.000,200.000, 0.000, 0.000, 0.000, 0.000;
0.253,-1.618,-2.062,-1.602,-2.078,384.000,223.000, 0.808,0.000,0.000,0.000,200.000,200.000, 0.000, 0.000, 0.000, 0.000;
0.262,-1.618,-2.062,-1.602,-2.078,384.000,223.000, 0.808,0.000,0.000,0.000,200.000,200.000, 0.000, 0.000, 0.000, 0.000;
0.268,-1.618,-2.062,-1.602,-2.078,384.000,223.000, 0.808,0.000,0.000,0.000,200.000,200.000, 0.000, 0.000, 0.000, 0.000;
0.272,-1.618,-2.062,-1.602,-2.078,384.000,223.000, 0.808,0.000,0.000,0.000,200.000,200.000, 0.000, 0.000, 0.000, 0.000;
0.275,-1.618,-2.062,-1.602,-2.078,384.000,223.000, 0.808,0.000,0.000,0.000,200.000,200.000, 0.000, 0.000, 0.000, 0.000;
0.279,-1.618,-2.062,-1.602,-2.078,384.000,223.000, 0.808,0.000,0.000,0.000,200.000,200.000, 0.000, 0.000, 0.000, 0.000;
0.289,-1.618,-2.062,-1.602,-2.078,384.000,223.000, 0.808,0.000,0.000,0.000,200.000,200.000, 0.000, 0.000, 0.000, 0.000;
0.295,-1.618,-2.062,-1.602,-2.078,384.000,223.000, 0.808,0.000,0.000,0.000,200.000,200.000, 0.000, 0.000, 0.000, 0.000;
0.300,-1.618,-2.062,-1.602,-2.078,384.000,223.000, 0.808,0.000,0.000,0.000,200.000,200.000, 0.000, 0.000, 0.000, 0.000;
0.304,-1.618,-2.062,-1.602,-2.078,384.000,223.000, 0.808,0.000,0.000,0.000,200.000,200.000, 0.000, 0.000, 0.000, 0.000;
0.311,-1.618,-2.062,-1.602,-2.078,384.000,223.000, 0.808,0.000,0.000,0.000,200.000,200.000, 0.000, 0.000, 0.000, 0.000;
0.317,-1.618,-2.062,-1.602,-2.078,384.000,223.000, 0.808,0.000,0.000,0.000,200.000,200.000, 0.000, 0.000, 0.000, 0.000;
0.323,-1.618,-2.062,-1.602,-2.078,384.000,223.000, 0.808,0.000,0.000,0.000,200.000,200.000, 0.000, 0.000, 0.000, 0.000;
0.332,-1.618,-2.062,-1.602,-2.078,384.000,223.000, 0.808,0.000,0.000,0.000,200.000,200.000, 0.000, 0.000, 0.000, 0.000;
0.338,-1.618,-2.062,-1.602,-2.078,384.000,223.000, 0.808,0.000,0.000,0.000,200.000,200.000, 0.000, 0.000, 0.000, 0.000;
0.348,-1.618,-2.062,-1.602,-2.078,384.000,223.000, 0.808,0.000,0.000,0.000,200.000,200.000, 0.000, 0.000, 0.000, 0.000;
0.354,-1.618,-2.062,-1.602,-2.078,384.000,223.000, 0.808,0.000,0.000,0.000,200.000,200.000, 0.000, 0.000, 0.000, 0.000;
0.359,-1.618,-2.062,-1.602,-2.078,384.000,223.000, 0.808,0.000,0.000,0.000,200.000,200.000, 0.000, 0.000, 0.000, 0.000;
0.365,-1.618,-2.062,-1.602,-2.078,384.000,223.000, 0.808,0.000,0.000,0.000,200.000,200.000, 0.000, 0.000, 0.000, 0.000;
0.372,-1.618,-2.062,-1.602,-2.078,384.000,223.000, 0.808,0.000,0.000,0.000,200.000,200.000, 0.000, 0.000, 0.000, 0.000;
0.382,-1.618,-2.062,-1.602,-2.078,384.000,223.000, 0.808,0.000,0.000,0.000,200.000,200.000, 0.000, 0.000, 0.000, 0.000;
0.392,-1.618,-2.062,-1.602,-2.078,384.000,223.000, 0.808,0.000,0.000,0.000,200.000,200.000, 0.000, 0.000, 0.000, 0.000;
0.405,-1.618,-2.062,-1.602,-2.078,384.000,223.000, 0.808,0.000,0.000,0.000,200.000,200.000, 0.000, 0.000, 0.000, 0.000;
0.418,-1.618,-2.062,-1.602,-2.078,384.000,223.000, 0.808,0.000,0.000,0.000,200.000,200.000, 0.000, 0.000, 0.000, 0.000;
0.426,-1.618,-2.062,-1.602,-2.078,384.000,223.000, 0.808,0.000,0.000,0.000,200.000,200.000, 0.000, 0.000, 0.000, 0.000;
0.431,-1.618,-2.062,-1.602,-2.078,384.000,223.000, 0.808,0.000,0.000,0.000,200.000,200.000, 0.000, 0.000, 0.000, 0.000;
0.444,-1.618,-2.062,-1.602,-2.078,384.000,223.000, 0.808,0.000,0.000,0.000,200.000,200.000, 0.000, 0.000, 0.000, 0.000;
0.448,-1.618,-2.062,-1.602,-2.078,384.000,223.000, 0.808,0.000,0.000,0.000,200.000,200.000, 0.000, 0.000, 0.000, 0.000;
0.451,-1.618,-2.062,-1.602,-2.078,384.000,223.000, 0.808,0.000,0.000,0.000,200.000,200.000, 0.000, 0.000, 0.000, 0.000;
0.455,-1.618,-2.062,-1.602,-2.078,384.000,223.000, 0.808,0.000,0.000,0.000,200.000,200.000, 0.000, 0.000, 0.000, 0.000;
0.459,-1.618,-2.062,-1.602,-2.078,384.000,223.000, 0.808,0.000,0.000,0.000,200.000,200.000, 0.000, 0.000, 0.000, 0.000;
0.462,-1.618,-2.062,-1.602,-2.078,384.000,223.000, 0.808,0.000,0.000,0.000,200.000,200.000, 0.000, 0.000, 0.000, 0.000;
0.466,-1.618,-2.062,-1.602,-2.078,384.000,223.000, 0.808,0.000,0.000,0.000,200.000,200.000, 0.000, 0.000, 0.000, 0.000;
0.470,-1.618,-2.062,-1.602,-2.078,384.000,223.000, 0.808,0.000,0.000,0.000,200.000,200.000, 0.000, 0.000, 0.000, 0.000;
0.474,-1.618,-2.062,-1.602,-2.078,384.000,223.000, 0.808,0.000,0.000,0.000,200.000,200.000, 0.000, 0.000, 0.000, 0.000;
0.480,-1.618,-2.062,-1.602,-2.078,384.000,223.000, 0.808,0.000,0.000,0.000,200.000,200.000, 0.000, 0.000, 0.000, 0.000;
0.483,-1.618,-2.062,-1.602,-2.078,384.000,223.000, 0.808,0.000,0.000,0.000,200.000,200.000, 0.000, 0.000, 0.000, 0.000;
0.488,-1.618,-2.062,-1.602,-2.078,384.000,223.000, 0.808,0.000,0.000,0.000,200.000,200.000, 0.000, 0.000, 0.000, 0.000;
0.494,-1.618,-2.062,-1.602,-2.078,384.000,223.000, 0.808,0.000,0.000,0.000,200.000,200.000, 0.000, 0.000, 0.000, 0.000;
0.501,-1.618,-2.062,-1.602,-2.078,384.000,223.000, 0.808,0.000,0.000,0.000,200.000,200.000, 0.000, 0.000, 0.000, 0.000;
0.507,-1.618,-2.062,-1.602,-2.078,384.000,223.000, 0.808,0.000,0.000,0.000,200.000,200.000, 0.000, 0.000, 0.000, 0.000;
0.513,-1.618,-2.062,-1.602,-2.078,384.000,223.000, 0.808,0.000,0.000,0.000,200.000,200.000, 0.000, 0.000, 0.000, 0.000;
0.520,-1.618,-2.062,-1.602,-2.078,384.000,223.000, 0.808,0.000,0.000,0.000,200.000,200.000, 0.000, 0.000, 0.000, 0.000;
0.526,-1.618,-2.062,-1.602,-2.078,384.000,223.000, 0.808,0.000,0.000,0.000,200.000,200.000, 0.000, 0.000, 0.000, 0.000;
0.533,-1.618,-2.062,-1.602,-2.078,384.000,223.000, 0.808,0.000,0.000,0.000,200.000,200.000, 0.000, 0.000, 0.000, 0.000;
0.539,-1.618,-2.062,-1.602,-2.078,384.000,223.000, 0.808,0.000,0.000,0.000,200.000,200.000, 0.000, 0.000, 0.000, 0.000;
0.545,-1.618,-2.062,-1.602,-2.078,384.000,223.000, 0.808,0.000,0.000,0.000,200.000,200.000, 0.000, 0.000, 0.000, 0.000;
0.552,-1.618,-2.062,-1.602,-2.078,384.000,223.000, 0.808,0.000,0.000,0.000,200.000,200.000, 0.000, 0.000, 0.000, 0.000;
0.558,-1.618,-2.062,-1.602,-2.078,384.000,223.000, 0.808,0.000,0.000,0.000,200.000,200.000, 0.000, 0.000, 0.000, 0.000;
0.564,-1.618,-2.062,-1.602,-2.078,384.000,223.000, 0.808,0.000,0.000,0.000,200.000,200.000, 0.000, 0.000, 0.000, 0.000;
0.571,-1.618,-2.062,-1.602,-2.078,384.000,223.000, 0.808,0.000,0.000,0.000,200.000,200.000, 0.000, 0.000, 0.000, 0.000;
0.577,-1.618,-2.062,-1.602,-2.078,384.000,223.000, 0.808,0.000,0.000,0.000,200.000,200.000, 0.000, 0.000, 0.000, 0.000;
0.583,-1.618,-2.062,-1.602,-2.078,384.000,223.000, 0.808,0.000,0.000,0.000,200.000,200.000, 0.000, 0.000, 0.000, 0.000;
0.590,-1.618,-2.062,-1.602,-2.078,384.000,223.000, 0.808,0.000,0.000,0.000,200.000,200.000, 0.000, 0.000, 0.000, 0.000;
0.596,-1.618,-2.062,-1.602,-2.078,384.000,223.000, 0.808,0.000,0.000,0.000,200.000,200.000, 0.000, 0.000, 0.000, 0.000;
0.603,-1.618,-2.062,-1.602,-2.078,384.000,223.000, 0.808,0.000,0.000,0.000,200.000,200.000, 0.000, 0.000, 0.000, 0.000;
0.609,-1.618,-2.062,-1.602,-2.078,384.000,223.000, 0.808,0.000,0.000,0.000,200.000,200.000, 0.000, 0.000, 0.000, 0.000;
0.616,-1.618,-2.062,-1.602,-2.078,384.000,223.000, 0.808,0.000,0.000,0.000,200.000,200.000, 0.000, 0.000, 0.000, 0.000;
0.622,-1.618,-2.062,-1.602,-2.078,384.000,223.000, 0.808,0.000,0.000,0.000,200.000,200.000, 0.000, 0.000, 0.000, 0.000;
0.628,-1.618,-2.062,-1.602,-2.078,384.000,223.000, 0.808,0.000,0.000,0.000,200.000,200.000, 0.000, 0.000, 0.000, 0.000;
0.635,-1.618,-2.062,-1.602,-2.078,384.000,223.000, 0.808,0.000,0.000,0.000,200.000,200.000, 0.000, 0.000, 0.000, 0.000;
0.641,-1.618,-2.062,-1.602,-2.078,384.000,223.000, 0.808,0.000,0.000,0.000,200.000,200.000, 0.000, 0.000, 0.000, 0.000;
0.647,-1.618,-2.062,-1.602,-2.078,384.000,223.000, 0.808,0.000,0.000,0.000,200.000,200.000, 0.000, 0.000, 0.000, 0.000;
0.654,-1.618,-2.062,-1.602,-2.078,384.000,223.000, 0.808,0.000,0.000,0.000,200.000,200.000, 0.000, 0.000, 0.000, 0.000;
0.666,-1.618,-2.062,-1.602,-2.078,384.000,223.000, 0.808,0.000,0.000,0.000,200.000,200.000, 0.000, 0.000, 0.000, 0.000;
0.671,-1.618,-2.062,-1.602,-2.078,384.000,223.000, 0.808,0.000,0.000,0.000,200.000,200.000, 0.000, 0.000, 0.000, 0.000;
0.676,-1.618,-2.062,-1.602,-2.078,384.000,223.000, 0.808,0.000,0.000,0.000,200.000,200.000, 0.000, 0.000, 0.000, 0.000;
0.681,-1.618,-2.062,-1.602,-2.078,384.000,223.000, 0.808,0.000,0.000,0.000,200.000,200.000, 0.000, 0.000, 0.000, 0.000;
0.685,-1.618,-2.062,-1.602,-2.078,384.000,223.000, 0.808,0.000,0.000,0.000,200.000,200.000, 0.000, 0.000, 0.000, 0.000;
0.692,-1.618,-2.062,-1.602,-2.078,384.000,223.000, 0.808,0.000,0.000,0.000,200.000,200.000, 0.000, 0.000, 0.000, 0.000;
0.698,-1.618,-2.062,-1.602,-2.078,384.000,223.000, 0.808,0.000,0.000,0.000,200.000,200.000, 0.000, 0.000, 0.000, 0.000;
0.705,-1.618,-2.062,-1.602,-2.078,384.000,223.000, 0.808,0.000,0.000,0.000,200.000,200.000, 0.000, 0.000, 0.000, 0.000;
0.711,-1.618,-2.062,-1.602,-2.078,384.000,223.000, 0.808,0.000,0.000,0.000,200.000,200.000, 0.000, 0.000, 0.000, 0.000;
0.718,-1.618,-2.062,-1.602,-2.078,384.000,223.000, 0.808,0.000,0.000,0.000,200.000,200.000, 0.000, 0.000, 0.000, 0.000;
0.726,-1.618,-2.062,-1.602,-2.078,384.000,223.000, 0.808,0.000,0.000,0.000,200.000,200.000, 0.000, 0.000, 0.000, 0.000;
0.731,-1.618,-2.062,-1.602,-2.078,384.000,223.000, 0.808,0.000,0.000,0.000,200.000,200.000, 0.000, 0.000, 0.000, 0.000;
0.737,-1.618,-2.062,-1.602,-2.078,384.000,223.000, 0.808,0.000,0.000,0.000,200.000,200.000, 0.000, 0.000, 0.000, 0.000;
0.743,-1.618,-2.062,-1.602,-2.078,384.000,223.000, 0.808,0.000,0.000,0.000,200.000,200.000, 0.000, 0.000, 0.000, 0.000;
0.749,-1.618,-2.062,-1.602,-2.078,384.000,223.000, 0.808,0.000,0.000,0.000,200.000,200.000, 0.000, 0.000, 0.000, 0.000;
0.756,-1.618,-2.062,-1.602,-2.078,384.000,223.000, 0.808,0.000,0.000,0.000,200.000,200.000, 0.000, 0.000, 0.000, 0.000;
0.764,-1.618,-2.062,-1.602,-2.078,384.000,223.000, 0.808,0.000,0.000,0.000,200.000,200.000, 0.000, 0.000, 0.000, 0.000;
0.769,-1.618,-2.062,-1.602,-2.078,384.000,223.000, 0.808,0.000,0.000,0.000,200.000,200.000, 0.000, 0.000, 0.000, 0.000;
0.775,-1.618,-2.062,-1.602,-2.078,384.000,223.000, 0.808,0.000,0.000,0.000,200.000,200.000, 0.000, 0.000, 0.000, 0.000;
0.782,-1.618,-2.062,-1.602,-2.078,384.000,223.000, 0.808,0.000,0.000,0.000,200.000,200.000, 0.000, 0.000, 0.000, 0.000;
0.787,-1.618,-2.062,-1.602,-2.078,384.000,223.000, 0.808,0.000,0.000,0.000,200.000,200.000, 0.000, 0.000, 0.000, 0.000;
0.794,-1.618,-2.062,-1.602,-2.078,384.000,223.000, 0.808,0.000,0.000,0.000,200.000,200.000, 0.000, 0.000, 0.000, 0.000;
0.802,-1.618,-2.062,-1.602,-2.078,384.000,223.000, 0.808,0.000,0.000,0.000,200.000,200.000, 0.000, 0.000, 0.000, 0.000;
0.807,-1.618,-2.062,-1.602,-2.078,384.000,223.000, 0.808,0.000,0.000,0.000,200.000,200.000, 0.000, 0.000, 0.000, 0.000;
0.814,-1.618,-2.062,-1.602,-2.078,384.000,223.000, 0.808,0.000,0.000,0.000,200.000,200.000, 0.000, 0.000, 0.000, 0.000;
0.819,-1.618,-2.062,-1.602,-2.078,384.000,223.000, 0.808,0.000,0.000,0.000,200.000,200.000, 0.000, 0.000, 0.000, 0.000;
0.826,-1.618,-2.062,-1.602,-2.078,384.000,223.000, 0.808,0.000,0.000,0.000,200.000,200.000, 0.000, 0.000, 0.000, 0.000;
0.832,-1.618,-2.062,-1.602,-2.078,384.000,223.000, 0.808,0.000,0.000,0.000,200.000,200.000, 0.000, 0.000, 0.000, 0.000;
0.842,-1.618,-2.062,-1.602,-2.078,384.000,223.000, 0.808,0.000,0.000,0.000,200.000,200.000, 0.000, 0.000, 0.000, 0.000;
0.846,-1.618,-2.062,-1.602,-2.078,384.000,223.000, 0.808,0.000,0.000,0.000,200.000,200.000, 0.000, 0.000, 0.000, 0.000;
0.852,-1.618,-2.062,-1.602,-2.078,384.000,223.000, 0.808,0.000,0.000,0.000,200.000,200.000, 0.000, 0.000, 0.000, 0.000;
0.858,-1.618,-2.062,-1.602,-2.078,384.000,223.000, 0.808,0.000,0.000,0.000,200.000,200.000, 0.000, 0.000, 0.000, 0.000;
0.864,-1.618,-2.062,-1.602,-2.078,384.000,223.000, 0.808,0.000,0.000,0.000,200.000,200.000, 0.000, 0.000, 0.000, 0.000;
0.870,-1.618,-2.062,-1.602,-2.078,384.000,223.000, 0.808,0.000,0.000,0.000,200.000,200.000, 0.000, 0.000, 0.000, 0.000;
0.883,-1.618,-2.062,-1.602,-2.078,384.000,223.000, 0.808,0.000,0.000,0.000,200.000,200.000, 0.000, 0.000, 0.000, 0.000;
0.892,-1.618,-2.062,-1.602,-2.078,384.000,223.000, 0.808,0.000,0.000,0.000,200.000,200.000, 0.000, 0.000, 0.000, 0.000;
0.896,-1.618,-2.062,-1.602,-2.078,384.000,223.000, 0.808,0.000,0.000,0.000,200.000,200.000, 0.000, 0.000, 0.000, 0.000;
0.900,-1.618,-2.062,-1.602,-2.078,384.000,223.000, 0.808,0.000,0.000,0.000,200.000,200.000, 0.000, 0.000, 0.000, 0.000;
0.904,-1.618,-2.062,-1.602,-2.078,384.000,223.000, 0.808,0.000,0.000,0.000,200.000,200.000, 0.000, 0.000, 0.000, 0.000;
0.909,-1.618,-2.062,-1.602,-2.078,384.000,223.000, 0.808,0.000,0.000,0.000,200.000,200.000, 0.000, 0.000, 0.000, 0.000;
0.917,-1.618,-2.062,-1.602,-2.078,384.000,223.000, 0.808,0.000,0.000,0.000,200.000,200.000, 0.000, 0.000, 0.000, 0.000;
0.922,-1.618,-2.062,-1.602,-2.078,384.000,223.000, 0.808,0.000,0.000,0.000,200.000,200.000, 0.000, 0.000, 0.000, 0.000;
0.928,-1.618,-2.062,-1.602,-2.078,384.000,223.000, 0.808,0.000,0.000,0.000,200.000,200.000, 0.000, 0.000, 0.000, 0.000;
0.934,-1.618,-2.062,-1.602,-2.078,384.000,223.000, 0.808,0.000,0.000,0.000,200.000,200.000, 0.000, 0.000, 0.000, 0.000;
0.941,-1.618,-2.062,-1.602,-2.078,384.000,223.000, 0.808,0.000,0.000,0.000,200.000,200.000, 0.000, 0.000, 0.000, 0.000;
0.949,-1.618,-2.062,-1.602,-2.078,384.000,223.000, 0.808,0.000,0.000,0.000,200.000,200.000, 0.000, 0.000, 0.000, 0.000;
0.954,-1.618,-2.062,-1.602,-2.078,384.000,223.000, 0.808,0.000,0.000,0.000,200.000,200.000, 0.000, 0.000, 0.000, 0.000;
0.960,-1.618,-2.062,-1.602,-2.078,384.000,223.000, 0.808,0.000,0.000,0.000,200.000,200.000, 0.000, 0.000, 0.000, 0.000;
0.966,-1.618,-2.062,-1.602,-2.078,384.000,223.000, 0.808,0.000,0.000,0.000,200.000,200.000, 0.000, 0.000, 0.000, 0.000;
0.973,-1.618,-2.062,-1.602,-2.078,384.000,223.000, 0.808,0.000,0.000,0.000,200.000,200.000, 0.000, 0.000, 0.000, 0.000;
0.979,-1.618,-2.062,-1.602,-2.078,384.000,223.000, 0.808,0.000,0.000,0.000,200.000,200.000, 0.000, 0.000, 0.000, 0.000;
0.985,-1.618,-2.062,-1.602,-2.078,384.000,223.000, 0.808,0.000,0.000,0.000,200.000,200.000, 0.000, 0.000, 0.000, 0.000;
0.993,-1.618,-2.062,-1.602,-2.078,384.000,223.000, 0.808,0.000,0.000,0.000,200.000,200.000, 0.000, 0.000, 0.000, 0.000;
1.002,-1.618,-2.062,-1.602,-2.078,384.000,223.000, 0.808,0.000,0.000,0.000,200.000,200.000, 0.000, 0.000, 0.000, 0.000;
1.006,-1.618,-2.062,-1.602,-2.078,384.000,223.000, 0.808,0.000,0.000,0.000,200.000,200.000, 0.000, 0.000, 0.000, 0.000;
1.011,-1.618,-2.062,-1.602,-2.078,384.000,223.000, 0.808,0.000,0.000,0.000,200.000,200.000, 0.000, 0.000, 0.000, 0.000;
1.018,-1.618,-2.062,-1.602,-2.078,384.000,223.000, 0.808,0.000,0.000,0.000,200.000,200.000, 0.000, 0.000, 0.000, 0.000;
1.024,-1.618,-2.062,-1.602,-2.078,384.000,223.000, 0.808,0.000,0.000,0.000,200.000,200.000, 0.000, 0.000, 0.000, 0.000;
1.030,-1.618,-2.062,-1.602,-2.078,384.000,223.000, 0.808,0.000,0.000,0.000,200.000,200.000, 0.000, 0.000, 0.000, 0.000;
1.037,-1.618,-2.062,-1.602,-2.078,384.000,223.000, 0.808,0.000,0.000,0.000,200.000,200.000, 0.000, 0.000, 0.000, 0.000;
1.045,-1.618,-2.062,-1.602,-2.078,384.000,223.000, 0.808,0.000,0.000,0.000,200.000,200.000, 0.000, 0.000, 0.000, 0.000;
1.049,-1.618,-2.062,-1.602,-2.078,384.000,223.000, 0.808,0.000,0.000,0.000,200.000,200.000, 0.000, 0.000, 0.000, 0.000;
1.055,-1.618,-2.062,-1.602,-2.078,384.000,223.000, 0.808,0.000,0.000,0.000,200.000,200.000, 0.000, 0.000, 0.000, 0.000;
1.062,-1.618,-2.062,-1.602,-2.078,384.000,223.000, 0.808,0.000,0.000,0.000,200.000,200.000, 0.000, 0.000, 0.000, 0.000;
1.068,-1.618,-2.062,-1.602,-2.078,384.000,223.000, 0.808,0.000,0.000,0.000,200.000,200.000, 0.000, 0.000, 0.000, 0.000;
1.076,-1.618,-2.062,-1.602,-2.078,384.000,223.000, 0.808,0.000,0.000,0.000,200.000,200.000, 0.000, 0.000, 0.000, 0.000;
1.081,-1.618,-2.062,-1.602,-2.078,384.000,223.000, 0.808,0.000,0.000,0.000,200.000,200.000, 0.000, 0.000, 0.000, 0.000;
1.088,-1.618,-2.062,-1.602,-2.078,384.000,223.000, 0.808,0.000,0.000,0.000,200.000,200.000, 0.000, 0.000, 0.000, 0.000;
1.094,-1.618,-2.062,-1.602,-2.078,384.000,223.000, 0.808,0.000,0.000,0.000,200.000,200.000, 0.000, 0.000, 0.000, 0.000;
1.100,-1.618,-2.062,-1.602,-2.078,384.000,223.000, 0.808,0.000,0.000,0.000,200.000,200.000, 0.000, 0.000, 0.000, 0.000;
1.110,-1.618,-2.062,-1.602,-2.078,384.000,223.000, 0.808,0.000,0.000,0.000,200.000,200.000, 0.000, 0.000, 0.000, 0.000;
1.115,-1.618,-2.062,-1.602,-2.078,384.000,223.000, 0.808,0.000,0.000,0.000,200.000,200.000, 0.000, 0.000, 0.000, 0.000;
1.120,-1.618,-2.062,-1.602,-2.078,384.000,223.000, 0.808,0.000,0.000,0.000,200.000,200.000, 0.000, 0.000, 0.000, 0.000;
1.126,-1.618,-2.062,-1.602,-2.078,384.000,223.000, 0.808,0.000,0.000,0.000,200.000,200.000, 0.000, 0.000, 0.000, 0.000;
1.132,-1.618,-2.062,-1.602,-2.078,384.000,223.000, 0.808,0.000,0.000,0.000,200.000,200.000, 0.000, 0.000, 0.000, 0.000;
1.138,-1.618,-2.062,-1.602,-2.078,384.000,223.000, 0.808,0.000,0.000,0.000,200.000,200.000, 0.000, 0.000, 0.000, 0.000;
1.145,-1.618,-2.062,-1.602,-2.078,384.000,223.000, 0.808,0.000,0.000,0.000,200.000,200.000, 0.000, 0.000, 0.000, 0.000;
1.151,-1.618,-2.062,-1.602,-2.078,384.000,223.000, 0.808,0.000,0.000,0.000,200.000,200.000, 0.000, 0.000, 0.000, 0.000;
1.158,-1.618,-2.062,-1.602,-2.078,384.000,223.000, 0.808,0.000,0.000,0.000,200.000,200.000, 0.000, 0.000, 0.000, 0.000;
1.165,-1.618,-2.062,-1.602,-2.078,384.000,223.000, 0.808,0.000,0.000,0.000,200.000,200.000, 0.000, 0.000, 0.000, 0.000;
1.172,-1.618,-2.062,-1.602,-2.078,384.000,223.000, 0.808,0.000,0.000,0.000,200.000,200.000, 0.000, 0.000, 0.000, 0.000;
1.176,-1.618,-2.062,-1.602,-2.078,384.000,223.000, 0.808,0.000,0.000,0.000,200.000,200.000, 0.000, 0.000, 0.000, 0.000;
1.183,-1.618,-2.062,-1.602,-2.078,384.000,223.000, 0.808,0.000,0.000,0.000,200.000,200.000, 0.000, 0.000, 0.000, 0.000;
1.193,-1.618,-2.062,-1.602,-2.078,384.000,223.000, 0.808,0.000,0.000,0.000,200.000,200.000, 0.000, 0.000, 0.000, 0.000;
1.196,-1.618,-2.062,-1.602,-2.078,384.000,223.000, 0.808,0.000,0.000,0.000,200.000,200.000, 0.000, 0.000, 0.000, 0.000;
1.202,-1.618,-2.062,-1.602,-2.078,384.000,223.000, 0.808,0.000,0.000,0.000,200.000,200.000, 0.000, 0.000, 0.000, 0.000;
1.208,-1.618,-2.062,-1.602,-2.078,384.000,223.000, 0.808,0.000,0.000,0.000,200.000,200.000, 0.000, 0.000, 0.000, 0.000;
1.215,-1.618,-2.062,-1.602,-2.078,384.000,223.000, 0.808,0.000,0.000,0.000,200.000,200.000, 0.000, 0.000, 0.000, 0.000;
1.223,-1.618,-2.062,-1.602,-2.078,384.000,223.000, 0.808,0.000,0.000,0.000,200.000,200.000, 0.000, 0.000, 0.000, 0.000;
1.227,-1.618,-2.062,-1.602,-2.078,384.000,223.000, 0.808,0.000,0.000,0.000,200.000,200.000, 0.000, 0.000, 0.000, 0.000;
1.234,-1.618,-2.062,-1.602,-2.078,384.000,223.000, 0.808,0.000,0.000,0.000,200.000,200.000, 0.000, 0.000, 0.000, 0.000;
1.240,-1.618,-2.062,-1.602,-2.078,384.000,223.000, 0.808,0.000,0.000,0.000,200.000,200.000, 0.000, 0.000, 0.000, 0.000;
1.247,-1.618,-2.062,-1.602,-2.078,384.000,223.000, 0.808,0.000,0.000,0.000,200.000,200.000, 0.000, 0.000, 0.000, 0.000;
1.253,-1.618,-2.062,-1.602,-2.078,384.000,223.000, 0.808,0.000,0.000,0.000,200.000,200.000, 0.000, 0.000, 0.000, 0.000;
1.259,-1.618,-2.062,-1.602,-2.078,384.000,223.000, 0.808,0.000,0.000,0.000,200.000,200.000, 0.000, 0.000, 0.000, 0.000;
1.266,-1.618,-2.062,-1.602,-2.078,384.000,223.000, 0.808,0.000,0.000,0.000,200.000,200.000, 0.000, 0.000, 0.000, 0.000;
1.272,-1.618,-2.062,-1.602,-2.078,384.000,223.000, 0.808,0.000,0.000,0.000,200.000,200.000, 0.000, 0.000, 0.000, 0.000;
1.282,-1.618,-2.062,-1.602,-2.078,384.000,223.000, 0.808,0.000,0.000,0.000,200.000,200.000, 0.000, 0.000, 0.000, 0.000;
1.285,-1.618,-2.062,-1.602,-2.078,384.000,223.000, 0.808,0.000,0.000,0.000,200.000,200.000, 0.000, 0.000, 0.000, 0.000;
1.291,-1.618,-2.062,-1.602,-2.078,384.000,223.000, 0.808,0.000,0.000,0.000,200.000,200.000, 0.000, 0.000, 0.000, 0.000;
1.298,-1.618,-2.062,-1.602,-2.078,384.000,223.000, 0.808,0.000,0.000,0.000,200.000,200.000, 0.000, 0.000, 0.000, 0.000;
1.304,-1.618,-2.062,-1.602,-2.078,384.000,223.000, 0.808,0.000,0.000,0.000,200.000,200.000, 0.000, 0.000, 0.000, 0.000;
1.316,-1.618,-2.062,-1.602,-2.078,384.000,223.000, 0.808,0.000,0.000,0.000,200.000,200.000, 0.000, 0.000, 0.000, 0.000;
1.319,-1.618,-2.062,-1.602,-2.078,384.000,223.000, 0.808,0.000,0.000,0.000,200.000,200.000, 0.000, 0.000, 0.000, 0.000;
1.324,-1.618,-2.062,-1.602,-2.078,384.000,223.000, 0.808,0.000,0.000,0.000,200.000,200.000, 0.000, 0.000, 0.000, 0.000;
1.330,-1.618,-2.062,-1.602,-2.078,384.000,223.000, 0.808,0.000,0.000,0.000,200.000,200.000, 0.000, 0.000, 0.000, 0.000;
1.336,-1.618,-2.062,-1.602,-2.078,384.000,223.000, 0.808,0.000,0.000,0.000,200.000,200.000, 0.000, 0.000, 0.000, 0.000;
1.342,-1.618,-2.062,-1.602,-2.078,384.000,223.000, 0.808,0.000,0.000,0.000,200.000,200.000, 0.000, 0.000, 0.000, 0.000;
1.349,-1.618,-2.062,-1.602,-2.078,384.000,223.000, 0.808,0.000,0.000,0.000,200.000,200.000, 0.000, 0.000, 0.000, 0.000;
1.355,-1.618,-2.062,-1.602,-2.078,384.000,223.000, 0.808,0.000,0.000,0.000,200.000,200.000, 0.000, 0.000, 0.000, 0.000;
1.362,-1.618,-2.062,-1.602,-2.078,384.000,223.000, 0.808,0.000,0.000,0.000,200.000,200.000, 0.000, 0.000, 0.000, 0.000;
1.370,-1.618,-2.062,-1.602,-2.078,384.000,223.000, 0.808,0.000,0.000,0.000,200.000,200.000, 0.000, 0.000, 0.000, 0.000;
1.375,-1.618,-2.062,-1.602,-2.078,384.000,223.000, 0.808,0.000,0.000,0.000,200.000,200.000, 0.000, 0.000, 0.000, 0.000;
1.380,-1.618,-2.062,-1.602,-2.078,384.000,223.000, 0.808,0.000,0.000,0.000,200.000,200.000, 0.000, 0.000, 0.000, 0.000;
1.387,-1.618,-2.062,-1.602,-2.078,384.000,223.000, 0.808,0.000,0.000,0.000,200.000,200.000, 0.000, 0.000, 0.000, 0.000;
1.393,-1.618,-2.062,-1.602,-2.078,384.000,223.000, 0.808,0.000,0.000,0.000,200.000,200.000, 0.000, 0.000, 0.000, 0.000;
1.400,-1.618,-2.062,-1.602,-2.078,384.000,223.000, 0.808,0.000,0.000,0.000,200.000,200.000, 0.000, 0.000, 0.000, 0.000;
1.406,-1.618,-2.062,-1.602,-2.078,384.000,223.000, 0.808,0.000,0.000,0.000,200.000,200.000, 0.000, 0.000, 0.000, 0.000;
1.425,-1.618,-2.062,-1.602,-2.078,384.000,223.000, 0.808,0.000,0.000,0.000,200.000,200.000, 0.000, 0.000, 0.000, 0.000;
1.429,-1.618,-2.062,-1.602,-2.078,384.000,223.000, 0.808,0.000,0.000,0.000,200.000,200.000, 0.000, 0.000, 0.000, 0.000;
1.433,-1.618,-2.062,-1.602,-2.078,384.000,223.000, 0.808,0.000,0.000,0.000,200.000,200.000, 0.000, 0.000, 0.000, 0.000;
1.437,-1.618,-2.062,-1.602,-2.078,384.000,223.000, 0.808,0.000,0.000,0.000,200.000,200.000, 0.000, 0.000, 0.000, 0.000;
1.441,-1.618,-2.062,-1.602,-2.078,384.000,223.000, 0.808,0.000,0.000,0.000,200.000,200.000, 0.000, 0.000, 0.000, 0.000;
1.445,-1.618,-2.062,-1.602,-2.078,384.000,223.000, 0.808,0.000,0.000,0.000,200.000,200.000, 0.000, 0.000, 0.000, 0.000;
1.454,-1.618,-2.062,-1.602,-2.078,384.000,223.000, 0.808,0.000,0.000,0.000,200.000,200.000, 0.000, 0.000, 0.000, 0.000;
1.458,-1.618,-2.062,-1.602,-2.078,384.000,223.000, 0.808,0.000,0.000,0.000,200.000,200.000, 0.000, 0.000, 0.000, 0.000;
1.464,-1.618,-2.062,-1.602,-2.078,384.000,223.000, 0.808,0.000,0.000,0.000,200.000,200.000, 0.000, 0.000, 0.000, 0.000;
1.470,-1.618,-2.062,-1.602,-2.078,384.000,223.000, 0.808,0.000,0.000,0.000,200.000,200.000, 0.000, 0.000, 0.000, 0.000;
1.476,-1.618,-2.062,-1.602,-2.078,384.000,223.000, 0.808,0.000,0.000,0.000,200.000,200.000, 0.000, 0.000, 0.000, 0.000;
1.483,-1.618,-2.062,-1.602,-2.078,384.000,223.000, 0.808,0.000,0.000,0.000,200.000,200.000, 0.000, 0.000, 0.000, 0.000;
1.490,-1.618,-2.062,-1.602,-2.078,384.000,223.000, 0.808,0.000,0.000,0.000,200.000,200.000, 0.000, 0.000, 0.000, 0.000;
1.495,-1.618,-2.062,-1.602,-2.078,384.000,223.000, 0.808,0.000,0.000,0.000,200.000,200.000, 0.000, 0.000, 0.000, 0.000;
1.502,-1.618,-2.062,-1.602,-2.078,384.000,223.000, 0.808,0.000,0.000,0.000,200.000,200.000, 0.000, 0.000, 0.000, 0.000;
1.511,-1.618,-2.062,-1.602,-2.078,384.000,223.000, 0.808,0.000,0.000,0.000,200.000,200.000, 0.000, 0.000, 0.000, 0.000;
1.518,-1.618,-2.062,-1.602,-2.078,384.000,223.000, 0.808,0.000,0.000,0.000,200.000,200.000, 0.000, 0.000, 0.000, 0.000;
1.522,-1.618,-2.062,-1.602,-2.078,384.000,223.000, 0.808,0.000,0.000,0.000,200.000,200.000, 0.000, 0.000, 0.000, 0.000;
1.531,-1.618,-2.062,-1.602,-2.078,384.000,223.000, 0.808,0.000,0.000,0.000,200.000,200.000, 0.000, 0.000, 0.000, 0.000;
1.534,-1.618,-2.062,-1.602,-2.078,384.000,223.000, 0.808,0.000,0.000,0.000,200.000,200.000, 0.000, 0.000, 0.000, 0.000;
1.541,-1.618,-2.062,-1.602,-2.078,384.000,223.000, 0.808,0.000,0.000,0.000,200.000,200.000, 0.000, 0.000, 0.000, 0.000;
1.547,-1.618,-2.062,-1.602,-2.078,384.000,223.000, 0.808,0.000,0.000,0.000,200.000,200.000, 0.000, 0.000, 0.000, 0.000;
1.553,-1.618,-2.062,-1.602,-2.078,384.000,223.000, 0.808,0.000,0.000,0.000,200.000,200.000, 0.000, 0.000, 0.000, 0.000;
1.559,-1.618,-2.062,-1.602,-2.078,384.000,223.000, 0.808,0.000,0.000,0.000,200.000,200.000, 0.000, 0.000, 0.000, 0.000;
1.566,-1.618,-2.062,-1.602,-2.078,384.000,223.000, 0.808,0.000,0.000,0.000,200.000,200.000, 0.000, 0.000, 0.000, 0.000;
1.572,-1.618,-2.062,-1.602,-2.078,384.000,223.000, 0.808,0.000,0.000,0.000,200.000,200.000, 0.000, 0.000, 0.000, 0.000;
1.578,-1.618,-2.062,-1.602,-2.078,384.000,223.000, 0.808,0.000,0.000,0.000,200.000,200.000, 0.000, 0.000, 0.000, 0.000;
1.585,-1.618,-2.062,-1.602,-2.078,384.000,223.000, 0.808,0.000,0.000,0.000,200.000,200.000, 0.000, 0.000, 0.000, 0.000;
1.591,-1.618,-2.062,-1.602,-2.078,384.000,223.000, 0.808,0.000,0.000,0.000,200.000,200.000, 0.000, 0.000, 0.000, 0.000;
1.598,-1.618,-2.062,-1.602,-2.078,384.000,223.000, 0.808,0.000,0.000,0.000,200.000,200.000, 0.000, 0.000, 0.000, 0.000;
1.604,-1.618,-2.062,-1.602,-2.078,384.000,223.000, 0.808,0.000,0.000,0.000,200.000,200.000, 0.000, 0.000, 0.000, 0.000;
1.610,-1.618,-2.062,-1.602,-2.078,384.000,223.000, 0.808,0.000,0.000,0.000,200.000,200.000, 0.000, 0.000, 0.000, 0.000;
1.616,-1.618,-2.062,-1.602,-2.078,384.000,223.000, 0.808,0.000,0.000,0.000,200.000,200.000, 0.000, 0.000, 0.000, 0.000;
1.623,-1.618,-2.062,-1.602,-2.078,384.000,223.000, 0.808,0.000,0.000,0.000,200.000,200.000, 0.000, 0.000, 0.000, 0.000;
1.631,-1.618,-2.062,-1.602,-2.078,384.000,223.000, 0.808,0.000,0.000,0.000,200.000,200.000, 0.000, 0.000, 0.000, 0.000;
1.640,-1.618,-2.062,-1.602,-2.078,384.000,223.000, 0.808,0.000,0.000,0.000,200.000,200.000, 0.000, 0.000, 0.000, 0.000;
1.646,-1.618,-2.062,-1.602,-2.078,384.000,223.000, 0.808,0.000,0.000,0.000,200.000,200.000, 0.000, 0.000, 0.000, 0.000;
1.650,-1.618,-2.062,-1.602,-2.078,384.000,223.000, 0.808,0.000,0.000,0.000,200.000,200.000, 0.000, 0.000, 0.000, 0.000;
1.655,-1.618,-2.062,-1.602,-2.078,384.000,223.000, 0.808,0.000,0.000,0.000,200.000,200.000, 0.000, 0.000, 0.000, 0.000;
1.661,-1.618,-2.062,-1.602,-2.078,384.000,223.000, 0.808,0.000,0.000,0.000,200.000,200.000, 0.000, 0.000, 0.000, 0.000;
1.667,-1.618,-2.062,-1.602,-2.078,384.000,223.000, 0.808,0.000,0.000,0.000,200.000,200.000, 0.000, 0.000, 0.000, 0.000;
1.674,-1.618,-2.062,-1.602,-2.078,384.000,223.000, 0.808,0.000,0.000,0.000,200.000,200.000, 0.000, 0.000, 0.000, 0.000;
1.680,-1.618,-2.062,-1.602,-2.078,384.000,223.000, 0.808,0.000,0.000,0.000,200.000,200.000, 0.000, 0.000, 0.000, 0.000;
1.688,-1.618,-2.062,-1.602,-2.078,384.000,223.000, 0.808,0.000,0.000,0.000,200.000,200.000, 0.000, 0.000, 0.000, 0.000;
1.697,-1.618,-2.062,-1.602,-2.078,384.000,223.000, 0.808,0.000,0.000,0.000,200.000,200.000, 0.000, 0.000, 0.000, 0.000;
1.704,-1.618,-2.062,-1.602,-2.078,384.000,223.000, 0.808,0.000,0.000,0.000,200.000,200.000, 0.000, 0.000, 0.000, 0.000;
1.709,-1.618,-2.062,-1.602,-2.078,384.000,223.000, 0.808,0.000,0.000,0.000,200.000,200.000, 0.000, 0.000, 0.000, 0.000;
1.713,-1.618,-2.062,-1.602,-2.078,384.000,223.000, 0.808,0.000,0.000,0.000,200.000,200.000, 0.000, 0.000, 0.000, 0.000;
1.719,-1.618,-2.062,-1.602,-2.078,384.000,223.000, 0.808,0.000,0.000,0.000,200.000,200.000, 0.000, 0.000, 0.000, 0.000;
1.725,-1.618,-2.062,-1.602,-2.078,384.000,223.000, 0.808,0.000,0.000,0.000,200.000,200.000, 0.000, 0.000, 0.000, 0.000;
1.732,-1.618,-2.062,-1.602,-2.078,384.000,223.000, 0.808,0.000,0.000,0.000,200.000,200.000, 0.000, 0.000, 0.000, 0.000;
1.739,-1.618,-2.062,-1.602,-2.078,384.000,223.000, 0.808,0.000,0.000,0.000,200.000,200.000, 0.000, 0.000, 0.000, 0.000;
1.748,-1.618,-2.062,-1.602,-2.078,384.000,223.000, 0.808,0.000,0.000,0.000,200.000,200.000, 0.000, 0.000, 0.000, 0.000;
1.752,-1.618,-2.062,-1.602,-2.078,384.000,223.000, 0.808,0.000,0.000,0.000,200.000,200.000, 0.000, 0.000, 0.000, 0.000;
1.757,-1.618,-2.062,-1.602,-2.078,384.000,223.000, 0.808,0.000,0.000,0.000,200.000,200.000, 0.000, 0.000, 0.000, 0.000;
1.763,-1.618,-2.062,-1.602,-2.078,384.000,223.000, 0.808,0.000,0.000,0.000,200.000,200.000, 0.000, 0.000, 0.000, 0.000;
1.770,-1.618,-2.062,-1.602,-2.078,384.000,223.000, 0.808,0.000,0.000,0.000,200.000,200.000, 0.000, 0.000, 0.000, 0.000;
1.776,-1.618,-2.062,-1.602,-2.078,384.000,223.000, 0.808,0.000,0.000,0.000,200.000,200.000, 0.000, 0.000, 0.000, 0.000;
1.782,-1.618,-2.062,-1.602,-2.078,384.000,223.000, 0.808,0.000,0.000,0.000,200.000,200.000, 0.000, 0.000, 0.000, 0.000;
1.789,-1.618,-2.062,-1.602,-2.078,384.000,223.000, 0.808,0.000,0.000,0.000,200.000,200.000, 0.000, 0.000, 0.000, 0.000;
1.795,-1.618,-2.062,-1.602,-2.078,384.000,223.000, 0.808,0.000,0.000,0.000,200.000,200.000, 0.000, 0.000, 0.000, 0.000;
1.804,-1.618,-2.062,-1.602,-2.078,384.000,223.000, 0.808,0.000,0.000,0.000,200.000,200.000, 0.000, 0.000, 0.000, 0.000;
1.810,-1.618,-2.062,-1.602,-2.078,384.000,223.000, 0.808,0.000,0.000,0.000,200.000,200.000, 0.000, 0.000, 0.000, 0.000;
1.815,-1.618,-2.062,-1.602,-2.078,384.000,223.000, 0.808,0.000,0.000,0.000,200.000,200.000, 0.000, 0.000, 0.000, 0.000;
1.821,-1.618,-2.062,-1.602,-2.078,384.000,223.000, 0.808,0.000,0.000,0.000,200.000,200.000, 0.000, 0.000, 0.000, 0.000;
1.830,-1.618,-2.062,-1.602,-2.078,384.000,223.000, 0.808,0.000,0.000,0.000,200.000,200.000, 0.000, 0.000, 0.000, 0.000;
1.834,-1.618,-2.062,-1.602,-2.078,384.000,223.000, 0.808,0.000,0.000,0.000,200.000,200.000, 0.000, 0.000, 0.000, 0.000;
1.840,-1.618,-2.062,-1.602,-2.078,384.000,223.000, 0.808,0.000,0.000,0.000,200.000,200.000, 0.000, 0.000, 0.000, 0.000;
1.846,-1.618,-2.062,-1.602,-2.078,384.000,223.000, 0.808,0.000,0.000,0.000,200.000,200.000, 0.000, 0.000, 0.000, 0.000;
1.853,-1.618,-2.062,-1.602,-2.078,384.000,223.000, 0.808,0.000,0.000,0.000,200.000,200.000, 0.000, 0.000, 0.000, 0.000;
1.860,-1.618,-2.062,-1.602,-2.078,384.000,223.000, 0.808,0.000,0.000,0.000,200.000,200.000, 0.000, 0.000, 0.000, 0.000;
1.865,-1.618,-2.062,-1.602,-2.078,384.000,223.000, 0.808,0.000,0.000,0.000,200.000,200.000, 0.000, 0.000, 0.000, 0.000;
1.872,-1.618,-2.062,-1.602,-2.078,384.000,223.000, 0.808,0.000,0.000,0.000,200.000,200.000, 0.000, 0.000, 0.000, 0.000;
1.878,-1.618,-2.062,-1.602,-2.078,384.000,223.000, 0.808,0.000,0.000,0.000,200.000,200.000, 0.000, 0.000, 0.000, 0.000;
1.887,-1.618,-2.062,-1.602,-2.078,384.000,223.000, 0.808,0.000,0.000,0.000,200.000,200.000, 0.000, 0.000, 0.000, 0.000;
1.891,-1.618,-2.062,-1.602,-2.078,384.000,223.000, 0.808,0.000,0.000,0.000,200.000,200.000, 0.000, 0.000, 0.000, 0.000;
1.898,-1.618,-2.062,-1.602,-2.078,384.000,223.000, 0.808,0.000,0.000,0.000,200.000,200.000, 0.000, 0.000, 0.000, 0.000;
1.904,-1.618,-2.062,-1.602,-2.078,384.000,223.000, 0.808,0.000,0.000,0.000,200.000,200.000, 0.000, 0.000, 0.000, 0.000;
1.910,-1.618,-2.062,-1.602,-2.078,384.000,223.000, 0.808,0.000,0.000,0.000,200.000,200.000, 0.000, 0.000, 0.000, 0.000;
1.916,-1.618,-2.062,-1.602,-2.078,384.000,223.000, 0.808,0.000,0.000,0.000,200.000,200.000, 0.000, 0.000, 0.000, 0.000;
1.923,-1.618,-2.062,-1.602,-2.078,384.000,223.000, 0.808,0.000,0.000,0.000,200.000,200.000, 0.000, 0.000, 0.000, 0.000;
1.930,-1.618,-2.062,-1.602,-2.078,384.000,223.000, 0.808,0.000,0.000,0.000,200.000,200.000, 0.000, 0.000, 0.000, 0.000;
1.935,-1.618,-2.062,-1.602,-2.078,384.000,223.000, 0.808,0.000,0.000,0.000,200.000,200.000, 0.000, 0.000, 0.000, 0.000;
1.942,-1.618,-2.062,-1.602,-2.078,384.000,223.000, 0.808,0.000,0.000,0.000,200.000,200.000, 0.000, 0.000, 0.000, 0.000;
1.950,-1.618,-2.062,-1.602,-2.078,384.000,223.000, 0.808,0.000,0.000,0.000,200.000,200.000, 0.000, 0.000, 0.000, 0.000;
1.955,-1.618,-2.062,-1.602,-2.078,384.000,223.000, 0.808,0.000,0.000,0.000,200.000,200.000, 0.000, 0.000, 0.000, 0.000;
1.961,-1.618,-2.062,-1.602,-2.078,384.000,223.000, 0.808,0.000,0.000,0.000,200.000,200.000, 0.000, 0.000, 0.000, 0.000;
1.967,-1.618,-2.062,-1.602,-2.078,384.000,223.000, 0.808,0.000,0.000,0.000,200.000,200.000, 0.000, 0.000, 0.000, 0.000;
1.974,-1.618,-2.062,-1.602,-2.078,384.000,223.000, 0.808,0.000,0.000,0.000,200.000,200.000, 0.000, 0.000, 0.000, 0.000;
1.980,-1.618,-2.062,-1.602,-2.078,384.000,223.000, 0.808,0.000,0.000,0.000,200.000,200.000, 0.000, 0.000, 0.000, 0.000;
1.987,-1.618,-2.062,-1.602,-2.078,384.000,223.000, 0.808,0.000,0.000,0.000,200.000,200.000, 0.000, 0.000, 0.000, 0.000;
1.995,-1.618,-2.062,-1.602,-2.078,384.000,223.000, 0.808,0.000,0.000,0.000,200.000,200.000, 0.000, 0.000, 0.000, 0.000;
1.999,-1.618,-2.062,-1.602,-2.078,384.000,223.000, 0.808,0.000,0.000,0.000,200.000,200.000, 0.000, 0.000, 0.000, 0.000;
2.006,-1.618,-2.062,-1.602,-2.078,384.000,223.000, 0.808,0.000,0.000,0.000,200.000,200.000, 0.000, 0.000, 0.000, 0.000;
2.012,-1.618,-2.062,-1.602,-2.078,384.000,223.000, 0.808,0.000,0.000,0.000,200.000,200.000, 0.000, 0.000, 0.000, 0.000;
2.018,-1.618,-2.062,-1.602,-2.078,384.000,223.000, 0.808,0.000,0.000,0.000,200.000,200.000, 0.000, 0.000, 0.000, 0.000;
2.027,-1.618,-2.062,-1.602,-2.078,384.000,223.000, 0.808,0.000,0.000,0.000,200.000,200.000, 0.000, 0.000, 0.000, 0.000;
2.032,-1.618,-2.062,-1.602,-2.078,384.000,223.000, 0.808,0.000,0.000,0.000,200.000,200.000, 0.000, 0.000, 0.000, 0.000;
2.037,-1.618,-2.062,-1.602,-2.078,384.000,223.000, 0.808,0.000,0.000,0.000,200.000,200.000, 0.000, 0.000, 0.000, 0.000;
2.044,-1.618,-2.062,-1.602,-2.078,384.000,223.000, 0.808,0.000,0.000,0.000,200.000,200.000, 0.000, 0.000, 0.000, 0.000;
2.051,-1.618,-2.062,-1.602,-2.078,384.000,223.000, 0.808,0.000,0.000,0.000,200.000,200.000, 0.000, 0.000, 0.000, 0.000;
2.056,-1.618,-2.062,-1.602,-2.078,384.000,223.000, 0.808,0.000,0.000,0.000,200.000,200.000, 0.000, 0.000, 0.000, 0.000;
2.072,-1.618,-2.062,-1.602,-2.078,384.000,223.000, 0.808,0.000,0.000,0.000,200.000,200.000, 0.000, 0.000, 0.000, 0.000;
2.075,-1.618,-2.062,-1.602,-2.078,384.000,223.000, 0.808,0.000,0.000,0.000,200.000,200.000, 0.000, 0.000, 0.000, 0.000;
2.077,-1.618,-2.062,-1.602,-2.078,384.000,223.000, 0.808,0.000,0.000,0.000,200.000,200.000, 0.000, 0.000, 0.000, 0.000;
2.082,-1.618,-2.062,-1.602,-2.078,384.000,223.000, 0.808,0.000,0.000,0.000,200.000,200.000, 0.000, 0.000, 0.000, 0.000;
2.092,-1.618,-2.062,-1.602,-2.078,384.000,223.000, 0.808,0.000,0.000,0.000,200.000,200.000, 0.000, 0.000, 0.000, 0.000;
2.097,-1.618,-2.062,-1.602,-2.078,384.000,223.000, 0.808,0.000,0.000,0.000,200.000,200.000, 0.000, 0.000, 0.000, 0.000;
2.101,-1.618,-2.062,-1.602,-2.078,384.000,223.000, 0.808,0.000,0.000,0.000,200.000,200.000, 0.000, 0.000, 0.000, 0.000;
2.108,-1.618,-2.062,-1.602,-2.078,384.000,223.000, 0.808,0.000,0.000,0.000,200.000,200.000, 0.000, 0.000, 0.000, 0.000;
2.114,-1.618,-2.062,-1.602,-2.078,384.000,223.000, 0.808,0.000,0.000,0.000,200.000,200.000, 0.000, 0.000, 0.000, 0.000;
2.121,-1.618,-2.062,-1.602,-2.078,384.000,223.000, 0.808,0.000,0.000,0.000,200.000,200.000, 0.000, 0.000, 0.000, 0.000;
2.128,-1.618,-2.062,-1.602,-2.078,384.000,223.000, 0.808,0.000,0.000,0.000,200.000,200.000, 0.000, 0.000, 0.000, 0.000;
2.135,-1.618,-2.062,-1.602,-2.078,384.000,223.000, 0.808,0.000,0.000,0.000,200.000,200.000, 0.000, 0.000, 0.000, 0.000;
2.140,-1.618,-2.062,-1.602,-2.078,384.000,223.000, 0.808,0.000,0.000,0.000,200.000,200.000, 0.000, 0.000, 0.000, 0.000;
2.146,-1.618,-2.062,-1.602,-2.078,384.000,223.000, 0.808,0.000,0.000,0.000,200.000,200.000, 0.000, 0.000, 0.000, 0.000;
2.152,-1.618,-2.062,-1.602,-2.078,384.000,223.000, 0.808,0.000,0.000,0.000,200.000,200.000, 0.000, 0.000, 0.000, 0.000;
2.159,-1.618,-2.062,-1.602,-2.078,384.000,223.000, 0.808,0.000,0.000,0.000,200.000,200.000, 0.000, 0.000, 0.000, 0.000;
2.168,-1.618,-2.062,-1.602,-2.078,384.000,223.000, 0.808,0.000,0.000,0.000,200.000,200.000, 0.000, 0.000, 0.000, 0.000;
2.174,-1.618,-2.062,-1.602,-2.078,384.000,223.000, 0.808,0.000,0.000,0.000,200.000,200.000, 0.000, 0.000, 0.000, 0.000;
2.182,-1.618,-2.062,-1.602,-2.078,384.000,223.000, 0.808,0.000,0.000,0.000,200.000,200.000, 0.000, 0.000, 0.000, 0.000;
2.188,-1.618,-2.062,-1.602,-2.078,384.000,223.000, 0.808,0.000,0.000,0.000,200.000,200.000, 0.000, 0.000, 0.000, 0.000;
2.191,-1.618,-2.062,-1.602,-2.078,384.000,223.000, 0.808,0.000,0.000,0.000,200.000,200.000, 0.000, 0.000, 0.000, 0.000;
2.198,-1.618,-2.062,-1.602,-2.078,384.000,223.000, 0.808,0.000,0.000,0.000,200.000,200.000, 0.000, 0.000, 0.000, 0.000;
2.203,-1.618,-2.062,-1.602,-2.078,384.000,223.000, 0.808,0.000,0.000,0.000,200.000,200.000, 0.000, 0.000, 0.000, 0.000;
2.210,-1.618,-2.062,-1.602,-2.078,384.000,223.000, 0.808,0.000,0.000,0.000,200.000,200.000, 0.000, 0.000, 0.000, 0.000;
2.216,-1.618,-2.062,-1.602,-2.078,384.000,223.000, 0.808,0.000,0.000,0.000,200.000,200.000, 0.000, 0.000, 0.000, 0.000;
2.223,-1.618,-2.062,-1.602,-2.078,384.000,223.000, 0.808,0.000,0.000,0.000,200.000,200.000, 0.000, 0.000, 0.000, 0.000;
2.229,-1.618,-2.062,-1.602,-2.078,384.000,223.000, 0.808,0.000,0.000,0.000,200.000,200.000, 0.000, 0.000, 0.000, 0.000;
2.235,-1.618,-2.062,-1.602,-2.078,384.000,223.000, 0.808,0.000,0.000,0.000,200.000,200.000, 0.000, 0.000, 0.000, 0.000;
2.242,-1.618,-2.062,-1.602,-2.078,384.000,223.000, 0.808,0.000,0.000,0.000,200.000,200.000, 0.000, 0.000, 0.000, 0.000;
2.248,-1.618,-2.062,-1.602,-2.078,384.000,223.000, 0.808,0.000,0.000,0.000,200.000,200.000, 0.000, 0.000, 0.000, 0.000;
2.254,-1.618,-2.062,-1.602,-2.078,384.000,223.000, 0.808,0.000,0.000,0.000,200.000,200.000, 0.000, 0.000, 0.000, 0.000;
2.261,-1.618,-2.062,-1.602,-2.078,384.000,223.000, 0.808,0.000,0.000,0.000,200.000,200.000, 0.000, 0.000, 0.000, 0.000;
2.267,-1.618,-2.062,-1.602,-2.078,384.000,223.000, 0.808,0.000,0.000,0.000,200.000,200.000, 0.000, 0.000, 0.000, 0.000;
2.277,-1.618,-2.062,-1.602,-2.078,384.000,223.000, 0.808,0.000,0.000,0.000,200.000,200.000, 0.000, 0.000, 0.000, 0.000;
2.281,-1.618,-2.062,-1.602,-2.078,384.000,223.000, 0.808,0.000,0.000,0.000,200.000,200.000, 0.000, 0.000, 0.000, 0.000;
2.286,-1.618,-2.062,-1.602,-2.078,384.000,223.000, 0.808,0.000,0.000,0.000,200.000,200.000, 0.000, 0.000, 0.000, 0.000;
2.296,-1.618,-2.062,-1.602,-2.078,384.000,223.000, 0.808,0.000,0.000,0.000,200.000,200.000, 0.000, 0.000, 0.000, 0.000;
2.306,-1.618,-2.062,-1.602,-2.078,384.000,223.000, 0.808,0.000,0.000,0.000,200.000,200.000, 0.000, 0.000, 0.000, 0.000;
2.310,-1.618,-2.062,-1.602,-2.078,384.000,223.000, 0.808,0.000,0.000,0.000,200.000,200.000, 0.000, 0.000, 0.000, 0.000;
2.315,-1.618,-2.062,-1.602,-2.078,384.000,223.000, 0.808,0.000,0.000,0.000,200.000,200.000, 0.000, 0.000, 0.000, 0.000;
2.318,-1.618,-2.062,-1.602,-2.078,384.000,223.000, 0.808,0.000,0.000,0.000,200.000,200.000, 0.000, 0.000, 0.000, 0.000;
2.324,-1.618,-2.062,-1.602,-2.078,384.000,223.000, 0.808,0.000,0.000,0.000,200.000,200.000, 0.000, 0.000, 0.000, 0.000;
2.331,-1.618,-2.062,-1.602,-2.078,384.000,223.000, 0.808,0.000,0.000,0.000,200.000,200.000, 0.000, 0.000, 0.000, 0.000;
2.337,-1.618,-2.062,-1.602,-2.078,384.000,223.000, 0.808,0.000,0.000,0.000,200.000,200.000, 0.000, 0.000, 0.000, 0.000;
2.343,-1.618,-2.062,-1.602,-2.078,384.000,223.000, 0.808,0.000,0.000,0.000,200.000,200.000, 0.000, 0.000, 0.000, 0.000;
2.350,-1.618,-2.062,-1.602,-2.078,384.000,223.000, 0.808,0.000,0.000,0.000,200.000,200.000, 0.000, 0.000, 0.000, 0.000;
2.356,-1.618,-2.062,-1.602,-2.078,384.000,223.000, 0.808,0.000,0.000,0.000,200.000,200.000, 0.000, 0.000, 0.000, 0.000;
2.362,-1.618,-2.062,-1.602,-2.078,384.000,223.000, 0.808,0.000,0.000,0.000,200.000,200.000, 0.000, 0.000, 0.000, 0.000;
2.369,-1.618,-2.062,-1.602,-2.078,384.000,223.000, 0.808,0.000,0.000,0.000,200.000,200.000, 0.000, 0.000, 0.000, 0.000;
2.376,-1.618,-2.062,-1.602,-2.078,384.000,223.000, 0.808,0.000,0.000,0.000,200.000,200.000, 0.000, 0.000, 0.000, 0.000;
2.383,-1.618,-2.062,-1.602,-2.078,384.000,223.000, 0.808,0.000,0.000,0.000,200.000,200.000, 0.000, 0.000, 0.000, 0.000;
2.388,-1.618,-2.062,-1.602,-2.078,384.000,223.000, 0.808,0.000,0.000,0.000,200.000,200.000, 0.000, 0.000, 0.000, 0.000;
2.398,-1.618,-2.062,-1.602,-2.078,384.000,223.000, 0.808,0.000,0.000,0.000,200.000,200.000, 0.000, 0.000, 0.000, 0.000;
2.401,-1.618,-2.062,-1.602,-2.078,384.000,223.000, 0.808,0.000,0.000,0.000,200.000,200.000, 0.000, 0.000, 0.000, 0.000;
2.407,-1.618,-2.062,-1.602,-2.078,384.000,223.000, 0.808,0.000,0.000,0.000,200.000,200.000, 0.000, 0.000, 0.000, 0.000;
2.418,-1.618,-2.062,-1.602,-2.078,384.000,223.000, 0.808,0.000,0.000,0.000,200.000,200.000, 0.000, 0.000, 0.000, 0.000;
2.421,-1.618,-2.062,-1.602,-2.078,384.000,223.000, 0.808,0.000,0.000,0.000,200.000,200.000, 0.000, 0.000, 0.000, 0.000;
2.426,-1.618,-2.062,-1.602,-2.078,384.000,223.000, 0.808,0.000,0.000,0.000,200.000,200.000, 0.000, 0.000, 0.000, 0.000;
2.433,-1.618,-2.062,-1.602,-2.078,384.000,223.000, 0.808,0.000,0.000,0.000,200.000,200.000, 0.000, 0.000, 0.000, 0.000;
2.439,-1.618,-2.062,-1.602,-2.078,384.000,223.000, 0.808,0.000,0.000,0.000,200.000,200.000, 0.000, 0.000, 0.000, 0.000;
2.446,-1.618,-2.062,-1.602,-2.078,384.000,223.000, 0.808,0.000,0.000,0.000,200.000,200.000, 0.000, 0.000, 0.000, 0.000;
2.452,-1.618,-2.062,-1.602,-2.078,384.000,223.000, 0.808,0.000,0.000,0.000,200.000,200.000, 0.000, 0.000, 0.000, 0.000;
2.458,-1.618,-2.062,-1.602,-2.078,384.000,223.000, 0.808,0.000,0.000,0.000,200.000,200.000, 0.000, 0.000, 0.000, 0.000;
2.465,-1.618,-2.062,-1.602,-2.078,384.000,223.000, 0.808,0.000,0.000,0.000,200.000,200.000, 0.000, 0.000, 0.000, 0.000;
2.471,-1.618,-2.062,-1.602,-2.078,384.000,223.000, 0.808,0.000,0.000,0.000,200.000,200.000, 0.000, 0.000, 0.000, 0.000;
2.477,-1.618,-2.062,-1.602,-2.078,384.000,223.000, 0.808,0.000,0.000,0.000,200.000,200.000, 0.000, 0.000, 0.000, 0.000;
2.484,-1.618,-2.062,-1.602,-2.078,384.000,223.000, 0.808,0.000,0.000,0.000,200.000,200.000, 0.000, 0.000, 0.000, 0.000;
2.490,-1.618,-2.062,-1.602,-2.078,384.000,223.000, 0.808,0.000,0.000,0.000,200.000,200.000, 0.000, 0.000, 0.000, 0.000;
2.497,-1.618,-2.062,-1.602,-2.078,384.000,223.000, 0.808,0.000,0.000,0.000,200.000,200.000, 0.000, 0.000, 0.000, 0.000;
2.503,-1.618,-2.062,-1.602,-2.078,384.000,223.000, 0.808,0.000,0.000,0.000,200.000,200.000, 0.000, 0.000, 0.000, 0.000;
2.509,-1.618,-2.062,-1.602,-2.078,384.000,223.000, 0.808,0.000,0.000,0.000,200.000,200.000, 0.000, 0.000, 0.000, 0.000;
2.516,-1.618,-2.062,-1.602,-2.078,384.000,223.000, 0.808,0.000,0.000,0.000,200.000,200.000, 0.000, 0.000, 0.000, 0.000;
2.522,-1.618,-2.062,-1.602,-2.078,384.000,223.000, 0.808,0.000,0.000,0.000,200.000,200.000, 0.000, 0.000, 0.000, 0.000;
2.528,-1.618,-2.062,-1.602,-2.078,384.000,223.000, 0.808,0.000,0.000,0.000,200.000,200.000, 0.000, 0.000, 0.000, 0.000;
2.535,-1.618,-2.062,-1.602,-2.078,384.000,223.000, 0.808,0.000,0.000,0.000,200.000,200.000, 0.000, 0.000, 0.000, 0.000;
2.541,-1.618,-2.062,-1.602,-2.078,384.000,223.000, 0.808,0.000,0.000,0.000,200.000,200.000, 0.000, 0.000, 0.000, 0.000;
2.548,-1.618,-2.062,-1.602,-2.078,384.000,223.000, 0.808,0.000,0.000,0.000,200.000,200.000, 0.000, 0.000, 0.000, 0.000;
2.554,-1.618,-2.062,-1.602,-2.078,384.000,223.000, 0.808,0.000,0.000,0.000,200.000,200.000, 0.000, 0.000, 0.000, 0.000;
2.560,-1.618,-2.062,-1.602,-2.078,384.000,223.000, 0.808,0.000,0.000,0.000,200.000,200.000, 0.000, 0.000, 0.000, 0.000;
2.567,-1.618,-2.062,-1.602,-2.078,384.000,223.000, 0.808,0.000,0.000,0.000,200.000,200.000, 0.000, 0.000, 0.000, 0.000;
2.573,-1.618,-2.062,-1.602,-2.078,384.000,223.000, 0.808,0.000,0.000,0.000,200.000,200.000, 0.000, 0.000, 0.000, 0.000;
2.580,-1.618,-2.062,-1.602,-2.078,384.000,223.000, 0.808,0.000,0.000,0.000,200.000,200.000, 0.000, 0.000, 0.000, 0.000;
2.586,-1.618,-2.062,-1.602,-2.078,384.000,223.000, 0.808,0.000,0.000,0.000,200.000,200.000, 0.000, 0.000, 0.000, 0.000;
2.592,-1.618,-2.062,-1.602,-2.078,384.000,223.000, 0.808,0.000,0.000,0.000,200.000,200.000, 0.000, 0.000, 0.000, 0.000;
2.599,-1.618,-2.062,-1.602,-2.078,384.000,223.000, 0.808,0.000,0.000,0.000,200.000,200.000, 0.000, 0.000, 0.000, 0.000;
2.605,-1.618,-2.062,-1.602,-2.078,384.000,223.000, 0.808,0.000,0.000,0.000,200.000,200.000, 0.000, 0.000, 0.000, 0.000;
2.613,-1.618,-2.062,-1.602,-2.078,384.000,223.000, 0.808,0.000,0.000,0.000,200.000,200.000, 0.000, 0.000, 0.000, 0.000;
2.618,-1.618,-2.062,-1.602,-2.078,384.000,223.000, 0.808,0.000,0.000,0.000,200.000,200.000, 0.000, 0.000, 0.000, 0.000;
2.624,-1.618,-2.062,-1.602,-2.078,384.000,223.000, 0.808,0.000,0.000,0.000,200.000,200.000, 0.000, 0.000, 0.000, 0.000;
2.631,-1.618,-2.062,-1.602,-2.078,384.000,223.000, 0.808,0.000,0.000,0.000,200.000,200.000, 0.000, 0.000, 0.000, 0.000;
2.637,-1.618,-2.062,-1.602,-2.078,384.000,223.000, 0.808,0.000,0.000,0.000,200.000,200.000, 0.000, 0.000, 0.000, 0.000;
2.643,-1.618,-2.062,-1.602,-2.078,384.000,223.000, 0.808,0.000,0.000,0.000,200.000,200.000, 0.000, 0.000, 0.000, 0.000;
2.650,-1.618,-2.062,-1.602,-2.078,384.000,223.000, 0.808,0.000,0.000,0.000,200.000,200.000, 0.000, 0.000, 0.000, 0.000;
2.656,-1.618,-2.062,-1.602,-2.078,384.000,223.000, 0.808,0.000,0.000,0.000,200.000,200.000, 0.000, 0.000, 0.000, 0.000;
2.663,-1.618,-2.062,-1.602,-2.078,384.000,223.000, 0.808,0.000,0.000,0.000,200.000,200.000, 0.000, 0.000, 0.000, 0.000;
2.669,-1.618,-2.062,-1.602,-2.078,384.000,223.000, 0.808,0.000,0.000,0.000,200.000,200.000, 0.000, 0.000, 0.000, 0.000;
2.676,-1.618,-2.062,-1.602,-2.078,384.000,223.000, 0.808,0.000,0.000,0.000,200.000,200.000, 0.000, 0.000, 0.000, 0.000;
2.681,-1.618,-2.062,-1.602,-2.078,384.000,223.000, 0.808,0.000,0.000,0.000,200.000,200.000, 0.000, 0.000, 0.000, 0.000;
2.688,-1.618,-2.062,-1.602,-2.078,384.000,223.000, 0.808,0.000,0.000,0.000,200.000,200.000, 0.000, 0.000, 0.000, 0.000;
2.698,-1.618,-2.062,-1.602,-2.078,384.000,223.000, 0.808,0.000,0.000,0.000,200.000,200.000, 0.000, 0.000, 0.000, 0.000;
2.704,-1.618,-2.062,-1.602,-2.078,384.000,223.000, 0.808,0.000,0.000,0.000,200.000,200.000, 0.000, 0.000, 0.000, 0.000;
2.707,-1.618,-2.062,-1.602,-2.078,384.000,223.000, 0.808,0.000,0.000,0.000,200.000,200.000, 0.000, 0.000, 0.000, 0.000;
2.716,-1.618,-2.062,-1.602,-2.078,384.000,223.000, 0.808,0.000,0.000,0.000,200.000,200.000, 0.000, 0.000, 0.000, 0.000;
2.721,-1.618,-2.062,-1.602,-2.078,384.000,223.000, 0.808,0.000,0.000,0.000,200.000,200.000, 0.000, 0.000, 0.000, 0.000;
2.727,-1.618,-2.062,-1.602,-2.078,384.000,223.000, 0.808,0.000,0.000,0.000,200.000,200.000, 0.000, 0.000, 0.000, 0.000;
2.734,-1.618,-2.062,-1.602,-2.078,384.000,223.000, 0.808,0.000,0.000,0.000,200.000,200.000, 0.000, 0.000, 0.000, 0.000;
2.739,-1.618,-2.062,-1.602,-2.078,384.000,223.000, 0.808,0.000,0.000,0.000,200.000,200.000, 0.000, 0.000, 0.000, 0.000;
2.746,-1.618,-2.062,-1.602,-2.078,384.000,223.000, 0.808,0.000,0.000,0.000,200.000,200.000, 0.000, 0.000, 0.000, 0.000;
2.752,-1.618,-2.062,-1.602,-2.078,384.000,223.000, 0.808,0.000,0.000,0.000,200.000,200.000, 0.000, 0.000, 0.000, 0.000;
2.759,-1.618,-2.062,-1.602,-2.078,384.000,223.000, 0.808,0.000,0.000,0.000,200.000,200.000, 0.000, 0.000, 0.000, 0.000;
2.768,-1.618,-2.062,-1.602,-2.078,384.000,223.000, 0.808,0.000,0.000,0.000,200.000,200.000, 0.000, 0.000, 0.000, 0.000;
2.772,-1.618,-2.062,-1.602,-2.078,384.000,223.000, 0.808,0.000,0.000,0.000,200.000,200.000, 0.000, 0.000, 0.000, 0.000;
2.777,-1.618,-2.062,-1.602,-2.078,384.000,223.000, 0.808,0.000,0.000,0.000,200.000,200.000, 0.000, 0.000, 0.000, 0.000;
2.784,-1.618,-2.062,-1.602,-2.078,384.000,223.000, 0.808,0.000,0.000,0.000,200.000,200.000, 0.000, 0.000, 0.000, 0.000;
2.798,-1.618,-2.062,-1.602,-2.078,384.000,223.000, 0.808,0.000,0.000,0.000,200.000,200.000, 0.000, 0.000, 0.000, 0.000;
2.800,-1.618,-2.062,-1.602,-2.078,384.000,223.000, 0.808,0.000,0.000,0.000,200.000,200.000, 0.000, 0.000, 0.000, 0.000;
2.803,-1.618,-2.062,-1.602,-2.078,384.000,223.000, 0.808,0.000,0.000,0.000,200.000,200.000, 0.000, 0.000, 0.000, 0.000;
2.809,-1.618,-2.062,-1.602,-2.078,384.000,223.000, 0.808,0.000,0.000,0.000,200.000,200.000, 0.000, 0.000, 0.000, 0.000;
2.815,-1.618,-2.062,-1.602,-2.078,384.000,223.000, 0.808,0.000,0.000,0.000,200.000,200.000, 0.000, 0.000, 0.000, 0.000;
2.824,-1.618,-2.062,-1.602,-2.078,384.000,223.000, 0.808,0.000,0.000,0.000,200.000,200.000, 0.000, 0.000, 0.000, 0.000;
2.829,-1.618,-2.062,-1.602,-2.078,384.000,223.000, 0.808,0.000,0.000,0.000,200.000,200.000, 0.000, 0.000, 0.000, 0.000;
2.838,-1.618,-2.062,-1.602,-2.078,384.000,223.000, 0.808,0.000,0.000,0.000,200.000,200.000, 0.000, 0.000, 0.000, 0.000;
2.843,-1.618,-2.062,-1.602,-2.078,384.000,223.000, 0.808,0.000,0.000,0.000,200.000,200.000, 0.000, 0.000, 0.000, 0.000;
2.849,-1.618,-2.062,-1.602,-2.078,384.000,223.000, 0.808,0.000,0.000,0.000,200.000,200.000, 0.000, 0.000, 0.000, 0.000;
2.855,-1.618,-2.062,-1.602,-2.078,384.000,223.000, 0.808,0.000,0.000,0.000,200.000,200.000, 0.000, 0.000, 0.000, 0.000;
2.861,-1.618,-2.062,-1.602,-2.078,384.000,223.000, 0.808,0.000,0.000,0.000,200.000,200.000, 0.000, 0.000, 0.000, 0.000;
2.866,-1.618,-2.062,-1.602,-2.078,384.000,223.000, 0.808,0.000,0.000,0.000,200.000,200.000, 0.000, 0.000, 0.000, 0.000;
2.873,-1.618,-2.062,-1.602,-2.078,384.000,223.000, 0.808,0.000,0.000,0.000,200.000,200.000, 0.000, 0.000, 0.000, 0.000;
2.882,-1.618,-2.062,-1.602,-2.078,384.000,223.000, 0.808,0.000,0.000,0.000,200.000,200.000, 0.000, 0.000, 0.000, 0.000;
2.889,-1.618,-2.062,-1.602,-2.078,384.000,223.000, 0.808,0.000,0.000,0.000,200.000,200.000, 0.000, 0.000, 0.000, 0.000;
2.894,-1.618,-2.062,-1.602,-2.078,384.000,223.000, 0.808,0.000,0.000,0.000,200.000,200.000, 0.000, 0.000, 0.000, 0.000;
2.899,-1.618,-2.062,-1.602,-2.078,384.000,223.000, 0.808,0.000,0.000,0.000,200.000,200.000, 0.000, 0.000, 0.000, 0.000;
2.905,-1.618,-2.062,-1.602,-2.078,384.000,223.000, 0.808,0.000,0.000,0.000,200.000,200.000, 0.000, 0.000, 0.000, 0.000;
2.912,-1.618,-2.062,-1.602,-2.078,384.000,223.000, 0.808,0.000,0.000,0.000,200.000,200.000, 0.000, 0.000, 0.000, 0.000;
2.917,-1.618,-2.062,-1.602,-2.078,384.000,223.000, 0.808,0.000,0.000,0.000,200.000,200.000, 0.000, 0.000, 0.000, 0.000;
2.927,-1.618,-2.062,-1.602,-2.078,384.000,223.000, 0.808,0.000,0.000,0.000,200.000,200.000, 0.000, 0.000, 0.000, 0.000;
2.933,-1.618,-2.062,-1.602,-2.078,384.000,223.000, 0.808,0.000,0.000,0.000,200.000,200.000, 0.000, 0.000, 0.000, 0.000;
2.939,-1.618,-2.062,-1.602,-2.078,384.000,223.000, 0.808,0.000,0.000,0.000,200.000,200.000, 0.000, 0.000, 0.000, 0.000;
2.943,-1.618,-2.062,-1.602,-2.078,384.000,223.000, 0.808,0.000,0.000,0.000,200.000,200.000, 0.000, 0.000, 0.000, 0.000;
2.949,-1.618,-2.062,-1.602,-2.078,384.000,223.000, 0.808,0.000,0.000,0.000,200.000,200.000, 0.000, 0.000, 0.000, 0.000;
2.956,-1.618,-2.062,-1.602,-2.078,384.000,223.000, 0.808,0.000,0.000,0.000,200.000,200.000, 0.000, 0.000, 0.000, 0.000;
2.962,-1.618,-2.062,-1.602,-2.078,384.000,223.000, 0.808,0.000,0.000,0.000,200.000,200.000, 0.000, 0.000, 0.000, 0.000;
2.969,-1.618,-2.062,-1.602,-2.078,384.000,223.000, 0.808,0.000,0.000,0.000,200.000,200.000, 0.000, 0.000, 0.000, 0.000;
2.975,-1.618,-2.062,-1.602,-2.078,384.000,223.000, 0.808,0.000,0.000,0.000,200.000,200.000, 0.000, 0.000, 0.000, 0.000;
2.981,-1.618,-2.062,-1.602,-2.078,384.000,223.000, 0.808,0.000,0.000,0.000,200.000,200.000, 0.000, 0.000, 0.000, 0.000;
2.988,-1.618,-2.062,-1.602,-2.078,384.000,223.000, 0.808,0.000,0.000,0.000,200.000,200.000, 0.000, 0.000, 0.000, 0.000;
2.994,-1.618,-2.062,-1.602,-2.078,384.000,223.000, 0.808,0.000,0.000,0.000,200.000,200.000, 0.000, 0.000, 0.000, 0.000;
3.000,-1.618,-2.062,-1.602,-2.078,384.000,223.000, 0.808,0.000,0.000,0.000,200.000,200.000, 0.000, 0.000, 0.000, 0.000;
3.007,-1.618,-2.062,-1.602,-2.078,384.000,223.000, 0.808,0.000,0.000,0.000,200.000,200.000, 0.000, 0.000, 0.000, 0.000;
3.013,-1.618,-2.062,-1.602,-2.078,384.000,223.000, 0.808,0.000,0.000,0.000,200.000,200.000, 0.000, 0.000, 0.000, 0.000;
3.020,-1.618,-2.062,-1.602,-2.078,384.000,223.000, 0.808,0.000,0.000,0.000,200.000,200.000, 0.000, 0.000, 0.000, 0.000;
3.026,-1.618,-2.062,-1.602,-2.078,384.000,223.000, 0.808,0.000,0.000,0.000,200.000,200.000, 0.000, 0.000, 0.000, 0.000;
3.032,-1.618,-2.062,-1.602,-2.078,384.000,223.000, 0.808,0.000,0.000,0.000,200.000,200.000, 0.000, 0.000, 0.000, 0.000;
3.038,-1.618,-2.062,-1.602,-2.078,384.000,223.000, 0.808,0.000,0.000,0.000,200.000,200.000, 0.000, 0.000, 0.000, 0.000;
3.046,-1.618,-2.062,-1.602,-2.078,384.000,223.000, 0.808,0.000,0.000,0.000,200.000,200.000, 0.000, 0.000, 0.000, 0.000;
3.051,-1.618,-2.062,-1.602,-2.078,384.000,223.000, 0.808,0.000,0.000,0.000,200.000,200.000, 0.000, 0.000, 0.000, 0.000;
3.058,-1.618,-2.062,-1.602,-2.078,384.000,223.000, 0.808,0.000,0.000,0.000,200.000,200.000, 0.000, 0.000, 0.000, 0.000;
3.064,-1.618,-2.062,-1.602,-2.078,384.000,223.000, 0.808,0.000,0.000,0.000,200.000,200.000, 0.000, 0.000, 0.000, 0.000;
3.072,-1.618,-2.062,-1.602,-2.078,384.000,223.000, 0.808,0.000,0.000,0.000,200.000,200.000, 0.000, 0.000, 0.000, 0.000;
3.077,-1.618,-2.062,-1.602,-2.078,384.000,223.000, 0.808,0.000,0.000,0.000,200.000,200.000, 0.000, 0.000, 0.000, 0.000;
3.084,-1.618,-2.062,-1.602,-2.078,384.000,223.000, 0.808,0.000,0.000,0.000,200.000,200.000, 0.000, 0.000, 0.000, 0.000;
3.090,-1.618,-2.062,-1.602,-2.078,384.000,223.000, 0.808,0.000,0.000,0.000,200.000,200.000, 0.000, 0.000, 0.000, 0.000;
3.096,-1.618,-2.062,-1.602,-2.078,384.000,223.000, 0.808,0.000,0.000,0.000,200.000,200.000, 0.000, 0.000, 0.000, 0.000;
3.106,-1.618,-2.062,-1.602,-2.078,384.000,223.000, 0.808,0.000,0.000,0.000,200.000,200.000, 0.000, 0.000, 0.000, 0.000;
3.109,-1.618,-2.062,-1.602,-2.078,384.000,223.000, 0.808,0.000,0.000,0.000,200.000,200.000, 0.000, 0.000, 0.000, 0.000;
3.115,-1.618,-2.062,-1.602,-2.078,384.000,223.000, 0.808,0.000,0.000,0.000,200.000,200.000, 0.000, 0.000, 0.000, 0.000;
3.122,-1.618,-2.062,-1.602,-2.078,384.000,223.000, 0.808,0.000,0.000,0.000,200.000,200.000, 0.000, 0.000, 0.000, 0.000;
3.129,-1.618,-2.062,-1.602,-2.078,384.000,223.000, 0.808,0.000,0.000,0.000,200.000,200.000, 0.000, 0.000, 0.000, 0.000;
3.134,-1.618,-2.062,-1.602,-2.078,384.000,223.000, 0.808,0.000,0.000,0.000,200.000,200.000, 0.000, 0.000, 0.000, 0.000;
3.141,-1.618,-2.062,-1.602,-2.078,384.000,223.000, 0.808,0.000,0.000,0.000,200.000,200.000, 0.000, 0.000, 0.000, 0.000;
3.147,-1.618,-2.062,-1.602,-2.078,384.000,223.000, 0.808,0.000,0.000,0.000,200.000,200.000, 0.000, 0.000, 0.000, 0.000;
3.158,-1.618,-2.062,-1.602,-2.078,384.000,223.000, 0.808,0.000,0.000,0.000,200.000,200.000, 0.000, 0.000, 0.000, 0.000;
3.169,-1.618,-2.062,-1.602,-2.078,384.000,223.000, 0.808,0.000,0.000,0.000,200.000,200.000, 0.000, 0.000, 0.000, 0.000;
3.173,-1.618,-2.062,-1.602,-2.078,384.000,223.000, 0.808,0.000,0.000,0.000,200.000,200.000, 0.000, 0.000, 0.000, 0.000;
3.180,-1.618,-2.062,-1.602,-2.078,384.000,223.000, 0.808,0.000,0.000,0.000,200.000,200.000, 0.000, 0.000, 0.000, 0.000;
3.186,-1.618,-2.062,-1.602,-2.078,384.000,223.000, 0.808,0.000,0.000,0.000,200.000,200.000, 0.000, 0.000, 0.000, 0.000;
3.189,-1.618,-2.062,-1.602,-2.078,384.000,223.000, 0.808,0.000,0.000,0.000,200.000,200.000, 0.000, 0.000, 0.000, 0.000;
3.193,-1.618,-2.062,-1.602,-2.078,384.000,223.000, 0.808,0.000,0.000,0.000,200.000,200.000, 0.000, 0.000, 0.000, 0.000;
3.198,-1.618,-2.062,-1.602,-2.078,384.000,223.000, 0.808,0.000,0.000,0.000,200.000,200.000, 0.000, 0.000, 0.000, 0.000;
3.205,-1.618,-2.062,-1.602,-2.078,384.000,223.000, 0.808,0.000,0.000,0.000,200.000,200.000, 0.000, 0.000, 0.000, 0.000;
3.212,-1.618,-2.062,-1.602,-2.078,384.000,223.000, 0.808,0.000,0.000,0.000,200.000,200.000, 0.000, 0.000, 0.000, 0.000;
3.219,-1.618,-2.062,-1.602,-2.078,384.000,223.000, 0.808,0.000,0.000,0.000,200.000,200.000, 0.000, 0.000, 0.000, 0.000;
3.224,-1.618,-2.062,-1.602,-2.078,384.000,223.000, 0.808,0.000,0.000,0.000,200.000,200.000, 0.000, 0.000, 0.000, 0.000;
3.232,-1.618,-2.062,-1.602,-2.078,384.000,223.000, 0.808,0.000,0.000,0.000,200.000,200.000, 0.000, 0.000, 0.000, 0.000;
3.239,-1.618,-2.062,-1.602,-2.078,384.000,223.000, 0.808,0.000,0.000,0.000,200.000,200.000, 0.000, 0.000, 0.000, 0.000;
3.244,-1.618,-2.062,-1.602,-2.078,384.000,223.000, 0.808,0.000,0.000,0.000,200.000,200.000, 0.000, 0.000, 0.000, 0.000;
3.250,-1.618,-2.062,-1.602,-2.078,384.000,223.000, 0.808,0.000,0.000,0.000,200.000,200.000, 0.000, 0.000, 0.000, 0.000;
3.255,-1.618,-2.062,-1.602,-2.078,384.000,223.000, 0.808,0.000,0.000,0.000,200.000,200.000, 0.000, 0.000, 0.000, 0.000;
3.263,-1.618,-2.062,-1.602,-2.078,384.000,223.000, 0.808,0.000,0.000,0.000,200.000,200.000, 0.000, 0.000, 0.000, 0.000;
3.269,-1.618,-2.062,-1.602,-2.078,384.000,223.000, 0.808,0.000,0.000,0.000,200.000,200.000, 0.000, 0.000, 0.000, 0.000;
3.283,-1.618,-2.062,-1.602,-2.078,384.000,223.000, 0.808,0.000,0.000,0.000,200.000,200.000, 0.000, 0.000, 0.000, 0.000;
3.287,-1.618,-2.062,-1.602,-2.078,384.000,223.000, 0.808,0.000,0.000,0.000,200.000,200.000, 0.000, 0.000, 0.000, 0.000;
3.292,-1.618,-2.062,-1.602,-2.078,384.000,223.000, 0.808,0.000,0.000,0.000,200.000,200.000, 0.000, 0.000, 0.000, 0.000;
3.297,-1.618,-2.062,-1.602,-2.078,384.000,223.000, 0.808,0.000,0.000,0.000,200.000,200.000, 0.000, 0.000, 0.000, 0.000;
3.301,-1.618,-2.062,-1.602,-2.078,384.000,223.000, 0.808,0.000,0.000,0.000,200.000,200.000, 0.000, 0.000, 0.000, 0.000;
3.310,-1.618,-2.062,-1.602,-2.078,384.000,223.000, 0.808,0.000,0.000,0.000,200.000,200.000, 0.000, 0.000, 0.000, 0.000;
3.314,-1.618,-2.062,-1.602,-2.078,384.000,223.000, 0.808,0.000,0.000,0.000,200.000,200.000, 0.000, 0.000, 0.000, 0.000;
3.321,-1.618,-2.062,-1.602,-2.078,384.000,223.000, 0.808,0.000,0.000,0.000,200.000,200.000, 0.000, 0.000, 0.000, 0.000;
3.326,-1.618,-2.062,-1.602,-2.078,384.000,223.000, 0.808,0.000,0.000,0.000,200.000,200.000, 0.000, 0.000, 0.000, 0.000;
3.332,-1.618,-2.062,-1.602,-2.078,384.000,223.000, 0.808,0.000,0.000,0.000,200.000,200.000, 0.000, 0.000, 0.000, 0.000;
3.339,-1.618,-2.062,-1.602,-2.078,384.000,223.000, 0.808,0.000,0.000,0.000,200.000,200.000, 0.000, 0.000, 0.000, 0.000;
3.347,-1.618,-2.062,-1.602,-2.078,384.000,223.000, 0.808,0.000,0.000,0.000,200.000,200.000, 0.000, 0.000, 0.000, 0.000;
3.352,-1.618,-2.062,-1.602,-2.078,384.000,223.000, 0.808,0.000,0.000,0.000,200.000,200.000, 0.000, 0.000, 0.000, 0.000;
3.357,-1.618,-2.062,-1.602,-2.078,384.000,223.000, 0.808,0.000,0.000,0.000,200.000,200.000, 0.000, 0.000, 0.000, 0.000;
3.365,-1.618,-2.062,-1.602,-2.078,384.000,223.000, 0.808,0.000,0.000,0.000,200.000,200.000, 0.000, 0.000, 0.000, 0.000;
3.370,-1.618,-2.062,-1.602,-2.078,384.000,223.000, 0.808,0.000,0.000,0.000,200.000,200.000, 0.000, 0.000, 0.000, 0.000;
3.378,-1.618,-2.062,-1.602,-2.078,384.000,223.000, 0.808,0.000,0.000,0.000,200.000,200.000, 0.000, 0.000, 0.000, 0.000;
3.386,-1.618,-2.062,-1.602,-2.078,384.000,223.000, 0.808,0.000,0.000,0.000,200.000,200.000, 0.000, 0.000, 0.000, 0.000;
3.389,-1.618,-2.062,-1.602,-2.078,384.000,223.000, 0.808,0.000,0.000,0.000,200.000,200.000, 0.000, 0.000, 0.000, 0.000;
3.396,-1.618,-2.062,-1.602,-2.078,384.000,223.000, 0.808,0.000,0.000,0.000,200.000,200.000, 0.000, 0.000, 0.000, 0.000;
3.402,-1.618,-2.062,-1.602,-2.078,384.000,223.000, 0.808,0.000,0.000,0.000,200.000,200.000, 0.000, 0.000, 0.000, 0.000;
3.409,-1.618,-2.062,-1.602,-2.078,384.000,223.000, 0.808,0.000,0.000,0.000,200.000,200.000, 0.000, 0.000, 0.000, 0.000;
3.415,-1.618,-2.062,-1.602,-2.078,384.000,223.000, 0.808,0.000,0.000,0.000,200.000,200.000, 0.000, 0.000, 0.000, 0.000;
3.421,-1.618,-2.062,-1.602,-2.078,384.000,223.000, 0.808,0.000,0.000,0.000,200.000,200.000, 0.000, 0.000, 0.000, 0.000;
3.428,-1.618,-2.062,-1.602,-2.078,384.000,223.000, 0.808,0.000,0.000,0.000,200.000,200.000, 0.000, 0.000, 0.000, 0.000;
3.438,-1.618,-2.062,-1.602,-2.078,384.000,223.000, 0.808,0.000,0.000,0.000,200.000,200.000, 0.000, 0.000, 0.000, 0.000;
3.445,-1.618,-2.062,-1.602,-2.078,384.000,223.000, 0.808,0.000,0.000,0.000,200.000,200.000, 0.000, 0.000, 0.000, 0.000;
3.450,-1.618,-2.062,-1.602,-2.078,384.000,223.000, 0.808,0.000,0.000,0.000,200.000,200.000, 0.000, 0.000, 0.000, 0.000;
3.454,-1.618,-2.062,-1.602,-2.078,384.000,223.000, 0.808,0.000,0.000,0.000,200.000,200.000, 0.000, 0.000, 0.000, 0.000;
3.465,-1.618,-2.062,-1.602,-2.078,384.000,223.000, 0.808,0.000,0.000,0.000,200.000,200.000, 0.000, 0.000, 0.000, 0.000;
3.475,-1.618,-2.062,-1.602,-2.078,384.000,223.000, 0.808,0.000,0.000,0.000,200.000,200.000, 0.000, 0.000, 0.000, 0.000;
3.484,-1.618,-2.062,-1.602,-2.078,384.000,223.000, 0.808,0.000,0.000,0.000,200.000,200.000, 0.000, 0.000, 0.000, 0.000;
3.492,-1.618,-2.062,-1.602,-2.078,384.000,223.000, 0.808,0.000,0.000,0.000,200.000,200.000, 0.000, 0.000, 0.000, 0.000;
3.500,-1.618,-2.062,-1.602,-2.078,384.000,223.000, 0.808,0.000,0.000,0.000,200.000,200.000, 0.000, 0.000, 0.000, 0.000;
3.509,-1.618,-2.062,-1.602,-2.078,384.000,223.000, 0.808,0.000,0.000,0.000,200.000,200.000, 0.000, 0.000, 0.000, 0.000;
3.516,-1.618,-2.062,-1.602,-2.078,384.000,223.000, 0.808,0.000,0.000,0.000,200.000,200.000, 0.000, 0.000, 0.000, 0.000;
3.525,-1.618,-2.062,-1.602,-2.078,384.000,223.000, 0.808,0.000,0.000,0.000,200.000,200.000, 0.000, 0.000, 0.000, 0.000;
3.531,-1.618,-2.062,-1.602,-2.078,384.000,223.000, 0.808,0.000,0.000,0.000,200.000,200.000, 0.000, 0.000, 0.000, 0.000;
3.534,-1.618,-2.062,-1.602,-2.078,384.000,223.000, 0.808,0.000,0.000,0.000,200.000,200.000, 0.000, 0.000, 0.000, 0.000;
3.538,-1.618,-2.062,-1.602,-2.078,384.000,223.000, 0.808,0.000,0.000,0.000,200.000,200.000, 0.000, 0.000, 0.000, 0.000;
3.541,-1.618,-2.062,-1.602,-2.078,384.000,223.000, 0.808,0.000,0.000,0.000,200.000,200.000, 0.000, 0.000, 0.000, 0.000;
3.545,-1.618,-2.062,-1.602,-2.078,384.000,223.000, 0.808,0.000,0.000,0.000,200.000,200.000, 0.000, 0.000, 0.000, 0.000;
3.552,-1.618,-2.062,-1.602,-2.078,384.000,223.000, 0.808,0.000,0.000,0.000,200.000,200.000, 0.000, 0.000, 0.000, 0.000;
3.555,-1.618,-2.062,-1.602,-2.078,384.000,223.000, 0.808,0.000,0.000,0.000,200.000,200.000, 0.000, 0.000, 0.000, 0.000;
3.559,-1.618,-2.062,-1.602,-2.078,384.000,223.000, 0.808,0.000,0.000,0.000,200.000,200.000, 0.000, 0.000, 0.000, 0.000;
3.570,-1.618,-2.062,-1.602,-2.078,384.000,223.000, 0.808,0.000,0.000,0.000,200.000,200.000, 0.000, 0.000, 0.000, 0.000;
3.573,-1.618,-2.062,-1.602,-2.078,384.000,223.000, 0.808,0.000,0.000,0.000,200.000,200.000, 0.000, 0.000, 0.000, 0.000;
3.577,-1.618,-2.062,-1.602,-2.078,384.000,223.000, 0.808,0.000,0.000,0.000,200.000,200.000, 0.000, 0.000, 0.000, 0.000;
3.581,-1.618,-2.062,-1.602,-2.078,384.000,223.000, 0.808,0.000,0.000,0.000,200.000,200.000, 0.000, 0.000, 0.000, 0.000;
3.591,-1.618,-2.062,-1.602,-2.078,384.000,223.000, 0.808,0.000,0.000,0.000,200.000,200.000, 0.000, 0.000, 0.000, 0.000;
3.598,-1.618,-2.062,-1.602,-2.078,384.000,223.000, 0.808,0.000,0.000,0.000,200.000,200.000, 0.000, 0.000, 0.000, 0.000;
3.601,-1.618,-2.062,-1.602,-2.078,384.000,223.000, 0.808,0.000,0.000,0.000,200.000,200.000, 0.000, 0.000, 0.000, 0.000;
3.610,-1.618,-2.062,-1.602,-2.078,384.000,223.000, 0.808,0.000,0.000,0.000,200.000,200.000, 0.000, 0.000, 0.000, 0.000;
3.618,-1.618,-2.062,-1.602,-2.078,384.000,223.000, 0.808,0.000,0.000,0.000,200.000,200.000, 0.000, 0.000, 0.000, 0.000;
3.623,-1.618,-2.062,-1.602,-2.078,384.000,223.000, 0.808,0.000,0.000,0.000,200.000,200.000, 0.000, 0.000, 0.000, 0.000;
3.628,-1.618,-2.062,-1.602,-2.078,384.000,223.000, 0.808,0.000,0.000,0.000,200.000,200.000, 0.000, 0.000, 0.000, 0.000;
3.632,-1.618,-2.062,-1.602,-2.078,384.000,223.000, 0.808,0.000,0.000,0.000,200.000,200.000, 0.000, 0.000, 0.000, 0.000;
3.642,-1.618,-2.062,-1.602,-2.078,384.000,223.000, 0.808,0.000,0.000,0.000,200.000,200.000, 0.000, 0.000, 0.000, 0.000;
3.645,-1.618,-2.062,-1.602,-2.078,384.000,223.000, 0.808,0.000,0.000,0.000,200.000,200.000, 0.000, 0.000, 0.000, 0.000;
3.651,-1.618,-2.062,-1.602,-2.078,384.000,223.000, 0.808,0.000,0.000,0.000,200.000,200.000, 0.000, 0.000, 0.000, 0.000;
3.657,-1.618,-2.062,-1.602,-2.078,384.000,223.000, 0.808,0.000,0.000,0.000,200.000,200.000, 0.000, 0.000, 0.000, 0.000;
3.663,-1.618,-2.062,-1.602,-2.078,384.000,223.000, 0.808,0.000,0.000,0.000,200.000,200.000, 0.000, 0.000, 0.000, 0.000;
3.670,-1.618,-2.062,-1.602,-2.078,384.000,223.000, 0.808,0.000,0.000,0.000,200.000,200.000, 0.000, 0.000, 0.000, 0.000;
3.676,-1.618,-2.062,-1.602,-2.078,384.000,223.000, 0.808,0.000,0.000,0.000,200.000,200.000, 0.000, 0.000, 0.000, 0.000;
3.683,-1.618,-2.062,-1.602,-2.078,384.000,223.000, 0.808,0.000,0.000,0.000,200.000,200.000, 0.000, 0.000, 0.000, 0.000;
3.689,-1.618,-2.062,-1.602,-2.078,384.000,223.000, 0.808,0.000,0.000,0.000,200.000,200.000, 0.000, 0.000, 0.000, 0.000;
3.695,-1.618,-2.062,-1.602,-2.078,384.000,223.000, 0.808,0.000,0.000,0.000,200.000,200.000, 0.000, 0.000, 0.000, 0.000;
3.702,-1.618,-2.062,-1.602,-2.078,384.000,223.000, 0.808,0.000,0.000,0.000,200.000,200.000, 0.000, 0.000, 0.000, 0.000;
3.708,-1.618,-2.062,-1.602,-2.078,384.000,223.000, 0.808,0.000,0.000,0.000,200.000,200.000, 0.000, 0.000, 0.000, 0.000;
3.715,-1.618,-2.062,-1.602,-2.078,384.000,223.000, 0.808,0.000,0.000,0.000,200.000,200.000, 0.000, 0.000, 0.000, 0.000;
3.722,-1.618,-2.062,-1.602,-2.078,384.000,223.000, 0.808,0.000,0.000,0.000,200.000,200.000, 0.000, 0.000, 0.000, 0.000;
3.727,-1.618,-2.062,-1.602,-2.078,384.000,223.000, 0.808,0.000,0.000,0.000,200.000,200.000, 0.000, 0.000, 0.000, 0.000;
3.735,-1.618,-2.062,-1.602,-2.078,384.000,223.000, 0.808,0.000,0.000,0.000,200.000,200.000, 0.000, 0.000, 0.000, 0.000;
3.742,-1.618,-2.062,-1.602,-2.078,384.000,223.000, 0.808,0.000,0.000,0.000,200.000,200.000, 0.000, 0.000, 0.000, 0.000;
3.748,-1.618,-2.062,-1.602,-2.078,384.000,223.000, 0.808,0.000,0.000,0.000,200.000,200.000, 0.000, 0.000, 0.000, 0.000;
3.754,-1.618,-2.062,-1.602,-2.078,384.000,223.000, 0.808,0.000,0.000,0.000,200.000,200.000, 0.000, 0.000, 0.000, 0.000;
3.759,-1.618,-2.062,-1.602,-2.078,384.000,223.000, 0.808,0.000,0.000,0.000,200.000,200.000, 0.000, 0.000, 0.000, 0.000;
3.771,-1.618,-2.062,-1.602,-2.078,384.000,223.000, 0.808,0.000,0.000,0.000,200.000,200.000, 0.000, 0.000, 0.000, 0.000;
3.777,-1.618,-2.062,-1.602,-2.078,384.000,223.000, 0.808,0.000,0.000,0.000,200.000,200.000, 0.000, 0.000, 0.000, 0.000;
3.791,-1.618,-2.062,-1.602,-2.078,384.000,223.000, 0.808,0.000,0.000,0.000,200.000,200.000, 0.000, 0.000, 0.000, 0.000;
3.795,-1.618,-2.062,-1.602,-2.078,384.000,223.000, 0.808,0.000,0.000,0.000,200.000,200.000, 0.000, 0.000, 0.000, 0.000;
3.807,-1.618,-2.062,-1.602,-2.078,384.000,223.000, 0.808,0.000,0.000,0.000,200.000,200.000, 0.000, 0.000, 0.000, 0.000;
3.809,-1.618,-2.062,-1.602,-2.078,384.000,223.000, 0.808,0.000,0.000,0.000,200.000,200.000, 0.000, 0.000, 0.000, 0.000;
3.812,-1.618,-2.062,-1.602,-2.078,384.000,223.000, 0.808,0.000,0.000,0.000,200.000,200.000, 0.000, 0.000, 0.000, 0.000;
3.815,-1.618,-2.062,-1.602,-2.078,384.000,223.000, 0.808,0.000,0.000,0.000,200.000,200.000, 0.000, 0.000, 0.000, 0.000;
3.818,-1.618,-2.062,-1.602,-2.078,384.000,223.000, 0.808,0.000,0.000,0.000,200.000,200.000, 0.000, 0.000, 0.000, 0.000;
3.823,-1.618,-2.062,-1.602,-2.078,384.000,223.000, 0.808,0.000,0.000,0.000,200.000,200.000, 0.000, 0.000, 0.000, 0.000;
3.830,-1.618,-2.062,-1.602,-2.078,384.000,223.000, 0.808,0.000,0.000,0.000,200.000,200.000, 0.000, 0.000, 0.000, 0.000;
3.837,-1.618,-2.062,-1.602,-2.078,384.000,223.000, 0.808,0.000,0.000,0.000,200.000,200.000, 0.000, 0.000, 0.000, 0.000;
3.848,-1.618,-2.062,-1.602,-2.078,384.000,223.000, 0.808,0.000,0.000,0.000,200.000,200.000, 0.000, 0.000, 0.000, 0.000;
3.860,-1.618,-2.062,-1.602,-2.078,384.000,223.000, 0.808,0.000,0.000,0.000,200.000,200.000, 0.000, 0.000, 0.000, 0.000;
3.872,-1.618,-2.062,-1.602,-2.078,384.000,223.000, 0.808,0.000,0.000,0.000,200.000,200.000, 0.000, 0.000, 0.000, 0.000;
3.882,-1.618,-2.062,-1.602,-2.078,384.000,223.000, 0.808,0.000,0.000,0.000,200.000,200.000, 0.000, 0.000, 0.000, 0.000;
3.888,-1.618,-2.062,-1.602,-2.078,384.000,223.000, 0.808,0.000,0.000,0.000,200.000,200.000, 0.000, 0.000, 0.000, 0.000;
3.893,-1.618,-2.062,-1.602,-2.078,384.000,223.000, 0.808,0.000,0.000,0.000,200.000,200.000, 0.000, 0.000, 0.000, 0.000;
3.898,-1.618,-2.062,-1.602,-2.078,384.000,223.000, 0.808,0.000,0.000,0.000,200.000,200.000, 0.000, 0.000, 0.000, 0.000;
3.902,-1.618,-2.062,-1.602,-2.078,384.000,223.000, 0.808,0.000,0.000,0.000,200.000,200.000, 0.000, 0.000, 0.000, 0.000;
3.907,-1.618,-2.062,-1.602,-2.078,384.000,223.000, 0.808,0.000,0.000,0.000,200.000,200.000, 0.000, 0.000, 0.000, 0.000;
3.916,-1.618,-2.062,-1.602,-2.078,384.000,223.000, 0.808,0.000,0.000,0.000,200.000,200.000, 0.000, 0.000, 0.000, 0.000;
3.922,-1.618,-2.062,-1.602,-2.078,384.000,223.000, 0.808,0.000,0.000,0.000,200.000,200.000, 0.000, 0.000, 0.000, 0.000;
3.926,-1.618,-2.062,-1.602,-2.078,384.000,223.000, 0.808,0.000,0.000,0.000,200.000,200.000, 0.000, 0.000, 0.000, 0.000;
3.930,-1.618,-2.062,-1.602,-2.078,384.000,223.000, 0.808,0.000,0.000,0.000,200.000,200.000, 0.000, 0.000, 0.000, 0.000;
3.936,-1.618,-2.062,-1.602,-2.078,384.000,223.000, 0.808,0.000,0.000,0.000,200.000,200.000, 0.000, 0.000, 0.000, 0.000;
3.942,-1.618,-2.062,-1.602,-2.078,384.000,223.000, 0.808,0.000,0.000,0.000,200.000,200.000, 0.000, 0.000, 0.000, 0.000;
3.947,-1.618,-2.062,-1.602,-2.078,384.000,223.000, 0.808,0.000,0.000,0.000,200.000,200.000, 0.000, 0.000, 0.000, 0.000;
3.954,-1.618,-2.062,-1.602,-2.078,384.000,223.000, 0.808,0.000,0.000,0.000,200.000,200.000, 0.000, 0.000, 0.000, 0.000;
3.959,-1.618,-2.062,-1.602,-2.078,384.000,223.000, 0.808,0.000,0.000,0.000,200.000,200.000, 0.000, 0.000, 0.000, 0.000;
3.965,-1.618,-2.062,-1.602,-2.078,384.000,223.000, 0.808,0.000,0.000,0.000,200.000,200.000, 0.000, 0.000, 0.000, 0.000;
3.971,-1.618,-2.062,-1.602,-2.078,384.000,223.000, 0.808,0.000,0.000,0.000,200.000,200.000, 0.000, 0.000, 0.000, 0.000;
3.975,-1.618,-2.062,-1.602,-2.078,384.000,223.000, 0.808,0.000,0.000,0.000,200.000,200.000, 0.000, 0.000, 0.000, 0.000;
3.979,-1.618,-2.062,-1.602,-2.078,384.000,223.000, 0.808,0.000,0.000,0.000,200.000,200.000, 0.000, 0.000, 0.000, 0.000;
3.983,-1.618,-2.062,-1.602,-2.078,384.000,223.000, 0.808,0.000,0.000,0.000,200.000,200.000, 0.000, 0.000, 0.000, 0.000;
3.989,-1.618,-2.062,-1.602,-2.078,384.000,223.000, 0.808,0.000,0.000,0.000,200.000,200.000, 0.000, 0.000, 0.000, 0.000;
3.995,-1.618,-2.062,-1.602,-2.078,384.000,223.000, 0.808,0.000,0.000,0.000,200.000,200.000, 0.000, 0.000, 0.000, 0.000;
4.002,-1.618,-2.062,-1.602,-2.078,384.000,223.000, 0.808,0.000,0.000,0.000,200.000,200.000, 0.000, 0.000, 0.000, 0.000;
4.008,-1.618,-2.062,-1.602,-2.078,384.000,223.000, 0.808,0.000,0.000,0.000,200.000,200.000, 0.000, 0.000, 0.000, 0.000;
4.014,-1.618,-2.062,-1.602,-2.078,384.000,223.000, 0.808,0.000,0.000,0.000,200.000,200.000, 0.000, 0.000, 0.000, 0.000;
4.021,-1.618,-2.062,-1.602,-2.078,384.000,223.000, 0.808,0.000,0.000,0.000,200.000,200.000, 0.000, 0.000, 0.000, 0.000;
4.027,-1.618,-2.062,-1.602,-2.078,384.000,223.000, 0.808,0.000,0.000,0.000,200.000,200.000, 0.000, 0.000, 0.000, 0.000;
4.033,-1.618,-2.062,-1.602,-2.078,384.000,223.000, 0.808,0.000,0.000,0.000,200.000,200.000, 0.000, 0.000, 0.000, 0.000;
4.040,-1.618,-2.062,-1.602,-2.078,384.000,223.000, 0.808,0.000,0.000,0.000,200.000,200.000, 0.000, 0.000, 0.000, 0.000;
4.046,-1.618,-2.062,-1.602,-2.078,384.000,223.000, 0.808,0.000,0.000,0.000,200.000,200.000, 0.000, 0.000, 0.000, 0.000;
4.052,-1.618,-2.062,-1.602,-2.078,384.000,223.000, 0.808,0.000,0.000,0.000,200.000,200.000, 0.000, 0.000, 0.000, 0.000;
4.059,-1.618,-2.062,-1.602,-2.078,384.000,223.000, 0.808,0.000,0.000,0.000,200.000,200.000, 0.000, 0.000, 0.000, 0.000;
4.065,-1.618,-2.062,-1.602,-2.078,384.000,223.000, 0.808,0.000,0.000,0.000,200.000,200.000, 0.000, 0.000, 0.000, 0.000;
4.072,-1.618,-2.062,-1.602,-2.078,384.000,223.000, 0.808,0.000,0.000,0.000,200.000,200.000, 0.000, 0.000, 0.000, 0.000;
4.078,-1.618,-2.062,-1.602,-2.078,384.000,223.000, 0.808,0.000,0.000,0.000,200.000,200.000, 0.000, 0.000, 0.000, 0.000;
4.084,-1.618,-2.062,-1.602,-2.078,384.000,223.000, 0.808,0.000,0.000,0.000,200.000,200.000, 0.000, 0.000, 0.000, 0.000;
4.091,-1.618,-2.062,-1.602,-2.078,384.000,223.000, 0.808,0.000,0.000,0.000,200.000,200.000, 0.000, 0.000, 0.000, 0.000;
4.097,-1.618,-2.062,-1.602,-2.078,384.000,223.000, 0.808,0.000,0.000,0.000,200.000,200.000, 0.000, 0.000, 0.000, 0.000;
4.105,-1.618,-2.062,-1.602,-2.078,384.000,223.000, 0.808,0.000,0.000,0.000,200.000,200.000, 0.000, 0.000, 0.000, 0.000;
4.110,-1.618,-2.062,-1.602,-2.078,384.000,223.000, 0.808,0.000,0.000,0.000,200.000,200.000, 0.000, 0.000, 0.000, 0.000;
4.117,-1.618,-2.062,-1.602,-2.078,384.000,223.000, 0.808,0.000,0.000,0.000,200.000,200.000, 0.000, 0.000, 0.000, 0.000;
4.122,-1.618,-2.062,-1.602,-2.078,384.000,223.000, 0.808,0.000,0.000,0.000,200.000,200.000, 0.000, 0.000, 0.000, 0.000;
4.129,-1.618,-2.062,-1.602,-2.078,384.000,223.000, 0.808,0.000,0.000,0.000,200.000,200.000, 0.000, 0.000, 0.000, 0.000;
4.135,-1.618,-2.062,-1.602,-2.078,384.000,223.000, 0.808,0.000,0.000,0.000,200.000,200.000, 0.000, 0.000, 0.000, 0.000;
4.142,-1.618,-2.062,-1.602,-2.078,384.000,223.000, 0.808,0.000,0.000,0.000,200.000,200.000, 0.000, 0.000, 0.000, 0.000;
4.148,-1.618,-2.062,-1.602,-2.078,384.000,223.000, 0.808,0.000,0.000,0.000,200.000,200.000, 0.000, 0.000, 0.000, 0.000;
4.154,-1.618,-2.062,-1.602,-2.078,384.000,223.000, 0.808,0.000,0.000,0.000,200.000,200.000, 0.000, 0.000, 0.000, 0.000;
4.161,-1.618,-2.062,-1.602,-2.078,384.000,223.000, 0.808,0.000,0.000,0.000,200.000,200.000, 0.000, 0.000, 0.000, 0.000;
4.167,-1.618,-2.062,-1.602,-2.078,384.000,223.000, 0.808,0.000,0.000,0.000,200.000,200.000, 0.000, 0.000, 0.000, 0.000;
4.174,-1.618,-2.062,-1.602,-2.078,384.000,223.000, 0.808,0.000,0.000,0.000,200.000,200.000, 0.000, 0.000, 0.000, 0.000;
4.180,-1.618,-2.062,-1.602,-2.078,384.000,223.000, 0.808,0.000,0.000,0.000,200.000,200.000, 0.000, 0.000, 0.000, 0.000;
4.186,-1.618,-2.062,-1.602,-2.078,384.000,223.000, 0.808,0.000,0.000,0.000,200.000,200.000, 0.000, 0.000, 0.000, 0.000;
4.193,-1.618,-2.062,-1.602,-2.078,384.000,223.000, 0.808,0.000,0.000,0.000,200.000,200.000, 0.000, 0.000, 0.000, 0.000;
4.199,-1.618,-2.062,-1.602,-2.078,384.000,223.000, 0.808,0.000,0.000,0.000,200.000,200.000, 0.000, 0.000, 0.000, 0.000;
4.206,-1.618,-2.062,-1.602,-2.078,384.000,223.000, 0.808,0.000,0.000,0.000,200.000,200.000, 0.000, 0.000, 0.000, 0.000;
4.212,-1.618,-2.062,-1.602,-2.078,384.000,223.000, 0.808,0.000,0.000,0.000,200.000,200.000, 0.000, 0.000, 0.000, 0.000;
4.218,-1.618,-2.062,-1.602,-2.078,384.000,223.000, 0.808,0.000,0.000,0.000,200.000,200.000, 0.000, 0.000, 0.000, 0.000;
4.224,-1.618,-2.062,-1.602,-2.078,384.000,223.000, 0.808,0.000,0.000,0.000,200.000,200.000, 0.000, 0.000, 0.000, 0.000;
4.232,-1.618,-2.062,-1.602,-2.078,384.000,223.000, 0.808,0.000,0.000,0.000,200.000,200.000, 0.000, 0.000, 0.000, 0.000;
4.237,-1.618,-2.062,-1.602,-2.078,384.000,223.000, 0.808,0.000,0.000,0.000,200.000,200.000, 0.000, 0.000, 0.000, 0.000;
4.244,-1.618,-2.062,-1.602,-2.078,384.000,223.000, 0.808,0.000,0.000,0.000,200.000,200.000, 0.000, 0.000, 0.000, 0.000;
4.250,-1.618,-2.062,-1.602,-2.078,384.000,223.000, 0.808,0.000,0.000,0.000,200.000,200.000, 0.000, 0.000, 0.000, 0.000;
4.256,-1.618,-2.062,-1.602,-2.078,384.000,223.000, 0.808,0.000,0.000,0.000,200.000,200.000, 0.000, 0.000, 0.000, 0.000;
4.263,-1.618,-2.062,-1.602,-2.078,384.000,223.000, 0.808,0.000,0.000,0.000,200.000,200.000, 0.000, 0.000, 0.000, 0.000;
4.269,-1.618,-2.062,-1.602,-2.078,384.000,223.000, 0.808,0.000,0.000,0.000,200.000,200.000, 0.000, 0.000, 0.000, 0.000;
4.276,-1.618,-2.062,-1.602,-2.078,384.000,223.000, 0.808,0.000,0.000,0.000,200.000,200.000, 0.000, 0.000, 0.000, 0.000;
4.282,-1.618,-2.062,-1.602,-2.078,384.000,223.000, 0.808,0.000,0.000,0.000,200.000,200.000, 0.000, 0.000, 0.000, 0.000;
4.289,-1.618,-2.062,-1.602,-2.078,384.000,223.000, 0.808,0.000,0.000,0.000,200.000,200.000, 0.000, 0.000, 0.000, 0.000;
4.295,-1.618,-2.062,-1.602,-2.078,384.000,223.000, 0.808,0.000,0.000,0.000,200.000,200.000, 0.000, 0.000, 0.000, 0.000;
4.301,-1.618,-2.062,-1.602,-2.078,384.000,223.000, 0.808,0.000,0.000,0.000,200.000,200.000, 0.000, 0.000, 0.000, 0.000;
4.308,-1.618,-2.062,-1.602,-2.078,384.000,223.000, 0.808,0.000,0.000,0.000,200.000,200.000, 0.000, 0.000, 0.000, 0.000;
4.314,-1.618,-2.062,-1.602,-2.078,384.000,223.000, 0.808,0.000,0.000,0.000,200.000,200.000, 0.000, 0.000, 0.000, 0.000;
4.320,-1.618,-2.062,-1.602,-2.078,384.000,223.000, 0.808,0.000,0.000,0.000,200.000,200.000, 0.000, 0.000, 0.000, 0.000;
4.327,-1.618,-2.062,-1.602,-2.078,384.000,223.000, 0.808,0.000,0.000,0.000,200.000,200.000, 0.000, 0.000, 0.000, 0.000;
4.333,-1.618,-2.062,-1.602,-2.078,384.000,223.000, 0.808,0.000,0.000,0.000,200.000,200.000, 0.000, 0.000, 0.000, 0.000;
4.340,-1.618,-2.062,-1.602,-2.078,384.000,223.000, 0.808,0.000,0.000,0.000,200.000,200.000, 0.000, 0.000, 0.000, 0.000;
4.346,-1.618,-2.062,-1.602,-2.078,384.000,223.000, 0.808,0.000,0.000,0.000,200.000,200.000, 0.000, 0.000, 0.000, 0.000;
4.352,-1.618,-2.062,-1.602,-2.078,384.000,223.000, 0.808,0.000,0.000,0.000,200.000,200.000, 0.000, 0.000, 0.000, 0.000;
4.359,-1.618,-2.062,-1.602,-2.078,384.000,223.000, 0.808,0.000,0.000,0.000,200.000,200.000, 0.000, 0.000, 0.000, 0.000;
4.365,-1.618,-2.062,-1.602,-2.078,384.000,223.000, 0.808,0.000,0.000,0.000,200.000,200.000, 0.000, 0.000, 0.000, 0.000;
4.371,-1.618,-2.062,-1.602,-2.078,384.000,223.000, 0.808,0.000,0.000,0.000,200.000,200.000, 0.000, 0.000, 0.000, 0.000;
4.378,-1.618,-2.062,-1.602,-2.078,384.000,223.000, 0.808,0.000,0.000,0.000,200.000,200.000, 0.000, 0.000, 0.000, 0.000;
4.384,-1.618,-2.062,-1.602,-2.078,384.000,223.000, 0.808,0.000,0.000,0.000,200.000,200.000, 0.000, 0.000, 0.000, 0.000;
4.391,-1.618,-2.062,-1.602,-2.078,384.000,223.000, 0.808,0.000,0.000,0.000,200.000,200.000, 0.000, 0.000, 0.000, 0.000;
4.397,-1.618,-2.062,-1.602,-2.078,384.000,223.000, 0.808,0.000,0.000,0.000,200.000,200.000, 0.000, 0.000, 0.000, 0.000;
4.404,-1.618,-2.062,-1.602,-2.078,384.000,223.000, 0.808,0.000,0.000,0.000,200.000,200.000, 0.000, 0.000, 0.000, 0.000;
4.410,-1.618,-2.062,-1.602,-2.078,384.000,223.000, 0.808,0.000,0.000,0.000,200.000,200.000, 0.000, 0.000, 0.000, 0.000;
4.422,-1.618,-2.062,-1.602,-2.078,384.000,223.000, 0.808,0.000,0.000,0.000,200.000,200.000, 0.000, 0.000, 0.000, 0.000;
4.432,-1.618,-2.062,-1.602,-2.078,384.000,223.000, 0.808,0.000,0.000,0.000,200.000,200.000, 0.000, 0.000, 0.000, 0.000;
4.436,-1.618,-2.062,-1.602,-2.078,384.000,223.000, 0.808,0.000,0.000,0.000,200.000,200.000, 0.000, 0.000, 0.000, 0.000;
4.447,-1.618,-2.062,-1.602,-2.078,384.000,223.000, 0.808,0.000,0.000,0.000,200.000,200.000, 0.000, 0.000, 0.000, 0.000;
4.455,-1.618,-2.062,-1.602,-2.078,384.000,223.000, 0.808,0.000,0.000,0.000,200.000,200.000, 0.000, 0.000, 0.000, 0.000;
4.463,-1.618,-2.062,-1.602,-2.078,384.000,223.000, 0.808,0.000,0.000,0.000,200.000,200.000, 0.000, 0.000, 0.000, 0.000;
4.471,-1.618,-2.062,-1.602,-2.078,384.000,223.000, 0.808,0.000,0.000,0.000,200.000,200.000, 0.000, 0.000, 0.000, 0.000;
4.479,-1.618,-2.062,-1.602,-2.078,384.000,223.000, 0.808,0.000,0.000,0.000,200.000,200.000, 0.000, 0.000, 0.000, 0.000;
4.482,-1.618,-2.062,-1.602,-2.078,384.000,223.000, 0.808,0.000,0.000,0.000,200.000,200.000, 0.000, 0.000, 0.000, 0.000;
4.489,-1.618,-2.062,-1.602,-2.078,384.000,223.000, 0.808,0.000,0.000,0.000,200.000,200.000, 0.000, 0.000, 0.000, 0.000;
4.495,-1.618,-2.062,-1.602,-2.078,384.000,223.000, 0.808,0.000,0.000,0.000,200.000,200.000, 0.000, 0.000, 0.000, 0.000;
4.503,-1.618,-2.062,-1.602,-2.078,384.000,223.000, 0.808,0.000,0.000,0.000,200.000,200.000, 0.000, 0.000, 0.000, 0.000;
4.507,-1.618,-2.062,-1.602,-2.078,384.000,223.000, 0.808,0.000,0.000,0.000,200.000,200.000, 0.000, 0.000, 0.000, 0.000;
4.515,-1.618,-2.062,-1.602,-2.078,384.000,223.000, 0.808,0.000,0.000,0.000,200.000,200.000, 0.000, 0.000, 0.000, 0.000;
4.523,-1.618,-2.062,-1.602,-2.078,384.000,223.000, 0.808,0.000,0.000,0.000,200.000,200.000, 0.000, 0.000, 0.000, 0.000;
4.527,-1.618,-2.062,-1.602,-2.078,384.000,223.000, 0.808,0.000,0.000,0.000,200.000,200.000, 0.000, 0.000, 0.000, 0.000;
4.534,-1.618,-2.062,-1.602,-2.078,384.000,223.000, 0.808,0.000,0.000,0.000,200.000,200.000, 0.000, 0.000, 0.000, 0.000;
4.539,-1.618,-2.062,-1.602,-2.078,384.000,223.000, 0.808,0.000,0.000,0.000,200.000,200.000, 0.000, 0.000, 0.000, 0.000;
4.547,-1.618,-2.062,-1.602,-2.078,384.000,223.000, 0.808,0.000,0.000,0.000,200.000,200.000, 0.000, 0.000, 0.000, 0.000;
4.550,-1.618,-2.062,-1.602,-2.078,384.000,223.000, 0.808,0.000,0.000,0.000,200.000,200.000, 0.000, 0.000, 0.000, 0.000;
4.554,-1.618,-2.062,-1.602,-2.078,384.000,223.000, 0.808,0.000,0.000,0.000,200.000,200.000, 0.000, 0.000, 0.000, 0.000;
4.560,-1.618,-2.062,-1.602,-2.078,384.000,223.000, 0.808,0.000,0.000,0.000,200.000,200.000, 0.000, 0.000, 0.000, 0.000;
4.567,-1.618,-2.062,-1.602,-2.078,384.000,223.000, 0.808,0.000,0.000,0.000,200.000,200.000, 0.000, 0.000, 0.000, 0.000;
4.570,-1.618,-2.062,-1.602,-2.078,384.000,223.000, 0.808,0.000,0.000,0.000,200.000,200.000, 0.000, 0.000, 0.000, 0.000;
4.575,-1.618,-2.062,-1.602,-2.078,384.000,223.000, 0.808,0.000,0.000,0.000,200.000,200.000, 0.000, 0.000, 0.000, 0.000;
4.579,-1.618,-2.062,-1.602,-2.078,384.000,223.000, 0.808,0.000,0.000,0.000,200.000,200.000, 0.000, 0.000, 0.000, 0.000;
4.584,-1.618,-2.062,-1.602,-2.078,384.000,223.000, 0.808,0.000,0.000,0.000,200.000,200.000, 0.000, 0.000, 0.000, 0.000;
4.589,-1.618,-2.062,-1.602,-2.078,384.000,223.000, 0.808,0.000,0.000,0.000,200.000,200.000, 0.000, 0.000, 0.000, 0.000;
4.595,-1.618,-2.062,-1.602,-2.078,384.000,223.000, 0.808,0.000,0.000,0.000,200.000,200.000, 0.000, 0.000, 0.000, 0.000;
4.616,-1.618,-2.062,-1.602,-2.078,384.000,223.000, 0.808,0.000,0.000,0.000,200.000,200.000, 0.000, 0.000, 0.000, 0.000;
4.620,-1.618,-2.062,-1.602,-2.078,384.000,223.000, 0.808,0.000,0.000,0.000,200.000,200.000, 0.000, 0.000, 0.000, 0.000;
4.623,-1.618,-2.062,-1.602,-2.078,384.000,223.000, 0.808,0.000,0.000,0.000,200.000,200.000, 0.000, 0.000, 0.000, 0.000;
4.627,-1.618,-2.062,-1.602,-2.078,384.000,223.000, 0.808,0.000,0.000,0.000,200.000,200.000, 0.000, 0.000, 0.000, 0.000;
4.632,-1.618,-2.062,-1.602,-2.078,384.000,223.000, 0.808,0.000,0.000,0.000,200.000,200.000, 0.000, 0.000, 0.000, 0.000;
4.635,-1.618,-2.062,-1.602,-2.078,384.000,223.000, 0.808,0.000,0.000,0.000,200.000,200.000, 0.000, 0.000, 0.000, 0.000;
4.639,-1.618,-2.062,-1.602,-2.078,384.000,223.000, 0.808,0.000,0.000,0.000,200.000,200.000, 0.000, 0.000, 0.000, 0.000;
4.646,-1.618,-2.062,-1.602,-2.078,384.000,223.000, 0.808,0.000,0.000,0.000,200.000,200.000, 0.000, 0.000, 0.000, 0.000;
4.652,-1.618,-2.062,-1.602,-2.078,384.000,223.000, 0.808,0.000,0.000,0.000,200.000,200.000, 0.000, 0.000, 0.000, 0.000;
4.659,-1.618,-2.062,-1.602,-2.078,384.000,223.000, 0.808,0.000,0.000,0.000,200.000,200.000, 0.000, 0.000, 0.000, 0.000;
4.666,-1.618,-2.062,-1.602,-2.078,384.000,223.000, 0.808,0.000,0.000,0.000,200.000,200.000, 0.000, 0.000, 0.000, 0.000;
4.678,-1.618,-2.062,-1.602,-2.078,384.000,223.000, 0.808,0.000,0.000,0.000,200.000,200.000, 0.000, 0.000, 0.000, 0.000;
4.682,-1.618,-2.062,-1.602,-2.078,384.000,223.000, 0.808,0.000,0.000,0.000,200.000,200.000, 0.000, 0.000, 0.000, 0.000;
4.687,-1.618,-2.062,-1.602,-2.078,384.000,223.000, 0.808,0.000,0.000,0.000,200.000,200.000, 0.000, 0.000, 0.000, 0.000;
4.693,-1.618,-2.062,-1.602,-2.078,384.000,223.000, 0.808,0.000,0.000,0.000,200.000,200.000, 0.000, 0.000, 0.000, 0.000;
4.699,-1.618,-2.062,-1.602,-2.078,384.000,223.000, 0.808,0.000,0.000,0.000,200.000,200.000, 0.000, 0.000, 0.000, 0.000;
4.706,-1.618,-2.062,-1.602,-2.078,384.000,223.000, 0.808,0.000,0.000,0.000,200.000,200.000, 0.000, 0.000, 0.000, 0.000;
4.710,-1.618,-2.062,-1.602,-2.078,384.000,223.000, 0.808,0.000,0.000,0.000,200.000,200.000, 0.000, 0.000, 0.000, 0.000;
4.724,-1.618,-2.062,-1.602,-2.078,384.000,223.000, 0.808,0.000,0.000,0.000,200.000,200.000, 0.000, 0.000, 0.000, 0.000;
4.726,-1.618,-2.062,-1.602,-2.078,384.000,223.000, 0.808,0.000,0.000,0.000,200.000,200.000, 0.000, 0.000, 0.000, 0.000;
4.729,-1.618,-2.062,-1.602,-2.078,384.000,223.000, 0.808,0.000,0.000,0.000,200.000,200.000, 0.000, 0.000, 0.000, 0.000;
4.735,-1.618,-2.062,-1.602,-2.078,384.000,223.000, 0.808,0.000,0.000,0.000,200.000,200.000, 0.000, 0.000, 0.000, 0.000;
4.741,-1.618,-2.062,-1.602,-2.078,384.000,223.000, 0.808,0.000,0.000,0.000,200.000,200.000, 0.000, 0.000, 0.000, 0.000;
4.748,-1.618,-2.062,-1.602,-2.078,384.000,223.000, 0.808,0.000,0.000,0.000,200.000,200.000, 0.000, 0.000, 0.000, 0.000;
4.755,-1.618,-2.062,-1.602,-2.078,384.000,223.000, 0.808,0.000,0.000,0.000,200.000,200.000, 0.000, 0.000, 0.000, 0.000;
4.761,-1.618,-2.062,-1.602,-2.078,384.000,223.000, 0.808,0.000,0.000,0.000,200.000,200.000, 0.000, 0.000, 0.000, 0.000;
4.767,-1.618,-2.062,-1.602,-2.078,384.000,223.000, 0.808,0.000,0.000,0.000,200.000,200.000, 0.000, 0.000, 0.000, 0.000;
4.774,-1.618,-2.062,-1.602,-2.078,384.000,223.000, 0.808,0.000,0.000,0.000,200.000,200.000, 0.000, 0.000, 0.000, 0.000;
4.779,-1.618,-2.062,-1.602,-2.078,384.000,223.000, 0.808,0.000,0.000,0.000,200.000,200.000, 0.000, 0.000, 0.000, 0.000;
4.788,-1.618,-2.062,-1.602,-2.078,384.000,223.000, 0.808,0.000,0.000,0.000,200.000,200.000, 0.000, 0.000, 0.000, 0.000;
4.792,-1.618,-2.062,-1.602,-2.078,384.000,223.000, 0.808,0.000,0.000,0.000,200.000,200.000, 0.000, 0.000, 0.000, 0.000;
4.801,-1.618,-2.062,-1.602,-2.078,384.000,223.000, 0.808,0.000,0.000,0.000,200.000,200.000, 0.000, 0.000, 0.000, 0.000;
4.805,-1.618,-2.062,-1.602,-2.078,384.000,223.000, 0.808,0.000,0.000,0.000,200.000,200.000, 0.000, 0.000, 0.000, 0.000;
4.812,-1.618,-2.062,-1.602,-2.078,384.000,223.000, 0.808,0.000,0.000,0.000,200.000,200.000, 0.000, 0.000, 0.000, 0.000;
4.820,-1.618,-2.062,-1.602,-2.078,384.000,223.000, 0.808,0.000,0.000,0.000,200.000,200.000, 0.000, 0.000, 0.000, 0.000;
4.825,-1.618,-2.062,-1.602,-2.078,384.000,223.000, 0.808,0.000,0.000,0.000,200.000,200.000, 0.000, 0.000, 0.000, 0.000;
4.833,-1.618,-2.062,-1.602,-2.078,384.000,223.000, 0.808,0.000,0.000,0.000,200.000,200.000, 0.000, 0.000, 0.000, 0.000;
4.839,-1.618,-2.062,-1.602,-2.078,384.000,223.000, 0.808,0.000,0.000,0.000,200.000,200.000, 0.000, 0.000, 0.000, 0.000;
4.844,-1.618,-2.062,-1.602,-2.078,384.000,223.000, 0.808,0.000,0.000,0.000,200.000,200.000, 0.000, 0.000, 0.000, 0.000;
4.850,-1.618,-2.062,-1.602,-2.078,384.000,223.000, 0.808,0.000,0.000,0.000,200.000,200.000, 0.000, 0.000, 0.000, 0.000;
4.856,-1.618,-2.062,-1.602,-2.078,384.000,223.000, 0.808,0.000,0.000,0.000,200.000,200.000, 0.000, 0.000, 0.000, 0.000;
4.862,-1.618,-2.062,-1.602,-2.078,384.000,223.000, 0.808,0.000,0.000,0.000,200.000,200.000, 0.000, 0.000, 0.000, 0.000;
4.869,-1.618,-2.062,-1.602,-2.078,384.000,223.000, 0.808,0.000,0.000,0.000,200.000,200.000, 0.000, 0.000, 0.000, 0.000;
4.878,-1.618,-2.062,-1.602,-2.078,384.000,223.000, 0.808,0.000,0.000,0.000,200.000,200.000, 0.000, 0.000, 0.000, 0.000;
4.884,-1.618,-2.062,-1.602,-2.078,384.000,223.000, 0.808,0.000,0.000,0.000,200.000,200.000, 0.000, 0.000, 0.000, 0.000;
4.889,-1.618,-2.062,-1.602,-2.078,384.000,223.000, 0.808,0.000,0.000,0.000,200.000,200.000, 0.000, 0.000, 0.000, 0.000;
4.894,-1.618,-2.062,-1.602,-2.078,384.000,223.000, 0.808,0.000,0.000,0.000,200.000,200.000, 0.000, 0.000, 0.000, 0.000;
4.901,-1.618,-2.062,-1.602,-2.078,384.000,223.000, 0.808,0.000,0.000,0.000,200.000,200.000, 0.000, 0.000, 0.000, 0.000;
4.907,-1.618,-2.062,-1.602,-2.078,384.000,223.000, 0.808,0.000,0.000,0.000,200.000,200.000, 0.000, 0.000, 0.000, 0.000;
4.913,-1.618,-2.062,-1.602,-2.078,384.000,223.000, 0.808,0.000,0.000,0.000,200.000,200.000, 0.000, 0.000, 0.000, 0.000;
4.919,-1.618,-2.062,-1.602,-2.078,384.000,223.000, 0.808,0.000,0.000,0.000,200.000,200.000, 0.000, 0.000, 0.000, 0.000;
4.926,-1.618,-2.062,-1.602,-2.078,384.000,223.000, 0.808,0.000,0.000,0.000,200.000,200.000, 0.000, 0.000, 0.000, 0.000;
4.933,-1.618,-2.062,-1.602,-2.078,384.000,223.000, 0.808,0.000,0.000,0.000,200.000,200.000, 0.000, 0.000, 0.000, 0.000;
4.939,-1.618,-2.062,-1.602,-2.078,384.000,223.000, 0.808,0.000,0.000,0.000,200.000,200.000, 0.000, 0.000, 0.000, 0.000;
4.945,-1.618,-2.062,-1.602,-2.078,384.000,223.000, 0.808,0.000,0.000,0.000,200.000,200.000, 0.000, 0.000, 0.000, 0.000;
4.951,-1.618,-2.062,-1.602,-2.078,384.000,223.000, 0.808,0.000,0.000,0.000,200.000,200.000, 0.000, 0.000, 0.000, 0.000;
4.958,-1.618,-2.062,-1.602,-2.078,384.000,223.000, 0.808,0.000,0.000,0.000,200.000,200.000, 0.000, 0.000, 0.000, 0.000;
4.964,-1.618,-2.062,-1.602,-2.078,384.000,223.000, 0.808,0.000,0.000,0.000,200.000,200.000, 0.000, 0.000, 0.000, 0.000;
4.971,-1.618,-2.062,-1.602,-2.078,384.000,223.000, 0.808,0.000,0.000,0.000,200