0.000,0.000,0.000,0.000,0.000, 0.000, 0.000, 0.000,0.000,0.000,0.000, 0.000, 0.000, 0.000;
0.014,-0.009,-0.170,-0.009,-0.170, 0.000,-0.004,-0.015,0.000,0.000,0.000, 0.000, 0.004, 0.643;
0.019,-0.009,-0.170,-0.009,-0.170, 0.000,-0.004,-0.015,0.000,0.000,0.000, 0.000, 0.004, 0.643;
0.027,-0.009,-0.170,-0.009,-0.170, 0.000,-0.004,-0.015,0.000,0.000,0.000, 0.000, 0.004, 0.643;
0.039,-0.010,-0.169,-0.010,-0.169, 0.000,-0.004,-0.015,0.000,0.000,0.000, 0.000, 0.004, 0.643;
0.061,-0.010,-0.169,-0.010,-0.169, 0.000,-0.004,-0.015,0.000,0.000,0.000, 0.000, 0.004, 0.643;
0.072,-0.011,-0.168,-0.011,-0.168, 0.000,-0.004,-0.015,0.000,0.000,0.000, 0.000, 0.004, 0.643;
0.084,-0.011,-0.168,-0.011,-0.168, 0.000,-0.004,-0.015,0.000,0.000,0.000, 0.000, 0.004, 0.643;
0.096,-0.011,-0.168,-0.011,-0.168, 0.000,-0.004,-0.015,0.000,0.000,0.000, 0.000, 0.004, 0.643;
0.107,-0.011,-0.167,-0.011,-0.167, 0.000,-0.004,-0.015,0.000,0.000,0.000, 0.000, 0.004, 0.643;
0.119,-0.012,-0.167,-0.012,-0.167, 0.000,-0.004,-0.015,0.000,0.000,0.000, 0.000, 0.004, 0.643;
0.130,-0.012,-0.167,-0.012,-0.167, 0.000,-0.004,-0.015,0.000,0.000,0.000, 0.000, 0.004, 0.643;
0.142,-0.012,-0.166,-0.012,-0.166, 0.000,-0.004,-0.015,0.000,0.000,0.000, 0.000, 0.004, 0.643;
0.153,-0.013,-0.166,-0.013,-0.166, 0.000,-0.004,-0.015,0.000,0.000,0.000, 0.000, 0.004, 0.643;
0.164,-0.013,-0.166,-0.013,-0.166, 0.000,-0.004,-0.015,0.000,0.000,0.000, 0.000, 0.004, 0.643;
0.176,-0.013,-0.165,-0.013,-0.165, 0.000,-0.004,-0.015,0.000,0.000,0.000, 0.000, 0.004, 0.643;
0.188,-0.014,-0.165,-0.014,-0.165, 0.000,-0.004,-0.015,0.000,0.000,0.000, 0.000, 0.004, 0.643;
0.199,-0.014,-0.165,-0.014,-0.165, 0.000,-0.004,-0.015,0.000,0.000,0.000, 0.000, 0.004, 0.643;
0.211,-0.014,-0.164,-0.014,-0.164, 0.000,-0.004,-0.015,0.000,0.000,0.000, 0.000, 0.004, 0.643;
0.222,-0.015,-0.164,-0.015,-0.164, 0.000,-0.004,-0.015,0.000,0.000,0.000, 0.000, 0.004, 0.643;
0.244,-0.015,-0.163,-0.015,-0.163, 0.000,-0.004,-0.015,0.000,0.000,0.000, 0.000, 0.004, 0.643;
0.256,-0.015,-0.163,-0.015,-0.163, 0.000,-0.004,-0.015,0.000,0.000,0.000, 0.000, 0.004, 0.643;
0.268,-0.016,-0.163,-0.016,-0.163, 0.000,-0.004,-0.015,0.000,0.000,0.000, 0.000, 0.004, 0.643;
0.279,-0.016,-0.162,-0.016,-0.162, 0.000,-0.004,-0.015,0.000,0.000,0.000, 0.000, 0.004, 0.643;
0.299,-0.017,-0.162,-0.017,-0.162, 0.000,-0.004,-0.015,0.000,0.000,0.000, 0.000, 0.004, 0.643;
0.303,-0.017,-0.161,-0.017,-0.161, 0.000,-0.004,-0.015,0.000,0.000,0.000, 0.000, 0.004, 0.643;
0.314,-0.017,-0.161,-0.017,-0.161, 0.000,-0.004,-0.015,0.000,0.000,0.000, 0.000, 0.004, 0.643;
0.326,-0.017,-0.161,-0.017,-0.161, 0.000,-0.004,-0.015,0.000,0.000,0.000, 0.000, 0.004, 0.643;
0.337,-0.017,-0.160,-0.017,-0.160, 0.000,-0.004,-0.015,0.000,0.000,0.000, 0.000, 0.004, 0.643;
0.348,-0.018,-0.160,-0.018,-0.160, 0.000,-0.004,-0.015,0.000,0.000,0.000, 0.000, 0.004, 0.643;
0.360,-0.018,-0.160,-0.018,-0.160, 0.000,-0.004,-0.015,0.000,0.000,0.000, 0.000, 0.004, 0.643;
0.371,-0.018,-0.159,-0.018,-0.159, 0.000,-0.004,-0.015,0.000,0.000,0.000, 0.000, 0.004, 0.643;
0.384,-0.019,-0.159,-0.019,-0.159, 0.000,-0.004,-0.015,0.000,0.000,0.000, 0.000, 0.004, 0.643;
0.394,-0.019,-0.159,-0.019,-0.159, 0.000,-0.004,-0.015,0.000,0.000,0.000, 0.000, 0.004, 0.643;
0.405,-0.019,-0.158,-0.019,-0.158, 0.000,-0.004,-0.015,0.000,0.000,0.000, 0.000, 0.004, 0.643;
0.427,-0.020,-0.158,-0.020,-0.158, 0.000,-0.004,-0.015,0.000,0.000,0.000, 0.000, 0.004, 0.643;
0.438,-0.020,-0.157,-0.020,-0.157, 0.000,-0.004,-0.015,0.000,0.000,0.000, 0.000, 0.004, 0.643;
0.449,-0.020,-0.157,-0.020,-0.157, 0.000,-0.004,-0.015,0.000,0.000,0.000, 0.000, 0.004, 0.643;
0.460,-0.020,-0.157,-0.020,-0.157, 0.000,-0.004,-0.015,0.000,0.000,0.000, 0.000, 0.004, 0.643;
0.472,-0.021,-0.156,-0.021,-0.156, 0.000,-0.004,-0.015,0.000,0.000,0.000, 0.000, 0.004, 0.643;
0.483,-0.021,-0.156,-0.021,-0.156, 0.000,-0.004,-0.015,0.000,0.000,0.000, 0.000, 0.004, 0.643;
0.494,-0.021,-0.155,-0.021,-0.155, 0.000,-0.004,-0.015,0.000,0.000,0.000, 0.000, 0.004, 0.643;
0.505,-0.022,-0.155,-0.022,-0.155, 0.000,-0.004,-0.015,0.000,0.000,0.000, 0.000, 0.004, 0.643;
0.516,-0.022,-0.155,-0.022,-0.155, 0.000,-0.004,-0.015,0.000,0.000,0.000, 0.000, 0.004, 0.643;
0.537,-0.022,-0.154,-0.022,-0.154, 0.000,-0.004,-0.015,0.000,0.000,0.000, 0.000, 0.004, 0.643;
0.548,-0.023,-0.154,-0.023,-0.154, 0.000,-0.004,-0.015,0.000,0.000,0.000, 0.000, 0.004, 0.643;
0.559,-0.023,-0.153,-0.023,-0.153, 0.000,-0.004,-0.015,0.000,0.000,0.000, 0.000, 0.004, 0.643;
0.571,-0.023,-0.153,-0.023,-0.153, 0.000,-0.004,-0.015,0.000,0.000,0.000, 0.000, 0.004, 0.643;
0.584,-0.023,-0.153,-0.023,-0.153, 0.000,-0.004,-0.015,0.000,0.000,0.000, 0.000, 0.004, 0.643;
0.596,-0.024,-0.152,-0.024,-0.152, 0.000,-0.004,-0.015,0.000,0.000,0.000, 0.000, 0.004, 0.643;
0.607,-0.024,-0.152,-0.024,-0.152, 0.000,-0.004,-0.015,0.000,0.000,0.000, 0.000, 0.004, 0.643;
0.619,-0.024,-0.151,-0.024,-0.151, 0.000,-0.004,-0.015,0.000,0.000,0.000, 0.000, 0.004, 0.643;
0.630,-0.024,-0.151,-0.024,-0.151, 0.000,-0.004,-0.015,0.000,0.000,0.000, 0.000, 0.004, 0.643;
0.641,-0.025,-0.151,-0.025,-0.151, 0.000,-0.004,-0.015,0.000,0.000,0.000, 0.000, 0.004, 0.643;
0.652,-0.025,-0.150,-0.025,-0.150, 0.000,-0.004,-0.015,0.000,0.000,0.000, 0.000, 0.004, 0.643;
0.664,-0.025,-0.150,-0.025,-0.150, 0.000,-0.004,-0.015,0.000,0.000,0.000, 0.000, 0.004, 0.643;
0.675,-0.025,-0.150,-0.025,-0.150, 0.000,-0.004,-0.015,0.000,0.000,0.000, 0.000, 0.004, 0.643;
0.697,-0.026,-0.149,-0.026,-0.149, 0.000,-0.004,-0.015,0.000,0.000,0.000, 0.000, 0.004, 0.643;
0.709,-0.026,-0.148,-0.026,-0.148, 0.000,-0.004,-0.015,0.000,0.000,0.000, 0.000, 0.004, 0.643;
0.712,-0.026,-0.148,-0.026,-0.148, 0.000,-0.004,-0.015,0.000,0.000,0.000, 0.000, 0.004, 0.643;
0.733,-0.027,-0.148,-0.027,-0.148, 0.000,-0.004,-0.015,0.000,0.000,0.000, 0.000, 0.004, 0.643;
0.746,-0.027,-0.147,-0.027,-0.147, 0.000,-0.004,-0.015,0.000,0.000,0.000, 0.000, 0.004, 0.643;
0.751,-0.027,-0.147,-0.027,-0.147, 0.000,-0.004,-0.015,0.000,0.000,0.000, 0.000, 0.004, 0.643;
0.770,-0.027,-0.146,-0.027,-0.146, 0.000,-0.004,-0.015,0.000,0.000,0.000, 0.000, 0.004, 0.643;
0.783,-0.028,-0.146,-0.028,-0.146, 0.000,-0.004,-0.015,0.000,0.000,0.000, 0.000, 0.004, 0.643;
0.785,-0.028,-0.146,-0.028,-0.146, 0.000,-0.004,-0.015,0.000,0.000,0.000, 0.000, 0.004, 0.643;
0.806,-0.028,-0.145,-0.028,-0.145, 0.000,-0.004,-0.015,0.000,0.000,0.000, 0.000, 0.004, 0.643;
0.818,-0.028,-0.145,-0.028,-0.145, 0.000,-0.004,-0.015,0.000,0.000,0.000, 0.000, 0.004, 0.643;
0.830,-0.029,-0.144,-0.029,-0.144, 0.000,-0.004,-0.015,0.000,0.000,0.000, 0.000, 0.004, 0.643;
0.842,-0.029,-0.144,-0.029,-0.144, 0.000,-0.004,-0.015,0.000,0.000,0.000, 0.000, 0.004, 0.643;
0.854,-0.029,-0.143,-0.029,-0.143, 0.000,-0.004,-0.015,0.000,0.000,0.000, 0.000, 0.004, 0.643;
0.866,-0.029,-0.143,-0.029,-0.143, 0.000,-0.004,-0.015,0.000,0.000,0.000, 0.000, 0.004, 0.643;
0.878,-0.030,-0.143,-0.030,-0.143, 0.000,-0.004,-0.015,0.000,0.000,0.000, 0.000, 0.004, 0.643;
0.891,-0.030,-0.142,-0.030,-0.142, 0.000,-0.004,-0.015,0.000,0.000,0.000, 0.000, 0.004, 0.643;
0.904,-0.030,-0.142,-0.030,-0.142, 0.000,-0.004,-0.015,0.000,0.000,0.000, 0.000, 0.004, 0.643;
0.916,-0.030,-0.141,-0.030,-0.141, 0.000,-0.004,-0.015,0.000,0.000,0.000, 0.000, 0.004, 0.643;
0.928,-0.030,-0.141,-0.030,-0.141, 0.000,-0.004,-0.015,0.000,0.000,0.000, 0.000, 0.004, 0.643;
0.941,-0.031,-0.140,-0.031,-0.140, 0.000,-0.004,-0.015,0.000,0.000,0.000, 0.000, 0.004, 0.643;
0.953,-0.031,-0.140,-0.031,-0.140, 0.000,-0.004,-0.015,0.000,0.000,0.000, 0.000, 0.004, 0.643;
0.965,-0.031,-0.140,-0.031,-0.140, 0.000,-0.004,-0.015,0.000,0.000,0.000, 0.000, 0.004, 0.643;
0.977,-0.031,-0.139,-0.031,-0.139, 0.000,-0.004,-0.015,0.000,0.000,0.000, 0.000, 0.004, 0.643;
0.989,-0.032,-0.139,-0.032,-0.139, 0.000,-0.004,-0.015,0.000,0.000,0.000, 0.000, 0.004, 0.643;
1.000,-0.032,-0.138,-0.032,-0.138, 0.000,-0.004,-0.015,0.000,0.000,0.000, 0.000, 0.004, 0.643;
1.012,-0.032,-0.138,-0.032,-0.138, 0.000,-0.004,-0.015,0.000,0.000,0.000, 0.000, 0.004, 0.643;
1.023,-0.032,-0.138,-0.032,-0.138, 0.000,-0.004,-0.015,0.000,0.000,0.000, 0.000, 0.004, 0.643;
1.034,-0.032,-0.137,-0.032,-0.137, 0.000,-0.004,-0.015,0.000,0.000,0.000, 0.000, 0.004, 0.643;
1.045,-0.033,-0.137,-0.033,-0.137, 0.000,-0.004,-0.015,0.000,0.000,0.000, 0.000, 0.004, 0.643;
1.056,-0.033,-0.136,-0.033,-0.136, 0.000,-0.004,-0.015,0.000,0.000,0.000, 0.000, 0.004, 0.643;
1.068,-0.033,-0.136,-0.033,-0.136, 0.000,-0.004,-0.015,0.000,0.000,0.000, 0.000, 0.004, 0.643;
1.079,-0.033,-0.136,-0.033,-0.136, 0.000,-0.004,-0.015,0.000,0.000,0.000, 0.000, 0.004, 0.643;
1.090,-0.033,-0.135,-0.033,-0.135, 0.000,-0.004,-0.015,0.000,0.000,0.000, 0.000, 0.004, 0.643;
1.111,-0.034,-0.134,-0.034,-0.134, 0.000,-0.004,-0.015,0.000,0.000,0.000, 0.000, 0.004, 0.643;
1.122,-0.034,-0.134,-0.034,-0.134, 0.000,-0.004,-0.015,0.000,0.000,0.000, 0.000, 0.004, 0.643;
1.134,-0.034,-0.134,-0.034,-0.134, 0.000,-0.004,-0.015,0.000,0.000,0.000, 0.000, 0.004, 0.643;
1.145,-0.034,-0.133,-0.034,-0.133, 0.000,-0.004,-0.015,0.000,0.000,0.000, 0.000, 0.004, 0.643;
1.156,-0.034,-0.133,-0.034,-0.133, 0.000,-0.004,-0.015,0.000,0.000,0.000, 0.000, 0.004, 0.643;
1.167,-0.035,-0.132,-0.035,-0.132, 0.000,-0.004,-0.015,0.000,0.000,0.000, 0.000, 0.004, 0.643;
1.178,-0.035,-0.132,-0.035,-0.132, 0.000,-0.004,-0.015,0.000,0.000,0.000, 0.000, 0.004, 0.643;
1.189,-0.035,-0.132,-0.035,-0.132, 0.000,-0.004,-0.015,0.000,0.000,0.000, 0.000, 0.004, 0.643;
1.200,-0.035,-0.131,-0.035,-0.131, 0.000,-0.004,-0.015,0.000,0.000,0.000, 0.000, 0.004, 0.643;
1.222,-0.036,-0.130,-0.036,-0.130, 0.000,-0.004,-0.015,0.000,0.000,0.000, 0.000, 0.004, 0.643;
1.234,-0.036,-0.130,-0.036,-0.130, 0.000,-0.004,-0.015,0.000,0.000,0.000, 0.000, 0.004, 0.643;
1.245,-0.036,-0.129,-0.036,-0.129, 0.000,-0.004,-0.015,0.000,0.000,0.000, 0.000, 0.004, 0.643;
1.257,-0.036,-0.129,-0.036,-0.129, 0.000,-0.004,-0.015,0.000,0.000,0.000, 0.000, 0.004, 0.643;
1.268,-0.036,-0.129,-0.036,-0.129, 0.000,-0.004,-0.015,0.000,0.000,0.000, 0.000, 0.004, 0.643;
1.280,-0.036,-0.128,-0.036,-0.128, 0.000,-0.004,-0.015,0.000,0.000,0.000, 0.000, 0.004, 0.643;
1.292,-0.037,-0.128,-0.037,-0.128, 0.000,-0.004,-0.015,0.000,0.000,0.000, 0.000, 0.004, 0.643;
1.306,-0.037,-0.127,-0.037,-0.127, 0.000,-0.004,-0.015,0.000,0.000,0.000, 0.000, 0.004, 0.643;
1.318,-0.037,-0.127,-0.037,-0.127, 0.000,-0.004,-0.015,0.000,0.000,0.000, 0.000, 0.004, 0.643;
1.330,-0.037,-0.126,-0.037,-0.126, 0.000,-0.004,-0.015,0.000,0.000,0.000, 0.000, 0.004, 0.643;
1.342,-0.037,-0.126,-0.037,-0.126, 0.000,-0.004,-0.015,0.000,0.000,0.000, 0.000, 0.004, 0.643;
1.354,-0.037,-0.125,-0.037,-0.125, 0.000,-0.004,-0.015,0.000,0.000,0.000, 0.000, 0.004, 0.643;
1.366,-0.038,-0.125,-0.038,-0.125, 0.000,-0.004,-0.015,0.000,0.000,0.000, 0.000, 0.004, 0.643;
1.378,-0.038,-0.125,-0.038,-0.125, 0.000,-0.004,-0.015,0.000,0.000,0.000, 0.000, 0.004, 0.643;
1.391,-0.038,-0.124,-0.038,-0.124, 0.000,-0.004,-0.015,0.000,0.000,0.000, 0.000, 0.004, 0.643;
1.404,-0.038,-0.124,-0.038,-0.124, 0.000,-0.004,-0.015,0.000,0.000,0.000, 0.000, 0.004, 0.643;
1.415,-0.038,-0.123,-0.038,-0.123, 0.000,-0.004,-0.015,0.000,0.000,0.000, 0.000, 0.004, 0.643;
1.427,-0.038,-0.123,-0.038,-0.123, 0.000,-0.004,-0.015,0.000,0.000,0.000, 0.000, 0.004, 0.643;
1.439,-0.039,-0.122,-0.039,-0.122, 0.000,-0.004,-0.015,0.000,0.000,0.000, 0.000, 0.004, 0.643;
1.452,-0.039,-0.122,-0.039,-0.122, 0.000,-0.004,-0.015,0.000,0.000,0.000, 0.000, 0.004, 0.643;
1.464,-0.039,-0.121,-0.039,-0.121, 0.000,-0.004,-0.015,0.000,0.000,0.000, 0.000, 0.004, 0.643;
1.476,-0.039,-0.121,-0.039,-0.121, 0.000,-0.004,-0.015,0.000,0.000,0.000, 0.000, 0.004, 0.643;
1.489,-0.039,-0.120,-0.039,-0.120, 0.000,-0.004,-0.015,0.000,0.000,0.000, 0.000, 0.004, 0.643;
1.501,-0.039,-0.120,-0.039,-0.120, 0.000,-0.004,-0.015,0.000,0.000,0.000, 0.000, 0.004, 0.643;
1.512,-0.040,-0.120,-0.040,-0.120, 0.000,-0.004,-0.015,0.000,0.000,0.000, 0.000, 0.004, 0.643;
1.525,-0.040,-0.119,-0.040,-0.119, 0.000,-0.004,-0.015,0.000,0.000,0.000, 0.000, 0.004, 0.643;
1.537,-0.040,-0.119,-0.040,-0.119, 0.000,-0.004,-0.015,0.000,0.000,0.000, 0.000, 0.004, 0.643;
1.549,-0.040,-0.118,-0.040,-0.118, 0.000,-0.004,-0.015,0.000,0.000,0.000, 0.000, 0.004, 0.643;
1.561,-0.040,-0.118,-0.040,-0.118, 0.000,-0.004,-0.015,0.000,0.000,0.000, 0.000, 0.004, 0.643;
1.572,-0.040,-0.117,-0.040,-0.117, 0.000,-0.004,-0.015,0.000,0.000,0.000, 0.000, 0.004, 0.643;
1.584,-0.040,-0.117,-0.040,-0.117, 0.000,-0.004,-0.015,0.000,0.000,0.000, 0.000, 0.004, 0.643;
1.596,-0.041,-0.116,-0.041,-0.116, 0.000,-0.004,-0.015,0.000,0.000,0.000, 0.000, 0.004, 0.643;
1.607,-0.041,-0.116,-0.041,-0.116, 0.000,-0.004,-0.015,0.000,0.000,0.000, 0.000, 0.004, 0.643;
1.619,-0.041,-0.115,-0.041,-0.115, 0.000,-0.004,-0.015,0.000,0.000,0.000, 0.000, 0.004, 0.643;
1.631,-0.041,-0.115,-0.041,-0.115, 0.000,-0.004,-0.015,0.000,0.000,0.000, 0.000, 0.004, 0.643;
1.642,-0.041,-0.115,-0.041,-0.115, 0.000,-0.004,-0.015,0.000,0.000,0.000, 0.000, 0.004, 0.643;
1.654,-0.041,-0.114,-0.041,-0.114, 0.000,-0.004,-0.015,0.000,0.000,0.000, 0.000, 0.004, 0.643;
1.666,-0.041,-0.114,-0.041,-0.114, 0.000,-0.004,-0.015,0.000,0.000,0.000, 0.000, 0.004, 0.643;
1.678,-0.041,-0.113,-0.041,-0.113, 0.000,-0.004,-0.015,0.000,0.000,0.000, 0.000, 0.004, 0.643;
1.700,-0.042,-0.112,-0.042,-0.112, 0.000,-0.004,-0.015,0.000,0.000,0.000, 0.000, 0.004, 0.643;
1.703,-0.042,-0.112,-0.042,-0.112, 0.000,-0.004,-0.015,0.000,0.000,0.000, 0.000, 0.004, 0.643;
1.714,-0.042,-0.112,-0.042,-0.112, 0.000,-0.004,-0.015,0.000,0.000,0.000, 0.000, 0.004, 0.643;
1.736,-0.042,-0.111,-0.042,-0.111, 0.000,-0.004,-0.015,0.000,0.000,0.000, 0.000, 0.004, 0.643;
1.748,-0.042,-0.111,-0.042,-0.111, 0.000,-0.004,-0.015,0.000,0.000,0.000, 0.000, 0.004, 0.643;
1.759,-0.042,-0.110,-0.042,-0.110, 0.000,-0.004,-0.015,0.000,0.000,0.000, 0.000, 0.004, 0.643;
1.771,-0.042,-0.110,-0.042,-0.110, 0.000,-0.004,-0.015,0.000,0.000,0.000, 0.000, 0.004, 0.643;
1.783,-0.042,-0.109,-0.042,-0.109, 0.000,-0.004,-0.015,0.000,0.000,0.000, 0.000, 0.004, 0.643;
1.796,-0.042,-0.109,-0.042,-0.109, 0.000,-0.004,-0.015,0.000,0.000,0.000, 0.000, 0.004, 0.643;
1.808,-0.043,-0.108,-0.043,-0.108, 0.000,-0.004,-0.015,0.000,0.000,0.000, 0.000, 0.004, 0.643;
1.820,-0.043,-0.108,-0.043,-0.108, 0.000,-0.004,-0.015,0.000,0.000,0.000, 0.000, 0.004, 0.643;
1.832,-0.043,-0.107,-0.043,-0.107, 0.000,-0.004,-0.015,0.000,0.000,0.000, 0.000, 0.004, 0.643;
1.844,-0.043,-0.107,-0.043,-0.107, 0.000,-0.004,-0.015,0.000,0.000,0.000, 0.000, 0.004, 0.643;
1.857,-0.043,-0.106,-0.043,-0.106, 0.000,-0.004,-0.015,0.000,0.000,0.000, 0.000, 0.004, 0.643;
1.869,-0.043,-0.106,-0.043,-0.106, 0.000,-0.004,-0.015,0.000,0.000,0.000, 0.000, 0.004, 0.643;
1.882,-0.043,-0.105,-0.043,-0.105, 0.000,-0.004,-0.015,0.000,0.000,0.000, 0.000, 0.004, 0.643;
1.894,-0.043,-0.105,-0.043,-0.105, 0.000,-0.004,-0.015,0.000,0.000,0.000, 0.000, 0.004, 0.643;
1.906,-0.043,-0.104,-0.043,-0.104, 0.000,-0.004,-0.015,0.000,0.000,0.000, 0.000, 0.004, 0.643;
1.918,-0.043,-0.104,-0.043,-0.104, 0.000,-0.004,-0.015,0.000,0.000,0.000, 0.000, 0.004, 0.643;
1.930,-0.044,-0.103,-0.044,-0.103, 0.000,-0.004,-0.015,0.000,0.000,0.000, 0.000, 0.004, 0.643;
1.943,-0.044,-0.103,-0.044,-0.103, 0.000,-0.004,-0.015,0.000,0.000,0.000, 0.000, 0.004, 0.643;
1.955,-0.044,-0.102,-0.044,-0.102, 0.000,-0.004,-0.015,0.000,0.000,0.000, 0.000, 0.004, 0.643;
1.966,-0.044,-0.102,-0.044,-0.102, 0.000,-0.004,-0.015,0.000,0.000,0.000, 0.000, 0.004, 0.643;
1.978,-0.044,-0.102,-0.044,-0.102, 0.000,-0.004,-0.015,0.000,0.000,0.000, 0.000, 0.004, 0.643;
1.990,-0.044,-0.101,-0.044,-0.101, 0.000,-0.004,-0.015,0.000,0.000,0.000, 0.000, 0.004, 0.643;
2.002,-0.044,-0.101,-0.044,-0.101, 0.000,-0.004,-0.015,0.000,0.000,0.000, 0.000, 0.004, 0.643;
2.015,-0.044,-0.100,-0.044,-0.100, 0.000,-0.004,-0.015,0.000,0.000,0.000, 0.000, 0.004, 0.643;
2.027,-0.044,-0.100,-0.044,-0.100, 0.000,-0.004,-0.015,0.000,0.000,0.000, 0.000, 0.004, 0.643;
2.039,-0.044,-0.099,-0.044,-0.099, 0.000,-0.004,-0.015,0.000,0.000,0.000, 0.000, 0.004, 0.643;
2.052,-0.044,-0.099,-0.044,-0.099, 0.000,-0.004,-0.015,0.000,0.000,0.000, 0.000, 0.004, 0.643;
2.064,-0.044,-0.098,-0.044,-0.098, 0.000,-0.004,-0.015,0.000,0.000,0.000, 0.000, 0.004, 0.643;
2.076,-0.044,-0.098,-0.044,-0.098, 0.000,-0.004,-0.015,0.000,0.000,0.000, 0.000, 0.004, 0.643;
2.088,-0.045,-0.097,-0.045,-0.097, 0.000,-0.004,-0.015,0.000,0.000,0.000, 0.000, 0.004, 0.643;
2.101,-0.045,-0.097,-0.045,-0.097, 0.000,-0.004,-0.015,0.000,0.000,0.000, 0.000, 0.004, 0.643;
2.112,-0.045,-0.096,-0.045,-0.096, 0.000,-0.004,-0.015,0.000,0.000,0.000, 0.000, 0.004, 0.643;
2.123,-0.045,-0.096,-0.045,-0.096, 0.000,-0.004,-0.015,0.000,0.000,0.000, 0.000, 0.004, 0.643;
2.136,-0.045,-0.095,-0.045,-0.095, 0.000,-0.004,-0.015,0.000,0.000,0.000, 0.000, 0.004, 0.643;
2.150,-0.045,-0.095,-0.045,-0.095, 0.000,-0.004,-0.015,0.000,0.000,0.000, 0.000, 0.004, 0.643;
2.162,-0.045,-0.094,-0.045,-0.094, 0.000,-0.004,-0.015,0.000,0.000,0.000, 0.000, 0.004, 0.643;
2.174,-0.045,-0.094,-0.045,-0.094, 0.000,-0.004,-0.015,0.000,0.000,0.000, 0.000, 0.004, 0.643;
2.185,-0.045,-0.093,-0.045,-0.093, 0.000,-0.004,-0.015,0.000,0.000,0.000, 0.000, 0.004, 0.643;
2.197,-0.045,-0.093,-0.045,-0.093, 0.000,-0.004,-0.015,0.000,0.000,0.000, 0.000, 0.004, 0.643;
2.209,-0.045,-0.092,-0.045,-0.092, 0.000,-0.004,-0.015,0.000,0.000,0.000, 0.000, 0.004, 0.643;
2.221,-0.045,-0.092,-0.045,-0.092, 0.000,-0.004,-0.015,0.000,0.000,0.000, 0.000, 0.004, 0.643;
2.233,-0.045,-0.091,-0.045,-0.091, 0.000,-0.004,-0.015,0.000,0.000,0.000, 0.000, 0.004, 0.643;
2.247,-0.045,-0.091,-0.045,-0.091, 0.000,-0.004,-0.015,0.000,0.000,0.000, 0.000, 0.004, 0.643;
2.259,-0.045,-0.090,-0.045,-0.090, 0.000,-0.004,-0.015,0.000,0.000,0.000, 0.000, 0.004, 0.643;
2.271,-0.045,-0.090,-0.045,-0.090, 0.000,-0.004,-0.015,0.000,0.000,0.000, 0.000, 0.004, 0.643;
2.283,-0.045,-0.090,-0.045,-0.090, 0.000,-0.004,-0.015,0.000,0.000,0.000, 0.000, 0.004, 0.643;
2.295,-0.045,-0.089,-0.045,-0.089, 0.000,-0.004,-0.015,0.000,0.000,0.000, 0.000, 0.004, 0.643;
2.307,-0.045,-0.089,-0.045,-0.089, 0.000,-0.004,-0.015,0.000,0.000,0.000, 0.000, 0.004, 0.643;
2.319,-0.045,-0.088,-0.045,-0.088, 0.000,-0.004,-0.015,0.000,0.000,0.000, 0.000, 0.004, 0.643;
2.331,-0.045,-0.088,-0.045,-0.088, 0.000,-0.004,-0.015,0.000,0.000,0.000, 0.000, 0.004, 0.643;
2.344,-0.045,-0.087,-0.045,-0.087, 0.000,-0.004,-0.015,0.000,0.000,0.000, 0.000, 0.004, 0.643;
2.355,-0.045,-0.087,-0.045,-0.087, 0.000,-0.004,-0.015,0.000,0.000,0.000, 0.000, 0.004, 0.643;
2.366,-0.045,-0.086,-0.045,-0.086, 0.000,-0.004,-0.015,0.000,0.000,0.000, 0.000, 0.004, 0.643;
2.377,-0.045,-0.086,-0.045,-0.086, 0.000,-0.004,-0.015,0.000,0.000,0.000, 0.000, 0.004, 0.643;
2.389,-0.046,-0.085,-0.046,-0.085, 0.000,-0.004,-0.015,0.000,0.000,0.000, 0.000, 0.004, 0.643;
2.400,-0.046,-0.085,-0.046,-0.085, 0.000,-0.004,-0.015,0.000,0.000,0.000, 0.000, 0.004, 0.643;
2.411,-0.046,-0.084,-0.046,-0.084, 0.000,-0.004,-0.015,0.000,0.000,0.000, 0.000, 0.004, 0.643;
2.434,-0.046,-0.084,-0.046,-0.084, 0.000,-0.004,-0.015,0.000,0.000,0.000, 0.000, 0.004, 0.643;
2.437,-0.046,-0.083,-0.046,-0.083, 0.000,-0.004,-0.015,0.000,0.000,0.000, 0.000, 0.004, 0.643;
2.449,-0.046,-0.083,-0.046,-0.083, 0.000,-0.004,-0.015,0.000,0.000,0.000, 0.000, 0.004, 0.643;
2.461,-0.046,-0.082,-0.046,-0.082, 0.000,-0.004,-0.015,0.000,0.000,0.000, 0.000, 0.004, 0.643;
2.482,-0.046,-0.082,-0.046,-0.082, 0.000,-0.004,-0.015,0.000,0.000,0.000, 0.000, 0.004, 0.643;
2.494,-0.046,-0.081,-0.046,-0.081, 0.000,-0.004,-0.015,0.000,0.000,0.000, 0.000, 0.004, 0.643;
2.506,-0.046,-0.081,-0.046,-0.081, 0.000,-0.004,-0.015,0.000,0.000,0.000, 0.000, 0.004, 0.643;
2.519,-0.046,-0.080,-0.046,-0.080, 0.000,-0.004,-0.015,0.000,0.000,0.000, 0.000, 0.004, 0.643;
2.531,-0.046,-0.080,-0.046,-0.080, 0.000,-0.004,-0.015,0.000,0.000,0.000, 0.000, 0.004, 0.643;
2.534,-0.046,-0.080,-0.046,-0.080, 0.000,-0.004,-0.015,0.000,0.000,0.000, 0.000, 0.004, 0.643;
2.555,-0.046,-0.079,-0.046,-0.079, 0.000,-0.004,-0.015,0.000,0.000,0.000, 0.000, 0.004, 0.643;
2.567,-0.046,-0.078,-0.046,-0.078, 0.000,-0.004,-0.015,0.000,0.000,0.000, 0.000, 0.004, 0.643;
2.580,-0.046,-0.078,-0.046,-0.078, 0.000,-0.004,-0.015,0.000,0.000,0.000, 0.000, 0.004, 0.643;
2.592,-0.046,-0.077,-0.046,-0.077, 0.000,-0.004,-0.015,0.000,0.000,0.000, 0.000, 0.004, 0.643;
2.595,-0.046,-0.077,-0.046,-0.077, 0.000,-0.004,-0.015,0.000,0.000,0.000, 0.000, 0.004, 0.643;
2.616,-0.045,-0.076,-0.045,-0.076, 0.000,-0.004,-0.015,0.000,0.000,0.000, 0.000, 0.004, 0.643;
2.628,-0.045,-0.076,-0.045,-0.076, 0.000,-0.004,-0.015,0.000,0.000,0.000, 0.000, 0.004, 0.643;
2.640,-0.045,-0.075,-0.045,-0.075, 0.000,-0.004,-0.015,0.000,0.000,0.000, 0.000, 0.004, 0.643;
2.652,-0.045,-0.075,-0.045,-0.075, 0.000,-0.004,-0.015,0.000,0.000,0.000, 0.000, 0.004, 0.643;
2.665,-0.045,-0.074,-0.045,-0.074, 0.000,-0.004,-0.015,0.000,0.000,0.000, 0.000, 0.004, 0.643;
2.677,-0.045,-0.074,-0.045,-0.074, 0.000,-0.004,-0.015,0.000,0.000,0.000, 0.000, 0.004, 0.643;
2.689,-0.045,-0.073,-0.045,-0.073, 0.000,-0.004,-0.015,0.000,0.000,0.000, 0.000, 0.004, 0.643;
2.700,-0.045,-0.073,-0.045,-0.073, 0.000,-0.004,-0.015,0.000,0.000,0.000, 0.000, 0.004, 0.643;
2.712,-0.045,-0.072,-0.045,-0.072, 0.000,-0.004,-0.015,0.000,0.000,0.000, 0.000, 0.004, 0.643;
2.724,-0.045,-0.072,-0.045,-0.072, 0.000,-0.004,-0.015,0.000,0.000,0.000, 0.000, 0.004, 0.643;
2.735,-0.045,-0.072,-0.045,-0.072, 0.000,-0.004,-0.015,0.000,0.000,0.000, 0.000, 0.004, 0.643;
2.747,-0.045,-0.071,-0.045,-0.071, 0.000,-0.004,-0.015,0.000,0.000,0.000, 0.000, 0.004, 0.643;
2.758,-0.045,-0.071,-0.045,-0.071, 0.000,-0.004,-0.015,0.000,0.000,0.000, 0.000, 0.004, 0.643;
2.770,-0.045,-0.070,-0.045,-0.070, 0.000,-0.004,-0.015,0.000,0.000,0.000, 0.000, 0.004, 0.643;
2.781,-0.045,-0.070,-0.045,-0.070, 0.000,-0.004,-0.015,0.000,0.000,0.000, 0.000, 0.004, 0.643;
2.792,-0.045,-0.069,-0.045,-0.069, 0.000,-0.004,-0.015,0.000,0.000,0.000, 0.000, 0.004, 0.643;
2.803,-0.045,-0.069,-0.045,-0.069, 0.000,-0.004,-0.015,0.000,0.000,0.000, 0.000, 0.004, 0.643;
2.815,-0.045,-0.068,-0.045,-0.068, 0.000,-0.004,-0.015,0.000,0.000,0.000, 0.000, 0.004, 0.643;
2.826,-0.045,-0.068,-0.045,-0.068, 0.000,-0.004,-0.015,0.000,0.000,0.000, 0.000, 0.004, 0.643;
2.849,-0.045,-0.067,-0.045,-0.067, 0.000,-0.004,-0.015,0.000,0.000,0.000, 0.000, 0.004, 0.643;
2.852,-0.045,-0.067,-0.045,-0.067, 0.000,-0.004,-0.015,0.000,0.000,0.000, 0.000, 0.004, 0.643;
2.864,-0.045,-0.066,-0.045,-0.066, 0.000,-0.004,-0.015,0.000,0.000,0.000, 0.000, 0.004, 0.643;
2.886,-0.045,-0.066,-0.045,-0.066, 0.000,-0.004,-0.015,0.000,0.000,0.000, 0.000, 0.004, 0.643;
2.889,-0.045,-0.065,-0.045,-0.065, 0.000,-0.004,-0.015,0.000,0.000,0.000, 0.000, 0.004, 0.643;
2.900,-0.045,-0.065,-0.045,-0.065, 0.000,-0.004,-0.015,0.000,0.000,0.000, 0.000, 0.004, 0.643;
2.922,-0.044,-0.064,-0.044,-0.064, 0.000,-0.004,-0.015,0.000,0.000,0.000, 0.000, 0.004, 0.643;
2.925,-0.044,-0.064,-0.044,-0.064, 0.000,-0.004,-0.015,0.000,0.000,0.000, 0.000, 0.004, 0.643;
2.948,-0.044,-0.063,-0.044,-0.063, 0.000,-0.004,-0.015,0.000,0.000,0.000, 0.000, 0.004, 0.643;
2.952,-0.044,-0.063,-0.044,-0.063, 0.000,-0.004,-0.015,0.000,0.000,0.000, 0.000, 0.004, 0.643;
2.962,-0.044,-0.063,-0.044,-0.063, 0.000,-0.004,-0.015,0.000,0.000,0.000, 0.000, 0.004, 0.643;
2.973,-0.044,-0.062,-0.044,-0.062, 0.000,-0.004,-0.015,0.000,0.000,0.000, 0.000, 0.004, 0.643;
2.995,-0.044,-0.061,-0.044,-0.061, 0.000,-0.004,-0.015,0.000,0.000,0.000, 0.000, 0.004, 0.643;
3.008,-0.044,-0.061,-0.044,-0.061, 0.000,-0.004,-0.015,0.000,0.000,0.000, 0.000, 0.004, 0.643;
3.013,-0.044,-0.061,-0.044,-0.061, 0.000,-0.004,-0.015,0.000,0.000,0.000, 0.000, 0.004, 0.643;
3.024,-0.044,-0.060,-0.044,-0.060, 0.000,-0.004,-0.015,0.000,0.000,0.000, 0.000, 0.004, 0.643;
3.035,-0.044,-0.060,-0.044,-0.060, 0.000,-0.004,-0.015,0.000,0.000,0.000, 0.000, 0.004, 0.643;
3.057,-0.044,-0.059,-0.044,-0.059, 0.000,-0.004,-0.015,0.000,0.000,0.000, 0.000, 0.004, 0.643;
3.060,-0.044,-0.059,-0.044,-0.059, 0.000,-0.004,-0.015,0.000,0.000,0.000, 0.000, 0.004, 0.643;
3.071,-0.044,-0.058,-0.044,-0.058, 0.000,-0.004,-0.015,0.000,0.000,0.000, 0.000, 0.004, 0.643;
3.093,-0.043,-0.057,-0.043,-0.057, 0.000,-0.004,-0.015,0.000,0.000,0.000, 0.000, 0.004, 0.643;
3.106,-0.043,-0.057,-0.043,-0.057, 0.000,-0.004,-0.015,0.000,0.000,0.000, 0.000, 0.004, 0.643;
3.111,-0.043,-0.057,-0.043,-0.057, 0.000,-0.004,-0.015,0.000,0.000,0.000, 0.000, 0.004, 0.643;
3.120,-0.043,-0.056,-0.043,-0.056, 0.000,-0.004,-0.015,0.000,0.000,0.000, 0.000, 0.004, 0.643;
3.142,-0.043,-0.056,-0.043,-0.056, 0.000,-0.004,-0.015,0.000,0.000,0.000, 0.000, 0.004, 0.643;
3.154,-0.043,-0.055,-0.043,-0.055, 0.000,-0.004,-0.015,0.000,0.000,0.000, 0.000, 0.004, 0.643;
3.165,-0.043,-0.055,-0.043,-0.055, 0.000,-0.004,-0.015,0.000,0.000,0.000, 0.000, 0.004, 0.643;
3.177,-0.043,-0.054,-0.043,-0.054, 0.000,-0.004,-0.015,0.000,0.000,0.000, 0.000, 0.004, 0.643;
3.189,-0.043,-0.054,-0.043,-0.054, 0.000,-0.004,-0.015,0.000,0.000,0.000, 0.000, 0.004, 0.643;
3.201,-0.043,-0.053,-0.043,-0.053, 0.000,-0.004,-0.015,0.000,0.000,0.000, 0.000, 0.004, 0.643;
3.213,-0.042,-0.053,-0.042,-0.053, 0.000,-0.004,-0.015,0.000,0.000,0.000, 0.000, 0.004, 0.643;
3.224,-0.042,-0.052,-0.042,-0.052, 0.000,-0.004,-0.015,0.000,0.000,0.000, 0.000, 0.004, 0.643;
3.235,-0.042,-0.052,-0.042,-0.052, 0.000,-0.004,-0.015,0.000,0.000,0.000, 0.000, 0.004, 0.643;
3.247,-0.042,-0.052,-0.042,-0.052, 0.000,-0.004,-0.015,0.000,0.000,0.000, 0.000, 0.004, 0.643;
3.258,-0.042,-0.051,-0.042,-0.051, 0.000,-0.004,-0.015,0.000,0.000,0.000, 0.000, 0.004, 0.643;
3.268,-0.042,-0.051,-0.042,-0.051, 0.000,-0.004,-0.015,0.000,0.000,0.000, 0.000, 0.004, 0.643;
3.280,-0.042,-0.050,-0.042,-0.050, 0.000,-0.004,-0.015,0.000,0.000,0.000, 0.000, 0.004, 0.643;
3.301,-0.042,-0.049,-0.042,-0.049, 0.000,-0.004,-0.015,0.000,0.000,0.000, 0.000, 0.004, 0.643;
3.313,-0.041,-0.049,-0.041,-0.049, 0.000,-0.004,-0.015,0.000,0.000,0.000, 0.000, 0.004, 0.643;
3.324,-0.041,-0.049,-0.041,-0.049, 0.000,-0.004,-0.015,0.000,0.000,0.000, 0.000, 0.004, 0.643;
3.335,-0.041,-0.048,-0.041,-0.048, 0.000,-0.004,-0.015,0.000,0.000,0.000, 0.000, 0.004, 0.643;
3.347,-0.041,-0.048,-0.041,-0.048, 0.000,-0.004,-0.015,0.000,0.000,0.000, 0.000, 0.004, 0.643;
3.359,-0.041,-0.047,-0.041,-0.047, 0.000,-0.004,-0.015,0.000,0.000,0.000, 0.000, 0.004, 0.643;
3.370,-0.041,-0.047,-0.041,-0.047, 0.000,-0.004,-0.015,0.000,0.000,0.000, 0.000, 0.004, 0.643;
3.382,-0.041,-0.046,-0.041,-0.046, 0.000,-0.004,-0.015,0.000,0.000,0.000, 0.000, 0.004, 0.643;
3.392,-0.041,-0.046,-0.041,-0.046, 0.000,-0.004,-0.015,0.000,0.000,0.000, 0.000, 0.004, 0.643;
3.403,-0.041,-0.045,-0.041,-0.045, 0.000,-0.004,-0.015,0.000,0.000,0.000, 0.000, 0.004, 0.643;
3.414,-0.040,-0.045,-0.040,-0.045, 0.000,-0.004,-0.015,0.000,0.000,0.000, 0.000, 0.004, 0.643;
3.426,-0.040,-0.045,-0.040,-0.045, 0.000,-0.004,-0.015,0.000,0.000,0.000, 0.000, 0.004, 0.643;
3.448,-0.040,-0.044,-0.040,-0.044, 0.000,-0.004,-0.015,0.000,0.000,0.000, 0.000, 0.004, 0.643;
3.451,-0.040,-0.044,-0.040,-0.044, 0.000,-0.004,-0.015,0.000,0.000,0.000, 0.000, 0.004, 0.643;
3.463,-0.040,-0.043,-0.040,-0.043, 0.000,-0.004,-0.015,0.000,0.000,0.000, 0.000, 0.004, 0.643;
3.475,-0.040,-0.043,-0.040,-0.043, 0.000,-0.004,-0.015,0.000,0.000,0.000, 0.000, 0.004, 0.643;
3.498,-0.039,-0.042,-0.039,-0.042, 0.000,-0.004,-0.015,0.000,0.000,0.000, 0.000, 0.004, 0.643;
3.501,-0.039,-0.042,-0.039,-0.042, 0.000,-0.004,-0.015,0.000,0.000,0.000, 0.000, 0.004, 0.643;
3.513,-0.039,-0.041,-0.039,-0.041, 0.000,-0.004,-0.015,0.000,0.000,0.000, 0.000, 0.004, 0.643;
3.524,-0.039,-0.041,-0.039,-0.041, 0.000,-0.004,-0.015,0.000,0.000,0.000, 0.000, 0.004, 0.643;
3.546,-0.039,-0.040,-0.039,-0.040, 0.000,-0.004,-0.015,0.000,0.000,0.000, 0.000, 0.004, 0.643;
3.558,-0.039,-0.040,-0.039,-0.040, 0.000,-0.004,-0.015,0.000,0.000,0.000, 0.000, 0.004, 0.643;
3.570,-0.039,-0.039,-0.039,-0.039, 0.000,-0.004,-0.015,0.000,0.000,0.000, 0.000, 0.004, 0.643;
3.582,-0.038,-0.039,-0.038,-0.039, 0.000,-0.004,-0.015,0.000,0.000,0.000, 0.000, 0.004, 0.643;
3.593,-0.038,-0.038,-0.038,-0.038, 0.000,-0.004,-0.015,0.000,0.000,0.000, 0.000, 0.004, 0.643;
3.605,-0.038,-0.038,-0.038,-0.038, 0.000,-0.004,-0.015,0.000,0.000,0.000, 0.000, 0.004, 0.643;
3.617,-0.038,-0.037,-0.038,-0.037, 0.000,-0.004,-0.015,0.000,0.000,0.000, 0.000, 0.004, 0.643;
3.630,-0.038,-0.037,-0.038,-0.037, 0.000,-0.004,-0.015,0.000,0.000,0.000, 0.000, 0.004, 0.643;
3.642,-0.038,-0.037,-0.038,-0.037, 0.000,-0.004,-0.015,0.000,0.000,0.000, 0.000, 0.004, 0.643;
3.654,-0.037,-0.036,-0.037,-0.036, 0.000,-0.004,-0.015,0.000,0.000,0.000, 0.000, 0.004, 0.643;
3.666,-0.037,-0.036,-0.037,-0.036, 0.000,-0.004,-0.015,0.000,0.000,0.000, 0.000, 0.004, 0.643;
3.679,-0.037,-0.035,-0.037,-0.035, 0.000,-0.004,-0.015,0.000,0.000,0.000, 0.000, 0.004, 0.643;
3.690,-0.037,-0.035,-0.037,-0.035, 0.000,-0.004,-0.015,0.000,0.000,0.000, 0.000, 0.004, 0.643;
3.701,-0.037,-0.034,-0.037,-0.034, 0.000,-0.004,-0.015,0.000,0.000,0.000, 0.000, 0.004, 0.643;
3.713,-0.037,-0.034,-0.037,-0.034, 0.000,-0.004,-0.015,0.000,0.000,0.000, 0.000, 0.004, 0.643;
3.726,-0.036,-0.033,-0.036,-0.033, 0.000,-0.004,-0.015,0.000,0.000,0.000, 0.000, 0.004, 0.643;
3.738,-0.036,-0.033,-0.036,-0.033, 0.000,-0.004,-0.015,0.000,0.000,0.000, 0.000, 0.004, 0.643;
3.750,-0.036,-0.032,-0.036,-0.032, 0.000,-0.004,-0.015,0.000,0.000,0.000, 0.000, 0.004, 0.643;
3.764,-0.036,-0.032,-0.036,-0.032, 0.000,-0.004,-0.015,0.000,0.000,0.000, 0.000, 0.004, 0.643;
3.776,-0.036,-0.032,-0.036,-0.032, 0.000,-0.004,-0.015,0.000,0.000,0.000, 0.000, 0.004, 0.643;
3.788,-0.035,-0.031,-0.035,-0.031, 0.000,-0.004,-0.015,0.000,0.000,0.000, 0.000, 0.004, 0.643;
3.799,-0.035,-0.031,-0.035,-0.031, 0.000,-0.004,-0.015,0.000,0.000,0.000, 0.000, 0.004, 0.643;
3.811,-0.035,-0.030,-0.035,-0.030, 0.000,-0.004,-0.015,0.000,0.000,0.000, 0.000, 0.004, 0.643;
3.823,-0.035,-0.030,-0.035,-0.030, 0.000,-0.004,-0.015,0.000,0.000,0.000, 0.000, 0.004, 0.643;
3.835,-0.035,-0.029,-0.035,-0.029, 0.000,-0.004,-0.015,0.000,0.000,0.000, 0.000, 0.004, 0.643;
3.847,-0.034,-0.029,-0.034,-0.029, 0.000,-0.004,-0.015,0.000,0.000,0.000, 0.000, 0.004, 0.643;
3.858,-0.034,-0.029,-0.034,-0.029, 0.000,-0.004,-0.015,0.000,0.000,0.000, 0.000, 0.004, 0.643;
3.869,-0.034,-0.028,-0.034,-0.028, 0.000,-0.004,-0.015,0.000,0.000,0.000, 0.000, 0.004, 0.643;
3.882,-0.034,-0.028,-0.034,-0.028, 0.000,-0.004,-0.015,0.000,0.000,0.000, 0.000, 0.004, 0.643;
3.893,-0.034,-0.027,-0.034,-0.027, 0.000,-0.004,-0.015,0.000,0.000,0.000, 0.000, 0.004, 0.643;
3.904,-0.033,-0.027,-0.033,-0.027, 0.000,-0.004,-0.015,0.000,0.000,0.000, 0.000, 0.004, 0.643;
3.916,-0.033,-0.026,-0.033,-0.026, 0.000,-0.004,-0.015,0.000,0.000,0.000, 0.000, 0.004, 0.643;
3.927,-0.033,-0.026,-0.033,-0.026, 0.000,-0.004,-0.015,0.000,0.000,0.000, 0.000, 0.004, 0.643;
3.949,-0.033,-0.025,-0.033,-0.025, 0.000,-0.004,-0.015,0.000,0.000,0.000, 0.000, 0.004, 0.643;
3.960,-0.032,-0.025,-0.032,-0.025, 0.000,-0.004,-0.015,0.000,0.000,0.000, 0.000, 0.004, 0.643;
3.972,-0.032,-0.024,-0.032,-0.024, 0.000,-0.004,-0.015,0.000,0.000,0.000, 0.000, 0.004, 0.643;
3.985,-0.032,-0.024,-0.032,-0.024, 0.000,-0.004,-0.015,0.000,0.000,0.000, 0.000, 0.004, 0.643;
3.997,-0.032,-0.024,-0.032,-0.024, 0.000,-0.004,-0.015,0.000,0.000,0.000, 0.000, 0.004, 0.643;
4.009,-0.032,-0.023,-0.032,-0.023, 0.000,-0.004,-0.015,0.000,0.000,0.000, 0.000, 0.004, 0.643;
4.021,-0.031,-0.023,-0.031,-0.023, 0.000,-0.004,-0.015,0.000,0.000,0.000, 0.000, 0.004, 0.643;
4.033,-0.031,-0.022,-0.031,-0.022, 0.000,-0.004,-0.015,0.000,0.000,0.000, 0.000, 0.004, 0.643;
4.045,-0.031,-0.022,-0.031,-0.022, 0.000,-0.004,-0.015,0.000,0.000,0.000, 0.000, 0.004, 0.643;
4.056,-0.031,-0.021,-0.031,-0.021, 0.000,-0.004,-0.015,0.000,0.000,0.000, 0.000, 0.004, 0.643;
4.068,-0.031,-0.021,-0.031,-0.021, 0.000,-0.004,-0.015,0.000,0.000,0.000, 0.000, 0.004, 0.643;
4.080,-0.030,-0.021,-0.030,-0.021, 0.000,-0.004,-0.015,0.000,0.000,0.000, 0.000, 0.004, 0.643;
4.092,-0.030,-0.020,-0.030,-0.020, 0.000,-0.004,-0.015,0.000,0.000,0.000, 0.000, 0.004, 0.643;
4.104,-0.030,-0.020,-0.030,-0.020, 0.000,-0.004,-0.015,0.000,0.000,0.000, 0.000, 0.004, 0.643;
4.115,-0.030,-0.019,-0.030,-0.019, 0.000,-0.004,-0.015,0.000,0.000,0.000, 0.000, 0.004, 0.643;
4.126,-0.029,-0.019,-0.029,-0.019, 0.000,-0.004,-0.015,0.000,0.000,0.000, 0.000, 0.004, 0.643;
4.137,-0.029,-0.019,-0.029,-0.019, 0.000,-0.004,-0.015,0.000,0.000,0.000, 0.000, 0.004, 0.643;
4.148,-0.029,-0.018,-0.029,-0.018, 0.000,-0.004,-0.015,0.000,0.000,0.000, 0.000, 0.004, 0.643;
4.159,-0.029,-0.018,-0.029,-0.018, 0.000,-0.004,-0.015,0.000,0.000,0.000, 0.000, 0.004, 0.643;
4.181,-0.028,-0.017,-0.028,-0.017, 0.000,-0.004,-0.015,0.000,0.000,0.000, 0.000, 0.004, 0.643;
4.193,-0.028,-0.017,-0.028,-0.017, 0.000,-0.004,-0.015,0.000,0.000,0.000, 0.000, 0.004, 0.643;
4.204,-0.028,-0.016,-0.028,-0.016, 0.000,-0.004,-0.015,0.000,0.000,0.000, 0.000, 0.004, 0.643;
4.217,-0.028,-0.016,-0.028,-0.016, 0.000,-0.004,-0.015,0.000,0.000,0.000, 0.000, 0.004, 0.643;
4.228,-0.027,-0.016,-0.027,-0.016, 0.000,-0.004,-0.015,0.000,0.000,0.000, 0.000, 0.004, 0.643;
4.241,-0.027,-0.015,-0.027,-0.015, 0.000,-0.004,-0.015,0.000,0.000,0.000, 0.000, 0.004, 0.643;
4.253,-0.027,-0.015,-0.027,-0.015, 0.000,-0.004,-0.015,0.000,0.000,0.000, 0.000, 0.004, 0.643;
4.266,-0.027,-0.014,-0.027,-0.014, 0.000,-0.004,-0.015,0.000,0.000,0.000, 0.000, 0.004, 0.643;
4.278,-0.026,-0.014,-0.026,-0.014, 0.000,-0.004,-0.015,0.000,0.000,0.000, 0.000, 0.004, 0.643;
4.290,-0.026,-0.013,-0.026,-0.013, 0.000,-0.004,-0.015,0.000,0.000,0.000, 0.000, 0.004, 0.643;
4.301,-0.026,-0.013,-0.026,-0.013, 0.000,-0.004,-0.015,0.000,0.000,0.000, 0.000, 0.004, 0.643;
4.314,-0.026,-0.013,-0.026,-0.013, 0.000,-0.004,-0.015,0.000,0.000,0.000, 0.000, 0.004, 0.643;
4.326,-0.025,-0.012,-0.025,-0.012, 0.000,-0.004,-0.015,0.000,0.000,0.000, 0.000, 0.004, 0.643;
4.338,-0.025,-0.012,-0.025,-0.012, 0.000,-0.004,-0.015,0.000,0.000,0.000, 0.000, 0.004, 0.643;
4.350,-0.025,-0.011,-0.025,-0.011, 0.000,-0.004,-0.015,0.000,0.000,0.000, 0.000, 0.004, 0.643;
4.362,-0.025,-0.011,-0.025,-0.011, 0.000,-0.004,-0.015,0.000,0.000,0.000, 0.000, 0.004, 0.643;
4.374,-0.024,-0.011,-0.024,-0.011, 0.000,-0.004,-0.015,0.000,0.000,0.000, 0.000, 0.004, 0.643;
4.385,-0.024,-0.010,-0.024,-0.010, 0.000,-0.004,-0.015,0.000,0.000,0.000, 0.000, 0.004, 0.643;
4.397,-0.024,-0.010,-0.024,-0.010, 0.000,-0.004,-0.015,0.000,0.000,0.000, 0.000, 0.004, 0.643;
4.410,-0.023,-0.009,-0.023,-0.009, 0.000,-0.004,-0.015,0.000,0.000,0.000, 0.000, 0.004, 0.643;
4.421,-0.023,-0.009,-0.023,-0.009, 0.000,-0.004,-0.015,0.000,0.000,0.000, 0.000, 0.004, 0.643;
4.432,-0.023,-0.009,-0.023,-0.009, 0.000,-0.004,-0.015,0.000,0.000,0.000, 0.000, 0.004, 0.643;
4.444,-0.023,-0.008,-0.023,-0.008, 0.000,-0.004,-0.015,0.000,0.000,0.000, 0.000, 0.004, 0.643;
4.455,-0.022,-0.008,-0.022,-0.008, 0.000,-0.004,-0.015,0.000,0.000,0.000, 0.000, 0.004, 0.643;
4.466,-0.022,-0.008,-0.022,-0.008, 0.000,-0.004,-0.015,0.000,0.000,0.000, 0.000, 0.004, 0.643;
4.477,-0.022,-0.007,-0.022,-0.007, 0.000,-0.004,-0.015,0.000,0.000,0.000, 0.000, 0.004, 0.643;
4.499,-0.021,-0.007,-0.021,-0.007, 0.000,-0.004,-0.015,0.000,0.000,0.000, 0.000, 0.004, 0.643;
4.511,-0.021,-0.006,-0.021,-0.006, 0.000,-0.004,-0.015,0.000,0.000,0.000, 0.000, 0.004, 0.643;
4.524,-0.021,-0.006,-0.021,-0.006, 0.000,-0.004,-0.015,0.000,0.000,0.000, 0.000, 0.004, 0.643;
4.528,-0.021,-0.006,-0.021,-0.006, 0.000,-0.004,-0.015,0.000,0.000,0.000, 0.000, 0.004, 0.643;
4.539,-0.021,-0.005,-0.021,-0.005, 0.000,-0.004,-0.015,0.000,0.000,0.000, 0.000, 0.004, 0.643;
4.561,-0.020,-0.005,-0.020,-0.005, 0.000,-0.004,-0.015,0.000,0.000,0.000, 0.000, 0.004, 0.643;
4.565,-0.020,-0.004,-0.020,-0.004, 0.000,-0.004,-0.015,0.000,0.000,0.000, 0.000, 0.004, 0.643;
4.576,-0.020,-0.004,-0.020,-0.004, 0.000,-0.004,-0.015,0.000,0.000,0.000, 0.000, 0.004, 0.643;
4.588,-0.019,-0.004,-0.019,-0.004, 0.000,-0.004,-0.015,0.000,0.000,0.000, 0.000, 0.004, 0.643;
4.609,-0.019,-0.003,-0.019,-0.003, 0.000,-0.004,-0.015,0.000,0.000,0.000, 0.000, 0.004, 0.643;
4.622,-0.019,-0.003,-0.019,-0.003, 0.000,-0.004,-0.015,0.000,0.000,0.000, 0.000, 0.004, 0.643;
4.626,-0.018,-0.003,-0.018,-0.003, 0.000,-0.004,-0.015,0.000,0.000,0.000, 0.000, 0.004, 0.643;
4.636,-0.018,-0.002,-0.018,-0.002, 0.000,-0.004,-0.015,0.000,0.000,0.000, 0.000, 0.004, 0.643;
4.658,-0.018,-0.002,-0.018,-0.002, 0.000,-0.004,-0.015,0.000,0.000,0.000, 0.000, 0.004, 0.643;
4.670,-0.017,-0.001,-0.017,-0.001, 0.000,-0.004,-0.015,0.000,0.000,0.000, 0.000, 0.004, 0.643;
4.681,-0.017,-0.001,-0.017,-0.001, 0.000,-0.004,-0.015,0.000,0.000,0.000, 0.000, 0.004, 0.643;
4.695,-0.017,-0.000,-0.017,-0.000, 0.000,-0.004,-0.015,0.000,0.000,0.000, 0.000, 0.004, 0.643;
4.699,-0.017,-0.000,-0.017,-0.000, 0.000,-0.004,-0.015,0.000,0.000,0.000, 0.000, 0.004, 0.643;
4.709,-0.016,0.000,-0.016,0.000, 0.000,-0.004,-0.015,0.000,0.000,0.000, 0.000, 0.004, 0.643;
4.731,-0.016,0.001,-0.016,0.001, 0.000,-0.004,-0.015,0.000,0.000,0.000, 0.000, 0.004, 0.643;
4.744,-0.015,0.001,-0.015,0.001, 0.000,-0.004,-0.015,0.000,0.000,0.000, 0.000, 0.004, 0.643;
4.755,-0.015,0.001,-0.015,0.001, 0.000,-0.004,-0.015,0.000,0.000,0.000, 0.000, 0.004, 0.643;
4.767,-0.015,0.002,-0.015,0.002, 0.000,-0.004,-0.015,0.000,0.000,0.000, 0.000, 0.004, 0.643;
4.779,-0.015,0.002,-0.015,0.002, 0.000,-0.004,-0.015,0.000,0.000,0.000, 0.000, 0.004, 0.643;
4.791,-0.014,0.002,-0.014,0.002, 0.000,-0.004,-0.015,0.000,0.000,0.000, 0.000, 0.004, 0.643;
4.803,-0.014,0.003,-0.014,0.003, 0.000,-0.004,-0.015,0.000,0.000,0.000, 0.000, 0.004, 0.643;
4.816,-0.014,0.003,-0.014,0.003, 0.000,-0.004,-0.015,0.000,0.000,0.000, 0.000, 0.004, 0.643;
4.828,-0.013,0.004,-0.013,0.004, 0.000,-0.004,-0.015,0.000,0.000,0.000, 0.000, 0.004, 0.643;
4.840,-0.013,0.004,-0.013,0.004, 0.000,-0.004,-0.015,0.000,0.000,0.000, 0.000, 0.004, 0.643;
4.852,-0.013,0.004,-0.013,0.004, 0.000,-0.004,-0.015,0.000,0.000,0.000, 0.000, 0.004, 0.643;
4.864,-0.012,0.005,-0.012,0.005, 0.000,-0.004,-0.015,0.000,0.000,0.000, 0.000, 0.004, 0.643;
4.875,-0.012,0.005,-0.012,0.005, 0.000,-0.004,-0.015,0.000,0.000,0.000, 0.000, 0.004, 0.643;
4.887,-0.012,0.005,-0.012,0.005, 0.000,-0.004,-0.015,0.000,0.000,0.000, 0.000, 0.004, 0.643;
4.899,-0.011,0.006,-0.011,0.006, 0.000,-0.004,-0.015,0.000,0.000,0.000, 0.000, 0.004, 0.643;
4.913,-0.011,0.006,-0.011,0.006, 0.000,-0.004,-0.015,0.000,0.000,0.000, 0.000, 0.004, 0.643;
4.926,-0.011,0.006,-0.011,0.006, 0.000,-0.004,-0.015,0.000,0.000,0.000, 0.000, 0.004, 0.643;
4.938,-0.010,0.007,-0.010,0.007, 0.000,-0.004,-0.015,0.000,0.000,0.000, 0.000, 0.004, 0.643;
4.951,-0.010,0.007,-0.010,0.007, 0.000,-0.004,-0.015,0.000,0.000,0.000, 0.000, 0.004, 0.643;
4.962,-0.010,0.007,-0.010,0.007, 0.000,-0.004,-0.015,0.000,0.000,0.000, 0.000, 0.004, 0.643;
4.974,-0.009,0.008,-0.009,0.008, 0.000,-0.004,-0.015,0.000,0.000,0.000, 0.000, 0.004, 0.643;
4.986,-0.009,0.008,-0.009,0.008, 0.000,-0.004,-0.015,0.000,0.000,0.000, 0.000, 0.004, 0.643;
4.998,-0.009,0.008,-0.009,0.008, 0.000,-0.004,-0.015,0.000,0.000,0.000, 0.000, 0.004, 0.643;
5.011,-0.008,0.009,-0.008,0.009, 0.000,-0.004,-0.015,0.000,0.000,0.000, 0.000, 0.004, 0.643;
5.022,-0.008,0.009,-0.008,0.009, 0.000,-0.004,-0.015,0.000,0.000,0.000, 0.000, 0.004, 0.643;
5.034,-0.008,0.009,-0.008,0.009, 0.000,-0.004,-0.015,0.000,0.000,0.000, 0.000, 0.004, 0.643;
5.047,-0.007,0.010,-0.007,0.010, 0.000,-0.004,-0.015,0.000,0.000,0.000, 0.000, 0.004, 0.643;
5.059,-0.007,0.010,-0.007,0.010, 0.000,-0.004,-0.015,0.000,0.000,0.000, 0.000, 0.004, 0.643;
5.072,-0.006,0.011,-0.006,0.011, 0.000,-0.004,-0.015,0.000,0.000,0.000, 0.000, 0.004, 0.643;
5.084,-0.006,0.011,-0.006,0.011, 0.000,-0.004,-0.015,0.000,0.000,0.000, 0.000, 0.004, 0.643;
5.095,-0.006,0.011,-0.006,0.011, 0.000,-0.004,-0.015,0.000,0.000,0.000, 0.000, 0.004, 0.643;
5.107,-0.005,0.011,-0.005,0.011, 0.000,-0.004,-0.015,0.000,0.000,0.000, 0.000, 0.004, 0.643;
5.118,-0.005,0.012,-0.005,0.012, 0.000,-0.004,-0.015,0.000,0.000,0.000, 0.000, 0.004, 0.643;
5.130,-0.005,0.012,-0.005,0.012, 0.000,-0.004,-0.015,0.000,0.000,0.000, 0.000, 0.004, 0.643;
5.142,-0.004,0.012,-0.004,0.012, 0.000,-0.004,-0.015,0.000,0.000,0.000, 0.000, 0.004, 0.643;
5.153,-0.004,0.013,-0.004,0.013, 0.000,-0.004,-0.015,0.000,0.000,0.000, 0.000, 0.004, 0.643;
5.164,-0.004,0.013,-0.004,0.013, 0.000,-0.004,-0.015,0.000,0.000,0.000, 0.000, 0.004, 0.643;
5.176,-0.003,0.013,-0.003,0.013, 0.000,-0.004,-0.015,0.000,0.000,0.000, 0.000, 0.004, 0.643;
5.188,-0.003,0.014,-0.003,0.014, 0.000,-0.004,-0.015,0.000,0.000,0.000, 0.000, 0.004, 0.643;
5.199,-0.003,0.014,-0.003,0.014, 0.000,-0.004,-0.015,0.000,0.000,0.000, 0.000, 0.004, 0.643;
5.221,-0.002,0.015,-0.002,0.015, 0.000,-0.004,-0.015,0.000,0.000,0.000, 0.000, 0.004, 0.643;
5.224,-0.002,0.015,-0.002,0.015, 0.000,-0.004,-0.015,0.000,0.000,0.000, 0.000, 0.004, 0.643;
5.236,-0.002,0.015,-0.002,0.015, 0.000,-0.004,-0.015,0.000,0.000,0.000, 0.000, 0.004, 0.643;
5.257,-0.001,0.015,-0.001,0.015, 0.000,-0.004,-0.015,0.000,0.000,0.000, 0.000, 0.004, 0.643;
5.268,-0.001,0.016,-0.001,0.016, 0.000,-0.004,-0.015,0.000,0.000,0.000, 0.000, 0.004, 0.643;
5.281,-0.000,0.016,-0.000,0.016, 0.000,-0.004,-0.015,0.000,0.000,0.000, 0.000, 0.004, 0.643;
5.292,0.000,0.016,0.000,0.016, 0.000,-0.004,-0.015,0.000,0.000,0.000, 0.000, 0.004, 0.643;
5.305,0.000,0.017,0.000,0.017, 0.000,-0.004,-0.015,0.000,0.000,0.000, 0.000, 0.004, 0.643;
5.317,0.001,0.017,0.001,0.017, 0.000,-0.004,-0.015,0.000,0.000,0.000, 0.000, 0.004, 0.643;
5.330,0.001,0.017,0.001,0.017, 0.000,-0.004,-0.015,0.000,0.000,0.000, 0.000, 0.004, 0.643;
5.342,0.002,0.018,0.002,0.018, 0.000,-0.004,-0.015,0.000,0.000,0.000, 0.000, 0.004, 0.643;
5.354,0.002,0.018,0.002,0.018, 0.000,-0.004,-0.015,0.000,0.000,0.000, 0.000, 0.004, 0.643;
5.367,0.002,0.018,0.002,0.018, 0.000,-0.004,-0.015,0.000,0.000,0.000, 0.000, 0.004, 0.643;
5.379,0.003,0.019,0.003,0.019, 0.000,-0.004,-0.015,0.000,0.000,0.000, 0.000, 0.004, 0.643;
5.391,0.003,0.019,0.003,0.019, 0.000,-0.004,-0.015,0.000,0.000,0.000, 0.000, 0.004, 0.643;
5.404,0.004,0.019,0.004,0.019, 0.000,-0.004,-0.015,0.000,0.000,0.000, 0.000, 0.004, 0.643;
5.417,0.004,0.019,0.004,0.019, 0.000,-0.004,-0.015,0.000,0.000,0.000, 0.000, 0.004, 0.643;
5.429,0.004,0.020,0.004,0.020, 0.000,-0.004,-0.015,0.000,0.000,0.000, 0.000, 0.004, 0.643;
5.441,0.005,0.020,0.005,0.020, 0.000,-0.004,-0.015,0.000,0.000,0.000, 0.000, 0.004, 0.643;
5.453,0.005,0.020,0.005,0.020, 0.000,-0.004,-0.015,0.000,0.000,0.000, 0.000, 0.004, 0.643;
5.465,0.005,0.021,0.005,0.021, 0.000,-0.004,-0.015,0.000,0.000,0.000, 0.000, 0.004, 0.643;
5.478,0.006,0.021,0.006,0.021, 0.000,-0.004,-0.015,0.000,0.000,0.000, 0.000, 0.004, 0.643;
5.483,0.006,0.021,0.006,0.021, 0.000,-0.004,-0.015,0.000,0.000,0.000, 0.000, 0.004, 0.643;
5.494,0.006,0.021,0.006,0.021, 0.000,-0.004,-0.015,0.000,0.000,0.000, 0.000, 0.004, 0.643;
5.505,0.007,0.022,0.007,0.022, 0.000,-0.004,-0.015,0.000,0.000,0.000, 0.000, 0.004, 0.643;
5.528,0.007,0.022,0.007,0.022, 0.000,-0.004,-0.015,0.000,0.000,0.000, 0.000, 0.004, 0.643;
5.531,0.008,0.022,0.008,0.022, 0.000,-0.004,-0.015,0.000,0.000,0.000, 0.000, 0.004, 0.643;
5.542,0.008,0.022,0.008,0.022, 0.000,-0.004,-0.015,0.000,0.000,0.000, 0.000, 0.004, 0.643;
5.554,0.008,0.023,0.008,0.023, 0.000,-0.004,-0.015,0.000,0.000,0.000, 0.000, 0.004, 0.643;
5.575,0.009,0.023,0.009,0.023, 0.000,-0.004,-0.015,0.000,0.000,0.000, 0.000, 0.004, 0.643;
5.587,0.009,0.023,0.009,0.023, 0.000,-0.004,-0.015,0.000,0.000,0.000, 0.000, 0.004, 0.643;
5.599,0.010,0.024,0.010,0.024, 0.000,-0.004,-0.015,0.000,0.000,0.000, 0.000, 0.004, 0.643;
5.610,0.010,0.024,0.010,0.024, 0.000,-0.004,-0.015,0.000,0.000,0.000, 0.000, 0.004, 0.643;
5.623,0.011,0.024,0.011,0.024, 0.000,-0.004,-0.015,0.000,0.000,0.000, 0.000, 0.004, 0.643;
5.636,0.011,0.024,0.011,0.024, 0.000,-0.004,-0.015,0.000,0.000,0.000, 0.000, 0.004, 0.643;
5.647,0.011,0.025,0.011,0.025, 0.000,-0.004,-0.015,0.000,0.000,0.000, 0.000, 0.004, 0.643;
5.659,0.012,0.025,0.012,0.025, 0.000,-0.004,-0.015,0.000,0.000,0.000, 0.000, 0.004, 0.643;
5.669,0.012,0.025,0.012,0.025, 0.000,-0.004,-0.015,0.000,0.000,0.000, 0.000, 0.004, 0.643;
5.680,0.012,0.025,0.012,0.025, 0.000,-0.004,-0.015,0.000,0.000,0.000, 0.000, 0.004, 0.643;
5.691,0.013,0.026,0.013,0.026, 0.000,-0.004,-0.015,0.000,0.000,0.000, 0.000, 0.004, 0.643;
5.702,0.013,0.026,0.013,0.026, 0.000,-0.004,-0.015,0.000,0.000,0.000, 0.000, 0.004, 0.643;
5.713,0.014,0.026,0.014,0.026, 0.000,-0.004,-0.015,0.000,0.000,0.000, 0.000, 0.004, 0.643;
5.724,0.014,0.026,0.014,0.026, 0.000,-0.004,-0.015,0.000,0.000,0.000, 0.000, 0.004, 0.643;
5.746,0.015,0.027,0.015,0.027, 0.000,-0.004,-0.015,0.000,0.000,0.000, 0.000, 0.004, 0.643;
5.758,0.015,0.027,0.015,0.027, 0.000,-0.004,-0.015,0.000,0.000,0.000, 0.000, 0.004, 0.643;
5.770,0.015,0.027,0.015,0.027, 0.000,-0.004,-0.015,0.000,0.000,0.000, 0.000, 0.004, 0.643;
5.781,0.016,0.028,0.016,0.028, 0.000,-0.004,-0.015,0.000,0.000,0.000, 0.000, 0.004, 0.643;
5.793,0.016,0.028,0.016,0.028, 0.000,-0.004,-0.015,0.000,0.000,0.000, 0.000, 0.004, 0.643;
5.804,0.017,0.028,0.017,0.028, 0.000,-0.004,-0.015,0.000,0.000,0.000, 0.000, 0.004, 0.643;
5.816,0.017,0.028,0.017,0.028, 0.000,-0.004,-0.015,0.000,0.000,0.000, 0.000, 0.004, 0.643;
5.827,0.017,0.029,0.017,0.029, 0.000,-0.004,-0.015,0.000,0.000,0.000, 0.000, 0.004, 0.643;
5.838,0.018,0.029,0.018,0.029, 0.000,-0.004,-0.015,0.000,0.000,0.000, 0.000, 0.004, 0.643;
5.849,0.018,0.029,0.018,0.029, 0.000,-0.004,-0.015,0.000,0.000,0.000, 0.000, 0.004, 0.643;
5.861,0.019,0.029,0.019,0.029, 0.000,-0.004,-0.015,0.000,0.000,0.000, 0.000, 0.004, 0.643;
5.872,0.019,0.029,0.019,0.029, 0.000,-0.004,-0.015,0.000,0.000,0.000, 0.000, 0.004, 0.643;
5.883,0.019,0.030,0.019,0.030, 0.000,-0.004,-0.015,0.000,0.000,0.000, 0.000, 0.004, 0.643;
5.906,0.020,0.030,0.020,0.030, 0.000,-0.004,-0.015,0.000,0.000,0.000, 0.000, 0.004, 0.643;
5.918,0.021,0.030,0.021,0.030, 0.000,-0.004,-0.015,0.000,0.000,0.000, 0.000, 0.004, 0.643;
5.929,0.021,0.030,0.021,0.030, 0.000,-0.004,-0.015,0.000,0.000,0.000, 0.000, 0.004, 0.643;
5.942,0.021,0.031,0.021,0.031, 0.000,-0.004,-0.015,0.000,0.000,0.000, 0.000, 0.004, 0.643;
5.954,0.022,0.031,0.022,0.031, 0.000,-0.004,-0.015,0.000,0.000,0.000, 0.000, 0.004, 0.643;
5.966,0.022,0.031,0.022,0.031, 0.000,-0.004,-0.015,0.000,0.000,0.000, 0.000, 0.004, 0.643;
5.978,0.023,0.031,0.023,0.031, 0.000,-0.004,-0.015,0.000,0.000,0.000, 0.000, 0.004, 0.643;
5.990,0.023,0.032,0.023,0.032, 0.000,-0.004,-0.015,0.000,0.000,0.000, 0.000, 0.004, 0.643;
6.002,0.024,0.032,0.024,0.032, 0.000,-0.004,-0.015,0.000,0.000,0.000, 0.000, 0.004, 0.643;
6.013,0.024,0.032,0.024,0.032, 0.000,-0.004,-0.015,0.000,0.000,0.000, 0.000, 0.004, 0.643;
6.025,0.024,0.032,0.024,0.032, 0.000,-0.004,-0.015,0.000,0.000,0.000, 0.000, 0.004, 0.643;
6.037,0.025,0.032,0.025,0.032, 0.000,-0.004,-0.015,0.000,0.000,0.000, 0.000, 0.004, 0.643;
6.049,0.025,0.033,0.025,0.033, 0.000,-0.004,-0.015,0.000,0.000,0.000, 0.000, 0.004, 0.643;
6.060,0.026,0.033,0.026,0.033, 0.000,-0.004,-0.015,0.000,0.000,0.000, 0.000, 0.004, 0.643;
6.073,0.026,0.033,0.026,0.033, 0.000,-0.004,-0.015,0.000,0.000,0.000, 0.000, 0.004, 0.643;
6.084,0.026,0.033,0.026,0.033, 0.000,-0.004,-0.015,0.000,0.000,0.000, 0.000, 0.004, 0.643;
6.096,0.027,0.033,0.027,0.033, 0.000,-0.004,-0.015,0.000,0.000,0.000, 0.000, 0.004, 0.643;
6.108,0.027,0.034,0.027,0.034, 0.000,-0.004,-0.015,0.000,0.000,0.000, 0.000, 0.004, 0.643;
6.118,0.028,0.034,0.028,0.034, 0.000,-0.004,-0.015,0.000,0.000,0.000, 0.000, 0.004, 0.643;
6.130,0.028,0.034,0.028,0.034, 0.000,-0.004,-0.015,0.000,0.000,0.000, 0.000, 0.004, 0.643;
6.141,0.029,0.034,0.029,0.034, 0.000,-0.004,-0.015,0.000,0.000,0.000, 0.000, 0.004, 0.643;
6.163,0.029,0.035,0.029,0.035, 0.000,-0.004,-0.015,0.000,0.000,0.000, 0.000, 0.004, 0.643;
6.175,0.030,0.035,0.030,0.035, 0.000,-0.004,-0.015,0.000,0.000,0.000, 0.000, 0.004, 0.643;
6.185,0.030,0.035,0.030,0.035, 0.000,-0.004,-0.015,0.000,0.000,0.000, 0.000, 0.004, 0.643;
6.197,0.031,0.035,0.031,0.035, 0.000,-0.004,-0.015,0.000,0.000,0.000, 0.000, 0.004, 0.643;
6.208,0.031,0.035,0.031,0.035, 0.000,-0.004,-0.015,0.000,0.000,0.000, 0.000, 0.004, 0.643;
6.220,0.031,0.035,0.031,0.035, 0.000,-0.004,-0.015,0.000,0.000,0.000, 0.000, 0.004, 0.643;
6.232,0.032,0.036,0.032,0.036, 0.000,-0.004,-0.015,0.000,0.000,0.000, 0.000, 0.004, 0.643;
6.244,0.032,0.036,0.032,0.036, 0.000,-0.004,-0.015,0.000,0.000,0.000, 0.000, 0.004, 0.643;
6.255,0.033,0.036,0.033,0.036, 0.000,-0.004,-0.015,0.000,0.000,0.000, 0.000, 0.004, 0.643;
6.266,0.033,0.036,0.033,0.036, 0.000,-0.004,-0.015,0.000,0.000,0.000, 0.000, 0.004, 0.643;
6.277,0.033,0.036,0.033,0.036, 0.000,-0.004,-0.015,0.000,0.000,0.000, 0.000, 0.004, 0.643;
6.288,0.034,0.037,0.034,0.037, 0.000,-0.004,-0.015,0.000,0.000,0.000, 0.000, 0.004, 0.643;
6.299,0.034,0.037,0.034,0.037, 0.000,-0.004,-0.015,0.000,0.000,0.000, 0.000, 0.004, 0.643;
6.321,0.035,0.037,0.035,0.037, 0.000,-0.004,-0.015,0.000,0.000,0.000, 0.000, 0.004, 0.643;
6.333,0.036,0.037,0.036,0.037, 0.000,-0.004,-0.015,0.000,0.000,0.000, 0.000, 0.004, 0.643;
6.344,0.036,0.037,0.036,0.037, 0.000,-0.004,-0.015,0.000,0.000,0.000, 0.000, 0.004, 0.643;
6.357,0.036,0.038,0.036,0.038, 0.000,-0.004,-0.015,0.000,0.000,0.000, 0.000, 0.004, 0.643;
6.368,0.037,0.038,0.037,0.038, 0.000,-0.004,-0.015,0.000,0.000,0.000, 0.000, 0.004, 0.643;
6.379,0.037,0.038,0.037,0.038, 0.000,-0.004,-0.015,0.000,0.000,0.000, 0.000, 0.004, 0.643;
6.390,0.038,0.038,0.038,0.038, 0.000,-0.004,-0.015,0.000,0.000,0.000, 0.000, 0.004, 0.643;
6.401,0.038,0.038,0.038,0.038, 0.000,-0.004,-0.015,0.000,0.000,0.000, 0.000, 0.004, 0.643;
6.412,0.039,0.038,0.039,0.038, 0.000,-0.004,-0.015,0.000,0.000,0.000, 0.000, 0.004, 0.643;
6.423,0.039,0.038,0.039,0.038, 0.000,-0.004,-0.015,0.000,0.000,0.000, 0.000, 0.004, 0.643;
6.434,0.039,0.039,0.039,0.039, 0.000,-0.004,-0.015,0.000,0.000,0.000, 0.000, 0.004, 0.643;
6.455,0.040,0.039,0.040,0.039, 0.000,-0.004,-0.015,0.000,0.000,0.000, 0.000, 0.004, 0.643;
6.467,0.041,0.039,0.041,0.039, 0.000,-0.004,-0.015,0.000,0.000,0.000, 0.000, 0.004, 0.643;
6.478,0.041,0.039,0.041,0.039, 0.000,-0.004,-0.015,0.000,0.000,0.000, 0.000, 0.004, 0.643;
6.489,0.041,0.039,0.041,0.039, 0.000,-0.004,-0.015,0.000,0.000,0.000, 0.000, 0.004, 0.643;
6.501,0.042,0.039,0.042,0.039, 0.000,-0.004,-0.015,0.000,0.000,0.000, 0.000, 0.004, 0.643;
6.512,0.042,0.040,0.042,0.040, 0.000,-0.004,-0.015,0.000,0.000,0.000, 0.000, 0.004, 0.643;
6.523,0.043,0.040,0.043,0.040, 0.000,-0.004,-0.015,0.000,0.000,0.000, 0.000, 0.004, 0.643;
6.534,0.043,0.040,0.043,0.040, 0.000,-0.004,-0.015,0.000,0.000,0.000, 0.000, 0.004, 0.643;
6.545,0.044,0.040,0.044,0.040, 0.000,-0.004,-0.015,0.000,0.000,0.000, 0.000, 0.004, 0.643;
6.556,0.044,0.040,0.044,0.040, 0.000,-0.004,-0.015,0.000,0.000,0.000, 0.000, 0.004, 0.643;
6.577,0.045,0.040,0.045,0.040, 0.000,-0.004,-0.015,0.000,0.000,0.000, 0.000, 0.004, 0.643;
6.589,0.045,0.040,0.045,0.040, 0.000,-0.004,-0.015,0.000,0.000,0.000, 0.000, 0.004, 0.643;
6.600,0.046,0.041,0.046,0.041, 0.000,-0.004,-0.015,0.000,0.000,0.000, 0.000, 0.004, 0.643;
6.612,0.046,0.041,0.046,0.041, 0.000,-0.004,-0.015,0.000,0.000,0.000, 0.000, 0.004, 0.643;
6.624,0.047,0.041,0.047,0.041, 0.000,-0.004,-0.015,0.000,0.000,0.000, 0.000, 0.004, 0.643;
6.636,0.047,0.041,0.047,0.041, 0.000,-0.004,-0.015,0.000,0.000,0.000, 0.000, 0.004, 0.643;
6.648,0.047,0.041,0.047,0.041, 0.000,-0.004,-0.015,0.000,0.000,0.000, 0.000, 0.004, 0.643;
6.661,0.048,0.041,0.048,0.041, 0.000,-0.004,-0.015,0.000,0.000,0.000, 0.000, 0.004, 0.643;
6.674,0.048,0.041,0.048,0.041, 0.000,-0.004,-0.015,0.000,0.000,0.000, 0.000, 0.004, 0.643;
6.686,0.049,0.041,0.049,0.041, 0.000,-0.004,-0.015,0.000,0.000,0.000, 0.000, 0.004, 0.643;
6.698,0.049,0.042,0.049,0.042, 0.000,-0.004,-0.015,0.000,0.000,0.000, 0.000, 0.004, 0.643;
6.713,0.050,0.042,0.050,0.042, 0.000,-0.004,-0.015,0.000,0.000,0.000, 0.000, 0.004, 0.643;
6.724,0.050,0.042,0.050,0.042, 0.000,-0.004,-0.015,0.000,0.000,0.000, 0.000, 0.004, 0.643;
6.737,0.051,0.042,0.051,0.042, 0.000,-0.004,-0.015,0.000,0.000,0.000, 0.000, 0.004, 0.643;
6.748,0.051,0.042,0.051,0.042, 0.000,-0.004,-0.015,0.000,0.000,0.000, 0.000, 0.004, 0.643;
6.760,0.052,0.042,0.052,0.042, 0.000,-0.004,-0.015,0.000,0.000,0.000, 0.000, 0.004, 0.643;
6.772,0.052,0.042,0.052,0.042, 0.000,-0.004,-0.015,0.000,0.000,0.000, 0.000, 0.004, 0.643;
6.785,0.053,0.042,0.053,0.042, 0.000,-0.004,-0.015,0.000,0.000,0.000, 0.000, 0.004, 0.643;
6.797,0.053,0.043,0.053,0.043, 0.000,-0.004,-0.015,0.000,0.000,0.000, 0.000, 0.004, 0.643;
6.809,0.054,0.043,0.054,0.043, 0.000,-0.004,-0.015,0.000,0.000,0.000, 0.000, 0.004, 0.643;
6.821,0.054,0.043,0.054,0.043, 0.000,-0.004,-0.015,0.000,0.000,0.000, 0.000, 0.004, 0.643;
6.835,0.055,0.043,0.055,0.043, 0.000,-0.004,-0.015,0.000,0.000,0.000, 0.000, 0.004, 0.643;
6.840,0.055,0.043,0.055,0.043, 0.000,-0.004,-0.015,0.000,0.000,0.000, 0.000, 0.004, 0.643;
6.850,0.055,0.043,0.055,0.043, 0.000,-0.004,-0.015,0.000,0.000,0.000, 0.000, 0.004, 0.643;
6.871,0.056,0.043,0.056,0.043, 0.000,-0.004,-0.015,0.000,0.000,0.000, 0.000, 0.004, 0.643;
6.882,0.057,0.043,0.057,0.043, 0.000,-0.004,-0.015,0.000,0.000,0.000, 0.000, 0.004, 0.643;
6.893,0.057,0.043,0.057,0.043, 0.000,-0.004,-0.015,0.000,0.000,0.000, 0.000, 0.004, 0.643;
6.905,0.057,0.043,0.057,0.043, 0.000,-0.004,-0.015,0.000,0.000,0.000, 0.000, 0.004, 0.643;
6.916,0.058,0.043,0.058,0.043, 0.000,-0.004,-0.015,0.000,0.000,0.000, 0.000, 0.004, 0.643;
6.928,0.058,0.044,0.058,0.044, 0.000,-0.004,-0.015,0.000,0.000,0.000, 0.000, 0.004, 0.643;
6.939,0.059,0.044,0.059,0.044, 0.000,-0.004,-0.015,0.000,0.000,0.000, 0.000, 0.004, 0.643;
6.949,0.059,0.044,0.059,0.044, 0.000,-0.004,-0.015,0.000,0.000,0.000, 0.000, 0.004, 0.643;
6.961,0.060,0.044,0.060,0.044, 0.000,-0.004,-0.015,0.000,0.000,0.000, 0.000, 0.004, 0.643;
6.971,0.060,0.044,0.060,0.044, 0.000,-0.004,-0.015,0.000,0.000,0.000, 0.000, 0.004, 0.643;
6.993,0.061,0.044,0.061,0.044, 0.000,-0.004,-0.015,0.000,0.000,0.000, 0.000, 0.004, 0.643;
7.004,0.061,0.044,0.061,0.044, 0.000,-0.004,-0.015,0.000,0.000,0.000, 0.000, 0.004, 0.643;
7.015,0.062,0.044,0.062,0.044, 0.000,-0.004,-0.015,0.000,0.000,0.000, 0.000, 0.004, 0.643;
7.027,0.062,0.044,0.062,0.044, 0.000,-0.004,-0.015,0.000,0.000,0.000, 0.000, 0.004, 0.643;
7.038,0.063,0.044,0.063,0.044, 0.000,-0.004,-0.015,0.000,0.000,0.000, 0.000, 0.004, 0.643;
7.049,0.063,0.044,0.063,0.044, 0.000,-0.004,-0.015,0.000,0.000,0.000, 0.000, 0.004, 0.643;
7.061,0.064,0.044,0.064,0.044, 0.000,-0.004,-0.015,0.000,0.000,0.000, 0.000, 0.004, 0.643;
7.071,0.064,0.044,0.064,0.044, 0.000,-0.004,-0.015,0.000,0.000,0.000, 0.000, 0.004, 0.643;
7.083,0.064,0.044,0.064,0.044, 0.000,-0.004,-0.015,0.000,0.000,0.000, 0.000, 0.004, 0.643;
7.095,0.065,0.045,0.065,0.045, 0.000,-0.004,-0.015,0.000,0.000,0.000, 0.000, 0.004, 0.643;
7.107,0.065,0.045,0.065,0.045, 0.000,-0.004,-0.015,0.000,0.000,0.000, 0.000, 0.004, 0.643;
7.118,0.066,0.045,0.066,0.045, 0.000,-0.004,-0.015,0.000,0.000,0.000, 0.000, 0.004, 0.643;
7.140,0.067,0.045,0.067,0.045, 0.000,-0.004,-0.015,0.000,0.000,0.000, 0.000, 0.004, 0.643;
7.152,0.067,0.045,0.067,0.045, 0.000,-0.004,-0.015,0.000,0.000,0.000, 0.000, 0.004, 0.643;
7.163,0.068,0.045,0.068,0.045, 0.000,-0.004,-0.015,0.000,0.000,0.000, 0.000, 0.004, 0.643;
7.174,0.068,0.045,0.068,0.045, 0.000,-0.004,-0.015,0.000,0.000,0.000, 0.000, 0.004, 0.643;
7.187,0.068,0.045,0.068,0.045, 0.000,-0.004,-0.015,0.000,0.000,0.000, 0.000, 0.004, 0.643;
7.199,0.069,0.045,0.069,0.045, 0.000,-0.004,-0.015,0.000,0.000,0.000, 0.000, 0.004, 0.643;
7.212,0.069,0.045,0.069,0.045, 0.000,-0.004,-0.015,0.000,0.000,0.000, 0.000, 0.004, 0.643;
7.223,0.070,0.045,0.070,0.045, 0.000,-0.004,-0.015,0.000,0.000,0.000, 0.000, 0.004, 0.643;
7.235,0.070,0.045,0.070,0.045, 0.000,-0.004,-0.015,0.000,0.000,0.000, 0.000, 0.004, 0.643;
7.247,0.071,0.045,0.071,0.045, 0.000,-0.004,-0.015,0.000,0.000,0.000, 0.000, 0.004, 0.643;
7.259,0.071,0.045,0.071,0.045, 0.000,-0.004,-0.015,0.000,0.000,0.000, 0.000, 0.004, 0.643;
7.271,0.072,0.045,0.072,0.045, 0.000,-0.004,-0.015,0.000,0.000,0.000, 0.000, 0.004, 0.643;
7.284,0.072,0.045,0.072,0.045, 0.000,-0.004,-0.015,0.000,0.000,0.000, 0.000, 0.004, 0.643;
7.297,0.073,0.045,0.073,0.045, 0.000,-0.004,-0.015,0.000,0.000,0.000, 0.000, 0.004, 0.643;
7.309,0.073,0.045,0.073,0.045, 0.000,-0.004,-0.015,0.000,0.000,0.000, 0.000, 0.004, 0.643;
7.321,0.074,0.045,0.074,0.045, 0.000,-0.004,-0.015,0.000,0.000,0.000, 0.000, 0.004, 0.643;
7.333,0.074,0.045,0.074,0.045, 0.000,-0.004,-0.015,0.000,0.000,0.000, 0.000, 0.004, 0.643;
7.345,0.075,0.045,0.075,0.045, 0.000,-0.004,-0.015,0.000,0.000,0.000, 0.000, 0.004, 0.643;
7.357,0.075,0.045,0.075,0.045, 0.000,-0.004,-0.015,0.000,0.000,0.000, 0.000, 0.004, 0.643;
7.368,0.076,0.045,0.076,0.045, 0.000,-0.004,-0.015,0.000,0.000,0.000, 0.000, 0.004, 0.643;
7.379,0.076,0.045,0.076,0.045, 0.000,-0.004,-0.015,0.000,0.000,0.000, 0.000, 0.004, 0.643;
7.391,0.077,0.046,0.077,0.046, 0.000,-0.004,-0.015,0.000,0.000,0.000, 0.000, 0.004, 0.643;
7.402,0.077,0.046,0.077,0.046, 0.000,-0.004,-0.015,0.000,0.000,0.000, 0.000, 0.004, 0.643;
7.414,0.077,0.046,0.077,0.046, 0.000,-0.004,-0.015,0.000,0.000,0.000, 0.000, 0.004, 0.643;
7.426,0.078,0.046,0.078,0.046, 0.000,-0.004,-0.015,0.000,0.000,0.000, 0.000, 0.004, 0.643;
7.437,0.078,0.046,0.078,0.046, 0.000,-0.004,-0.015,0.000,0.000,0.000, 0.000, 0.004, 0.643;
7.448,0.079,0.046,0.079,0.046, 0.000,-0.004,-0.015,0.000,0.000,0.000, 0.000, 0.004, 0.643;
7.471,0.080,0.046,0.080,0.046, 0.000,-0.004,-0.015,0.000,0.000,0.000, 0.000, 0.004, 0.643;
7.483,0.080,0.046,0.080,0.046, 0.000,-0.004,-0.015,0.000,0.000,0.000, 0.000, 0.004, 0.643;
7.495,0.081,0.046,0.081,0.046, 0.000,-0.004,-0.015,0.000,0.000,0.000, 0.000, 0.004, 0.643;
7.507,0.081,0.046,0.081,0.046, 0.000,-0.004,-0.015,0.000,0.000,0.000, 0.000, 0.004, 0.643;
7.519,0.082,0.046,0.082,0.046, 0.000,-0.004,-0.015,0.000,0.000,0.000, 0.000, 0.004, 0.643;
7.531,0.082,0.046,0.082,0.046, 0.000,-0.004,-0.015,0.000,0.000,0.000, 0.000, 0.004, 0.643;
7.543,0.083,0.046,0.083,0.046, 0.000,-0.004,-0.015,0.000,0.000,0.000, 0.000, 0.004, 0.643;
7.555,0.083,0.046,0.083,0.046, 0.000,-0.004,-0.015,0.000,0.000,0.000, 0.000, 0.004, 0.643;
7.566,0.084,0.046,0.084,0.046, 0.000,-0.004,-0.015,0.000,0.000,0.000, 0.000, 0.004, 0.643;
7.579,0.084,0.046,0.084,0.046, 0.000,-0.004,-0.015,0.000,0.000,0.000, 0.000, 0.004, 0.643;
7.591,0.085,0.046,0.085,0.046, 0.000,-0.004,-0.015,0.000,0.000,0.000, 0.000, 0.004, 0.643;
7.603,0.085,0.046,0.085,0.046, 0.000,-0.004,-0.015,0.000,0.000,0.000, 0.000, 0.004, 0.643;
7.615,0.085,0.045,0.085,0.045, 0.000,-0.004,-0.015,0.000,0.000,0.000, 0.000, 0.004, 0.643;
7.627,0.086,0.045,0.086,0.045, 0.000,-0.004,-0.015,0.000,0.000,0.000, 0.000, 0.004, 0.643;
7.639,0.086,0.045,0.086,0.045, 0.000,-0.004,-0.015,0.000,0.000,0.000, 0.000, 0.004, 0.643;
7.651,0.087,0.045,0.087,0.045, 0.000,-0.004,-0.015,0.000,0.000,0.000, 0.000, 0.004, 0.643;
7.663,0.087,0.045,0.087,0.045, 0.000,-0.004,-0.015,0.000,0.000,0.000, 0.000, 0.004, 0.643;
7.675,0.088,0.045,0.088,0.045, 0.000,-0.004,-0.015,0.000,0.000,0.000, 0.000, 0.004, 0.643;
7.688,0.088,0.045,0.088,0.045, 0.000,-0.004,-0.015,0.000,0.000,0.000, 0.000, 0.004, 0.643;
7.700,0.089,0.045,0.089,0.045, 0.000,-0.004,-0.015,0.000,0.000,0.000, 0.000, 0.004, 0.643;
7.712,0.089,0.045,0.089,0.045, 0.000,-0.004,-0.015,0.000,0.000,0.000, 0.000, 0.004, 0.643;
7.724,0.090,0.045,0.090,0.045, 0.000,-0.004,-0.015,0.000,0.000,0.000, 0.000, 0.004, 0.643;
7.738,0.090,0.045,0.090,0.045, 0.000,-0.004,-0.015,0.000,0.000,0.000, 0.000, 0.004, 0.643;
7.750,0.091,0.045,0.091,0.045, 0.000,-0.004,-0.015,0.000,0.000,0.000, 0.000, 0.004, 0.643;
7.762,0.091,0.045,0.091,0.045, 0.000,-0.004,-0.015,0.000,0.000,0.000, 0.000, 0.004, 0.643;
7.775,0.092,0.045,0.092,0.045, 0.000,-0.004,-0.015,0.000,0.000,0.000, 0.000, 0.004, 0.643;
7.787,0.092,0.045,0.092,0.045, 0.000,-0.004,-0.015,0.000,0.000,0.000, 0.000, 0.004, 0.643;
7.799,0.093,0.045,0.093,0.045, 0.000,-0.004,-0.015,0.000,0.000,0.000, 0.000, 0.004, 0.643;
7.811,0.093,0.045,0.093,0.045, 0.000,-0.004,-0.015,0.000,0.000,0.000, 0.000, 0.004, 0.643;
7.823,0.094,0.045,0.094,0.045, 0.000,-0.004,-0.015,0.000,0.000,0.000, 0.000, 0.004, 0.643;
7.836,0.094,0.045,0.094,0.045, 0.000,-0.004,-0.015,0.000,0.000,0.000, 0.000, 0.004, 0.643;
7.847,0.095,0.045,0.095,0.045, 0.000,-0.004,-0.015,0.000,0.000,0.000, 0.000, 0.004, 0.643;
7.859,0.095,0.045,0.095,0.045, 0.000,-0.004,-0.015,0.000,0.000,0.000, 0.000, 0.004, 0.643;
7.871,0.096,0.045,0.096,0.045, 0.000,-0.004,-0.015,0.000,0.000,0.000, 0.000, 0.004, 0.643;
7.883,0.096,0.045,0.096,0.045, 0.000,-0.004,-0.015,0.000,0.000,0.000, 0.000, 0.004, 0.643;
7.895,0.097,0.045,0.097,0.045, 0.000,-0.004,-0.015,0.000,0.000,0.000, 0.000, 0.004, 0.643;
7.907,0.097,0.045,0.097,0.045, 0.000,-0.004,-0.015,0.000,0.000,0.000, 0.000, 0.004, 0.643;
7.918,0.097,0.044,0.097,0.044, 0.000,-0.004,-0.015,0.000,0.000,0.000, 0.000, 0.004, 0.643;
7.930,0.098,0.044,0.098,0.044, 0.000,-0.004,-0.015,0.000,0.000,0.000, 0.000, 0.004, 0.643;
7.941,0.098,0.044,0.098,0.044, 0.000,-0.004,-0.015,0.000,0.000,0.000, 0.000, 0.004, 0.643;
7.952,0.099,0.044,0.099,0.044, 0.000,-0.004,-0.015,0.000,0.000,0.000, 0.000, 0.004, 0.643;
7.963,0.099,0.044,0.099,0.044, 0.000,-0.004,-0.015,0.000,0.000,0.000, 0.000, 0.004, 0.643;
7.975,0.100,0.044,0.100,0.044, 0.000,-0.004,-0.015,0.000,0.000,0.000, 0.000, 0.004, 0.643;
7.997,0.101,0.044,0.101,0.044, 0.000,-0.004,-0.015,0.000,0.000,0.000, 0.000, 0.004, 0.643;
7.999,0.101,0.044,0.101,0.044, 0.000,-0.004,-0.015,0.000,0.000,0.000, 0.000, 0.004, 0.643;
8.021,0.102,0.044,0.102,0.044, 0.000,-0.004,-0.015,0.000,0.000,0.000, 0.000, 0.004, 0.643;
8.033,0.102,0.044,0.102,0.044, 0.000,-0.004,-0.015,0.000,0.000,0.000, 0.000, 0.004, 0.643;
8.045,0.102,0.044,0.102,0.044, 0.000,-0.004,-0.015,0.000,0.000,0.000, 0.000, 0.004, 0.643;
8.057,0.103,0.044,0.103,0.044, 0.000,-0.004,-0.015,0.000,0.000,0.000, 0.000, 0.004, 0.643;
8.069,0.103,0.044,0.103,0.044, 0.000,-0.004,-0.015,0.000,0.000,0.000, 0.000, 0.004, 0.643;
8.081,0.104,0.043,0.104,0.043, 0.000,-0.004,-0.015,0.000,0.000,0.000, 0.000, 0.004, 0.643;
8.093,0.104,0.043,0.104,0.043, 0.000,-0.004,-0.015,0.000,0.000,0.000, 0.000, 0.004, 0.643;
8.097,0.105,0.043,0.105,0.043, 0.000,-0.004,-0.015,0.000,0.000,0.000, 0.000, 0.004, 0.643;
8.109,0.105,0.043,0.105,0.043, 0.000,-0.004,-0.015,0.000,0.000,0.000, 0.000, 0.004, 0.643;
8.131,0.106,0.043,0.106,0.043, 0.000,-0.004,-0.015,0.000,0.000,0.000, 0.000, 0.004, 0.643;
8.143,0.106,0.043,0.106,0.043, 0.000,-0.004,-0.015,0.000,0.000,0.000, 0.000, 0.004, 0.643;
8.156,0.107,0.043,0.107,0.043, 0.000,-0.004,-0.015,0.000,0.000,0.000, 0.000, 0.004, 0.643;
8.161,0.107,0.043,0.107,0.043, 0.000,-0.004,-0.015,0.000,0.000,0.000, 0.000, 0.004, 0.643;
8.170,0.107,0.043,0.107,0.043, 0.000,-0.004,-0.015,0.000,0.000,0.000, 0.000, 0.004, 0.643;
8.193,0.108,0.043,0.108,0.043, 0.000,-0.004,-0.015,0.000,0.000,0.000, 0.000, 0.004, 0.643;
8.196,0.108,0.043,0.108,0.043, 0.000,-0.004,-0.015,0.000,0.000,0.000, 0.000, 0.004, 0.643;
8.207,0.109,0.042,0.109,0.042, 0.000,-0.004,-0.015,0.000,0.000,0.000, 0.000, 0.004, 0.643;
8.228,0.110,0.042,0.110,0.042, 0.000,-0.004,-0.015,0.000,0.000,0.000, 0.000, 0.004, 0.643;
8.241,0.110,0.042,0.110,0.042, 0.000,-0.004,-0.015,0.000,0.000,0.000, 0.000, 0.004, 0.643;
8.244,0.110,0.042,0.110,0.042, 0.000,-0.004,-0.015,0.000,0.000,0.000, 0.000, 0.004, 0.643;
8.255,0.111,0.042,0.111,0.042, 0.000,-0.004,-0.015,0.000,0.000,0.000, 0.000, 0.004, 0.643;
8.277,0.111,0.042,0.111,0.042, 0.000,-0.004,-0.015,0.000,0.000,0.000, 0.000, 0.004, 0.643;
8.289,0.112,0.042,0.112,0.042, 0.000,-0.004,-0.015,0.000,0.000,0.000, 0.000, 0.004, 0.643;
8.301,0.112,0.042,0.112,0.042, 0.000,-0.004,-0.015,0.000,0.000,0.000, 0.000, 0.004, 0.643;
8.313,0.113,0.041,0.113,0.041, 0.000,-0.004,-0.015,0.000,0.000,0.000, 0.000, 0.004, 0.643;
8.325,0.113,0.041,0.113,0.041, 0.000,-0.004,-0.015,0.000,0.000,0.000, 0.000, 0.004, 0.643;
8.336,0.114,0.041,0.114,0.041, 0.000,-0.004,-0.015,0.000,0.000,0.000, 0.000, 0.004, 0.643;
8.348,0.114,0.041,0.114,0.041, 0.000,-0.004,-0.015,0.000,0.000,0.000, 0.000, 0.004, 0.643;
8.360,0.115,0.041,0.115,0.041, 0.000,-0.004,-0.015,0.000,0.000,0.000, 0.000, 0.004, 0.643;
8.372,0.115,0.041,0.115,0.041, 0.000,-0.004,-0.015,0.000,0.000,0.000, 0.000, 0.004, 0.643;
8.384,0.116,0.041,0.116,0.041, 0.000,-0.004,-0.015,0.000,0.000,0.000, 0.000, 0.004, 0.643;
8.395,0.116,0.041,0.116,0.041, 0.000,-0.004,-0.015,0.000,0.000,0.000, 0.000, 0.004, 0.643;
8.406,0.116,0.040,0.116,0.040, 0.000,-0.004,-0.015,0.000,0.000,0.000, 0.000, 0.004, 0.643;
8.418,0.117,0.040,0.117,0.040, 0.000,-0.004,-0.015,0.000,0.000,0.000, 0.000, 0.004, 0.643;
8.429,0.117,0.040,0.117,0.040, 0.000,-0.004,-0.015,0.000,0.000,0.000, 0.000, 0.004, 0.643;
8.440,0.118,0.040,0.118,0.040, 0.000,-0.004,-0.015,0.000,0.000,0.000, 0.000, 0.004, 0.643;
8.452,0.118,0.040,0.118,0.040, 0.000,-0.004,-0.015,0.000,0.000,0.000, 0.000, 0.004, 0.643;
8.473,0.119,0.040,0.119,0.040, 0.000,-0.004,-0.015,0.000,0.000,0.000, 0.000, 0.004, 0.643;
8.485,0.119,0.040,0.119,0.040, 0.000,-0.004,-0.015,0.000,0.000,0.000, 0.000, 0.004, 0.643;
8.496,0.120,0.039,0.120,0.039, 0.000,-0.004,-0.015,0.000,0.000,0.000, 0.000, 0.004, 0.643;
8.508,0.120,0.039,0.120,0.039, 0.000,-0.004,-0.015,0.000,0.000,0.000, 0.000, 0.004, 0.643;
8.520,0.121,0.039,0.121,0.039, 0.000,-0.004,-0.015,0.000,0.000,0.000, 0.000, 0.004, 0.643;
8.532,0.121,0.039,0.121,0.039, 0.000,-0.004,-0.015,0.000,0.000,0.000, 0.000, 0.004, 0.643;
8.544,0.122,0.039,0.122,0.039, 0.000,-0.004,-0.015,0.000,0.000,0.000, 0.000, 0.004, 0.643;
8.556,0.122,0.039,0.122,0.039, 0.000,-0.004,-0.015,0.000,0.000,0.000, 0.000, 0.004, 0.643;
8.568,0.123,0.039,0.123,0.039, 0.000,-0.004,-0.015,0.000,0.000,0.000, 0.000, 0.004, 0.643;
8.580,0.123,0.038,0.123,0.038, 0.000,-0.004,-0.015,0.000,0.000,0.000, 0.000, 0.004, 0.643;
8.592,0.123,0.038,0.123,0.038, 0.000,-0.004,-0.015,0.000,0.000,0.000, 0.000, 0.004, 0.643;
8.603,0.124,0.038,0.124,0.038, 0.000,-0.004,-0.015,0.000,0.000,0.000, 0.000, 0.004, 0.643;
8.616,0.124,0.038,0.124,0.038, 0.000,-0.004,-0.015,0.000,0.000,0.000, 0.000, 0.004, 0.643;
8.627,0.125,0.038,0.125,0.038, 0.000,-0.004,-0.015,0.000,0.000,0.000, 0.000, 0.004, 0.643;
8.638,0.125,0.038,0.125,0.038, 0.000,-0.004,-0.015,0.000,0.000,0.000, 0.000, 0.004, 0.643;
8.649,0.126,0.037,0.126,0.037, 0.000,-0.004,-0.015,0.000,0.000,0.000, 0.000, 0.004, 0.643;
8.661,0.126,0.037,0.126,0.037, 0.000,-0.004,-0.015,0.000,0.000,0.000, 0.000, 0.004, 0.643;
8.673,0.126,0.037,0.126,0.037, 0.000,-0.004,-0.015,0.000,0.000,0.000, 0.000, 0.004, 0.643;
8.685,0.127,0.037,0.127,0.037, 0.000,-0.004,-0.015,0.000,0.000,0.000, 0.000, 0.004, 0.643;
8.696,0.127,0.037,0.127,0.037, 0.000,-0.004,-0.015,0.000,0.000,0.000, 0.000, 0.004, 0.643;
8.717,0.128,0.036,0.128,0.036, 0.000,-0.004,-0.015,0.000,0.000,0.000, 0.000, 0.004, 0.643;
8.728,0.129,0.036,0.129,0.036, 0.000,-0.004,-0.015,0.000,0.000,0.000, 0.000, 0.004, 0.643;
8.739,0.129,0.036,0.129,0.036, 0.000,-0.004,-0.015,0.000,0.000,0.000, 0.000, 0.004, 0.643;
8.750,0.129,0.036,0.129,0.036, 0.000,-0.004,-0.015,0.000,0.000,0.000, 0.000, 0.004, 0.643;
8.762,0.130,0.036,0.130,0.036, 0.000,-0.004,-0.015,0.000,0.000,0.000, 0.000, 0.004, 0.643;
8.775,0.130,0.036,0.130,0.036, 0.000,-0.004,-0.015,0.000,0.000,0.000, 0.000, 0.004, 0.643;
8.786,0.131,0.035,0.131,0.035, 0.000,-0.004,-0.015,0.000,0.000,0.000, 0.000, 0.004, 0.643;
8.798,0.131,0.035,0.131,0.035, 0.000,-0.004,-0.015,0.000,0.000,0.000, 0.000, 0.004, 0.643;
8.809,0.131,0.035,0.131,0.035, 0.000,-0.004,-0.015,0.000,0.000,0.000, 0.000, 0.004, 0.643;
8.820,0.132,0.035,0.132,0.035, 0.000,-0.004,-0.015,0.000,0.000,0.000, 0.000, 0.004, 0.643;
8.831,0.132,0.035,0.132,0.035, 0.000,-0.004,-0.015,0.000,0.000,0.000, 0.000, 0.004, 0.643;
8.852,0.133,0.034,0.133,0.034, 0.000,-0.004,-0.015,0.000,0.000,0.000, 0.000, 0.004, 0.643;
8.865,0.133,0.034,0.133,0.034, 0.000,-0.004,-0.015,0.000,0.000,0.000, 0.000, 0.004, 0.643;
8.877,0.134,0.034,0.134,0.034, 0.000,-0.004,-0.015,0.000,0.000,0.000, 0.000, 0.004, 0.643;
8.888,0.134,0.034,0.134,0.034, 0.000,-0.004,-0.015,0.000,0.000,0.000, 0.000, 0.004, 0.643;
8.900,0.135,0.034,0.135,0.034, 0.000,-0.004,-0.015,0.000,0.000,0.000, 0.000, 0.004, 0.643;
8.912,0.135,0.033,0.135,0.033, 0.000,-0.004,-0.015,0.000,0.000,0.000, 0.000, 0.004, 0.643;
8.923,0.136,0.033,0.136,0.033, 0.000,-0.004,-0.015,0.000,0.000,0.000, 0.000, 0.004, 0.643;
8.935,0.136,0.033,0.136,0.033, 0.000,-0.004,-0.015,0.000,0.000,0.000, 0.000, 0.004, 0.643;
8.947,0.136,0.033,0.136,0.033, 0.000,-0.004,-0.015,0.000,0.000,0.000, 0.000, 0.004, 0.643;
8.960,0.137,0.033,0.137,0.033, 0.000,-0.004,-0.015,0.000,0.000,0.000, 0.000, 0.004, 0.643;
8.973,0.137,0.032,0.137,0.032, 0.000,-0.004,-0.015,0.000,0.000,0.000, 0.000, 0.004, 0.643;
8.984,0.138,0.032,0.138,0.032, 0.000,-0.004,-0.015,0.000,0.000,0.000, 0.000, 0.004, 0.643;
8.996,0.138,0.032,0.138,0.032, 0.000,-0.004,-0.015,0.000,0.000,0.000, 0.000, 0.004, 0.643;
9.009,0.139,0.032,0.139,0.032, 0.000,-0.004,-0.015,0.000,0.000,0.000, 0.000, 0.004, 0.643;
9.022,0.139,0.031,0.139,0.031, 0.000,-0.004,-0.015,0.000,0.000,0.000, 0.000, 0.004, 0.643;
9.033,0.140,0.031,0.140,0.031, 0.000,-0.004,-0.015,0.000,0.000,0.000, 0.000, 0.004, 0.643;
9.045,0.140,0.031,0.140,0.031, 0.000,-0.004,-0.015,0.000,0.000,0.000, 0.000, 0.004, 0.643;
9.059,0.140,0.031,0.140,0.031, 0.000,-0.004,-0.015,0.000,0.000,0.000, 0.000, 0.004, 0.643;
9.070,0.141,0.030,0.141,0.030, 0.000,-0.004,-0.015,0.000,0.000,0.000, 0.000, 0.004, 0.643;
9.082,0.141,0.030,0.141,0.030, 0.000,-0.004,-0.015,0.000,0.000,0.000, 0.000, 0.004, 0.643;
9.094,0.142,0.030,0.142,0.030, 0.000,-0.004,-0.015,0.000,0.000,0.000, 0.000, 0.004, 0.643;
9.106,0.142,0.030,0.142,0.030, 0.000,-0.004,-0.015,0.000,0.000,0.000, 0.000, 0.004, 0.643;
9.120,0.143,0.030,0.143,0.030, 0.000,-0.004,-0.015,0.000,0.000,0.000, 0.000, 0.004, 0.643;
9.133,0.143,0.029,0.143,0.029, 0.000,-0.004,-0.015,0.000,0.000,0.000, 0.000, 0.004, 0.643;
9.145,0.143,0.029,0.143,0.029, 0.000,-0.004,-0.015,0.000,0.000,0.000, 0.000, 0.004, 0.643;
9.157,0.144,0.029,0.144,0.029, 0.000,-0.004,-0.015,0.000,0.000,0.000, 0.000, 0.004, 0.643;
9.169,0.144,0.029,0.144,0.029, 0.000,-0.004,-0.015,0.000,0.000,0.000, 0.000, 0.004, 0.643;
9.181,0.145,0.028,0.145,0.028, 0.000,-0.004,-0.015,0.000,0.000,0.000, 0.000, 0.004, 0.643;
9.193,0.145,0.028,0.145,0.028, 0.000,-0.004,-0.015,0.000,0.000,0.000, 0.000, 0.004, 0.643;
9.204,0.145,0.028,0.145,0.028, 0.000,-0.004,-0.015,0.000,0.000,0.000, 0.000, 0.004, 0.643;
9.217,0.146,0.028,0.146,0.028, 0.000,-0.004,-0.015,0.000,0.000,0.000, 0.000, 0.004, 0.643;
9.229,0.146,0.027,0.146,0.027, 0.000,-0.004,-0.015,0.000,0.000,0.000, 0.000, 0.004, 0.643;
9.241,0.147,0.027,0.147,0.027, 0.000,-0.004,-0.015,0.000,0.000,0.000, 0.000, 0.004, 0.643;
9.252,0.147,0.027,0.147,0.027, 0.000,-0.004,-0.015,0.000,0.000,0.000, 0.000, 0.004, 0.643;
9.264,0.147,0.027,0.147,0.027, 0.000,-0.004,-0.015,0.000,0.000,0.000, 0.000, 0.004, 0.643;
9.276,0.148,0.026,0.148,0.026, 0.000,-0.004,-0.015,0.000,0.000,0.000, 0.000, 0.004, 0.643;
9.288,0.148,0.026,0.148,0.026, 0.000,-0.004,-0.015,0.000,0.000,0.000, 0.000, 0.004, 0.643;
9.300,0.149,0.026,0.149,0.026, 0.000,-0.004,-0.015,0.000,0.000,0.000, 0.000, 0.004, 0.643;
9.312,0.149,0.026,0.149,0.026, 0.000,-0.004,-0.015,0.000,0.000,0.000, 0.000, 0.004, 0.643;
9.324,0.149,0.025,0.149,0.025, 0.000,-0.004,-0.015,0.000,0.000,0.000, 0.000, 0.004, 0.643;
9.334,0.150,0.025,0.150,0.025, 0.000,-0.004,-0.015,0.000,0.000,0.000, 0.000, 0.004, 0.643;
9.345,0.150,0.025,0.150,0.025, 0.000,-0.004,-0.015,0.000,0.000,0.000, 0.000, 0.004, 0.643;
9.358,0.151,0.025,0.151,0.025, 0.000,-0.004,-0.015,0.000,0.000,0.000, 0.000, 0.004, 0.643;
9.369,0.151,0.024,0.151,0.024, 0.000,-0.004,-0.015,0.000,0.000,0.000, 0.000, 0.004, 0.643;
9.390,0.152,0.024,0.152,0.024, 0.000,-0.004,-0.015,0.000,0.000,0.000, 0.000, 0.004, 0.643;
9.402,0.152,0.024,0.152,0.024, 0.000,-0.004,-0.015,0.000,0.000,0.000, 0.000, 0.004, 0.643;
9.413,0.152,0.023,0.152,0.023, 0.000,-0.004,-0.015,0.000,0.000,0.000, 0.000, 0.004, 0.643;
9.425,0.153,0.023,0.153,0.023, 0.000,-0.004,-0.015,0.000,0.000,0.000, 0.000, 0.004, 0.643;
9.436,0.153,0.023,0.153,0.023, 0.000,-0.004,-0.015,0.000,0.000,0.000, 0.000, 0.004, 0.643;
9.447,0.154,0.023,0.154,0.023, 0.000,-0.004,-0.015,0.000,0.000,0.000, 0.000, 0.004, 0.643;
9.458,0.154,0.022,0.154,0.022, 0.000,-0.004,-0.015,0.000,0.000,0.000, 0.000, 0.004, 0.643;
9.470,0.154,0.022,0.154,0.022, 0.000,-0.004,-0.015,0.000,0.000,0.000, 0.000, 0.004, 0.643;
9.481,0.155,0.022,0.155,0.022, 0.000,-0.004,-0.015,0.000,0.000,0.000, 0.000, 0.004, 0.643;
9.492,0.155,0.022,0.155,0.022, 0.000,-0.004,-0.015,0.000,0.000,0.000, 0.000, 0.004, 0.643;
9.503,0.155,0.021,0.155,0.021, 0.000,-0.004,-0.015,0.000,0.000,0.000, 0.000, 0.004, 0.643;
9.525,0.156,0.021,0.156,0.021, 0.000,-0.004,-0.015,0.000,0.000,0.000, 0.000, 0.004, 0.643;
9.539,0.156,0.021,0.156,0.021, 0.000,-0.004,-0.015,0.000,0.000,0.000, 0.000, 0.004, 0.643;
9.542,0.157,0.020,0.157,0.020, 0.000,-0.004,-0.015,0.000,0.000,0.000, 0.000, 0.004, 0.643;
9.552,0.157,0.020,0.157,0.020, 0.000,-0.004,-0.015,0.000,0.000,0.000, 0.000, 0.004, 0.643;
