0.000,0.000,0.000,0.000,0.000, 0.000, 0.000, 0.000,0.000,0.000,0.000, 0.000, 0.000, 0.000;
0.013,0.021,-0.143,-0.328,0.205,-0.129, 0.237, 2.208,0.000,0.000,0.000, 0.629,-0.229, 0.949;
0.024,0.022,-0.144,-0.332,0.210,-0.129, 0.237, 2.208,0.000,0.000,0.000, 0.629,-0.221, 0.964;
0.037,0.023,-0.145,-0.337,0.214,-0.129, 0.237, 2.208,0.000,0.000,0.000, 0.629,-0.214, 0.979;
0.049,0.024,-0.146,-0.341,0.219,-0.129, 0.237, 2.208,0.000,0.000,0.000, 0.629,-0.206, 0.995;
0.061,0.025,-0.147,-0.346,0.223,-0.129, 0.237, 2.208,0.000,0.000,0.000, 0.628,-0.199, 1.009;
0.072,0.026,-0.148,-0.350,0.228,-0.129, 0.237, 2.208,0.000,0.000,0.000, 0.627,-0.191, 1.024;
0.085,0.028,-0.149,-0.354,0.233,-0.129, 0.237, 2.208,0.000,0.000,0.000, 0.627,-0.183, 1.040;
0.097,0.029,-0.150,-0.359,0.237,-0.129, 0.237, 2.208,0.000,0.000,0.000, 0.626,-0.176, 1.055;
0.109,0.030,-0.151,-0.363,0.242,-0.129, 0.237, 2.208,0.000,0.000,0.000, 0.625,-0.169, 1.070;
0.120,0.032,-0.152,-0.367,0.246,-0.129, 0.237, 2.208,0.000,0.000,0.000, 0.624,-0.161, 1.084;
0.134,0.033,-0.153,-0.371,0.252,-0.129, 0.237, 2.208,0.000,0.000,0.000, 0.622,-0.153, 1.102;
0.146,0.035,-0.154,-0.376,0.257,-0.129, 0.237, 2.208,0.000,0.000,0.000, 0.621,-0.145, 1.117;
0.158,0.036,-0.154,-0.380,0.261,-0.129, 0.237, 2.208,0.000,0.000,0.000, 0.620,-0.138, 1.132;
0.170,0.038,-0.155,-0.384,0.266,-0.129, 0.237, 2.208,0.000,0.000,0.000, 0.618,-0.130, 1.147;
0.182,0.039,-0.156,-0.388,0.271,-0.129, 0.237, 2.208,0.000,0.000,0.000, 0.616,-0.123, 1.162;
0.193,0.040,-0.157,-0.391,0.275,-0.129, 0.237, 2.208,0.000,0.000,0.000, 0.615,-0.117, 1.176;
0.204,0.042,-0.157,-0.395,0.280,-0.129, 0.237, 2.208,0.000,0.000,0.000, 0.613,-0.110, 1.190;
0.215,0.043,-0.158,-0.399,0.284,-0.129, 0.237, 2.208,0.000,0.000,0.000, 0.611,-0.103, 1.203;
0.226,0.045,-0.159,-0.402,0.288,-0.129, 0.237, 2.208,0.000,0.000,0.000, 0.609,-0.096, 1.217;
0.247,0.048,-0.160,-0.409,0.297,-0.129, 0.237, 2.208,0.000,0.000,0.000, 0.606,-0.084, 1.244;
0.259,0.049,-0.161,-0.413,0.302,-0.129, 0.237, 2.208,0.000,0.000,0.000, 0.603,-0.077, 1.258;
0.272,0.051,-0.161,-0.417,0.307,-0.129, 0.237, 2.208,0.000,0.000,0.000, 0.601,-0.069, 1.275;
0.283,0.053,-0.162,-0.421,0.312,-0.129, 0.237, 2.208,0.000,0.000,0.000, 0.598,-0.062, 1.290;
0.295,0.055,-0.162,-0.424,0.317,-0.129, 0.237, 2.208,0.000,0.000,0.000, 0.595,-0.055, 1.304;
0.307,0.057,-0.163,-0.428,0.321,-0.129, 0.237, 2.208,0.000,0.000,0.000, 0.593,-0.049, 1.319;
0.319,0.059,-0.164,-0.432,0.327,-0.129, 0.237, 2.208,0.000,0.000,0.000, 0.590,-0.041, 1.335;
0.332,0.060,-0.164,-0.435,0.332,-0.129, 0.237, 2.208,0.000,0.000,0.000, 0.587,-0.034, 1.350;
0.343,0.062,-0.165,-0.439,0.336,-0.129, 0.237, 2.208,0.000,0.000,0.000, 0.584,-0.028, 1.364;
0.354,0.064,-0.165,-0.442,0.341,-0.129, 0.237, 2.208,0.000,0.000,0.000, 0.581,-0.021, 1.378;
0.365,0.066,-0.166,-0.445,0.346,-0.129, 0.237, 2.208,0.000,0.000,0.000, 0.578,-0.015, 1.392;
0.376,0.068,-0.166,-0.449,0.350,-0.129, 0.237, 2.208,0.000,0.000,0.000, 0.575,-0.009, 1.406;
0.387,0.070,-0.167,-0.452,0.355,-0.129, 0.237, 2.208,0.000,0.000,0.000, 0.572,-0.003, 1.419;
0.398,0.072,-0.167,-0.455,0.359,-0.129, 0.237, 2.208,0.000,0.000,0.000, 0.568, 0.003, 1.433;
0.409,0.073,-0.168,-0.458,0.364,-0.129, 0.237, 2.208,0.000,0.000,0.000, 0.565, 0.009, 1.447;
0.430,0.077,-0.168,-0.464,0.373,-0.129, 0.237, 2.208,0.000,0.000,0.000, 0.558, 0.021, 1.474;
0.442,0.079,-0.169,-0.467,0.378,-0.129, 0.237, 2.208,0.000,0.000,0.000, 0.554, 0.027, 1.488;
0.453,0.082,-0.169,-0.470,0.382,-0.129, 0.237, 2.208,0.000,0.000,0.000, 0.551, 0.033, 1.502;
0.464,0.084,-0.170,-0.473,0.387,-0.129, 0.237, 2.208,0.000,0.000,0.000, 0.547, 0.039, 1.517;
0.476,0.086,-0.170,-0.477,0.392,-0.129, 0.237, 2.208,0.000,0.000,0.000, 0.543, 0.045, 1.532;
0.487,0.088,-0.171,-0.480,0.397,-0.129, 0.237, 2.208,0.000,0.000,0.000, 0.539, 0.051, 1.546;
0.498,0.090,-0.171,-0.482,0.402,-0.129, 0.237, 2.208,0.000,0.000,0.000, 0.535, 0.056, 1.559;
0.509,0.093,-0.171,-0.485,0.406,-0.129, 0.237, 2.208,0.000,0.000,0.000, 0.531, 0.062, 1.573;
0.520,0.095,-0.172,-0.488,0.411,-0.129, 0.237, 2.208,0.000,0.000,0.000, 0.526, 0.067, 1.587;
0.531,0.097,-0.172,-0.491,0.416,-0.129, 0.237, 2.208,0.000,0.000,0.000, 0.522, 0.073, 1.601;
0.553,0.102,-0.173,-0.496,0.425,-0.129, 0.237, 2.208,0.000,0.000,0.000, 0.514, 0.083, 1.628;
0.564,0.104,-0.173,-0.499,0.430,-0.129, 0.237, 2.208,0.000,0.000,0.000, 0.509, 0.089, 1.642;
0.575,0.106,-0.174,-0.502,0.435,-0.129, 0.237, 2.208,0.000,0.000,0.000, 0.504, 0.094, 1.656;
0.587,0.109,-0.174,-0.505,0.440,-0.129, 0.237, 2.208,0.000,0.000,0.000, 0.500, 0.099, 1.670;
0.598,0.112,-0.174,-0.507,0.445,-0.129, 0.237, 2.208,0.000,0.000,0.000, 0.495, 0.105, 1.685;
0.610,0.114,-0.175,-0.510,0.450,-0.129, 0.237, 2.208,0.000,0.000,0.000, 0.490, 0.110, 1.700;
0.622,0.117,-0.175,-0.513,0.455,-0.129, 0.237, 2.208,0.000,0.000,0.000, 0.484, 0.116, 1.715;
0.633,0.119,-0.176,-0.516,0.459,-0.129, 0.237, 2.208,0.000,0.000,0.000, 0.479, 0.120, 1.729;
0.644,0.122,-0.176,-0.518,0.464,-0.129, 0.237, 2.208,0.000,0.000,0.000, 0.474, 0.125, 1.743;
0.656,0.125,-0.176,-0.521,0.469,-0.129, 0.237, 2.208,0.000,0.000,0.000, 0.469, 0.130, 1.757;
0.667,0.128,-0.177,-0.523,0.474,-0.129, 0.237, 2.208,0.000,0.000,0.000, 0.464, 0.135, 1.772;
0.679,0.130,-0.177,-0.526,0.479,-0.129, 0.237, 2.208,0.000,0.000,0.000, 0.458, 0.140, 1.786;
0.702,0.136,-0.178,-0.531,0.489,-0.129, 0.237, 2.208,0.000,0.000,0.000, 0.447, 0.149, 1.815;
0.706,0.137,-0.178,-0.532,0.491,-0.129, 0.237, 2.208,0.000,0.000,0.000, 0.445, 0.151, 1.821;
0.716,0.140,-0.178,-0.534,0.495,-0.129, 0.237, 2.208,0.000,0.000,0.000, 0.440, 0.155, 1.833;
0.727,0.142,-0.179,-0.536,0.500,-0.129, 0.237, 2.208,0.000,0.000,0.000, 0.435, 0.159, 1.847;
0.739,0.146,-0.179,-0.538,0.505,-0.129, 0.237, 2.208,0.000,0.000,0.000, 0.429, 0.164, 1.862;
0.761,0.151,-0.180,-0.543,0.514,-0.129, 0.237, 2.208,0.000,0.000,0.000, 0.418, 0.172, 1.889;
0.766,0.153,-0.180,-0.544,0.516,-0.129, 0.237, 2.208,0.000,0.000,0.000, 0.415, 0.174, 1.896;
0.778,0.156,-0.181,-0.546,0.521,-0.129, 0.237, 2.208,0.000,0.000,0.000, 0.409, 0.178, 1.910;
0.789,0.159,-0.181,-0.548,0.526,-0.129, 0.237, 2.208,0.000,0.000,0.000, 0.403, 0.182, 1.925;
0.801,0.162,-0.182,-0.550,0.531,-0.129, 0.237, 2.208,0.000,0.000,0.000, 0.397, 0.186, 1.939;
0.822,0.168,-0.182,-0.554,0.540,-0.129, 0.237, 2.208,0.000,0.000,0.000, 0.385, 0.193, 1.967;
0.836,0.172,-0.183,-0.557,0.546,-0.129, 0.237, 2.208,0.000,0.000,0.000, 0.378, 0.197, 1.984;
0.841,0.173,-0.183,-0.558,0.548,-0.129, 0.237, 2.208,0.000,0.000,0.000, 0.375, 0.199, 1.990;
0.852,0.176,-0.184,-0.560,0.552,-0.129, 0.237, 2.208,0.000,0.000,0.000, 0.369, 0.202, 2.004;
0.863,0.180,-0.184,-0.562,0.557,-0.129, 0.237, 2.208,0.000,0.000,0.000, 0.363, 0.205, 2.018;
0.874,0.183,-0.185,-0.564,0.562,-0.129, 0.237, 2.208,0.000,0.000,0.000, 0.357, 0.209, 2.032;
0.886,0.186,-0.185,-0.566,0.567,-0.129, 0.237, 2.208,0.000,0.000,0.000, 0.350, 0.212, 2.047;
0.908,0.193,-0.186,-0.569,0.576,-0.129, 0.237, 2.208,0.000,0.000,0.000, 0.338, 0.218, 2.074;
0.920,0.196,-0.187,-0.571,0.581,-0.129, 0.237, 2.208,0.000,0.000,0.000, 0.331, 0.221, 2.090;
0.925,0.198,-0.187,-0.572,0.583,-0.129, 0.237, 2.208,0.000,0.000,0.000, 0.328, 0.222, 2.095;
0.935,0.201,-0.187,-0.573,0.587,-0.129, 0.237, 2.208,0.000,0.000,0.000, 0.322, 0.225, 2.108;
0.956,0.208,-0.188,-0.577,0.596,-0.129, 0.237, 2.208,0.000,0.000,0.000, 0.310, 0.230, 2.135;
0.969,0.212,-0.189,-0.579,0.601,-0.129, 0.237, 2.208,0.000,0.000,0.000, 0.302, 0.233, 2.151;
0.981,0.215,-0.190,-0.580,0.606,-0.129, 0.237, 2.208,0.000,0.000,0.000, 0.295, 0.235, 2.166;
0.993,0.219,-0.190,-0.582,0.611,-0.129, 0.237, 2.208,0.000,0.000,0.000, 0.288, 0.237, 2.181;
1.004,0.223,-0.191,-0.584,0.616,-0.129, 0.237, 2.208,0.000,0.000,0.000, 0.281, 0.240, 2.196;
1.017,0.227,-0.192,-0.585,0.620,-0.129, 0.237, 2.208,0.000,0.000,0.000, 0.274, 0.242, 2.211;
1.028,0.230,-0.192,-0.587,0.625,-0.129, 0.237, 2.208,0.000,0.000,0.000, 0.267, 0.244, 2.225;
1.040,0.234,-0.193,-0.589,0.630,-0.129, 0.237, 2.208,0.000,0.000,0.000, 0.260, 0.246, 2.241;
1.052,0.238,-0.194,-0.590,0.635,-0.129, 0.237, 2.208,0.000,0.000,0.000, 0.253, 0.248, 2.255;
1.064,0.242,-0.194,-0.592,0.639,-0.129, 0.237, 2.208,0.000,0.000,0.000, 0.245, 0.250, 2.270;
1.075,0.246,-0.195,-0.593,0.644,-0.129, 0.237, 2.208,0.000,0.000,0.000, 0.239, 0.251, 2.284;
1.086,0.250,-0.196,-0.594,0.648,-0.129, 0.237, 2.208,0.000,0.000,0.000, 0.232, 0.253, 2.298;
1.097,0.254,-0.197,-0.596,0.653,-0.129, 0.237, 2.208,0.000,0.000,0.000, 0.225, 0.254, 2.312;
1.108,0.257,-0.197,-0.597,0.657,-0.129, 0.237, 2.208,0.000,0.000,0.000, 0.218, 0.255, 2.325;
1.119,0.261,-0.198,-0.598,0.661,-0.129, 0.237, 2.208,0.000,0.000,0.000, 0.211, 0.257, 2.339;
1.130,0.265,-0.199,-0.600,0.666,-0.129, 0.237, 2.208,0.000,0.000,0.000, 0.204, 0.258, 2.353;
1.152,0.272,-0.200,-0.602,0.674,-0.129, 0.237, 2.208,0.000,0.000,0.000, 0.191, 0.260, 2.381;
1.164,0.277,-0.201,-0.603,0.679,-0.129, 0.237, 2.208,0.000,0.000,0.000, 0.183, 0.260, 2.396;
1.169,0.278,-0.202,-0.604,0.680,-0.129, 0.237, 2.208,0.000,0.000,0.000, 0.181, 0.261, 2.402;
1.179,0.282,-0.203,-0.605,0.685,-0.129, 0.237, 2.208,0.000,0.000,0.000, 0.174, 0.261, 2.415;
1.201,0.290,-0.204,-0.607,0.693,-0.129, 0.237, 2.208,0.000,0.000,0.000, 0.160, 0.262, 2.442;
1.212,0.294,-0.205,-0.608,0.697,-0.129, 0.237, 2.208,0.000,0.000,0.000, 0.153, 0.263, 2.457;
1.225,0.299,-0.206,-0.610,0.702,-0.129, 0.237, 2.208,0.000,0.000,0.000, 0.145, 0.263, 2.473;
1.237,0.303,-0.207,-0.611,0.706,-0.129, 0.237, 2.208,0.000,0.000,0.000, 0.138, 0.263, 2.487;
1.248,0.307,-0.208,-0.612,0.710,-0.129, 0.237, 2.208,0.000,0.000,0.000, 0.131, 0.263, 2.501;
1.259,0.311,-0.209,-0.613,0.715,-0.129, 0.237, 2.208,0.000,0.000,0.000, 0.124, 0.263, 2.516;
1.270,0.315,-0.211,-0.614,0.719,-0.129, 0.237, 2.208,0.000,0.000,0.000, 0.117, 0.263, 2.530;
1.283,0.320,-0.212,-0.615,0.723,-0.129, 0.237, 2.208,0.000,0.000,0.000, 0.109, 0.263, 2.545;
1.294,0.324,-0.213,-0.616,0.727,-0.129, 0.237, 2.208,0.000,0.000,0.000, 0.102, 0.263, 2.560;
1.305,0.329,-0.214,-0.617,0.731,-0.129, 0.237, 2.208,0.000,0.000,0.000, 0.095, 0.262, 2.574;
1.317,0.333,-0.215,-0.618,0.736,-0.129, 0.237, 2.208,0.000,0.000,0.000, 0.087, 0.262, 2.588;
1.328,0.337,-0.216,-0.619,0.739,-0.129, 0.237, 2.208,0.000,0.000,0.000, 0.081, 0.261, 2.602;
1.339,0.341,-0.217,-0.619,0.743,-0.129, 0.237, 2.208,0.000,0.000,0.000, 0.074, 0.260, 2.616;
1.350,0.346,-0.219,-0.620,0.747,-0.129, 0.237, 2.208,0.000,0.000,0.000, 0.067, 0.259, 2.630;
1.371,0.354,-0.221,-0.622,0.755,-0.129, 0.237, 2.208,0.000,0.000,0.000, 0.053, 0.258, 2.657;
1.383,0.359,-0.222,-0.623,0.759,-0.129, 0.237, 2.208,0.000,0.000,0.000, 0.046, 0.256, 2.672;
1.395,0.363,-0.224,-0.623,0.763,-0.129, 0.237, 2.208,0.000,0.000,0.000, 0.039, 0.255, 2.686;
1.406,0.368,-0.225,-0.624,0.767,-0.129, 0.237, 2.208,0.000,0.000,0.000, 0.032, 0.254, 2.700;
1.417,0.372,-0.227,-0.625,0.771,-0.129, 0.237, 2.208,0.000,0.000,0.000, 0.025, 0.252, 2.714;
1.429,0.377,-0.228,-0.626,0.774,-0.129, 0.237, 2.208,0.000,0.000,0.000, 0.018, 0.251, 2.729;
1.441,0.382,-0.230,-0.626,0.778,-0.129, 0.237, 2.208,0.000,0.000,0.000, 0.011, 0.249, 2.744;
1.452,0.386,-0.231,-0.627,0.782,-0.129, 0.237, 2.208,0.000,0.000,0.000, 0.004, 0.247, 2.758;
1.463,0.390,-0.232,-0.628,0.786,-0.129, 0.237, 2.208,0.000,0.000,0.000,-0.003, 0.246, 2.771;
1.474,0.395,-0.234,-0.628,0.789,-0.129, 0.237, 2.208,0.000,0.000,0.000,-0.009, 0.244, 2.785;
1.485,0.399,-0.235,-0.629,0.793,-0.129, 0.237, 2.208,0.000,0.000,0.000,-0.016, 0.242, 2.799;
1.506,0.408,-0.238,-0.630,0.800,-0.129, 0.237, 2.208,0.000,0.000,0.000,-0.029, 0.238, 2.826;
1.517,0.412,-0.240,-0.631,0.803,-0.129, 0.237, 2.208,0.000,0.000,0.000,-0.035, 0.236, 2.840;
1.529,0.417,-0.242,-0.631,0.807,-0.129, 0.237, 2.208,0.000,0.000,0.000,-0.042, 0.233, 2.854;
1.540,0.422,-0.243,-0.632,0.810,-0.129, 0.237, 2.208,0.000,0.000,0.000,-0.049, 0.231, 2.869;
1.551,0.426,-0.245,-0.633,0.814,-0.129, 0.237, 2.208,0.000,0.000,0.000,-0.055, 0.228, 2.883;
1.562,0.431,-0.247,-0.633,0.817,-0.129, 0.237, 2.208,0.000,0.000,0.000,-0.062, 0.225, 2.897;
1.573,0.435,-0.248,-0.634,0.821,-0.129, 0.237, 2.208,0.000,0.000,0.000,-0.068, 0.223, 2.910;
1.584,0.440,-0.250,-0.634,0.824,-0.129, 0.237, 2.208,0.000,0.000,0.000,-0.074, 0.220, 2.924;
1.595,0.444,-0.252,-0.635,0.827,-0.129, 0.237, 2.208,0.000,0.000,0.000,-0.081, 0.217, 2.938;
1.616,0.453,-0.255,-0.636,0.834,-0.129, 0.237, 2.208,0.000,0.000,0.000,-0.093, 0.211, 2.965;
1.628,0.458,-0.257,-0.636,0.837,-0.129, 0.237, 2.208,0.000,0.000,0.000,-0.099, 0.208, 2.979;
1.640,0.463,-0.259,-0.637,0.840,-0.129, 0.237, 2.208,0.000,0.000,0.000,-0.106, 0.205, 2.994;
1.652,0.468,-0.262,-0.637,0.844,-0.129, 0.237, 2.208,0.000,0.000,0.000,-0.112, 0.201, 3.009;
1.665,0.473,-0.264,-0.638,0.847,-0.129, 0.237, 2.208,0.000,0.000,0.000,-0.119, 0.197, 3.025;
1.677,0.479,-0.266,-0.638,0.851,-0.129, 0.237, 2.208,0.000,0.000,0.000,-0.126, 0.193, 3.041;
1.689,0.484,-0.268,-0.639,0.854,-0.129, 0.237, 2.208,0.000,0.000,0.000,-0.132, 0.189, 3.055;
1.701,0.489,-0.270,-0.639,0.857,-0.129, 0.237, 2.208,0.000,0.000,0.000,-0.139, 0.185, 3.070;
1.713,0.494,-0.273,-0.640,0.861,-0.129, 0.237, 2.208,0.000,0.000,0.000,-0.145, 0.181, 3.086;
1.725,0.499,-0.275,-0.640,0.864,-0.129, 0.237, 2.208,0.000,0.000,0.000,-0.152, 0.177, 3.101;
1.737,0.504,-0.277,-0.640,0.867,-0.129, 0.237, 2.208,0.000,0.000,0.000,-0.158, 0.173, 3.116;
1.749,0.509,-0.280,-0.641,0.870,-0.129, 0.237, 2.208,0.000,0.000,0.000,-0.164, 0.168, 3.131;
1.762,0.515,-0.282,-0.641,0.874,-0.129, 0.237, 2.208,0.000,0.000,0.000,-0.171, 0.163, 3.147;
1.774,0.520,-0.285,-0.642,0.877,-0.129, 0.237, 2.208,0.000,0.000,0.000,-0.176, 0.159, 3.162;
1.786,0.525,-0.287,-0.642,0.880,-0.129, 0.237, 2.208,0.000,0.000,0.000,-0.182, 0.154, 3.178;
1.797,0.530,-0.290,-0.643,0.883,-0.129, 0.237, 2.208,0.000,0.000,0.000,-0.188, 0.150, 3.192;
1.809,0.535,-0.292,-0.643,0.886,-0.129, 0.237, 2.208,0.000,0.000,0.000,-0.193, 0.145, 3.206;
1.821,0.540,-0.295,-0.643,0.888,-0.129, 0.237, 2.208,0.000,0.000,0.000,-0.199, 0.140, 3.221;
1.833,0.545,-0.297,-0.644,0.891,-0.129, 0.237, 2.208,0.000,0.000,0.000,-0.205, 0.135, 3.237;
1.846,0.551,-0.300,-0.644,0.895,-0.129, 0.237, 2.208,0.000,0.000,0.000,-0.211, 0.130, 3.253;
1.859,0.556,-0.303,-0.645,0.898,-0.129, 0.237, 2.208,0.000,0.000,0.000,-0.217, 0.124, 3.269;
1.872,0.562,-0.306,-0.645,0.901,-0.129, 0.237, 2.208,0.000,0.000,0.000,-0.223, 0.118, 3.285;
1.884,0.567,-0.309,-0.646,0.903,-0.129, 0.237, 2.208,0.000,0.000,0.000,-0.228, 0.113, 3.301;
1.896,0.572,-0.312,-0.646,0.906,-0.129, 0.237, 2.208,0.000,0.000,0.000,-0.233, 0.108, 3.315;
1.908,0.577,-0.315,-0.646,0.909,-0.129, 0.237, 2.208,0.000,0.000,0.000,-0.238, 0.102, 3.331;
1.920,0.582,-0.318,-0.647,0.912,-0.129, 0.237, 2.208,0.000,0.000,0.000,-0.244, 0.096, 3.346;
1.932,0.588,-0.321,-0.647,0.914,-0.129, 0.237, 2.208,0.000,0.000,0.000,-0.249, 0.091, 3.362;
1.944,0.593,-0.323,-0.648,0.917,-0.129, 0.237, 2.208,0.000,0.000,0.000,-0.253, 0.085, 3.376;
1.955,0.597,-0.326,-0.648,0.919,-0.129, 0.237, 2.208,0.000,0.000,0.000,-0.258, 0.080, 3.390;
1.966,0.602,-0.329,-0.648,0.921,-0.129, 0.237, 2.208,0.000,0.000,0.000,-0.262, 0.074, 3.404;
1.977,0.607,-0.332,-0.649,0.924,-0.129, 0.237, 2.208,0.000,0.000,0.000,-0.266, 0.069, 3.418;
1.988,0.611,-0.335,-0.649,0.926,-0.129, 0.237, 2.208,0.000,0.000,0.000,-0.271, 0.063, 3.432;
1.999,0.616,-0.337,-0.649,0.928,-0.129, 0.237, 2.208,0.000,0.000,0.000,-0.275, 0.058, 3.445;
2.020,0.625,-0.343,-0.650,0.932,-0.129, 0.237, 2.208,0.000,0.000,0.000,-0.282, 0.047, 3.472;
2.032,0.630,-0.346,-0.651,0.935,-0.129, 0.237, 2.208,0.000,0.000,0.000,-0.287, 0.041, 3.487;
2.043,0.635,-0.349,-0.651,0.937,-0.129, 0.237, 2.208,0.000,0.000,0.000,-0.290, 0.035, 3.501;
2.054,0.640,-0.352,-0.652,0.939,-0.129, 0.237, 2.208,0.000,0.000,0.000,-0.294, 0.029, 3.515;
2.065,0.644,-0.355,-0.652,0.941,-0.129, 0.237, 2.208,0.000,0.000,0.000,-0.298, 0.023, 3.529;
2.077,0.649,-0.359,-0.652,0.943,-0.129, 0.237, 2.208,0.000,0.000,0.000,-0.302, 0.017, 3.543;
2.089,0.654,-0.362,-0.653,0.945,-0.129, 0.237, 2.208,0.000,0.000,0.000,-0.305, 0.011, 3.558;
2.099,0.658,-0.365,-0.653,0.947,-0.129, 0.237, 2.208,0.000,0.000,0.000,-0.308, 0.005, 3.571;
2.110,0.663,-0.368,-0.654,0.949,-0.129, 0.237, 2.208,0.000,0.000,0.000,-0.312,-0.001, 3.585;
2.121,0.668,-0.371,-0.654,0.951,-0.129, 0.237, 2.208,0.000,0.000,0.000,-0.315,-0.007, 3.599;
2.142,0.677,-0.377,-0.655,0.954,-0.129, 0.237, 2.208,0.000,0.000,0.000,-0.321,-0.019, 3.625;
2.154,0.681,-0.381,-0.656,0.956,-0.129, 0.237, 2.208,0.000,0.000,0.000,-0.324,-0.026, 3.640;
2.166,0.687,-0.385,-0.656,0.958,-0.129, 0.237, 2.208,0.000,0.000,0.000,-0.327,-0.033, 3.656;
2.178,0.692,-0.388,-0.657,0.960,-0.129, 0.237, 2.208,0.000,0.000,0.000,-0.330,-0.040, 3.671;
2.191,0.697,-0.392,-0.657,0.962,-0.129, 0.237, 2.208,0.000,0.000,0.000,-0.333,-0.047, 3.686;
2.203,0.702,-0.396,-0.658,0.964,-0.129, 0.237, 2.208,0.000,0.000,0.000,-0.336,-0.054, 3.701;
2.215,0.706,-0.399,-0.659,0.966,-0.129, 0.237, 2.208,0.000,0.000,0.000,-0.339,-0.061, 3.716;
2.227,0.711,-0.403,-0.659,0.967,-0.129, 0.237, 2.208,0.000,0.000,0.000,-0.341,-0.068, 3.731;
2.239,0.717,-0.407,-0.660,0.969,-0.129, 0.237, 2.208,0.000,0.000,0.000,-0.344,-0.076, 3.747;
2.252,0.722,-0.411,-0.661,0.971,-0.129, 0.237, 2.208,0.000,0.000,0.000,-0.346,-0.083, 3.763;
2.264,0.726,-0.415,-0.661,0.973,-0.129, 0.237, 2.208,0.000,0.000,0.000,-0.349,-0.090, 3.778;
2.276,0.731,-0.419,-0.662,0.974,-0.129, 0.237, 2.208,0.000,0.000,0.000,-0.351,-0.098, 3.793;
2.288,0.736,-0.423,-0.663,0.976,-0.129, 0.237, 2.208,0.000,0.000,0.000,-0.353,-0.105, 3.808;
2.299,0.741,-0.427,-0.663,0.978,-0.129, 0.237, 2.208,0.000,0.000,0.000,-0.355,-0.112, 3.823;
2.311,0.745,-0.430,-0.664,0.979,-0.129, 0.237, 2.208,0.000,0.000,0.000,-0.357,-0.119, 3.837;
2.322,0.750,-0.434,-0.665,0.981,-0.129, 0.237, 2.208,0.000,0.000,0.000,-0.358,-0.126, 3.852;
2.336,0.756,-0.439,-0.666,0.982,-0.129, 0.237, 2.208,0.000,0.000,0.000,-0.360,-0.134, 3.869;
2.350,0.761,-0.444,-0.667,0.984,-0.129, 0.237, 2.208,0.000,0.000,0.000,-0.362,-0.143, 3.886;
2.362,0.766,-0.448,-0.667,0.985,-0.129, 0.237, 2.208,0.000,0.000,0.000,-0.363,-0.150, 3.901;
2.373,0.770,-0.452,-0.668,0.987,-0.129, 0.237, 2.208,0.000,0.000,0.000,-0.364,-0.157, 3.916;
2.385,0.775,-0.456,-0.669,0.988,-0.129, 0.237, 2.208,0.000,0.000,0.000,-0.365,-0.165, 3.931;
2.398,0.780,-0.460,-0.670,0.989,-0.129, 0.237, 2.208,0.000,0.000,0.000,-0.366,-0.173, 3.947;
2.410,0.784,-0.465,-0.671,0.991,-0.129, 0.237, 2.208,0.000,0.000,0.000,-0.367,-0.180, 3.962;
2.422,0.789,-0.469,-0.672,0.992,-0.129, 0.237, 2.208,0.000,0.000,0.000,-0.368,-0.188, 3.977;
2.435,0.794,-0.473,-0.673,0.993,-0.129, 0.237, 2.208,0.000,0.000,0.000,-0.369,-0.196, 3.993;
2.447,0.798,-0.478,-0.674,0.995,-0.129, 0.237, 2.208,0.000,0.000,0.000,-0.369,-0.203, 4.008;
2.458,0.803,-0.482,-0.675,0.996,-0.129, 0.237, 2.208,0.000,0.000,0.000,-0.370,-0.210, 4.023;
2.470,0.807,-0.486,-0.676,0.997,-0.129, 0.237, 2.208,0.000,0.000,0.000,-0.370,-0.218, 4.037;
2.482,0.812,-0.491,-0.677,0.998,-0.129, 0.237, 2.208,0.000,0.000,0.000,-0.370,-0.226, 4.053;
2.495,0.816,-0.495,-0.678,0.999,-0.129, 0.237, 2.208,0.000,0.000,0.000,-0.371,-0.233, 4.069;
2.508,0.821,-0.500,-0.679,1.000,-0.129, 0.237, 2.208,0.000,0.000,0.000,-0.371,-0.242, 4.085;
2.520,0.826,-0.505,-0.680,1.001,-0.129, 0.237, 2.208,0.000,0.000,0.000,-0.370,-0.249, 4.100;
2.534,0.831,-0.510,-0.682,1.003,-0.129, 0.237, 2.208,0.000,0.000,0.000,-0.370,-0.258, 4.117;
2.547,0.835,-0.515,-0.683,1.004,-0.129, 0.237, 2.208,0.000,0.000,0.000,-0.370,-0.266, 4.133;
2.559,0.840,-0.519,-0.684,1.005,-0.129, 0.237, 2.208,0.000,0.000,0.000,-0.369,-0.273, 4.149;
2.571,0.844,-0.524,-0.685,1.006,-0.129, 0.237, 2.208,0.000,0.000,0.000,-0.369,-0.281, 4.164;
2.583,0.848,-0.528,-0.687,1.007,-0.129, 0.237, 2.208,0.000,0.000,0.000,-0.368,-0.288, 4.179;
2.596,0.853,-0.533,-0.688,1.008,-0.129, 0.237, 2.208,0.000,0.000,0.000,-0.367,-0.297, 4.195;
2.601,0.855,-0.535,-0.689,1.008,-0.129, 0.237, 2.208,0.000,0.000,0.000,-0.367,-0.300, 4.201;
2.610,0.858,-0.539,-0.690,1.009,-0.129, 0.237, 2.208,0.000,0.000,0.000,-0.366,-0.306, 4.213;
2.632,0.866,-0.547,-0.692,1.010,-0.129, 0.237, 2.208,0.000,0.000,0.000,-0.364,-0.319, 4.241;
2.644,0.870,-0.552,-0.694,1.011,-0.129, 0.237, 2.208,0.000,0.000,0.000,-0.362,-0.327, 4.256;
2.657,0.874,-0.557,-0.695,1.012,-0.129, 0.237, 2.208,0.000,0.000,0.000,-0.361,-0.335, 4.272;
2.661,0.875,-0.559,-0.696,1.012,-0.129, 0.237, 2.208,0.000,0.000,0.000,-0.360,-0.337, 4.277;
2.671,0.879,-0.563,-0.697,1.013,-0.129, 0.237, 2.208,0.000,0.000,0.000,-0.359,-0.343, 4.290;
2.693,0.886,-0.572,-0.700,1.014,-0.129, 0.237, 2.208,0.000,0.000,0.000,-0.356,-0.357, 4.318;
2.696,0.887,-0.573,-0.700,1.015,-0.129, 0.237, 2.208,0.000,0.000,0.000,-0.355,-0.359, 4.322;
2.718,0.894,-0.581,-0.703,1.016,-0.129, 0.237, 2.208,0.000,0.000,0.000,-0.352,-0.372, 4.348;
2.730,0.898,-0.586,-0.704,1.016,-0.129, 0.237, 2.208,0.000,0.000,0.000,-0.350,-0.379, 4.363;
2.741,0.902,-0.591,-0.706,1.017,-0.129, 0.237, 2.208,0.000,0.000,0.000,-0.348,-0.386, 4.378;
2.753,0.906,-0.596,-0.708,1.018,-0.129, 0.237, 2.208,0.000,0.000,0.000,-0.345,-0.393, 4.393;
2.767,0.910,-0.601,-0.710,1.019,-0.129, 0.237, 2.208,0.000,0.000,0.000,-0.343,-0.401, 4.410;
2.770,0.911,-0.603,-0.710,1.019,-0.129, 0.237, 2.208,0.000,0.000,0.000,-0.342,-0.403, 4.414;
2.781,0.915,-0.607,-0.712,1.019,-0.129, 0.237, 2.208,0.000,0.000,0.000,-0.340,-0.409, 4.428;
2.802,0.921,-0.616,-0.715,1.020,-0.129, 0.237, 2.208,0.000,0.000,0.000,-0.335,-0.422, 4.455;
2.814,0.925,-0.621,-0.717,1.021,-0.129, 0.237, 2.208,0.000,0.000,0.000,-0.332,-0.429, 4.470;
2.826,0.929,-0.626,-0.719,1.022,-0.129, 0.237, 2.208,0.000,0.000,0.000,-0.329,-0.436, 4.485;
2.838,0.932,-0.631,-0.721,1.022,-0.129, 0.237, 2.208,0.000,0.000,0.000,-0.326,-0.443, 4.500;
2.851,0.936,-0.636,-0.723,1.023,-0.129, 0.237, 2.208,0.000,0.000,0.000,-0.323,-0.450, 4.516;
2.864,0.940,-0.642,-0.725,1.023,-0.129, 0.237, 2.208,0.000,0.000,0.000,-0.319,-0.457, 4.532;
2.877,0.944,-0.647,-0.727,1.024,-0.129, 0.237, 2.208,0.000,0.000,0.000,-0.316,-0.464, 4.548;
2.881,0.945,-0.649,-0.728,1.024,-0.129, 0.237, 2.208,0.000,0.000,0.000,-0.314,-0.467, 4.553;
2.892,0.948,-0.653,-0.730,1.024,-0.129, 0.237, 2.208,0.000,0.000,0.000,-0.311,-0.473, 4.567;
2.914,0.954,-0.662,-0.733,1.025,-0.129, 0.237, 2.208,0.000,0.000,0.000,-0.304,-0.485, 4.595;
2.926,0.958,-0.667,-0.736,1.026,-0.129, 0.237, 2.208,0.000,0.000,0.000,-0.301,-0.492, 4.610;
2.938,0.961,-0.673,-0.738,1.026,-0.129, 0.237, 2.208,0.000,0.000,0.000,-0.297,-0.498, 4.625;
2.950,0.964,-0.678,-0.740,1.027,-0.129, 0.237, 2.208,0.000,0.000,0.000,-0.293,-0.504, 4.640;
2.962,0.968,-0.683,-0.742,1.027,-0.129, 0.237, 2.208,0.000,0.000,0.000,-0.289,-0.511, 4.656;
2.974,0.971,-0.688,-0.745,1.028,-0.129, 0.237, 2.208,0.000,0.000,0.000,-0.284,-0.517, 4.671;
2.986,0.974,-0.693,-0.747,1.028,-0.129, 0.237, 2.208,0.000,0.000,0.000,-0.280,-0.523, 4.686;
2.998,0.977,-0.698,-0.749,1.029,-0.129, 0.237, 2.208,0.000,0.000,0.000,-0.276,-0.529, 4.700;
3.010,0.980,-0.703,-0.752,1.029,-0.129, 0.237, 2.208,0.000,0.000,0.000,-0.271,-0.536, 4.716;
3.022,0.983,-0.708,-0.754,1.029,-0.129, 0.237, 2.208,0.000,0.000,0.000,-0.267,-0.541, 4.730;
3.034,0.987,-0.713,-0.757,1.030,-0.129, 0.237, 2.208,0.000,0.000,0.000,-0.262,-0.548, 4.746;
3.047,0.990,-0.719,-0.759,1.030,-0.129, 0.237, 2.208,0.000,0.000,0.000,-0.257,-0.554, 4.762;
3.058,0.993,-0.724,-0.762,1.031,-0.129, 0.237, 2.208,0.000,0.000,0.000,-0.252,-0.559, 4.777;
3.070,0.996,-0.729,-0.764,1.031,-0.129, 0.237, 2.208,0.000,0.000,0.000,-0.248,-0.565, 4.791;
3.084,0.999,-0.735,-0.767,1.032,-0.129, 0.237, 2.208,0.000,0.000,0.000,-0.242,-0.571, 4.808;
3.097,1.002,-0.740,-0.770,1.032,-0.129, 0.237, 2.208,0.000,0.000,0.000,-0.237,-0.577, 4.825;
3.109,1.005,-0.745,-0.773,1.032,-0.129, 0.237, 2.208,0.000,0.000,0.000,-0.231,-0.583, 4.840;
3.121,1.008,-0.750,-0.776,1.033,-0.129, 0.237, 2.208,0.000,0.000,0.000,-0.226,-0.588, 4.855;
3.133,1.010,-0.756,-0.779,1.033,-0.129, 0.237, 2.208,0.000,0.000,0.000,-0.221,-0.594, 4.870;
3.145,1.013,-0.761,-0.782,1.034,-0.129, 0.237, 2.208,0.000,0.000,0.000,-0.215,-0.599, 4.886;
3.151,1.014,-0.763,-0.783,1.034,-0.129, 0.237, 2.208,0.000,0.000,0.000,-0.213,-0.601, 4.892;
3.160,1.016,-0.767,-0.785,1.034,-0.129, 0.237, 2.208,0.000,0.000,0.000,-0.208,-0.605, 4.904;
3.182,1.021,-0.777,-0.790,1.035,-0.129, 0.237, 2.208,0.000,0.000,0.000,-0.198,-0.615, 4.932;
3.185,1.022,-0.778,-0.791,1.035,-0.129, 0.237, 2.208,0.000,0.000,0.000,-0.196,-0.616, 4.936;
3.207,1.027,-0.787,-0.796,1.036,-0.129, 0.237, 2.208,0.000,0.000,0.000,-0.186,-0.625, 4.963;
3.219,1.029,-0.792,-0.799,1.036,-0.129, 0.237, 2.208,0.000,0.000,0.000,-0.180,-0.629, 4.978;
3.231,1.032,-0.797,-0.802,1.037,-0.129, 0.237, 2.208,0.000,0.000,0.000,-0.174,-0.634, 4.993;
3.243,1.034,-0.803,-0.806,1.037,-0.129, 0.237, 2.208,0.000,0.000,0.000,-0.168,-0.638, 5.008;
3.255,1.036,-0.808,-0.809,1.037,-0.129, 0.237, 2.208,0.000,0.000,0.000,-0.162,-0.643, 5.024;
3.267,1.039,-0.813,-0.812,1.038,-0.129, 0.237, 2.208,0.000,0.000,0.000,-0.156,-0.647, 5.038;
3.278,1.041,-0.818,-0.815,1.038,-0.129, 0.237, 2.208,0.000,0.000,0.000,-0.150,-0.651, 5.053;
3.290,1.043,-0.823,-0.818,1.039,-0.129, 0.237, 2.208,0.000,0.000,0.000,-0.144,-0.655, 5.068;
3.302,1.046,-0.828,-0.821,1.039,-0.129, 0.237, 2.208,0.000,0.000,0.000,-0.137,-0.659, 5.083;
3.314,1.048,-0.833,-0.825,1.040,-0.129, 0.237, 2.208,0.000,0.000,0.000,-0.131,-0.663, 5.098;
3.327,1.050,-0.838,-0.828,1.040,-0.129, 0.237, 2.208,0.000,0.000,0.000,-0.124,-0.668, 5.114;
3.339,1.052,-0.843,-0.832,1.041,-0.129, 0.237, 2.208,0.000,0.000,0.000,-0.118,-0.671, 5.129;
3.352,1.055,-0.849,-0.835,1.041,-0.129, 0.237, 2.208,0.000,0.000,0.000,-0.110,-0.675, 5.145;
3.363,1.057,-0.854,-0.839,1.042,-0.129, 0.237, 2.208,0.000,0.000,0.000,-0.104,-0.679, 5.160;
3.375,1.058,-0.858,-0.842,1.042,-0.129, 0.237, 2.208,0.000,0.000,0.000,-0.098,-0.682, 5.174;
3.386,1.060,-0.863,-0.845,1.043,-0.129, 0.237, 2.208,0.000,0.000,0.000,-0.091,-0.685, 5.188;
3.397,1.062,-0.868,-0.849,1.043,-0.129, 0.237, 2.208,0.000,0.000,0.000,-0.085,-0.688, 5.202;
3.408,1.064,-0.872,-0.852,1.044,-0.129, 0.237, 2.208,0.000,0.000,0.000,-0.079,-0.691, 5.216;
3.419,1.066,-0.877,-0.855,1.044,-0.129, 0.237, 2.208,0.000,0.000,0.000,-0.073,-0.694, 5.229;
3.430,1.067,-0.881,-0.858,1.045,-0.129, 0.237, 2.208,0.000,0.000,0.000,-0.066,-0.697, 5.243;
3.451,1.071,-0.890,-0.865,1.046,-0.129, 0.237, 2.208,0.000,0.000,0.000,-0.054,-0.702, 5.270;
3.463,1.073,-0.895,-0.869,1.046,-0.129, 0.237, 2.208,0.000,0.000,0.000,-0.047,-0.704, 5.285;
3.475,1.074,-0.900,-0.872,1.047,-0.129, 0.237, 2.208,0.000,0.000,0.000,-0.040,-0.707, 5.300;
3.486,1.076,-0.905,-0.876,1.047,-0.129, 0.237, 2.208,0.000,0.000,0.000,-0.033,-0.709, 5.314;
3.498,1.078,-0.909,-0.880,1.048,-0.129, 0.237, 2.208,0.000,0.000,0.000,-0.026,-0.712, 5.329;
3.509,1.079,-0.914,-0.883,1.049,-0.129, 0.237, 2.208,0.000,0.000,0.000,-0.019,-0.714, 5.343;
3.521,1.081,-0.919,-0.887,1.049,-0.129, 0.237, 2.208,0.000,0.000,0.000,-0.012,-0.716, 5.358;
3.534,1.083,-0.924,-0.891,1.050,-0.129, 0.237, 2.208,0.000,0.000,0.000,-0.005,-0.718, 5.374;
3.545,1.084,-0.928,-0.895,1.051,-0.129, 0.237, 2.208,0.000,0.000,0.000, 0.002,-0.720, 5.388;
3.556,1.086,-0.933,-0.899,1.052,-0.129, 0.237, 2.208,0.000,0.000,0.000, 0.009,-0.722, 5.402;
3.567,1.087,-0.937,-0.902,1.052,-0.129, 0.237, 2.208,0.000,0.000,0.000, 0.016,-0.723, 5.416;
3.578,1.088,-0.942,-0.906,1.053,-0.129, 0.237, 2.208,0.000,0.000,0.000, 0.022,-0.725, 5.430;
3.591,1.090,-0.946,-0.910,1.054,-0.129, 0.237, 2.208,0.000,0.000,0.000, 0.030,-0.727, 5.445;
3.602,1.091,-0.951,-0.914,1.054,-0.129, 0.237, 2.208,0.000,0.000,0.000, 0.037,-0.728, 5.459;
3.612,1.093,-0.955,-0.918,1.055,-0.129, 0.237, 2.208,0.000,0.000,0.000, 0.043,-0.729, 5.473;
3.634,1.095,-0.964,-0.925,1.057,-0.129, 0.237, 2.208,0.000,0.000,0.000, 0.057,-0.731, 5.500;
3.646,1.096,-0.968,-0.929,1.058,-0.129, 0.237, 2.208,0.000,0.000,0.000, 0.064,-0.732, 5.515;
3.658,1.098,-0.973,-0.934,1.059,-0.129, 0.237, 2.208,0.000,0.000,0.000, 0.072,-0.733, 5.531;
3.671,1.099,-0.978,-0.938,1.059,-0.129, 0.237, 2.208,0.000,0.000,0.000, 0.080,-0.734, 5.546;
3.683,1.100,-0.982,-0.942,1.060,-0.129, 0.237, 2.208,0.000,0.000,0.000, 0.087,-0.735, 5.561;
3.694,1.101,-0.987,-0.947,1.061,-0.129, 0.237, 2.208,0.000,0.000,0.000, 0.095,-0.735, 5.576;
3.707,1.103,-0.991,-0.951,1.062,-0.129, 0.237, 2.208,0.000,0.000,0.000, 0.102,-0.736, 5.591;
3.720,1.104,-0.996,-0.956,1.064,-0.129, 0.237, 2.208,0.000,0.000,0.000, 0.111,-0.736, 5.608;
3.723,1.104,-0.998,-0.957,1.064,-0.129, 0.237, 2.208,0.000,0.000,0.000, 0.113,-0.736, 5.612;
3.735,1.105,-1.002,-0.961,1.065,-0.129, 0.237, 2.208,0.000,0.000,0.000, 0.120,-0.736, 5.626;
3.756,1.107,-1.010,-0.969,1.067,-0.129, 0.237, 2.208,0.000,0.000,0.000, 0.133,-0.737, 5.654;
3.769,1.109,-1.015,-0.974,1.068,-0.129, 0.237, 2.208,0.000,0.000,0.000, 0.141,-0.736, 5.669;
3.781,1.110,-1.019,-0.978,1.069,-0.129, 0.237, 2.208,0.000,0.000,0.000, 0.149,-0.736, 5.684;
3.792,1.111,-1.023,-0.983,1.070,-0.129, 0.237, 2.208,0.000,0.000,0.000, 0.156,-0.736, 5.699;
3.804,1.112,-1.027,-0.987,1.071,-0.129, 0.237, 2.208,0.000,0.000,0.000, 0.164,-0.735, 5.714;
3.818,1.113,-1.032,-0.993,1.073,-0.129, 0.237, 2.208,0.000,0.000,0.000, 0.172,-0.735, 5.731;
3.823,1.113,-1.034,-0.994,1.073,-0.129, 0.237, 2.208,0.000,0.000,0.000, 0.175,-0.735, 5.737;
3.833,1.114,-1.038,-0.998,1.074,-0.129, 0.237, 2.208,0.000,0.000,0.000, 0.181,-0.734, 5.750;
3.855,1.115,-1.045,-1.007,1.077,-0.129, 0.237, 2.208,0.000,0.000,0.000, 0.195,-0.732, 5.777;
3.867,1.116,-1.050,-1.011,1.078,-0.129, 0.237, 2.208,0.000,0.000,0.000, 0.203,-0.731, 5.792;
3.879,1.117,-1.054,-1.016,1.080,-0.129, 0.237, 2.208,0.000,0.000,0.000, 0.210,-0.730, 5.808;
3.883,1.117,-1.055,-1.018,1.080,-0.129, 0.237, 2.208,0.000,0.000,0.000, 0.213,-0.730, 5.813;
3.894,1.118,-1.059,-1.022,1.081,-0.129, 0.237, 2.208,0.000,0.000,0.000, 0.220,-0.728, 5.827;
3.917,1.120,-1.067,-1.031,1.084,-0.129, 0.237, 2.208,0.000,0.000,0.000, 0.234,-0.726, 5.855;
3.920,1.120,-1.068,-1.032,1.084,-0.129, 0.237, 2.208,0.000,0.000,0.000, 0.236,-0.725, 5.859;
3.931,1.121,-1.072,-1.037,1.086,-0.129, 0.237, 2.208,0.000,0.000,0.000, 0.242,-0.724, 5.873;
3.953,1.122,-1.079,-1.045,1.089,-0.129, 0.237, 2.208,0.000,0.000,0.000, 0.256,-0.720, 5.901;
3.956,1.122,-1.080,-1.047,1.089,-0.129, 0.237, 2.208,0.000,0.000,0.000, 0.258,-0.720, 5.905;
3.967,1.123,-1.083,-1.051,1.090,-0.129, 0.237, 2.208,0.000,0.000,0.000, 0.264,-0.718, 5.918;
3.989,1.124,-1.091,-1.060,1.093,-0.129, 0.237, 2.208,0.000,0.000,0.000, 0.277,-0.714, 5.946;
4.001,1.125,-1.094,-1.065,1.095,-0.129, 0.237, 2.208,0.000,0.000,0.000, 0.285,-0.712, 5.961;
4.014,1.126,-1.098,-1.070,1.097,-0.129, 0.237, 2.208,0.000,0.000,0.000, 0.292,-0.709, 5.977;
4.025,1.126,-1.102,-1.075,1.099,-0.129, 0.237, 2.208,0.000,0.000,0.000, 0.299,-0.707, 5.992;
4.037,1.127,-1.106,-1.079,1.100,-0.129, 0.237, 2.208,0.000,0.000,0.000, 0.306,-0.704, 6.006;
4.049,1.127,-1.110,-1.084,1.102,-0.129, 0.237, 2.208,0.000,0.000,0.000, 0.313,-0.702, 6.021;
4.061,1.128,-1.113,-1.089,1.104,-0.129, 0.237, 2.208,0.000,0.000,0.000, 0.320,-0.699, 6.036;
4.073,1.129,-1.117,-1.094,1.106,-0.129, 0.237, 2.208,0.000,0.000,0.000, 0.327,-0.696, 6.052;
4.085,1.129,-1.121,-1.099,1.108,-0.129, 0.237, 2.208,0.000,0.000,0.000, 0.334,-0.693, 6.067;
4.097,1.130,-1.124,-1.104,1.110,-0.129, 0.237, 2.208,0.000,0.000,0.000, 0.341,-0.690, 6.082;
4.110,1.130,-1.128,-1.110,1.112,-0.129, 0.237, 2.208,0.000,0.000,0.000, 0.348,-0.686, 6.098;
4.122,1.131,-1.132,-1.115,1.114,-0.129, 0.237, 2.208,0.000,0.000,0.000, 0.355,-0.683, 6.114;
4.135,1.131,-1.135,-1.120,1.116,-0.129, 0.237, 2.208,0.000,0.000,0.000, 0.362,-0.679, 6.129;
4.140,1.132,-1.137,-1.122,1.117,-0.129, 0.237, 2.208,0.000,0.000,0.000, 0.365,-0.678, 6.135;
4.151,1.132,-1.140,-1.127,1.119,-0.129, 0.237, 2.208,0.000,0.000,0.000, 0.371,-0.675, 6.149;
4.173,1.133,-1.146,-1.136,1.123,-0.129, 0.237, 2.208,0.000,0.000,0.000, 0.383,-0.668, 6.177;
4.177,1.133,-1.147,-1.138,1.124,-0.129, 0.237, 2.208,0.000,0.000,0.000, 0.385,-0.666, 6.182;
4.187,1.133,-1.150,-1.142,1.126,-0.129, 0.237, 2.208,0.000,0.000,0.000, 0.391,-0.663, 6.195;
4.209,1.134,-1.156,-1.151,1.130,-0.129, 0.237, 2.208,0.000,0.000,0.000, 0.402,-0.656, 6.222;
4.221,1.135,-1.159,-1.156,1.132,-0.129, 0.237, 2.208,0.000,0.000,0.000, 0.408,-0.652, 6.237;
4.234,1.135,-1.163,-1.162,1.134,-0.129, 0.237, 2.208,0.000,0.000,0.000, 0.415,-0.647, 6.253;
4.246,1.136,-1.166,-1.167,1.137,-0.129, 0.237, 2.208,0.000,0.000,0.000, 0.421,-0.643, 6.269;
4.259,1.136,-1.169,-1.172,1.139,-0.129, 0.237, 2.208,0.000,0.000,0.000, 0.428,-0.638, 6.285;
4.270,1.136,-1.172,-1.177,1.142,-0.129, 0.237, 2.208,0.000,0.000,0.000, 0.433,-0.634, 6.299;
4.282,1.137,-1.175,-1.182,1.144,-0.129, 0.237, 2.208,0.000,0.000,0.000, 0.439,-0.629, 6.314;
4.294,1.137,-1.178,-1.187,1.147,-0.129, 0.237, 2.208,0.000,0.000,0.000, 0.445,-0.624, 6.329;
4.305,1.138,-1.181,-1.192,1.149,-0.129, 0.237, 2.208,0.000,0.000,0.000, 0.451,-0.620, 6.343;
4.317,1.138,-1.184,-1.197,1.151,-0.129, 0.237, 2.208,0.000,0.000,0.000, 0.456,-0.615, 6.358;
4.328,1.139,-1.187,-1.202,1.154,-0.129, 0.237, 2.208,0.000,0.000,0.000, 0.462,-0.610, 6.372;
4.340,1.139,-1.190,-1.207,1.157,-0.129, 0.237, 2.208,0.000,0.000,0.000, 0.467,-0.605, 6.387;
4.352,1.139,-1.192,-1.212,1.159,-0.129, 0.237, 2.208,0.000,0.000,0.000, 0.473,-0.600, 6.402;
4.365,1.140,-1.196,-1.218,1.162,-0.129, 0.237, 2.208,0.000,0.000,0.000, 0.479,-0.594, 6.419;
4.378,1.140,-1.198,-1.223,1.165,-0.129, 0.237, 2.208,0.000,0.000,0.000, 0.484,-0.589, 6.434;
4.389,1.141,-1.201,-1.228,1.168,-0.129, 0.237, 2.208,0.000,0.000,0.000, 0.489,-0.584, 6.449;
4.401,1.141,-1.204,-1.233,1.170,-0.129, 0.237, 2.208,0.000,0.000,0.000, 0.494,-0.579, 6.463;
4.412,1.141,-1.206,-1.238,1.173,-0.129, 0.237, 2.208,0.000,0.000,0.000, 0.499,-0.573, 6.478;
4.424,1.142,-1.209,-1.243,1.176,-0.129, 0.237, 2.208,0.000,0.000,0.000, 0.504,-0.568, 6.493;
4.435,1.142,-1.211,-1.248,1.179,-0.129, 0.237, 2.208,0.000,0.000,0.000, 0.509,-0.562, 6.507;
4.447,1.143,-1.214,-1.253,1.182,-0.129, 0.237, 2.208,0.000,0.000,0.000, 0.513,-0.557, 6.521;
4.458,1.143,-1.216,-1.258,1.185,-0.129, 0.237, 2.208,0.000,0.000,0.000, 0.518,-0.551, 6.535;
4.470,1.143,-1.219,-1.263,1.187,-0.129, 0.237, 2.208,0.000,0.000,0.000, 0.522,-0.546, 6.550;
4.482,1.144,-1.221,-1.268,1.191,-0.129, 0.237, 2.208,0.000,0.000,0.000, 0.527,-0.540, 6.565;
4.494,1.144,-1.223,-1.273,1.194,-0.129, 0.237, 2.208,0.000,0.000,0.000, 0.532,-0.534, 6.580;
4.515,1.145,-1.228,-1.282,1.199,-0.129, 0.237, 2.208,0.000,0.000,0.000, 0.539,-0.523, 6.607;
4.528,1.145,-1.230,-1.287,1.203,-0.129, 0.237, 2.208,0.000,0.000,0.000, 0.544,-0.516, 6.623;
4.531,1.146,-1.231,-1.289,1.203,-0.129, 0.237, 2.208,0.000,0.000,0.000, 0.545,-0.515, 6.627;
4.542,1.146,-1.233,-1.293,1.206,-0.129, 0.237, 2.208,0.000,0.000,0.000, 0.549,-0.509, 6.641;
4.564,1.147,-1.237,-1.303,1.212,-0.129, 0.237, 2.208,0.000,0.000,0.000, 0.556,-0.497, 6.668;
4.576,1.147,-1.239,-1.308,1.216,-0.129, 0.237, 2.208,0.000,0.000,0.000, 0.560,-0.490, 6.684;
4.589,1.148,-1.241,-1.313,1.219,-0.129, 0.237, 2.208,0.000,0.000,0.000, 0.564,-0.484, 6.699;
4.600,1.148,-1.244,-1.318,1.223,-0.129, 0.237, 2.208,0.000,0.000,0.000, 0.568,-0.477, 6.714;
4.612,1.149,-1.246,-1.323,1.226,-0.129, 0.237, 2.208,0.000,0.000,0.000, 0.571,-0.471, 6.728;
4.623,1.149,-1.248,-1.328,1.229,-0.129, 0.237, 2.208,0.000,0.000,0.000, 0.575,-0.464, 6.743;
4.635,1.150,-1.249,-1.332,1.233,-0.129, 0.237, 2.208,0.000,0.000,0.000, 0.578,-0.458, 6.757;
4.646,1.150,-1.251,-1.337,1.236,-0.129, 0.237, 2.208,0.000,0.000,0.000, 0.581,-0.452, 6.771;
4.657,1.151,-1.253,-1.342,1.239,-0.129, 0.237, 2.208,0.000,0.000,0.000, 0.584,-0.446, 6.785;
4.668,1.151,-1.255,-1.346,1.243,-0.129, 0.237, 2.208,0.000,0.000,0.000, 0.587,-0.439, 6.799;
4.679,1.152,-1.257,-1.351,1.246,-0.129, 0.237, 2.208,0.000,0.000,0.000, 0.589,-0.433, 6.813;
4.690,1.152,-1.258,-1.355,1.249,-0.129, 0.237, 2.208,0.000,0.000,0.000, 0.592,-0.427, 6.827;
4.701,1.153,-1.260,-1.360,1.253,-0.129, 0.237, 2.208,0.000,0.000,0.000, 0.594,-0.420, 6.840;
4.722,1.154,-1.263,-1.369,1.259,-0.129, 0.237, 2.208,0.000,0.000,0.000, 0.599,-0.408, 6.867;
4.733,1.154,-1.265,-1.373,1.263,-0.129, 0.237, 2.208,0.000,0.000,0.000, 0.602,-0.401, 6.881;
4.744,1.155,-1.266,-1.378,1.266,-0.129, 0.237, 2.208,0.000,0.000,0.000, 0.604,-0.395, 6.895;
4.755,1.156,-1.268,-1.382,1.270,-0.129, 0.237, 2.208,0.000,0.000,0.000, 0.606,-0.388, 6.909;
4.767,1.156,-1.270,-1.387,1.273,-0.129, 0.237, 2.208,0.000,0.000,0.000, 0.608,-0.381, 6.923;
4.779,1.157,-1.271,-1.392,1.278,-0.129, 0.237, 2.208,0.000,0.000,0.000, 0.610,-0.374, 6.939;
4.790,1.158,-1.273,-1.396,1.281,-0.129, 0.237, 2.208,0.000,0.000,0.000, 0.612,-0.367, 6.952;
4.801,1.158,-1.274,-1.400,1.285,-0.129, 0.237, 2.208,0.000,0.000,0.000, 0.614,-0.360, 6.966;
4.812,1.159,-1.276,-1.405,1.288,-0.129, 0.237, 2.208,0.000,0.000,0.000, 0.616,-0.354, 6.980;
4.823,1.160,-1.277,-1.409,1.292,-0.129, 0.237, 2.208,0.000,0.000,0.000, 0.617,-0.347, 6.994;
4.844,1.161,-1.280,-1.418,1.299,-0.129, 0.237, 2.208,0.000,0.000,0.000, 0.620,-0.334, 7.020;
4.856,1.162,-1.281,-1.422,1.303,-0.129, 0.237, 2.208,0.000,0.000,0.000, 0.621,-0.327, 7.035;
4.868,1.163,-1.282,-1.427,1.307,-0.129, 0.237, 2.208,0.000,0.000,0.000, 0.623,-0.319, 7.050;
4.880,1.164,-1.284,-1.432,1.312,-0.129, 0.237, 2.208,0.000,0.000,0.000, 0.624,-0.312, 7.066;
4.892,1.164,-1.285,-1.437,1.316,-0.129, 0.237, 2.208,0.000,0.000,0.000, 0.625,-0.304, 7.081;
4.904,1.165,-1.286,-1.441,1.320,-0.129, 0.237, 2.208,0.000,0.000,0.000, 0.626,-0.297, 7.096;
4.916,1.166,-1.288,-1.446,1.324,-0.129, 0.237, 2.208,0.000,0.000,0.000, 0.627,-0.289, 7.111;
4.927,1.167,-1.289,-1.450,1.328,-0.129, 0.237, 2.208,0.000,0.000,0.000, 0.627,-0.282, 7.125;
4.940,1.168,-1.290,-1.455,1.333,-0.129, 0.237, 2.208,0.000,0.000,0.000, 0.628,-0.274, 7.141;
4.952,1.169,-1.291,-1.459,1.337,-0.129, 0.237, 2.208,0.000,0.000,0.000, 0.629,-0.267, 7.156;
4.964,1.170,-1.293,-1.464,1.341,-0.129, 0.237, 2.208,0.000,0.000,0.000, 0.629,-0.259, 7.171;
4.975,1.171,-1.294,-1.468,1.346,-0.129, 0.237, 2.208,0.000,0.000,0.000, 0.629,-0.252, 7.185;
4.986,1.172,-1.295,-1.472,1.350,-0.129, 0.237, 2.208,0.000,0.000,0.000, 0.629,-0.245, 7.199;
4.997,1.173,-1.296,-1.476,1.354,-0.129, 0.237, 2.208,0.000,0.000,0.000, 0.629,-0.238, 7.213;
5.008,1.174,-1.297,-1.481,1.358,-0.129, 0.237, 2.208,0.000,0.000,0.000, 0.629,-0.231, 7.227;
5.019,1.175,-1.298,-1.485,1.362,-0.129, 0.237, 2.208,0.000,0.000,0.000, 0.629,-0.224, 7.241;
5.041,1.177,-1.300,-1.492,1.370,-0.129, 0.237, 2.208,0.000,0.000,0.000, 0.629,-0.211, 7.268;
5.047,1.178,-1.300,-1.495,1.372,-0.129, 0.237, 2.208,0.000,0.000,0.000, 0.629,-0.207, 7.275;
5.056,1.179,-1.301,-1.498,1.376,-0.129, 0.237, 2.208,0.000,0.000,0.000, 0.628,-0.202, 7.287;
5.078,1.181,-1.303,-1.506,1.384,-0.129, 0.237, 2.208,0.000,0.000,0.000, 0.627,-0.188, 7.314;
5.089,1.182,-1.304,-1.510,1.388,-0.129, 0.237, 2.208,0.000,0.000,0.000, 0.626,-0.181, 7.328;
5.100,1.183,-1.304,-1.514,1.393,-0.129, 0.237, 2.208,0.000,0.000,0.000, 0.625,-0.174, 7.342;
5.111,1.185,-1.305,-1.518,1.397,-0.129, 0.237, 2.208,0.000,0.000,0.000, 0.625,-0.167, 7.357;
5.123,1.186,-1.306,-1.522,1.401,-0.129, 0.237, 2.208,0.000,0.000,0.000, 0.624,-0.160, 7.371;
5.134,1.196,-1.308,-1.514,1.401,-0.129, 0.237, 2.217,0.000,0.000,0.771, 0.622,-0.153, 7.376;
5.146,2.623,0.102,-0.087,2.812,-0.127, 0.237, 2.229,0.185,0.000,0.987, 0.619,-0.145, 7.380;
5.158,1.198,-1.311,-1.522,1.409,-0.127, 0.237, 2.217,0.000,0.000,-1.073, 0.617,-0.138, 7.406;
5.169,1.199,-1.312,-1.526,1.414,-0.127, 0.237, 2.217,0.000,0.000,0.000, 0.616,-0.131, 7.419;
5.180,2.685,0.156,-0.041,2.882,-0.125, 0.237, 2.229,0.193,0.000,1.028, 0.612,-0.124, 7.422;
5.192,1.223,-1.318,-1.505,1.410,-0.125, 0.237, 2.238,0.000,0.000,0.753, 0.610,-0.117, 7.428;
5.203,2.545,-0.016,-0.185,2.714,-0.123, 0.237, 2.250,0.205,0.000,1.078, 0.607,-0.110, 7.430;
5.214,-0.347,0.241,-3.089,2.983,-0.123, 0.234, 2.229,0.000,-0.204,-1.922, 0.605,-0.101, 7.465;
5.235,1.917,-0.652,-0.827,2.092,-0.121, 0.234, 2.250,0.106,0.000,0.994, 0.599,-0.089, 7.470;
5.246,2.399,-0.189,-0.346,2.556,-0.118, 0.234, 2.262,0.201,0.000,1.038, 0.594,-0.082, 7.473;
5.258,1.267,-1.336,-1.480,1.411,-0.118, 0.234, 2.271,0.000,0.000,0.852, 0.592,-0.075, 7.477;
5.269,2.167,-0.456,-0.581,2.292,-0.116, 0.234, 2.283,0.200,0.000,1.015, 0.588,-0.069, 7.480;
5.280,2.054,-0.587,-0.695,2.161,-0.114, 0.234, 2.294,0.202,0.000,1.005, 0.583,-0.062, 7.483;
5.291,1.307,-1.350,-1.443,1.400,-0.114, 0.234, 2.304,0.000,0.000,0.897, 0.581,-0.056, 7.487;
5.302,2.108,-1.359,-0.639,1.388,-0.112, 0.237, 2.325,0.203,0.203,1.916, 0.576,-0.051, 7.480;
5.313,1.335,-1.360,-1.418,1.392,-0.112, 0.237, 2.325,0.000,0.000,0.000, 0.573,-0.045, 7.493;
5.334,1.375,-1.375,-1.375,1.375,-0.109, 0.237, 2.356,0.104,0.000,1.471, 0.566,-0.033, 7.489;
5.347,1.276,-1.268,-1.476,1.485,-0.109, 0.239, 2.367,0.000,0.179,0.846, 0.563,-0.028, 7.494;
5.358,1.049,-1.760,-1.701,0.990,-0.107, 0.239, 2.388,0.193,0.000,1.822, 0.557,-0.021, 7.487;
5.370,1.432,-1.400,-1.320,1.353,-0.107, 0.239, 2.398,0.000,0.000,0.851, 0.554,-0.015, 7.492;
5.382,-0.162,-1.413,-2.908,1.333,-0.105, 0.241, 2.430,0.184,0.184,2.636, 0.548,-0.010, 7.475;
5.393,1.488,-1.423,-1.260,1.324,-0.105, 0.241, 2.439,0.000,0.000,0.867, 0.545,-0.004, 7.480;
5.405,1.504,-1.432,-1.244,1.317,-0.105, 0.241, 2.451,0.000,0.000,0.962, 0.542, 0.003, 7.483;
5.418,-0.972,-1.446,-3.716,1.298,-0.103, 0.243, 2.481,0.168,0.168,2.251, 0.535, 0.008, 7.470;
5.431,1.562,-1.460,-1.183,1.286,-0.103, 0.243, 2.492,0.000,0.000,0.929, 0.531, 0.014, 7.474;
5.443,-0.197,0.317,-2.941,3.061,-0.103, 0.246, 2.513,0.000,0.190,1.756, 0.527, 0.018, 7.468;
5.455,1.609,-1.486,-1.135,1.258,-0.103, 0.246, 2.525,0.000,0.000,0.996, 0.523, 0.025, 7.471;
5.467,1.623,-1.496,-1.124,1.251,-0.103, 0.246, 2.533,0.000,0.000,0.697, 0.519, 0.031, 7.478;
5.481,-0.246,0.391,-2.991,3.136,-0.103, 0.248, 2.558,0.000,0.158,1.728, 0.514, 0.036, 7.471;
5.485,-5.770,-8.938,-8.510,-6.198,-0.100, 0.248, 2.574,0.570,0.000,4.095, 0.510, 0.038, 7.460;
5.506,0.151,0.017,-2.590,2.758,-0.100, 0.250, 2.599,0.000,0.108,1.206, 0.503, 0.047, 7.461;
5.517,1.729,-1.562,-1.014,1.182,-0.100, 0.250, 2.606,0.000,0.000,0.651, 0.499, 0.053, 7.468;
5.530,-1.075,1.261,-3.815,4.001,-0.100, 0.252, 2.632,0.000,0.173,1.974, 0.494, 0.057, 7.459;
5.533,1.775,-1.591,-0.964,1.148,-0.100, 0.252, 2.639,0.000,0.000,2.067, 0.492, 0.058, 7.456;
5.545,1.793,-1.606,-0.946,1.134,-0.100, 0.252, 2.652,0.000,0.000,1.139, 0.488, 0.064, 7.458;
5.566,1.823,-1.631,-0.919,1.111,-0.100, 0.252, 2.671,0.000,0.000,0.917, 0.479, 0.074, 7.465;
5.578,1.834,-1.643,-0.911,1.102,-0.100, 0.252, 2.678,0.000,0.000,0.536, 0.474, 0.080, 7.474;
5.591,-1.882,2.092,-4.623,4.833,-0.100, 0.254, 2.704,0.000,0.183,2.138, 0.469, 0.084, 7.463;
5.603,5.839,2.258,3.097,5.000,-0.103, 0.254, 2.717,-0.185,0.000,1.104, 0.466, 0.089, 7.465;
5.615,1.906,-1.706,-0.837,1.036,-0.103, 0.254, 2.731,0.000,0.000,1.116, 0.461, 0.095, 7.467;
5.627,1.931,-1.728,-0.810,1.013,-0.103, 0.254, 2.750,0.000,0.000,1.576, 0.455, 0.100, 7.463;
5.639,1.956,-1.750,-0.784,0.989,-0.103, 0.254, 2.769,0.000,0.000,1.585, 0.450, 0.105, 7.459;
5.651,1.974,-1.769,-0.766,0.971,-0.103, 0.254, 2.783,0.000,0.000,1.164, 0.445, 0.110, 7.460;
5.663,1.998,-1.791,-0.741,0.948,-0.103, 0.254, 2.801,0.000,0.000,1.597, 0.439, 0.115, 7.456;
5.675,2.016,-1.811,-0.724,0.928,-0.103, 0.254, 2.815,0.000,0.000,1.066, 0.433, 0.121, 7.458;
5.689,6.658,2.786,3.918,5.527,-0.105, 0.254, 2.829,-0.168,0.000,1.045, 0.429, 0.126, 7.461;
5.692,2.052,-1.851,-0.683,0.885,-0.105, 0.254, 2.847,0.000,0.000,5.582, 0.428, 0.128, 7.447;
5.714,5.011,-4.823,2.270,-2.082,-0.105, 0.252, 2.861,0.000,-0.101,0.629, 0.417, 0.139, 7.461;
5.717,26.846,22.721,24.110,25.457,-0.107, 0.252, 2.875,-0.824,0.000,5.188, 0.418, 0.140, 7.450;
5.728,2.097,-1.914,-0.639,0.823,-0.107, 0.252, 2.889,0.000,0.000,1.260, 0.412, 0.144, 7.450;
5.740,2.117,-1.938,-0.618,0.798,-0.107, 0.252, 2.907,0.000,0.000,1.455, 0.406, 0.149, 7.448;
5.762,8.685,-1.971,5.944,0.769,-0.109, 0.250, 2.921,-0.101,-0.101,0.644, 0.397, 0.159, 7.461;
5.774,2.144,-1.991,-0.597,0.750,-0.109, 0.250, 2.936,0.000,0.000,1.169, 0.391, 0.163, 7.462;
5.786,8.422,4.240,5.680,6.981,-0.112, 0.250, 2.950,-0.185,0.000,1.191, 0.387, 0.168, 7.463;
5.798,8.661,-8.534,5.915,-5.788,-0.112, 0.248, 2.953,0.000,-0.192,0.236, 0.381, 0.174, 7.475;
5.810,8.646,4.383,5.905,7.123,-0.114, 0.248, 2.981,-0.183,0.000,2.336, 0.376, 0.178, 7.462;
5.822,8.698,-8.593,5.951,-5.847,-0.114, 0.246, 2.981,0.000,-0.185,0.000, 0.370, 0.184, 7.477;
5.834,8.861,4.563,6.114,7.310,-0.116, 0.246, 2.996,-0.185,0.000,1.191, 0.365, 0.188, 7.478;
5.848,14.679,-2.133,11.932,0.615,-0.118, 0.243, 3.010,-0.170,-0.170,1.099, 0.361, 0.194, 7.480;
5.860,8.937,4.571,6.189,7.319,-0.121, 0.243, 3.024,-0.180,0.000,1.167, 0.356, 0.198, 7.481;
5.872,9.583,-9.555,6.836,-6.808,-0.121, 0.241, 3.040,0.000,-0.193,1.386, 0.349, 0.203, 7.479;
5.883,17.079,-2.186,14.326,0.567,-0.123, 0.239, 3.040,-0.195,-0.195,0.000, 0.345, 0.209, 7.494;
5.895,9.662,5.228,6.909,7.981,-0.125, 0.239, 3.054,-0.192,0.000,1.127, 0.341, 0.212, 7.495;
5.906,17.165,-2.247,14.411,0.506,-0.127, 0.237, 3.068,-0.190,-0.190,1.241, 0.336, 0.218, 7.496;
5.918,17.093,-2.249,14.334,0.510,-0.129, 0.234, 3.068,-0.189,-0.189,0.000, 0.332, 0.223, 7.510;
5.930,9.804,-9.872,7.045,-7.113,-0.129, 0.232, 3.084,0.000,-0.189,1.313, 0.325, 0.228, 7.510;
5.942,17.514,-2.282,14.750,0.482,-0.132, 0.230, 3.084,-0.191,-0.191,0.000, 0.321, 0.233, 7.524;
5.953,10.193,5.661,7.429,8.425,-0.134, 0.230, 3.098,-0.196,0.000,1.267, 0.316, 0.236, 7.524;
5.966,16.929,-2.345,14.165,0.419,-0.136, 0.228, 3.113,-0.178,-0.178,1.152, 0.311, 0.241, 7.526;
5.977,19.229,-2.347,16.459,0.422,-0.138, 0.225, 3.113,-0.205,-0.205,0.000, 0.307, 0.245, 7.539;
5.988,27.781,6.132,25.012,8.901,-0.143, 0.223, 3.127,-0.405,-0.203,1.296, 0.305, 0.250, 7.539;
5.999,18.963,-2.387,16.189,0.387,-0.145, 0.221, 3.127,-0.199,-0.199,0.019, 0.300, 0.254, 7.553;
6.010,18.697,-2.399,15.917,0.381,-0.147, 0.219, 3.127,-0.196,-0.196,0.000, 0.296, 0.259, 7.567;
6.021,28.156,6.212,25.377,8.992,-0.152, 0.217, 3.142,-0.406,-0.203,1.317, 0.294, 0.263, 7.566;
6.043,10.999,-2.450,8.210,0.340,-0.154, 0.214, 3.142,-0.104,-0.104,0.000, 0.283, 0.269, 7.593;
6.054,18.275,-2.462,15.480,0.333,-0.156, 0.212, 3.142,-0.189,-0.189,0.000, 0.278, 0.273, 7.608;
6.066,18.703,-2.499,15.908,0.296,-0.158, 0.210, 3.156,-0.191,-0.191,1.242, 0.273, 0.277, 7.608;
6.077,27.927,6.097,25.127,8.896,-0.163, 0.208, 3.156,-0.397,-0.199,0.019, 0.271, 0.281, 7.622;
6.089,18.248,-2.515,15.443,0.290,-0.165, 0.205, 3.156,-0.186,-0.186,-0.018, 0.265, 0.285, 7.638;
6.101,27.926,-11.131,25.115,-8.321,-0.167, 0.201, 3.156,-0.199,-0.398,0.000, 0.261, 0.290, 7.652;
6.112,19.423,-2.534,16.607,0.282,-0.170, 0.199, 3.156,-0.200,-0.200,0.000, 0.256, 0.294, 7.666;
6.123,37.444,-2.545,34.623,0.276,-0.174, 0.194, 3.156,-0.409,-0.409,0.000, 0.254, 0.299, 7.679;
6.134,19.745,-2.556,16.919,0.270,-0.176, 0.192, 3.156,-0.204,-0.204,0.000, 0.249, 0.303, 7.693;
6.144,28.757,-11.469,25.927,-8.638,-0.179, 0.187, 3.156,-0.206,-0.411,0.000, 0.245, 0.308, 7.707;
6.166,15.738,1.985,12.897,4.825,-0.183, 0.185, 3.156,-0.211,-0.106,0.010, 0.236, 0.312, 7.733;
6.177,28.027,-11.269,25.181,-8.423,-0.185, 0.181, 3.156,-0.200,-0.401,-0.019, 0.231, 0.317, 7.747;
6.188,19.503,-2.632,16.658,0.213,-0.187, 0.179, 3.171,-0.199,-0.199,1.294, 0.226, 0.320, 7.747;
6.199,36.584,-2.589,33.728,0.267,-0.192, 0.174, 3.156,-0.400,-0.400,-1.297, 0.224, 0.325, 7.776;
6.210,27.774,-11.230,24.913,-8.369,-0.194, 0.170, 3.156,-0.199,-0.398,0.000, 0.219, 0.330, 7.790;
6.222,19.183,-2.632,16.317,0.234,-0.196, 0.167, 3.156,-0.199,-0.199,-0.018, 0.214, 0.332, 7.804;
6.232,37.338,-2.643,34.466,0.228,-0.201, 0.163, 3.156,-0.409,-0.409,0.019, 0.212, 0.337, 7.817;
6.243,19.647,-2.681,16.775,0.190,-0.203, 0.161, 3.171,-0.202,-0.202,1.311, 0.207, 0.339, 7.817;
6.254,37.005,-2.636,34.124,0.246,-0.208, 0.156, 3.156,-0.406,-0.406,-1.316, 0.205, 0.344, 7.845;
6.276,15.297,-7.137,12.400,-4.240,-0.210, 0.152, 3.142,-0.105,-0.210,-0.681, 0.194, 0.348, 7.886;
6.287,19.049,-2.701,16.153,0.195,-0.212, 0.150, 3.156,-0.199,-0.199,1.290, 0.189, 0.350, 7.886;
6.299,34.082,-2.699,31.180,0.204,-0.217, 0.145, 3.156,-0.373,-0.373,0.000, 0.186, 0.354, 7.901;
6.311,25.598,-10.602,22.684,-7.689,-0.219, 0.141, 3.142,-0.186,-0.372,-1.206, 0.180, 0.358, 7.931;
6.323,25.725,-10.676,22.807,-7.757,-0.221, 0.136, 3.142,-0.187,-0.374,0.000, 0.175, 0.362, 7.946;
6.334,26.756,-11.031,23.833,-8.107,-0.223, 0.132, 3.142,-0.195,-0.390,0.000, 0.170, 0.366, 7.960;
6.347,24.466,4.857,21.537,7.787,-0.228, 0.129, 3.142,-0.355,-0.177,0.000, 0.167, 0.367, 7.976;
6.359,26.143,-10.859,23.208,-7.923,-0.230, 0.125, 3.142,-0.191,-0.381,0.000, 0.162, 0.370, 7.991;
6.370,25.946,-10.769,23.001,-7.823,-0.232, 0.121, 3.127,-0.192,-0.384,-1.247, 0.157, 0.374, 8.020;
6.382,26.251,-10.902,23.300,-7.951,-0.234, 0.116, 3.127,-0.195,-0.389,0.018, 0.152, 0.377, 8.034;
6.393,26.752,5.595,23.801,8.546,-0.239, 0.114, 3.142,-0.392,-0.196,1.253, 0.149, 0.378, 8.034;
6.405,26.369,-10.949,23.407,-7.988,-0.241, 0.109, 3.127,-0.196,-0.392,-1.271, 0.145, 0.381, 8.063;
6.416,26.974,-11.182,24.007,-8.215,-0.243, 0.105, 3.127,-0.201,-0.402,0.000, 0.140, 0.384, 8.077;
6.427,26.956,-11.149,23.979,-8.172,-0.246, 0.100, 3.113,-0.204,-0.407,-1.284, 0.135, 0.387, 8.104;
6.439,24.008,4.699,21.030,7.677,-0.250, 0.098, 3.127,-0.355,-0.178,1.119, 0.132, 0.388, 8.106;
6.450,26.642,-11.111,23.660,-8.129,-0.252, 0.094, 3.127,-0.199,-0.397,0.000, 0.128, 0.390, 8.120;
6.462,25.940,5.356,22.952,8.344,-0.257, 0.092, 3.127,-0.386,-0.193,0.000, 0.125, 0.391, 8.135;
6.475,23.558,-10.113,20.564,-7.119,-0.259, 0.087, 3.127,-0.174,-0.349,0.000, 0.120, 0.393, 8.151;
6.486,26.335,5.484,23.335,8.483,-0.263, 0.085, 3.127,-0.393,-0.197,0.000, 0.117, 0.393, 8.165;
6.508,14.343,-7.078,11.333,-4.068,-0.266, 0.080, 3.127,-0.102,-0.204,0.000, 0.106, 0.394, 8.193;
6.521,24.270,4.755,21.260,7.765,-0.270, 0.078, 3.142,-0.356,-0.178,1.155, 0.103, 0.393, 8.194;
6.532,33.262,-2.793,30.241,0.228,-0.275, 0.074, 3.127,-0.378,-0.378,-1.227, 0.101, 0.395, 8.223;
6.545,17.024,-2.851,14.003,0.170,-0.277, 0.071, 3.142,-0.183,-0.183,1.185, 0.096, 0.395, 8.224;
6.557,25.262,5.097,22.235,8.123,-0.281, 0.069, 3.142,-0.372,-0.186,0.000, 0.093, 0.394, 8.239;
6.569,23.941,4.651,20.908,7.684,-0.286, 0.067, 3.142,-0.352,-0.176,0.000, 0.090, 0.393, 8.255;
6.581,33.563,-2.870,30.525,0.168,-0.290, 0.062, 3.142,-0.377,-0.377,0.000, 0.088, 0.395, 8.270;
6.593,25.762,5.256,22.719,8.299,-0.295, 0.060, 3.142,-0.381,-0.191,0.000, 0.086, 0.394, 8.285;
6.606,23.947,4.614,20.903,7.658,-0.299, 0.058, 3.156,-0.348,-0.174,1.130, 0.083, 0.393, 8.286;
6.618,25.452,5.129,22.402,8.178,-0.304, 0.056, 3.156,-0.372,-0.186,0.000, 0.081, 0.392, 8.302;
6.630,24.747,4.891,21.692,7.946,-0.308, 0.054, 3.156,-0.361,-0.181,-0.017, 0.078, 0.390, 8.317;
6.642,34.429,13.639,31.368,16.700,-0.315, 0.051, 3.156,-0.575,-0.192,0.018, 0.078, 0.389, 8.332;
6.653,26.453,5.414,23.393,8.475,-0.319, 0.049, 3.171,-0.383,-0.191,1.242, 0.076, 0.388, 8.332;
6.666,23.546,4.494,20.474,7.565,-0.324, 0.047, 3.156,-0.344,-0.172,-1.116, 0.074, 0.386, 8.363;
6.678,25.591,5.123,22.519,8.195,-0.328, 0.045, 3.170,-0.371,-0.185,1.168, 0.072, 0.385, 8.364;
6.690,34.028,13.425,30.951,16.502,-0.335, 0.042, 3.171,-0.561,-0.187,0.035, 0.072, 0.383, 8.378;
6.703,24.859,4.889,21.776,7.972,-0.339, 0.040, 3.171,-0.360,-0.180,0.000, 0.070, 0.381, 8.394;
6.714,18.123,13.968,15.035,17.057,-0.344, 0.040, 3.171,-0.387,0.000,0.000, 0.068, 0.377, 8.408;
6.726,34.874,13.844,31.780,16.938,-0.350, 0.038, 3.171,-0.577,-0.192,0.000, 0.069, 0.375, 8.423;
6.738,25.452,5.072,22.352,8.172,-0.355, 0.036, 3.171,-0.370,-0.185,0.000, 0.067, 0.373, 8.438;
6.750,24.562,4.774,21.456,7.879,-0.359, 0.033, 3.171,-0.357,-0.178,0.000, 0.065, 0.371, 8.454;
6.764,23.383,19.233,20.277,22.339,-0.366, 0.033, 3.185,-0.502,0.000,1.085, 0.065, 0.366, 8.456;
6.776,24.751,4.843,21.634,7.960,-0.371, 0.031, 3.171,-0.361,-0.180,-1.169, 0.064, 0.363, 8.486;
6.788,26.718,22.577,23.601,25.694,-0.377, 0.031, 3.185,-0.578,0.000,1.249, 0.064, 0.359, 8.486;
6.799,26.239,5.296,23.116,8.418,-0.382, 0.029, 3.185,-0.379,-0.189,0.000, 0.063, 0.356, 8.501;
6.812,25.429,21.344,22.300,24.472,-0.388, 0.029, 3.185,-0.550,0.000,0.000, 0.064, 0.352, 8.516;
6.823,34.650,13.708,31.516,16.841,-0.395, 0.027, 3.186,-0.568,-0.189,0.054, 0.065, 0.349, 8.530;
6.836,25.431,5.014,22.292,8.153,-0.400, 0.025, 3.185,-0.368,-0.184,-0.053, 0.064, 0.346, 8.546;
6.848,24.973,20.922,21.828,24.067,-0.406, 0.025, 3.185,-0.542,0.000,0.000, 0.065, 0.341, 8.562;
6.861,24.233,20.149,21.087,23.294,-0.413, 0.025, 3.200,-0.518,0.000,1.185, 0.066, 0.335, 8.563;
6.873,32.532,12.673,29.375,15.829,-0.420, 0.022, 3.186,-0.534,-0.178,-1.171, 0.067, 0.332, 8.593;
6.885,17.659,13.607,14.502,16.764,-0.424, 0.022, 3.199,-0.374,0.000,1.158, 0.066, 0.327, 8.594;
6.898,24.389,20.368,21.227,23.530,-0.431, 0.022, 3.199,-0.524,0.000,0.000, 0.067, 0.321, 8.611;
6.910,33.064,12.933,29.890,16.107,-0.437, 0.020, 3.186,-0.544,-0.181,-1.124, 0.069, 0.317, 8.640;
6.923,25.043,21.010,21.869,24.184,-0.444, 0.020, 3.200,-0.539,0.000,1.180, 0.070, 0.312, 8.641;
6.935,26.428,22.436,23.248,25.615,-0.451, 0.020, 3.200,-0.570,0.000,0.000, 0.072, 0.306, 8.655;
6.946,35.142,13.973,31.952,17.163,-0.458, 0.018, 3.186,-0.581,-0.194,-1.272, 0.074, 0.303, 8.685;
6.958,25.964,21.959,22.774,25.149,-0.464, 0.018, 3.200,-0.561,0.000,1.228, 0.076, 0.297, 8.685;
6.970,26.866,22.905,23.671,26.100,-0.471, 0.018, 3.200,-0.582,0.000,0.000, 0.078, 0.291, 8.699;
6.981,17.569,13.617,14.367,16.818,-0.475, 0.018, 3.199,-0.376,0.000,-0.072, 0.078, 0.285, 8.715;
6.994,40.837,20.842,37.625,24.054,-0.484, 0.016, 3.186,-0.723,-0.181,-1.120, 0.082, 0.281, 8.745;
7.006,16.806,12.856,13.593,16.069,-0.489, 0.016, 3.199,-0.360,0.000,1.115, 0.082, 0.275, 8.746;
7.019,31.920,27.998,28.701,31.216,-0.498, 0.016, 3.200,-0.696,0.000,0.066, 0.086, 0.269, 8.762;
7.031,17.962,14.051,14.739,17.275,-0.502, 0.016, 3.200,-0.387,0.000,0.000, 0.087, 0.263, 8.776;
7.042,35.308,31.402,32.080,34.631,-0.511, 0.016, 3.201,-0.771,0.000,0.076, 0.092, 0.256, 8.790;
7.053,18.324,14.431,15.090,17.665,-0.516, 0.016, 3.200,-0.396,0.000,-0.078, 0.092, 0.250, 8.805;
7.065,36.006,32.116,32.767,35.355,-0.525, 0.016, 3.201,-0.788,0.000,0.077, 0.097, 0.244, 8.818;
7.076,26.908,5.382,23.663,8.627,-0.529, 0.013, 3.200,-0.391,-0.196,-0.077, 0.098, 0.241, 8.833;
7.088,35.137,31.274,31.887,34.524,-0.538, 0.013, 3.201,-0.769,0.000,0.075, 0.104, 0.234, 8.847;
7.099,27.210,23.359,23.955,26.614,-0.545, 0.013, 3.201,-0.594,0.000,0.000, 0.107, 0.228, 8.861;
7.110,26.610,22.768,23.350,26.028,-0.551, 0.013, 3.201,-0.582,0.000,0.000, 0.110, 0.222, 8.876;
7.122,25.855,22.022,22.590,25.288,-0.558, 0.013, 3.201,-0.565,0.000,0.000, 0.113, 0.215, 8.891;
7.144,14.054,10.239,10.778,13.515,-0.565, 0.013, 3.201,-0.305,0.000,0.000, 0.114, 0.203, 8.918;
7.150,74.788,33.732,71.510,37.010,-0.571, 0.011, 3.201,-1.238,-0.413,0.000, 0.119, 0.202, 8.925;
7.159,33.200,29.406,29.918,32.689,-0.578, 0.011, 3.201,-0.730,0.000,0.000, 0.123, 0.197, 8.937;
7.181,14.182,10.405,10.889,13.698,-0.585, 0.011, 3.201,-0.309,0.000,0.000, 0.125, 0.184, 8.964;
7.193,25.200,21.434,21.902,24.732,-0.591, 0.011, 3.201,-0.553,0.000,0.000, 0.128, 0.177, 8.979;
7.204,27.653,23.896,24.350,27.199,-0.598, 0.011, 3.201,-0.608,0.000,0.000, 0.132, 0.171, 8.993;
7.216,24.859,21.113,21.550,24.422,-0.605, 0.011, 3.201,-0.547,0.000,0.000, 0.136, 0.164, 9.008;
7.228,24.571,20.801,21.262,24.110,-0.612, 0.011, 3.216,-0.534,0.000,1.185, 0.140, 0.156, 9.009;
7.241,33.270,13.009,29.949,16.330,-0.618, 0.009, 3.201,-0.551,-0.184,-1.222, 0.145, 0.151, 9.039;
7.254,22.836,19.132,19.510,22.459,-0.625, 0.009, 3.201,-0.504,0.000,0.000, 0.149, 0.143, 9.056;
7.266,25.148,21.455,21.816,24.787,-0.632, 0.009, 3.201,-0.555,0.000,0.000, 0.153, 0.136, 9.071;
7.278,25.188,21.506,21.851,24.843,-0.638, 0.009, 3.201,-0.557,0.000,0.000, 0.158, 0.129, 9.086;
7.289,26.958,23.245,23.621,26.583,-0.645, 0.009, 3.216,-0.589,0.000,1.306, 0.162, 0.122, 9.086;
7.301,26.625,22.965,23.283,26.308,-0.652, 0.009, 3.216,-0.582,0.000,0.000, 0.167, 0.115, 9.100;
7.312,34.791,13.779,31.437,17.132,-0.658, 0.007, 3.202,-0.578,-0.193,-1.204, 0.172, 0.110, 9.129;
7.324,26.459,22.827,23.101,26.186,-0.665, 0.007, 3.202,-0.586,0.000,0.000, 0.177, 0.103, 9.143;
7.336,25.994,22.375,22.630,25.739,-0.672, 0.007, 3.201,-0.577,0.000,-0.078, 0.182, 0.096, 9.158;
7.347,27.643,23.987,24.280,27.350,-0.679, 0.007, 3.217,-0.605,0.000,1.445, 0.188, 0.089, 9.156;
7.357,28.126,24.527,24.757,27.896,-0.685, 0.007, 3.217,-0.617,0.000,0.000, 0.193, 0.082, 9.170;
7.368,36.978,14.888,33.599,18.267,-0.692, 0.004, 3.202,-0.616,-0.205,-1.387, 0.199, 0.078, 9.199;
7.379,27.509,23.937,24.125,27.321,-0.699, 0.004, 3.202,-0.612,0.000,0.000, 0.204, 0.071, 9.213;
7.400,14.259,10.707,10.866,14.101,-0.705, 0.004, 3.202,-0.319,0.000,0.000, 0.209, 0.058, 9.239;
7.411,26.821,23.280,23.422,26.679,-0.712, 0.004, 3.202,-0.597,0.000,0.000, 0.215, 0.051, 9.253;
7.423,26.978,23.447,23.574,26.851,-0.719, 0.004, 3.202,-0.601,0.000,0.000, 0.221, 0.044, 9.267;
7.434,27.080,23.520,23.676,26.924,-0.725, 0.004, 3.217,-0.596,0.000,1.343, 0.227, 0.037, 9.266;
7.445,35.951,14.389,32.537,17.803,-0.732, 0.002, 3.203,-0.600,-0.200,-1.269, 0.233, 0.032, 9.294;
7.456,27.328,23.838,23.909,27.257,-0.739, 0.002, 3.203,-0.610,0.000,0.000, 0.240, 0.025, 9.308;
7.467,27.153,23.673,23.729,27.097,-0.745, 0.002, 3.203,-0.607,0.000,0.000, 0.246, 0.019, 9.322;
7.479,25.638,22.170,22.209,25.599,-0.752, 0.002, 3.203,-0.573,0.000,0.000, 0.252, 0.011, 9.337;
7.490,27.543,24.045,24.115,27.474,-0.759, 0.002, 3.218,-0.608,0.000,1.390, 0.259, 0.004, 9.335;
7.502,8.016,4.582,4.576,8.023,-0.761, 0.002, 3.203,-0.185,0.000,-1.266, 0.261,-0.003, 9.366;
7.523,4.390,0.959,0.928,4.421,-0.763, 0.002, 3.172,-0.106,0.000,-1.483, 0.264,-0.017, 9.423;
7.534,-0.280,13.556,-3.747,17.023,-0.766, 0.004, 3.172,-0.196,0.196,0.000, 0.266,-0.026, 9.437;
7.546,8.084,4.672,4.601,8.155,-0.768, 0.004, 3.142,-0.195,0.000,-2.646, 0.269,-0.033, 9.482;
7.557,7.995,4.573,4.501,8.067,-0.770, 0.004, 3.126,-0.195,0.000,-1.325, 0.271,-0.040, 9.512;
7.569,7.671,4.251,4.166,7.756,-0.772, 0.004, 3.111,-0.190,0.000,-1.288, 0.274,-0.048, 9.542;
7.581,-0.158,11.902,-3.673,15.418,-0.775, 0.007, 3.096,-0.190,0.190,-1.289, 0.277,-0.057, 9.571;
7.593,-0.117,-3.551,-3.644,-0.024,-0.775, 0.007, 3.082,0.000,0.000,-1.169, 0.278,-0.065, 9.601;
7.605,-0.084,-3.516,-3.622,0.022,-0.775, 0.007, 3.066,0.000,0.000,-1.341, 0.279,-0.072, 9.632;
7.617,-7.272,-10.693,-10.815,-7.150,-0.772, 0.007, 3.067,0.182,0.000,0.092, 0.278,-0.080, 9.646;
7.629,-0.090,-3.503,-3.639,0.046,-0.772, 0.007, 3.067,0.000,0.000,0.000, 0.279,-0.088, 9.662;
7.641,7.365,-10.881,3.805,-7.321,-0.772, 0.004, 3.052,0.000,-0.192,-1.273, 0.280,-0.093, 9.691;
7.653,-0.061,-3.458,-3.627,0.108,-0.772, 0.004, 3.051,0.000,0.000,-0.116, 0.281,-0.100, 9.707;
7.665,6.755,-10.198,3.178,-6.621,-0.772, 0.002, 3.036,0.000,-0.179,-1.202, 0.283,-0.105, 9.738;
7.677,-7.393,-10.754,-10.970,-7.177,-0.770, 0.002, 3.051,0.189,0.000,1.274, 0.282,-0.112, 9.738;
7.688,-0.070,-3.433,-3.652,0.149,-0.770, 0.002, 3.051,0.000,0.000,0.000, 0.284,-0.119, 9.752;
7.699,7.375,-10.875,3.788,-7.287,-0.770,-0.000, 3.051,0.000,-0.193,0.000, 0.286,-0.124, 9.766;
7.712,-7.189,-10.508,-10.776,-6.920,-0.768,-0.000, 3.066,0.180,0.000,1.212, 0.285,-0.132, 9.767;
7.723,7.669,-11.211,4.076,-7.617,-0.768,-0.002, 3.065,0.000,-0.198,-0.103, 0.287,-0.136, 9.782;
7.735,-0.116,-3.422,-3.715,0.176,-0.768,-0.002, 3.065,0.000,0.000,0.000, 0.289,-0.143, 9.796;
7.747,-7.666,-10.941,-11.264,-7.342,-0.766,-0.002, 3.080,0.188,0.000,1.288, 0.289,-0.150, 9.796;
7.758,-0.151,-3.430,-3.755,0.174,-0.766,-0.002, 3.079,0.000,0.000,-0.085, 0.292,-0.157, 9.811;
7.779,-4.503,-7.750,-8.110,-4.142,-0.763,-0.002, 3.095,0.106,0.000,0.774, 0.294,-0.169, 9.821;
7.791,-7.846,-11.065,-11.453,-7.457,-0.761,-0.002, 3.111,0.184,0.000,1.268, 0.294,-0.177, 9.821;
7.803,7.677,-11.272,4.058,-7.654,-0.761,-0.004, 3.095,0.000,-0.193,-1.394, 0.297,-0.181, 9.852;
7.814,-16.510,-3.433,-20.122,0.180,-0.759,-0.002, 3.126,0.193,0.193,2.725, 0.297,-0.190, 9.835;
7.826,-8.278,-11.470,-11.896,-7.852,-0.757,-0.002, 3.126,0.191,0.000,0.000, 0.298,-0.197, 9.850;
7.839,-7.542,-10.725,-11.166,-7.101,-0.754,-0.002, 3.126,0.173,0.000,0.000, 0.299,-0.204, 9.866;
7.850,-0.254,-20.117,-3.883,-16.487,-0.752,-0.004, 3.126,0.199,-0.199,0.000, 0.300,-0.208, 9.880;
7.862,-0.254,-3.412,-3.889,0.222,-0.752,-0.004, 3.126,0.000,0.000,-0.020, 0.303,-0.215, 9.895;
7.873,-17.474,-3.413,-21.108,0.221,-0.750,-0.002, 3.142,0.201,0.201,1.410, 0.304,-0.224, 9.893;
7.884,-17.893,-20.987,-21.526,-17.353,-0.745,-0.002, 3.157,0.405,0.000,1.397, 0.303,-0.230, 9.892;
7.895,-9.173,-12.288,-12.811,-8.650,-0.743,-0.002, 3.157,0.205,0.000,0.000, 0.304,-0.236, 9.905;
7.906,-9.088,-12.195,-12.732,-8.552,-0.741,-0.002, 3.157,0.203,0.000,0.000, 0.305,-0.242, 9.919;
7.917,-9.188,-12.259,-12.831,-8.616,-0.739,-0.002, 3.172,0.201,0.000,1.386, 0.306,-0.248, 9.918;
7.938,-9.605,-12.676,-13.258,-9.023,-0.734,-0.002, 3.172,0.211,0.000,-0.022, 0.308,-0.259, 9.945;
7.950,-8.448,-11.509,-12.106,-7.851,-0.732,-0.002, 3.172,0.185,0.000,0.039, 0.310,-0.266, 9.960;
7.962,-17.032,-20.048,-20.691,-16.389,-0.728,-0.002, 3.187,0.374,0.000,1.229, 0.310,-0.272, 9.960;
7.973,-9.247,-12.278,-12.911,-8.615,-0.725,-0.002, 3.188,0.200,0.000,0.062, 0.311,-0.278, 9.973;
7.985,-16.974,-19.997,-20.643,-16.328,-0.721,-0.002, 3.188,0.373,0.000,0.000, 0.311,-0.284, 9.988;
7.996,-17.996,-21.013,-21.670,-17.339,-0.716,-0.002, 3.187,0.397,0.000,-0.062, 0.311,-0.290,10.003;
8.008,-18.015,-20.981,-21.690,-17.307,-0.712,-0.002, 3.202,0.391,0.000,1.323, 0.310,-0.296,10.002;
8.019,-17.916,-20.902,-21.595,-17.222,-0.708,-0.002, 3.202,0.389,0.000,0.000, 0.310,-0.301,10.017;
8.030,-18.776,-3.313,-22.454,0.366,-0.705,-0.000, 3.218,0.201,0.201,1.462, 0.312,-0.309,10.014;
8.042,-27.153,-30.121,-30.837,-26.437,-0.699,-0.000, 3.217,0.586,0.000,-0.101, 0.310,-0.315,10.030;
8.053,-18.623,-21.580,-22.312,-17.891,-0.694,-0.000, 3.217,0.400,0.000,0.000, 0.310,-0.320,10.044;
8.064,-18.423,-21.374,-22.118,-17.679,-0.690,-0.000, 3.217,0.395,0.000,0.000, 0.310,-0.326,10.058;
8.076,-27.428,-12.296,-31.128,-8.597,-0.685, 0.002, 3.218,0.394,0.197,0.102, 0.310,-0.333,10.071;
8.098,-14.180,-17.120,-17.890,-13.410,-0.679, 0.002, 3.217,0.303,0.000,-0.053, 0.313,-0.343,10.100;
8.110,-24.535,-27.467,-28.251,-23.751,-0.672, 0.002, 3.217,0.530,0.000,0.000, 0.312,-0.349,10.116;
8.116,-53.624,-20.983,-57.343,-17.265,-0.667, 0.004, 3.217,0.777,0.389,0.000, 0.310,-0.354,10.123;
8.126,-30.625,-33.557,-34.349,-29.834,-0.661, 0.004, 3.217,0.664,0.000,0.000, 0.308,-0.359,10.136;
8.137,-27.666,-30.591,-31.394,-26.863,-0.654, 0.004, 3.217,0.599,0.000,0.000, 0.306,-0.363,10.150;
8.159,-14.012,-16.955,-17.756,-13.211,-0.647, 0.004, 3.201,0.307,0.000,-0.732, 0.309,-0.373,10.193;
8.165,-54.248,-21.030,-57.989,-17.289,-0.643, 0.007, 3.217,0.787,0.393,2.816, 0.307,-0.377,10.185;
8.176,-27.843,-30.819,-31.594,-27.067,-0.636, 0.007, 3.202,0.613,0.000,-1.382, 0.306,-0.382,10.213;
8.187,-37.364,-21.640,-41.116,-17.889,-0.629, 0.009, 3.217,0.609,0.203,1.372, 0.304,-0.389,10.212;
8.198,-27.329,-30.242,-31.086,-26.486,-0.623, 0.009, 3.217,0.594,0.000,0.000, 0.303,-0.393,10.226;
8.220,-13.859,-16.792,-17.631,-13.020,-0.616, 0.009, 3.201,0.305,0.000,-0.728, 0.307,-0.402,10.270;
8.232,-25.532,-28.448,-29.310,-24.670,-0.609, 0.009, 3.201,0.564,0.000,0.000, 0.306,-0.407,10.285;
8.244,-32.264,-19.075,-36.047,-15.292,-0.603, 0.011, 3.201,0.535,0.178,0.000, 0.306,-0.414,10.300;
8.257,-24.639,-27.554,-28.428,-23.765,-0.596, 0.011, 3.201,0.545,0.000,0.000, 0.305,-0.418,10.316;
8.268,-25.832,-28.743,-29.627,-24.948,-0.589, 0.011, 3.201,0.572,0.000,0.000, 0.305,-0.422,10.331;
8.281,-32.182,-19.001,-35.982,-15.201,-0.583, 0.013, 3.201,0.535,0.178,0.000, 0.305,-0.429,10.346;
8.293,-25.479,-28.391,-29.285,-24.585,-0.576, 0.013, 3.201,0.565,0.000,0.000, 0.304,-0.433,10.361;
8.305,-33.121,-36.033,-36.932,-32.221,-0.567, 0.013, 3.200,0.735,0.000,-0.072, 0.302,-0.437,10.377;
8.317,-25.758,-28.664,-29.575,-24.847,-0.560, 0.013, 3.200,0.572,0.000,0.000, 0.301,-0.441,10.392;
8.328,-34.706,-20.217,-38.529,-16.395,-0.554, 0.016, 3.200,0.578,0.193,0.000, 0.301,-0.447,10.407;
8.342,-22.124,-25.032,-25.953,-21.204,-0.547, 0.016, 3.200,0.493,0.000,0.000, 0.301,-0.451,10.424;
8.354,-25.092,-27.997,-28.926,-24.163,-0.540, 0.016, 3.200,0.559,0.000,0.000, 0.301,-0.455,10.439;
8.366,-24.871,-27.829,-28.717,-23.984,-0.533, 0.016, 3.186,0.563,0.000,-1.233, 0.301,-0.458,10.468;
8.378,-32.295,-18.940,-36.140,-15.095,-0.527, 0.018, 3.200,0.540,0.180,1.182, 0.301,-0.464,10.469;
8.390,-25.599,-28.507,-29.450,-24.656,-0.520, 0.018, 3.200,0.572,0.000,0.000, 0.301,-0.467,10.484;
8.401,-25.678,-28.641,-29.540,-24.780,-0.513, 0.018, 3.186,0.583,0.000,-1.276, 0.301,-0.471,10.513;
8.413,-25.364,-28.287,-29.231,-24.419,-0.507, 0.018, 3.186,0.576,0.000,0.000, 0.301,-0.474,10.528;
8.424,-34.301,-19.900,-38.168,-16.033,-0.500, 0.020, 3.200,0.574,0.191,1.258, 0.301,-0.479,10.528;
8.436,-33.168,-36.079,-37.040,-32.206,-0.491, 0.020, 3.200,0.741,0.000,0.000, 0.299,-0.482,10.543;
8.449,-24.361,-27.327,-28.245,-23.443,-0.484, 0.020, 3.185,0.555,0.000,-1.269, 0.299,-0.485,10.573;
8.460,-24.995,-27.921,-28.884,-24.032,-0.478, 0.020, 3.186,0.569,0.000,0.054, 0.300,-0.487,10.587;
8.472,-24.871,-27.799,-28.766,-23.904,-0.471, 0.020, 3.186,0.567,0.000,0.000, 0.300,-0.490,10.602;
8.483,-36.183,-20.788,-40.077,-16.894,-0.464, 0.022, 3.200,0.607,0.202,1.330, 0.300,-0.494,10.601;
8.495,-25.371,-28.346,-29.276,-24.441,-0.458, 0.022, 3.186,0.580,0.000,-1.269, 0.300,-0.497,10.631;
8.506,-25.527,-28.463,-29.437,-24.553,-0.451, 0.022, 3.186,0.583,0.000,0.000, 0.300,-0.499,10.645;
8.517,-26.324,-29.261,-30.239,-25.345,-0.444, 0.022, 3.186,0.601,0.000,0.000, 0.300,-0.501,10.659;
8.529,-34.210,-37.150,-38.131,-33.230,-0.435, 0.022, 3.185,0.780,0.000,-0.056, 0.298,-0.503,10.674;
8.541,-15.965,-18.903,-19.891,-14.977,-0.431, 0.022, 3.186,0.370,0.000,0.053, 0.301,-0.505,10.689;
8.563,-17.434,-20.409,-21.376,-16.468,-0.422, 0.022, 3.171,0.410,0.000,-0.694, 0.305,-0.509,10.731;
8.566,-122.496,-63.515,-126.434,-59.577,-0.415, 0.025, 3.185,2.071,0.690,4.477, 0.300,-0.511,10.721;
8.577,-25.860,-28.813,-29.803,-24.870,-0.408, 0.025, 3.185,0.594,0.000,0.000, 0.301,-0.513,10.735;
8.599,-13.224,-16.181,-17.178,-12.228,-0.402, 0.025, 3.185,0.311,0.000,0.000, 0.307,-0.516,10.762;
8.611,-24.342,-27.301,-28.300,-23.342,-0.395, 0.025, 3.185,0.561,0.000,0.000, 0.308,-0.517,10.777;
8.623,-22.909,-25.922,-26.878,-21.952,-0.388, 0.025, 3.171,0.537,0.000,-1.162, 0.309,-0.518,10.807;
8.635,-32.586,-18.899,-36.556,-14.929,-0.382, 0.027, 3.185,0.560,0.187,1.211, 0.310,-0.522,10.808;
8.647,-23.909,-26.883,-27.884,-22.908,-0.375, 0.027, 3.186,0.553,0.000,0.053, 0.311,-0.523,10.822;
8.659,-24.411,-27.390,-28.391,-23.409,-0.368, 0.027, 3.186,0.564,0.000,0.000, 0.311,-0.524,10.837;
8.670,-34.179,-37.165,-38.165,-33.179,-0.359, 0.027, 3.185,0.785,0.000,-0.056, 0.309,-0.524,10.852;
8.682,-24.123,-27.166,-28.120,-23.169,-0.353, 0.027, 3.171,0.568,0.000,-1.227, 0.310,-0.525,10.881;
8.695,-22.802,-25.813,-26.804,-21.810,-0.346, 0.027, 3.171,0.538,0.000,0.000, 0.311,-0.526,10.897;
8.707,-22.182,-25.198,-26.191,-21.189,-0.339, 0.027, 3.171,0.524,0.000,0.000, 0.313,-0.526,10.913;
8.719,-24.497,-27.517,-28.511,-23.503,-0.333, 0.027, 3.171,0.578,0.000,0.000, 0.313,-0.526,10.928;
8.732,-21.562,-24.588,-25.582,-20.568,-0.326, 0.027, 3.171,0.511,0.000,0.000, 0.315,-0.527,10.944;
8.745,-29.139,-17.119,-33.160,-13.098,-0.319, 0.029, 3.185,0.506,0.169,1.094, 0.316,-0.529,10.946;
8.757,-24.884,-27.911,-28.911,-23.885,-0.312, 0.029, 3.185,0.580,0.000,0.000, 0.317,-0.529,10.961;
8.770,-29.374,-32.468,-33.412,-28.431,-0.304, 0.029, 3.170,0.692,0.000,-1.154, 0.316,-0.529,10.992;
8.781,-24.703,-27.759,-28.746,-23.717,-0.297, 0.029, 3.171,0.585,0.000,0.036, 0.316,-0.529,11.006;
8.794,-21.651,-24.717,-25.700,-20.668,-0.290, 0.029, 3.170,0.516,0.000,-0.032, 0.318,-0.528,11.023;
8.799,-56.292,-59.353,-60.343,-55.302,-0.283, 0.029, 3.171,1.306,0.000,0.081, 0.314,-0.528,11.029;
8.810,-26.971,-30.044,-31.027,-25.988,-0.277, 0.029, 3.171,0.638,0.000,0.000, 0.314,-0.528,11.042;
8.831,-17.365,-11.210,-21.425,-7.150,-0.270, 0.031, 3.185,0.311,0.104,0.672, 0.321,-0.529,11.054;
8.844,-21.833,-24.917,-25.900,-20.850,-0.263, 0.031, 3.185,0.515,0.000,0.000, 0.323,-0.528,11.071;
8.848,-88.034,-91.120,-92.102,-87.052,-0.257, 0.031, 3.185,2.003,0.000,0.000, 0.318,-0.527,11.075;
8.859,-24.821,-27.972,-28.900,-23.893,-0.250, 0.031, 3.171,0.592,0.000,-1.280, 0.318,-0.527,11.104;
8.870,-33.612,-36.732,-37.696,-32.648,-0.241, 0.031, 3.170,0.793,0.000,-0.037, 0.316,-0.526,11.118;
8.893,-11.646,-14.781,-15.740,-10.686,-0.234, 0.031, 3.170,0.293,0.000,0.000, 0.324,-0.523,11.147;
8.898,-57.087,-60.219,-61.184,-56.123,-0.228, 0.031, 3.171,1.328,0.000,0.082, 0.320,-0.523,11.153;
8.909,-26.547,-29.693,-30.649,-25.591,-0.221, 0.031, 3.171,0.633,0.000,0.000, 0.320,-0.521,11.166;
8.920,-24.873,-28.027,-28.980,-23.921,-0.214, 0.031, 3.171,0.596,0.000,0.000, 0.320,-0.520,11.180;
8.942,-12.230,-15.401,-16.347,-11.284,-0.208, 0.031, 3.171,0.309,0.000,0.000, 0.327,-0.517,11.207;
8.953,-23.300,-26.535,-27.428,-22.407,-0.201, 0.031, 3.156,0.570,0.000,-1.233, 0.327,-0.515,11.237;
8.965,-32.508,-35.716,-36.641,-31.584,-0.192, 0.031, 3.156,0.783,0.000,-0.018, 0.325,-0.513,11.251;
8.976,-33.036,-18.990,-37.169,-14.857,-0.185, 0.033, 3.170,0.588,0.196,1.255, 0.325,-0.513,11.251;
8.988,-23.275,-26.492,-27.413,-22.354,-0.179, 0.033, 3.171,0.563,0.000,0.035, 0.326,-0.511,11.266;
9.000,-22.907,-26.135,-27.050,-21.991,-0.172, 0.033, 3.171,0.555,0.000,0.000, 0.326,-0.509,11.281;
9.011,-24.898,-28.136,-29.047,-23.987,-0.165, 0.033, 3.171,0.601,0.000,0.000, 0.326,-0.507,11.295;
9.022,-24.725,-27.974,-28.879,-23.819,-0.158, 0.033, 3.171,0.598,0.000,0.000, 0.326,-0.504,11.309;
9.033,-34.046,-37.307,-38.206,-33.148,-0.150, 0.033, 3.170,0.811,0.000,-0.038, 0.324,-0.502,11.323;
9.044,-25.186,-28.514,-29.355,-24.345,-0.143, 0.033, 3.156,0.619,0.000,-1.319, 0.324,-0.500,11.351;
9.055,-24.817,-28.115,-28.992,-23.940,-0.136, 0.033, 3.156,0.610,0.000,0.000, 0.323,-0.497,11.365;
9.066,-24.898,-28.207,-29.078,-24.027,-0.129, 0.033, 3.156,0.613,0.000,0.000, 0.323,-0.495,11.379;
9.087,-12.070,-15.399,-16.259,-11.210,-0.123, 0.033, 3.156,0.317,0.000,0.010, 0.328,-0.489,11.405;
9.098,-33.462,-19.190,-37.652,-15.001,-0.116, 0.036, 3.171,0.600,0.200,1.298, 0.328,-0.489,11.405;
9.110,-15.555,-36.238,-19.755,-32.038,-0.109, 0.033, 3.156,0.599,-0.200,-1.296, 0.328,-0.483,11.433;
9.121,-33.163,-19.039,-37.363,-14.840,-0.103, 0.036, 3.171,0.596,0.199,1.289, 0.327,-0.482,11.433;
9.132,-24.739,-28.107,-28.944,-23.902,-0.096, 0.036, 3.171,0.603,0.000,0.000, 0.327,-0.479,11.447;
9.144,-31.076,-34.459,-35.287,-30.249,-0.087, 0.036, 3.170,0.749,0.000,-0.035, 0.325,-0.476,11.462;
9.155,-25.192,-28.586,-29.408,-24.371,-0.080, 0.036, 3.170,0.615,0.000,0.000, 0.324,-0.472,11.476;
9.166,-25.043,-28.447,-29.263,-24.227,-0.074, 0.036, 3.171,0.612,0.000,0.038, 0.323,-0.469,11.489;
9.177,-24.896,-28.315,-29.121,-24.089,-0.067, 0.036, 3.171,0.609,0.000,0.000, 0.322,-0.466,11.503;
9.198,-12.039,-15.482,-16.274,-11.247,-0.060, 0.036, 3.171,0.317,0.000,0.000, 0.327,-0.459,11.529;
9.210,-22.410,-25.868,-26.651,-21.628,-0.054, 0.036, 3.171,0.554,0.000,0.000, 0.327,-0.455,11.545;
9.221,-24.337,-27.809,-28.583,-23.563,-0.047, 0.036, 3.171,0.599,0.000,0.000, 0.326,-0.451,11.559;
9.232,-23.850,-27.391,-28.106,-23.134,-0.040, 0.036, 3.156,0.597,0.000,-1.292, 0.325,-0.447,11.587;
9.244,-30.402,-33.919,-34.664,-29.657,-0.031, 0.036, 3.156,0.749,0.000,-0.017, 0.322,-0.442,11.602;
9.256,-23.577,-27.108,-27.844,-22.841,-0.025, 0.036, 3.156,0.592,0.000,0.000, 0.321,-0.438,11.617;
9.267,-23.264,-26.809,-27.537,-22.536,-0.018, 0.036, 3.156,0.585,0.000,0.018, 0.320,-0.434,11.631;
9.279,-22.885,-26.445,-27.163,-22.168,-0.011, 0.036, 3.156,0.577,0.000,0.000, 0.319,-0.429,11.645;
9.290,-23.630,-27.204,-27.913,-22.922,-0.004, 0.036, 3.156,0.595,0.000,0.000, 0.318,-0.425,11.659;
9.301,-23.779,-27.368,-28.067,-23.080, 0.002, 0.036, 3.156,0.599,0.000,0.000, 0.317,-0.421,11.674;
9.312,-23.404,-27.009,-27.697,-22.716, 0.009, 0.036, 3.156,0.591,0.000,0.000, 0.316,-0.416,11.688;
9.324,-23.618,-27.238,-27.917,-22.940, 0.016, 0.036, 3.156,0.596,0.000,0.000, 0.314,-0.411,11.702;
9.336,-21.707,-25.343,-26.011,-21.039, 0.022, 0.036, 3.156,0.553,0.000,0.000, 0.313,-0.406,11.717;
9.357,-11.090,-14.757,-15.404,-10.443, 0.029, 0.036, 3.156,0.308,0.000,0.010, 0.317,-0.397,11.744;
9.360,-139.086,-71.513,-143.396,-67.204, 0.036, 0.038, 3.171,2.410,0.803,5.291, 0.311,-0.398,11.733;
9.372,-29.819,-33.502,-34.134,-29.186, 0.045, 0.038, 3.171,0.732,0.000,-0.035, 0.308,-0.393,11.749;
9.384,-23.230,-26.981,-27.557,-22.655, 0.051, 0.038, 3.156,0.591,0.000,-1.278, 0.306,-0.388,11.777;
9.406,-10.631,-14.375,-14.967,-10.039, 0.058, 0.038, 3.156,0.300,0.000,0.000, 0.309,-0.377,11.805;
9.418,-21.388,-25.150,-25.730,-20.808, 0.065, 0.038, 3.156,0.549,0.000,0.000, 0.307,-0.372,11.821;
9.431,-21.165,-24.946,-25.513,-20.598, 0.071, 0.038, 3.156,0.545,0.000,0.000, 0.306,-0.366,11.836;
9.442,-22.759,-26.556,-27.112,-22.203, 0.078, 0.038, 3.156,0.582,0.000,0.000, 0.304,-0.361,11.851;
9.455,-20.238,-24.055,-24.597,-19.696, 0.085, 0.038, 3.156,0.525,0.000,0.000, 0.302,-0.354,11.867;
9.467,-21.743,-25.578,-26.108,-21.213, 0.092, 0.038, 3.156,0.560,0.000,0.000, 0.300,-0.348,11.882;
9.479,-20.393,-24.247,-24.763,-19.876, 0.098, 0.038, 3.156,0.530,0.000,0.017, 0.299,-0.342,11.897;
9.491,-21.393,-25.265,-25.769,-20.890, 0.105, 0.038, 3.156,0.553,0.000,0.000, 0.296,-0.336,11.913;
9.503,-22.441,-26.332,-26.822,-21.950, 0.112, 0.038, 3.156,0.578,0.000,0.000, 0.294,-0.330,11.927;
9.515,-21.035,-24.945,-25.422,-20.558, 0.118, 0.038, 3.156,0.546,0.000,0.000, 0.292,-0.324,11.943;
9.527,-21.324,-25.253,-25.717,-20.861, 0.125, 0.038, 3.156,0.553,0.000,0.000, 0.289,-0.318,11.958;
9.539,-21.702,-25.650,-26.100,-21.252, 0.132, 0.038, 3.156,0.563,0.000,0.000, 0.287,-0.312,11.973;
9.551,-21.855,-25.822,-26.259,-21.419, 0.138, 0.038, 3.156,0.567,0.000,0.000, 0.284,-0.305,11.988;
9.564,-20.690,-24.676,-25.099,-20.267, 0.145, 0.038, 3.157,0.541,0.000,0.018, 0.282,-0.299,12.003;
9.577,-19.325,-23.333,-23.740,-18.918, 0.152, 0.038, 3.157,0.510,0.000,0.000, 0.279,-0.292,12.019;
9.589,-28.916,-32.945,-33.337,-28.524, 0.161, 0.038, 3.156,0.732,0.000,-0.018, 0.274,-0.285,12.035;
9.601,-13.376,-17.423,-17.802,-12.997, 0.165, 0.038, 3.157,0.374,0.000,0.018, 0.273,-0.278,12.050;
9.613,-29.029,-33.097,-33.460,-28.666, 0.174, 0.038, 3.156,0.736,0.000,-0.018, 0.268,-0.272,12.065;
9.626,-19.670,-23.760,-24.108,-19.322, 0.181, 0.038, 3.156,0.520,0.000,0.000, 0.265,-0.264,12.081;
9.638,-21.816,-25.925,-26.259,-21.482, 0.187, 0.038, 3.156,0.570,0.000,0.000, 0.262,-0.258,12.096;
9.649,-21.886,-26.015,-26.334,-21.566, 0.194, 0.038, 3.156,0.573,0.000,0.000, 0.258,-0.251,12.111;
9.661,-21.296,-25.445,-25.750,-20.991, 0.201, 0.038, 3.156,0.560,0.000,0.000, 0.254,-0.244,12.126;
9.673,-20.693,-24.863,-25.153,-20.403, 0.208, 0.038, 3.156,0.546,0.000,0.000, 0.251,-0.237,12.141;
9.685,-21.578,-25.768,-26.043,-21.303, 0.214, 0.038, 3.157,0.567,0.000,0.019, 0.247,-0.231,12.156;
9.698,-20.398,-24.610,-24.869,-20.139, 0.221, 0.038, 3.157,0.541,0.000,0.000, 0.243,-0.223,12.171;
9.710,-19.692,-23.926,-24.169,-19.449, 0.228, 0.038, 3.157,0.525,0.000,0.000, 0.240,-0.216,12.188;
9.723,-19.880,-24.136,-24.363,-19.653, 0.234, 0.038, 3.157,0.530,0.000,0.000, 0.236,-0.208,12.203;
9.735,-22.158,-26.433,-26.645,-21.945, 0.241, 0.038, 3.157,0.583,0.000,0.000, 0.231,-0.202,12.218;
9.746,-22.910,-27.205,-27.403,-22.712, 0.248, 0.038, 3.157,0.601,0.000,0.000, 0.227,-0.195,12.232;
9.757,-22.507,-26.822,-27.005,-22.324, 0.254, 0.038, 3.157,0.592,0.000,0.000, 0.222,-0.188,12.246;
9.769,-21.413,-25.749,-25.917,-21.245, 0.261, 0.038, 3.157,0.568,0.000,0.000, 0.218,-0.181,12.261;
9.781,-21.247,-25.603,-25.756,-21.094, 0.268, 0.038, 3.157,0.564,0.000,0.000, 0.213,-0.174,12.276;
9.792,-21.645,-26.022,-26.160,-21.508, 0.275, 0.038, 3.157,0.574,0.000,0.000, 0.209,-0.167,12.290;
9.803,-23.126,-27.522,-27.645,-23.003, 0.281, 0.038, 3.157,0.609,0.000,0.000, 0.204,-0.160,12.304;
9.814,-23.284,-27.700,-27.809,-23.176, 0.288, 0.038, 3.157,0.613,0.000,0.000, 0.199,-0.154,12.318;
9.826,-21.673,-26.110,-26.203,-21.580, 0.295, 0.038, 3.157,0.576,0.000,0.000, 0.193,-0.147,12.333;
9.837,-14.204,-18.660,-18.739,-14.125, 0.299, 0.038, 3.157,0.404,0.000,0.020, 0.190,-0.140,12.346;
9.859,-9.671,-14.168,-14.216,-9.622, 0.306, 0.038, 3.157,0.301,0.000,0.000, 0.186,-0.126,12.374;
9.870,-22.456,-26.973,-27.007,-22.422, 0.312, 0.038, 3.157,0.596,0.000,0.000, 0.181,-0.119,12.388;
9.883,-19.599,-24.138,-24.155,-19.582, 0.319, 0.038, 3.157,0.531,0.000,0.000, 0.175,-0.111,12.404;
9.886,-95.501,-100.046,-100.059,-95.489, 0.326, 0.038, 3.157,2.283,0.000,0.000, 0.169,-0.109,12.408;
9.907,-10.572,-15.154,-15.139,-10.587, 0.333, 0.038, 3.157,0.324,0.000,0.000, 0.164,-0.096,12.434;
9.918,-22.301,-26.904,-26.873,-22.331, 0.339, 0.038, 3.157,0.595,0.000,0.000, 0.158,-0.089,12.448;
9.929,-22.388,-27.011,-26.966,-22.433, 0.346, 0.038, 3.157,0.597,0.000,0.021, 0.152,-0.082,12.462;
9.940,-21.925,-26.615,-26.514,-22.026, 0.353, 0.038, 3.142,0.596,0.000,-1.370, 0.146,-0.075,12.491;
9.952,-21.350,-25.977,-25.939,-21.389, 0.359, 0.038, 3.157,0.574,0.000,1.299, 0.140,-0.068,12.491;
9.963,-21.673,-26.358,-26.266,-21.765, 0.366, 0.038, 3.157,0.583,0.000,0.000, 0.133,-0.061,12.505;
9.976,-20.124,-24.832,-24.724,-20.233, 0.373, 0.038, 3.157,0.547,0.000,0.000, 0.127,-0.053,12.521;
9.987,-13.678,-18.406,-18.282,-13.802, 0.377, 0.038, 3.157,0.399,0.000,0.021, 0.123,-0.046,12.535;
9.998,-21.584,-26.333,-26.193,-21.723, 0.384, 0.038, 3.157,0.582,0.000,0.000, 0.116,-0.039,12.549;
10.010,-22.241,-27.011,-26.856,-22.396, 0.391, 0.038, 3.157,0.598,0.000,0.000, 0.109,-0.032,12.563;
10.021,-21.853,-26.643,-26.473,-22.023, 0.397, 0.038, 3.157,0.589,0.000,0.000, 0.103,-0.025,12.577;
10.032,-22.138,-26.949,-26.763,-22.324, 0.404, 0.038, 3.157,0.596,0.000,0.000, 0.096,-0.018,12.591;
10.054,-9.544,-14.395,-14.180,-9.760, 0.411, 0.038, 3.157,0.306,0.000,0.000, 0.088,-0.004,12.619;
10.066,-19.608,-24.481,-24.249,-19.840, 0.417, 0.038, 3.157,0.539,0.000,0.000, 0.081, 0.004,12.635;
10.079,-11.665,-16.585,-16.317,-11.933, 0.422, 0.038, 3.142,0.362,0.000,-1.246, 0.076, 0.012,12.665;
10.083,-66.065,-70.658,-70.713,-66.009, 0.429, 0.038, 3.157,1.608,0.000,3.752, 0.069, 0.014,12.655;
10.094,-22.265,-27.234,-26.925,-22.575, 0.435, 0.038, 3.142,0.611,0.000,-1.426, 0.061, 0.021,12.684;
10.105,-21.974,-26.875,-26.633,-22.216, 0.442, 0.038, 3.157,0.595,0.000,1.388, 0.054, 0.028,12.683;
10.127,-9.319,-14.302,-13.988,-9.633, 0.449, 0.038, 3.157,0.304,0.000,0.000, 0.045, 0.042,12.711;
10.140,-19.185,-24.191,-23.860,-19.516, 0.455, 0.038, 3.157,0.532,0.000,0.000, 0.037, 0.049,12.726;
10.144,-67.502,-72.515,-72.179,-67.838, 0.462, 0.038, 3.157,1.647,0.000,0.000, 0.030, 0.052,12.732;
10.154,-14.683,-19.714,-19.364,-15.032, 0.466, 0.038, 3.157,0.429,0.000,0.024, 0.024, 0.058,12.744;
10.176,-9.509,-14.579,-14.200,-9.888, 0.473, 0.038, 3.157,0.310,0.000,0.000, 0.015, 0.072,12.771;
10.188,-20.267,-25.359,-24.964,-20.662, 0.480, 0.038, 3.157,0.559,0.000,0.000, 0.006, 0.079,12.787;
10.199,-21.170,-26.282,-25.872,-21.580, 0.487, 0.038, 3.157,0.580,0.000,0.000,-0.002, 0.086,12.801;
10.212,-19.423,-24.557,-24.131,-19.849, 0.493, 0.038, 3.157,0.540,0.000,0.000,-0.011, 0.094,12.817;
10.224,-11.904,-17.060,-16.618,-12.346, 0.498, 0.038, 3.157,0.367,0.000,0.000,-0.017, 0.101,12.832;
10.236,-12.271,-33.796,-16.996,-29.071, 0.504, 0.036, 3.142,0.573,-0.191,-1.359,-0.026, 0.110,12.862;
10.247,-28.863,-17.561,-33.587,-12.837, 0.511, 0.038, 3.157,0.569,0.190,1.350,-0.035, 0.115,12.861;
10.260,-19.679,-24.897,-24.409,-20.167, 0.518, 0.038, 3.157,0.548,0.000,0.000,-0.044, 0.122,12.877;
10.271,-20.484,-25.723,-25.219,-20.987, 0.525, 0.038, 3.157,0.567,0.000,0.000,-0.053, 0.129,12.891;
10.283,-12.240,-17.500,-16.981,-12.759, 0.529, 0.038, 3.158,0.377,0.000,0.022,-0.060, 0.136,12.906;
10.295,-11.597,-32.643,-16.349,-27.891, 0.536, 0.036, 3.142,0.553,-0.184,-1.332,-0.070, 0.146,12.937;
10.308,-27.086,-16.732,-31.838,-11.980, 0.542, 0.038, 3.158,0.540,0.180,1.301,-0.079, 0.151,12.937;
10.319,-12.350,-34.234,-17.113,-29.471, 0.549, 0.036, 3.142,0.581,-0.194,-1.399,-0.089, 0.160,12.968;
10.331,-11.696,-17.027,-16.465,-12.258, 0.554, 0.036, 3.142,0.372,0.000,0.000,-0.096, 0.166,12.983;
10.343,-19.186,-24.537,-23.960,-19.763, 0.560, 0.036, 3.142,0.548,0.000,0.000,-0.106, 0.173,12.998;
10.355,-19.834,-25.205,-24.614,-20.425, 0.567, 0.036, 3.142,0.563,0.000,0.000,-0.116, 0.180,13.013;
10.367,-20.430,-25.821,-25.216,-21.036, 0.574, 0.036, 3.142,0.578,0.000,0.000,-0.126, 0.187,13.027;
10.379,-12.106,-17.516,-16.897,-12.725, 0.578, 0.036, 3.142,0.383,0.000,0.000,-0.134, 0.193,13.042;
10.390,-20.645,-26.074,-25.441,-21.278, 0.585, 0.036, 3.142,0.583,0.000,0.000,-0.144, 0.200,13.057;
10.402,-19.912,-25.360,-24.713,-20.559, 0.591, 0.036, 3.142,0.567,0.000,0.000,-0.154, 0.206,13.071;
10.413,-12.460,-17.927,-17.267,-13.120, 0.596, 0.036, 3.142,0.392,0.000,0.000,-0.162, 0.212,13.086;
10.425,-21.240,-26.687,-26.046,-21.881, 0.603, 0.036, 3.158,0.589,0.000,1.442,-0.172, 0.219,13.084;
10.436,-20.159,-25.704,-24.977,-20.887, 0.609, 0.036, 3.142,0.574,0.000,-1.406,-0.183, 0.225,13.115;
10.448,-12.745,-18.243,-17.562,-13.426, 0.614, 0.036, 3.158,0.394,0.000,1.471,-0.191, 0.231,13.112;
10.471,-8.201,-13.766,-13.028,-8.938, 0.620, 0.036, 3.158,0.290,0.000,-0.012,-0.205, 0.243,13.141;
10.474,-92.443,-98.648,-97.277,-93.813, 0.627, 0.036, 3.142,2.276,0.000,-5.571,-0.213, 0.245,13.162;
10.485,-12.641,-18.222,-17.480,-13.382, 0.632, 0.036, 3.142,0.399,0.000,0.000,-0.222, 0.250,13.176;
10.507,-8.575,-14.190,-13.425,-9.340, 0.638, 0.036, 3.142,0.304,0.000,0.000,-0.236, 0.262,13.203;
