0.000,0.000,0.000,0.000,0.000, 0.000, 0.000, 0.000,0.000,0.000,0.000, 0.000, 0.000, 0.000;
0.011,1.964,-0.908,1.964,-0.908, 0.203,-0.074, 0.000,0.000,0.000,0.000, 0.297, 0.083, 0.000;
0.033,1.987,-1.001,1.987,-1.001, 0.203,-0.074, 0.000,0.000,0.000,0.000, 0.296, 0.100, 0.000;
0.046,1.999,-1.056,1.999,-1.056, 0.203,-0.074, 0.000,0.000,0.000,0.000, 0.296, 0.109, 0.000;
0.058,2.009,-1.107,2.009,-1.107, 0.203,-0.074, 0.000,0.000,0.000,0.000, 0.295, 0.119, 0.000;
0.069,2.018,-1.158,2.018,-1.158, 0.203,-0.074, 0.000,0.000,0.000,0.000, 0.294, 0.128, 0.000;
0.081,2.026,-1.210,2.026,-1.210, 0.203,-0.074, 0.000,0.000,0.000,0.000, 0.293, 0.137, 0.000;
0.093,4.003,-3.339,4.003,-3.339, 0.203,-0.071,-0.015,0.000,0.190,-1.292, 0.292, 0.144, 0.015;
0.104,2.006,-1.329,2.006,-1.329, 0.203,-0.071,-0.015,0.000,0.000,0.000, 0.290, 0.153, 0.015;
0.116,4.042,0.589,4.042,0.589, 0.205,-0.071,-0.015,0.189,0.000,-0.020, 0.286, 0.162, 0.015;
0.128,1.978,-1.476,1.978,-1.476, 0.205,-0.071,-0.030,0.000,0.000,-1.257, 0.285, 0.171, 0.030;
0.141,1.980,-1.532,1.980,-1.532, 0.205,-0.071,-0.030,0.000,0.000,0.000, 0.283, 0.181, 0.030;
0.152,4.081,0.459,4.081,0.459, 0.208,-0.071,-0.015,0.193,0.000,1.308, 0.278, 0.190, 0.015;
0.164,4.036,0.365,4.036,0.365, 0.210,-0.071,-0.015,0.190,0.000,-0.020, 0.274, 0.199, 0.015;
0.176,3.880,-3.757,3.880,-3.757, 0.210,-0.069,-0.030,0.000,0.187,-1.252, 0.271, 0.205, 0.030;
0.188,4.006,0.196,4.006,0.196, 0.212,-0.069,-0.030,0.189,0.000,0.000, 0.266, 0.214, 0.030;
0.199,6.180,-1.944,6.180,-1.944, 0.214,-0.067,-0.031,0.201,0.201,-0.042, 0.262, 0.220, 0.031;
0.210,5.980,-2.079,5.980,-2.079, 0.217,-0.065,-0.046,0.194,0.194,-1.338, 0.257, 0.227, 0.046;
0.222,3.860,-0.037,3.860,-0.037, 0.219,-0.065,-0.031,0.183,0.000,1.260, 0.251, 0.236, 0.031;
0.233,6.197,-2.110,6.197,-2.110, 0.221,-0.062,-0.031,0.205,0.205,0.000, 0.246, 0.242, 0.031;
0.244,6.080,-2.155,6.080,-2.155, 0.223,-0.060,-0.031,0.202,0.202,0.000, 0.240, 0.247, 0.031;
0.256,5.656,-2.281,5.656,-2.281, 0.225,-0.058,-0.046,0.185,0.185,-1.272, 0.235, 0.254, 0.046;
0.277,2.882,-1.085,2.882,-1.085, 0.228,-0.058,-0.031,0.106,0.000,0.729, 0.226, 0.269, 0.031;
0.289,5.869,-2.356,5.869,-2.356, 0.230,-0.056,-0.031,0.196,0.196,0.000, 0.220, 0.275, 0.031;
0.300,5.823,-2.404,5.823,-2.404, 0.232,-0.054,-0.031,0.196,0.196,0.000, 0.213, 0.281, 0.031;
0.311,9.939,-2.728,9.939,-2.728, 0.237,-0.049,-0.046,0.394,0.394,-1.355, 0.205, 0.284, 0.046;
0.324,5.269,-2.494,5.269,-2.494, 0.239,-0.047,-0.031,0.175,0.175,1.203, 0.198, 0.291, 0.031;
0.336,5.458,-2.549,5.458,-2.549, 0.241,-0.045,-0.031,0.186,0.186,0.000, 0.191, 0.297, 0.031;
0.349,6.972,-4.629,6.972,-4.629, 0.243,-0.040,-0.046,0.177,0.353,-1.216, 0.183, 0.301, 0.046;
0.362,5.111,-2.713,5.111,-2.713, 0.246,-0.038,-0.046,0.176,0.176,0.000, 0.176, 0.307, 0.046;
0.374,7.182,-4.840,7.182,-4.840, 0.248,-0.033,-0.046,0.187,0.373,0.000, 0.169, 0.310, 0.046;
0.385,7.737,-0.801,7.737,-0.801, 0.252,-0.031,-0.047,0.400,0.200,-0.064, 0.159, 0.315, 0.047;
0.396,7.434,-5.070,7.434,-5.070, 0.254,-0.027,-0.046,0.198,0.397,0.064, 0.152, 0.318, 0.046;
0.407,7.352,-5.229,7.352,-5.229, 0.257,-0.022,-0.061,0.200,0.400,-1.374, 0.145, 0.321, 0.061;
0.418,5.442,-2.941,5.442,-2.941, 0.259,-0.020,-0.046,0.204,0.204,1.404, 0.137, 0.325, 0.046;
0.429,7.371,-5.349,7.371,-5.349, 0.261,-0.016,-0.061,0.204,0.408,-1.402, 0.130, 0.328, 0.061;
0.440,7.176,-5.329,7.176,-5.329, 0.263,-0.011,-0.061,0.200,0.399,0.000, 0.122, 0.330, 0.061;
0.451,7.231,-5.404,7.231,-5.404, 0.266,-0.007,-0.061,0.203,0.407,0.000, 0.114, 0.332, 0.061;
0.473,3.908,-4.169,3.908,-4.169, 0.268,-0.002,-0.061,0.100,0.200,0.000, 0.100, 0.341, 0.061;
0.477,20.517,-11.205,20.517,-11.205, 0.270, 0.002,-0.077,0.637,1.274,-4.369, 0.096, 0.338, 0.077;
0.497,2.988,-3.127,2.988,-3.127, 0.272, 0.004,-0.062,0.110,0.110,0.705, 0.083, 0.348, 0.062;
0.509,6.508,-5.402,6.508,-5.402, 0.275, 0.009,-0.062,0.189,0.379,0.000, 0.074, 0.350, 0.062;
0.521,6.621,-5.500,6.621,-5.500, 0.277, 0.013,-0.062,0.195,0.390,0.000, 0.065, 0.351, 0.062;
0.532,6.534,-5.649,6.534,-5.649, 0.279, 0.018,-0.078,0.197,0.394,-1.373, 0.056, 0.353, 0.078;
0.544,3.935,-7.261,3.935,-7.261, 0.279, 0.022,-0.077,0.000,0.365,0.098, 0.049, 0.355, 0.077;
0.556,6.211,-5.602,6.211,-5.602, 0.281, 0.027,-0.077,0.191,0.381,0.000, 0.040, 0.356, 0.077;
0.569,5.543,-5.506,5.543,-5.506, 0.283, 0.031,-0.093,0.174,0.349,-1.305, 0.030, 0.358, 0.093;
0.581,5.702,-5.638,5.702,-5.638, 0.286, 0.036,-0.093,0.182,0.364,0.000, 0.020, 0.360, 0.093;
0.592,6.063,-5.849,6.063,-5.849, 0.288, 0.040,-0.093,0.196,0.392,0.000, 0.011, 0.361, 0.093;
0.604,5.907,-5.958,5.907,-5.958, 0.290, 0.045,-0.109,0.196,0.392,-1.359, 0.001, 0.362, 0.109;
0.615,3.535,-7.821,3.535,-7.821, 0.290, 0.049,-0.109,0.000,0.392,0.000,-0.006, 0.362, 0.109;
0.626,5.867,-6.030,5.867,-6.030, 0.292, 0.054,-0.109,0.199,0.398,0.000,-0.015, 0.363, 0.109;
0.637,5.923,-6.105,5.923,-6.105, 0.295, 0.058,-0.109,0.203,0.407,0.000,-0.025, 0.363, 0.109;
0.649,5.665,-6.050,5.665,-6.050, 0.297, 0.062,-0.111,0.198,0.396,-0.152,-0.035, 0.363, 0.111;
0.660,3.232,-7.848,3.232,-7.848, 0.297, 0.067,-0.109,0.000,0.390,0.150,-0.042, 0.363, 0.109;
0.681,2.653,-4.778,2.653,-4.778, 0.299, 0.071,-0.109,0.105,0.210,0.000,-0.059, 0.367, 0.109;
0.693,2.858,-7.646,2.858,-7.646, 0.299, 0.076,-0.109,0.000,0.369,0.000,-0.067, 0.367, 0.109;
0.705,6.986,-8.451,6.986,-8.451, 0.301, 0.083,-0.124,0.195,0.586,-1.348,-0.078, 0.365, 0.124;
0.717,4.629,-5.925,4.629,-5.925, 0.304, 0.087,-0.124,0.180,0.360,0.000,-0.089, 0.364, 0.124;
0.730,2.367,-7.532,2.367,-7.532, 0.304, 0.092,-0.124,0.000,0.355,0.000,-0.098, 0.364, 0.124;
0.742,4.374,-5.890,4.374,-5.890, 0.306, 0.096,-0.124,0.177,0.353,0.000,-0.109, 0.364, 0.124;
0.746,27.284,-22.797,27.284,-22.797, 0.308, 0.103,-0.142,0.722,2.167,-5.676,-0.113, 0.358, 0.142;
0.767,0.666,-5.796,0.666,-5.796, 0.308, 0.107,-0.140,0.000,0.208,0.102,-0.129, 0.360, 0.140;
0.779,4.501,-6.200,4.501,-6.200, 0.310, 0.112,-0.142,0.192,0.385,-0.189,-0.140, 0.358, 0.142;
0.790,3.733,-10.069,3.733,-10.069, 0.310, 0.118,-0.140,0.000,0.563,0.184,-0.149, 0.355, 0.140;
0.803,3.833,-5.935,3.833,-5.935, 0.312, 0.123,-0.142,0.176,0.352,-0.172,-0.160, 0.354, 0.142;
0.815,3.560,-10.297,3.560,-10.297, 0.312, 0.129,-0.155,0.000,0.579,-1.133,-0.169, 0.350, 0.155;
0.827,3.620,-5.996,3.620,-5.996, 0.315, 0.134,-0.157,0.177,0.355,-0.192,-0.181, 0.348, 0.157;
0.839,1.703,-7.791,1.703,-7.791, 0.315, 0.138,-0.140,0.000,0.376,1.491,-0.190, 0.346, 0.140;
0.851,5.749,-8.643,5.749,-8.643, 0.317, 0.145,-0.157,0.196,0.588,-1.554,-0.201, 0.341, 0.157;
0.862,1.447,-7.847,1.447,-7.847, 0.317, 0.150,-0.157,0.000,0.381,0.000,-0.210, 0.339, 0.157;
0.874,5.038,-8.398,5.038,-8.398, 0.319, 0.156,-0.173,0.185,0.556,-1.282,-0.221, 0.334, 0.173;
0.888,0.878,-7.282,0.878,-7.282, 0.319, 0.161,-0.157,0.000,0.337,1.165,-0.231, 0.332, 0.157;
0.900,4.823,-8.335,4.823,-8.335, 0.321, 0.167,-0.173,0.184,0.553,-1.275,-0.243, 0.326, 0.173;
0.911,1.036,-7.876,1.036,-7.876, 0.321, 0.172,-0.173,0.000,0.387,0.000,-0.252, 0.323, 0.173;
0.923,2.548,-10.363,2.548,-10.363, 0.321, 0.179,-0.188,0.000,0.588,-1.350,-0.261, 0.318, 0.188;
0.934,3.270,-6.166,3.270,-6.166, 0.324, 0.183,-0.173,0.194,0.388,1.335,-0.272, 0.314, 0.173;
0.946,2.138,-9.963,2.138,-9.963, 0.324, 0.190,-0.188,0.000,0.560,-1.285,-0.281, 0.308, 0.188;
0.959,2.393,-5.822,2.393,-5.822, 0.326, 0.194,-0.188,0.173,0.347,0.000,-0.294, 0.305, 0.188;
0.969,2.632,-10.900,2.632,-10.900, 0.326, 0.201,-0.188,0.000,0.639,0.000,-0.302, 0.299, 0.188;
0.980,0.596,-7.981,0.596,-7.981, 0.326, 0.205,-0.188,0.000,0.407,0.000,-0.311, 0.294, 0.188;
0.991,4.752,-8.752,4.752,-8.752, 0.328, 0.212,-0.188,0.203,0.609,0.000,-0.321, 0.288, 0.188;
1.003,0.331,-7.779,0.331,-7.779, 0.328, 0.217,-0.188,0.000,0.395,0.000,-0.330, 0.283, 0.188;
1.014,4.341,-8.539,4.341,-8.539, 0.330, 0.223,-0.191,0.197,0.592,-0.262,-0.341, 0.277, 0.191;
1.035,-1.447,-5.416,-1.447,-5.416, 0.330, 0.228,-0.188,0.000,0.210,0.140,-0.358, 0.272, 0.188;
1.047,1.317,-9.787,1.317,-9.787, 0.330, 0.234,-0.203,0.000,0.563,-1.284,-0.367, 0.264, 0.203;
1.059,2.253,-5.894,2.253,-5.894, 0.333, 0.239,-0.188,0.192,0.384,1.315,-0.379, 0.259, 0.188;
1.070,1.361,-10.038,1.361,-10.038, 0.333, 0.246,-0.203,0.000,0.588,-1.342,-0.388, 0.251, 0.203;
1.082,2.190,-5.899,2.190,-5.899, 0.335, 0.250,-0.191,0.196,0.393,1.082,-0.399, 0.246, 0.191;
1.093,0.986,-9.655,0.986,-9.655, 0.335, 0.257,-0.203,0.000,0.564,-1.036,-0.408, 0.238, 0.203;
1.105,-0.486,-7.498,-0.486,-7.498, 0.335, 0.261,-0.203,0.000,0.395,0.000,-0.417, 0.232, 0.203;
1.116,3.716,-8.472,3.716,-8.472, 0.337, 0.268,-0.207,0.203,0.608,-0.290,-0.427, 0.224, 0.207;
1.127,-0.739,-7.320,-0.739,-7.320, 0.337, 0.272,-0.207,0.000,0.387,0.000,-0.436, 0.218, 0.207;
1.138,1.052,-10.078,1.052,-10.078, 0.337, 0.279,-0.203,0.000,0.610,0.291,-0.445, 0.209, 0.203;
1.149,1.848,-5.814,1.848,-5.814, 0.339, 0.283,-0.207,0.204,0.408,-0.292,-0.455, 0.203, 0.207;
1.171,-1.824,-6.066,-1.824,-6.066, 0.339, 0.290,-0.222,0.000,0.302,-0.694,-0.472, 0.192, 0.222;
1.175,6.213,-18.275,6.213,-18.275, 0.339, 0.295,-0.203,0.000,1.268,5.279,-0.475, 0.187, 0.203;
1.185,3.723,-8.750,3.723,-8.750, 0.341, 0.301,-0.222,0.219,0.658,-1.826,-0.485, 0.178, 0.222;
1.206,-2.715,-4.820,-2.715,-4.820, 0.341, 0.306,-0.207,0.000,0.212,0.730,-0.501, 0.168, 0.207;
1.217,0.192,-9.544,0.192,-9.544, 0.341, 0.312,-0.222,0.000,0.590,-1.357,-0.509, 0.159, 0.222;
1.229,-1.404,-6.926,-1.404,-6.926, 0.341, 0.317,-0.203,0.000,0.386,1.607,-0.518, 0.151, 0.203;
1.240,2.600,-7.905,2.600,-7.905, 0.344, 0.324,-0.222,0.198,0.595,-1.652,-0.528, 0.141, 0.222;
1.253,-2.001,-6.307,-2.001,-6.307, 0.344, 0.328,-0.222,0.000,0.348,0.000,-0.537, 0.133, 0.222;
1.264,-0.107,-9.362,-0.107,-9.362, 0.344, 0.335,-0.222,0.000,0.592,0.000,-0.545, 0.123, 0.222;
1.276,-1.889,-6.571,-1.889,-6.571, 0.344, 0.339,-0.219,0.000,0.377,0.288,-0.554, 0.114, 0.219;
1.288,2.271,-7.678,2.271,-7.678, 0.346, 0.346,-0.222,0.198,0.594,-0.303,-0.564, 0.104, 0.222;
1.299,-1.978,-6.599,-1.978,-6.599, 0.346, 0.350,-0.222,0.000,0.388,0.000,-0.572, 0.095, 0.222;
1.310,-1.996,-6.622,-1.996,-6.622, 0.346, 0.355,-0.222,0.000,0.394,0.000,-0.580, 0.087, 0.222;
1.322,1.995,-7.473,1.995,-7.473, 0.348, 0.362,-0.222,0.196,0.589,0.000,-0.590, 0.076, 0.222;
1.333,-2.062,-6.650,-2.062,-6.650, 0.348, 0.366,-0.222,0.000,0.405,0.000,-0.598, 0.067, 0.222;
1.344,-0.894,-8.734,-0.894,-8.734, 0.348, 0.373,-0.237,0.000,0.575,-1.313,-0.606, 0.056, 0.237;
1.366,-3.807,-4.021,-3.807,-4.021, 0.348, 0.377,-0.222,0.000,0.210,0.721,-0.620, 0.043, 0.222;
1.377,-1.054,-8.603,-1.054,-8.603, 0.348, 0.384,-0.237,0.000,0.577,-1.317,-0.627, 0.031, 0.237;
1.389,-0.037,-4.654,-0.037,-4.654, 0.350, 0.388,-0.237,0.197,0.394,0.000,-0.637, 0.021, 0.237;
1.400,-2.519,-6.228,-2.519,-6.228, 0.350, 0.393,-0.222,0.000,0.397,1.360,-0.644, 0.012, 0.222;
1.411,-1.277,-8.396,-1.277,-8.396, 0.350, 0.400,-0.237,0.000,0.575,-1.313,-0.652,-0.000, 0.237;
1.423,-2.761,-6.015,-2.761,-6.015, 0.350, 0.404,-0.237,0.000,0.394,0.000,-0.659,-0.010, 0.237;
1.435,-2.995,-5.671,-2.995,-5.671, 0.350, 0.408,-0.237,0.000,0.373,0.000,-0.666,-0.021, 0.237;
1.446,-2.669,-6.135,-2.669,-6.135, 0.350, 0.413,-0.222,0.000,0.410,1.405,-0.673,-0.030, 0.222;
1.458,-1.815,-7.662,-1.815,-7.662, 0.350, 0.420,-0.237,0.000,0.539,-1.230,-0.680,-0.044, 0.237;
1.469,-2.926,-5.883,-2.926,-5.883, 0.350, 0.424,-0.237,0.000,0.405,0.000,-0.686,-0.054, 0.237;
1.480,-3.017,-5.763,-3.017,-5.763, 0.350, 0.429,-0.237,0.000,0.401,0.000,-0.693,-0.064, 0.237;
1.492,-3.145,-5.602,-3.145,-5.602, 0.350, 0.433,-0.241,0.000,0.394,-0.331,-0.699,-0.075, 0.241;
1.513,-5.997,-3.967,-5.997,-3.967, 0.348, 0.437,-0.237,-0.105,0.210,0.176,-0.709,-0.091, 0.237;
1.525,-3.484,-5.149,-3.484,-5.149, 0.348, 0.442,-0.257,0.000,0.377,-1.616,-0.715,-0.102, 0.257;
1.536,-5.934,-6.848,-5.934,-6.848, 0.346, 0.446,-0.253,-0.198,0.396,0.351,-0.719,-0.113, 0.253;
1.547,-3.413,-5.284,-3.413,-5.284, 0.346, 0.451,-0.257,0.000,0.398,-0.353,-0.725,-0.124, 0.257;
1.559,-6.154,-6.381,-6.154,-6.381, 0.344, 0.455,-0.272,-0.192,0.384,-1.313,-0.728,-0.136, 0.272;
1.571,-7.459,-3.630,-7.459,-3.630, 0.341, 0.458,-0.253,-0.177,0.177,1.525,-0.732,-0.146, 0.253;
1.583,-6.182,-6.388,-6.182,-6.388, 0.339, 0.462,-0.268,-0.196,0.391,-1.320,-0.736,-0.157, 0.268;
1.595,-6.248,-5.824,-6.248,-5.824, 0.337, 0.466,-0.268,-0.181,0.363,0.000,-0.739,-0.169, 0.268;
1.607,-5.227,-2.090,-5.227,-2.090, 0.337, 0.469,-0.272,0.000,0.188,-0.351,-0.745,-0.179, 0.272;
1.620,-6.365,-5.301,-6.365,-5.301, 0.335, 0.473,-0.272,-0.171,0.342,0.000,-0.748,-0.192, 0.272;
1.631,-7.793,-3.483,-7.793,-3.483, 0.333, 0.475,-0.272,-0.195,0.195,0.000,-0.751,-0.202, 0.272;
1.644,-8.881,-6.893,-8.881,-6.893, 0.328, 0.480,-0.283,-0.370,0.370,-0.893,-0.752,-0.214, 0.283;
1.655,-7.816,-3.352,-7.816,-3.352, 0.326, 0.482,-0.268,-0.195,0.195,1.307,-0.754,-0.224, 0.268;
1.666,-7.866,-3.329,-7.866,-3.329, 0.324, 0.484,-0.272,-0.199,0.199,-0.372,-0.756,-0.234, 0.272;
1.678,-6.504,-5.682,-6.504,-5.682, 0.321, 0.489,-0.287,-0.197,0.393,-1.334,-0.759,-0.246, 0.287;
1.688,-10.657,-4.669,-10.657,-4.669, 0.317, 0.491,-0.283,-0.408,0.204,0.401,-0.758,-0.256, 0.283;
1.700,-7.945,-2.944,-7.945,-2.944, 0.315, 0.493,-0.287,-0.197,0.197,-0.387,-0.760,-0.266, 0.287;
1.711,-9.145,-6.571,-9.145,-6.571, 0.310, 0.498,-0.297,-0.384,0.384,-0.896,-0.760,-0.279, 0.297;
1.733,-8.807,-1.488,-8.807,-1.488, 0.306, 0.500,-0.297,-0.209,0.104,0.000,-0.762,-0.296, 0.297;
1.745,-7.931,-2.249,-7.931,-2.249, 0.304, 0.502,-0.302,-0.183,0.183,-0.377,-0.764,-0.307, 0.302;
1.757,-10.375,-3.449,-10.375,-3.449, 0.299, 0.504,-0.302,-0.367,0.183,0.000,-0.763,-0.318, 0.302;
1.768,-10.613,-3.779,-10.613,-3.779, 0.295, 0.507,-0.297,-0.393,0.197,0.404,-0.762,-0.329, 0.297;
1.780,-10.576,-3.658,-10.576,-3.658, 0.290, 0.509,-0.297,-0.390,0.195,0.000,-0.761,-0.339, 0.297;
1.792,-7.932,-1.968,-7.932,-1.968, 0.288, 0.511,-0.302,-0.185,0.185,-0.381,-0.761,-0.351, 0.302;
1.804,-12.838,-4.529,-12.838,-4.529, 0.281, 0.513,-0.297,-0.556,0.185,0.381,-0.758,-0.362, 0.297;
1.816,-10.454,-3.272,-10.454,-3.272, 0.277, 0.516,-0.297,-0.380,0.190,0.000,-0.756,-0.373, 0.297;
1.827,-11.838,-0.878,-11.838,-0.878, 0.272, 0.516,-0.283,-0.385,0.000,1.279,-0.754,-0.382, 0.283;
1.839,-10.525,-3.209,-10.525,-3.209, 0.268, 0.518,-0.302,-0.390,0.195,-1.694,-0.752,-0.393, 0.302;
1.850,-10.636,-3.289,-10.636,-3.289, 0.263, 0.520,-0.302,-0.402,0.201,0.000,-0.750,-0.403, 0.302;
1.861,-13.312,-4.712,-13.312,-4.712, 0.257, 0.522,-0.297,-0.607,0.202,0.416,-0.745,-0.414, 0.297;
1.872,-10.445,-2.981,-10.445,-2.981, 0.252, 0.525,-0.297,-0.389,0.194,0.000,-0.742,-0.425, 0.297;
1.883,-14.672,-1.852,-14.672,-1.852, 0.246, 0.525,-0.297,-0.606,0.000,0.000,-0.737,-0.434, 0.297;
1.895,-10.497,-2.978,-10.497,-2.978, 0.241, 0.527,-0.297,-0.400,0.200,0.000,-0.734,-0.444, 0.297;
1.916,-9.970,-0.778,-9.970,-0.778, 0.234, 0.529,-0.312,-0.310,0.103,-0.680,-0.730,-0.463, 0.312;
1.928,-11.448,0.114,-11.448,0.114, 0.230, 0.529,-0.297,-0.369,0.000,1.213,-0.727,-0.473, 0.297;
1.941,-12.325,-3.306,-12.325,-3.306, 0.223, 0.531,-0.297,-0.532,0.177,0.000,-0.721,-0.485, 0.297;
1.952,-10.342,-2.531,-10.342,-2.531, 0.219, 0.533,-0.297,-0.395,0.198,0.000,-0.717,-0.496, 0.297;
1.963,-13.303,-4.222,-13.303,-4.222, 0.212, 0.536,-0.297,-0.626,0.209,0.000,-0.711,-0.507, 0.297;
1.975,-14.023,-0.985,-14.023,-0.985, 0.205, 0.536,-0.297,-0.573,0.000,0.000,-0.705,-0.516, 0.297;
1.987,-12.032,-2.867,-12.032,-2.867, 0.199, 0.538,-0.293,-0.519,0.173,0.345,-0.699,-0.528, 0.293;
1.999,-10.078,-2.022,-10.078,-2.022, 0.194, 0.540,-0.297,-0.384,0.192,-0.383,-0.694,-0.539, 0.297;
2.011,-12.581,-3.271,-12.581,-3.271, 0.187, 0.542,-0.297,-0.575,0.192,0.000,-0.687,-0.551, 0.297;
2.023,-13.803,-0.657,-13.803,-0.657, 0.181, 0.542,-0.293,-0.569,0.000,0.378,-0.680,-0.560, 0.293;
2.034,-12.465,-3.147,-12.465,-3.147, 0.174, 0.545,-0.293,-0.574,0.191,0.000,-0.673,-0.571, 0.293;
2.047,-12.006,-2.611,-12.006,-2.611, 0.167, 0.547,-0.293,-0.536,0.179,0.000,-0.666,-0.583, 0.293;
2.058,-11.360,0.733,-11.360,0.733, 0.163, 0.547,-0.283,-0.394,0.000,0.913,-0.661,-0.592, 0.283;
2.069,-12.625,-3.431,-12.625,-3.431, 0.156, 0.549,-0.278,-0.605,0.202,0.384,-0.653,-0.603, 0.278;
2.080,-12.675,-3.220,-12.675,-3.220, 0.150, 0.551,-0.293,-0.610,0.203,-1.331,-0.646,-0.614, 0.293;
2.092,-11.937,-2.382,-11.937,-2.382, 0.143, 0.554,-0.293,-0.546,0.182,0.000,-0.638,-0.626, 0.293;
2.103,-9.946,-1.657,-9.946,-1.657, 0.138, 0.556,-0.293,-0.411,0.206,0.000,-0.632,-0.636, 0.293;
2.114,-13.979,-0.453,-13.979,-0.453, 0.132, 0.556,-0.278,-0.609,0.000,1.329,-0.624,-0.645, 0.278;
2.136,-9.217,0.627,-9.217,0.627, 0.125, 0.558,-0.293,-0.311,0.104,-0.678,-0.614,-0.664, 0.293;
2.147,-12.296,-2.597,-12.296,-2.597, 0.118, 0.560,-0.293,-0.597,0.199,0.000,-0.605,-0.675, 0.293;
2.159,-11.680,-1.963,-11.680,-1.963, 0.112, 0.562,-0.289,-0.547,0.182,0.353,-0.596,-0.686, 0.289;
2.170,-13.534,0.011,-13.534,0.011, 0.105, 0.562,-0.274,-0.592,0.000,1.275,-0.587,-0.695, 0.274;
2.182,-9.356,-0.887,-9.356,-0.887, 0.100, 0.565,-0.278,-0.386,0.193,-0.357,-0.580,-0.706, 0.278;
2.193,-12.034,-2.212,-12.034,-2.212, 0.094, 0.567,-0.293,-0.593,0.198,-1.295,-0.571,-0.716, 0.293;
2.205,-11.822,-1.947,-11.822,-1.947, 0.087, 0.569,-0.293,-0.579,0.193,0.000,-0.561,-0.727, 0.293;
2.216,-12.187,-2.366,-12.187,-2.366, 0.080, 0.571,-0.289,-0.618,0.206,0.399,-0.552,-0.738, 0.289;
2.227,-13.052,0.561,-13.052,0.561, 0.074, 0.571,-0.274,-0.576,0.000,1.240,-0.542,-0.746, 0.274;
2.239,-9.239,-0.689,-9.239,-0.689, 0.069, 0.574,-0.278,-0.402,0.201,-0.372,-0.535,-0.757, 0.278;
2.250,-11.767,-2.000,-11.767,-2.000, 0.062, 0.576,-0.278,-0.597,0.199,0.000,-0.525,-0.767, 0.278;
2.261,-13.266,0.584,-13.266,0.584, 0.056, 0.576,-0.274,-0.605,0.000,0.373,-0.514,-0.775, 0.274;
2.284,-8.361,1.732,-8.361,1.732, 0.049, 0.578,-0.274,-0.293,0.098,0.000,-0.500,-0.794, 0.274;
2.287,-16.910,-12.044,-16.910,-12.044, 0.045, 0.580,-0.274,-1.237,0.619,0.000,-0.495,-0.798, 0.274;
2.297,-12.200,-2.457,-12.200,-2.457, 0.038, 0.583,-0.274,-0.660,0.220,0.000,-0.484,-0.808, 0.274;
2.319,-9.100,3.046,-9.100,3.046, 0.031, 0.583,-0.260,-0.305,0.000,0.662,-0.470,-0.823, 0.260;
2.331,-11.132,-1.438,-11.132,-1.438, 0.025, 0.585,-0.260,-0.577,0.192,0.000,-0.458,-0.833, 0.260;
2.343,-8.447,0.397,-8.447,0.397, 0.020, 0.587,-0.274,-0.372,0.186,-1.211,-0.449,-0.844, 0.274;
2.354,-12.604,1.151,-12.604,1.151, 0.013, 0.587,-0.260,-0.587,0.000,1.275,-0.438,-0.851, 0.260;
2.366,-10.787,-1.021,-10.787,-1.021, 0.007, 0.589,-0.260,-0.562,0.187,0.000,-0.426,-0.861, 0.260;
2.378,-8.360,0.370,-8.360,0.370, 0.002, 0.591,-0.260,-0.382,0.191,0.000,-0.417,-0.871, 0.260;
2.391,-11.469,1.929,-11.469,1.929,-0.004, 0.591,-0.260,-0.516,0.000,0.000,-0.404,-0.880, 0.260;
2.402,-10.835,-1.062,-10.835,-1.062,-0.011, 0.594,-0.260,-0.585,0.195,0.000,-0.392,-0.889, 0.260;
2.414,-10.818,-1.079,-10.818,-1.079,-0.018, 0.596,-0.256,-0.591,0.197,0.337,-0.380,-0.898, 0.256;
2.426,-8.005,0.819,-8.005,0.819,-0.022, 0.598,-0.260,-0.373,0.187,-0.319,-0.370,-0.908, 0.260;
2.438,-11.811,1.739,-11.811,1.739,-0.029, 0.598,-0.245,-0.560,0.000,1.226,-0.357,-0.915, 0.245;
2.449,-10.472,-0.698,-10.472,-0.698,-0.036, 0.600,-0.256,-0.578,0.193,-0.934,-0.345,-0.925, 0.256;
2.461,-9.474,3.200,-9.474,3.200,-0.040, 0.600,-0.245,-0.390,0.000,0.946,-0.335,-0.931, 0.245;
2.472,-10.402,-0.786,-10.402,-0.786,-0.047, 0.603,-0.241,-0.584,0.195,0.316,-0.322,-0.940, 0.241;
2.483,-11.978,1.712,-11.978,1.712,-0.054, 0.603,-0.241,-0.595,0.000,0.000,-0.309,-0.947, 0.241;
2.495,-7.770,0.862,-7.770,0.862,-0.058, 0.605,-0.245,-0.392,0.196,-0.318,-0.298,-0.956, 0.245;
2.506,-11.563,2.020,-11.563,2.020,-0.065, 0.605,-0.241,-0.573,0.000,0.310,-0.285,-0.962, 0.241;
2.528,-7.311,2.782,-7.311,2.782,-0.071, 0.607,-0.241,-0.316,0.105,0.000,-0.266,-0.976, 0.241;
2.540,-8.760,3.707,-8.760,3.707,-0.076, 0.607,-0.230,-0.367,0.000,0.914,-0.255,-0.982, 0.230;
2.544,-26.299,-7.260,-26.299,-7.260,-0.083, 0.607,-0.227,-1.740,0.000,0.889,-0.246,-0.984, 0.227;
2.555,-7.508,1.013,-7.508,1.013,-0.087, 0.609,-0.245,-0.405,0.203,-1.651,-0.235,-0.992, 0.245;
2.577,-7.753,4.370,-7.753,4.370,-0.094, 0.609,-0.227,-0.305,0.000,0.829,-0.215,-1.003, 0.227;
2.589,-8.437,3.968,-8.437,3.968,-0.098, 0.609,-0.230,-0.366,0.000,-0.280,-0.203,-1.009, 0.230;
2.601,-10.951,2.255,-10.951,2.255,-0.105, 0.609,-0.212,-0.565,0.000,1.525,-0.189,-1.014, 0.212;
2.612,-8.530,3.816,-8.530,3.816,-0.109, 0.609,-0.212,-0.380,0.000,0.000,-0.177,-1.020, 0.212;
2.624,-9.445,-0.111,-9.445,-0.111,-0.116, 0.612,-0.227,-0.584,0.195,-1.278,-0.162,-1.027, 0.227;
2.636,-8.152,4.172,-8.152,4.172,-0.121, 0.612,-0.227,-0.367,0.000,0.000,-0.150,-1.032, 0.227;
2.648,-10.785,2.375,-10.785,2.375,-0.127, 0.612,-0.209,-0.575,0.000,1.528,-0.136,-1.037, 0.209;
2.659,-8.388,3.942,-8.388,3.942,-0.132, 0.612,-0.212,-0.393,0.000,-0.275,-0.123,-1.042, 0.212;
2.671,-8.261,4.027,-8.261,4.027,-0.136, 0.612,-0.212,-0.389,0.000,0.000,-0.111,-1.046, 0.212;
2.682,-10.497,2.557,-10.497,2.557,-0.143, 0.612,-0.209,-0.572,0.000,0.266,-0.096,-1.051, 0.209;
2.694,-8.033,4.171,-8.033,4.171,-0.147, 0.612,-0.212,-0.384,0.000,-0.268,-0.084,-1.055, 0.212;
2.705,-8.135,4.104,-8.135,4.104,-0.152, 0.612,-0.212,-0.398,0.000,0.000,-0.072,-1.059, 0.212;
2.717,-10.434,2.590,-10.434,2.590,-0.158, 0.612,-0.209,-0.585,0.000,0.273,-0.057,-1.063, 0.209;
2.728,-9.602,6.556,-9.602,6.556,-0.163, 0.609,-0.194,-0.392,-0.196,1.276,-0.044,-1.064, 0.194;
2.739,-8.011,4.069,-8.011,4.069,-0.167, 0.609,-0.197,-0.403,0.000,-0.263,-0.032,-1.068, 0.197;
2.750,-7.849,4.171,-7.849,4.171,-0.172, 0.609,-0.197,-0.396,0.000,0.000,-0.019,-1.071, 0.197;
2.772,-5.405,5.785,-5.405,5.785,-0.176, 0.609,-0.197,-0.210,0.000,0.000, 0.001,-1.077, 0.197;
2.783,-9.158,6.645,-9.158,6.645,-0.181, 0.607,-0.183,-0.381,-0.191,1.267, 0.014,-1.078, 0.183;
2.795,-9.671,2.762,-9.671,2.762,-0.187, 0.607,-0.180,-0.561,0.000,0.227, 0.029,-1.081, 0.180;
2.808,-6.974,4.667,-6.974,4.667,-0.192, 0.607,-0.194,-0.356,0.000,-1.165, 0.043,-1.084, 0.194;
2.819,-8.928,6.739,-8.928,6.739,-0.196, 0.605,-0.180,-0.382,-0.191,1.252, 0.056,-1.085, 0.180;
2.831,-7.273,4.368,-7.273,4.368,-0.201, 0.605,-0.183,-0.388,0.000,-0.235, 0.070,-1.087, 0.183;
2.843,-6.997,4.585,-6.997,4.585,-0.205, 0.605,-0.194,-0.377,0.000,-1.007, 0.083,-1.090, 0.194;
2.855,-8.524,6.862,-8.524,6.862,-0.210, 0.603,-0.180,-0.373,-0.186,1.222, 0.097,-1.090, 0.180;
2.866,-7.105,4.400,-7.105,4.400,-0.214, 0.603,-0.180,-0.394,0.000,0.000, 0.110,-1.092, 0.180;
2.878,-8.365,6.933,-8.365,6.933,-0.219, 0.600,-0.183,-0.375,-0.187,-0.227, 0.123,-1.091, 0.183;
2.890,-6.694,4.622,-6.694,4.622,-0.223, 0.600,-0.180,-0.375,0.000,0.227, 0.137,-1.093, 0.180;
2.901,-8.760,6.886,-8.760,6.886,-0.228, 0.598,-0.180,-0.407,-0.204,0.000, 0.150,-1.092, 0.180;
2.912,-8.485,6.826,-8.485,6.826,-0.232, 0.596,-0.165,-0.390,-0.195,1.285, 0.163,-1.091, 0.165;
2.924,-6.388,4.717,-6.388,4.717,-0.237, 0.596,-0.180,-0.371,0.000,-1.223, 0.177,-1.092, 0.180;
2.935,-8.489,6.850,-8.489,6.850,-0.241, 0.594,-0.165,-0.401,-0.200,1.319, 0.190,-1.091, 0.165;
2.947,-8.307,6.875,-8.307,6.875,-0.246, 0.591,-0.165,-0.395,-0.198,0.000, 0.204,-1.090, 0.165;
2.959,-3.844,6.361,-3.844,6.361,-0.248, 0.591,-0.180,-0.186,0.000,-1.224, 0.215,-1.090, 0.180;
2.970,-10.103,9.202,-10.103,9.202,-0.252, 0.587,-0.150,-0.400,-0.400,2.639, 0.229,-1.086, 0.150;
2.992,-3.903,6.201,-3.903,6.201,-0.257, 0.587,-0.165,-0.201,0.000,-0.667, 0.250,-1.087, 0.165;
3.004,-7.672,6.890,-7.672,6.890,-0.261, 0.585,-0.150,-0.374,-0.187,1.238, 0.264,-1.085, 0.150;
3.016,-7.820,6.856,-7.820,6.856,-0.266, 0.583,-0.150,-0.388,-0.194,0.000, 0.278,-1.082, 0.150;
3.028,-5.743,4.736,-5.743,4.736,-0.270, 0.583,-0.163,-0.372,0.000,-1.030, 0.292,-1.082, 0.163;
3.040,-6.790,10.849,-6.790,10.849,-0.272, 0.578,-0.150,-0.186,-0.373,1.032, 0.303,-1.077, 0.150;
3.052,-5.399,4.846,-5.399,4.846,-0.277, 0.578,-0.150,-0.353,0.000,0.000, 0.318,-1.076, 0.150;
3.065,-8.493,8.999,-8.493,8.999,-0.281, 0.574,-0.136,-0.349,-0.349,1.160, 0.332,-1.071, 0.136;
3.076,-5.636,4.539,-5.636,4.539,-0.286, 0.574,-0.148,-0.388,0.000,-1.097, 0.346,-1.070, 0.148;
3.088,-6.780,10.868,-6.780,10.868,-0.288, 0.569,-0.136,-0.193,-0.385,1.091, 0.357,-1.064, 0.136;
3.101,-4.978,4.902,-4.978,4.902,-0.292, 0.569,-0.150,-0.349,0.000,-1.160, 0.371,-1.063, 0.150;
3.113,-6.900,6.938,-6.900,6.938,-0.297, 0.567,-0.148,-0.375,-0.188,0.186, 0.385,-1.059, 0.148;
3.126,-4.186,8.572,-4.186,8.572,-0.299, 0.565,-0.150,-0.172,-0.172,-0.170, 0.397,-1.055, 0.150;
3.137,-8.819,9.134,-8.819,9.134,-0.304, 0.560,-0.136,-0.389,-0.389,1.295, 0.410,-1.049, 0.136;
3.150,-6.468,6.871,-6.468,6.871,-0.308, 0.558,-0.134,-0.360,-0.180,0.161, 0.424,-1.044, 0.134;
3.161,-4.403,8.542,-4.403,8.542,-0.310, 0.556,-0.136,-0.189,-0.189,-0.169, 0.436,-1.040, 0.136;
3.174,-6.239,6.874,-6.239,6.874,-0.315, 0.554,-0.134,-0.356,-0.178,0.160, 0.450,-1.035, 0.134;
3.185,-4.584,8.580,-4.584,8.580,-0.317, 0.551,-0.136,-0.205,-0.205,-0.184, 0.460,-1.030, 0.136;
3.197,-8.122,8.913,-8.122,8.913,-0.321, 0.547,-0.119,-0.370,-0.370,1.385, 0.474,-1.023, 0.119;
3.208,-4.278,8.455,-4.278,8.455,-0.324, 0.545,-0.121,-0.193,-0.193,-0.155, 0.484,-1.018, 0.121;
3.220,-6.524,6.637,-6.524,6.637,-0.328, 0.542,-0.119,-0.388,-0.194,0.155, 0.497,-1.013, 0.119;
3.231,-4.270,8.459,-4.270,8.459,-0.330, 0.540,-0.121,-0.201,-0.201,-0.160, 0.508,-1.008, 0.121;
3.243,-7.995,8.891,-7.995,8.891,-0.335, 0.536,-0.119,-0.381,-0.381,0.152, 0.521,-1.000, 0.119;
3.254,-4.133,8.432,-4.133,8.432,-0.337, 0.533,-0.121,-0.203,-0.203,-0.162, 0.531,-0.994, 0.121;
3.265,-6.344,6.556,-6.344,6.556,-0.341, 0.531,-0.119,-0.398,-0.199,0.159, 0.544,-0.989, 0.119;
3.277,-5.596,10.533,-5.596,10.533,-0.344, 0.527,-0.106,-0.189,-0.379,1.118, 0.554,-0.980, 0.106;
3.288,-6.138,6.519,-6.138,6.519,-0.348, 0.525,-0.119,-0.396,-0.198,-1.169, 0.567,-0.974, 0.119;
3.310,-2.741,9.267,-2.741,9.267,-0.350, 0.520,-0.104,-0.103,-0.206,0.680, 0.584,-0.962, 0.104;
3.322,-3.285,8.212,-3.285,8.212,-0.353, 0.518,-0.106,-0.179,-0.179,-0.125, 0.595,-0.955, 0.106;
3.334,-7.354,8.618,-7.354,8.618,-0.357, 0.513,-0.104,-0.375,-0.375,0.131, 0.608,-0.946, 0.104;
3.346,-3.321,8.183,-3.321,8.183,-0.359, 0.511,-0.104,-0.188,-0.188,0.000, 0.618,-0.939, 0.104;
3.358,-5.168,10.419,-5.168,10.419,-0.362, 0.507,-0.104,-0.193,-0.386,0.000, 0.628,-0.930, 0.104;
3.369,-5.381,6.340,-5.381,6.340,-0.366, 0.504,-0.104,-0.378,-0.189,0.000, 0.640,-0.923, 0.104;
3.381,-5.213,10.468,-5.213,10.468,-0.368, 0.500,-0.104,-0.200,-0.400,0.000, 0.650,-0.913, 0.104;
3.393,-2.932,8.067,-2.932,8.067,-0.371, 0.498,-0.104,-0.186,-0.186,0.000, 0.660,-0.906, 0.104;
3.405,-6.582,8.418,-6.582,8.418,-0.375, 0.493,-0.103,-0.362,-0.362,0.123, 0.672,-0.896, 0.103;
3.417,-4.604,10.083,-4.604,10.083,-0.377, 0.489,-0.089,-0.184,-0.368,1.092, 0.682,-0.885, 0.089;
3.429,-4.840,10.177,-4.840,10.177,-0.379, 0.484,-0.089,-0.194,-0.388,0.000, 0.691,-0.875, 0.089;
3.440,-2.761,7.891,-2.761,7.891,-0.382, 0.482,-0.089,-0.188,-0.188,0.000, 0.701,-0.867, 0.089;
3.453,-4.279,9.930,-4.279,9.930,-0.384, 0.478,-0.089,-0.181,-0.362,0.000, 0.710,-0.856, 0.089;
3.464,-2.838,7.841,-2.838,7.841,-0.386, 0.475,-0.089,-0.199,-0.199,0.000, 0.719,-0.848, 0.089;
3.476,-6.734,8.157,-6.734,8.157,-0.391, 0.471,-0.088,-0.386,-0.386,0.113, 0.730,-0.838, 0.088;
3.487,-4.716,10.112,-4.716,10.112,-0.393, 0.466,-0.088,-0.203,-0.405,0.000, 0.739,-0.827, 0.088;
3.498,-4.461,9.870,-4.461,9.870,-0.395, 0.462,-0.073,-0.192,-0.385,1.259, 0.748,-0.817, 0.073;
3.509,-4.561,9.896,-4.561,9.896,-0.397, 0.458,-0.073,-0.198,-0.396,0.000, 0.756,-0.806, 0.073;
3.520,-2.528,7.646,-2.528,7.646,-0.400, 0.455,-0.088,-0.203,-0.203,-1.326, 0.764,-0.797, 0.088;
3.542,-1.347,8.602,-1.347,8.602,-0.402, 0.451,-0.088,-0.105,-0.209,0.000, 0.778,-0.780, 0.088;
3.553,-4.126,9.679,-4.126,9.679,-0.404, 0.446,-0.073,-0.192,-0.385,1.259, 0.786,-0.769, 0.073;
3.565,-4.171,9.677,-4.171,9.677,-0.406, 0.442,-0.073,-0.196,-0.392,0.000, 0.794,-0.758, 0.073;
3.576,-4.167,9.659,-4.167,9.659,-0.408, 0.437,-0.073,-0.199,-0.397,0.000, 0.802,-0.746, 0.073;
3.587,-4.062,9.599,-4.062,9.599,-0.411, 0.433,-0.073,-0.198,-0.395,0.000, 0.809,-0.735, 0.073;
3.599,-1.753,11.513,-1.753,11.513,-0.411, 0.429,-0.074,0.000,-0.397,-0.097, 0.815,-0.723, 0.074;
3.610,-4.090,9.565,-4.090,9.565,-0.413, 0.424,-0.074,-0.203,-0.406,0.000, 0.822,-0.712, 0.074;
3.621,-4.103,9.432,-4.103,9.432,-0.415, 0.420,-0.059,-0.201,-0.402,1.418, 0.829,-0.700, 0.059;
3.632,-3.931,9.445,-3.931,9.445,-0.417, 0.415,-0.073,-0.202,-0.405,-1.327, 0.836,-0.689, 0.073;
3.643,-3.975,9.339,-3.975,9.339,-0.420, 0.411,-0.059,-0.202,-0.404,1.324, 0.843,-0.677, 0.059;
3.664,-0.824,8.031,-0.824,8.031,-0.422, 0.406,-0.059,-0.104,-0.209,0.000, 0.854,-0.658, 0.059;
3.676,-3.360,9.020,-3.360,9.020,-0.424, 0.402,-0.059,-0.188,-0.375,0.000, 0.861,-0.645, 0.059;
3.689,-2.589,12.430,-2.589,12.430,-0.424, 0.395,-0.060,0.000,-0.518,-0.068, 0.866,-0.630, 0.060;
3.700,-3.368,8.943,-3.368,8.943,-0.426, 0.391,-0.059,-0.193,-0.385,0.075, 0.872,-0.617, 0.059;
3.713,-3.060,8.791,-3.060,8.791,-0.429, 0.386,-0.059,-0.185,-0.370,0.000, 0.878,-0.604, 0.059;
3.725,-2.680,8.608,-2.680,8.608,-0.431, 0.382,-0.059,-0.175,-0.350,0.000, 0.885,-0.591, 0.059;
3.737,-1.041,10.739,-1.041,10.739,-0.431, 0.377,-0.059,0.000,-0.390,0.000, 0.889,-0.578, 0.059;
3.749,-4.909,10.640,-4.909,10.640,-0.433, 0.371,-0.044,-0.186,-0.559,1.224, 0.895,-0.563, 0.044;
3.760,-3.257,8.625,-3.257,8.625,-0.435, 0.366,-0.044,-0.196,-0.392,0.000, 0.900,-0.550, 0.044;
3.771,-3.276,8.598,-3.276,8.598,-0.437, 0.362,-0.043,-0.199,-0.397,0.057, 0.906,-0.537, 0.043;
3.784,-2.435,12.113,-2.435,12.113,-0.437, 0.355,-0.044,0.000,-0.539,-0.051, 0.909,-0.521, 0.044;
3.797,-2.376,8.160,-2.376,8.160,-0.440, 0.350,-0.044,-0.175,-0.349,0.000, 0.914,-0.507, 0.044;
3.808,-2.716,8.252,-2.716,8.252,-0.442, 0.346,-0.043,-0.187,-0.375,0.054, 0.919,-0.494, 0.043;
3.820,-2.681,12.388,-2.681,12.388,-0.442, 0.339,-0.044,0.000,-0.582,-0.055, 0.922,-0.479, 0.044;
3.831,-2.898,8.226,-2.898,8.226,-0.444, 0.335,-0.043,-0.197,-0.394,0.056, 0.927,-0.466, 0.043;
3.842,-2.931,12.422,-2.931,12.422,-0.444, 0.328,-0.029,0.000,-0.601,1.262, 0.929,-0.451, 0.029;
3.854,-2.870,8.032,-2.870,8.032,-0.446, 0.324,-0.029,-0.196,-0.393,0.037, 0.933,-0.437, 0.029;
3.865,-0.631,10.120,-0.631,10.120,-0.446, 0.319,-0.044,0.000,-0.403,-1.365, 0.935,-0.424, 0.044;
3.876,-2.818,12.268,-2.818,12.268,-0.446, 0.312,-0.029,0.000,-0.607,1.331, 0.937,-0.409, 0.029;
3.887,-2.708,7.821,-2.708,7.821,-0.449, 0.308,-0.029,-0.196,-0.393,0.000, 0.941,-0.396, 0.029;
3.909,1.485,7.648,1.485,7.648,-0.449, 0.304,-0.029,0.000,-0.202,0.000, 0.944,-0.375, 0.029;
3.921,-2.525,11.665,-2.525,11.665,-0.449, 0.297,-0.015,0.000,-0.579,1.271, 0.945,-0.359, 0.015;
3.933,-2.358,7.484,-2.358,7.484,-0.451, 0.292,-0.029,-0.191,-0.382,-1.220, 0.948,-0.345, 0.029;
3.945,0.067,9.089,0.067,9.089,-0.451, 0.288,-0.029,0.000,-0.355,-0.034, 0.949,-0.331, 0.029;
3.958,-1.914,10.966,-1.914,10.966,-0.451, 0.281,-0.015,0.000,-0.536,1.177, 0.950,-0.314, 0.015;
3.962,-13.226,11.275,-13.226,11.275,-0.453, 0.277,-0.029,-0.538,-1.076,-3.440, 0.952,-0.307, 0.029;
3.983,0.431,8.501,0.431,8.501,-0.453, 0.270,-0.015,0.000,-0.323,0.689, 0.953,-0.284, 0.015;
3.995,-1.965,6.978,-1.965,6.978,-0.455, 0.266,-0.014,-0.184,-0.367,0.018, 0.955,-0.270, 0.014;
4.007,-1.746,10.688,-1.746,10.688,-0.455, 0.259,-0.014,0.000,-0.540,0.000, 0.955,-0.253, 0.014;
4.011,-8.486,17.620,-8.486,17.620,-0.455, 0.254,-0.015,0.000,-1.184,-0.057, 0.955,-0.246, 0.015;
4.022,-2.376,11.293,-2.376,11.293,-0.455, 0.248,-0.015,0.000,-0.608,0.000, 0.955,-0.231, 0.015;
4.043,0.782,5.755,0.782,5.755,-0.458, 0.243,-0.014,-0.103,-0.207,0.010, 0.956,-0.209, 0.014;
4.055,-1.928,10.741,-1.928,10.741,-0.458, 0.237,-0.014,0.000,-0.575,0.000, 0.956,-0.193, 0.014;
4.067,0.096,8.615,0.096,8.615,-0.458, 0.232,-0.014,0.000,-0.386,0.000, 0.955,-0.180, 0.014;
4.079,0.353,8.422,0.353,8.422,-0.458, 0.228,-0.029,0.000,-0.376,-1.220, 0.954,-0.166, 0.029;
4.090,-1.784,10.470,-1.784,10.470,-0.458, 0.221,-0.014,0.000,-0.572,1.238, 0.953,-0.150, 0.014;
4.102,0.411,8.154,0.411,8.154,-0.458, 0.217,-0.014,0.000,-0.366,0.000, 0.951,-0.136, 0.014;
4.114,0.118,8.411,0.118,8.411,-0.458, 0.212,-0.014,0.000,-0.397,0.000, 0.950,-0.123, 0.014;
4.126,-1.605,10.136,-1.605,10.136,-0.458, 0.205,-0.014,0.000,-0.565,0.000, 0.948,-0.107, 0.014;
4.137,0.315,8.111,0.315,8.111,-0.458, 0.201,-0.014,0.000,-0.385,0.000, 0.946,-0.094, 0.014;
4.148,0.076,8.311,0.076,8.311,-0.458, 0.196,-0.014,0.000,-0.410,0.000, 0.944,-0.081, 0.014;
4.159,-2.026,10.428,-2.026,10.428,-0.458, 0.190,-0.014,0.000,-0.614,0.000, 0.942,-0.066, 0.014;
4.170,0.207,8.081,0.207,8.081,-0.458, 0.185,-0.014,0.000,-0.404,0.000, 0.940,-0.053, 0.014;
4.181,-2.109,10.244,-2.109,10.244,-0.458, 0.179, 0.000,0.000,-0.614,1.329, 0.938,-0.038, 0.000;
4.202,2.222,5.806,2.222,5.806,-0.458, 0.174, 0.000,0.000,-0.210,0.000, 0.933,-0.018, 0.000;
4.213,-1.860,5.621,-1.860,5.621,-0.460, 0.170, 0.000,-0.199,-0.397,0.000, 0.932,-0.005, 0.000;
4.225,-1.579,9.525,-1.579,9.525,-0.460, 0.163, 0.000,0.000,-0.573,0.000, 0.929, 0.010, 0.000;
4.237,-1.658,9.398,-1.658,9.398,-0.460, 0.156, 0.014,0.000,-0.571,1.236, 0.926, 0.025,-0.014;
4.248,0.374,7.455,0.374,7.455,-0.460, 0.152, 0.000,0.000,-0.395,-1.282, 0.922, 0.038, 0.000;
4.260,-1.687,9.315,-1.687,9.315,-0.460, 0.145, 0.014,0.000,-0.579,1.253, 0.919, 0.053,-0.014;
4.271,0.408,7.307,0.408,7.307,-0.460, 0.141, 0.000,0.000,-0.397,-1.287, 0.915, 0.066, 0.000;
4.282,-4.126,7.308,-4.126,7.308,-0.462, 0.134, 0.014,-0.204,-0.612,1.325, 0.914, 0.080,-0.014;
4.293,0.367,7.263,0.367,7.263,-0.462, 0.129, 0.000,0.000,-0.406,-1.319, 0.910, 0.092, 0.000;
4.304,-1.893,9.321,-1.893,9.321,-0.462, 0.123, 0.014,0.000,-0.609,1.318, 0.906, 0.107,-0.014;
4.325,1.302,6.096,1.302,6.096,-0.462, 0.116, 0.014,0.000,-0.315,0.000, 0.898, 0.128,-0.014;
4.336,-1.684,4.761,-1.684,4.761,-0.464, 0.112, 0.014,-0.200,-0.400,-0.019, 0.896, 0.140,-0.014;
4.348,-1.657,8.877,-1.657,8.877,-0.464, 0.105, 0.014,0.000,-0.594,0.018, 0.892, 0.155,-0.014;
4.359,-1.634,8.794,-1.634,8.794,-0.464, 0.098, 0.014,0.000,-0.594,0.000, 0.887, 0.169,-0.014;
4.371,-1.361,8.465,-1.361,8.465,-0.464, 0.092, 0.014,0.000,-0.571,0.000, 0.882, 0.183,-0.014;
4.382,0.576,6.520,0.576,6.520,-0.464, 0.087, 0.014,0.000,-0.393,0.000, 0.877, 0.195,-0.014;
4.393,-1.442,8.417,-1.442,8.417,-0.464, 0.080, 0.014,0.000,-0.582,0.000, 0.872, 0.209,-0.014;
4.404,-1.853,8.618,-1.853,8.618,-0.464, 0.074, 0.029,0.000,-0.611,1.321, 0.867, 0.223,-0.029;
4.416,0.742,6.162,0.742,6.162,-0.464, 0.069, 0.014,0.000,-0.383,-1.242, 0.861, 0.235,-0.014;
4.427,-3.941,6.255,-3.941,6.255,-0.466, 0.062, 0.029,-0.204,-0.613,1.287, 0.858, 0.248,-0.029;
4.438,-1.707,8.307,-1.707,8.307,-0.466, 0.056, 0.029,0.000,-0.603,0.037, 0.853, 0.262,-0.029;
4.459,2.641,4.100,2.641,4.100,-0.466, 0.051, 0.014,0.000,-0.211,-0.686, 0.842, 0.279,-0.014;
4.471,-1.337,7.779,-1.337,7.779,-0.466, 0.045, 0.029,0.000,-0.571,1.235, 0.836, 0.292,-0.029;
4.482,-1.392,7.754,-1.392,7.754,-0.466, 0.038, 0.029,0.000,-0.577,0.000, 0.830, 0.306,-0.029;
4.494,-1.328,7.626,-1.328,7.626,-0.466, 0.031, 0.029,0.000,-0.573,0.000, 0.823, 0.319,-0.029;
4.506,0.870,5.541,0.870,5.541,-0.466, 0.027, 0.014,0.000,-0.380,-1.232, 0.817, 0.330,-0.014;
4.517,-1.490,7.653,-1.490,7.653,-0.466, 0.020, 0.029,0.000,-0.590,1.275, 0.810, 0.343,-0.029;
4.529,-1.318,7.412,-1.318,7.412,-0.466, 0.013, 0.029,0.000,-0.575,0.000, 0.804, 0.356,-0.029;
4.541,0.872,5.331,0.872,5.331,-0.466, 0.009, 0.014,0.000,-0.382,-1.240, 0.797, 0.366,-0.014;
4.552,-3.800,5.429,-3.800,5.429,-0.469, 0.002, 0.029,-0.204,-0.612,1.285, 0.792, 0.379,-0.029;
4.563,-1.670,7.574,-1.670,7.574,-0.469,-0.004, 0.029,0.000,-0.611,0.000, 0.786, 0.391,-0.029;
4.575,-0.975,6.844,-0.975,6.844,-0.469,-0.011, 0.029,0.000,-0.549,0.000, 0.778, 0.404,-0.029;
4.586,0.724,5.227,0.724,5.227,-0.469,-0.016, 0.014,0.000,-0.400,-1.280, 0.771, 0.414,-0.014;
4.597,-1.605,7.315,-1.605,7.315,-0.469,-0.022, 0.029,0.000,-0.607,1.295, 0.765, 0.425,-0.029;
4.619,1.636,4.114,1.636,4.114,-0.469,-0.029, 0.029,0.000,-0.310,0.000, 0.751, 0.442,-0.029;
4.630,-1.352,6.867,-1.352,6.867,-0.469,-0.036, 0.029,0.000,-0.583,0.000, 0.743, 0.454,-0.029;
4.642,1.004,4.612,1.004,4.612,-0.469,-0.040, 0.014,0.000,-0.373,-1.194, 0.735, 0.463,-0.014;
4.653,0.634,8.880,0.634,8.880,-0.466,-0.047, 0.029,0.195,-0.585,1.284, 0.725, 0.475,-0.029;
4.665,-1.357,6.631,-1.357,6.631,-0.466,-0.054, 0.029,0.000,-0.583,0.000, 0.718, 0.486,-0.029;
4.677,0.903,4.426,0.903,4.426,-0.466,-0.058, 0.029,0.000,-0.376,0.000, 0.710, 0.495,-0.029;
4.688,-1.510,6.638,-1.510,6.638,-0.466,-0.065, 0.029,0.000,-0.596,-0.037, 0.702, 0.506,-0.029;
4.700,-1.338,6.406,-1.338,6.406,-0.466,-0.071, 0.029,0.000,-0.581,0.000, 0.694, 0.517,-0.029;
4.711,0.617,4.492,0.617,4.492,-0.466,-0.076, 0.029,0.000,-0.402,0.000, 0.686, 0.525,-0.029;
4.722,-1.545,6.467,-1.545,6.467,-0.466,-0.083, 0.029,0.000,-0.600,0.000, 0.678, 0.536,-0.029;
4.734,0.832,4.151,0.832,4.151,-0.466,-0.087, 0.029,0.000,-0.382,0.000, 0.670, 0.544,-0.029;
4.744,0.401,8.705,0.401,8.705,-0.464,-0.094, 0.029,0.204,-0.613,0.038, 0.660, 0.554,-0.029;
4.755,-1.747,6.324,-1.747,6.324,-0.464,-0.100, 0.043,0.000,-0.608,1.315, 0.652, 0.564,-0.043;
4.778,2.752,2.045,2.752,2.045,-0.464,-0.105, 0.029,0.000,-0.202,-0.654, 0.635, 0.575,-0.029;
4.790,-0.992,5.425,-0.992,5.425,-0.464,-0.112, 0.043,0.000,-0.536,1.158, 0.626, 0.585,-0.043;
4.795,-10.982,14.547,-10.982,14.547,-0.464,-0.118, 0.043,0.000,-1.435,0.000, 0.623, 0.593,-0.043;
4.805,0.355,4.138,0.355,4.138,-0.464,-0.123, 0.029,0.000,-0.421,-1.403, 0.615, 0.600,-0.029;
4.817,-1.657,5.885,-1.657,5.885,-0.464,-0.129, 0.043,0.000,-0.597,1.272, 0.606, 0.609,-0.043;
4.838,1.518,2.835,1.518,2.835,-0.464,-0.136, 0.043,0.000,-0.307,0.000, 0.590, 0.620,-0.043;
4.850,-1.535,5.571,-1.535,5.571,-0.464,-0.143, 0.043,0.000,-0.582,0.000, 0.581, 0.629,-0.043;
4.862,0.874,3.289,0.874,3.289,-0.464,-0.147, 0.043,0.000,-0.364,0.000, 0.572, 0.636,-0.043;
4.875,-0.864,4.811,-0.864,4.811,-0.464,-0.154, 0.043,0.000,-0.519,0.000, 0.562, 0.644,-0.043;
4.887,-1.199,5.049,-1.199,5.049,-0.464,-0.161, 0.043,0.000,-0.549,0.000, 0.552, 0.653,-0.043;
4.899,-1.351,5.121,-1.351,5.121,-0.464,-0.167, 0.043,0.000,-0.562,0.000, 0.543, 0.661,-0.043;
4.911,0.451,7.119,0.451,7.119,-0.462,-0.174, 0.058,0.187,-0.560,1.261, 0.532, 0.669,-0.058;
4.923,-1.356,1.058,-1.356,1.058,-0.464,-0.179, 0.043,-0.192,-0.384,-1.296, 0.525, 0.675,-0.043;
4.934,-1.861,5.397,-1.861,5.397,-0.464,-0.185, 0.043,0.000,-0.605,0.000, 0.516, 0.683,-0.043;
4.945,-1.583,5.078,-1.583,5.078,-0.464,-0.192, 0.043,0.000,-0.579,0.000, 0.507, 0.690,-0.043;
4.958,-1.349,4.724,-1.349,4.724,-0.464,-0.199, 0.057,0.000,-0.552,1.174, 0.498, 0.698,-0.057;
4.970,0.466,6.727,0.466,6.727,-0.462,-0.205, 0.058,0.184,-0.552,0.068, 0.486, 0.705,-0.058;
4.981,0.522,2.895,0.522,2.895,-0.462,-0.210, 0.058,0.000,-0.382,0.000, 0.477, 0.710,-0.058;
4.994,-1.257,4.415,-1.257,4.415,-0.462,-0.217, 0.058,0.000,-0.539,0.000, 0.467, 0.716,-0.058;
5.006,-1.482,4.553,-1.482,4.553,-0.462,-0.223, 0.058,0.000,-0.558,0.000, 0.457, 0.723,-0.058;
5.017,-1.748,4.731,-1.748,4.731,-0.462,-0.230, 0.058,0.000,-0.581,0.000, 0.448, 0.730,-0.058;
5.028,0.208,2.935,0.208,2.935,-0.462,-0.234, 0.058,0.000,-0.405,0.000, 0.440, 0.734,-0.058;
5.040,-1.595,4.480,-1.595,4.480,-0.462,-0.241, 0.058,0.000,-0.565,0.000, 0.430, 0.740,-0.058;
5.051,-2.027,4.810,-2.027,4.810,-0.462,-0.248, 0.058,0.000,-0.602,0.000, 0.422, 0.746,-0.058;
5.063,-1.937,4.675,-1.937,4.675,-0.462,-0.254, 0.058,0.000,-0.594,0.000, 0.413, 0.752,-0.058;
5.075,-1.574,4.225,-1.574,4.225,-0.462,-0.261, 0.072,0.000,-0.555,1.197, 0.404, 0.758,-0.072;
5.086,-1.781,4.342,-1.781,4.342,-0.462,-0.268, 0.072,0.000,-0.573,0.000, 0.394, 0.763,-0.072;
5.108,2.314,0.676,2.314,0.676,-0.462,-0.272, 0.058,0.000,-0.209,-0.676, 0.378, 0.765,-0.058;
5.120,-1.593,4.101,-1.593,4.101,-0.462,-0.279, 0.058,0.000,-0.555,0.000, 0.369, 0.770,-0.058;
5.132,-1.543,4.001,-1.543,4.001,-0.462,-0.286, 0.058,0.000,-0.549,0.000, 0.359, 0.775,-0.058;
5.143,-2.170,4.432,-2.170,4.432,-0.462,-0.292, 0.072,0.000,-0.599,1.291, 0.351, 0.780,-0.072;
5.155,-1.885,4.127,-1.885,4.127,-0.462,-0.299, 0.072,0.000,-0.573,0.000, 0.342, 0.784,-0.072;
5.166,0.263,2.238,0.263,2.238,-0.462,-0.304, 0.058,0.000,-0.385,-1.244, 0.333, 0.787,-0.058;
5.178,-1.882,4.105,-1.882,4.105,-0.462,-0.310, 0.058,0.000,-0.575,0.000, 0.324, 0.791,-0.058;
5.191,-1.311,3.487,-1.311,3.487,-0.462,-0.317, 0.072,0.000,-0.518,1.117, 0.314, 0.795,-0.072;
5.202,-2.193,4.198,-2.193,4.198,-0.462,-0.324, 0.072,0.000,-0.595,0.000, 0.306, 0.799,-0.072;
5.213,0.052,2.235,0.052,2.235,-0.462,-0.328, 0.058,0.000,-0.399,-1.289, 0.297, 0.800,-0.058;
5.225,-2.225,4.229,-2.225,4.229,-0.462,-0.335, 0.057,0.000,-0.601,-0.074, 0.289, 0.804,-0.057;
5.236,-2.250,4.210,-2.250,4.210,-0.462,-0.341, 0.057,0.000,-0.602,0.000, 0.281, 0.808,-0.057;
5.247,-0.411,6.535,-0.411,6.535,-0.460,-0.348, 0.072,0.203,-0.610,1.391, 0.271, 0.811,-0.072;
5.258,-2.401,4.146,-2.401,4.146,-0.460,-0.355, 0.072,0.000,-0.608,0.000, 0.263, 0.814,-0.072;
5.269,0.036,2.018,0.036,2.018,-0.460,-0.359, 0.058,0.000,-0.394,-1.275, 0.255, 0.815,-0.058;
5.290,0.914,1.169,0.914,1.169,-0.460,-0.366, 0.058,0.000,-0.312,0.000, 0.239, 0.815,-0.058;
5.303,-1.860,3.535,-1.860,3.535,-0.460,-0.373, 0.072,0.000,-0.553,1.192, 0.231, 0.817,-0.072;
5.313,-2.626,4.155,-2.626,4.155,-0.460,-0.379, 0.072,0.000,-0.619,0.000, 0.223, 0.820,-0.072;
5.325,-2.118,3.679,-2.118,3.679,-0.460,-0.386, 0.072,0.000,-0.574,0.000, 0.215, 0.822,-0.072;
5.337,-2.265,3.772,-2.265,3.772,-0.460,-0.393, 0.072,0.000,-0.586,0.000, 0.208, 0.825,-0.072;
5.348,-0.211,1.964,-0.211,1.964,-0.460,-0.397, 0.072,0.000,-0.404,0.000, 0.200, 0.825,-0.072;
5.359,-2.273,3.715,-2.273,3.715,-0.460,-0.404, 0.072,0.000,-0.584,0.000, 0.193, 0.827,-0.072;
5.372,-1.673,3.166,-1.673,3.166,-0.460,-0.411, 0.071,0.000,-0.531,-0.082, 0.184, 0.828,-0.071;
5.383,-0.563,6.186,-0.563,6.186,-0.458,-0.417, 0.072,0.202,-0.607,0.093, 0.175, 0.830,-0.072;
5.394,-2.418,3.724,-2.418,3.724,-0.458,-0.424, 0.072,0.000,-0.594,0.000, 0.168, 0.831,-0.072;
5.405,-0.184,1.764,-0.184,1.764,-0.458,-0.429, 0.072,0.000,-0.396,0.000, 0.160, 0.831,-0.072;
5.417,-2.343,3.610,-2.343,3.610,-0.458,-0.435, 0.071,0.000,-0.585,-0.090, 0.153, 0.832,-0.071;
5.428,1.809,3.905,1.809,3.905,-0.455,-0.440, 0.058,0.197,-0.393,-1.180, 0.144, 0.831,-0.058;
5.449,0.675,0.903,0.675,0.903,-0.455,-0.446, 0.072,0.000,-0.314,0.677, 0.131, 0.827,-0.072;
5.461,-2.240,3.398,-2.240,3.398,-0.455,-0.453, 0.072,0.000,-0.569,0.000, 0.124, 0.828,-0.072;
5.474,-0.041,4.943,-0.041,4.943,-0.453,-0.460, 0.072,0.175,-0.525,0.000, 0.114, 0.828,-0.072;
5.486,-0.054,1.439,-0.054,1.439,-0.453,-0.464, 0.072,0.000,-0.373,0.000, 0.108, 0.826,-0.072;
5.498,-2.049,3.144,-2.049,3.144,-0.453,-0.471, 0.072,0.000,-0.547,0.000, 0.101, 0.826,-0.072;
5.510,0.012,1.343,0.012,1.343,-0.453,-0.475, 0.072,0.000,-0.365,0.000, 0.094, 0.823,-0.072;
5.522,-0.561,5.666,-0.561,5.666,-0.451,-0.482, 0.072,0.194,-0.582,0.000, 0.085, 0.823,-0.072;
5.534,-2.297,3.218,-2.297,3.218,-0.451,-0.489, 0.087,0.000,-0.562,1.208, 0.079, 0.823,-0.087;
5.546,1.701,3.508,1.701,3.508,-0.449,-0.493, 0.073,0.187,-0.374,-1.117, 0.071, 0.821,-0.073;
5.558,-2.314,3.180,-2.314,3.180,-0.449,-0.500, 0.087,0.000,-0.560,1.116, 0.065, 0.820,-0.087;
5.569,1.553,3.764,1.553,3.764,-0.446,-0.504, 0.073,0.196,-0.391,-1.170, 0.057, 0.818,-0.073;
5.580,-0.439,1.578,-0.439,1.578,-0.446,-0.509, 0.072,0.000,-0.396,-0.094, 0.051, 0.815,-0.072;
