0.000,0.000,0.000,0.000,0.000, 0.000, 0.000, 0.000,0.000,0.000,0.000, 0.000, 0.000, 0.000;
6.859,-6.326,4.912,3.669,-5.083,-0.050, 0.174, 2.047,0.000,0.000,0.000,-0.225, 0.243,-1.733;
6.869,-6.330,4.914,3.665,-5.081,-0.050, 0.174, 2.047,0.000,0.000,0.000,-0.227, 0.242,-1.733;
6.876,-6.333,4.915,3.662,-5.080,-0.050, 0.174, 2.047,0.000,0.000,0.000,-0.227, 0.242,-1.733;
6.886,-6.337,4.917,3.657,-5.078,-0.050, 0.174, 2.047,0.000,0.000,0.000,-0.229, 0.241,-1.733;
6.899,-6.343,4.920,3.652,-5.075,-0.050, 0.174, 2.047,0.000,0.000,0.000,-0.230, 0.240,-1.733;
6.911,-6.348,4.922,3.647,-5.073,-0.050, 0.174, 2.047,0.000,0.000,0.000,-0.232, 0.238,-1.733;
6.923,-6.354,4.925,3.641,-5.070,-0.050, 0.174, 2.047,0.000,0.000,0.000,-0.234, 0.237,-1.733;
6.936,-6.359,4.927,3.636,-5.068,-0.050, 0.174, 2.047,0.000,0.000,0.000,-0.235, 0.236,-1.733;
6.948,-6.364,4.930,3.631,-5.065,-0.050, 0.174, 2.047,0.000,0.000,0.000,-0.237, 0.235,-1.733;
6.960,-6.369,4.932,3.625,-5.063,-0.050, 0.174, 2.047,0.000,0.000,0.000,-0.238, 0.234,-1.733;
6.973,-6.375,4.935,3.620,-5.060,-0.050, 0.174, 2.047,0.000,0.000,0.000,-0.240, 0.233,-1.733;
6.985,-6.380,4.937,3.615,-5.057,-0.050, 0.174, 2.047,0.000,0.000,0.000,-0.242, 0.232,-1.733;
7.000,-6.386,4.941,3.608,-5.054,-0.050, 0.174, 2.047,0.000,0.000,0.000,-0.243, 0.230,-1.733;
7.014,-6.392,4.943,3.603,-5.051,-0.050, 0.174, 2.047,0.000,0.000,0.000,-0.245, 0.229,-1.733;
7.027,-6.398,4.946,3.597,-5.048,-0.050, 0.174, 2.047,0.000,0.000,0.000,-0.247, 0.228,-1.733;
7.032,-6.400,4.947,3.595,-5.047,-0.050, 0.174, 2.047,0.000,0.000,0.000,-0.248, 0.227,-1.733;
7.044,-6.405,4.950,3.590,-5.045,-0.050, 0.174, 2.047,0.000,0.000,0.000,-0.249, 0.226,-1.733;
7.058,-6.411,4.953,3.584,-5.042,-0.050, 0.174, 2.047,0.000,0.000,0.000,-0.251, 0.225,-1.733;
7.070,-6.416,4.956,3.579,-5.039,-0.050, 0.174, 2.047,0.000,0.000,0.000,-0.252, 0.224,-1.733;
7.084,-6.422,4.959,3.573,-5.036,-0.050, 0.174, 2.047,0.000,0.000,0.000,-0.254, 0.223,-1.733;
7.097,-6.427,4.962,3.567,-5.033,-0.050, 0.174, 2.047,0.000,0.000,0.000,-0.256, 0.221,-1.733;
7.112,-6.434,4.965,3.561,-5.030,-0.050, 0.174, 2.047,0.000,0.000,0.000,-0.258, 0.220,-1.733;
7.126,-6.439,4.968,3.555,-5.026,-0.050, 0.174, 2.047,0.000,0.000,0.000,-0.259, 0.218,-1.733;
7.132,-6.442,4.970,3.553,-5.025,-0.050, 0.174, 2.047,0.000,0.000,0.000,-0.260, 0.218,-1.733;
7.144,-6.447,4.972,3.548,-5.022,-0.050, 0.174, 2.047,0.000,0.000,0.000,-0.261, 0.217,-1.733;
7.157,-6.452,4.975,3.543,-5.019,-0.050, 0.174, 2.047,0.000,0.000,0.000,-0.263, 0.215,-1.733;
7.169,-6.457,4.978,3.538,-5.017,-0.050, 0.174, 2.047,0.000,0.000,0.000,-0.264, 0.214,-1.733;
7.181,-6.462,4.981,3.533,-5.014,-0.050, 0.174, 2.047,0.000,0.000,0.000,-0.266, 0.213,-1.733;
7.194,-6.467,4.984,3.527,-5.011,-0.050, 0.174, 2.047,0.000,0.000,0.000,-0.268, 0.212,-1.733;
7.207,-6.473,4.987,3.522,-5.008,-0.050, 0.174, 2.047,0.000,0.000,0.000,-0.269, 0.211,-1.733;
7.222,-6.479,4.991,3.516,-5.004,-0.050, 0.174, 2.047,0.000,0.000,0.000,-0.271, 0.209,-1.733;
7.234,-6.484,4.994,3.511,-5.001,-0.050, 0.174, 2.047,0.000,0.000,0.000,-0.272, 0.208,-1.733;
7.247,-6.489,4.997,3.506,-4.998,-0.050, 0.174, 2.047,0.000,0.000,0.000,-0.274, 0.206,-1.733;
7.261,-6.495,5.000,3.500,-4.995,-0.050, 0.174, 2.047,0.000,0.000,0.000,-0.276, 0.205,-1.733;
7.267,-6.497,5.002,3.498,-4.993,-0.050, 0.174, 2.047,0.000,0.000,0.000,-0.276, 0.204,-1.733;
7.278,-6.502,5.005,3.493,-4.990,-0.050, 0.174, 2.047,0.000,0.000,0.000,-0.278, 0.203,-1.733;
7.291,-6.507,5.008,3.488,-4.987,-0.050, 0.174, 2.047,0.000,0.000,0.000,-0.279, 0.202,-1.733;
7.305,-6.513,5.011,3.482,-4.983,-0.050, 0.174, 2.047,0.000,0.000,0.000,-0.281, 0.200,-1.733;
7.317,-6.518,5.014,3.477,-4.980,-0.050, 0.174, 2.047,0.000,0.000,0.000,-0.282, 0.199,-1.733;
7.331,-6.523,5.018,3.472,-4.977,-0.050, 0.174, 2.047,0.000,0.000,0.000,-0.284, 0.198,-1.733;
7.344,-6.528,5.021,3.466,-4.974,-0.050, 0.174, 2.047,0.000,0.000,0.000,-0.285, 0.196,-1.733;
7.362,-6.535,5.026,3.459,-4.969,-0.050, 0.174, 2.047,0.000,0.000,0.000,-0.287, 0.195,-1.733;
7.378,-6.542,5.030,3.453,-4.965,-0.050, 0.174, 2.047,0.000,0.000,0.000,-0.289, 0.193,-1.733;
7.385,-6.545,5.032,3.450,-4.963,-0.050, 0.174, 2.047,0.000,0.000,0.000,-0.290, 0.192,-1.733;
7.398,-6.550,5.035,3.445,-4.960,-0.050, 0.174, 2.047,0.000,0.000,0.000,-0.292, 0.191,-1.733;
7.404,-6.552,5.037,3.443,-4.958,-0.050, 0.174, 2.047,0.000,0.000,0.000,-0.292, 0.190,-1.733;
7.414,-6.556,5.039,3.439,-4.955,-0.050, 0.174, 2.047,0.000,0.000,0.000,-0.293, 0.189,-1.733;
7.425,-6.560,5.042,3.434,-4.952,-0.050, 0.174, 2.047,0.000,0.000,0.000,-0.295, 0.188,-1.733;
7.438,-6.566,5.046,3.429,-4.949,-0.050, 0.174, 2.047,0.000,0.000,0.000,-0.296, 0.186,-1.733;
7.456,-6.573,5.051,3.422,-4.944,-0.050, 0.174, 2.047,0.000,0.000,0.000,-0.298, 0.184,-1.733;
7.468,-6.577,5.054,3.418,-4.941,-0.050, 0.174, 2.047,0.000,0.000,0.000,-0.299, 0.183,-1.733;
7.477,-6.581,5.057,3.414,-4.938,-0.050, 0.174, 2.047,0.000,0.000,0.000,-0.301, 0.182,-1.733;
7.489,-6.585,5.060,3.410,-4.935,-0.050, 0.174, 2.047,0.000,0.000,0.000,-0.302, 0.181,-1.733;
7.499,-6.589,5.063,3.405,-4.932,-0.050, 0.174, 2.047,0.000,0.000,0.000,-0.303, 0.180,-1.733;
7.512,-6.594,5.066,3.400,-4.929,-0.050, 0.174, 2.047,0.000,0.000,0.000,-0.304, 0.178,-1.733;
7.530,-6.601,5.071,3.393,-4.924,-0.050, 0.174, 2.047,0.000,0.000,0.000,-0.306, 0.176,-1.733;
7.535,-6.603,5.073,3.391,-4.922,-0.050, 0.174, 2.047,0.000,0.000,0.000,-0.307, 0.176,-1.733;
7.548,-6.608,5.076,3.386,-4.918,-0.050, 0.174, 2.047,0.000,0.000,0.000,-0.308, 0.174,-1.733;
7.561,-6.613,5.080,3.382,-4.915,-0.050, 0.174, 2.047,0.000,0.000,0.000,-0.310, 0.173,-1.733;
7.573,-6.618,5.083,3.377,-4.912,-0.050, 0.174, 2.047,0.000,0.000,0.000,-0.311, 0.171,-1.733;
7.587,-6.623,5.087,3.372,-4.908,-0.050, 0.174, 2.047,0.000,0.000,0.000,-0.313, 0.170,-1.733;
7.600,-6.628,5.091,3.367,-4.904,-0.050, 0.174, 2.047,0.000,0.000,0.000,-0.314, 0.168,-1.733;
7.613,-6.633,5.095,3.362,-4.900,-0.050, 0.174, 2.047,0.000,0.000,0.000,-0.315, 0.167,-1.733;
7.626,-6.638,5.099,3.357,-4.896,-0.050, 0.174, 2.047,0.000,0.000,0.000,-0.317, 0.165,-1.733;
7.631,-6.640,5.100,3.355,-4.895,-0.050, 0.174, 2.047,0.000,0.000,0.000,-0.317, 0.165,-1.733;
7.645,-6.645,5.104,3.350,-4.891,-0.050, 0.174, 2.047,0.000,0.000,0.000,-0.319, 0.163,-1.733;
7.656,-6.649,5.107,3.346,-4.887,-0.050, 0.174, 2.047,0.000,0.000,0.000,-0.320, 0.162,-1.733;
7.669,-6.654,5.111,3.341,-4.884,-0.050, 0.174, 2.047,0.000,0.000,0.000,-0.321, 0.160,-1.733;
7.681,-6.658,5.115,3.337,-4.880,-0.050, 0.174, 2.047,0.000,0.000,0.000,-0.323, 0.159,-1.733;
7.694,-6.663,5.119,3.332,-4.876,-0.050, 0.174, 2.047,0.000,0.000,0.000,-0.324, 0.157,-1.733;
7.706,-6.667,5.122,3.327,-4.873,-0.050, 0.174, 2.047,0.000,0.000,0.000,-0.325, 0.156,-1.733;
7.719,-6.672,5.126,3.323,-4.869,-0.050, 0.174, 2.047,0.000,0.000,0.000,-0.326, 0.154,-1.733;
7.731,-6.677,5.130,3.318,-4.865,-0.050, 0.174, 2.047,0.000,0.000,0.000,-0.328, 0.153,-1.733;
7.744,-6.681,5.134,3.313,-4.861,-0.050, 0.174, 2.047,0.000,0.000,0.000,-0.329, 0.151,-1.733;
7.759,-6.687,5.138,3.308,-4.856,-0.050, 0.174, 2.047,0.000,0.000,0.000,-0.331, 0.150,-1.733;
7.771,-6.691,5.142,3.304,-4.853,-0.050, 0.174, 2.047,0.000,0.000,0.000,-0.332, 0.148,-1.733;
7.783,-6.695,5.146,3.299,-4.849,-0.050, 0.174, 2.047,0.000,0.000,0.000,-0.333, 0.147,-1.733;
7.796,-6.700,5.150,3.295,-4.845,-0.050, 0.174, 2.047,0.000,0.000,0.000,-0.334, 0.145,-1.733;
7.809,-6.705,5.154,3.290,-4.841,-0.050, 0.174, 2.047,0.000,0.000,0.000,-0.336, 0.144,-1.733;
7.824,-6.710,5.159,3.284,-4.836,-0.050, 0.174, 2.047,0.000,0.000,0.000,-0.337, 0.142,-1.733;
7.831,-6.713,5.161,3.282,-4.834,-0.050, 0.174, 2.047,0.000,0.000,0.000,-0.338, 0.141,-1.733;
7.840,-6.716,5.163,3.279,-4.831,-0.050, 0.174, 2.047,0.000,0.000,0.000,-0.339, 0.140,-1.733;
7.853,-6.720,5.168,3.274,-4.827,-0.050, 0.174, 2.047,0.000,0.000,0.000,-0.340, 0.138,-1.733;
7.865,-6.725,5.171,3.270,-4.823,-0.050, 0.174, 2.047,0.000,0.000,0.000,-0.341, 0.137,-1.733;
7.877,-6.729,5.175,3.266,-4.819,-0.050, 0.174, 2.047,0.000,0.000,0.000,-0.342, 0.135,-1.733;
7.890,-6.734,5.179,3.261,-4.815,-0.050, 0.174, 2.047,0.000,0.000,0.000,-0.344, 0.134,-1.733;
7.903,-6.738,5.184,3.257,-4.811,-0.050, 0.174, 2.047,0.000,0.000,0.000,-0.345, 0.132,-1.733;
7.915,-6.742,5.188,3.252,-4.807,-0.050, 0.174, 2.047,0.000,0.000,0.000,-0.346, 0.131,-1.733;
7.928,-6.747,5.192,3.248,-4.803,-0.050, 0.174, 2.047,0.000,0.000,0.000,-0.347, 0.129,-1.733;
7.940,-6.751,5.196,3.244,-4.799,-0.050, 0.174, 2.047,0.000,0.000,0.000,-0.348, 0.127,-1.733;
7.955,-6.756,5.200,3.239,-4.794,-0.050, 0.174, 2.047,0.000,0.000,0.000,-0.350, 0.126,-1.733;
7.966,-6.760,5.204,3.235,-4.791,-0.050, 0.174, 2.047,0.000,0.000,0.000,-0.351, 0.124,-1.733;
7.979,-6.764,5.209,3.230,-4.786,-0.050, 0.174, 2.047,0.000,0.000,0.000,-0.352, 0.122,-1.733;
7.992,-6.769,5.213,3.226,-4.782,-0.050, 0.174, 2.047,0.000,0.000,0.000,-0.353, 0.121,-1.733;
8.005,-6.773,5.217,3.221,-4.778,-0.050, 0.174, 2.047,0.000,0.000,0.000,-0.355, 0.119,-1.733;
8.012,-6.776,5.219,3.219,-4.775,-0.050, 0.174, 2.047,0.000,0.000,0.000,-0.355, 0.118,-1.733;
8.025,-6.780,5.224,3.215,-4.771,-0.050, 0.174, 2.047,0.000,0.000,0.000,-0.356, 0.117,-1.733;
8.041,-6.785,5.229,3.210,-4.766,-0.050, 0.174, 2.047,0.000,0.000,0.000,-0.358, 0.115,-1.733;
8.055,-6.790,5.234,3.205,-4.761,-0.050, 0.174, 2.047,0.000,0.000,0.000,-0.359, 0.113,-1.733;
8.060,-6.792,5.235,3.203,-4.759,-0.050, 0.174, 2.047,0.000,0.000,0.000,-0.359, 0.112,-1.733;
8.073,-6.796,5.240,3.199,-4.755,-0.050, 0.174, 2.047,0.000,0.000,0.000,-0.361, 0.110,-1.733;
8.088,-6.801,5.245,3.194,-4.750,-0.050, 0.174, 2.047,0.000,0.000,0.000,-0.362, 0.108,-1.733;
8.103,-6.806,5.250,3.189,-4.744,-0.050, 0.174, 2.047,0.000,0.000,0.000,-0.363, 0.107,-1.733;
8.113,-6.809,5.254,3.186,-4.741,-0.050, 0.174, 2.047,0.000,0.000,0.000,-0.364, 0.105,-1.733;
8.126,-6.813,5.258,3.182,-4.737,-0.050, 0.174, 2.047,0.000,0.000,0.000,-0.365, 0.104,-1.733;
8.134,-6.816,5.261,3.179,-4.734,-0.050, 0.174, 2.047,0.000,0.000,0.000,-0.366, 0.103,-1.733;
8.147,-6.820,5.266,3.174,-4.729,-0.050, 0.174, 2.047,0.000,0.000,0.000,-0.367, 0.101,-1.733;
8.159,-6.824,5.270,3.171,-4.725,-0.050, 0.174, 2.047,0.000,0.000,0.000,-0.368, 0.099,-1.733;
8.174,-6.829,5.275,3.166,-4.720,-0.050, 0.174, 2.047,0.000,0.000,0.000,-0.369, 0.097,-1.733;
8.189,-6.834,5.280,3.161,-4.714,-0.050, 0.174, 2.047,0.000,0.000,0.000,-0.371, 0.095,-1.733;
8.195,-6.835,5.282,3.159,-4.713,-0.050, 0.174, 2.047,0.000,0.000,0.000,-0.371, 0.095,-1.733;
8.210,-6.840,5.288,3.155,-4.707,-0.050, 0.174, 2.047,0.000,0.000,0.000,-0.372, 0.093,-1.733;
8.222,-6.844,5.292,3.151,-4.703,-0.050, 0.174, 2.047,0.000,0.000,0.000,-0.374, 0.091,-1.733;
8.236,-6.848,5.297,3.146,-4.698,-0.050, 0.174, 2.047,0.000,0.000,0.000,-0.375, 0.089,-1.733;
8.249,-6.852,5.301,3.142,-4.693,-0.050, 0.174, 2.047,0.000,0.000,0.000,-0.376, 0.087,-1.733;
8.261,-6.856,5.306,3.138,-4.689,-0.050, 0.174, 2.047,0.000,0.000,0.000,-0.377, 0.086,-1.733;
8.277,-6.861,5.312,3.134,-4.683,-0.050, 0.174, 2.047,0.000,0.000,0.000,-0.378, 0.084,-1.733;
8.283,-6.863,5.314,3.132,-4.681,-0.050, 0.174, 2.047,0.000,0.000,0.000,-0.379, 0.083,-1.733;
8.294,-6.867,5.318,3.128,-4.677,-0.050, 0.174, 2.047,0.000,0.000,0.000,-0.379, 0.081,-1.733;
8.308,-6.871,5.323,3.124,-4.672,-0.050, 0.174, 2.047,0.000,0.000,0.000,-0.381, 0.079,-1.733;
8.321,-6.875,5.328,3.120,-4.667,-0.050, 0.174, 2.047,0.000,0.000,0.000,-0.382, 0.078,-1.733;
8.336,-6.879,5.333,3.116,-4.662,-0.050, 0.174, 2.047,0.000,0.000,0.000,-0.383, 0.076,-1.733;
8.344,-6.882,5.336,3.113,-4.659,-0.050, 0.174, 2.047,0.000,0.000,0.000,-0.383, 0.074,-1.733;
8.357,-6.886,5.341,3.109,-4.654,-0.050, 0.174, 2.047,0.000,0.000,0.000,-0.384, 0.073,-1.733;
8.372,-6.890,5.346,3.105,-4.649,-0.050, 0.174, 2.047,0.000,0.000,0.000,-0.386, 0.071,-1.733;
8.386,-6.894,5.352,3.101,-4.643,-0.050, 0.174, 2.047,0.000,0.000,0.000,-0.387, 0.069,-1.733;
8.395,-6.897,5.355,3.098,-4.640,-0.050, 0.174, 2.047,0.000,0.000,0.000,-0.387, 0.067,-1.733;
8.404,-6.899,5.358,3.095,-4.637,-0.050, 0.174, 2.047,0.000,0.000,0.000,-0.388, 0.066,-1.733;
8.416,-6.903,5.363,3.092,-4.632,-0.050, 0.174, 2.047,0.000,0.000,0.000,-0.389, 0.065,-1.733;
8.428,-6.907,5.367,3.088,-4.627,-0.050, 0.174, 2.047,0.000,0.000,0.000,-0.390, 0.063,-1.733;
8.441,-6.910,5.372,3.085,-4.623,-0.050, 0.174, 2.047,0.000,0.000,0.000,-0.391, 0.061,-1.733;
8.457,-6.915,5.378,3.080,-4.617,-0.050, 0.174, 2.047,0.000,0.000,0.000,-0.392, 0.059,-1.733;
8.468,-6.918,5.383,3.077,-4.612,-0.050, 0.174, 2.047,0.000,0.000,0.000,-0.393, 0.057,-1.733;
8.494,-6.926,5.392,3.069,-4.602,-0.050, 0.174, 2.047,0.000,0.000,0.000,-0.395, 0.054,-1.733;
8.500,-6.927,5.395,3.068,-4.600,-0.050, 0.174, 2.047,0.000,0.000,0.000,-0.395, 0.053,-1.733;
8.506,-6.929,5.397,3.066,-4.598,-0.050, 0.174, 2.047,0.000,0.000,0.000,-0.395, 0.052,-1.733;
8.527,-6.935,5.405,3.060,-4.590,-0.050, 0.174, 2.047,0.000,0.000,0.000,-0.397, 0.049,-1.733;
8.542,-6.939,5.411,3.056,-4.584,-0.050, 0.174, 2.047,0.000,0.000,0.000,-0.398, 0.047,-1.733;
8.558,-6.943,5.417,3.051,-4.578,-0.050, 0.174, 2.047,0.000,0.000,0.000,-0.399, 0.045,-1.733;
8.567,-6.946,5.420,3.049,-4.575,-0.050, 0.174, 2.047,0.000,0.000,0.000,-0.400, 0.044,-1.733;
8.594,-6.953,5.431,3.042,-4.564,-0.050, 0.174, 2.047,0.000,0.000,0.000,-0.402, 0.040,-1.733;
8.603,-6.956,5.434,3.039,-4.561,-0.050, 0.174, 2.047,0.000,0.000,0.000,-0.402, 0.038,-1.733;
8.623,-6.961,5.442,3.034,-4.553,-0.050, 0.174, 2.047,0.000,0.000,0.000,-0.403, 0.036,-1.733;
8.642,-6.966,5.450,3.029,-4.545,-0.050, 0.174, 2.047,0.000,0.000,0.000,-0.405, 0.033,-1.733;
8.658,-6.970,5.456,3.024,-4.539,-0.050, 0.174, 2.047,0.000,0.000,0.000,-0.406, 0.031,-1.733;
8.673,-6.974,5.462,3.021,-4.533,-0.050, 0.174, 2.047,0.000,0.000,0.000,-0.407, 0.028,-1.733;
8.679,-6.976,5.464,3.019,-4.531,-0.050, 0.174, 2.047,0.000,0.000,0.000,-0.407, 0.028,-1.733;
8.683,-6.977,5.466,3.018,-4.529,-0.050, 0.174, 2.047,0.000,0.000,0.000,-0.407, 0.027,-1.733;
8.697,-6.981,5.472,3.014,-4.523,-0.050, 0.174, 2.047,0.000,0.000,0.000,-0.408, 0.025,-1.733;
8.705,-6.983,5.475,3.012,-4.520,-0.050, 0.174, 2.047,0.000,0.000,0.000,-0.409, 0.024,-1.733;
8.715,-6.985,5.479,3.010,-4.516,-0.050, 0.174, 2.047,0.000,0.000,0.000,-0.409, 0.022,-1.733;
8.720,-6.986,5.481,3.008,-4.514,-0.050, 0.174, 2.047,0.000,0.000,0.000,-0.410, 0.022,-1.733;
8.728,-6.989,5.484,3.006,-4.511,-0.050, 0.174, 2.047,0.000,0.000,0.000,-0.410, 0.020,-1.733;
8.740,-6.991,5.489,3.003,-4.506,-0.050, 0.174, 2.047,0.000,0.000,0.000,-0.411, 0.019,-1.733;
8.745,-6.993,5.491,3.002,-4.504,-0.050, 0.174, 2.047,0.000,0.000,0.000,-0.411, 0.018,-1.733;
8.752,-6.995,5.494,3.000,-4.501,-0.050, 0.174, 2.047,0.000,0.000,0.000,-0.412, 0.017,-1.733;
8.765,-6.998,5.499,2.997,-4.496,-0.050, 0.174, 2.047,0.000,0.000,0.000,-0.412, 0.015,-1.733;
8.776,-7.001,5.503,2.994,-4.492,-0.050, 0.174, 2.047,0.000,0.000,0.000,-0.413, 0.013,-1.733;
8.789,-7.004,5.508,2.991,-4.486,-0.050, 0.174, 2.047,0.000,0.000,0.000,-0.414, 0.012,-1.733;
8.799,-7.006,5.513,2.989,-4.482,-0.050, 0.174, 2.047,0.000,0.000,0.000,-0.414, 0.010,-1.733;
8.814,-7.010,5.519,2.985,-4.476,-0.050, 0.174, 2.047,0.000,0.000,0.000,-0.415, 0.008,-1.733;
8.843,-7.017,5.531,2.978,-4.464,-0.050, 0.174, 2.047,0.000,0.000,0.000,-0.417, 0.004,-1.733;
8.847,-7.018,5.532,2.977,-4.463,-0.050, 0.174, 2.047,0.000,0.000,0.000,-0.417, 0.003,-1.733;
8.857,-7.020,5.537,2.974,-4.458,-0.050, 0.174, 2.047,0.000,0.000,0.000,-0.418, 0.002,-1.733;
8.875,-7.025,5.544,2.970,-4.451,-0.050, 0.174, 2.047,0.000,0.000,0.000,-0.419,-0.001,-1.733;
8.880,-7.026,5.546,2.969,-4.449,-0.050, 0.174, 2.047,0.000,0.000,0.000,-0.419,-0.002,-1.733;
8.898,-7.030,5.553,2.965,-4.442,-0.050, 0.174, 2.047,0.000,0.000,0.000,-0.420,-0.004,-1.733;
8.913,-7.033,5.560,2.961,-4.435,-0.050, 0.174, 2.047,0.000,0.000,0.000,-0.421,-0.007,-1.733;
8.923,-7.036,5.564,2.959,-4.431,-0.050, 0.174, 2.047,0.000,0.000,0.000,-0.421,-0.008,-1.733;
8.933,-7.038,5.568,2.957,-4.427,-0.050, 0.174, 2.047,0.000,0.000,0.000,-0.422,-0.010,-1.733;
8.940,-7.040,5.571,2.955,-4.424,-0.050, 0.174, 2.047,0.000,0.000,0.000,-0.422,-0.011,-1.733;
8.954,-7.043,5.576,2.952,-4.418,-0.050, 0.174, 2.047,0.000,0.000,0.000,-0.423,-0.013,-1.733;
8.960,-7.044,5.579,2.951,-4.416,-0.050, 0.174, 2.047,0.000,0.000,0.000,-0.423,-0.014,-1.733;
8.968,-7.046,5.582,2.949,-4.412,-0.050, 0.174, 2.047,0.000,0.000,0.000,-0.423,-0.015,-1.733;
8.983,-7.049,5.589,2.946,-4.406,-0.050, 0.174, 2.047,0.000,0.000,0.000,-0.424,-0.017,-1.733;
8.995,-7.052,5.594,2.943,-4.401,-0.050, 0.174, 2.047,0.000,0.000,0.000,-0.425,-0.019,-1.733;
9.010,-7.055,5.600,2.940,-4.395,-0.050, 0.174, 2.047,0.000,0.000,0.000,-0.426,-0.021,-1.733;
9.023,-7.058,5.606,2.937,-4.389,-0.050, 0.174, 2.047,0.000,0.000,0.000,-0.426,-0.023,-1.733;
9.029,-7.059,5.608,2.936,-4.387,-0.050, 0.174, 2.047,0.000,0.000,0.000,-0.426,-0.024,-1.733;
9.039,-7.061,5.612,2.933,-4.383,-0.050, 0.174, 2.047,0.000,0.000,0.000,-0.427,-0.025,-1.733;
9.051,-7.064,5.617,2.931,-4.378,-0.050, 0.174, 2.047,0.000,0.000,0.000,-0.427,-0.027,-1.733;
9.063,-7.066,5.622,2.928,-4.372,-0.050, 0.174, 2.047,0.000,0.000,0.000,-0.428,-0.029,-1.733;
9.078,-7.070,5.629,2.925,-4.366,-0.050, 0.174, 2.047,0.000,0.000,0.000,-0.429,-0.031,-1.733;
9.094,-7.073,5.636,2.922,-4.359,-0.050, 0.174, 2.047,0.000,0.000,0.000,-0.429,-0.034,-1.733;
9.099,-7.074,5.638,2.921,-4.357,-0.050, 0.174, 2.047,0.000,0.000,0.000,-0.430,-0.034,-1.733;
9.111,-7.077,5.643,2.918,-4.351,-0.050, 0.174, 2.047,0.000,0.000,0.000,-0.430,-0.036,-1.733;
9.123,-7.079,5.648,2.916,-4.346,-0.050, 0.174, 2.047,0.000,0.000,0.000,-0.431,-0.038,-1.733;
9.137,-7.082,5.654,2.913,-4.340,-0.050, 0.174, 2.047,0.000,0.000,0.000,-0.431,-0.040,-1.733;
9.152,-7.085,5.661,2.910,-4.334,-0.050, 0.174, 2.047,0.000,0.000,0.000,-0.432,-0.042,-1.733;
9.166,-7.088,5.667,2.907,-4.328,-0.050, 0.174, 2.047,0.000,0.000,0.000,-0.432,-0.045,-1.733;
9.182,-7.091,5.674,2.904,-4.321,-0.050, 0.174, 2.047,0.000,0.000,0.000,-0.433,-0.047,-1.733;
9.192,-10.606,2.196,-0.685,-7.725,-0.052, 0.174, 2.034,-0.182,0.000,-1.342,-0.432,-0.048,-1.720;
9.203,-4.214,8.559,5.781,-1.436,-0.050, 0.174, 2.047,0.157,0.000,1.155,-0.434,-0.050,-1.733;
9.217,-7.097,5.689,2.897,-4.306,-0.050, 0.174, 2.047,0.000,0.000,0.000,-0.434,-0.052,-1.733;
9.225,-7.099,5.693,2.896,-4.302,-0.050, 0.174, 2.047,0.000,0.000,0.000,-0.435,-0.054,-1.733;
9.238,-7.101,5.698,2.893,-4.297,-0.050, 0.174, 2.047,0.000,0.000,0.000,-0.435,-0.056,-1.733;
9.254,-7.104,5.705,2.891,-4.290,-0.050, 0.174, 2.047,0.000,0.000,0.000,-0.436,-0.058,-1.733;
9.260,-7.105,5.708,2.889,-4.287,-0.050, 0.174, 2.047,0.000,0.000,0.000,-0.436,-0.059,-1.733;
9.273,-7.108,5.714,2.887,-4.281,-0.050, 0.174, 2.047,0.000,0.000,0.000,-0.437,-0.061,-1.733;
9.288,-7.111,5.720,2.884,-4.275,-0.050, 0.174, 2.047,0.000,0.000,0.000,-0.437,-0.063,-1.733;
9.303,-7.113,5.726,2.882,-4.268,-0.050, 0.174, 2.047,0.000,0.000,0.000,-0.438,-0.065,-1.733;
9.314,-7.115,5.732,2.880,-4.263,-0.050, 0.174, 2.047,0.000,0.000,0.000,-0.438,-0.067,-1.733;
9.327,-7.117,5.737,2.877,-4.258,-0.050, 0.174, 2.047,0.000,0.000,0.000,-0.438,-0.069,-1.733;
9.343,-7.120,5.744,2.875,-4.251,-0.050, 0.174, 2.047,0.000,0.000,0.000,-0.439,-0.072,-1.733;
9.353,-7.122,5.749,2.873,-4.246,-0.050, 0.174, 2.047,0.000,0.000,0.000,-0.439,-0.073,-1.733;
9.367,-7.124,5.755,2.870,-4.240,-0.050, 0.174, 2.047,0.000,0.000,0.000,-0.440,-0.075,-1.733;
9.377,-7.126,5.759,2.869,-4.236,-0.050, 0.174, 2.047,0.000,0.000,0.000,-0.440,-0.077,-1.733;
9.396,-7.129,5.768,2.866,-4.227,-0.050, 0.174, 2.047,0.000,0.000,0.000,-0.441,-0.080,-1.733;
9.407,-7.131,5.773,2.864,-4.222,-0.050, 0.174, 2.047,0.000,0.000,0.000,-0.441,-0.081,-1.733;
9.420,-7.133,5.779,2.862,-4.216,-0.050, 0.174, 2.047,0.000,0.000,0.000,-0.441,-0.083,-1.733;
9.428,-7.134,5.782,2.860,-4.213,-0.050, 0.174, 2.047,0.000,0.000,0.000,-0.441,-0.085,-1.733;
9.438,-7.136,5.786,2.859,-4.208,-0.050, 0.174, 2.047,0.000,0.000,0.000,-0.442,-0.086,-1.733;
9.445,-7.137,5.790,2.858,-4.205,-0.050, 0.174, 2.047,0.000,0.000,0.000,-0.442,-0.087,-1.733;
9.456,-7.139,5.795,2.856,-4.200,-0.050, 0.174, 2.047,0.000,0.000,0.000,-0.442,-0.089,-1.733;
9.470,-7.141,5.801,2.854,-4.194,-0.050, 0.174, 2.047,0.000,0.000,0.000,-0.443,-0.091,-1.733;
9.484,-7.143,5.807,2.852,-4.188,-0.050, 0.174, 2.047,0.000,0.000,0.000,-0.443,-0.093,-1.733;
9.492,-7.144,5.811,2.850,-4.184,-0.050, 0.174, 2.047,0.000,0.000,0.000,-0.443,-0.095,-1.733;
9.504,-7.146,5.816,2.849,-4.178,-0.050, 0.174, 2.047,0.000,0.000,0.000,-0.443,-0.097,-1.733;
9.514,-10.726,2.282,-0.805,-7.639,-0.052, 0.174, 2.034,-0.186,0.000,-1.367,-0.442,-0.098,-1.720;
9.525,-4.240,8.731,5.755,-1.264,-0.050, 0.174, 2.047,0.158,0.000,1.167,-0.444,-0.100,-1.733;
9.547,-7.153,5.835,2.842,-4.159,-0.050, 0.174, 2.047,0.000,0.000,0.000,-0.444,-0.103,-1.733;
9.558,-7.154,5.841,2.841,-4.154,-0.050, 0.174, 2.047,0.000,0.000,0.000,-0.445,-0.105,-1.733;
9.569,-7.156,5.846,2.839,-4.149,-0.050, 0.174, 2.047,0.000,0.000,0.000,-0.445,-0.107,-1.733;
9.582,-7.157,5.851,2.837,-4.143,-0.050, 0.174, 2.047,0.000,0.000,0.000,-0.445,-0.109,-1.733;
9.594,-7.159,5.857,2.836,-4.138,-0.050, 0.174, 2.047,0.000,0.000,0.000,-0.445,-0.110,-1.733;
9.606,-7.161,5.862,2.834,-4.132,-0.050, 0.174, 2.047,0.000,0.000,0.000,-0.446,-0.112,-1.733;
9.619,-7.163,5.868,2.832,-4.127,-0.050, 0.174, 2.047,0.000,0.000,0.000,-0.446,-0.114,-1.733;
9.622,-7.163,5.870,2.832,-4.125,-0.050, 0.174, 2.047,0.000,0.000,0.000,-0.446,-0.115,-1.733;
9.644,-7.166,5.880,2.829,-4.115,-0.050, 0.174, 2.047,0.000,0.000,0.000,-0.446,-0.118,-1.733;
9.656,-7.167,5.885,2.827,-4.109,-0.050, 0.174, 2.047,0.000,0.000,0.000,-0.447,-0.120,-1.733;
9.668,-7.169,5.891,2.826,-4.104,-0.050, 0.174, 2.047,0.000,0.000,0.000,-0.447,-0.122,-1.733;
9.680,-7.170,5.896,2.824,-4.099,-0.050, 0.174, 2.047,0.000,0.000,0.000,-0.447,-0.124,-1.733;
9.691,-7.172,5.901,2.823,-4.093,-0.050, 0.174, 2.047,0.000,0.000,0.000,-0.447,-0.126,-1.733;
9.703,-7.173,5.907,2.821,-4.088,-0.050, 0.174, 2.047,0.000,0.000,0.000,-0.447,-0.128,-1.733;
9.716,-7.175,5.913,2.820,-4.082,-0.050, 0.174, 2.047,0.000,0.000,0.000,-0.448,-0.130,-1.733;
9.729,-7.176,5.919,2.818,-4.076,-0.050, 0.174, 2.047,0.000,0.000,0.000,-0.448,-0.132,-1.733;
9.741,-7.178,5.924,2.817,-4.071,-0.050, 0.174, 2.047,0.000,0.000,0.000,-0.448,-0.133,-1.733;
9.753,-7.179,5.930,2.816,-4.065,-0.050, 0.174, 2.047,0.000,0.000,0.000,-0.448,-0.135,-1.733;
9.765,-7.181,5.936,2.814,-4.059,-0.050, 0.174, 2.047,0.000,0.000,0.000,-0.448,-0.137,-1.733;
9.778,-7.182,5.941,2.813,-4.054,-0.050, 0.174, 2.047,0.000,0.000,0.000,-0.448,-0.139,-1.733;
9.789,-7.183,5.947,2.812,-4.048,-0.050, 0.174, 2.047,0.000,0.000,0.000,-0.448,-0.141,-1.733;
9.802,-7.185,5.952,2.810,-4.042,-0.050, 0.174, 2.047,0.000,0.000,0.000,-0.449,-0.143,-1.733;
9.814,-7.186,5.958,2.809,-4.037,-0.050, 0.174, 2.047,0.000,0.000,0.000,-0.449,-0.145,-1.733;
9.826,-7.187,5.964,2.808,-4.031,-0.050, 0.174, 2.047,0.000,0.000,0.000,-0.449,-0.147,-1.733;
9.838,-7.188,5.969,2.806,-4.026,-0.050, 0.174, 2.047,0.000,0.000,0.000,-0.449,-0.149,-1.733;
9.851,-7.190,5.975,2.805,-4.020,-0.050, 0.174, 2.047,0.000,0.000,0.000,-0.449,-0.151,-1.733;
9.863,-7.191,5.981,2.804,-4.014,-0.050, 0.174, 2.047,0.000,0.000,0.000,-0.449,-0.153,-1.733;
9.878,-7.192,5.988,2.802,-4.007,-0.050, 0.174, 2.047,0.000,0.000,0.000,-0.449,-0.155,-1.733;
9.887,-7.193,5.992,2.802,-4.003,-0.050, 0.174, 2.047,0.000,0.000,0.000,-0.449,-0.156,-1.733;
9.899,-7.194,5.997,2.800,-3.997,-0.050, 0.174, 2.047,0.000,0.000,0.000,-0.449,-0.158,-1.733;
9.910,-7.195,6.003,2.799,-3.992,-0.050, 0.174, 2.047,0.000,0.000,0.000,-0.449,-0.160,-1.733;
9.922,-7.196,6.008,2.798,-3.987,-0.050, 0.174, 2.047,0.000,0.000,0.000,-0.449,-0.162,-1.733;
9.934,-7.198,6.014,2.797,-3.981,-0.050, 0.174, 2.047,0.000,0.000,0.000,-0.449,-0.164,-1.733;
9.946,-7.199,6.019,2.796,-3.975,-0.050, 0.174, 2.047,0.000,0.000,0.000,-0.449,-0.166,-1.733;
9.958,-7.200,6.025,2.795,-3.970,-0.050, 0.174, 2.047,0.000,0.000,0.000,-0.449,-0.167,-1.733;
9.969,-7.201,6.030,2.794,-3.964,-0.050, 0.174, 2.047,0.000,0.000,0.000,-0.449,-0.169,-1.733;
9.982,-7.202,6.036,2.793,-3.959,-0.050, 0.174, 2.047,0.000,0.000,0.000,-0.450,-0.171,-1.733;
9.993,-7.202,6.041,2.792,-3.953,-0.050, 0.174, 2.047,0.000,0.000,0.000,-0.450,-0.173,-1.733;
10.004,-7.203,6.047,2.791,-3.948,-0.050, 0.174, 2.047,0.000,0.000,0.000,-0.450,-0.175,-1.733;
10.016,-7.204,6.052,2.791,-3.943,-0.050, 0.174, 2.047,0.000,0.000,0.000,-0.450,-0.177,-1.733;
10.027,-7.205,6.058,2.790,-3.937,-0.050, 0.174, 2.047,0.000,0.000,0.000,-0.450,-0.178,-1.733;
10.039,-7.206,6.063,2.789,-3.932,-0.050, 0.174, 2.047,0.000,0.000,0.000,-0.449,-0.180,-1.733;
10.051,-7.207,6.069,2.788,-3.926,-0.050, 0.174, 2.047,0.000,0.000,0.000,-0.449,-0.182,-1.733;
10.062,-7.208,6.074,2.787,-3.921,-0.050, 0.174, 2.047,0.000,0.000,0.000,-0.449,-0.184,-1.733;
10.085,-7.209,6.085,2.786,-3.910,-0.050, 0.174, 2.047,0.000,0.000,0.000,-0.449,-0.187,-1.733;
10.089,-7.209,6.087,2.785,-3.908,-0.050, 0.174, 2.047,0.000,0.000,0.000,-0.449,-0.188,-1.733;
10.099,-7.210,6.091,2.785,-3.903,-0.050, 0.174, 2.047,0.000,0.000,0.000,-0.449,-0.190,-1.733;
10.111,-7.211,6.097,2.784,-3.898,-0.050, 0.174, 2.047,0.000,0.000,0.000,-0.449,-0.192,-1.733;
10.133,-7.212,6.107,2.783,-3.887,-0.050, 0.174, 2.047,0.000,0.000,0.000,-0.449,-0.195,-1.733;
10.136,-7.212,6.109,2.782,-3.886,-0.050, 0.174, 2.047,0.000,0.000,0.000,-0.449,-0.195,-1.733;
10.148,-7.213,6.115,2.782,-3.880,-0.050, 0.174, 2.047,0.000,0.000,0.000,-0.449,-0.197,-1.733;
10.160,-7.214,6.120,2.781,-3.875,-0.050, 0.174, 2.047,0.000,0.000,0.000,-0.449,-0.199,-1.733;
10.181,-7.215,6.130,2.780,-3.865,-0.050, 0.174, 2.047,0.000,0.000,0.000,-0.449,-0.203,-1.733;
10.186,-7.215,6.132,2.780,-3.863,-0.050, 0.174, 2.047,0.000,0.000,0.000,-0.449,-0.203,-1.733;
10.196,-7.216,6.137,2.779,-3.858,-0.050, 0.174, 2.047,0.000,0.000,0.000,-0.449,-0.205,-1.733;
10.209,-7.216,6.143,2.779,-3.852,-0.050, 0.174, 2.047,0.000,0.000,0.000,-0.448,-0.207,-1.733;
10.231,-7.217,6.153,2.778,-3.841,-0.050, 0.174, 2.047,0.000,0.000,0.000,-0.448,-0.210,-1.733;
10.234,-7.217,6.155,2.777,-3.840,-0.050, 0.174, 2.047,0.000,0.000,0.000,-0.448,-0.211,-1.733;
10.255,-7.218,6.165,2.777,-3.830,-0.050, 0.174, 2.047,0.000,0.000,0.000,-0.448,-0.214,-1.733;
10.267,-7.219,6.171,2.776,-3.824,-0.050, 0.174, 2.047,0.000,0.000,0.000,-0.448,-0.216,-1.733;
10.278,-7.219,6.176,2.776,-3.819,-0.050, 0.174, 2.047,0.000,0.000,0.000,-0.448,-0.218,-1.733;
10.290,-7.220,6.182,2.775,-3.813,-0.050, 0.174, 2.047,0.000,0.000,0.000,-0.447,-0.220,-1.733;
10.302,-7.220,6.187,2.775,-3.808,-0.050, 0.174, 2.047,0.000,0.000,0.000,-0.447,-0.221,-1.733;
10.315,-7.220,6.193,2.774,-3.802,-0.050, 0.174, 2.047,0.000,0.000,0.000,-0.447,-0.223,-1.733;
10.326,-7.221,6.199,2.774,-3.796,-0.050, 0.174, 2.047,0.000,0.000,0.000,-0.447,-0.225,-1.733;
10.338,-7.221,6.204,2.774,-3.790,-0.050, 0.174, 2.047,0.000,0.000,0.000,-0.447,-0.227,-1.733;
10.350,-7.221,6.210,2.773,-3.785,-0.050, 0.174, 2.047,0.000,0.000,0.000,-0.447,-0.229,-1.733;
10.361,-7.222,6.215,2.773,-3.780,-0.050, 0.174, 2.047,0.000,0.000,0.000,-0.446,-0.231,-1.733;
10.372,-7.222,6.221,2.773,-3.774,-0.050, 0.174, 2.047,0.000,0.000,0.000,-0.446,-0.232,-1.733;
10.383,-7.222,6.226,2.773,-3.769,-0.050, 0.174, 2.047,0.000,0.000,0.000,-0.446,-0.234,-1.733;
10.396,-7.222,6.232,2.772,-3.763,-0.050, 0.174, 2.047,0.000,0.000,0.000,-0.446,-0.236,-1.733;
10.407,-7.223,6.237,2.772,-3.758,-0.050, 0.174, 2.047,0.000,0.000,0.000,-0.445,-0.238,-1.733;
10.418,-7.223,6.242,2.772,-3.753,-0.050, 0.174, 2.047,0.000,0.000,0.000,-0.445,-0.239,-1.733;
10.429,-7.223,6.247,2.772,-3.747,-0.050, 0.174, 2.047,0.000,0.000,0.000,-0.445,-0.241,-1.733;
10.450,-7.223,6.257,2.772,-3.737,-0.050, 0.174, 2.047,0.000,0.000,0.000,-0.445,-0.245,-1.733;
10.462,-7.223,6.263,2.771,-3.732,-0.050, 0.174, 2.047,0.000,0.000,0.000,-0.444,-0.246,-1.733;
10.474,-7.224,6.269,2.771,-3.726,-0.050, 0.174, 2.047,0.000,0.000,0.000,-0.444,-0.248,-1.733;
10.487,-7.224,6.275,2.771,-3.720,-0.050, 0.174, 2.047,0.000,0.000,0.000,-0.444,-0.250,-1.733;
10.498,-7.224,6.280,2.771,-3.714,-0.050, 0.174, 2.047,0.000,0.000,0.000,-0.443,-0.252,-1.733;
10.510,-7.224,6.286,2.771,-3.709,-0.050, 0.174, 2.047,0.000,0.000,0.000,-0.443,-0.254,-1.733;
10.522,-7.224,6.292,2.771,-3.703,-0.050, 0.174, 2.047,0.000,0.000,0.000,-0.443,-0.256,-1.733;
10.534,-7.224,6.297,2.771,-3.698,-0.050, 0.174, 2.047,0.000,0.000,0.000,-0.443,-0.258,-1.733;
10.545,-7.224,6.303,2.771,-3.692,-0.050, 0.174, 2.047,0.000,0.000,0.000,-0.442,-0.259,-1.733;
10.557,-7.224,6.308,2.771,-3.687,-0.050, 0.174, 2.047,0.000,0.000,0.000,-0.442,-0.261,-1.733;
10.568,-7.224,6.313,2.771,-3.681,-0.050, 0.174, 2.047,0.000,0.000,0.000,-0.442,-0.263,-1.733;
10.579,-7.224,6.319,2.771,-3.676,-0.050, 0.174, 2.047,0.000,0.000,0.000,-0.441,-0.264,-1.733;
10.590,-7.223,6.324,2.771,-3.671,-0.050, 0.174, 2.047,0.000,0.000,0.000,-0.441,-0.266,-1.733;
10.601,-7.223,6.329,2.771,-3.666,-0.050, 0.174, 2.047,0.000,0.000,0.000,-0.441,-0.268,-1.733;
10.622,-7.223,6.339,2.772,-3.656,-0.050, 0.174, 2.047,0.000,0.000,0.000,-0.440,-0.271,-1.733;
10.633,-7.223,6.345,2.772,-3.650,-0.050, 0.174, 2.047,0.000,0.000,0.000,-0.440,-0.273,-1.733;
10.645,-7.223,6.350,2.772,-3.645,-0.050, 0.174, 2.047,0.000,0.000,0.000,-0.439,-0.275,-1.733;
10.656,-7.222,6.356,2.772,-3.639,-0.050, 0.174, 2.047,0.000,0.000,0.000,-0.439,-0.276,-1.733;
10.668,-7.222,6.361,2.773,-3.634,-0.050, 0.174, 2.047,0.000,0.000,0.000,-0.439,-0.278,-1.733;
10.681,-7.222,6.367,2.773,-3.628,-0.050, 0.174, 2.047,0.000,0.000,0.000,-0.438,-0.280,-1.733;
10.693,-7.222,6.373,2.773,-3.622,-0.050, 0.174, 2.047,0.000,0.000,0.000,-0.438,-0.282,-1.733;
10.704,-7.221,6.378,2.773,-3.617,-0.050, 0.174, 2.047,0.000,0.000,0.000,-0.437,-0.284,-1.733;
10.715,-7.221,6.384,2.774,-3.611,-0.050, 0.174, 2.047,0.000,0.000,0.000,-0.437,-0.286,-1.733;
10.727,-7.221,6.389,2.774,-3.606,-0.050, 0.174, 2.047,0.000,0.000,0.000,-0.437,-0.287,-1.733;
10.738,-7.220,6.394,2.774,-3.600,-0.050, 0.174, 2.047,0.000,0.000,0.000,-0.436,-0.289,-1.733;
10.751,-7.220,6.400,2.775,-3.594,-0.050, 0.174, 2.047,0.000,0.000,0.000,-0.436,-0.291,-1.733;
10.762,-7.220,6.406,2.775,-3.589,-0.050, 0.174, 2.047,0.000,0.000,0.000,-0.435,-0.293,-1.733;
10.774,-7.219,6.411,2.776,-3.584,-0.050, 0.174, 2.047,0.000,0.000,0.000,-0.435,-0.294,-1.733;
10.786,-7.219,6.417,2.776,-3.578,-0.050, 0.174, 2.047,0.000,0.000,0.000,-0.434,-0.296,-1.733;
10.797,-7.218,6.422,2.777,-3.572,-0.050, 0.174, 2.047,0.000,0.000,0.000,-0.434,-0.298,-1.733;
10.809,-7.218,6.428,2.777,-3.567,-0.050, 0.174, 2.047,0.000,0.000,0.000,-0.433,-0.300,-1.733;
10.820,-7.217,6.433,2.777,-3.562,-0.050, 0.174, 2.047,0.000,0.000,0.000,-0.433,-0.301,-1.733;
10.842,-7.216,6.444,2.778,-3.551,-0.050, 0.174, 2.047,0.000,0.000,0.000,-0.432,-0.305,-1.733;
10.847,-7.216,6.446,2.779,-3.549,-0.050, 0.174, 2.047,0.000,0.000,0.000,-0.432,-0.306,-1.733;
10.858,-7.216,6.451,2.779,-3.544,-0.050, 0.174, 2.047,0.000,0.000,0.000,-0.431,-0.307,-1.733;
10.869,-7.215,6.456,2.780,-3.539,-0.050, 0.174, 2.047,0.000,0.000,0.000,-0.431,-0.309,-1.733;
10.891,-7.214,6.467,2.781,-3.528,-0.050, 0.174, 2.047,0.000,0.000,0.000,-0.430,-0.312,-1.733;
10.895,-7.214,6.469,2.781,-3.526,-0.050, 0.174, 2.047,0.000,0.000,0.000,-0.430,-0.313,-1.733;
10.907,-7.213,6.474,2.782,-3.521,-0.050, 0.174, 2.047,0.000,0.000,0.000,-0.429,-0.315,-1.733;
10.918,-7.212,6.479,2.782,-3.515,-0.050, 0.174, 2.047,0.000,0.000,0.000,-0.429,-0.316,-1.733;
10.940,-7.211,6.490,2.784,-3.505,-0.050, 0.174, 2.047,0.000,0.000,0.000,-0.428,-0.320,-1.733;
10.949,-7.210,6.494,2.784,-3.501,-0.050, 0.174, 2.047,0.000,0.000,0.000,-0.427,-0.321,-1.733;
10.957,-7.210,6.498,2.785,-3.497,-0.050, 0.174, 2.047,0.000,0.000,0.000,-0.427,-0.322,-1.733;
10.968,-7.209,6.503,2.786,-3.492,-0.050, 0.174, 2.047,0.000,0.000,0.000,-0.427,-0.324,-1.733;
10.980,-7.208,6.509,2.786,-3.486,-0.050, 0.174, 2.047,0.000,0.000,0.000,-0.426,-0.326,-1.733;
10.991,-7.208,6.514,2.787,-3.481,-0.050, 0.174, 2.047,0.000,0.000,0.000,-0.425,-0.327,-1.733;
11.013,-7.206,6.524,2.789,-3.471,-0.050, 0.174, 2.047,0.000,0.000,0.000,-0.424,-0.331,-1.733;
11.025,-7.205,6.530,2.790,-3.465,-0.050, 0.174, 2.047,0.000,0.000,0.000,-0.424,-0.332,-1.733;
11.038,-7.204,6.536,2.790,-3.459,-0.050, 0.174, 2.047,0.000,0.000,0.000,-0.423,-0.334,-1.733;
11.042,-7.204,6.538,2.791,-3.457,-0.050, 0.174, 2.047,0.000,0.000,0.000,-0.423,-0.335,-1.733;
11.053,-7.203,6.543,2.792,-3.452,-0.050, 0.174, 2.047,0.000,0.000,0.000,-0.422,-0.336,-1.733;
11.075,-7.201,6.553,2.793,-3.442,-0.050, 0.174, 2.047,0.000,0.000,0.000,-0.421,-0.340,-1.733;
11.083,-7.201,6.557,2.794,-3.438,-0.050, 0.174, 2.047,0.000,0.000,0.000,-0.421,-0.341,-1.733;
11.095,-7.200,6.562,2.795,-3.432,-0.050, 0.174, 2.047,0.000,0.000,0.000,-0.420,-0.343,-1.733;
11.106,-7.199,6.568,2.796,-3.427,-0.050, 0.174, 2.047,0.000,0.000,0.000,-0.420,-0.344,-1.733;
11.118,-7.198,6.573,2.797,-3.421,-0.050, 0.174, 2.047,0.000,0.000,0.000,-0.419,-0.346,-1.733;
11.130,-7.197,6.579,2.798,-3.416,-0.050, 0.174, 2.047,0.000,0.000,0.000,-0.418,-0.348,-1.733;
11.141,-7.196,6.584,2.799,-3.411,-0.050, 0.174, 2.047,0.000,0.000,0.000,-0.418,-0.349,-1.733;
11.152,-7.195,6.589,2.800,-3.406,-0.050, 0.174, 2.047,0.000,0.000,0.000,-0.417,-0.351,-1.733;
11.164,-7.194,6.595,2.801,-3.400,-0.050, 0.174, 2.047,0.000,0.000,0.000,-0.416,-0.353,-1.733;
11.175,-7.192,6.600,2.802,-3.395,-0.050, 0.174, 2.047,0.000,0.000,0.000,-0.416,-0.355,-1.733;
11.197,-7.190,6.610,2.804,-3.385,-0.050, 0.174, 2.047,0.000,0.000,0.000,-0.415,-0.358,-1.733;
11.204,-7.190,6.613,2.805,-3.381,-0.050, 0.174, 2.047,0.000,0.000,0.000,-0.414,-0.359,-1.733;
11.211,-7.189,6.617,2.806,-3.378,-0.050, 0.174, 2.047,0.000,0.000,0.000,-0.414,-0.360,-1.733;
11.233,-7.187,6.627,2.808,-3.368,-0.050, 0.174, 2.047,0.000,0.000,0.000,-0.412,-0.363,-1.733;
11.244,-7.186,6.632,2.809,-3.363,-0.050, 0.174, 2.047,0.000,0.000,0.000,-0.412,-0.365,-1.733;
11.256,-7.184,6.637,2.811,-3.358,-0.050, 0.174, 2.047,0.000,0.000,0.000,-0.411,-0.366,-1.733;
11.267,-7.183,6.642,2.812,-3.352,-0.050, 0.174, 2.047,0.000,0.000,0.000,-0.410,-0.368,-1.733;
11.279,-7.182,6.648,2.813,-3.347,-0.050, 0.174, 2.047,0.000,0.000,0.000,-0.410,-0.370,-1.733;
11.291,-7.180,6.654,2.814,-3.341,-0.050, 0.174, 2.047,0.000,0.000,0.000,-0.409,-0.371,-1.733;
11.302,-7.179,6.659,2.816,-3.336,-0.050, 0.174, 2.047,0.000,0.000,0.000,-0.408,-0.373,-1.733;
11.315,-7.178,6.665,2.817,-3.330,-0.050, 0.174, 2.047,0.000,0.000,0.000,-0.407,-0.375,-1.733;
11.326,-7.176,6.670,2.818,-3.325,-0.050, 0.174, 2.047,0.000,0.000,0.000,-0.407,-0.376,-1.733;
11.337,-7.175,6.675,2.820,-3.320,-0.050, 0.174, 2.047,0.000,0.000,0.000,-0.406,-0.378,-1.733;
11.348,-7.174,6.680,2.821,-3.315,-0.050, 0.174, 2.047,0.000,0.000,0.000,-0.405,-0.380,-1.733;
11.359,-7.172,6.685,2.822,-3.310,-0.050, 0.174, 2.047,0.000,0.000,0.000,-0.405,-0.381,-1.733;
11.380,-7.170,6.694,2.825,-3.300,-0.050, 0.174, 2.047,0.000,0.000,0.000,-0.403,-0.384,-1.733;
11.392,-7.168,6.700,2.827,-3.295,-0.050, 0.174, 2.047,0.000,0.000,0.000,-0.402,-0.386,-1.733;
11.403,-7.167,6.705,2.828,-3.290,-0.050, 0.174, 2.047,0.000,0.000,0.000,-0.402,-0.387,-1.733;
11.415,-7.165,6.711,2.830,-3.284,-0.050, 0.174, 2.047,0.000,0.000,0.000,-0.401,-0.389,-1.733;
11.427,-7.164,6.716,2.831,-3.279,-0.050, 0.174, 2.047,0.000,0.000,0.000,-0.400,-0.391,-1.733;
11.439,-7.162,6.721,2.833,-3.273,-0.050, 0.174, 2.047,0.000,0.000,0.000,-0.399,-0.392,-1.733;
11.451,-7.160,6.727,2.834,-3.268,-0.050, 0.174, 2.047,0.000,0.000,0.000,-0.398,-0.394,-1.733;
11.464,-7.159,6.733,2.836,-3.262,-0.050, 0.174, 2.047,0.000,0.000,0.000,-0.398,-0.396,-1.733;
11.478,-7.157,6.739,2.838,-3.256,-0.050, 0.174, 2.047,0.000,0.000,0.000,-0.397,-0.398,-1.733;
11.490,-7.155,6.745,2.840,-3.250,-0.050, 0.174, 2.047,0.000,0.000,0.000,-0.396,-0.400,-1.733;
11.494,-7.155,6.746,2.840,-3.248,-0.050, 0.174, 2.047,0.000,0.000,0.000,-0.395,-0.400,-1.733;
11.515,-7.151,6.756,2.843,-3.239,-0.050, 0.174, 2.047,0.000,0.000,0.000,-0.394,-0.403,-1.733;
11.519,-7.151,6.758,2.844,-3.237,-0.050, 0.174, 2.047,0.000,0.000,0.000,-0.394,-0.404,-1.733;
11.531,-7.149,6.763,2.846,-3.232,-0.050, 0.174, 2.047,0.000,0.000,0.000,-0.393,-0.405,-1.733;
11.542,-7.147,6.768,2.847,-3.226,-0.050, 0.174, 2.047,0.000,0.000,0.000,-0.392,-0.407,-1.733;
11.553,-7.146,6.773,2.849,-3.221,-0.050, 0.174, 2.047,0.000,0.000,0.000,-0.391,-0.409,-1.733;
11.577,-7.142,6.784,2.853,-3.211,-0.050, 0.174, 2.047,0.000,0.000,0.000,-0.389,-0.412,-1.733;
11.588,-7.141,6.789,2.854,-3.206,-0.050, 0.174, 2.047,0.000,0.000,0.000,-0.389,-0.413,-1.733;
11.600,-7.139,6.794,2.856,-3.201,-0.050, 0.174, 2.047,0.000,0.000,0.000,-0.388,-0.415,-1.733;
11.612,-7.137,6.800,2.858,-3.195,-0.050, 0.174, 2.047,0.000,0.000,0.000,-0.387,-0.417,-1.733;
11.616,-7.136,6.801,2.859,-3.193,-0.050, 0.174, 2.047,0.000,0.000,0.000,-0.386,-0.417,-1.733;
11.627,-7.134,6.806,2.860,-3.188,-0.050, 0.174, 2.047,0.000,0.000,0.000,-0.386,-0.419,-1.733;
11.649,-7.131,6.816,2.864,-3.178,-0.050, 0.174, 2.047,0.000,0.000,0.000,-0.384,-0.422,-1.733;
11.652,-7.130,6.818,2.865,-3.177,-0.050, 0.174, 2.047,0.000,0.000,0.000,-0.384,-0.422,-1.733;
11.663,-7.128,6.823,2.866,-3.172,-0.050, 0.174, 2.047,0.000,0.000,0.000,-0.383,-0.424,-1.733;
11.685,-7.125,6.832,2.870,-3.162,-0.050, 0.174, 2.047,0.000,0.000,0.000,-0.381,-0.427,-1.733;
11.697,-7.123,6.838,2.872,-3.157,-0.050, 0.174, 2.047,0.000,0.000,0.000,-0.380,-0.428,-1.733;
11.710,-7.121,6.843,2.874,-3.152,-0.050, 0.174, 2.047,0.000,0.000,0.000,-0.379,-0.430,-1.733;
11.715,-7.120,6.846,2.875,-3.149,-0.050, 0.174, 2.047,0.000,0.000,0.000,-0.379,-0.431,-1.733;
11.726,-7.118,6.851,2.877,-3.144,-0.050, 0.174, 2.047,0.000,0.000,0.000,-0.378,-0.432,-1.733;
11.737,-7.116,6.855,2.879,-3.139,-0.050, 0.174, 2.047,0.000,0.000,0.000,-0.377,-0.434,-1.733;
11.759,-7.112,6.865,2.883,-3.130,-0.050, 0.174, 2.047,0.000,0.000,0.000,-0.375,-0.436,-1.733;
11.771,-7.110,6.870,2.885,-3.125,-0.050, 0.174, 2.047,0.000,0.000,0.000,-0.374,-0.438,-1.733;
11.783,-7.108,6.875,2.887,-3.119,-0.050, 0.174, 2.047,0.000,0.000,0.000,-0.373,-0.440,-1.733;
11.794,-7.106,6.880,2.889,-3.115,-0.050, 0.174, 2.047,0.000,0.000,0.000,-0.372,-0.441,-1.733;
11.805,-7.103,6.885,2.891,-3.110,-0.050, 0.174, 2.047,0.000,0.000,0.000,-0.371,-0.443,-1.733;
11.816,-7.101,6.890,2.893,-3.105,-0.050, 0.174, 2.047,0.000,0.000,0.000,-0.370,-0.444,-1.733;
11.828,-7.099,6.895,2.896,-3.100,-0.050, 0.174, 2.047,0.000,0.000,0.000,-0.369,-0.446,-1.733;
11.839,-7.097,6.900,2.898,-3.095,-0.050, 0.174, 2.047,0.000,0.000,0.000,-0.368,-0.447,-1.733;
11.850,-7.095,6.905,2.900,-3.090,-0.050, 0.174, 2.047,0.000,0.000,0.000,-0.367,-0.449,-1.733;
11.861,-7.093,6.909,2.902,-3.085,-0.050, 0.174, 2.047,0.000,0.000,0.000,-0.367,-0.450,-1.733;
11.872,-7.091,6.914,2.904,-3.081,-0.050, 0.174, 2.047,0.000,0.000,0.000,-0.366,-0.451,-1.733;
11.893,-7.087,6.923,2.908,-3.071,-0.050, 0.174, 2.047,0.000,0.000,0.000,-0.364,-0.454,-1.733;
11.904,-7.084,6.928,2.910,-3.067,-0.050, 0.174, 2.047,0.000,0.000,0.000,-0.363,-0.456,-1.733;
11.916,-7.082,6.933,2.913,-3.061,-0.050, 0.174, 2.047,0.000,0.000,0.000,-0.362,-0.457,-1.733;
11.927,-7.080,6.938,2.915,-3.057,-0.050, 0.174, 2.047,0.000,0.000,0.000,-0.361,-0.459,-1.733;
11.939,-7.077,6.943,2.917,-3.052,-0.050, 0.174, 2.047,0.000,0.000,0.000,-0.360,-0.460,-1.733;
11.950,-7.075,6.948,2.920,-3.047,-0.050, 0.174, 2.047,0.000,0.000,0.000,-0.359,-0.462,-1.733;
11.962,-7.073,6.953,2.922,-3.042,-0.050, 0.174, 2.047,0.000,0.000,0.000,-0.358,-0.463,-1.733;
11.973,-7.070,6.958,2.924,-3.037,-0.050, 0.174, 2.047,0.000,0.000,0.000,-0.357,-0.464,-1.733;
11.984,-7.068,6.962,2.927,-3.032,-0.050, 0.174, 2.047,0.000,0.000,0.000,-0.356,-0.466,-1.733;
11.996,-7.065,6.968,2.929,-3.027,-0.050, 0.174, 2.047,0.000,0.000,0.000,-0.354,-0.467,-1.733;
12.007,-7.063,6.972,2.932,-3.022,-0.050, 0.174, 2.047,0.000,0.000,0.000,-0.353,-0.469,-1.733;
12.018,-7.061,6.977,2.934,-3.018,-0.050, 0.174, 2.047,0.000,0.000,0.000,-0.352,-0.470,-1.733;
12.031,-7.058,6.982,2.937,-3.012,-0.050, 0.174, 2.047,0.000,0.000,0.000,-0.351,-0.472,-1.733;
12.052,-7.053,6.991,2.941,-3.003,-0.050, 0.174, 2.047,0.000,0.000,0.000,-0.349,-0.475,-1.733;
12.065,-7.051,6.997,2.944,-2.998,-0.050, 0.174, 2.047,0.000,0.000,0.000,-0.348,-0.476,-1.733;
12.068,-7.050,6.998,2.945,-2.997,-0.050, 0.174, 2.047,0.000,0.000,0.000,-0.348,-0.477,-1.733;
12.089,-7.045,7.007,2.950,-2.988,-0.050, 0.174, 2.047,0.000,0.000,0.000,-0.346,-0.479,-1.733;
12.093,-7.044,7.009,2.951,-2.986,-0.050, 0.174, 2.047,0.000,0.000,0.000,-0.345,-0.480,-1.733;
12.104,-7.042,7.013,2.953,-2.982,-0.050, 0.174, 2.047,0.000,0.000,0.000,-0.344,-0.481,-1.733;
12.127,-7.037,7.023,2.958,-2.972,-0.050, 0.174, 2.047,0.000,0.000,0.000,-0.342,-0.484,-1.733;
12.132,-7.036,7.025,2.959,-2.970,-0.050, 0.174, 2.047,0.000,0.000,0.000,-0.342,-0.484,-1.733;
12.142,-7.033,7.029,2.962,-2.966,-0.050, 0.174, 2.047,0.000,0.000,0.000,-0.341,-0.486,-1.733;
12.153,-7.031,7.034,2.964,-2.961,-0.050, 0.174, 2.047,0.000,0.000,0.000,-0.339,-0.487,-1.733;
12.175,-7.026,7.043,2.969,-2.952,-0.050, 0.174, 2.047,0.000,0.000,0.000,-0.337,-0.490,-1.733;
12.187,-7.023,7.048,2.972,-2.947,-0.050, 0.174, 2.047,0.000,0.000,0.000,-0.336,-0.491,-1.733;
12.199,-7.020,7.053,2.975,-2.942,-0.050, 0.174, 2.047,0.000,0.000,0.000,-0.335,-0.493,-1.733;
12.211,-7.017,7.058,2.978,-2.937,-0.050, 0.174, 2.047,0.000,0.000,0.000,-0.334,-0.494,-1.733;
12.224,-7.014,7.063,2.981,-2.932,-0.050, 0.174, 2.047,0.000,0.000,0.000,-0.332,-0.496,-1.733;
12.227,-7.013,7.064,2.982,-2.931,-0.050, 0.174, 2.047,0.000,0.000,0.000,-0.332,-0.496,-1.733;
12.238,-7.010,7.069,2.984,-2.926,-0.050, 0.174, 2.047,0.000,0.000,0.000,-0.331,-0.497,-1.733;
12.260,-7.005,7.078,2.990,-2.917,-0.050, 0.174, 2.047,0.000,0.000,0.000,-0.329,-0.500,-1.733;
12.272,-7.002,7.082,2.993,-2.913,-0.050, 0.174, 2.047,0.000,0.000,0.000,-0.328,-0.501,-1.733;
12.284,-6.999,7.087,2.996,-2.908,-0.050, 0.174, 2.047,0.000,0.000,0.000,-0.326,-0.503,-1.733;
12.297,-6.996,7.093,2.999,-2.902,-0.050, 0.174, 2.047,0.000,0.000,0.000,-0.325,-0.504,-1.733;
12.304,-6.994,7.095,3.001,-2.900,-0.050, 0.174, 2.047,0.000,0.000,0.000,-0.324,-0.505,-1.733;
12.315,-6.991,7.100,3.004,-2.895,-0.050, 0.174, 2.047,0.000,0.000,0.000,-0.323,-0.507,-1.733;
12.326,-6.988,7.104,3.006,-2.890,-0.050, 0.174, 2.047,0.000,0.000,0.000,-0.322,-0.508,-1.733;
12.338,-6.986,7.109,3.009,-2.886,-0.050, 0.174, 2.047,0.000,0.000,0.000,-0.321,-0.509,-1.733;
12.350,-6.982,7.114,3.012,-2.881,-0.050, 0.174, 2.047,0.000,0.000,0.000,-0.319,-0.511,-1.733;
12.361,-6.980,7.118,3.015,-2.877,-0.050, 0.174, 2.047,0.000,0.000,0.000,-0.318,-0.512,-1.733;
12.384,-6.974,7.127,3.021,-2.867,-0.050, 0.174, 2.047,0.000,0.000,0.000,-0.316,-0.515,-1.733;
12.388,-6.972,7.129,3.022,-2.866,-0.050, 0.174, 2.047,0.000,0.000,0.000,-0.315,-0.515,-1.733;
12.400,-6.969,7.134,3.025,-2.861,-0.050, 0.174, 2.047,0.000,0.000,0.000,-0.314,-0.516,-1.733;
12.411,-6.966,7.138,3.028,-2.857,-0.050, 0.174, 2.047,0.000,0.000,0.000,-0.313,-0.518,-1.733;
12.422,-6.963,7.142,3.031,-2.852,-0.050, 0.174, 2.047,0.000,0.000,0.000,-0.312,-0.519,-1.733;
12.434,-6.960,7.147,3.034,-2.848,-0.050, 0.174, 2.047,0.000,0.000,0.000,-0.310,-0.520,-1.733;
12.455,-6.955,7.155,3.040,-2.839,-0.050, 0.174, 2.047,0.000,0.000,0.000,-0.308,-0.523,-1.733;
12.459,-6.954,7.157,3.041,-2.838,-0.050, 0.174, 2.047,0.000,0.000,0.000,-0.308,-0.523,-1.733;
12.481,-6.947,7.166,3.047,-2.829,-0.050, 0.174, 2.047,0.000,0.000,0.000,-0.305,-0.526,-1.733;
12.486,-6.946,7.167,3.049,-2.828,-0.050, 0.174, 2.047,0.000,0.000,0.000,-0.305,-0.526,-1.733;
12.497,-6.943,7.172,3.052,-2.823,-0.050, 0.174, 2.047,0.000,0.000,0.000,-0.303,-0.527,-1.733;
12.509,-6.940,7.176,3.055,-2.819,-0.050, 0.174, 2.047,0.000,0.000,0.000,-0.302,-0.529,-1.733;
12.520,-6.937,7.180,3.058,-2.814,-0.050, 0.174, 2.047,0.000,0.000,0.000,-0.301,-0.530,-1.733;
12.542,-6.931,7.189,3.064,-2.806,-0.050, 0.174, 2.047,0.000,0.000,0.000,-0.298,-0.532,-1.733;
12.554,-6.927,7.193,3.067,-2.801,-0.050, 0.174, 2.047,0.000,0.000,0.000,-0.297,-0.534,-1.733;
12.565,-6.924,7.198,3.071,-2.797,-0.050, 0.174, 2.047,0.000,0.000,0.000,-0.296,-0.535,-1.733;
12.577,-6.921,7.202,3.074,-2.792,-0.050, 0.174, 2.047,0.000,0.000,0.000,-0.294,-0.536,-1.733;
12.591,-6.917,7.207,3.078,-2.787,-0.050, 0.174, 2.047,0.000,0.000,0.000,-0.293,-0.538,-1.733;
12.603,-6.913,7.212,3.081,-2.783,-0.050, 0.174, 2.047,0.000,0.000,0.000,-0.291,-0.539,-1.733;
12.615,-6.910,7.217,3.085,-2.778,-0.050, 0.174, 2.047,0.000,0.000,0.000,-0.290,-0.540,-1.733;
12.618,-6.909,7.218,3.086,-2.777,-0.050, 0.174, 2.047,0.000,0.000,0.000,-0.290,-0.541,-1.733;
12.630,-6.906,7.222,3.089,-2.773,-0.050, 0.174, 2.047,0.000,0.000,0.000,-0.288,-0.542,-1.733;
12.642,-6.902,7.227,3.093,-2.768,-0.050, 0.174, 2.047,0.000,0.000,0.000,-0.287,-0.543,-1.733;
12.669,-6.894,7.237,3.101,-2.758,-0.050, 0.174, 2.047,0.000,0.000,0.000,-0.284,-0.546,-1.733;
12.673,-6.893,7.238,3.102,-2.756,-0.050, 0.174, 2.047,0.000,0.000,0.000,-0.283,-0.546,-1.733;
12.679,-6.891,7.241,3.104,-2.754,-0.050, 0.174, 2.047,0.000,0.000,0.000,-0.283,-0.547,-1.733;
12.700,-6.885,7.248,3.110,-2.746,-0.050, 0.174, 2.047,0.000,0.000,0.000,-0.280,-0.549,-1.733;
12.712,-6.881,7.253,3.114,-2.742,-0.050, 0.174, 2.047,0.000,0.000,0.000,-0.279,-0.550,-1.733;
12.724,-6.877,7.257,3.117,-2.737,-0.050, 0.174, 2.047,0.000,0.000,0.000,-0.277,-0.552,-1.733;
12.737,-6.874,7.262,3.121,-2.733,-0.050, 0.174, 2.047,0.000,0.000,0.000,-0.276,-0.553,-1.733;
12.749,-6.870,7.266,3.125,-2.728,-0.050, 0.174, 2.047,0.000,0.000,0.000,-0.274,-0.554,-1.733;
12.761,-6.866,7.271,3.128,-2.724,-0.050, 0.174, 2.047,0.000,0.000,0.000,-0.273,-0.555,-1.733;
12.774,-6.862,7.275,3.132,-2.720,-0.050, 0.174, 2.047,0.000,0.000,0.000,-0.271,-0.557,-1.733;
12.777,-6.861,7.276,3.133,-2.718,-0.050, 0.174, 2.047,0.000,0.000,0.000,-0.271,-0.557,-1.733;
12.798,-6.855,7.284,3.140,-2.711,-0.050, 0.174, 2.047,0.000,0.000,0.000,-0.268,-0.559,-1.733;
12.801,-6.854,7.285,3.141,-2.710,-0.050, 0.174, 2.047,0.000,0.000,0.000,-0.268,-0.559,-1.733;
12.823,-6.847,7.293,3.148,-2.702,-0.050, 0.174, 2.047,0.000,0.000,0.000,-0.265,-0.562,-1.733;
12.835,-6.843,7.297,3.151,-2.698,-0.050, 0.174, 2.047,0.000,0.000,0.000,-0.264,-0.563,-1.733;
12.847,-6.839,7.302,3.155,-2.693,-0.050, 0.174, 2.047,0.000,0.000,0.000,-0.262,-0.564,-1.733;
12.859,-6.836,7.306,3.159,-2.689,-0.050, 0.174, 2.047,0.000,0.000,0.000,-0.261,-0.565,-1.733;
12.871,-6.832,7.310,3.163,-2.685,-0.050, 0.174, 2.047,0.000,0.000,0.000,-0.260,-0.566,-1.733;
12.883,-6.828,7.314,3.167,-2.681,-0.050, 0.174, 2.047,0.000,0.000,0.000,-0.258,-0.567,-1.733;
12.896,-6.824,7.319,3.171,-2.676,-0.050, 0.174, 2.047,0.000,0.000,0.000,-0.257,-0.569,-1.733;
12.908,-6.820,7.323,3.175,-2.672,-0.050, 0.174, 2.047,0.000,0.000,0.000,-0.255,-0.570,-1.733;
12.919,-6.816,7.327,3.178,-2.668,-0.050, 0.174, 2.047,0.000,0.000,0.000,-0.254,-0.571,-1.733;
12.930,-6.813,7.331,3.182,-2.664,-0.050, 0.174, 2.047,0.000,0.000,0.000,-0.252,-0.572,-1.733;
12.942,-6.809,7.335,3.186,-2.660,-0.050, 0.174, 2.047,0.000,0.000,0.000,-0.251,-0.573,-1.733;
12.953,-6.805,7.339,3.190,-2.656,-0.050, 0.174, 2.047,0.000,0.000,0.000,-0.249,-0.574,-1.733;
12.965,-6.801,7.343,3.193,-2.652,-0.050, 0.174, 2.047,0.000,0.000,0.000,-0.248,-0.575,-1.733;
12.976,-6.798,7.346,3.197,-2.648,-0.050, 0.174, 2.047,0.000,0.000,0.000,-0.246,-0.576,-1.733;
12.987,-6.794,7.350,3.201,-2.645,-0.050, 0.174, 2.047,0.000,0.000,0.000,-0.245,-0.577,-1.733;
12.998,-6.791,7.354,3.204,-2.641,-0.050, 0.174, 2.047,0.000,0.000,0.000,-0.244,-0.578,-1.733;
13.009,-6.787,7.358,3.208,-2.637,-0.050, 0.174, 2.047,0.000,0.000,0.000,-0.242,-0.579,-1.733;
13.030,-6.780,7.365,3.215,-2.630,-0.050, 0.174, 2.047,0.000,0.000,0.000,-0.240,-0.581,-1.733;
13.042,-6.776,7.369,3.219,-2.626,-0.050, 0.174, 2.047,0.000,0.000,0.000,-0.238,-0.582,-1.733;
13.053,-6.772,7.372,3.223,-2.622,-0.050, 0.174, 2.047,0.000,0.000,0.000,-0.237,-0.583,-1.733;
13.065,-6.768,7.376,3.227,-2.619,-0.050, 0.174, 2.047,0.000,0.000,0.000,-0.235,-0.584,-1.733;
13.076,-6.764,7.380,3.231,-2.615,-0.050, 0.174, 2.047,0.000,0.000,0.000,-0.234,-0.585,-1.733;
13.089,-6.760,7.384,3.235,-2.611,-0.050, 0.174, 2.047,0.000,0.000,0.000,-0.232,-0.587,-1.733;
13.100,-6.756,7.388,3.239,-2.607,-0.050, 0.174, 2.047,0.000,0.000,0.000,-0.231,-0.588,-1.733;
13.112,-6.752,7.392,3.243,-2.603,-0.050, 0.174, 2.047,0.000,0.000,0.000,-0.229,-0.589,-1.733;
13.124,-6.748,7.396,3.247,-2.599,-0.050, 0.174, 2.047,0.000,0.000,0.000,-0.227,-0.590,-1.733;
13.135,-6.744,7.399,3.251,-2.596,-0.050, 0.174, 2.047,0.000,0.000,0.000,-0.226,-0.591,-1.733;
13.146,-6.740,7.403,3.255,-2.592,-0.050, 0.174, 2.047,0.000,0.000,0.000,-0.225,-0.592,-1.733;
13.157,-6.736,7.406,3.259,-2.588,-0.050, 0.174, 2.047,0.000,0.000,0.000,-0.223,-0.593,-1.733;
13.168,-6.732,7.410,3.262,-2.585,-0.050, 0.174, 2.047,0.000,0.000,0.000,-0.222,-0.594,-1.733;
13.181,-6.728,7.414,3.267,-2.581,-0.050, 0.174, 2.047,0.000,0.000,0.000,-0.220,-0.595,-1.733;
13.192,-6.724,7.418,3.271,-2.577,-0.050, 0.174, 2.047,0.000,0.000,0.000,-0.218,-0.596,-1.733;
13.214,-6.716,7.425,3.279,-2.570,-0.050, 0.174, 2.047,0.000,0.000,0.000,-0.216,-0.597,-1.733;
13.226,-6.712,7.428,3.283,-2.566,-0.050, 0.174, 2.047,0.000,0.000,0.000,-0.214,-0.598,-1.733;
13.238,-6.708,7.432,3.287,-2.563,-0.050, 0.174, 2.047,0.000,0.000,0.000,-0.212,-0.599,-1.733;
13.251,-6.703,7.436,3.292,-2.559,-0.050, 0.174, 2.047,0.000,0.000,0.000,-0.211,-0.600,-1.733;
13.261,-6.699,7.439,3.295,-2.556,-0.050, 0.174, 2.047,0.000,0.000,0.000,-0.209,-0.601,-1.733;
13.271,-6.696,7.442,3.299,-2.552,-0.050, 0.174, 2.047,0.000,0.000,0.000,-0.208,-0.602,-1.733;
13.283,-6.691,7.446,3.303,-2.549,-0.050, 0.174, 2.047,0.000,0.000,0.000,-0.206,-0.603,-1.733;
13.295,-6.687,7.450,3.308,-2.545,-0.050, 0.174, 2.047,0.000,0.000,0.000,-0.205,-0.604,-1.733;
13.305,-6.683,7.453,3.312,-2.542,-0.050, 0.174, 2.047,0.000,0.000,0.000,-0.203,-0.605,-1.733;
13.317,-6.679,7.456,3.316,-2.538,-0.050, 0.174, 2.047,0.000,0.000,0.000,-0.202,-0.606,-1.733;
13.329,-6.675,7.460,3.320,-2.535,-0.050, 0.174, 2.047,0.000,0.000,0.000,-0.200,-0.607,-1.733;
13.339,-6.671,7.463,3.324,-2.532,-0.050, 0.174, 2.047,0.000,0.000,0.000,-0.199,-0.608,-1.733;
13.361,-6.663,7.470,3.332,-2.525,-0.050, 0.174, 2.047,0.000,0.000,0.000,-0.196,-0.609,-1.733;
13.365,-6.661,7.471,3.334,-2.524,-0.050, 0.174, 2.047,0.000,0.000,0.000,-0.195,-0.610,-1.733;
13.377,-6.657,7.474,3.338,-2.520,-0.050, 0.174, 2.047,0.000,0.000,0.000,-0.194,-0.610,-1.733;
13.388,-6.653,7.478,3.342,-2.517,-0.050, 0.174, 2.047,0.000,0.000,0.000,-0.192,-0.611,-1.733;
13.400,-6.648,7.481,3.346,-2.513,-0.050, 0.174, 2.047,0.000,0.000,0.000,-0.190,-0.612,-1.733;
13.422,-6.640,7.488,3.355,-2.507,-0.050, 0.174, 2.047,0.000,0.000,0.000,-0.187,-0.614,-1.733;
13.427,-6.638,7.489,3.357,-2.505,-0.050, 0.174, 2.047,0.000,0.000,0.000,-0.187,-0.614,-1.733;
13.437,-6.635,7.492,3.360,-2.503,-0.050, 0.174, 2.047,0.000,0.000,0.000,-0.185,-0.615,-1.733;
13.459,-6.626,7.498,3.369,-2.496,-0.050, 0.174, 2.047,0.000,0.000,0.000,-0.182,-0.617,-1.733;
13.471,-6.622,7.502,3.373,-2.493,-0.050, 0.174, 2.047,0.000,0.000,0.000,-0.181,-0.617,-1.733;
13.484,-6.617,7.506,3.378,-2.489,-0.050, 0.174, 2.047,0.000,0.000,0.000,-0.179,-0.618,-1.733;
13.487,-6.615,7.507,3.379,-2.488,-0.050, 0.174, 2.047,0.000,0.000,0.000,-0.178,-0.619,-1.733;
13.499,-6.611,7.510,3.384,-2.485,-0.050, 0.174, 2.047,0.000,0.000,0.000,-0.177,-0.620,-1.733;
13.510,-6.607,7.513,3.388,-2.482,-0.050, 0.174, 2.047,0.000,0.000,0.000,-0.175,-0.620,-1.733;
13.532,-6.598,7.519,3.396,-2.476,-0.050, 0.174, 2.047,0.000,0.000,0.000,-0.172,-0.622,-1.733;
13.545,-6.593,7.523,3.401,-2.472,-0.050, 0.174, 2.047,0.000,0.000,0.000,-0.170,-0.623,-1.733;
13.557,-6.589,7.526,3.406,-2.469,-0.050, 0.174, 2.047,0.000,0.000,0.000,-0.169,-0.624,-1.733;
13.568,-6.584,7.529,3.410,-2.466,-0.050, 0.174, 2.047,0.000,0.000,0.000,-0.167,-0.624,-1.733;
13.582,-6.579,7.533,3.416,-2.462,-0.050, 0.174, 2.047,0.000,0.000,0.000,-0.165,-0.625,-1.733;
13.593,-6.575,7.536,3.420,-2.459,-0.050, 0.174, 2.047,0.000,0.000,0.000,-0.163,-0.626,-1.733;
13.597,-6.573,7.537,3.422,-2.458,-0.050, 0.174, 2.047,0.000,0.000,0.000,-0.163,-0.626,-1.733;
13.608,-6.569,7.540,3.426,-2.455,-0.050, 0.174, 2.047,0.000,0.000,0.000,-0.161,-0.627,-1.733;
13.631,-6.560,7.546,3.435,-2.449,-0.050, 0.174, 2.047,0.000,0.000,0.000,-0.158,-0.629,-1.733;
13.635,-6.558,7.547,3.437,-2.447,-0.050, 0.174, 2.047,0.000,0.000,0.000,-0.157,-0.629,-1.733;
13.647,-6.554,7.550,3.441,-2.444,-0.050, 0.174, 2.047,0.000,0.000,0.000,-0.156,-0.630,-1.733;
13.658,-6.549,7.553,3.446,-2.441,-0.050, 0.174, 2.047,0.000,0.000,0.000,-0.154,-0.630,-1.733;
13.669,-6.545,7.556,3.450,-2.439,-0.050, 0.174, 2.047,0.000,0.000,0.000,-0.153,-0.631,-1.733;
13.690,-6.536,7.562,3.458,-2.433,-0.050, 0.174, 2.047,0.000,0.000,0.000,-0.150,-0.632,-1.733;
13.702,-6.532,7.565,3.463,-2.430,-0.050, 0.174, 2.047,0.000,0.000,0.000,-0.148,-0.633,-1.733;
13.713,-9.512,4.670,0.409,-5.251,-0.052, 0.174, 2.034,-0.156,0.000,-1.147,-0.144,-0.634,-1.720;
13.725,-3.827,10.263,6.168,0.268,-0.050, 0.174, 2.047,0.147,0.000,1.081,-0.144,-0.635,-1.733;
13.737,-6.518,7.574,3.477,-2.421,-0.050, 0.174, 2.047,0.000,0.000,0.000,-0.143,-0.635,-1.733;
13.748,-6.513,7.577,3.482,-2.418,-0.050, 0.174, 2.047,0.000,0.000,0.000,-0.141,-0.636,-1.733;
13.760,-6.508,7.580,3.487,-2.415,-0.050, 0.174, 2.047,0.000,0.000,0.000,-0.139,-0.637,-1.733;
13.772,-6.503,7.583,3.491,-2.412,-0.050, 0.174, 2.047,0.000,0.000,0.000,-0.138,-0.637,-1.733;
13.784,-6.499,7.585,3.496,-2.409,-0.050, 0.174, 2.047,0.000,0.000,0.000,-0.136,-0.638,-1.733;
13.795,-6.494,7.588,3.500,-2.407,-0.050, 0.174, 2.047,0.000,0.000,0.000,-0.134,-0.639,-1.733;
13.806,-6.490,7.591,3.505,-2.404,-0.050, 0.174, 2.047,0.000,0.000,0.000,-0.133,-0.639,-1.733;
13.817,-6.485,7.594,3.509,-2.401,-0.050, 0.174, 2.047,0.000,0.000,0.000,-0.131,-0.640,-1.733;
13.828,-6.481,7.596,3.514,-2.399,-0.050, 0.174, 2.047,0.000,0.000,0.000,-0.130,-0.641,-1.733;
13.849,-6.472,7.601,3.523,-2.393,-0.050, 0.174, 2.047,0.000,0.000,0.000,-0.126,-0.642,-1.733;
13.860,-6.468,7.604,3.527,-2.391,-0.050, 0.174, 2.047,0.000,0.000,0.000,-0.125,-0.642,-1.733;
13.871,-6.463,7.607,3.532,-2.388,-0.050, 0.174, 2.047,0.000,0.000,0.000,-0.123,-0.643,-1.733;
13.883,-6.458,7.609,3.537,-2.385,-0.050, 0.174, 2.047,0.000,0.000,0.000,-0.121,-0.644,-1.733;
13.894,-6.454,7.612,3.541,-2.383,-0.050, 0.174, 2.047,0.000,0.000,0.000,-0.120,-0.644,-1.733;
13.905,-6.449,7.615,3.546,-2.380,-0.050, 0.174, 2.047,0.000,0.000,0.000,-0.118,-0.645,-1.733;
13.916,-6.444,7.617,3.551,-2.378,-0.050, 0.174, 2.047,0.000,0.000,0.000,-0.116,-0.645,-1.733;
13.928,-6.439,7.620,3.555,-2.375,-0.050, 0.174, 2.047,0.000,0.000,0.000,-0.115,-0.646,-1.733;
13.940,-6.435,7.623,3.560,-2.372,-0.050, 0.174, 2.047,0.000,0.000,0.000,-0.113,-0.647,-1.733;
13.951,-6.430,7.625,3.565,-2.370,-0.050, 0.174, 2.047,0.000,0.000,0.000,-0.111,-0.647,-1.733;
13.963,-6.425,7.628,3.570,-2.367,-0.050, 0.174, 2.047,0.000,0.000,0.000,-0.110,-0.648,-1.733;
13.985,-6.416,7.633,3.579,-2.362,-0.050, 0.174, 2.047,0.000,0.000,0.000,-0.106,-0.649,-1.733;
13.997,-6.411,7.635,3.584,-2.360,-0.050, 0.174, 2.047,0.000,0.000,0.000,-0.105,-0.649,-1.733;
14.009,-6.406,7.638,3.589,-2.357,-0.050, 0.174, 2.047,0.000,0.000,0.000,-0.103,-0.650,-1.733;
14.014,-6.403,7.639,3.592,-2.356,-0.050, 0.174, 2.047,0.000,0.000,0.000,-0.102,-0.650,-1.733;
14.025,-6.399,7.642,3.596,-2.353,-0.050, 0.174, 2.047,0.000,0.000,0.000,-0.100,-0.651,-1.733;
14.037,-6.394,7.644,3.601,-2.351,-0.050, 0.174, 2.047,0.000,0.000,0.000,-0.099,-0.651,-1.733;
14.048,-6.389,7.646,3.606,-2.348,-0.050, 0.174, 2.047,0.000,0.000,0.000,-0.097,-0.652,-1.733;
14.070,-6.380,7.651,3.615,-2.344,-0.050, 0.174, 2.047,0.000,0.000,0.000,-0.094,-0.653,-1.733;
14.082,-6.374,7.654,3.620,-2.341,-0.050, 0.174, 2.047,0.000,0.000,0.000,-0.092,-0.653,-1.733;
14.095,-6.369,7.656,3.626,-2.339,-0.050, 0.174, 2.047,0.000,0.000,0.000,-0.090,-0.654,-1.733;
14.099,-6.367,7.657,3.628,-2.338,-0.050, 0.174, 2.047,0.000,0.000,0.000,-0.089,-0.654,-1.733;
14.109,-6.363,7.659,3.632,-2.336,-0.050, 0.174, 2.047,0.000,0.000,0.000,-0.088,-0.655,-1.733;
14.132,-6.353,7.664,3.642,-2.331,-0.050, 0.174, 2.047,0.000,0.000,0.000,-0.084,-0.656,-1.733;
14.135,-6.352,7.664,3.643,-2.330,-0.050, 0.174, 2.047,0.000,0.000,0.000,-0.084,-0.656,-1.733;
14.146,-6.347,7.667,3.648,-2.328,-0.050, 0.174, 2.047,0.000,0.000,0.000,-0.082,-0.656,-1.733;
14.168,-6.338,7.671,3.657,-2.324,-0.050, 0.174, 2.047,0.000,0.000,0.000,-0.079,-0.657,-1.733;
14.180,-6.332,7.673,3.663,-2.321,-0.050, 0.174, 2.047,0.000,0.000,0.000,-0.077,-0.658,-1.733;
14.193,-6.327,7.676,3.668,-2.319,-0.050, 0.174, 2.047,0.000,0.000,0.000,-0.075,-0.658,-1.733;
14.205,-6.322,7.678,3.673,-2.317,-0.050, 0.174, 2.047,0.000,0.000,0.000,-0.073,-0.659,-1.733;
14.217,-6.316,7.680,3.678,-2.314,-0.050, 0.174, 2.047,0.000,0.000,0.000,-0.071,-0.659,-1.733;
14.229,-6.311,7.683,3.684,-2.312,-0.050, 0.174, 2.047,0.000,0.000,0.000,-0.069,-0.659,-1.733;
14.241,-6.306,7.685,3.689,-2.310,-0.050, 0.174, 2.047,0.000,0.000,0.000,-0.068,-0.660,-1.733;
14.252,-6.301,7.687,3.694,-2.308,-0.050, 0.174, 2.047,0.000,0.000,0.000,-0.066,-0.660,-1.733;
14.264,-6.296,7.689,3.699,-2.306,-0.050, 0.174, 2.047,0.000,0.000,0.000,-0.064,-0.661,-1.733;
14.276,-6.290,7.691,3.704,-2.303,-0.050, 0.174, 2.047,0.000,0.000,0.000,-0.062,-0.661,-1.733;
14.288,-6.285,7.694,3.710,-2.301,-0.050, 0.174, 2.047,0.000,0.000,0.000,-0.060,-0.662,-1.733;
14.300,-6.280,7.696,3.715,-2.299,-0.050, 0.174, 2.047,0.000,0.000,0.000,-0.059,-0.662,-1.733;
14.312,-6.275,7.698,3.720,-2.297,-0.050, 0.174, 2.047,0.000,0.000,0.000,-0.057,-0.662,-1.733;
14.324,-6.269,7.700,3.726,-2.295,-0.050, 0.174, 2.047,0.000,0.000,0.000,-0.055,-0.663,-1.733;
14.337,-6.264,7.702,3.731,-2.293,-0.050, 0.174, 2.047,0.000,0.000,0.000,-0.053,-0.663,-1.733;
14.349,-6.258,7.704,3.737,-2.290,-0.050, 0.174, 2.047,0.000,0.000,0.000,-0.051,-0.664,-1.733;
14.361,-6.253,7.706,3.742,-2.288,-0.050, 0.174, 2.047,0.000,0.000,0.000,-0.049,-0.664,-1.733;
14.373,-6.248,7.708,3.747,-2.286,-0.050, 0.174, 2.047,0.000,0.000,0.000,-0.047,-0.664,-1.733;
14.386,-6.242,7.711,3.753,-2.284,-0.050, 0.174, 2.047,0.000,0.000,0.000,-0.045,-0.665,-1.733;
14.398,-6.237,7.713,3.758,-2.282,-0.050, 0.174, 2.047,0.000,0.000,0.000,-0.044,-0.665,-1.733;
14.411,-6.231,7.715,3.764,-2.280,-0.050, 0.174, 2.047,0.000,0.000,0.000,-0.042,-0.666,-1.733;
14.424,-6.225,7.717,3.770,-2.278,-0.050, 0.174, 2.047,0.000,0.000,0.000,-0.039,-0.666,-1.733;
14.428,-6.223,7.718,3.772,-2.277,-0.050, 0.174, 2.047,0.000,0.000,0.000,-0.039,-0.666,-1.733;
14.440,-6.218,7.719,3.777,-2.275,-0.050, 0.174, 2.047,0.000,0.000,0.000,-0.037,-0.666,-1.733;
14.462,-6.208,7.723,3.787,-2.272,-0.050, 0.174, 2.047,0.000,0.000,0.000,-0.034,-0.667,-1.733;
14.466,-6.206,7.724,3.789,-2.271,-0.050, 0.174, 2.047,0.000,0.000,0.000,-0.033,-0.667,-1.733;
14.477,-6.201,7.725,3.794,-2.270,-0.050, 0.174, 2.047,0.000,0.000,0.000,-0.031,-0.667,-1.733;
14.488,-6.196,7.727,3.799,-2.268,-0.050, 0.174, 2.047,0.000,0.000,0.000,-0.030,-0.668,-1.733;
14.510,-6.186,7.730,3.809,-2.265,-0.050, 0.174, 2.047,0.000,0.000,0.000,-0.026,-0.668,-1.733;
14.523,-6.180,7.732,3.814,-2.263,-0.050, 0.174, 2.047,0.000,0.000,0.000,-0.024,-0.668,-1.733;
14.528,-6.178,7.733,3.817,-2.262,-0.050, 0.174, 2.047,0.000,0.000,0.000,-0.023,-0.669,-1.733;
14.537,-6.174,7.734,3.821,-2.261,-0.050, 0.174, 2.047,0.000,0.000,0.000,-0.022,-0.669,-1.733;
14.559,-6.164,7.737,3.830,-2.258,-0.050, 0.174, 2.047,0.000,0.000,0.000,-0.019,-0.669,-1.733;
14.570,-6.159,7.739,3.836,-2.256,-0.050, 0.174, 2.047,0.000,0.000,0.000,-0.017,-0.670,-1.733;
14.583,-6.153,7.741,3.842,-2.254,-0.050, 0.174, 2.047,0.000,0.000,0.000,-0.015,-0.670,-1.733;
14.596,-6.147,7.742,3.847,-2.252,-0.050, 0.174, 2.047,0.000,0.000,0.000,-0.013,-0.670,-1.733;
14.599,-6.146,7.743,3.849,-2.252,-0.050, 0.174, 2.047,0.000,0.000,0.000,-0.012,-0.670,-1.733;
14.620,-6.136,7.746,3.858,-2.249,-0.050, 0.174, 2.047,0.000,0.000,0.000,-0.009,-0.671,-1.733;
14.632,-6.131,7.747,3.864,-2.247,-0.050, 0.174, 2.047,0.000,0.000,0.000,-0.007,-0.671,-1.733;
14.645,-6.125,7.749,3.870,-2.246,-0.050, 0.174, 2.047,0.000,0.000,0.000,-0.005,-0.671,-1.733;
14.656,-6.120,7.751,3.875,-2.244,-0.050, 0.174, 2.047,0.000,0.000,0.000,-0.003,-0.671,-1.733;
14.668,-6.114,7.752,3.880,-2.243,-0.050, 0.174, 2.047,0.000,0.000,0.000,-0.002,-0.671,-1.733;
14.679,-6.109,7.753,3.886,-2.241,-0.050, 0.174, 2.047,0.000,0.000,0.000, 0.000,-0.672,-1.733;
14.691,-6.104,7.755,3.891,-2.240,-0.050, 0.174, 2.047,0.000,0.000,0.000, 0.002,-0.672,-1.733;
14.703,-6.098,7.756,3.896,-2.238,-0.050, 0.174, 2.047,0.000,0.000,0.000, 0.004,-0.672,-1.733;
14.714,-6.093,7.758,3.902,-2.237,-0.050, 0.174, 2.047,0.000,0.000,0.000, 0.006,-0.672,-1.733;
14.726,-6.088,7.759,3.907,-2.236,-0.050, 0.174, 2.047,0.000,0.000,0.000, 0.008,-0.672,-1.733;
14.739,-6.082,7.761,3.913,-2.234,-0.050, 0.174, 2.047,0.000,0.000,0.000, 0.010,-0.672,-1.733;
14.749,-6.077,7.762,3.918,-2.233,-0.050, 0.174, 2.047,0.000,0.000,0.000, 0.011,-0.673,-1.733;
14.760,-6.072,7.763,3.923,-2.232,-0.050, 0.174, 2.047,0.000,0.000,0.000, 0.013,-0.673,-1.733;
14.771,-6.067,7.764,3.928,-2.231,-0.050, 0.174, 2.047,0.000,0.000,0.000, 0.015,-0.673,-1.733;
14.782,-6.062,7.766,3.933,-2.229,-0.050, 0.174, 2.047,0.000,0.000,0.000, 0.016,-0.673,-1.733;
14.804,-6.052,7.768,3.943,-2.227,-0.050, 0.174, 2.047,0.000,0.000,0.000, 0.020,-0.673,-1.733;
14.808,-6.050,7.768,3.945,-2.227,-0.050, 0.174, 2.047,0.000,0.000,0.000, 0.020,-0.673,-1.733;
14.828,-6.041,7.770,3.954,-2.224,-0.050, 0.174, 2.047,0.000,0.000,0.000, 0.023,-0.673,-1.733;
14.839,-6.036,7.772,3.959,-2.223,-0.050, 0.174, 2.047,0.000,0.000,0.000, 0.025,-0.673,-1.733;
14.850,-6.030,7.773,3.964,-2.222,-0.050, 0.174, 2.047,0.000,0.000,0.000, 0.027,-0.674,-1.733;
14.861,-6.025,7.774,3.970,-2.221,-0.050, 0.174, 2.047,0.000,0.000,0.000, 0.029,-0.674,-1.733;
14.873,-6.020,7.775,3.975,-2.220,-0.050, 0.174, 2.047,0.000,0.000,0.000, 0.031,-0.674,-1.733;
14.884,-6.014,7.776,3.980,-2.219,-0.050, 0.174, 2.047,0.000,0.000,0.000, 0.032,-0.674,-1.733;
14.895,-6.009,7.777,3.985,-2.218,-0.050, 0.174, 2.047,0.000,0.000,0.000, 0.034,-0.674,-1.733;
14.907,-6.004,7.778,3.991,-2.217,-0.050, 0.174, 2.047,0.000,0.000,0.000, 0.036,-0.674,-1.733;
14.919,-5.999,7.779,3.996,-2.216,-0.050, 0.174, 2.047,0.000,0.000,0.000, 0.038,-0.674,-1.733;
14.930,-5.993,7.780,4.002,-2.215,-0.050, 0.174, 2.047,0.000,0.000,0.000, 0.040,-0.674,-1.733;
14.942,-5.988,7.781,4.007,-2.214,-0.050, 0.174, 2.047,0.000,0.000,0.000, 0.041,-0.674,-1.733;
14.953,-5.982,7.782,4.012,-2.213,-0.050, 0.174, 2.047,0.000,0.000,0.000, 0.043,-0.674,-1.733;
14.975,-5.972,7.784,4.022,-2.211,-0.050, 0.174, 2.047,0.000,0.000,0.000, 0.047,-0.674,-1.733;
14.980,-5.970,7.784,4.025,-2.210,-0.050, 0.174, 2.047,0.000,0.000,0.000, 0.047,-0.674,-1.733;
14.990,-5.965,7.785,4.030,-2.210,-0.050, 0.174, 2.047,0.000,0.000,0.000, 0.049,-0.674,-1.733;
15.002,-5.960,7.786,4.035,-2.209,-0.050, 0.174, 2.047,0.000,0.000,0.000, 0.051,-0.674,-1.733;
15.023,-5.950,7.788,4.045,-2.207,-0.050, 0.174, 2.047,0.000,0.000,0.000, 0.054,-0.674,-1.733;
15.036,-5.944,7.789,4.051,-2.206,-0.050, 0.174, 2.047,0.000,0.000,0.000, 0.056,-0.674,-1.733;
15.048,-5.938,7.790,4.057,-2.205,-0.050, 0.174, 2.047,0.000,0.000,0.000, 0.058,-0.674,-1.733;
15.060,-5.932,7.790,4.062,-2.204,-0.050, 0.174, 2.047,0.000,0.000,0.000, 0.060,-0.674,-1.733;
15.071,-5.927,7.791,4.068,-2.204,-0.050, 0.174, 2.047,0.000,0.000,0.000, 0.062,-0.674,-1.733;
15.083,-5.921,7.792,4.073,-2.203,-0.050, 0.174, 2.047,0.000,0.000,0.000, 0.064,-0.674,-1.733;
15.096,-5.915,7.793,4.080,-2.202,-0.050, 0.174, 2.047,0.000,0.000,0.000, 0.066,-0.674,-1.733;
15.109,-5.909,7.794,4.086,-2.201,-0.050, 0.174, 2.047,0.000,0.000,0.000, 0.068,-0.674,-1.733;
15.113,-5.907,7.794,4.087,-2.201,-0.050, 0.174, 2.047,0.000,0.000,0.000, 0.068,-0.674,-1.733;
15.124,-5.902,7.795,4.093,-2.200,-0.050, 0.174, 2.047,0.000,0.000,0.000, 0.070,-0.674,-1.733;
15.145,-5.892,7.796,4.103,-2.199,-0.050, 0.174, 2.047,0.000,0.000,0.000, 0.073,-0.674,-1.733;
15.158,-5.886,7.797,4.108,-2.198,-0.050, 0.174, 2.047,0.000,0.000,0.000, 0.075,-0.673,-1.733;
15.169,-5.881,7.797,4.114,-2.198,-0.050, 0.174, 2.047,0.000,0.000,0.000, 0.077,-0.673,-1.733;
15.180,-5.876,7.798,4.119,-2.197,-0.050, 0.174, 2.047,0.000,0.000,0.000, 0.079,-0.673,-1.733;
15.191,-5.870,7.798,4.124,-2.196,-0.050, 0.174, 2.047,0.000,0.000,0.000, 0.081,-0.673,-1.733;
15.203,-5.865,7.799,4.130,-2.196,-0.050, 0.174, 2.047,0.000,0.000,0.000, 0.082,-0.673,-1.733;
15.215,-5.859,7.799,4.135,-2.195,-0.050, 0.174, 2.047,0.000,0.000,0.000, 0.084,-0.673,-1.733;
15.226,-5.854,7.800,4.141,-2.195,-0.050, 0.174, 2.047,0.000,0.000,0.000, 0.086,-0.673,-1.733;
15.237,-5.849,7.800,4.146,-2.194,-0.050, 0.174, 2.047,0.000,0.000,0.000, 0.088,-0.673,-1.733;
15.248,-5.844,7.801,4.151,-2.194,-0.050, 0.174, 2.047,0.000,0.000,0.000, 0.089,-0.673,-1.733;
15.259,-5.838,7.801,4.157,-2.193,-0.050, 0.174, 2.047,0.000,0.000,0.000, 0.091,-0.672,-1.733;
15.280,-5.828,7.802,4.166,-2.193,-0.050, 0.174, 2.047,0.000,0.000,0.000, 0.094,-0.672,-1.733;
15.292,-5.823,7.803,4.172,-2.192,-0.050, 0.174, 2.047,0.000,0.000,0.000, 0.096,-0.672,-1.733;
15.303,-5.818,7.803,4.177,-2.192,-0.050, 0.174, 2.047,0.000,0.000,0.000, 0.098,-0.672,-1.733;
15.315,-5.812,7.803,4.183,-2.191,-0.050, 0.174, 2.047,0.000,0.000,0.000, 0.100,-0.672,-1.733;
15.327,-5.806,7.804,4.189,-2.191,-0.050, 0.174, 2.047,0.000,0.000,0.000, 0.102,-0.671,-1.733;
15.339,-5.801,7.804,4.194,-2.191,-0.050, 0.174, 2.047,0.000,0.000,0.000, 0.104,-0.671,-1.733;
15.350,-5.795,7.804,4.200,-2.190,-0.050, 0.174, 2.047,0.000,0.000,0.000, 0.105,-0.671,-1.733;
15.362,-5.790,7.805,4.205,-2.190,-0.050, 0.174, 2.047,0.000,0.000,0.000, 0.107,-0.671,-1.733;
15.374,-5.784,7.805,4.211,-2.190,-0.050, 0.174, 2.047,0.000,0.000,0.000, 0.109,-0.671,-1.733;
15.385,-5.779,7.805,4.216,-2.190,-0.050, 0.174, 2.047,0.000,0.000,0.000, 0.111,-0.670,-1.733;
15.396,-5.773,7.805,4.222,-2.189,-0.050, 0.174, 2.047,0.000,0.000,0.000, 0.113,-0.670,-1.733;
15.408,-5.768,7.806,4.227,-2.189,-0.050, 0.174, 2.047,0.000,0.000,0.000, 0.114,-0.670,-1.733;
15.419,-5.762,7.806,4.232,-2.189,-0.050, 0.174, 2.047,0.000,0.000,0.000, 0.116,-0.670,-1.733;
15.430,-5.757,7.806,4.238,-2.189,-0.050, 0.174, 2.047,0.000,0.000,0.000, 0.118,-0.670,-1.733;
15.452,-5.747,7.806,4.248,-2.188,-0.050, 0.174, 2.047,0.000,0.000,0.000, 0.121,-0.669,-1.733;
15.454,-5.746,7.806,4.249,-2.188,-0.050, 0.174, 2.047,0.000,0.000,0.000, 0.122,-0.669,-1.733;
15.476,-5.735,7.807,4.259,-2.188,-0.050, 0.174, 2.047,0.000,0.000,0.000, 0.125,-0.668,-1.733;
15.482,-5.733,7.807,4.262,-2.188,-0.050, 0.174, 2.047,0.000,0.000,0.000, 0.126,-0.668,-1.733;
15.492,-5.728,7.807,4.267,-2.188,-0.050, 0.174, 2.047,0.000,0.000,0.000, 0.128,-0.668,-1.733;
15.504,-5.722,7.807,4.273,-2.188,-0.050, 0.174, 2.047,0.000,0.000,0.000, 0.129,-0.668,-1.733;
15.525,-5.712,7.807,4.283,-2.188,-0.050, 0.174, 2.047,0.000,0.000,0.000, 0.133,-0.667,-1.733;
15.530,-5.710,7.807,4.285,-2.188,-0.050, 0.174, 2.047,0.000,0.000,0.000, 0.133,-0.667,-1.733;
15.542,-5.704,7.807,4.291,-2.188,-0.050, 0.174, 2.047,0.000,0.000,0.000, 0.135,-0.667,-1.733;
15.553,-5.699,7.807,4.296,-2.188,-0.050, 0.174, 2.047,0.000,0.000,0.000, 0.137,-0.667,-1.733;
15.564,-5.694,7.807,4.301,-2.188,-0.050, 0.174, 2.047,0.000,0.000,0.000, 0.139,-0.666,-1.733;
15.577,-5.688,7.807,4.307,-2.188,-0.050, 0.174, 2.047,0.000,0.000,0.000, 0.141,-0.666,-1.733;
15.598,-5.677,7.806,4.318,-2.188,-0.050, 0.174, 2.047,0.000,0.000,0.000, 0.144,-0.665,-1.733;
15.602,-5.675,7.806,4.319,-2.188,-0.050, 0.174, 2.047,0.000,0.000,0.000, 0.145,-0.665,-1.733;
15.614,-5.670,7.806,4.325,-2.189,-0.050, 0.174, 2.047,0.000,0.000,0.000, 0.146,-0.665,-1.733;
15.635,-5.660,7.806,4.335,-2.189,-0.050, 0.174, 2.047,0.000,0.000,0.000, 0.150,-0.664,-1.733;
15.642,-5.656,7.806,4.338,-2.189,-0.050, 0.174, 2.047,0.000,0.000,0.000, 0.151,-0.664,-1.733;
15.653,-5.651,7.806,4.343,-2.189,-0.050, 0.174, 2.047,0.000,0.000,0.000, 0.152,-0.664,-1.733;
15.664,-5.646,7.805,4.349,-2.189,-0.050, 0.174, 2.047,0.000,0.000,0.000, 0.154,-0.663,-1.733;
15.676,-5.641,7.805,4.354,-2.190,-0.050, 0.174, 2.047,0.000,0.000,0.000, 0.156,-0.663,-1.733;
15.687,-5.635,7.805,4.360,-2.190,-0.050, 0.174, 2.047,0.000,0.000,0.000, 0.158,-0.662,-1.733;
15.709,-5.625,7.804,4.370,-2.191,-0.050, 0.174, 2.047,0.000,0.000,0.000, 0.161,-0.662,-1.733;
15.720,-5.619,7.804,4.375,-2.191,-0.050, 0.174, 2.047,0.000,0.000,0.000, 0.163,-0.661,-1.733;
15.733,-5.613,7.804,4.382,-2.191,-0.050, 0.174, 2.047,0.000,0.000,0.000, 0.165,-0.661,-1.733;
15.739,-5.611,7.803,4.384,-2.191,-0.050, 0.174, 2.047,0.000,0.000,0.000, 0.165,-0.661,-1.733;
15.749,-5.606,7.803,4.389,-2.192,-0.050, 0.174, 2.047,0.000,0.000,0.000, 0.167,-0.660,-1.733;
15.760,-5.601,7.803,4.394,-2.192,-0.050, 0.174, 2.047,0.000,0.000,0.000, 0.169,-0.660,-1.733;
15.782,-5.590,7.802,4.405,-2.193,-0.050, 0.174, 2.047,0.000,0.000,0.000, 0.172,-0.659,-1.733;
15.785,-5.589,7.802,4.406,-2.193,-0.050, 0.174, 2.047,0.000,0.000,0.000, 0.173,-0.659,-1.733;
15.797,-5.583,7.801,4.412,-2.193,-0.050, 0.174, 2.047,0.000,0.000,0.000, 0.174,-0.658,-1.733;
15.819,-5.573,7.800,4.422,-2.194,-0.050, 0.174, 2.047,0.000,0.000,0.000, 0.178,-0.658,-1.733;
15.830,-5.567,7.800,4.428,-2.195,-0.050, 0.174, 2.047,0.000,0.000,0.000, 0.179,-0.657,-1.733;
15.843,-5.561,7.799,4.434,-2.196,-0.050, 0.174, 2.047,0.000,0.000,0.000, 0.181,-0.657,-1.733;
15.855,-5.555,7.799,4.439,-2.196,-0.050, 0.174, 2.047,0.000,0.000,0.000, 0.183,-0.656,-1.733;
15.868,-5.549,7.798,4.446,-2.197,-0.050, 0.174, 2.047,0.000,0.000,0.000, 0.185,-0.656,-1.733;
15.873,-5.547,7.798,4.448,-2.197,-0.050, 0.174, 2.047,0.000,0.000,0.000, 0.186,-0.655,-1.733;
15.882,-5.543,7.797,4.452,-2.197,-0.050, 0.174, 2.047,0.000,0.000,0.000, 0.187,-0.655,-1.733;
15.904,-5.533,7.796,4.462,-2.199,-0.050, 0.174, 2.047,0.000,0.000,0.000, 0.191,-0.654,-1.733;
15.916,-5.527,7.795,4.468,-2.199,-0.050, 0.174, 2.047,0.000,0.000,0.000, 0.192,-0.653,-1.733;
15.928,-5.521,7.795,4.474,-2.200,-0.050, 0.174, 2.047,0.000,0.000,0.000, 0.194,-0.653,-1.733;
15.931,-5.520,7.795,4.475,-2.200,-0.050, 0.174, 2.047,0.000,0.000,0.000, 0.195,-0.653,-1.733;
15.953,-5.509,7.793,4.486,-2.202,-0.050, 0.174, 2.047,0.000,0.000,0.000, 0.198,-0.652,-1.733;
15.966,-5.503,7.792,4.491,-2.202,-0.050, 0.174, 2.047,0.000,0.000,0.000, 0.200,-0.651,-1.733;
15.968,-5.502,7.792,4.493,-2.203,-0.050, 0.174, 2.047,0.000,0.000,0.000, 0.200,-0.651,-1.733;
15.980,-5.496,7.791,4.498,-2.203,-0.050, 0.174, 2.047,0.000,0.000,0.000, 0.202,-0.651,-1.733;
16.002,-5.486,7.790,4.509,-2.205,-0.050, 0.174, 2.047,0.000,0.000,0.000, 0.205,-0.649,-1.733;
16.006,-5.485,7.790,4.510,-2.205,-0.050, 0.174, 2.047,0.000,0.000,0.000, 0.206,-0.649,-1.733;
16.017,-5.479,7.789,4.515,-2.206,-0.050, 0.174, 2.047,0.000,0.000,0.000, 0.208,-0.649,-1.733;
16.039,-5.469,7.787,4.526,-2.208,-0.050, 0.174, 2.047,0.000,0.000,0.000, 0.211,-0.648,-1.733;
16.042,-5.468,7.787,4.527,-2.208,-0.050, 0.174, 2.047,0.000,0.000,0.000, 0.211,-0.648,-1.733;
16.064,-5.457,7.785,4.538,-2.209,-0.050, 0.174, 2.047,0.000,0.000,0.000, 0.214,-0.646,-1.733;
16.067,-5.456,7.785,4.539,-2.210,-0.050, 0.174, 2.047,0.000,0.000,0.000, 0.215,-0.646,-1.733;
16.079,-5.450,7.784,4.544,-2.211,-0.050, 0.174, 2.047,0.000,0.000,0.000, 0.217,-0.646,-1.733;
16.091,-5.445,7.783,4.550,-2.212,-0.050, 0.174, 2.047,0.000,0.000,0.000, 0.218,-0.645,-1.733;
16.112,-5.435,7.781,4.560,-2.214,-0.050, 0.174, 2.047,0.000,0.000,0.000, 0.222,-0.644,-1.733;
16.125,-5.429,7.780,4.566,-2.215,-0.050, 0.174, 2.047,0.000,0.000,0.000, 0.223,-0.643,-1.733;
16.129,-5.427,7.780,4.568,-2.215,-0.050, 0.174, 2.047,0.000,0.000,0.000, 0.224,-0.643,-1.733;
16.139,-5.422,7.779,4.573,-2.216,-0.050, 0.174, 2.047,0.000,0.000,0.000, 0.226,-0.642,-1.733;
16.161,-5.412,7.777,4.583,-2.218,-0.050, 0.174, 2.047,0.000,0.000,0.000, 0.229,-0.641,-1.733;
16.173,-5.406,7.776,4.589,-2.219,-0.050, 0.174, 2.047,0.000,0.000,0.000, 0.231,-0.640,-1.733;
16.177,-5.404,7.775,4.591,-2.219,-0.050, 0.174, 2.047,0.000,0.000,0.000, 0.231,-0.640,-1.733;
16.189,-5.399,7.774,4.596,-2.221,-0.050, 0.174, 2.047,0.000,0.000,0.000, 0.233,-0.640,-1.733;
16.200,-5.394,7.773,4.601,-2.222,-0.050, 0.174, 2.047,0.000,0.000,0.000, 0.235,-0.639,-1.733;
16.222,-5.383,7.771,4.611,-2.224,-0.050, 0.174, 2.047,0.000,0.000,0.000, 0.238,-0.638,-1.733;
16.228,-5.381,7.770,4.614,-2.225,-0.050, 0.174, 2.047,0.000,0.000,0.000, 0.239,-0.637,-1.733;
16.239,-5.375,7.769,4.619,-2.226,-0.050, 0.174, 2.047,0.000,0.000,0.000, 0.240,-0.637,-1.733;
16.251,-5.370,7.768,4.625,-2.227,-0.050, 0.174, 2.047,0.000,0.000,0.000, 0.242,-0.636,-1.733;
16.263,-5.365,7.767,4.630,-2.228,-0.050, 0.174, 2.047,0.000,0.000,0.000, 0.244,-0.635,-1.733;
16.274,-5.359,7.765,4.635,-2.230,-0.050, 0.174, 2.047,0.000,0.000,0.000, 0.245,-0.635,-1.733;
16.286,-5.354,7.764,4.641,-2.231,-0.050, 0.174, 2.047,0.000,0.000,0.000, 0.247,-0.634,-1.733;
16.307,-5.344,7.762,4.651,-2.233,-0.050, 0.174, 2.047,0.000,0.000,0.000, 0.250,-0.632,-1.733;
16.320,-5.338,7.760,4.656,-2.235,-0.050, 0.174, 2.047,0.000,0.000,0.000, 0.252,-0.632,-1.733;
16.332,-5.333,7.759,4.662,-2.236,-0.050, 0.174, 2.047,0.000,0.000,0.000, 0.254,-0.631,-1.733;
16.344,-5.327,7.757,4.668,-2.238,-0.050, 0.174, 2.047,0.000,0.000,0.000, 0.255,-0.630,-1.733;
16.356,-5.322,7.756,4.673,-2.239,-0.050, 0.174, 2.047,0.000,0.000,0.000, 0.257,-0.629,-1.733;
16.361,-5.319,7.755,4.676,-2.240,-0.050, 0.174, 2.047,0.000,0.000,0.000, 0.258,-0.629,-1.733;
16.371,-5.315,7.754,4.680,-2.241,-0.050, 0.174, 2.047,0.000,0.000,0.000, 0.259,-0.628,-1.733;
16.393,-5.305,7.751,4.690,-2.244,-0.050, 0.174, 2.047,0.000,0.000,0.000, 0.262,-0.627,-1.733;
16.397,-5.303,7.751,4.692,-2.244,-0.050, 0.174, 2.047,0.000,0.000,0.000, 0.263,-0.627,-1.733;
16.408,-5.298,7.749,4.697,-2.246,-0.050, 0.174, 2.047,0.000,0.000,0.000, 0.264,-0.626,-1.733;
16.430,-5.288,7.746,4.707,-2.248,-0.050, 0.174, 2.047,0.000,0.000,0.000, 0.268,-0.624,-1.733;
16.442,-5.282,7.745,4.713,-2.250,-0.050, 0.174, 2.047,0.000,0.000,0.000, 0.269,-0.624,-1.733;
16.454,-5.277,7.743,4.718,-2.252,-0.050, 0.174, 2.047,0.000,0.000,0.000, 0.271,-0.623,-1.733;
16.465,-5.272,7.742,4.723,-2.253,-0.050, 0.174, 2.047,0.000,0.000,0.000, 0.273,-0.622,-1.733;
16.478,-5.266,7.740,4.729,-2.255,-0.050, 0.174, 2.047,0.000,0.000,0.000, 0.274,-0.621,-1.733;
16.491,-5.260,7.738,4.735,-2.257,-0.050, 0.174, 2.047,0.000,0.000,0.000, 0.276,-0.620,-1.733;
16.503,-5.255,7.736,4.740,-2.259,-0.050, 0.174, 2.047,0.000,0.000,0.000, 0.278,-0.619,-1.733;
16.515,-5.249,7.735,4.745,-2.260,-0.050, 0.174, 2.047,0.000,0.000,0.000, 0.280,-0.619,-1.733;
16.527,-5.244,7.733,4.751,-2.262,-0.050, 0.174, 2.047,0.000,0.000,0.000, 0.281,-0.618,-1.733;
16.539,-5.238,7.731,4.756,-2.264,-0.050, 0.174, 2.047,0.000,0.000,0.000, 0.283,-0.617,-1.733;
16.552,-5.233,7.729,4.762,-2.266,-0.050, 0.174, 2.047,0.000,0.000,0.000, 0.285,-0.616,-1.733;
16.563,-5.227,7.727,4.767,-2.267,-0.050, 0.174, 2.047,0.000,0.000,0.000, 0.286,-0.615,-1.733;
16.576,-5.222,7.725,4.773,-2.269,-0.050, 0.174, 2.047,0.000,0.000,0.000, 0.288,-0.614,-1.733;
16.588,-5.216,7.724,4.779,-2.271,-0.050, 0.174, 2.047,0.000,0.000,0.000, 0.290,-0.613,-1.733;
16.600,-5.211,7.722,4.784,-2.273,-0.050, 0.174, 2.047,0.000,0.000,0.000, 0.291,-0.612,-1.733;
16.613,-5.205,7.720,4.790,-2.275,-0.050, 0.174, 2.047,0.000,0.000,0.000, 0.293,-0.611,-1.733;
16.625,-5.200,7.718,4.795,-2.277,-0.050, 0.174, 2.047,0.000,0.000,0.000, 0.295,-0.610,-1.733;
16.637,-5.194,7.716,4.801,-2.279,-0.050, 0.174, 2.047,0.000,0.000,0.000, 0.296,-0.609,-1.733;
16.649,-5.189,7.714,4.806,-2.281,-0.050, 0.174, 2.047,0.000,0.000,0.000, 0.298,-0.608,-1.733;
16.661,-5.184,7.712,4.811,-2.283,-0.050, 0.174, 2.047,0.000,0.000,0.000, 0.300,-0.608,-1.733;
16.674,-5.178,7.710,4.817,-2.285,-0.050, 0.174, 2.047,0.000,0.000,0.000, 0.302,-0.606,-1.733;
16.685,-5.173,7.708,4.822,-2.287,-0.050, 0.174, 2.047,0.000,0.000,0.000, 0.303,-0.606,-1.733;
16.696,-5.168,7.706,4.827,-2.289,-0.050, 0.174, 2.047,0.000,0.000,0.000, 0.304,-0.605,-1.733;
16.708,-5.163,7.704,4.832,-2.291,-0.050, 0.174, 2.047,0.000,0.000,0.000, 0.306,-0.604,-1.733;
16.720,-5.158,7.702,4.837,-2.293,-0.050, 0.174, 2.047,0.000,0.000,0.000, 0.308,-0.603,-1.733;
16.732,-5.152,7.700,4.843,-2.295,-0.050, 0.174, 2.047,0.000,0.000,0.000, 0.309,-0.602,-1.733;
16.744,-5.147,7.698,4.848,-2.297,-0.050, 0.174, 2.047,0.000,0.000,0.000, 0.311,-0.601,-1.733;
16.757,-5.141,7.695,4.854,-2.300,-0.050, 0.174, 2.047,0.000,0.000,0.000, 0.313,-0.600,-1.733;
16.769,-5.136,7.693,4.859,-2.302,-0.050, 0.174, 2.047,0.000,0.000,0.000, 0.314,-0.599,-1.733;
16.781,-5.131,7.691,4.864,-2.304,-0.050, 0.174, 2.047,0.000,0.000,0.000, 0.316,-0.598,-1.733;
16.792,-5.126,7.689,4.869,-2.306,-0.050, 0.174, 2.047,0.000,0.000,0.000, 0.317,-0.597,-1.733;
16.804,-5.120,7.687,4.874,-2.308,-0.050, 0.174, 2.047,0.000,0.000,0.000, 0.319,-0.596,-1.733;
16.816,-5.115,7.685,4.879,-2.310,-0.050, 0.174, 2.047,0.000,0.000,0.000, 0.320,-0.595,-1.733;
16.827,-5.110,7.682,4.884,-2.312,-0.050, 0.174, 2.047,0.000,0.000,0.000, 0.322,-0.594,-1.733;
16.839,-5.105,7.680,4.890,-2.315,-0.050, 0.174, 2.047,0.000,0.000,0.000, 0.324,-0.593,-1.733;
16.850,-5.101,7.678,4.894,-2.317,-0.050, 0.174, 2.047,0.000,0.000,0.000, 0.325,-0.592,-1.733;
16.861,-5.096,7.676,4.899,-2.319,-0.050, 0.174, 2.047,0.000,0.000,0.000, 0.326,-0.591,-1.733;
16.882,-5.087,7.672,4.908,-2.323,-0.050, 0.174, 2.047,0.000,0.000,0.000, 0.329,-0.589,-1.733;
16.894,-5.081,7.669,4.914,-2.325,-0.050, 0.174, 2.047,0.000,0.000,0.000, 0.331,-0.588,-1.733;
16.906,-5.076,7.667,4.918,-2.328,-0.050, 0.174, 2.047,0.000,0.000,0.000, 0.332,-0.587,-1.733;
16.917,-5.072,7.665,4.923,-2.330,-0.050, 0.174, 2.047,0.000,0.000,0.000, 0.334,-0.586,-1.733;
16.928,-5.067,7.663,4.928,-2.332,-0.050, 0.174, 2.047,0.000,0.000,0.000, 0.335,-0.585,-1.733;
16.940,-5.062,7.660,4.933,-2.335,-0.050, 0.174, 2.047,0.000,0.000,0.000, 0.337,-0.584,-1.733;
16.951,-5.057,7.658,4.938,-2.337,-0.050, 0.174, 2.047,0.000,0.000,0.000, 0.338,-0.583,-1.733;
16.962,-5.052,7.656,4.943,-2.339,-0.050, 0.174, 2.047,0.000,0.000,0.000, 0.340,-0.582,-1.733;
16.973,-5.047,7.653,4.947,-2.341,-0.050, 0.174, 2.047,0.000,0.000,0.000, 0.341,-0.581,-1.733;
16.984,-5.043,7.651,4.952,-2.344,-0.050, 0.174, 2.047,0.000,0.000,0.000, 0.342,-0.580,-1.733;
16.995,-5.038,7.649,4.957,-2.346,-0.050, 0.174, 2.047,0.000,0.000,0.000, 0.344,-0.579,-1.733;
17.016,-5.029,7.644,4.966,-2.351,-0.050, 0.174, 2.047,0.000,0.000,0.000, 0.346,-0.577,-1.733;
17.028,-5.024,7.642,4.971,-2.353,-0.050, 0.174, 2.047,0.000,0.000,0.000, 0.348,-0.576,-1.733;
17.040,-5.019,7.639,4.976,-2.356,-0.050, 0.174, 2.047,0.000,0.000,0.000, 0.349,-0.575,-1.733;
17.051,-5.014,7.637,4.981,-2.358,-0.050, 0.174, 2.047,0.000,0.000,0.000, 0.351,-0.574,-1.733;
17.063,-5.009,7.634,4.986,-2.361,-0.050, 0.174, 2.047,0.000,0.000,0.000, 0.352,-0.573,-1.733;
17.075,-5.004,7.631,4.991,-2.363,-0.050, 0.174, 2.047,0.000,0.000,0.000, 0.354,-0.572,-1.733;
17.087,-4.999,7.629,4.996,-2.366,-0.050, 0.174, 2.047,0.000,0.000,0.000, 0.355,-0.570,-1.733;
17.100,-4.994,7.626,5.001,-2.369,-0.050, 0.174, 2.047,0.000,0.000,0.000, 0.357,-0.569,-1.733;
17.112,-4.989,7.623,5.006,-2.372,-0.050, 0.174, 2.047,0.000,0.000,0.000, 0.358,-0.568,-1.733;
17.123,-4.984,7.621,5.011,-2.374,-0.050, 0.174, 2.047,0.000,0.000,0.000, 0.360,-0.567,-1.733;
17.135,-4.979,7.618,5.015,-2.377,-0.050, 0.174, 2.047,0.000,0.000,0.000, 0.361,-0.566,-1.733;
17.147,-4.974,7.615,5.021,-2.380,-0.050, 0.174, 2.047,0.000,0.000,0.000, 0.363,-0.565,-1.733;
17.159,-4.969,7.612,5.025,-2.382,-0.050, 0.174, 2.047,0.000,0.000,0.000, 0.364,-0.563,-1.733;
17.170,-4.965,7.610,5.030,-2.385,-0.050, 0.174, 2.047,0.000,0.000,0.000, 0.366,-0.562,-1.733;
17.181,-4.960,7.607,5.035,-2.388,-0.050, 0.174, 2.047,0.000,0.000,0.000, 0.367,-0.561,-1.733;
17.194,-4.955,7.604,5.040,-2.391,-0.050, 0.174, 2.047,0.000,0.000,0.000, 0.368,-0.560,-1.733;
17.206,-4.950,7.601,5.045,-2.394,-0.050, 0.174, 2.047,0.000,0.000,0.000, 0.370,-0.559,-1.733;
17.219,-4.945,7.598,5.050,-2.397,-0.050, 0.174, 2.047,0.000,0.000,0.000, 0.371,-0.557,-1.733;
17.230,-4.940,7.596,5.055,-2.399,-0.050, 0.174, 2.047,0.000,0.000,0.000, 0.373,-0.556,-1.733;
17.241,-4.935,7.593,5.059,-2.402,-0.050, 0.174, 2.047,0.000,0.000,0.000, 0.374,-0.555,-1.733;
17.253,-4.931,7.590,5.064,-2.405,-0.050, 0.174, 2.047,0.000,0.000,0.000, 0.376,-0.554,-1.733;
17.264,-4.926,7.587,5.069,-2.408,-0.050, 0.174, 2.047,0.000,0.000,0.000, 0.377,-0.553,-1.733;
17.286,-4.917,7.582,5.078,-2.413,-0.050, 0.174, 2.047,0.000,0.000,0.000, 0.380,-0.551,-1.733;
17.297,-4.913,7.579,5.082,-2.416,-0.050, 0.174, 2.047,0.000,0.000,0.000, 0.381,-0.549,-1.733;
17.308,-4.908,7.576,5.087,-2.419,-0.050, 0.174, 2.047,0.000,0.000,0.000, 0.382,-0.548,-1.733;
17.320,-4.903,7.573,5.091,-2.422,-0.050, 0.174, 2.047,0.000,0.000,0.000, 0.384,-0.547,-1.733;
17.332,-4.899,7.570,5.096,-2.425,-0.050, 0.174, 2.047,0.000,0.000,0.000, 0.385,-0.546,-1.733;
17.344,-4.894,7.567,5.101,-2.428,-0.050, 0.174, 2.047,0.000,0.000,0.000, 0.386,-0.544,-1.733;
17.357,-4.889,7.564,5.106,-2.431,-0.050, 0.174, 2.047,0.000,0.000,0.000, 0.388,-0.543,-1.733;
17.370,-4.883,7.560,5.111,-2.435,-0.050, 0.174, 2.047,0.000,0.000,0.000, 0.389,-0.542,-1.733;
17.383,-4.878,7.557,5.116,-2.438,-0.050, 0.174, 2.047,0.000,0.000,0.000, 0.391,-0.540,-1.733;
17.395,-4.874,7.554,5.121,-2.441,-0.050, 0.174, 2.047,0.000,0.000,0.000, 0.392,-0.539,-1.733;
17.407,-4.869,7.551,5.126,-2.444,-0.050, 0.174, 2.047,0.000,0.000,0.000, 0.394,-0.538,-1.733;
17.419,-4.864,7.547,5.131,-2.447,-0.050, 0.174, 2.047,0.000,0.000,0.000, 0.395,-0.537,-1.733;
17.431,-4.859,7.544,5.135,-2.451,-0.050, 0.174, 2.047,0.000,0.000,0.000, 0.396,-0.535,-1.733;
17.443,-4.855,7.541,5.140,-2.454,-0.050, 0.174, 2.047,0.000,0.000,0.000, 0.398,-0.534,-1.733;
17.455,-4.850,7.538,5.145,-2.457,-0.050, 0.174, 2.047,0.000,0.000,0.000, 0.399,-0.533,-1.733;
17.466,-4.845,7.535,5.149,-2.460,-0.050, 0.174, 2.047,0.000,0.000,0.000, 0.400,-0.531,-1.733;
17.479,-4.841,7.531,5.154,-2.464,-0.050, 0.174, 2.047,0.000,0.000,0.000, 0.402,-0.530,-1.733;
17.491,-4.836,7.528,5.159,-2.467,-0.050, 0.174, 2.047,0.000,0.000,0.000, 0.403,-0.529,-1.733;
17.502,-4.832,7.525,5.163,-2.470,-0.050, 0.174, 2.047,0.000,0.000,0.000, 0.404,-0.527,-1.733;
17.514,-4.827,7.521,5.168,-2.473,-0.050, 0.174, 2.047,0.000,0.000,0.000, 0.406,-0.526,-1.733;
17.527,-4.822,7.518,5.173,-2.477,-0.050, 0.174, 2.047,0.000,0.000,0.000, 0.407,-0.525,-1.733;
17.540,-4.817,7.514,5.178,-2.480,-0.050, 0.174, 2.047,0.000,0.000,0.000, 0.408,-0.523,-1.733;
17.552,-4.813,7.511,5.182,-2.484,-0.050, 0.174, 2.047,0.000,0.000,0.000, 0.410,-0.522,-1.733;
17.564,-4.808,7.508,5.187,-2.487,-0.050, 0.174, 2.047,0.000,0.000,0.000, 0.411,-0.521,-1.733;
17.576,-4.803,7.504,5.192,-2.491,-0.050, 0.174, 2.047,0.000,0.000,0.000, 0.412,-0.519,-1.733;
17.589,-4.799,7.501,5.196,-2.494,-0.050, 0.174, 2.047,0.000,0.000,0.000, 0.414,-0.518,-1.733;
17.600,-4.794,7.497,5.201,-2.498,-0.050, 0.174, 2.047,0.000,0.000,0.000, 0.415,-0.516,-1.733;
17.612,-4.790,7.494,5.205,-2.501,-0.050, 0.174, 2.047,0.000,0.000,0.000, 0.416,-0.515,-1.733;
17.625,-4.785,7.490,5.210,-2.505,-0.050, 0.174, 2.047,0.000,0.000,0.000, 0.418,-0.514,-1.733;
17.637,-4.780,7.486,5.215,-2.508,-0.050, 0.174, 2.047,0.000,0.000,0.000, 0.419,-0.512,-1.733;
17.649,-4.776,7.483,5.219,-2.512,-0.050, 0.174, 2.047,0.000,0.000,0.000, 0.420,-0.511,-1.733;
17.661,-4.771,7.479,5.223,-2.515,-0.050, 0.174, 2.047,0.000,0.000,0.000, 0.421,-0.509,-1.733;
17.673,-4.767,7.476,5.228,-2.519,-0.050, 0.174, 2.047,0.000,0.000,0.000, 0.423,-0.508,-1.733;
17.685,-4.762,7.472,5.233,-2.523,-0.050, 0.174, 2.047,0.000,0.000,0.000, 0.424,-0.506,-1.733;
17.697,-4.758,7.469,5.237,-2.526,-0.050, 0.174, 2.047,0.000,0.000,0.000, 0.425,-0.505,-1.733;
17.710,-4.753,7.465,5.242,-2.530,-0.050, 0.174, 2.047,0.000,0.000,0.000, 0.427,-0.504,-1.733;
17.723,-4.748,7.461,5.246,-2.534,-0.050, 0.174, 2.047,0.000,0.000,0.000, 0.428,-0.502,-1.733;
17.736,-4.744,7.457,5.251,-2.538,-0.050, 0.174, 2.047,0.000,0.000,0.000, 0.429,-0.501,-1.733;
17.748,-4.739,7.453,5.255,-2.541,-0.050, 0.174, 2.047,0.000,0.000,0.000, 0.430,-0.499,-1.733;
17.760,-4.735,7.450,5.260,-2.545,-0.050, 0.174, 2.047,0.000,0.000,0.000, 0.432,-0.498,-1.733;
17.772,-4.730,7.446,5.264,-2.549,-0.050, 0.174, 2.047,0.000,0.000,0.000, 0.433,-0.496,-1.733;
17.785,-4.726,7.442,5.269,-2.553,-0.050, 0.174, 2.047,0.000,0.000,0.000, 0.434,-0.495,-1.733;
17.797,-4.721,7.438,5.273,-2.557,-0.050, 0.174, 2.047,0.000,0.000,0.000, 0.435,-0.493,-1.733;
17.809,-4.717,7.435,5.277,-2.560,-0.050, 0.174, 2.047,0.000,0.000,0.000, 0.437,-0.492,-1.733;
17.820,-4.713,7.431,5.282,-2.564,-0.050, 0.174, 2.047,0.000,0.000,0.000, 0.438,-0.490,-1.733;
17.832,-4.709,7.427,5.286,-2.568,-0.050, 0.174, 2.047,0.000,0.000,0.000, 0.439,-0.489,-1.733;
17.844,-4.705,7.423,5.290,-2.571,-0.050, 0.174, 2.047,0.000,0.000,0.000, 0.440,-0.487,-1.733;
17.856,-4.700,7.420,5.294,-2.575,-0.050, 0.174, 2.047,0.000,0.000,0.000, 0.441,-0.486,-1.733;
17.869,-4.696,7.416,5.299,-2.579,-0.050, 0.174, 2.047,0.000,0.000,0.000, 0.443,-0.484,-1.733;
17.881,-4.692,7.412,5.303,-2.583,-0.050, 0.174, 2.047,0.000,0.000,0.000, 0.444,-0.483,-1.733;
17.895,-4.687,7.407,5.308,-2.588,-0.050, 0.174, 2.047,0.000,0.000,0.000, 0.445,-0.481,-1.733;
17.905,-4.683,7.404,5.311,-2.591,-0.050, 0.174, 2.047,0.000,0.000,0.000, 0.446,-0.480,-1.733;
17.917,-4.679,7.400,5.316,-2.595,-0.050, 0.174, 2.047,0.000,0.000,0.000, 0.447,-0.478,-1.733;
17.928,-4.675,7.397,5.319,-2.598,-0.050, 0.174, 2.047,0.000,0.000,0.000, 0.448,-0.477,-1.733;
17.939,-4.671,7.393,5.323,-2.602,-0.050, 0.174, 2.047,0.000,0.000,0.000, 0.449,-0.476,-1.733;
17.950,-4.668,7.389,5.327,-2.606,-0.050, 0.174, 2.047,0.000,0.000,0.000, 0.450,-0.474,-1.733;
17.962,-4.664,7.385,5.331,-2.609,-0.050, 0.174, 2.047,0.000,0.000,0.000, 0.451,-0.473,-1.733;
17.973,-4.660,7.382,5.335,-2.613,-0.050, 0.174, 2.047,0.000,0.000,0.000, 0.452,-0.471,-1.733;
17.996,-4.652,7.374,5.343,-2.621,-0.050, 0.174, 2.047,0.000,0.000,0.000, 0.455,-0.468,-1.733;
18.000,-4.651,7.373,5.344,-2.622,-0.050, 0.174, 2.047,0.000,0.000,0.000, 0.455,-0.468,-1.733;
18.011,-4.647,7.369,5.348,-2.626,-0.050, 0.174, 2.047,0.000,0.000,0.000, 0.456,-0.467,-1.733;
18.023,-4.643,7.365,5.352,-2.630,-0.050, 0.174, 2.047,0.000,0.000,0.000, 0.457,-0.465,-1.733;
18.034,-4.639,7.361,5.356,-2.633,-0.050, 0.174, 2.047,0.000,0.000,0.000, 0.458,-0.464,-1.733;
18.056,-4.632,7.354,5.363,-2.641,-0.050, 0.174, 2.047,0.000,0.000,0.000, 0.460,-0.461,-1.733;
18.060,-4.631,7.353,5.364,-2.642,-0.050, 0.174, 2.047,0.000,0.000,0.000, 0.460,-0.460,-1.733;
18.080,-4.624,7.346,5.371,-2.649,-0.050, 0.174, 2.047,0.000,0.000,0.000, 0.462,-0.458,-1.733;
18.092,-4.620,7.342,5.375,-2.653,-0.050, 0.174, 2.047,0.000,0.000,0.000, 0.463,-0.456,-1.733;
18.104,-4.616,7.338,5.379,-2.657,-0.050, 0.174, 2.047,0.000,0.000,0.000, 0.464,-0.455,-1.733;
18.115,-4.612,7.334,5.382,-2.661,-0.050, 0.174, 2.047,0.000,0.000,0.000, 0.465,-0.453,-1.733;
18.126,-4.609,7.330,5.386,-2.665,-0.050, 0.174, 2.047,0.000,0.000,0.000, 0.466,-0.452,-1.733;
18.138,-4.605,7.326,5.390,-2.669,-0.050, 0.174, 2.047,0.000,0.000,0.000, 0.467,-0.450,-1.733;
18.149,-4.601,7.322,5.394,-2.673,-0.050, 0.174, 2.047,0.000,0.000,0.000, 0.468,-0.449,-1.733;
18.160,-4.598,7.318,5.397,-2.677,-0.050, 0.174, 2.047,0.000,0.000,0.000, 0.469,-0.447,-1.733;
18.171,-4.594,7.314,5.401,-2.680,-0.050, 0.174, 2.047,0.000,0.000,0.000, 0.470,-0.446,-1.733;
18.182,-4.591,7.310,5.404,-2.684,-0.050, 0.174, 2.047,0.000,0.000,0.000, 0.471,-0.444,-1.733;
18.193,-4.587,7.307,5.408,-2.688,-0.050, 0.174, 2.047,0.000,0.000,0.000, 0.472,-0.443,-1.733;
18.214,-4.581,7.299,5.414,-2.696,-0.050, 0.174, 2.047,0.000,0.000,0.000, 0.474,-0.440,-1.733;
18.226,-4.577,7.295,5.418,-2.700,-0.050, 0.174, 2.047,0.000,0.000,0.000, 0.475,-0.439,-1.733;
18.237,-4.573,7.291,5.421,-2.704,-0.050, 0.174, 2.047,0.000,0.000,0.000, 0.476,-0.437,-1.733;
18.249,-4.570,7.287,5.425,-2.708,-0.050, 0.174, 2.047,0.000,0.000,0.000, 0.477,-0.435,-1.733;
