0.000,0.000,0.000,0.000,0.000, 0.000, 0.000, 0.000,0.000,0.000,0.000, 0.000, 0.000, 0.000;
0.011,-5.147,-4.741,-5.147,-4.741, 0.268, 0.011,-0.015,0.000,0.000,0.000,-0.268,-0.011, 0.643;
0.033,-5.147,-4.741,-5.147,-4.741, 0.268, 0.011,-0.015,0.000,0.000,0.000,-0.268,-0.011, 0.643;
0.045,-5.148,-4.740,-5.148,-4.740, 0.268, 0.011,-0.015,0.000,0.000,0.000,-0.268,-0.011, 0.643;
0.057,-5.148,-4.740,-5.148,-4.740, 0.268, 0.011,-0.015,0.000,0.000,0.000,-0.268,-0.011, 0.643;
0.069,-5.148,-4.740,-5.148,-4.740, 0.268, 0.011,-0.015,0.000,0.000,0.000,-0.268,-0.011, 0.643;
0.082,-5.149,-4.739,-5.149,-4.739, 0.268, 0.011,-0.015,0.000,0.000,0.000,-0.268,-0.011, 0.643;
0.093,-5.149,-4.739,-5.149,-4.739, 0.268, 0.011,-0.015,0.000,0.000,0.000,-0.268,-0.011, 0.643;
0.104,-5.149,-4.739,-5.149,-4.739, 0.268, 0.011,-0.015,0.000,0.000,0.000,-0.268,-0.011, 0.643;
0.116,-5.149,-4.738,-5.149,-4.738, 0.268, 0.011,-0.015,0.000,0.000,0.000,-0.268,-0.011, 0.643;
0.128,-5.150,-4.738,-5.150,-4.738, 0.268, 0.011,-0.015,0.000,0.000,0.000,-0.268,-0.011, 0.643;
0.141,-5.150,-4.738,-5.150,-4.738, 0.268, 0.011,-0.015,0.000,0.000,0.000,-0.268,-0.011, 0.643;
0.153,-5.150,-4.737,-5.150,-4.737, 0.268, 0.011,-0.015,0.000,0.000,0.000,-0.268,-0.011, 0.643;
0.165,-5.151,-4.737,-5.151,-4.737, 0.268, 0.011,-0.015,0.000,0.000,0.000,-0.268,-0.011, 0.643;
0.176,-5.151,-4.737,-5.151,-4.737, 0.268, 0.011,-0.015,0.000,0.000,0.000,-0.268,-0.011, 0.643;
0.187,-5.151,-4.736,-5.151,-4.736, 0.268, 0.011,-0.015,0.000,0.000,0.000,-0.268,-0.011, 0.643;
0.198,-5.152,-4.736,-5.152,-4.736, 0.268, 0.011,-0.015,0.000,0.000,0.000,-0.268,-0.011, 0.643;
0.209,-5.152,-4.736,-5.152,-4.736, 0.268, 0.011,-0.015,0.000,0.000,0.000,-0.268,-0.011, 0.643;
0.220,-5.152,-4.735,-5.152,-4.735, 0.268, 0.011,-0.015,0.000,0.000,0.000,-0.268,-0.011, 0.643;
0.231,-5.152,-4.735,-5.152,-4.735, 0.268, 0.011,-0.015,0.000,0.000,0.000,-0.268,-0.011, 0.643;
0.253,-5.153,-4.734,-5.153,-4.734, 0.268, 0.011,-0.015,0.000,0.000,0.000,-0.268,-0.011, 0.643;
0.266,-5.153,-4.734,-5.153,-4.734, 0.268, 0.011,-0.015,0.000,0.000,0.000,-0.268,-0.011, 0.643;
0.277,-5.154,-4.734,-5.154,-4.734, 0.268, 0.011,-0.015,0.000,0.000,0.000,-0.268,-0.011, 0.643;
0.288,-5.154,-4.733,-5.154,-4.733, 0.268, 0.011,-0.015,0.000,0.000,0.000,-0.268,-0.011, 0.643;
0.300,-5.154,-4.733,-5.154,-4.733, 0.268, 0.011,-0.015,0.000,0.000,0.000,-0.268,-0.011, 0.643;
0.313,-5.155,-4.732,-5.155,-4.732, 0.268, 0.011,-0.015,0.000,0.000,0.000,-0.268,-0.011, 0.643;
0.324,-5.155,-4.732,-5.155,-4.732, 0.268, 0.011,-0.015,0.000,0.000,0.000,-0.268,-0.011, 0.643;
0.336,-5.155,-4.732,-5.155,-4.732, 0.268, 0.011,-0.015,0.000,0.000,0.000,-0.268,-0.011, 0.643;
0.348,-5.155,-4.731,-5.155,-4.731, 0.268, 0.011,-0.015,0.000,0.000,0.000,-0.268,-0.011, 0.643;
0.360,-5.156,-4.731,-5.156,-4.731, 0.268, 0.011,-0.015,0.000,0.000,0.000,-0.268,-0.011, 0.643;
0.371,-5.156,-4.731,-5.156,-4.731, 0.268, 0.011,-0.015,0.000,0.000,0.000,-0.268,-0.011, 0.643;
0.383,-5.156,-4.730,-5.156,-4.730, 0.268, 0.011,-0.015,0.000,0.000,0.000,-0.268,-0.011, 0.643;
0.393,-5.157,-4.730,-5.157,-4.730, 0.268, 0.011,-0.015,0.000,0.000,0.000,-0.268,-0.011, 0.643;
0.404,-5.157,-4.730,-5.157,-4.730, 0.268, 0.011,-0.015,0.000,0.000,0.000,-0.268,-0.011, 0.643;
0.416,-5.157,-4.729,-5.157,-4.729, 0.268, 0.011,-0.015,0.000,0.000,0.000,-0.268,-0.011, 0.643;
0.437,-5.158,-4.729,-5.158,-4.729, 0.268, 0.011,-0.015,0.000,0.000,0.000,-0.268,-0.011, 0.643;
0.448,-5.158,-4.728,-5.158,-4.728, 0.268, 0.011,-0.015,0.000,0.000,0.000,-0.268,-0.011, 0.643;
0.460,-5.158,-4.728,-5.158,-4.728, 0.268, 0.011,-0.015,0.000,0.000,0.000,-0.268,-0.011, 0.643;
0.473,-5.158,-4.727,-5.158,-4.727, 0.268, 0.011,-0.015,0.000,0.000,0.000,-0.268,-0.011, 0.643;
0.485,-5.159,-4.727,-5.159,-4.727, 0.268, 0.011,-0.015,0.000,0.000,0.000,-0.268,-0.011, 0.643;
0.497,-5.159,-4.727,-5.159,-4.727, 0.268, 0.011,-0.015,0.000,0.000,0.000,-0.268,-0.011, 0.643;
0.510,-5.159,-4.726,-5.159,-4.726, 0.268, 0.011,-0.015,0.000,0.000,0.000,-0.268,-0.011, 0.643;
0.522,-5.160,-4.726,-5.160,-4.726, 0.268, 0.011,-0.015,0.000,0.000,0.000,-0.268,-0.011, 0.643;
0.534,-5.160,-4.725,-5.160,-4.725, 0.268, 0.011,-0.015,0.000,0.000,0.000,-0.268,-0.011, 0.643;
0.546,-5.160,-4.725,-5.160,-4.725, 0.268, 0.011,-0.015,0.000,0.000,0.000,-0.268,-0.011, 0.643;
0.558,-5.160,-4.725,-5.160,-4.725, 0.268, 0.011,-0.015,0.000,0.000,0.000,-0.268,-0.011, 0.643;
0.569,-5.161,-4.724,-5.161,-4.724, 0.268, 0.011,-0.015,0.000,0.000,0.000,-0.268,-0.011, 0.643;
0.581,-5.161,-4.724,-5.161,-4.724, 0.268, 0.011,-0.015,0.000,0.000,0.000,-0.268,-0.011, 0.643;
0.592,-5.161,-4.724,-5.161,-4.724, 0.268, 0.011,-0.015,0.000,0.000,0.000,-0.268,-0.011, 0.643;
0.604,-5.161,-4.723,-5.161,-4.723, 0.268, 0.011,-0.015,0.000,0.000,0.000,-0.268,-0.011, 0.643;
0.615,-5.162,-4.723,-5.162,-4.723, 0.268, 0.011,-0.015,0.000,0.000,0.000,-0.268,-0.011, 0.643;
0.626,-5.162,-4.722,-5.162,-4.722, 0.268, 0.011,-0.015,0.000,0.000,0.000,-0.268,-0.011, 0.643;
0.637,-5.162,-4.722,-5.162,-4.722, 0.268, 0.011,-0.015,0.000,0.000,0.000,-0.268,-0.011, 0.643;
0.648,-5.162,-4.722,-5.162,-4.722, 0.268, 0.011,-0.015,0.000,0.000,0.000,-0.268,-0.011, 0.643;
0.669,-5.163,-4.721,-5.163,-4.721, 0.268, 0.011,-0.015,0.000,0.000,0.000,-0.268,-0.011, 0.643;
0.680,-5.163,-4.721,-5.163,-4.721, 0.268, 0.011,-0.015,0.000,0.000,0.000,-0.268,-0.011, 0.643;
0.691,-5.163,-4.720,-5.163,-4.720, 0.268, 0.011,-0.015,0.000,0.000,0.000,-0.268,-0.011, 0.643;
0.702,-5.164,-4.720,-5.164,-4.720, 0.268, 0.011,-0.015,0.000,0.000,0.000,-0.268,-0.011, 0.643;
0.714,-5.164,-4.720,-5.164,-4.720, 0.268, 0.011,-0.015,0.000,0.000,0.000,-0.268,-0.011, 0.643;
0.726,-5.164,-4.719,-5.164,-4.719, 0.268, 0.011,-0.015,0.000,0.000,0.000,-0.268,-0.011, 0.643;
0.736,-5.164,-4.719,-5.164,-4.719, 0.268, 0.011,-0.015,0.000,0.000,0.000,-0.268,-0.011, 0.643;
0.747,-5.165,-4.718,-5.165,-4.718, 0.268, 0.011,-0.015,0.000,0.000,0.000,-0.268,-0.011, 0.643;
0.759,-5.165,-4.718,-5.165,-4.718, 0.268, 0.011,-0.015,0.000,0.000,0.000,-0.268,-0.011, 0.643;
0.770,-5.165,-4.718,-5.165,-4.718, 0.268, 0.011,-0.015,0.000,0.000,0.000,-0.268,-0.011, 0.643;
0.792,-5.166,-4.717,-5.166,-4.717, 0.268, 0.011,-0.015,0.000,0.000,0.000,-0.268,-0.011, 0.643;
0.804,-5.166,-4.717,-5.166,-4.717, 0.268, 0.011,-0.015,0.000,0.000,0.000,-0.268,-0.011, 0.643;
0.815,-5.166,-4.716,-5.166,-4.716, 0.268, 0.011,-0.015,0.000,0.000,0.000,-0.268,-0.011, 0.643;
0.827,-5.166,-4.716,-5.166,-4.716, 0.268, 0.011,-0.015,0.000,0.000,0.000,-0.268,-0.011, 0.643;
0.839,-5.166,-4.715,-5.166,-4.715, 0.268, 0.011,-0.015,0.000,0.000,0.000,-0.268,-0.011, 0.643;
0.851,-5.167,-4.715,-5.167,-4.715, 0.268, 0.011,-0.015,0.000,0.000,0.000,-0.268,-0.011, 0.643;
0.863,-5.167,-4.714,-5.167,-4.714, 0.268, 0.011,-0.015,0.000,0.000,0.000,-0.268,-0.011, 0.643;
0.874,-5.167,-4.714,-5.167,-4.714, 0.268, 0.011,-0.015,0.000,0.000,0.000,-0.268,-0.011, 0.643;
0.886,-5.167,-4.714,-5.167,-4.714, 0.268, 0.011,-0.015,0.000,0.000,0.000,-0.268,-0.011, 0.643;
0.898,-5.168,-4.713,-5.168,-4.713, 0.268, 0.011,-0.015,0.000,0.000,0.000,-0.268,-0.011, 0.643;
0.910,-5.168,-4.713,-5.168,-4.713, 0.268, 0.011,-0.015,0.000,0.000,0.000,-0.268,-0.011, 0.643;
0.922,-5.168,-4.712,-5.168,-4.712, 0.268, 0.011,-0.015,0.000,0.000,0.000,-0.268,-0.011, 0.643;
0.935,-5.168,-4.712,-5.168,-4.712, 0.268, 0.011,-0.015,0.000,0.000,0.000,-0.268,-0.011, 0.643;
0.947,-5.169,-4.712,-5.169,-4.712, 0.268, 0.011,-0.015,0.000,0.000,0.000,-0.268,-0.011, 0.643;
0.959,-5.169,-4.711,-5.169,-4.711, 0.268, 0.011,-0.015,0.000,0.000,0.000,-0.268,-0.011, 0.643;
0.970,-5.169,-4.711,-5.169,-4.711, 0.268, 0.011,-0.015,0.000,0.000,0.000,-0.268,-0.011, 0.643;
0.981,-5.169,-4.710,-5.169,-4.710, 0.268, 0.011,-0.015,0.000,0.000,0.000,-0.268,-0.011, 0.643;
0.992,-5.169,-4.710,-5.169,-4.710, 0.268, 0.011,-0.015,0.000,0.000,0.000,-0.268,-0.011, 0.643;
1.004,-5.170,-4.710,-5.170,-4.710, 0.268, 0.011,-0.015,0.000,0.000,0.000,-0.268,-0.011, 0.643;
1.015,-5.170,-4.709,-5.170,-4.709, 0.268, 0.011,-0.015,0.000,0.000,0.000,-0.268,-0.011, 0.643;
1.036,-5.170,-4.708,-5.170,-4.708, 0.268, 0.011,-0.015,0.000,0.000,0.000,-0.268,-0.011, 0.643;
1.040,-5.170,-4.708,-5.170,-4.708, 0.268, 0.011,-0.015,0.000,0.000,0.000,-0.268,-0.011, 0.643;
1.060,-5.171,-4.708,-5.171,-4.708, 0.268, 0.011,-0.015,0.000,0.000,0.000,-0.268,-0.011, 0.643;
1.072,-5.171,-4.707,-5.171,-4.707, 0.268, 0.011,-0.015,0.000,0.000,0.000,-0.268,-0.011, 0.643;
1.084,-5.171,-4.707,-5.171,-4.707, 0.268, 0.011,-0.015,0.000,0.000,0.000,-0.268,-0.011, 0.643;
1.096,-5.171,-4.706,-5.171,-4.706, 0.268, 0.011,-0.015,0.000,0.000,0.000,-0.268,-0.011, 0.643;
1.108,-5.171,-4.706,-5.171,-4.706, 0.268, 0.011,-0.015,0.000,0.000,0.000,-0.268,-0.011, 0.643;
1.120,-5.172,-4.705,-5.172,-4.705, 0.268, 0.011,-0.015,0.000,0.000,0.000,-0.268,-0.011, 0.643;
1.132,-5.172,-4.705,-5.172,-4.705, 0.268, 0.011,-0.015,0.000,0.000,0.000,-0.268,-0.011, 0.643;
1.145,-5.172,-4.704,-5.172,-4.704, 0.268, 0.011,-0.015,0.000,0.000,0.000,-0.268,-0.011, 0.643;
1.158,-5.172,-4.704,-5.172,-4.704, 0.268, 0.011,-0.015,0.000,0.000,0.000,-0.268,-0.011, 0.643;
1.170,-5.172,-4.704,-5.172,-4.704, 0.268, 0.011,-0.015,0.000,0.000,0.000,-0.268,-0.011, 0.643;
1.182,-5.173,-4.703,-5.173,-4.703, 0.268, 0.011,-0.015,0.000,0.000,0.000,-0.268,-0.011, 0.643;
1.195,-5.173,-4.703,-5.173,-4.703, 0.268, 0.011,-0.015,0.000,0.000,0.000,-0.268,-0.011, 0.643;
1.206,-5.173,-4.702,-5.173,-4.702, 0.268, 0.011,-0.015,0.000,0.000,0.000,-0.268,-0.011, 0.643;
1.219,-5.173,-4.702,-5.173,-4.702, 0.268, 0.011,-0.015,0.000,0.000,0.000,-0.268,-0.011, 0.643;
1.231,-5.173,-4.701,-5.173,-4.701, 0.268, 0.011,-0.015,0.000,0.000,0.000,-0.268,-0.011, 0.643;
1.243,-5.174,-4.701,-5.174,-4.701, 0.268, 0.011,-0.015,0.000,0.000,0.000,-0.268,-0.011, 0.643;
1.255,-5.174,-4.700,-5.174,-4.700, 0.268, 0.011,-0.015,0.000,0.000,0.000,-0.268,-0.011, 0.643;
1.266,-5.174,-4.700,-5.174,-4.700, 0.268, 0.011,-0.015,0.000,0.000,0.000,-0.268,-0.011, 0.643;
1.279,-5.174,-4.700,-5.174,-4.700, 0.268, 0.011,-0.015,0.000,0.000,0.000,-0.268,-0.011, 0.643;
1.292,-5.174,-4.699,-5.174,-4.699, 0.268, 0.011,-0.015,0.000,0.000,0.000,-0.268,-0.011, 0.643;
1.304,-5.174,-4.699,-5.174,-4.699, 0.268, 0.011,-0.015,0.000,0.000,0.000,-0.268,-0.011, 0.643;
1.316,-5.175,-4.698,-5.175,-4.698, 0.268, 0.011,-0.015,0.000,0.000,0.000,-0.268,-0.011, 0.643;
1.328,-5.175,-4.698,-5.175,-4.698, 0.268, 0.011,-0.015,0.000,0.000,0.000,-0.268,-0.011, 0.643;
1.339,-5.175,-4.697,-5.175,-4.697, 0.268, 0.011,-0.015,0.000,0.000,0.000,-0.268,-0.011, 0.643;
1.351,-5.175,-4.697,-5.175,-4.697, 0.268, 0.011,-0.015,0.000,0.000,0.000,-0.268,-0.011, 0.643;
1.363,-5.175,-4.696,-5.175,-4.696, 0.268, 0.011,-0.015,0.000,0.000,0.000,-0.268,-0.011, 0.643;
1.375,-5.175,-4.696,-5.175,-4.696, 0.268, 0.011,-0.015,0.000,0.000,0.000,-0.268,-0.011, 0.643;
1.388,-5.176,-4.696,-5.176,-4.696, 0.268, 0.011,-0.015,0.000,0.000,0.000,-0.268,-0.011, 0.643;
1.399,-5.176,-4.695,-5.176,-4.695, 0.268, 0.011,-0.015,0.000,0.000,0.000,-0.268,-0.011, 0.643;
1.411,-5.176,-4.695,-5.176,-4.695, 0.268, 0.011,-0.015,0.000,0.000,0.000,-0.268,-0.011, 0.643;
1.423,-5.176,-4.694,-5.176,-4.694, 0.268, 0.011,-0.015,0.000,0.000,0.000,-0.268,-0.011, 0.643;
1.435,-5.176,-4.694,-5.176,-4.694, 0.268, 0.011,-0.015,0.000,0.000,0.000,-0.268,-0.011, 0.643;
1.447,-5.176,-4.693,-5.176,-4.693, 0.268, 0.011,-0.015,0.000,0.000,0.000,-0.268,-0.011, 0.643;
1.458,-5.177,-4.693,-5.177,-4.693, 0.268, 0.011,-0.015,0.000,0.000,0.000,-0.268,-0.011, 0.643;
1.470,-5.177,-4.692,-5.177,-4.692, 0.268, 0.011,-0.015,0.000,0.000,0.000,-0.268,-0.011, 0.643;
1.481,-5.177,-4.692,-5.177,-4.692, 0.268, 0.011,-0.015,0.000,0.000,0.000,-0.268,-0.011, 0.643;
1.492,-5.177,-4.692,-5.177,-4.692, 0.268, 0.011,-0.015,0.000,0.000,0.000,-0.268,-0.011, 0.643;
1.505,-5.177,-4.691,-5.177,-4.691, 0.268, 0.011,-0.015,0.000,0.000,0.000,-0.268,-0.011, 0.643;
1.518,-5.177,-4.691,-5.177,-4.691, 0.268, 0.011,-0.015,0.000,0.000,0.000,-0.268,-0.011, 0.643;
1.529,-5.177,-4.690,-5.177,-4.690, 0.268, 0.011,-0.015,0.000,0.000,0.000,-0.268,-0.011, 0.643;
1.541,-5.178,-4.690,-5.178,-4.690, 0.268, 0.011,-0.015,0.000,0.000,0.000,-0.268,-0.011, 0.643;
1.553,-5.178,-4.689,-5.178,-4.689, 0.268, 0.011,-0.015,0.000,0.000,0.000,-0.268,-0.011, 0.643;
1.574,-5.178,-4.689,-5.178,-4.689, 0.268, 0.011,-0.015,0.000,0.000,0.000,-0.268,-0.011, 0.643;
1.578,-5.178,-4.688,-5.178,-4.688, 0.268, 0.011,-0.015,0.000,0.000,0.000,-0.268,-0.011, 0.643;
1.588,-5.178,-4.688,-5.178,-4.688, 0.268, 0.011,-0.015,0.000,0.000,0.000,-0.268,-0.011, 0.643;
1.610,-5.178,-4.687,-5.178,-4.687, 0.268, 0.011,-0.015,0.000,0.000,0.000,-0.268,-0.011, 0.643;
1.623,-5.179,-4.687,-5.179,-4.687, 0.268, 0.011,-0.015,0.000,0.000,0.000,-0.268,-0.011, 0.643;
1.636,-5.179,-4.686,-5.179,-4.686, 0.268, 0.011,-0.015,0.000,0.000,0.000,-0.268,-0.011, 0.643;
1.639,-5.179,-4.686,-5.179,-4.686, 0.268, 0.011,-0.015,0.000,0.000,0.000,-0.268,-0.011, 0.643;
1.651,-5.179,-4.686,-5.179,-4.686, 0.268, 0.011,-0.015,0.000,0.000,0.000,-0.268,-0.011, 0.643;
1.663,-5.179,-4.685,-5.179,-4.685, 0.268, 0.011,-0.015,0.000,0.000,0.000,-0.268,-0.011, 0.643;
1.684,-5.179,-4.684,-5.179,-4.684, 0.268, 0.011,-0.015,0.000,0.000,0.000,-0.268,-0.011, 0.643;
1.696,-5.179,-4.684,-5.179,-4.684, 0.268, 0.011,-0.015,0.000,0.000,0.000,-0.268,-0.011, 0.643;
1.700,-5.179,-4.684,-5.179,-4.684, 0.268, 0.011,-0.015,0.000,0.000,0.000,-0.268,-0.011, 0.643;
1.711,-5.179,-4.683,-5.179,-4.683, 0.268, 0.011,-0.015,0.000,0.000,0.000,-0.268,-0.011, 0.643;
1.733,-5.180,-4.682,-5.180,-4.682, 0.268, 0.011,-0.015,0.000,0.000,0.000,-0.268,-0.011, 0.643;
1.738,-5.180,-4.682,-5.180,-4.682, 0.268, 0.011,-0.015,0.000,0.000,0.000,-0.268,-0.011, 0.643;
1.748,-5.180,-4.682,-5.180,-4.682, 0.268, 0.011,-0.015,0.000,0.000,0.000,-0.268,-0.011, 0.643;
1.770,-5.180,-4.681,-5.180,-4.681, 0.268, 0.011,-0.015,0.000,0.000,0.000,-0.268,-0.011, 0.643;
1.782,-5.180,-4.681,-5.180,-4.681, 0.268, 0.011,-0.015,0.000,0.000,0.000,-0.268,-0.011, 0.643;
1.795,-5.180,-4.680,-5.180,-4.680, 0.268, 0.011,-0.015,0.000,0.000,0.000,-0.268,-0.011, 0.643;
1.801,-5.180,-4.680,-5.180,-4.680, 0.268, 0.011,-0.015,0.000,0.000,0.000,-0.268,-0.011, 0.643;
1.809,-5.180,-4.679,-5.180,-4.679, 0.268, 0.011,-0.015,0.000,0.000,0.000,-0.268,-0.011, 0.643;
1.830,-5.180,-4.679,-5.180,-4.679, 0.268, 0.011,-0.015,0.000,0.000,0.000,-0.268,-0.011, 0.643;
1.842,-5.181,-4.678,-5.181,-4.678, 0.268, 0.011,-0.015,0.000,0.000,0.000,-0.268,-0.011, 0.643;
1.855,-5.181,-4.678,-5.181,-4.678, 0.268, 0.011,-0.015,0.000,0.000,0.000,-0.268,-0.011, 0.643;
1.858,-5.181,-4.678,-5.181,-4.678, 0.268, 0.011,-0.015,0.000,0.000,0.000,-0.268,-0.011, 0.643;
1.879,-5.181,-4.677,-5.181,-4.677, 0.268, 0.011,-0.015,0.000,0.000,0.000,-0.268,-0.011, 0.643;
1.890,-5.181,-4.676,-5.181,-4.676, 0.268, 0.011,-0.015,0.000,0.000,0.000,-0.268,-0.011, 0.643;
1.901,-5.181,-4.676,-5.181,-4.676, 0.268, 0.011,-0.015,0.000,0.000,0.000,-0.268,-0.011, 0.643;
1.912,-5.181,-4.675,-5.181,-4.675, 0.268, 0.011,-0.015,0.000,0.000,0.000,-0.268,-0.011, 0.643;
1.924,-5.181,-4.675,-5.181,-4.675, 0.268, 0.011,-0.015,0.000,0.000,0.000,-0.268,-0.011, 0.643;
1.935,-5.181,-4.675,-5.181,-4.675, 0.268, 0.011,-0.015,0.000,0.000,0.000,-0.268,-0.011, 0.643;
1.946,-5.181,-4.674,-5.181,-4.674, 0.268, 0.011,-0.015,0.000,0.000,0.000,-0.268,-0.011, 0.643;
1.957,-5.181,-4.674,-5.181,-4.674, 0.268, 0.011,-0.015,0.000,0.000,0.000,-0.268,-0.011, 0.643;
1.967,-5.182,-4.673,-5.182,-4.673, 0.268, 0.011,-0.015,0.000,0.000,0.000,-0.268,-0.011, 0.643;
1.989,-5.182,-4.672,-5.182,-4.672, 0.268, 0.011,-0.015,0.000,0.000,0.000,-0.268,-0.011, 0.643;
2.000,-5.182,-4.672,-5.182,-4.672, 0.268, 0.011,-0.015,0.000,0.000,0.000,-0.268,-0.011, 0.643;
2.011,-5.182,-4.672,-5.182,-4.672, 0.268, 0.011,-0.015,0.000,0.000,0.000,-0.268,-0.011, 0.643;
2.022,-5.182,-4.671,-5.182,-4.671, 0.268, 0.011,-0.015,0.000,0.000,0.000,-0.268,-0.011, 0.643;
2.034,-5.182,-4.671,-5.182,-4.671, 0.268, 0.011,-0.015,0.000,0.000,0.000,-0.268,-0.011, 0.643;
2.046,-5.182,-4.670,-5.182,-4.670, 0.268, 0.011,-0.015,0.000,0.000,0.000,-0.268,-0.011, 0.643;
2.057,-5.182,-4.670,-5.182,-4.670, 0.268, 0.011,-0.015,0.000,0.000,0.000,-0.268,-0.011, 0.643;
2.069,-5.182,-4.669,-5.182,-4.669, 0.268, 0.011,-0.015,0.000,0.000,0.000,-0.268,-0.011, 0.643;
2.081,-5.182,-4.669,-5.182,-4.669, 0.268, 0.011,-0.015,0.000,0.000,0.000,-0.268,-0.011, 0.643;
2.092,-5.182,-4.668,-5.182,-4.668, 0.268, 0.011,-0.015,0.000,0.000,0.000,-0.268,-0.011, 0.643;
2.103,-5.182,-4.668,-5.182,-4.668, 0.268, 0.011,-0.015,0.000,0.000,0.000,-0.268,-0.011, 0.643;
2.116,-5.182,-4.667,-5.182,-4.667, 0.268, 0.011,-0.015,0.000,0.000,0.000,-0.268,-0.011, 0.643;
2.127,-5.182,-4.667,-5.182,-4.667, 0.268, 0.011,-0.015,0.000,0.000,0.000,-0.268,-0.011, 0.643;
2.149,-5.183,-4.666,-5.183,-4.666, 0.268, 0.011,-0.015,0.000,0.000,0.000,-0.268,-0.011, 0.643;
2.153,-5.183,-4.666,-5.183,-4.666, 0.268, 0.011,-0.015,0.000,0.000,0.000,-0.268,-0.011, 0.643;
2.164,-5.183,-4.666,-5.183,-4.666, 0.268, 0.011,-0.015,0.000,0.000,0.000,-0.268,-0.011, 0.643;
2.185,-5.183,-4.665,-5.183,-4.665, 0.268, 0.011,-0.015,0.000,0.000,0.000,-0.268,-0.011, 0.643;
2.197,-5.183,-4.664,-5.183,-4.664, 0.268, 0.011,-0.015,0.000,0.000,0.000,-0.268,-0.011, 0.643;
2.210,-5.183,-4.664,-5.183,-4.664, 0.268, 0.011,-0.015,0.000,0.000,0.000,-0.268,-0.011, 0.643;
2.214,-5.183,-4.664,-5.183,-4.664, 0.268, 0.011,-0.015,0.000,0.000,0.000,-0.268,-0.011, 0.643;
2.225,-5.183,-4.663,-5.183,-4.663, 0.268, 0.011,-0.015,0.000,0.000,0.000,-0.268,-0.011, 0.643;
2.247,-5.183,-4.662,-5.183,-4.662, 0.268, 0.011,-0.015,0.000,0.000,0.000,-0.268,-0.011, 0.643;
2.258,-5.183,-4.662,-5.183,-4.662, 0.268, 0.011,-0.015,0.000,0.000,0.000,-0.268,-0.011, 0.643;
2.270,-5.183,-4.661,-5.183,-4.661, 0.268, 0.011,-0.015,0.000,0.000,0.000,-0.268,-0.011, 0.643;
2.283,-5.183,-4.661,-5.183,-4.661, 0.268, 0.011,-0.015,0.000,0.000,0.000,-0.268,-0.011, 0.643;
2.295,-5.183,-4.660,-5.183,-4.660, 0.268, 0.011,-0.015,0.000,0.000,0.000,-0.268,-0.011, 0.643;
2.308,-5.183,-4.660,-5.183,-4.660, 0.268, 0.011,-0.015,0.000,0.000,0.000,-0.268,-0.011, 0.643;
2.320,-5.183,-4.659,-5.183,-4.659, 0.268, 0.011,-0.015,0.000,0.000,0.000,-0.268,-0.011, 0.643;
2.332,-5.183,-4.659,-5.183,-4.659, 0.268, 0.011,-0.015,0.000,0.000,0.000,-0.268,-0.011, 0.643;
2.344,-5.183,-4.658,-5.183,-4.658, 0.268, 0.011,-0.015,0.000,0.000,0.000,-0.268,-0.011, 0.643;
2.356,-5.183,-4.658,-5.183,-4.658, 0.268, 0.011,-0.015,0.000,0.000,0.000,-0.268,-0.011, 0.643;
2.368,-5.183,-4.657,-5.183,-4.657, 0.268, 0.011,-0.015,0.000,0.000,0.000,-0.268,-0.011, 0.643;
2.380,-5.183,-4.657,-5.183,-4.657, 0.268, 0.011,-0.015,0.000,0.000,0.000,-0.268,-0.011, 0.643;
2.392,-5.183,-4.657,-5.183,-4.657, 0.268, 0.011,-0.015,0.000,0.000,0.000,-0.268,-0.011, 0.643;
2.404,-5.183,-4.656,-5.183,-4.656, 0.268, 0.011,-0.015,0.000,0.000,0.000,-0.268,-0.011, 0.643;
2.416,-5.183,-4.656,-5.183,-4.656, 0.268, 0.011,-0.015,0.000,0.000,0.000,-0.268,-0.011, 0.643;
2.428,-5.183,-4.655,-5.183,-4.655, 0.268, 0.011,-0.015,0.000,0.000,0.000,-0.268,-0.011, 0.643;
2.441,-5.183,-4.655,-5.183,-4.655, 0.268, 0.011,-0.015,0.000,0.000,0.000,-0.268,-0.011, 0.643;
2.453,-5.183,-4.654,-5.183,-4.654, 0.268, 0.011,-0.015,0.000,0.000,0.000,-0.268,-0.011, 0.643;
2.465,-5.183,-4.654,-5.183,-4.654, 0.268, 0.011,-0.015,0.000,0.000,0.000,-0.268,-0.011, 0.643;
2.477,-5.183,-4.653,-5.183,-4.653, 0.268, 0.011,-0.015,0.000,0.000,0.000,-0.268,-0.011, 0.643;
2.489,-5.183,-4.653,-5.183,-4.653, 0.268, 0.011,-0.015,0.000,0.000,0.000,-0.268,-0.011, 0.643;
2.501,-5.183,-4.652,-5.183,-4.652, 0.268, 0.011,-0.015,0.000,0.000,0.000,-0.268,-0.011, 0.643;
2.514,-5.183,-4.652,-5.183,-4.652, 0.268, 0.011,-0.015,0.000,0.000,0.000,-0.268,-0.011, 0.643;
2.526,-5.183,-4.651,-5.183,-4.651, 0.268, 0.011,-0.015,0.000,0.000,0.000,-0.268,-0.011, 0.643;
2.538,-5.183,-4.651,-5.183,-4.651, 0.268, 0.011,-0.015,0.000,0.000,0.000,-0.268,-0.011, 0.643;
2.551,-5.183,-4.650,-5.183,-4.650, 0.268, 0.011,-0.015,0.000,0.000,0.000,-0.268,-0.011, 0.643;
2.562,-5.183,-4.650,-5.183,-4.650, 0.268, 0.011,-0.015,0.000,0.000,0.000,-0.268,-0.011, 0.643;
2.574,-5.183,-4.649,-5.183,-4.649, 0.268, 0.011,-0.015,0.000,0.000,0.000,-0.268,-0.011, 0.643;
2.586,-5.183,-4.649,-5.183,-4.649, 0.268, 0.011,-0.015,0.000,0.000,0.000,-0.268,-0.011, 0.643;
2.598,-5.183,-4.648,-5.183,-4.648, 0.268, 0.011,-0.015,0.000,0.000,0.000,-0.268,-0.011, 0.643;
2.610,-5.183,-4.648,-5.183,-4.648, 0.268, 0.011,-0.015,0.000,0.000,0.000,-0.268,-0.011, 0.643;
2.621,-5.183,-4.647,-5.183,-4.647, 0.268, 0.011,-0.015,0.000,0.000,0.000,-0.268,-0.011, 0.643;
2.633,-5.183,-4.647,-5.183,-4.647, 0.268, 0.011,-0.015,0.000,0.000,0.000,-0.268,-0.011, 0.643;
2.645,-5.183,-4.646,-5.183,-4.646, 0.268, 0.011,-0.015,0.000,0.000,0.000,-0.268,-0.011, 0.643;
2.656,-5.183,-4.646,-5.183,-4.646, 0.268, 0.011,-0.015,0.000,0.000,0.000,-0.268,-0.011, 0.643;
2.668,-5.183,-4.646,-5.183,-4.646, 0.268, 0.011,-0.015,0.000,0.000,0.000,-0.268,-0.011, 0.643;
2.679,-5.183,-4.645,-5.183,-4.645, 0.268, 0.011,-0.015,0.000,0.000,0.000,-0.268,-0.011, 0.643;
2.691,-5.183,-4.645,-5.183,-4.645, 0.268, 0.011,-0.015,0.000,0.000,0.000,-0.268,-0.011, 0.643;
2.702,-5.183,-4.644,-5.183,-4.644, 0.268, 0.011,-0.015,0.000,0.000,0.000,-0.268,-0.011, 0.643;
2.713,-5.183,-4.644,-5.183,-4.644, 0.268, 0.011,-0.015,0.000,0.000,0.000,-0.268,-0.011, 0.643;
2.736,-5.183,-4.643,-5.183,-4.643, 0.268, 0.011,-0.015,0.000,0.000,0.000,-0.268,-0.011, 0.643;
2.741,-5.183,-4.643,-5.183,-4.643, 0.268, 0.011,-0.015,0.000,0.000,0.000,-0.268,-0.011, 0.643;
2.752,-5.183,-4.642,-5.183,-4.642, 0.268, 0.011,-0.015,0.000,0.000,0.000,-0.268,-0.011, 0.643;
2.764,-5.183,-4.642,-5.183,-4.642, 0.268, 0.011,-0.015,0.000,0.000,0.000,-0.268,-0.011, 0.643;
2.775,-5.183,-4.641,-5.183,-4.641, 0.268, 0.011,-0.015,0.000,0.000,0.000,-0.268,-0.011, 0.643;
2.797,-5.183,-4.640,-5.183,-4.640, 0.268, 0.011,-0.015,0.000,0.000,0.000,-0.268,-0.011, 0.643;
2.808,-5.183,-4.640,-5.183,-4.640, 0.268, 0.011,-0.015,0.000,0.000,0.000,-0.268,-0.011, 0.643;
2.820,-5.183,-4.640,-5.183,-4.640, 0.268, 0.011,-0.015,0.000,0.000,0.000,-0.268,-0.011, 0.643;
2.833,-5.183,-4.639,-5.183,-4.639, 0.268, 0.011,-0.015,0.000,0.000,0.000,-0.268,-0.011, 0.643;
2.845,-5.183,-4.639,-5.183,-4.639, 0.268, 0.011,-0.015,0.000,0.000,0.000,-0.268,-0.011, 0.643;
2.858,-5.182,-4.638,-5.182,-4.638, 0.268, 0.011,-0.015,0.000,0.000,0.000,-0.268,-0.011, 0.643;
2.870,-5.182,-4.638,-5.182,-4.638, 0.268, 0.011,-0.015,0.000,0.000,0.000,-0.268,-0.011, 0.643;
2.882,-5.182,-4.637,-5.182,-4.637, 0.268, 0.011,-0.015,0.000,0.000,0.000,-0.268,-0.011, 0.643;
2.895,-5.182,-4.637,-5.182,-4.637, 0.268, 0.011,-0.015,0.000,0.000,0.000,-0.268,-0.011, 0.643;
2.907,-5.182,-4.636,-5.182,-4.636, 0.268, 0.011,-0.015,0.000,0.000,0.000,-0.268,-0.011, 0.643;
2.918,-5.182,-4.636,-5.182,-4.636, 0.268, 0.011,-0.015,0.000,0.000,0.000,-0.268,-0.011, 0.643;
2.930,-5.182,-4.635,-5.182,-4.635, 0.268, 0.011,-0.015,0.000,0.000,0.000,-0.268,-0.011, 0.643;
2.942,-5.182,-4.635,-5.182,-4.635, 0.268, 0.011,-0.015,0.000,0.000,0.000,-0.268,-0.011, 0.643;
2.954,-5.182,-4.634,-5.182,-4.634, 0.268, 0.011,-0.015,0.000,0.000,0.000,-0.268,-0.011, 0.643;
2.967,-5.182,-4.634,-5.182,-4.634, 0.268, 0.011,-0.015,0.000,0.000,0.000,-0.268,-0.011, 0.643;
2.979,-5.182,-4.633,-5.182,-4.633, 0.268, 0.011,-0.015,0.000,0.000,0.000,-0.268,-0.011, 0.643;
2.991,-5.182,-4.633,-5.182,-4.633, 0.268, 0.011,-0.015,0.000,0.000,0.000,-0.268,-0.011, 0.643;
3.003,-5.182,-4.632,-5.182,-4.632, 0.268, 0.011,-0.015,0.000,0.000,0.000,-0.268,-0.011, 0.643;
3.015,-5.182,-4.632,-5.182,-4.632, 0.268, 0.011,-0.015,0.000,0.000,0.000,-0.268,-0.011, 0.643;
3.027,-5.182,-4.631,-5.182,-4.631, 0.268, 0.011,-0.015,0.000,0.000,0.000,-0.268,-0.011, 0.643;
3.038,-5.181,-4.631,-5.181,-4.631, 0.268, 0.011,-0.015,0.000,0.000,0.000,-0.268,-0.011, 0.643;
3.050,-5.181,-4.630,-5.181,-4.630, 0.268, 0.011,-0.015,0.000,0.000,0.000,-0.268,-0.011, 0.643;
3.062,-5.181,-4.630,-5.181,-4.630, 0.268, 0.011,-0.015,0.000,0.000,0.000,-0.268,-0.011, 0.643;
3.074,-5.181,-4.630,-5.181,-4.630, 0.268, 0.011,-0.015,0.000,0.000,0.000,-0.268,-0.011, 0.643;
3.085,-5.181,-4.629,-5.181,-4.629, 0.268, 0.011,-0.015,0.000,0.000,0.000,-0.268,-0.011, 0.643;
3.096,-5.181,-4.629,-5.181,-4.629, 0.268, 0.011,-0.015,0.000,0.000,0.000,-0.268,-0.011, 0.643;
3.107,-5.181,-4.628,-5.181,-4.628, 0.268, 0.011,-0.015,0.000,0.000,0.000,-0.268,-0.011, 0.643;
3.118,-5.181,-4.628,-5.181,-4.628, 0.268, 0.011,-0.015,0.000,0.000,0.000,-0.268,-0.011, 0.643;
3.129,-5.181,-4.627,-5.181,-4.627, 0.268, 0.011,-0.015,0.000,0.000,0.000,-0.268,-0.011, 0.643;
3.150,-5.181,-4.627,-5.181,-4.627, 0.268, 0.011,-0.015,0.000,0.000,0.000,-0.268,-0.011, 0.643;
3.161,-5.181,-4.626,-5.181,-4.626, 0.268, 0.011,-0.015,0.000,0.000,0.000,-0.268,-0.011, 0.643;
3.173,-5.180,-4.626,-5.180,-4.626, 0.268, 0.011,-0.015,0.000,0.000,0.000,-0.268,-0.011, 0.643;
3.184,-5.180,-4.625,-5.180,-4.625, 0.268, 0.011,-0.015,0.000,0.000,0.000,-0.268,-0.011, 0.643;
3.196,-5.180,-4.625,-5.180,-4.625, 0.268, 0.011,-0.015,0.000,0.000,0.000,-0.268,-0.011, 0.643;
3.208,-5.180,-4.624,-5.180,-4.624, 0.268, 0.011,-0.015,0.000,0.000,0.000,-0.268,-0.011, 0.643;
3.218,-5.180,-4.624,-5.180,-4.624, 0.268, 0.011,-0.015,0.000,0.000,0.000,-0.268,-0.011, 0.643;
3.229,-5.180,-4.624,-5.180,-4.624, 0.268, 0.011,-0.015,0.000,0.000,0.000,-0.268,-0.011, 0.643;
3.241,-5.180,-4.623,-5.180,-4.623, 0.268, 0.011,-0.015,0.000,0.000,0.000,-0.268,-0.011, 0.643;
3.252,-5.180,-4.623,-5.180,-4.623, 0.268, 0.011,-0.015,0.000,0.000,0.000,-0.268,-0.011, 0.643;
3.274,-5.180,-4.622,-5.180,-4.622, 0.268, 0.011,-0.015,0.000,0.000,0.000,-0.268,-0.011, 0.643;
3.286,-5.179,-4.621,-5.179,-4.621, 0.268, 0.011,-0.015,0.000,0.000,0.000,-0.268,-0.011, 0.643;
3.298,-5.179,-4.621,-5.179,-4.621, 0.268, 0.011,-0.015,0.000,0.000,0.000,-0.268,-0.011, 0.643;
3.310,-5.179,-4.620,-5.179,-4.620, 0.268, 0.011,-0.015,0.000,0.000,0.000,-0.268,-0.011, 0.643;
3.322,-5.179,-4.620,-5.179,-4.620, 0.268, 0.011,-0.015,0.000,0.000,0.000,-0.268,-0.011, 0.643;
3.334,-5.179,-4.619,-5.179,-4.619, 0.268, 0.011,-0.015,0.000,0.000,0.000,-0.268,-0.011, 0.643;
3.346,-5.179,-4.619,-5.179,-4.619, 0.268, 0.011,-0.015,0.000,0.000,0.000,-0.268,-0.011, 0.643;
3.350,-5.179,-4.619,-5.179,-4.619, 0.268, 0.011,-0.015,0.000,0.000,0.000,-0.268,-0.011, 0.643;
3.362,-5.179,-4.618,-5.179,-4.618, 0.268, 0.011,-0.015,0.000,0.000,0.000,-0.268,-0.011, 0.643;
3.384,-5.178,-4.618,-5.178,-4.618, 0.268, 0.011,-0.015,0.000,0.000,0.000,-0.268,-0.011, 0.643;
3.387,-5.178,-4.617,-5.178,-4.617, 0.268, 0.011,-0.015,0.000,0.000,0.000,-0.268,-0.011, 0.643;
3.398,-5.178,-4.617,-5.178,-4.617, 0.268, 0.011,-0.015,0.000,0.000,0.000,-0.268,-0.011, 0.643;
3.420,-5.178,-4.616,-5.178,-4.616, 0.268, 0.011,-0.015,0.000,0.000,0.000,-0.268,-0.011, 0.643;
3.433,-5.178,-4.616,-5.178,-4.616, 0.268, 0.011,-0.015,0.000,0.000,0.000,-0.268,-0.011, 0.643;
3.438,-5.178,-4.616,-5.178,-4.616, 0.268, 0.011,-0.015,0.000,0.000,0.000,-0.268,-0.011, 0.643;
3.449,-5.178,-4.615,-5.178,-4.615, 0.268, 0.011,-0.015,0.000,0.000,0.000,-0.268,-0.011, 0.643;
3.460,-5.178,-4.615,-5.178,-4.615, 0.268, 0.011,-0.015,0.000,0.000,0.000,-0.268,-0.011, 0.643;
3.471,-5.177,-4.614,-5.177,-4.614, 0.268, 0.011,-0.015,0.000,0.000,0.000,-0.268,-0.011, 0.643;
3.494,-5.177,-4.613,-5.177,-4.613, 0.268, 0.011,-0.015,0.000,0.000,0.000,-0.268,-0.011, 0.643;
3.498,-5.177,-4.613,-5.177,-4.613, 0.268, 0.011,-0.015,0.000,0.000,0.000,-0.268,-0.011, 0.643;
3.508,-5.177,-4.613,-5.177,-4.613, 0.268, 0.011,-0.015,0.000,0.000,0.000,-0.268,-0.011, 0.643;
3.529,-5.177,-4.612,-5.177,-4.612, 0.268, 0.011,-0.015,0.000,0.000,0.000,-0.268,-0.011, 0.643;
3.541,-5.177,-4.612,-5.177,-4.612, 0.268, 0.011,-0.015,0.000,0.000,0.000,-0.268,-0.011, 0.643;
3.552,-5.176,-4.611,-5.176,-4.611, 0.268, 0.011,-0.015,0.000,0.000,0.000,-0.268,-0.011, 0.643;
3.563,-5.176,-4.611,-5.176,-4.611, 0.268, 0.011,-0.015,0.000,0.000,0.000,-0.268,-0.011, 0.643;
3.574,-5.176,-4.610,-5.176,-4.610, 0.268, 0.011,-0.015,0.000,0.000,0.000,-0.268,-0.011, 0.643;
3.585,-5.176,-4.610,-5.176,-4.610, 0.268, 0.011,-0.015,0.000,0.000,0.000,-0.268,-0.011, 0.643;
3.596,-5.176,-4.610,-5.176,-4.610, 0.268, 0.011,-0.015,0.000,0.000,0.000,-0.268,-0.011, 0.643;
3.607,-5.176,-4.609,-5.176,-4.609, 0.268, 0.011,-0.015,0.000,0.000,0.000,-0.268,-0.011, 0.643;
3.618,-5.176,-4.609,-5.176,-4.609, 0.268, 0.011,-0.015,0.000,0.000,0.000,-0.268,-0.011, 0.643;
3.639,-5.175,-4.608,-5.175,-4.608, 0.268, 0.011,-0.015,0.000,0.000,0.000,-0.268,-0.011, 0.643;
3.651,-5.175,-4.608,-5.175,-4.608, 0.268, 0.011,-0.015,0.000,0.000,0.000,-0.268,-0.011, 0.643;
3.662,-5.175,-4.607,-5.175,-4.607, 0.268, 0.011,-0.015,0.000,0.000,0.000,-0.268,-0.011, 0.643;
3.674,-5.175,-4.607,-5.175,-4.607, 0.268, 0.011,-0.015,0.000,0.000,0.000,-0.268,-0.011, 0.643;
3.685,-5.175,-4.606,-5.175,-4.606, 0.268, 0.011,-0.015,0.000,0.000,0.000,-0.268,-0.011, 0.643;
3.696,-5.174,-4.606,-5.174,-4.606, 0.268, 0.011,-0.015,0.000,0.000,0.000,-0.268,-0.011, 0.643;
3.707,-5.174,-4.605,-5.174,-4.605, 0.268, 0.011,-0.015,0.000,0.000,0.000,-0.268,-0.011, 0.643;
3.719,-5.174,-4.605,-5.174,-4.605, 0.268, 0.011,-0.015,0.000,0.000,0.000,-0.268,-0.011, 0.643;
3.730,-5.174,-4.605,-5.174,-4.605, 0.268, 0.011,-0.015,0.000,0.000,0.000,-0.268,-0.011, 0.643;
3.741,-5.174,-4.604,-5.174,-4.604, 0.268, 0.011,-0.015,0.000,0.000,0.000,-0.268,-0.011, 0.643;
3.753,-5.174,-4.604,-5.174,-4.604, 0.268, 0.011,-0.015,0.000,0.000,0.000,-0.268,-0.011, 0.643;
3.774,-5.173,-4.603,-5.173,-4.603, 0.268, 0.011,-0.015,0.000,0.000,0.000,-0.268,-0.011, 0.643;
3.786,-5.173,-4.603,-5.173,-4.603, 0.268, 0.011,-0.015,0.000,0.000,0.000,-0.268,-0.011, 0.643;
3.799,-5.173,-4.602,-5.173,-4.602, 0.268, 0.011,-0.015,0.000,0.000,0.000,-0.268,-0.011, 0.643;
3.811,-5.173,-4.602,-5.173,-4.602, 0.268, 0.011,-0.015,0.000,0.000,0.000,-0.268,-0.011, 0.643;
3.815,-5.173,-4.601,-5.173,-4.601, 0.268, 0.011,-0.015,0.000,0.000,0.000,-0.268,-0.011, 0.643;
3.826,-5.172,-4.601,-5.172,-4.601, 0.268, 0.011,-0.015,0.000,0.000,0.000,-0.268,-0.011, 0.643;
3.849,-5.172,-4.600,-5.172,-4.600, 0.268, 0.011,-0.015,0.000,0.000,0.000,-0.268,-0.011, 0.643;
3.852,-5.172,-4.600,-5.172,-4.600, 0.268, 0.011,-0.015,0.000,0.000,0.000,-0.268,-0.011, 0.643;
3.863,-5.172,-4.600,-5.172,-4.600, 0.268, 0.011,-0.015,0.000,0.000,0.000,-0.268,-0.011, 0.643;
3.885,-5.172,-4.599,-5.172,-4.599, 0.268, 0.011,-0.015,0.000,0.000,0.000,-0.268,-0.011, 0.643;
3.896,-5.171,-4.599,-5.171,-4.599, 0.268, 0.011,-0.015,0.000,0.000,0.000,-0.268,-0.011, 0.643;
3.909,-5.171,-4.598,-5.171,-4.598, 0.268, 0.011,-0.015,0.000,0.000,0.000,-0.268,-0.011, 0.643;
3.920,-5.171,-4.598,-5.171,-4.598, 0.268, 0.011,-0.015,0.000,0.000,0.000,-0.268,-0.011, 0.643;
3.932,-5.171,-4.597,-5.171,-4.597, 0.268, 0.011,-0.015,0.000,0.000,0.000,-0.268,-0.011, 0.643;
3.943,-5.170,-4.597,-5.170,-4.597, 0.268, 0.011,-0.015,0.000,0.000,0.000,-0.268,-0.011, 0.643;
3.955,-5.170,-4.596,-5.170,-4.596, 0.268, 0.011,-0.015,0.000,0.000,0.000,-0.268,-0.011, 0.643;
3.967,-5.170,-4.596,-5.170,-4.596, 0.268, 0.011,-0.015,0.000,0.000,0.000,-0.268,-0.011, 0.643;
3.979,-5.170,-4.596,-5.170,-4.596, 0.268, 0.011,-0.015,0.000,0.000,0.000,-0.268,-0.011, 0.643;
3.992,-5.170,-4.595,-5.170,-4.595, 0.268, 0.011,-0.015,0.000,0.000,0.000,-0.268,-0.011, 0.643;
4.004,-5.169,-4.595,-5.169,-4.595, 0.268, 0.011,-0.015,0.000,0.000,0.000,-0.268,-0.011, 0.643;
4.017,-5.169,-4.594,-5.169,-4.594, 0.268, 0.011,-0.015,0.000,0.000,0.000,-0.268,-0.011, 0.643;
4.029,-5.169,-4.594,-5.169,-4.594, 0.268, 0.011,-0.015,0.000,0.000,0.000,-0.268,-0.011, 0.643;
4.043,-5.169,-4.593,-5.169,-4.593, 0.268, 0.011,-0.015,0.000,0.000,0.000,-0.268,-0.011, 0.643;
4.049,-5.169,-4.593,-5.169,-4.593, 0.268, 0.011,-0.015,0.000,0.000,0.000,-0.268,-0.011, 0.643;
4.059,-5.168,-4.593,-5.168,-4.593, 0.268, 0.011,-0.015,0.000,0.000,0.000,-0.268,-0.011, 0.643;
4.071,-5.168,-4.592,-5.168,-4.592, 0.268, 0.011,-0.015,0.000,0.000,0.000,-0.268,-0.011, 0.643;
4.093,-5.168,-4.592,-5.168,-4.592, 0.268, 0.011,-0.015,0.000,0.000,0.000,-0.268,-0.011, 0.643;
4.105,-5.168,-4.591,-5.168,-4.591, 0.268, 0.011,-0.015,0.000,0.000,0.000,-0.268,-0.011, 0.643;
4.116,-5.167,-4.591,-5.167,-4.591, 0.268, 0.011,-0.015,0.000,0.000,0.000,-0.268,-0.011, 0.643;
4.128,-5.167,-4.590,-5.167,-4.590, 0.268, 0.011,-0.015,0.000,0.000,0.000,-0.268,-0.011, 0.643;
4.140,-5.167,-4.590,-5.167,-4.590, 0.268, 0.011,-0.015,0.000,0.000,0.000,-0.268,-0.011, 0.643;
4.152,-5.167,-4.590,-5.167,-4.590, 0.268, 0.011,-0.015,0.000,0.000,0.000,-0.268,-0.011, 0.643;
4.164,-5.166,-4.589,-5.166,-4.589, 0.268, 0.011,-0.015,0.000,0.000,0.000,-0.268,-0.011, 0.643;
4.175,-5.166,-4.589,-5.166,-4.589, 0.268, 0.011,-0.015,0.000,0.000,0.000,-0.268,-0.011, 0.643;
4.187,-5.166,-4.588,-5.166,-4.588, 0.268, 0.011,-0.015,0.000,0.000,0.000,-0.268,-0.011, 0.643;
4.199,-5.166,-4.588,-5.166,-4.588, 0.268, 0.011,-0.015,0.000,0.000,0.000,-0.268,-0.011, 0.643;
4.211,-5.165,-4.587,-5.165,-4.587, 0.268, 0.011,-0.015,0.000,0.000,0.000,-0.268,-0.011, 0.643;
4.223,-5.165,-4.587,-5.165,-4.587, 0.268, 0.011,-0.015,0.000,0.000,0.000,-0.268,-0.011, 0.643;
4.234,-5.165,-4.587,-5.165,-4.587, 0.268, 0.011,-0.015,0.000,0.000,0.000,-0.268,-0.011, 0.643;
4.246,-5.165,-4.586,-5.165,-4.586, 0.268, 0.011,-0.015,0.000,0.000,0.000,-0.268,-0.011, 0.643;
4.257,-5.164,-4.586,-5.164,-4.586, 0.268, 0.011,-0.015,0.000,0.000,0.000,-0.268,-0.011, 0.643;
4.268,-5.164,-4.586,-5.164,-4.586, 0.268, 0.011,-0.015,0.000,0.000,0.000,-0.268,-0.011, 0.643;
4.280,-5.164,-4.585,-5.164,-4.585, 0.268, 0.011,-0.015,0.000,0.000,0.000,-0.268,-0.011, 0.643;
4.292,-5.164,-4.585,-5.164,-4.585, 0.268, 0.011,-0.015,0.000,0.000,0.000,-0.268,-0.011, 0.643;
4.313,-5.163,-4.584,-5.163,-4.584, 0.268, 0.011,-0.015,0.000,0.000,0.000,-0.268,-0.011, 0.643;
4.325,-5.163,-4.584,-5.163,-4.584, 0.268, 0.011,-0.015,0.000,0.000,0.000,-0.268,-0.011, 0.643;
4.337,-5.163,-4.583,-5.163,-4.583, 0.268, 0.011,-0.015,0.000,0.000,0.000,-0.268,-0.011, 0.643;
4.350,-5.163,-4.583,-5.163,-4.583, 0.268, 0.011,-0.015,0.000,0.000,0.000,-0.268,-0.011, 0.643;
4.362,-5.162,-4.582,-5.162,-4.582, 0.268, 0.011,-0.015,0.000,0.000,0.000,-0.268,-0.011, 0.643;
4.374,-5.162,-4.582,-5.162,-4.582, 0.268, 0.011,-0.015,0.000,0.000,0.000,-0.268,-0.011, 0.643;
4.386,-5.162,-4.582,-5.162,-4.582, 0.268, 0.011,-0.015,0.000,0.000,0.000,-0.268,-0.011, 0.643;
4.399,-5.161,-4.581,-5.161,-4.581, 0.268, 0.011,-0.015,0.000,0.000,0.000,-0.268,-0.011, 0.643;
4.404,-5.161,-4.581,-5.161,-4.581, 0.268, 0.011,-0.015,0.000,0.000,0.000,-0.268,-0.011, 0.643;
4.413,-5.161,-4.581,-5.161,-4.581, 0.268, 0.011,-0.015,0.000,0.000,0.000,-0.268,-0.011, 0.643;
4.435,-5.161,-4.580,-5.161,-4.580, 0.268, 0.011,-0.015,0.000,0.000,0.000,-0.268,-0.011, 0.643;
4.440,-5.161,-4.580,-5.161,-4.580, 0.268, 0.011,-0.015,0.000,0.000,0.000,-0.268,-0.011, 0.643;
4.450,-5.160,-4.580,-5.160,-4.580, 0.268, 0.011,-0.015,0.000,0.000,0.000,-0.268,-0.011, 0.643;
4.472,-5.160,-4.579,-5.160,-4.579, 0.268, 0.011,-0.015,0.000,0.000,0.000,-0.268,-0.011, 0.643;
4.475,-5.160,-4.579,-5.160,-4.579, 0.268, 0.011,-0.015,0.000,0.000,0.000,-0.268,-0.011, 0.643;
4.496,-5.159,-4.578,-5.159,-4.578, 0.268, 0.011,-0.015,0.000,0.000,0.000,-0.268,-0.011, 0.643;
4.508,-5.159,-4.578,-5.159,-4.578, 0.268, 0.011,-0.015,0.000,0.000,0.000,-0.268,-0.011, 0.643;
4.519,-5.159,-4.577,-5.159,-4.577, 0.268, 0.011,-0.015,0.000,0.000,0.000,-0.268,-0.011, 0.643;
4.532,-5.158,-4.577,-5.158,-4.577, 0.268, 0.011,-0.015,0.000,0.000,0.000,-0.268,-0.011, 0.643;
4.544,-5.158,-4.576,-5.158,-4.576, 0.268, 0.011,-0.015,0.000,0.000,0.000,-0.268,-0.011, 0.643;
4.557,-5.158,-4.576,-5.158,-4.576, 0.268, 0.011,-0.015,0.000,0.000,0.000,-0.268,-0.011, 0.643;
4.568,-5.158,-4.576,-5.158,-4.576, 0.268, 0.011,-0.015,0.000,0.000,0.000,-0.268,-0.011, 0.643;
4.581,-5.157,-4.575,-5.157,-4.575, 0.268, 0.011,-0.015,0.000,0.000,0.000,-0.268,-0.011, 0.643;
4.594,-5.157,-4.575,-5.157,-4.575, 0.268, 0.011,-0.015,0.000,0.000,0.000,-0.268,-0.011, 0.643;
4.606,-5.157,-4.575,-5.157,-4.575, 0.268, 0.011,-0.015,0.000,0.000,0.000,-0.268,-0.011, 0.643;
4.617,-5.156,-4.574,-5.156,-4.574, 0.268, 0.011,-0.015,0.000,0.000,0.000,-0.268,-0.011, 0.643;
4.631,-5.156,-4.574,-5.156,-4.574, 0.268, 0.011,-0.015,0.000,0.000,0.000,-0.268,-0.011, 0.643;
4.643,-5.156,-4.573,-5.156,-4.573, 0.268, 0.011,-0.015,0.000,0.000,0.000,-0.268,-0.011, 0.643;
4.655,-5.155,-4.573,-5.155,-4.573, 0.268, 0.011,-0.015,0.000,0.000,0.000,-0.268,-0.011, 0.643;
4.668,-5.155,-4.573,-5.155,-4.573, 0.268, 0.011,-0.015,0.000,0.000,0.000,-0.268,-0.011, 0.643;
4.679,-5.155,-4.572,-5.155,-4.572, 0.268, 0.011,-0.015,0.000,0.000,0.000,-0.268,-0.011, 0.643;
4.683,-5.155,-4.572,-5.155,-4.572, 0.268, 0.011,-0.015,0.000,0.000,0.000,-0.268,-0.011, 0.643;
4.695,-5.154,-4.572,-5.154,-4.572, 0.268, 0.011,-0.015,0.000,0.000,0.000,-0.268,-0.011, 0.643;
4.717,-5.154,-4.571,-5.154,-4.571, 0.268, 0.011,-0.015,0.000,0.000,0.000,-0.268,-0.011, 0.643;
4.719,-5.154,-4.571,-5.154,-4.571, 0.268, 0.011,-0.015,0.000,0.000,0.000,-0.268,-0.011, 0.643;
4.731,-5.153,-4.571,-5.153,-4.571, 0.268, 0.011,-0.015,0.000,0.000,0.000,-0.268,-0.011, 0.643;
4.753,-5.153,-4.570,-5.153,-4.570, 0.268, 0.011,-0.015,0.000,0.000,0.000,-0.268,-0.011, 0.643;
4.765,-5.153,-4.570,-5.153,-4.570, 0.268, 0.011,-0.015,0.000,0.000,0.000,-0.268,-0.011, 0.643;
4.777,-5.152,-4.569,-5.152,-4.569, 0.268, 0.011,-0.015,0.000,0.000,0.000,-0.268,-0.011, 0.643;
4.789,-5.152,-4.569,-5.152,-4.569, 0.268, 0.011,-0.015,0.000,0.000,0.000,-0.268,-0.011, 0.643;
4.801,-5.152,-4.569,-5.152,-4.569, 0.268, 0.011,-0.015,0.000,0.000,0.000,-0.268,-0.011, 0.643;
4.812,-5.151,-4.568,-5.151,-4.568, 0.268, 0.011,-0.015,0.000,0.000,0.000,-0.268,-0.011, 0.643;
4.825,-5.151,-4.568,-5.151,-4.568, 0.268, 0.011,-0.015,0.000,0.000,0.000,-0.268,-0.011, 0.643;
4.836,-5.151,-4.568,-5.151,-4.568, 0.268, 0.011,-0.015,0.000,0.000,0.000,-0.268,-0.011, 0.643;
4.848,-5.150,-4.567,-5.150,-4.567, 0.268, 0.011,-0.015,0.000,0.000,0.000,-0.268,-0.011, 0.643;
4.860,-5.150,-4.567,-5.150,-4.567, 0.268, 0.011,-0.015,0.000,0.000,0.000,-0.268,-0.011, 0.643;
4.871,-5.150,-4.566,-5.150,-4.566, 0.268, 0.011,-0.015,0.000,0.000,0.000,-0.268,-0.011, 0.643;
4.883,-5.149,-4.566,-5.149,-4.566, 0.268, 0.011,-0.015,0.000,0.000,0.000,-0.268,-0.011, 0.643;
4.894,-5.149,-4.566,-5.149,-4.566, 0.268, 0.011,-0.015,0.000,0.000,0.000,-0.268,-0.011, 0.643;
4.905,-5.149,-4.566,-5.149,-4.566, 0.268, 0.011,-0.015,0.000,0.000,0.000,-0.268,-0.011, 0.643;
4.916,-5.149,-4.565,-5.149,-4.565, 0.268, 0.011,-0.015,0.000,0.000,0.000,-0.268,-0.011, 0.643;
4.927,-5.148,-4.565,-5.148,-4.565, 0.268, 0.011,-0.015,0.000,0.000,0.000,-0.268,-0.011, 0.643;
4.948,-5.148,-4.564,-5.148,-4.564, 0.268, 0.011,-0.015,0.000,0.000,0.000,-0.268,-0.011, 0.643;
4.960,-5.147,-4.564,-5.147,-4.564, 0.268, 0.011,-0.015,0.000,0.000,0.000,-0.268,-0.011, 0.643;
4.971,-5.147,-4.564,-5.147,-4.564, 0.268, 0.011,-0.015,0.000,0.000,0.000,-0.268,-0.011, 0.643;
4.984,-5.147,-4.563,-5.147,-4.563, 0.268, 0.011,-0.015,0.000,0.000,0.000,-0.268,-0.011, 0.643;
4.996,-5.146,-4.563,-5.146,-4.563, 0.268, 0.011,-0.015,0.000,0.000,0.000,-0.268,-0.011, 0.643;
5.007,-5.146,-4.563,-5.146,-4.563, 0.268, 0.011,-0.015,0.000,0.000,0.000,-0.268,-0.011, 0.643;
5.018,-5.146,-4.562,-5.146,-4.562, 0.268, 0.011,-0.015,0.000,0.000,0.000,-0.268,-0.011, 0.643;
5.030,-5.145,-4.562,-5.145,-4.562, 0.268, 0.011,-0.015,0.000,0.000,0.000,-0.268,-0.011, 0.643;
5.041,-5.145,-4.562,-5.145,-4.562, 0.268, 0.011,-0.015,0.000,0.000,0.000,-0.268,-0.011, 0.643;
5.052,-5.145,-4.561,-5.145,-4.561, 0.268, 0.011,-0.015,0.000,0.000,0.000,-0.268,-0.011, 0.643;
5.063,-5.144,-4.561,-5.144,-4.561, 0.268, 0.011,-0.015,0.000,0.000,0.000,-0.268,-0.011, 0.643;
5.075,-5.144,-4.561,-5.144,-4.561, 0.268, 0.011,-0.015,0.000,0.000,0.000,-0.268,-0.011, 0.643;
5.086,-5.144,-4.560,-5.144,-4.560, 0.268, 0.011,-0.015,0.000,0.000,0.000,-0.268,-0.011, 0.643;
5.107,-5.143,-4.560,-5.143,-4.560, 0.268, 0.011,-0.015,0.000,0.000,0.000,-0.268,-0.011, 0.643;
5.118,-5.143,-4.560,-5.143,-4.560, 0.268, 0.011,-0.015,0.000,0.000,0.000,-0.268,-0.011, 0.643;
5.130,-5.143,-4.559,-5.143,-4.559, 0.268, 0.011,-0.015,0.000,0.000,0.000,-0.268,-0.011, 0.643;
5.141,-5.142,-4.559,-5.142,-4.559, 0.268, 0.011,-0.015,0.000,0.000,0.000,-0.268,-0.011, 0.643;
5.154,-5.142,-4.559,-5.142,-4.559, 0.268, 0.011,-0.015,0.000,0.000,0.000,-0.268,-0.011, 0.643;
5.166,-5.141,-4.558,-5.141,-4.558, 0.268, 0.011,-0.015,0.000,0.000,0.000,-0.268,-0.011, 0.643;
5.178,-5.141,-4.558,-5.141,-4.558, 0.268, 0.011,-0.015,0.000,0.000,0.000,-0.268,-0.011, 0.643;
5.190,-5.141,-4.558,-5.141,-4.558, 0.268, 0.011,-0.015,0.000,0.000,0.000,-0.268,-0.011, 0.643;
5.203,-5.140,-4.557,-5.140,-4.557, 0.268, 0.011,-0.015,0.000,0.000,0.000,-0.268,-0.011, 0.643;
5.216,-5.140,-4.557,-5.140,-4.557, 0.268, 0.011,-0.015,0.000,0.000,0.000,-0.268,-0.011, 0.643;
5.228,-5.140,-4.557,-5.140,-4.557, 0.268, 0.011,-0.015,0.000,0.000,0.000,-0.268,-0.011, 0.643;
5.239,-5.139,-4.556,-5.139,-4.556, 0.268, 0.011,-0.015,0.000,0.000,0.000,-0.268,-0.011, 0.643;
5.251,-5.139,-4.556,-5.139,-4.556, 0.268, 0.011,-0.015,0.000,0.000,0.000,-0.268,-0.011, 0.643;
5.263,-5.139,-4.556,-5.139,-4.556, 0.268, 0.011,-0.015,0.000,0.000,0.000,-0.268,-0.011, 0.643;
5.275,-5.138,-4.555,-5.138,-4.555, 0.268, 0.011,-0.015,0.000,0.000,0.000,-0.268,-0.011, 0.643;
5.287,-5.138,-4.555,-5.138,-4.555, 0.268, 0.011,-0.015,0.000,0.000,0.000,-0.268,-0.011, 0.643;
5.299,-5.137,-4.555,-5.137,-4.555, 0.268, 0.011,-0.015,0.000,0.000,0.000,-0.268,-0.011, 0.643;
5.312,-5.137,-4.554,-5.137,-4.554, 0.268, 0.011,-0.015,0.000,0.000,0.000,-0.268,-0.011, 0.643;
5.325,-5.137,-4.554,-5.137,-4.554, 0.268, 0.011,-0.015,0.000,0.000,0.000,-0.268,-0.011, 0.643;
5.337,-5.136,-4.554,-5.136,-4.554, 0.268, 0.011,-0.015,0.000,0.000,0.000,-0.268,-0.011, 0.643;
5.349,-5.136,-4.554,-5.136,-4.554, 0.268, 0.011,-0.015,0.000,0.000,0.000,-0.268,-0.011, 0.643;
5.361,-5.136,-4.553,-5.136,-4.553, 0.268, 0.011,-0.015,0.000,0.000,0.000,-0.268,-0.011, 0.643;
5.373,-5.135,-4.553,-5.135,-4.553, 0.268, 0.011,-0.015,0.000,0.000,0.000,-0.268,-0.011, 0.643;
5.384,-5.135,-4.553,-5.135,-4.553, 0.268, 0.011,-0.015,0.000,0.000,0.000,-0.268,-0.011, 0.643;
5.396,-5.134,-4.552,-5.134,-4.552, 0.268, 0.011,-0.015,0.000,0.000,0.000,-0.268,-0.011, 0.643;
5.407,-5.134,-4.552,-5.134,-4.552, 0.268, 0.011,-0.015,0.000,0.000,0.000,-0.268,-0.011, 0.643;
5.418,-5.134,-4.552,-5.134,-4.552, 0.268, 0.011,-0.015,0.000,0.000,0.000,-0.268,-0.011, 0.643;
5.430,-5.133,-4.552,-5.133,-4.552, 0.268, 0.011,-0.015,0.000,0.000,0.000,-0.268,-0.011, 0.643;
5.441,-5.133,-4.551,-5.133,-4.551, 0.268, 0.011,-0.015,0.000,0.000,0.000,-0.268,-0.011, 0.643;
5.453,-5.133,-4.551,-5.133,-4.551, 0.268, 0.011,-0.015,0.000,0.000,0.000,-0.268,-0.011, 0.643;
5.465,-5.132,-4.551,-5.132,-4.551, 0.268, 0.011,-0.015,0.000,0.000,0.000,-0.268,-0.011, 0.643;
5.487,-5.132,-4.550,-5.132,-4.550, 0.268, 0.011,-0.015,0.000,0.000,0.000,-0.268,-0.011, 0.643;
5.500,-5.131,-4.550,-5.131,-4.550, 0.268, 0.011,-0.015,0.000,0.000,0.000,-0.268,-0.011, 0.643;
5.503,-5.131,-4.550,-5.131,-4.550, 0.268, 0.011,-0.015,0.000,0.000,0.000,-0.268,-0.011, 0.643;
5.515,-5.131,-4.550,-5.131,-4.550, 0.268, 0.011,-0.015,0.000,0.000,0.000,-0.268,-0.011, 0.643;
5.526,-5.130,-4.549,-5.130,-4.549, 0.268, 0.011,-0.015,0.000,0.000,0.000,-0.268,-0.011, 0.643;
5.548,-5.130,-4.549,-5.130,-4.549, 0.268, 0.011,-0.015,0.000,0.000,0.000,-0.268,-0.011, 0.643;
5.551,-5.129,-4.549,-5.129,-4.549, 0.268, 0.011,-0.015,0.000,0.000,0.000,-0.268,-0.011, 0.643;
5.563,-5.129,-4.548,-5.129,-4.548, 0.268, 0.011,-0.015,0.000,0.000,0.000,-0.268,-0.011, 0.643;
5.584,-5.128,-4.548,-5.128,-4.548, 0.268, 0.011,-0.015,0.000,0.000,0.000,-0.268,-0.011, 0.643;
5.597,-5.128,-4.548,-5.128,-4.548, 0.268, 0.011,-0.015,0.000,0.000,0.000,-0.268,-0.011, 0.643;
5.601,-5.128,-4.548,-5.128,-4.548, 0.268, 0.011,-0.015,0.000,0.000,0.000,-0.268,-0.011, 0.643;
5.613,-5.127,-4.547,-5.127,-4.547, 0.268, 0.011,-0.015,0.000,0.000,0.000,-0.268,-0.011, 0.643;
5.624,-5.127,-4.547,-5.127,-4.547, 0.268, 0.011,-0.015,0.000,0.000,0.000,-0.268,-0.011, 0.643;
5.646,-5.126,-4.547,-5.126,-4.547, 0.268, 0.011,-0.015,0.000,0.000,0.000,-0.268,-0.011, 0.643;
5.649,-5.126,-4.547,-5.126,-4.547, 0.268, 0.011,-0.015,0.000,0.000,0.000,-0.268,-0.011, 0.643;
5.661,-5.126,-4.546,-5.126,-4.546, 0.268, 0.011,-0.015,0.000,0.000,0.000,-0.268,-0.011, 0.643;
5.682,-5.125,-4.546,-5.125,-4.546, 0.268, 0.011,-0.015,0.000,0.000,0.000,-0.268,-0.011, 0.643;
5.695,-5.125,-4.546,-5.125,-4.546, 0.268, 0.011,-0.015,0.000,0.000,0.000,-0.268,-0.011, 0.643;
5.707,-5.124,-4.545,-5.124,-4.545, 0.268, 0.011,-0.015,0.000,0.000,0.000,-0.268,-0.011, 0.643;
5.719,-5.124,-4.545,-5.124,-4.545, 0.268, 0.011,-0.015,0.000,0.000,0.000,-0.268,-0.011, 0.643;
5.731,-5.124,-4.545,-5.124,-4.545, 0.268, 0.011,-0.015,0.000,0.000,0.000,-0.268,-0.011, 0.643;
5.743,-5.123,-4.545,-5.123,-4.545, 0.268, 0.011,-0.015,0.000,0.000,0.000,-0.268,-0.011, 0.643;
5.755,-5.123,-4.544,-5.123,-4.544, 0.268, 0.011,-0.015,0.000,0.000,0.000,-0.268,-0.011, 0.643;
5.768,-5.122,-4.544,-5.122,-4.544, 0.268, 0.011,-0.015,0.000,0.000,0.000,-0.268,-0.011, 0.643;
5.780,-5.122,-4.544,-5.122,-4.544, 0.268, 0.011,-0.015,0.000,0.000,0.000,-0.268,-0.011, 0.643;
5.793,-5.121,-4.544,-5.121,-4.544, 0.268, 0.011,-0.015,0.000,0.000,0.000,-0.268,-0.011, 0.643;
5.804,-5.121,-4.543,-5.121,-4.543, 0.268, 0.011,-0.015,0.000,0.000,0.000,-0.268,-0.011, 0.643;
5.816,-5.121,-4.543,-5.121,-4.543, 0.268, 0.011,-0.015,0.000,0.000,0.000,-0.268,-0.011, 0.643;
5.828,-5.120,-4.543,-5.120,-4.543, 0.268, 0.011,-0.015,0.000,0.000,0.000,-0.268,-0.011, 0.643;
5.840,-5.120,-4.543,-5.120,-4.543, 0.268, 0.011,-0.015,0.000,0.000,0.000,-0.268,-0.011, 0.643;
5.852,-5.119,-4.542,-5.119,-4.542, 0.268, 0.011,-0.015,0.000,0.000,0.000,-0.268,-0.011, 0.643;
