0.000,0.000,0.000,0.000,0.000, 0.000, 0.000, 0.000,0.000,0.000,0.000, 0.000, 0.000, 0.000;
0.012,19.687,-23.186,-12.662,9.164, 0.209, 0.432,-3.113,0.000,0.000,0.000, 0.291,-0.430, 3.427;
0.052,19.638,-23.118,-12.711,9.231, 0.209, 0.432,-3.113,0.000,0.000,0.000, 0.291,-0.423, 3.427;
0.055,19.635,-23.113,-12.715,9.236, 0.209, 0.432,-3.113,0.000,0.000,0.000, 0.291,-0.423, 3.427;
0.058,19.631,-23.108,-12.719,9.242, 0.209, 0.432,-3.113,0.000,0.000,0.000, 0.291,-0.423, 3.427;
0.061,19.628,-23.104,-12.722,9.246, 0.209, 0.432,-3.113,0.000,0.000,0.000, 0.291,-0.422, 3.427;
0.072,19.615,-23.085,-12.735,9.265, 0.209, 0.432,-3.113,0.000,0.000,0.000, 0.291,-0.420, 3.427;
0.084,19.600,-23.065,-12.749,9.285, 0.209, 0.432,-3.113,0.000,0.000,0.000, 0.291,-0.419, 3.427;
0.096,19.586,-23.044,-12.764,9.306, 0.209, 0.432,-3.113,0.000,0.000,0.000, 0.291,-0.417, 3.427;
0.108,19.571,-23.023,-12.778,9.326, 0.209, 0.432,-3.113,0.000,0.000,0.000, 0.291,-0.415, 3.427;
0.121,19.557,-23.002,-12.793,9.348, 0.209, 0.432,-3.113,0.000,0.000,0.000, 0.291,-0.413, 3.427;
0.133,19.542,-22.981,-12.807,9.369, 0.209, 0.432,-3.113,0.000,0.000,0.000, 0.291,-0.411, 3.427;
0.145,19.528,-22.960,-12.821,9.390, 0.209, 0.432,-3.113,0.000,0.000,0.000, 0.291,-0.409, 3.427;
0.157,19.514,-22.939,-12.835,9.411, 0.209, 0.432,-3.113,0.000,0.000,0.000, 0.291,-0.407, 3.427;
0.169,19.501,-22.919,-12.849,9.431, 0.209, 0.432,-3.113,0.000,0.000,0.000, 0.290,-0.405, 3.427;
0.180,19.488,-22.899,-12.862,9.450, 0.209, 0.432,-3.113,0.000,0.000,0.000, 0.290,-0.403, 3.427;
0.191,19.474,-22.880,-12.872,9.466, 0.209, 0.432,-3.112,0.000,0.000,0.037, 0.290,-0.402, 3.426;
0.203,19.461,-22.860,-12.884,9.485, 0.209, 0.432,-3.112,0.000,0.000,0.000, 0.290,-0.400, 3.426;
0.214,12.344,-15.805,-19.732,16.272, 0.209, 0.433,-3.084,0.000,0.157,2.576, 0.290,-0.400, 3.398;
0.225,19.413,-22.888,-12.664,9.189, 0.209, 0.433,-3.084,0.000,0.000,0.000, 0.290,-0.398, 3.398;
0.236,19.400,-22.867,-12.677,9.210, 0.209, 0.433,-3.084,0.000,0.000,0.000, 0.290,-0.396, 3.398;
0.247,26.456,-15.782,-5.474,16.148, 0.207, 0.433,-3.068,-0.156,0.000,1.386, 0.291,-0.395, 3.382;
0.269,15.559,-19.143,-16.233,12.650, 0.207, 0.435,-3.054,0.000,0.081,0.680, 0.291,-0.393, 3.368;
0.281,19.270,-22.887,-12.399,8.782, 0.207, 0.435,-3.040,0.000,0.000,1.114, 0.291,-0.391, 3.355;
0.292,26.141,-15.980,-5.514,15.675, 0.205, 0.435,-3.039,-0.148,0.000,0.125, 0.292,-0.389, 3.353;
0.304,11.937,-15.656,-19.443,15.725, 0.205, 0.437,-3.010,0.000,0.151,2.523, 0.292,-0.389, 3.324;
0.316,26.316,-15.742,-4.909,15.482, 0.204, 0.437,-2.993,-0.148,0.000,1.413, 0.294,-0.387, 3.308;
0.327,11.448,-15.300,-19.639,15.787, 0.204, 0.439,-2.979,0.000,0.156,1.305, 0.294,-0.387, 3.293;
0.338,19.049,-22.936,-11.925,8.038, 0.204, 0.439,-2.967,0.000,0.000,1.036, 0.294,-0.386, 3.281;
0.350,18.988,-7.736,-11.690,22.943, 0.202, 0.440,-2.936,-0.151,0.151,2.715, 0.295,-0.386, 3.250;
0.361,18.917,-22.960,-11.627,7.584, 0.202, 0.440,-2.921,0.000,0.000,1.312, 0.295,-0.384, 3.236;
0.372,18.869,-22.938,-11.541,7.472, 0.202, 0.440,-2.907,0.000,0.000,1.296, 0.295,-0.382, 3.221;
0.383,18.827,-6.454,-11.416,23.789, 0.200, 0.442,-2.889,-0.159,0.159,1.614, 0.296,-0.382, 3.204;
0.394,18.761,-22.945,-11.348,7.165, 0.200, 0.442,-2.875,0.000,0.000,1.287, 0.296,-0.380, 3.189;
0.415,14.319,-18.540,-15.527,11.305, 0.200, 0.444,-2.847,0.000,0.082,1.321, 0.296,-0.379, 3.162;
0.426,26.697,-14.827,-2.976,14.846, 0.198, 0.444,-2.829,-0.151,0.000,1.580, 0.297,-0.377, 3.143;
0.438,18.529,-22.874,-10.968,6.623, 0.198, 0.444,-2.810,0.000,0.000,1.605, 0.297,-0.375, 3.125;
0.449,9.900,-14.280,-19.208,14.828, 0.198, 0.446,-2.769,0.000,0.155,3.666, 0.297,-0.375, 3.083;
0.460,18.351,-22.792,-10.577,6.136, 0.198, 0.446,-2.750,0.000,0.000,1.706, 0.296,-0.374, 3.064;
0.472,27.023,-14.012,-1.723,14.734, 0.197, 0.446,-2.731,-0.156,0.000,1.731, 0.298,-0.372, 3.045;
0.483,18.188,-22.725,-10.430,5.893, 0.197, 0.446,-2.717,0.000,0.000,1.232, 0.298,-0.370, 3.032;
0.493,8.986,-13.531,-19.323,14.777, 0.197, 0.447,-2.685,0.000,0.160,3.017, 0.297,-0.370, 2.999;
0.504,18.038,-22.624,-10.146,5.560, 0.197, 0.447,-2.671,0.000,0.000,1.192, 0.297,-0.368, 2.986;
0.526,17.897,-22.505,-9.979,5.371, 0.197, 0.447,-2.639,0.000,0.000,1.540, 0.296,-0.365, 2.953;
0.537,17.811,-22.430,-9.877,5.258, 0.197, 0.447,-2.619,0.000,0.000,1.702, 0.296,-0.363, 2.933;
0.549,26.601,-13.491,-0.897,14.007, 0.195, 0.447,-2.599,-0.152,0.000,1.759, 0.298,-0.362, 2.913;
0.560,17.599,-22.301,-9.707,5.005, 0.195, 0.447,-2.578,0.000,0.000,1.827, 0.297,-0.360, 2.892;
0.571,17.456,-22.177,-9.538,4.818, 0.195, 0.447,-2.545,0.000,0.000,2.917, 0.297,-0.358, 2.860;
0.583,17.359,-22.082,-9.441,4.718, 0.195, 0.447,-2.525,0.000,0.000,1.760, 0.297,-0.356, 2.839;
0.595,17.260,-21.983,-9.344,4.621, 0.195, 0.447,-2.504,0.000,0.000,1.774, 0.296,-0.355, 2.818;
0.607,17.158,-21.879,-9.249,4.529, 0.195, 0.447,-2.483,0.000,0.000,1.731, 0.296,-0.353, 2.797;
0.618,17.095,-21.807,-9.202,4.490, 0.195, 0.447,-2.471,0.000,0.000,1.040, 0.296,-0.351, 2.786;
0.629,16.942,-21.654,-9.052,4.340, 0.195, 0.447,-2.439,0.000,0.000,2.809, 0.295,-0.349, 2.753;
0.641,16.836,-21.540,-8.962,4.258, 0.195, 0.447,-2.419,0.000,0.000,1.855, 0.295,-0.347, 2.733;
0.652,16.729,-21.423,-8.873,4.179, 0.195, 0.447,-2.398,0.000,0.000,1.885, 0.295,-0.346, 2.712;
0.663,25.816,-12.039,0.508,13.269, 0.193, 0.447,-2.367,-0.153,0.000,2.743, 0.296,-0.344, 2.681;
0.685,11.705,-25.936,-13.504,-0.727, 0.195, 0.447,-2.356,0.079,0.000,0.480, 0.294,-0.341, 2.670;
0.697,16.383,-21.016,-8.629,3.996, 0.195, 0.447,-2.335,0.000,0.000,1.745, 0.293,-0.339, 2.650;
0.709,16.215,-20.825,-8.498,3.888, 0.195, 0.447,-2.304,0.000,0.000,2.673, 0.293,-0.337, 2.618;
0.720,25.027,-11.575,0.710,12.742, 0.193, 0.447,-2.262,-0.151,0.000,3.622, 0.294,-0.335, 2.576;
0.732,15.839,-20.455,-8.282,3.665, 0.193, 0.447,-2.241,0.000,0.000,1.711, 0.294,-0.333, 2.555;
0.745,15.717,-20.302,-8.208,3.623, 0.193, 0.447,-2.220,0.000,0.000,1.601, 0.293,-0.331, 2.534;
0.757,24.660,-29.232,0.847,-5.419, 0.193, 0.446,-2.208,0.000,-0.152,1.033, 0.293,-0.328, 2.523;
0.769,15.485,-20.012,-8.132,3.605, 0.193, 0.446,-2.188,0.000,0.000,1.670, 0.292,-0.326, 2.502;
0.781,15.294,-19.776,-8.012,3.530, 0.193, 0.446,-2.155,0.000,0.000,2.846, 0.292,-0.324, 2.469;
0.792,15.169,-19.613,-7.943,3.499, 0.193, 0.446,-2.134,0.000,0.000,1.791, 0.291,-0.322, 2.448;
0.805,15.043,-19.447,-7.877,3.473, 0.193, 0.446,-2.114,0.000,0.000,1.635, 0.291,-0.321, 2.428;
0.818,14.842,-19.188,-7.766,3.420, 0.193, 0.446,-2.081,0.000,0.000,2.553, 0.290,-0.319, 2.395;
0.830,14.755,-19.065,-7.731,3.421, 0.193, 0.446,-2.068,0.000,0.000,1.033, 0.290,-0.317, 2.382;
0.843,14.626,-18.891,-7.670,3.405, 0.193, 0.446,-2.048,0.000,0.000,1.630, 0.289,-0.315, 2.362;
0.855,22.510,-26.740,0.466,-4.695, 0.193, 0.444,-2.021,0.000,-0.142,2.175, 0.289,-0.311, 2.335;
0.867,14.296,-18.456,-7.560,3.401, 0.193, 0.444,-2.001,0.000,0.000,1.651, 0.288,-0.309, 2.315;
0.880,14.167,-18.276,-7.505,3.396, 0.193, 0.444,-1.982,0.000,0.000,1.551, 0.288,-0.307, 2.296;
0.892,13.988,-18.033,-7.424,3.380, 0.193, 0.444,-1.954,0.000,0.000,2.223, 0.287,-0.306, 2.268;
0.903,13.859,-17.852,-7.371,3.378, 0.193, 0.444,-1.935,0.000,0.000,1.670, 0.287,-0.304, 2.249;
0.915,13.731,-17.672,-7.320,3.380, 0.193, 0.444,-1.916,0.000,0.000,1.646, 0.286,-0.302, 2.230;
0.928,20.882,-24.774,0.050,-3.942, 0.193, 0.442,-1.893,0.000,-0.136,1.817, 0.286,-0.298, 2.207;
0.942,13.414,-17.232,-7.240,3.422, 0.193, 0.442,-1.874,0.000,0.000,1.349, 0.285,-0.296, 2.188;
0.945,13.202,-16.948,-7.143,3.397, 0.193, 0.442,-1.841,0.000,0.000,11.038, 0.285,-0.296, 2.155;
0.956,13.100,-16.799,-7.109,3.411, 0.193, 0.442,-1.827,0.000,0.000,1.292, 0.284,-0.294, 2.141;
0.977,12.894,-16.496,-7.042,3.440, 0.193, 0.442,-1.798,0.000,0.000,1.340, 0.283,-0.291, 2.112;
0.989,12.768,-16.312,-7.000,3.456, 0.193, 0.442,-1.780,0.000,0.000,1.543, 0.283,-0.289, 2.094;
1.001,12.566,-16.024,-6.927,3.468, 0.193, 0.442,-1.751,0.000,0.000,2.507, 0.282,-0.288, 2.065;
1.013,12.442,-15.841,-6.889,3.489, 0.193, 0.442,-1.734,0.000,0.000,1.431, 0.282,-0.286, 2.048;
1.026,12.236,-15.543,-6.819,3.512, 0.193, 0.442,-1.704,0.000,0.000,2.247, 0.281,-0.284, 2.018;
1.039,12.126,-15.378,-6.790,3.539, 0.193, 0.442,-1.690,0.000,0.000,1.114, 0.280,-0.282, 2.004;
1.051,11.916,-15.073,-6.722,3.564, 0.193, 0.442,-1.660,0.000,0.000,2.466, 0.280,-0.280, 1.974;
1.064,11.805,-14.905,-6.693,3.593, 0.193, 0.442,-1.645,0.000,0.000,1.162, 0.279,-0.278, 1.959;
1.076,11.586,-14.586,-6.625,3.624, 0.193, 0.442,-1.615,0.000,0.000,2.499, 0.278,-0.276, 1.929;
1.088,11.476,-14.419,-6.596,3.653, 0.193, 0.442,-1.600,0.000,0.000,1.232, 0.278,-0.275, 1.914;
1.100,11.261,-14.105,-6.533,3.689, 0.193, 0.442,-1.571,0.000,0.000,2.460, 0.277,-0.273, 1.885;
1.111,11.045,-13.789,-6.472,3.728, 0.193, 0.442,-1.541,0.000,0.000,2.521, 0.277,-0.271, 1.856;
1.124,16.331,-7.981,-0.909,9.259, 0.191, 0.442,-1.512,-0.138,0.000,2.320, 0.278,-0.269, 1.826;
1.136,10.579,-13.156,-6.372,3.795, 0.191, 0.442,-1.481,0.000,0.000,2.584, 0.277,-0.268, 1.796;
1.147,10.466,-12.983,-6.346,3.829, 0.191, 0.442,-1.467,0.000,0.000,1.251, 0.276,-0.266, 1.781;
1.160,10.246,-12.655,-6.288,3.879, 0.191, 0.442,-1.437,0.000,0.000,2.346, 0.276,-0.264, 1.751;
1.172,10.133,-12.481,-6.263,3.914, 0.191, 0.442,-1.423,0.000,0.000,1.228, 0.275,-0.262, 1.737;
1.184,9.914,-12.156,-6.208,3.965, 0.191, 0.442,-1.394,0.000,0.000,2.516, 0.274,-0.260, 1.708;
1.195,9.802,-11.985,-6.183,4.000, 0.191, 0.442,-1.379,0.000,0.000,1.251, 0.274,-0.259, 1.693;
1.207,9.561,-11.627,-6.124,4.058, 0.191, 0.442,-1.347,0.000,0.000,2.649, 0.273,-0.257, 1.661;
1.220,9.449,-11.453,-6.100,4.096, 0.191, 0.442,-1.333,0.000,0.000,1.093, 0.272,-0.255, 1.647;
1.232,9.232,-11.130,-6.049,4.151, 0.191, 0.442,-1.305,0.000,0.000,2.337, 0.272,-0.253, 1.619;
1.244,9.092,-10.918,-6.018,4.192, 0.191, 0.442,-1.286,0.000,0.000,1.596, 0.271,-0.252, 1.601;
1.255,8.876,-10.597,-5.969,4.248, 0.191, 0.442,-1.258,0.000,0.000,2.463, 0.270,-0.250, 1.572;
1.267,8.767,-10.430,-5.946,4.284, 0.191, 0.442,-1.244,0.000,0.000,1.161, 0.269,-0.248, 1.559;
1.279,8.518,-10.060,-5.890,4.347, 0.191, 0.442,-1.212,0.000,0.000,2.725, 0.269,-0.247, 1.526;
1.291,8.411,-9.897,-5.868,4.382, 0.191, 0.442,-1.198,0.000,0.000,1.153, 0.268,-0.245, 1.513;
1.302,8.263,-9.675,-5.837,4.424, 0.191, 0.442,-1.179,0.000,0.000,1.701, 0.267,-0.243, 1.494;
1.314,8.055,-9.367,-5.791,4.480, 0.191, 0.442,-1.153,0.000,0.000,2.319, 0.267,-0.242, 1.467;
1.325,7.904,-9.142,-5.760,4.523, 0.191, 0.442,-1.133,0.000,0.000,1.664, 0.266,-0.240, 1.447;
1.336,7.752,-8.914,-5.728,4.566, 0.191, 0.442,-1.114,0.000,0.000,1.723, 0.265,-0.238, 1.428;
1.348,7.549,-8.615,-5.685,4.619, 0.191, 0.442,-1.088,0.000,0.000,2.293, 0.264,-0.237, 1.402;
1.369,8.594,-6.940,-4.333,5.988, 0.190, 0.442,-1.055,-0.081,0.000,1.513, 0.265,-0.234, 1.369;
1.382,7.131,-8.015,-5.609,4.725, 0.190, 0.442,-1.035,0.000,0.000,1.575, 0.264,-0.232, 1.350;
1.385,6.881,-7.650,-5.553,4.784, 0.190, 0.442,-1.003,0.000,0.000,11.917, 0.264,-0.231, 1.317;
1.406,6.784,-7.502,-5.535,4.817, 0.190, 0.442,-0.991,0.000,0.000,0.570, 0.262,-0.228, 1.305;
1.419,6.628,-7.271,-5.502,4.859, 0.190, 0.442,-0.971,0.000,0.000,1.549, 0.261,-0.227, 1.285;
1.421,6.381,-6.913,-5.447,4.915, 0.190, 0.442,-0.939,0.000,0.000,12.774, 0.261,-0.226, 1.253;
1.443,6.223,-6.679,-5.415,4.958, 0.190, 0.442,-0.919,0.000,0.000,0.953, 0.260,-0.223, 1.233;
1.454,6.065,-6.449,-5.381,4.997, 0.190, 0.442,-0.898,0.000,0.000,1.701, 0.259,-0.222, 1.212;
1.459,5.907,-6.221,-5.346,5.032, 0.190, 0.442,-0.878,0.000,0.000,4.971, 0.259,-0.221, 1.192;
1.470,5.748,-5.991,-5.312,5.069, 0.190, 0.442,-0.857,0.000,0.000,1.816, 0.258,-0.219, 1.172;
1.482,5.506,-5.642,-5.259,5.123, 0.190, 0.442,-0.826,0.000,0.000,2.587, 0.257,-0.218, 1.140;
1.503,5.348,-5.415,-5.225,5.158, 0.190, 0.442,-0.806,0.000,0.000,0.956, 0.256,-0.215, 1.120;
1.516,5.025,-4.992,-5.257,5.291, 0.190, 0.440,-0.775,0.000,-0.137,2.420, 0.255,-0.211, 1.089;
1.520,5.604,-5.539,-4.584,4.648, 0.190, 0.442,-0.765,0.000,0.464,2.694, 0.254,-0.212, 1.079;
1.540,4.531,-4.365,-5.363,5.529, 0.190, 0.440,-0.734,0.000,-0.085,1.516, 0.253,-0.208, 1.048;
1.552,4.637,-4.408,-5.063,5.292, 0.190, 0.440,-0.713,0.000,0.000,1.763, 0.252,-0.206, 1.028;
1.564,4.481,-4.190,-5.026,5.317, 0.190, 0.440,-0.693,0.000,0.000,1.736, 0.251,-0.205, 1.007;
1.577,4.325,-3.974,-4.989,5.340, 0.190, 0.440,-0.672,0.000,0.000,1.481, 0.250,-0.203, 0.987;
1.581,4.238,-3.852,-4.968,5.354, 0.190, 0.440,-0.661,0.000,0.000,3.419, 0.250,-0.202, 0.975;
1.592,3.992,-3.512,-4.910,5.390, 0.190, 0.440,-0.629,0.000,0.000,2.829, 0.249,-0.201, 0.943;
1.614,3.838,-3.304,-4.871,5.404, 0.190, 0.440,-0.608,0.000,0.000,0.941, 0.247,-0.198, 0.922;
1.626,3.684,-3.096,-4.833,5.421, 0.190, 0.440,-0.588,0.000,0.000,1.730, 0.246,-0.196, 0.902;
1.638,3.532,-2.891,-4.794,5.435, 0.190, 0.440,-0.568,0.000,0.000,1.697, 0.246,-0.194, 0.882;
1.649,3.439,-2.769,-4.770,5.440, 0.190, 0.440,-0.555,0.000,0.000,1.065, 0.245,-0.193, 0.870;
1.661,3.193,-2.438,-4.708,5.463, 0.190, 0.440,-0.523,0.000,0.000,2.791, 0.244,-0.191, 0.837;
1.673,0.522,-4.634,-7.125,3.013, 0.188, 0.440,-0.496,-0.144,0.000,2.220, 0.245,-0.190, 0.810;
1.686,5.390,0.440,-2.137,7.966, 0.190, 0.440,-0.483,0.139,0.000,1.017, 0.242,-0.188, 0.797;
1.698,-0.183,-4.560,-7.403,2.660, 0.188, 0.440,-0.451,-0.143,0.000,2.676, 0.243,-0.186, 0.765;
1.710,5.411,1.239,-1.685,8.335, 0.190, 0.440,-0.438,0.139,0.000,1.046, 0.240,-0.185, 0.752;
1.722,-0.923,-4.525,-7.711,2.263, 0.188, 0.440,-0.405,-0.145,0.000,2.714, 0.241,-0.183, 0.719;
1.734,2.191,-1.106,-4.417,5.503, 0.188, 0.440,-0.386,0.000,0.000,1.639, 0.240,-0.181, 0.700;
1.745,2.055,-0.934,-4.377,5.498, 0.188, 0.440,-0.367,0.000,0.000,1.615, 0.239,-0.180, 0.681;
1.757,1.858,-0.682,-4.318,5.494, 0.188, 0.440,-0.340,0.000,0.000,2.330, 0.238,-0.178, 0.654;
1.769,1.726,-0.519,-4.277,5.484, 0.188, 0.440,-0.322,0.000,0.000,1.511, 0.237,-0.177, 0.636;
1.781,1.528,-0.269,-4.216,5.474, 0.188, 0.440,-0.294,0.000,0.000,2.344, 0.236,-0.175, 0.608;
1.792,1.428,-0.152,-4.184,5.460, 0.188, 0.440,-0.280,0.000,0.000,1.215, 0.235,-0.173, 0.594;
1.805,1.201,0.132,-4.111,5.443, 0.188, 0.440,-0.248,0.000,0.000,2.566, 0.234,-0.172, 0.563;
1.816,1.101,0.247,-4.077,5.426, 0.188, 0.440,-0.234,0.000,0.000,1.278, 0.233,-0.170, 0.549;
1.827,1.002,0.362,-4.043,5.407, 0.188, 0.440,-0.220,0.000,0.000,1.229, 0.232,-0.169, 0.534;
1.840,-4.097,5.552,-8.736,10.191, 0.188, 0.439,-0.177,0.000,-0.140,3.456, 0.231,-0.165, 0.491;
1.851,0.600,0.852,-3.880,5.332, 0.188, 0.439,-0.160,0.000,0.000,1.460, 0.230,-0.164, 0.475;
1.863,0.400,1.090,-3.808,5.298, 0.188, 0.439,-0.132,0.000,0.000,2.539, 0.229,-0.162, 0.446;
1.875,0.301,1.197,-3.770,5.268, 0.188, 0.439,-0.117,0.000,0.000,1.184, 0.228,-0.161, 0.431;
1.886,0.202,1.304,-3.732,5.238, 0.188, 0.439,-0.103,0.000,0.000,1.293, 0.227,-0.159, 0.417;
1.898,0.003,1.535,-3.656,5.194, 0.188, 0.439,-0.073,0.000,0.000,2.438, 0.226,-0.158, 0.388;
1.920,-0.096,1.620,-3.616,5.140, 0.188, 0.439,-0.059,0.000,0.000,0.670, 0.224,-0.155, 0.373;
1.934,-0.294,1.842,-3.537,5.085, 0.188, 0.439,-0.029,0.000,0.000,2.158, 0.223,-0.153, 0.344;
1.937,-0.393,1.958,-3.497,5.062, 0.188, 0.439,-0.015,0.000,0.000,4.064, 0.222,-0.153, 0.329;
1.947,-7.890,9.507,-10.717,12.333, 0.188, 0.437, 0.015,0.000,-0.169,2.862, 0.221,-0.150, 0.299;
1.959,-0.759,2.371,-3.308,4.921, 0.188, 0.437, 0.044,0.000,0.000,2.581, 0.220,-0.148, 0.270;
1.981,-0.854,2.442,-3.265,4.853, 0.188, 0.437, 0.059,0.000,0.000,0.671, 0.218,-0.145, 0.255;
1.985,-0.950,2.549,-3.223,4.822, 0.188, 0.437, 0.073,0.000,0.000,3.373, 0.218,-0.145, 0.241;
1.996,-1.053,2.649,-3.176,4.772, 0.188, 0.437, 0.089,0.000,0.000,1.405, 0.217,-0.143, 0.225;
2.008,-1.243,2.853,-3.087,4.697, 0.188, 0.437, 0.119,0.000,0.000,2.558, 0.216,-0.142, 0.195;
2.030,-5.229,6.830,-6.796,8.397, 0.188, 0.435, 0.148,0.000,-0.079,1.329, 0.214,-0.137, 0.166;
2.034,-1.496,3.099,-2.926,4.529, 0.188, 0.435, 0.163,0.000,0.000,3.713, 0.213,-0.137, 0.151;
2.045,-1.604,3.200,-2.872,4.468, 0.188, 0.435, 0.180,0.000,0.000,1.529, 0.212,-0.136, 0.134;
2.067,-5.844,7.426,-6.836,8.419, 0.188, 0.433, 0.209,0.000,-0.081,1.354, 0.210,-0.131, 0.105;
2.078,-1.868,3.434,-2.693,4.259, 0.188, 0.433, 0.227,0.000,0.000,1.555, 0.209,-0.130, 0.087;
2.090,-1.958,3.509,-2.645,4.196, 0.188, 0.433, 0.241,0.000,0.000,1.251, 0.208,-0.128, 0.073;
2.101,-9.758,11.305,-10.309,11.855, 0.188, 0.432, 0.256,0.000,-0.149,1.235, 0.207,-0.125, 0.058;
2.113,-2.130,3.650,-2.507,4.027, 0.188, 0.432, 0.274,0.000,0.000,1.529, 0.206,-0.124, 0.040;
2.126,-9.664,11.196,-9.771,11.302, 0.188, 0.430, 0.303,0.000,-0.138,2.283, 0.205,-0.120, 0.011;
2.138,-2.301,3.783,-2.365,3.847, 0.188, 0.430, 0.307,0.000,0.000,0.365, 0.203,-0.119, 0.007;
2.150,-10.359,11.833,-10.288,11.762, 0.188, 0.428, 0.322,0.000,-0.148,1.223, 0.202,-0.116,-0.008;
2.163,-10.064,11.533,-9.726,11.194, 0.188, 0.426, 0.350,0.000,-0.138,2.251, 0.201,-0.112,-0.036;
2.175,-10.482,11.925,-9.961,11.404, 0.188, 0.425, 0.369,0.000,-0.143,1.588, 0.200,-0.109,-0.055;
2.187,-10.777,12.192,-10.124,11.540, 0.188, 0.423, 0.383,0.000,-0.147,1.177, 0.199,-0.106,-0.069;
2.199,-2.661,4.035,-1.955,3.329, 0.188, 0.423, 0.389,0.000,0.000,0.464, 0.197,-0.104,-0.075;
2.211,-11.103,12.464,-10.265,11.626, 0.188, 0.421, 0.403,0.000,-0.150,1.202, 0.196,-0.101,-0.089;
2.223,-10.881,12.214,-9.913,11.246, 0.188, 0.420, 0.417,0.000,-0.144,1.143, 0.195,-0.098,-0.103;
2.235,-10.609,11.920,-9.453,10.763, 0.188, 0.418, 0.437,0.000,-0.137,1.568, 0.194,-0.095,-0.122;
2.247,-11.100,12.379,-9.816,11.095, 0.188, 0.416, 0.450,0.000,-0.144,1.126, 0.192,-0.092,-0.136;
2.259,-19.517,20.805,-17.981,19.268, 0.188, 0.413, 0.477,0.000,-0.288,2.206, 0.191,-0.087,-0.163;
2.272,-11.246,12.463,-9.645,10.862, 0.188, 0.411, 0.484,0.000,-0.143,0.568, 0.190,-0.084,-0.170;
2.283,-11.508,12.701,-9.783,10.975, 0.188, 0.409, 0.497,0.000,-0.147,1.112, 0.189,-0.080,-0.183;
2.295,-11.519,12.665,-9.793,10.939, 0.188, 0.407, 0.497,0.000,-0.147,0.000, 0.188,-0.077,-0.183;
2.307,-19.586,20.722,-17.738,18.873, 0.188, 0.404, 0.510,0.000,-0.286,1.067, 0.186,-0.072,-0.196;
2.320,-3.131,20.664,-1.019,18.553, 0.190, 0.402, 0.538,0.141,-0.141,2.255, 0.183,-0.069,-0.224;
2.332,-11.417,12.401,-9.306,10.290, 0.190, 0.400, 0.538,0.000,-0.142,0.000, 0.182,-0.066,-0.224;
2.344,-19.622,20.592,-17.389,18.359, 0.190, 0.397, 0.551,0.000,-0.281,1.037, 0.181,-0.061,-0.237;
2.357,-11.362,12.274,-9.130,10.041, 0.190, 0.395, 0.551,0.000,-0.141,0.000, 0.179,-0.058,-0.237;
2.369,-20.416,21.316,-18.064,18.964, 0.190, 0.392, 0.563,0.000,-0.294,1.068, 0.178,-0.053,-0.249;
2.381,-3.144,21.308,-0.716,18.880, 0.191, 0.390, 0.571,0.147,-0.147,0.679, 0.175,-0.050,-0.257;
2.393,-19.851,20.614,-17.305,18.068, 0.191, 0.386, 0.584,0.000,-0.282,1.017, 0.174,-0.045,-0.270;
2.405,-11.816,12.530,-9.191,9.905, 0.191, 0.385, 0.592,0.000,-0.146,0.698, 0.172,-0.042,-0.278;
2.418,-11.247,27.986,-8.505,25.244, 0.193, 0.381, 0.605,0.136,-0.271,0.968, 0.169,-0.037,-0.290;
2.429,-21.355,21.923,-18.613,19.181, 0.193, 0.378, 0.605,0.000,-0.307,0.000, 0.168,-0.032,-0.290;
2.441,-20.765,21.318,-17.908,18.461, 0.193, 0.374, 0.617,0.000,-0.296,1.039, 0.167,-0.027,-0.303;
2.453,-3.183,20.547,-0.244,17.608, 0.195, 0.373, 0.625,0.142,-0.142,0.709, 0.164,-0.024,-0.311;
2.464,-21.816,22.209,-18.877,19.270, 0.195, 0.369, 0.625,0.000,-0.314,0.000, 0.163,-0.019,-0.311;
2.476,-12.113,30.316,-8.975,27.179, 0.197, 0.366, 0.647,0.149,-0.299,1.806, 0.160,-0.015,-0.332;
2.487,-21.238,21.476,-18.185,18.423, 0.197, 0.362, 0.638,0.000,-0.304,-0.782, 0.158,-0.010,-0.323;
2.498,-12.416,31.154,-9.166,27.904, 0.198, 0.359, 0.658,0.155,-0.310,1.857, 0.155,-0.005,-0.344;
2.510,-21.336,21.453,-18.086,18.203, 0.198, 0.355, 0.658,0.000,-0.304,0.000, 0.154,-0.000,-0.344;
2.521,-12.085,30.099,-8.835,26.849, 0.200, 0.352, 0.658,0.150,-0.301,0.000, 0.151, 0.004,-0.344;
2.543,-7.920,17.332,-4.472,13.883, 0.202, 0.348, 0.679,0.079,-0.159,0.957, 0.147, 0.010,-0.365;
2.555,-20.933,20.754,-17.572,17.394, 0.202, 0.345, 0.670,0.000,-0.298,-0.795, 0.145, 0.015,-0.356;
2.567,-12.048,29.767,-8.600,26.319, 0.204, 0.341, 0.679,0.150,-0.299,0.799, 0.142, 0.020,-0.365;
2.579,-20.158,19.837,-16.797,16.476, 0.204, 0.338, 0.670,0.000,-0.286,-0.765, 0.141, 0.024,-0.356;
2.592,-11.116,26.988,-7.668,23.539, 0.205, 0.334, 0.679,0.136,-0.271,0.723, 0.138, 0.029,-0.365;
2.603,-11.828,29.036,-8.379,25.588, 0.207, 0.331, 0.679,0.148,-0.295,0.000, 0.135, 0.034,-0.365;
2.615,-11.674,28.471,-8.136,24.933, 0.209, 0.327, 0.689,0.145,-0.290,0.791, 0.132, 0.039,-0.375;
2.628,-11.091,26.627,-7.554,23.089, 0.211, 0.324, 0.689,0.135,-0.271,0.000, 0.128, 0.044,-0.375;
2.641,-28.499,27.730,-24.942,24.173, 0.211, 0.319, 0.691,0.000,-0.426,0.165, 0.127, 0.050,-0.377;
2.653,-11.638,28.276,-7.974,24.612, 0.212, 0.315, 0.702,0.145,-0.291,0.945, 0.124, 0.055,-0.388;
2.665,-11.504,27.780,-7.857,24.133, 0.214, 0.312, 0.700,0.144,-0.287,-0.145, 0.121, 0.060,-0.386;
2.677,-11.391,27.394,-7.744,23.746, 0.216, 0.308, 0.700,0.142,-0.284,0.000, 0.118, 0.065,-0.386;
2.690,-10.931,25.957,-7.284,22.309, 0.218, 0.305, 0.700,0.135,-0.270,0.000, 0.114, 0.069,-0.386;
2.701,-20.952,37.834,-17.197,34.080, 0.219, 0.299, 0.712,0.151,-0.452,0.983, 0.111, 0.076,-0.398;
2.714,-11.310,26.938,-7.555,23.184, 0.221, 0.296, 0.712,0.142,-0.283,0.000, 0.108, 0.081,-0.398;
2.726,-11.186,26.511,-7.432,22.757, 0.223, 0.292, 0.712,0.140,-0.280,0.000, 0.105, 0.085,-0.398;
2.738,-11.230,26.586,-7.476,22.831, 0.225, 0.289, 0.712,0.141,-0.282,0.000, 0.102, 0.090,-0.398;
2.750,-20.722,37.024,-16.863,33.165, 0.226, 0.284, 0.723,0.149,-0.448,0.956, 0.098, 0.096,-0.409;
2.762,-11.713,27.884,-7.854,24.025, 0.228, 0.280, 0.723,0.150,-0.299,0.000, 0.095, 0.101,-0.409;
2.773,-2.709,36.450,1.138,32.603, 0.232, 0.277, 0.722,0.297,-0.297,-0.113, 0.090, 0.106,-0.407;
2.786,-19.945,35.108,-15.993,31.156, 0.233, 0.272, 0.733,0.143,-0.430,0.918, 0.087, 0.112,-0.419;
2.797,-11.542,27.039,-7.590,23.086, 0.235, 0.268, 0.733,0.147,-0.294,0.000, 0.084, 0.117,-0.419;
2.810,-11.320,26.316,-7.368,22.363, 0.237, 0.265, 0.733,0.144,-0.288,0.000, 0.081, 0.122,-0.419;
2.822,-19.900,34.748,-15.845,30.693, 0.238, 0.259, 0.744,0.143,-0.430,0.900, 0.078, 0.128,-0.430;
2.835,-2.652,31.391,1.395,27.344, 0.242, 0.256, 0.743,0.260,-0.260,-0.066, 0.072, 0.133,-0.429;
2.845,-13.484,32.471,-9.437,28.424, 0.244, 0.252, 0.743,0.180,-0.360,0.000, 0.070, 0.137,-0.429;
2.856,-12.014,28.051,-8.061,24.099, 0.245, 0.249, 0.733,0.157,-0.313,-0.905, 0.066, 0.142,-0.419;
2.868,-11.589,44.677,-7.439,40.526, 0.249, 0.244, 0.754,0.299,-0.448,1.803, 0.062, 0.148,-0.440;
2.878,-12.234,28.384,-8.084,24.233, 0.251, 0.240, 0.754,0.160,-0.319,0.000, 0.058, 0.153,-0.440;
2.889,-2.611,38.025,1.540,33.874, 0.254, 0.237, 0.754,0.321,-0.321,0.000, 0.054, 0.157,-0.440;
2.900,-21.740,37.541,-17.488,33.289, 0.256, 0.232, 0.765,0.159,-0.476,0.979, 0.051, 0.164,-0.450;
2.921,-7.489,13.932,-3.433,9.876, 0.258, 0.228, 0.744,0.083,-0.166,-0.989, 0.046, 0.169,-0.430;
2.932,-2.525,36.394,1.625,32.244, 0.261, 0.225, 0.754,0.311,-0.311,0.900, 0.041, 0.174,-0.440;
2.944,-2.582,36.531,1.666,32.283, 0.265, 0.221, 0.764,0.313,-0.313,0.926, 0.036, 0.178,-0.450;
2.955,-21.481,36.437,-17.229,32.185, 0.266, 0.216, 0.765,0.157,-0.471,0.040, 0.033, 0.184,-0.450;
2.966,-2.585,36.233,1.764,31.884, 0.270, 0.212, 0.775,0.313,-0.313,0.926, 0.028, 0.189,-0.461;
2.977,-12.173,27.189,-8.023,23.039, 0.272, 0.209, 0.754,0.160,-0.320,-1.935, 0.025, 0.193,-0.440;
2.988,-2.520,36.668,1.732,32.416, 0.275, 0.205, 0.765,0.319,-0.319,0.985, 0.020, 0.198,-0.450;
2.999,-2.550,36.199,1.697,31.951, 0.279, 0.202, 0.764,0.317,-0.317,-0.040, 0.016, 0.202,-0.450;
3.020,-7.479,12.712,-3.329,8.561, 0.280, 0.198, 0.754,0.083,-0.165,-0.489, 0.011, 0.208,-0.440;
3.023,-2.244,139.606,2.003,135.358, 0.284, 0.195, 0.764,1.176,-1.176,3.478, 0.007, 0.212,-0.450;
3.044,-2.556,17.337,1.692,13.089, 0.287, 0.191, 0.764,0.165,-0.165,0.000, 0.001, 0.217,-0.450;
3.056,-2.567,32.522,1.681,28.275, 0.291, 0.188, 0.764,0.292,-0.292,0.000,-0.004, 0.222,-0.450;
3.066,-12.471,26.996,-8.321,22.846, 0.292, 0.185, 0.754,0.165,-0.330,-0.976,-0.007, 0.226,-0.440;
3.078,-2.505,32.477,1.645,28.326, 0.296, 0.181, 0.754,0.294,-0.294,0.000,-0.012, 0.231,-0.440;
3.092,-2.518,27.464,1.633,23.313, 0.299, 0.178, 0.754,0.254,-0.254,0.000,-0.017, 0.235,-0.440;
3.104,-2.530,29.708,1.621,25.558, 0.303, 0.174, 0.754,0.274,-0.274,0.000,-0.022, 0.240,-0.440;
3.117,-2.542,29.045,1.608,24.895, 0.306, 0.171, 0.754,0.270,-0.270,0.000,-0.028, 0.244,-0.440;
3.129,-11.542,23.391,-7.391,19.240, 0.308, 0.167, 0.754,0.150,-0.299,0.000,-0.031, 0.249,-0.440;
3.141,6.180,22.127,10.132,18.175, 0.312, 0.165, 0.733,0.288,-0.144,-1.737,-0.036, 0.252,-0.419;
3.155,-2.479,27.199,1.474,23.247, 0.315, 0.162, 0.733,0.259,-0.259,0.000,-0.041, 0.256,-0.419;
3.159,-2.404,87.989,1.652,83.934, 0.319, 0.158, 0.744,0.764,-0.764,2.401,-0.045, 0.260,-0.430;
3.170,7.123,24.668,11.075,20.716, 0.322, 0.157, 0.733,0.321,-0.160,-1.008,-0.050, 0.263,-0.419;
3.191,-2.549,14.981,1.404,11.029, 0.326, 0.153, 0.733,0.162,-0.162,0.000,-0.056, 0.268,-0.419;
3.204,6.072,21.177,9.919,17.330, 0.329, 0.151, 0.722,0.286,-0.143,-0.918,-0.062, 0.271,-0.407;
3.216,-2.554,28.858,1.293,25.011, 0.332, 0.148, 0.722,0.280,-0.280,0.000,-0.067, 0.276,-0.407;
3.228,6.316,21.603,10.071,17.849, 0.336, 0.146, 0.712,0.295,-0.148,-0.831,-0.072, 0.278,-0.398;
3.239,6.416,21.706,10.063,18.059, 0.339, 0.144, 0.700,0.298,-0.149,-0.973,-0.077, 0.281,-0.386;
3.253,5.250,18.165,8.897,14.518, 0.343, 0.143, 0.700,0.261,-0.130,0.000,-0.082, 0.284,-0.386;
3.257,20.977,65.501,24.515,61.963, 0.346, 0.141, 0.689,0.788,-0.394,-2.618,-0.086, 0.286,-0.375;
3.267,7.723,25.261,11.171,21.813, 0.350, 0.139, 0.679,0.344,-0.172,-0.939,-0.091, 0.288,-0.365;
3.290,6.565,12.699,10.102,9.161, 0.355, 0.138, 0.689,0.231,-0.077,0.421,-0.099, 0.292,-0.375;
3.293,33.137,101.702,36.675,98.164, 0.359, 0.136, 0.689,1.194,-0.597,0.000,-0.103, 0.294,-0.375;
3.304,16.239,13.026,19.776,9.489, 0.362, 0.136, 0.689,0.317,0.000,0.000,-0.108, 0.295,-0.375;
3.326,1.922,8.048,5.370,4.600, 0.366, 0.134, 0.679,0.159,-0.079,-0.433,-0.115, 0.298,-0.365;
3.338,14.238,10.826,17.686,7.378, 0.369, 0.134, 0.679,0.286,0.000,0.000,-0.120, 0.299,-0.365;
3.350,23.459,20.087,26.997,16.549, 0.374, 0.134, 0.689,0.441,0.000,0.804,-0.127, 0.300,-0.375;
3.362,14.683,11.320,18.221,7.782, 0.378, 0.134, 0.689,0.297,0.000,0.000,-0.132, 0.301,-0.375;
3.374,13.911,10.530,17.449,6.992, 0.381, 0.134, 0.689,0.285,0.000,0.000,-0.137, 0.302,-0.375;
3.386,14.056,10.658,17.594,7.120, 0.385, 0.134, 0.689,0.289,0.000,0.000,-0.142, 0.303,-0.375;
3.398,14.256,10.841,17.794,7.303, 0.388, 0.134, 0.689,0.294,0.000,0.000,-0.147, 0.304,-0.375;
3.409,23.122,1.960,26.548,-1.467, 0.392, 0.136, 0.677,0.295,0.148,-1.000,-0.152, 0.303,-0.363;
3.421,23.084,19.729,26.713,16.099, 0.397, 0.136, 0.699,0.444,0.000,1.832,-0.159, 0.304,-0.385;
3.434,21.716,1.474,25.346,-2.156, 0.400, 0.138, 0.699,0.283,0.141,0.000,-0.164, 0.303,-0.385;
3.446,12.563,9.227,16.101,5.690, 0.404, 0.138, 0.689,0.273,0.000,-0.762,-0.169, 0.304,-0.375;
3.458,23.154,1.803,26.692,-1.735, 0.407, 0.139, 0.689,0.300,0.150,0.000,-0.174, 0.303,-0.375;
3.470,22.958,1.712,26.496,-1.826, 0.411, 0.141, 0.689,0.299,0.150,0.000,-0.180, 0.302,-0.375;
3.481,22.104,1.402,25.642,-2.136, 0.414, 0.143, 0.689,0.291,0.146,0.000,-0.185, 0.301,-0.375;
3.494,29.878,9.682,33.508,6.053, 0.420, 0.144, 0.699,0.427,0.142,0.795,-0.192, 0.301,-0.385;
3.506,21.600,1.214,25.230,-2.416, 0.423, 0.146, 0.699,0.289,0.144,0.000,-0.197, 0.300,-0.385;
3.518,30.072,-7.529,33.590,-11.047, 0.426, 0.150, 0.687,0.288,0.288,-0.980,-0.202, 0.297,-0.373;
3.530,21.846,1.271,25.476,-2.358, 0.430, 0.151, 0.699,0.294,0.147,1.002,-0.207, 0.296,-0.385;
3.542,21.507,1.151,25.137,-2.479, 0.433, 0.153, 0.699,0.292,0.146,0.000,-0.212, 0.295,-0.385;
3.553,30.879,-7.683,34.397,-11.201, 0.437, 0.157, 0.687,0.298,0.298,-1.014,-0.217, 0.293,-0.373;
3.565,22.726,1.534,26.356,-2.096, 0.440, 0.158, 0.699,0.308,0.154,1.049,-0.222, 0.292,-0.385;
3.576,31.319,-7.773,34.837,-11.291, 0.444, 0.162, 0.687,0.304,0.304,-1.033,-0.228, 0.289,-0.373;
3.587,23.041,-17.239,26.468,-20.666, 0.446, 0.165, 0.677,0.157,0.314,-0.874,-0.231, 0.286,-0.363;
3.598,31.758,-7.858,35.162,-11.262, 0.449, 0.169, 0.675,0.310,0.310,-0.212,-0.236, 0.283,-0.361;
3.611,19.645,0.503,23.163,-3.015, 0.453, 0.171, 0.687,0.280,0.140,0.970,-0.241, 0.283,-0.373;
3.622,21.522,-16.952,24.835,-20.265, 0.454, 0.174, 0.665,0.151,0.301,-1.878,-0.245, 0.280,-0.351;
3.644,13.434,-7.983,16.838,-11.387, 0.458, 0.178, 0.675,0.160,0.160,0.443,-0.251, 0.278,-0.361;
3.656,28.932,-8.007,32.336,-11.411, 0.461, 0.181, 0.675,0.290,0.290,0.000,-0.256, 0.275,-0.361;
3.668,20.148,-16.735,23.461,-20.048, 0.463, 0.185, 0.665,0.145,0.291,-0.805,-0.260, 0.272,-0.351;
3.680,29.062,-8.073,32.349,-11.361, 0.467, 0.188, 0.662,0.294,0.294,-0.226,-0.265, 0.270,-0.348;
3.692,20.428,-16.963,23.625,-20.160, 0.468, 0.191, 0.653,0.148,0.296,-0.816,-0.268, 0.267,-0.339;
3.703,20.700,0.913,24.104,-2.491, 0.472, 0.193, 0.675,0.301,0.151,1.894,-0.274, 0.266,-0.361;
3.715,20.482,-17.093,23.795,-20.406, 0.473, 0.197, 0.665,0.150,0.300,-0.830,-0.277, 0.263,-0.351;
3.727,19.027,-16.663,22.225,-19.860, 0.475, 0.200, 0.653,0.142,0.285,-1.002,-0.281, 0.260,-0.339;
3.740,17.424,-16.183,20.622,-19.380, 0.477, 0.204, 0.653,0.134,0.268,0.000,-0.284, 0.258,-0.339;
3.753,25.617,-8.172,28.905,-11.460, 0.480, 0.207, 0.662,0.271,0.271,0.745,-0.290, 0.255,-0.348;
3.766,17.857,-16.433,21.054,-19.630, 0.482, 0.211, 0.653,0.138,0.276,-0.759,-0.293, 0.252,-0.339;
3.778,18.857,-16.814,22.055,-20.011, 0.484, 0.214, 0.653,0.144,0.288,0.000,-0.297, 0.249,-0.339;
3.790,26.849,-25.145,29.928,-28.224, 0.486, 0.219, 0.640,0.142,0.426,-1.019,-0.300, 0.245,-0.326;
3.802,9.366,-8.190,12.563,-11.387, 0.487, 0.221, 0.653,0.139,0.139,0.997,-0.304, 0.244,-0.339;
3.815,26.226,-24.925,29.185,-27.885, 0.489, 0.226, 0.628,0.140,0.421,-2.034,-0.307, 0.239,-0.313;
3.826,10.918,-8.226,13.998,-11.305, 0.491, 0.228, 0.640,0.154,0.154,1.123,-0.311, 0.238,-0.326;
3.839,24.760,-24.328,27.719,-27.287, 0.493, 0.233, 0.628,0.135,0.406,-0.989,-0.314, 0.234,-0.313;
3.851,10.140,-8.219,13.220,-11.298, 0.494, 0.235, 0.640,0.149,0.149,1.089,-0.318, 0.233,-0.326;
3.862,28.343,-26.219,31.302,-29.178, 0.496, 0.240, 0.628,0.151,0.454,-1.106,-0.321, 0.228,-0.313;
3.874,19.122,-17.196,22.081,-20.155, 0.498, 0.244, 0.628,0.151,0.302,0.000,-0.325, 0.225,-0.313;
3.885,19.136,-17.233,22.096,-20.192, 0.500, 0.247, 0.628,0.152,0.303,0.000,-0.328, 0.222,-0.313;
3.897,18.712,-17.127,21.761,-20.176, 0.501, 0.251, 0.637,0.150,0.300,0.813,-0.331, 0.220,-0.323;
3.908,9.775,-26.078,12.734,-29.037, 0.501, 0.254, 0.628,0.000,0.301,-0.816,-0.333, 0.217,-0.313;
3.920,18.884,-17.205,21.844,-20.165, 0.503, 0.258, 0.628,0.152,0.304,0.000,-0.337, 0.214,-0.313;
3.932,17.469,-16.768,20.428,-19.728, 0.505, 0.261, 0.628,0.145,0.289,0.000,-0.340, 0.211,-0.313;
3.943,10.537,-27.123,13.496,-30.083, 0.505, 0.265, 0.628,0.000,0.319,0.000,-0.342, 0.208,-0.313;
3.954,19.536,-17.477,22.495,-20.436, 0.507, 0.268, 0.628,0.157,0.315,0.000,-0.345, 0.205,-0.313;
3.965,18.347,-17.108,21.183,-19.945, 0.508, 0.272, 0.615,0.151,0.302,-1.126,-0.349, 0.202,-0.301;
3.976,10.050,-26.864,12.887,-29.701, 0.508, 0.275, 0.615,0.000,0.316,0.000,-0.350, 0.199,-0.301;
3.999,5.147,-12.761,8.195,-15.810, 0.510, 0.279, 0.637,0.079,0.158,1.016,-0.355, 0.197,-0.323;
4.003,60.461,-77.034,63.298,-79.871, 0.510, 0.284, 0.615,0.000,1.163,-4.992,-0.356, 0.192,-0.301;
4.013,11.448,-28.471,14.285,-31.308, 0.510, 0.287, 0.615,0.000,0.344,0.000,-0.357, 0.189,-0.301;
4.035,5.232,-12.810,7.945,-15.522, 0.512, 0.291, 0.601,0.080,0.161,-0.610,-0.362, 0.186,-0.287;
4.047,7.890,-25.070,10.603,-27.783, 0.512, 0.294, 0.601,0.000,0.288,0.000,-0.364, 0.184,-0.287;
4.052,30.889,-48.253,33.726,-51.090, 0.512, 0.298, 0.615,0.000,0.677,2.569,-0.365, 0.180,-0.301;
4.062,11.282,-28.563,14.119,-31.400, 0.512, 0.301, 0.615,0.000,0.348,0.000,-0.367, 0.177,-0.301;
4.083,5.002,-22.279,7.629,-24.906, 0.512, 0.306, 0.592,0.000,0.243,-1.035,-0.370, 0.173,-0.278;
4.096,15.083,-16.088,17.795,-18.800, 0.514, 0.310, 0.601,0.139,0.277,0.719,-0.373, 0.170,-0.287;
4.100,41.564,-59.018,44.276,-61.731, 0.514, 0.313, 0.601,0.000,0.863,0.000,-0.374, 0.167,-0.287;
4.121,0.309,-17.845,3.021,-20.557, 0.514, 0.317, 0.601,0.000,0.170,0.000,-0.377, 0.164,-0.287;
4.132,7.842,-25.424,10.554,-28.136, 0.514, 0.320, 0.601,0.000,0.298,0.000,-0.379, 0.161,-0.287;
4.144,7.385,-25.014,10.097,-27.726, 0.514, 0.324, 0.601,0.000,0.292,0.000,-0.381, 0.158,-0.287;
4.156,7.823,-42.948,10.324,-45.449, 0.512, 0.329, 0.579,-0.149,0.448,-1.921,-0.381, 0.154,-0.265;
4.168,6.360,-23.942,8.861,-26.443, 0.512, 0.332, 0.579,0.000,0.276,0.000,-0.383, 0.151,-0.265;
4.180,7.704,-25.332,10.205,-27.833, 0.512, 0.336, 0.579,0.000,0.300,0.000,-0.384, 0.148,-0.265;
4.193,6.044,-23.767,8.629,-26.352, 0.512, 0.339, 0.588,0.000,0.274,0.703,-0.386, 0.145,-0.274;
4.206,13.376,-31.138,15.961,-33.723, 0.512, 0.345, 0.588,0.000,0.400,0.000,-0.388, 0.140,-0.274;
4.218,-1.519,-33.716,0.982,-36.217, 0.510, 0.348, 0.579,-0.148,0.297,-0.761,-0.388, 0.137,-0.265;
4.229,7.433,-25.189,9.933,-27.690, 0.510, 0.352, 0.579,0.000,0.302,0.000,-0.390, 0.134,-0.265;
4.241,7.395,-25.246,9.980,-27.831, 0.510, 0.355, 0.588,0.000,0.303,0.777,-0.392, 0.131,-0.274;
4.252,7.174,-42.443,9.547,-44.816, 0.508, 0.360, 0.565,-0.149,0.448,-1.932,-0.392, 0.126,-0.251;
4.264,7.046,-24.823,9.419,-27.195, 0.508, 0.364, 0.565,0.000,0.299,0.000,-0.394, 0.123,-0.251;
4.275,7.043,-24.916,9.499,-27.371, 0.508, 0.367, 0.574,0.000,0.301,0.762,-0.395, 0.120,-0.260;
4.288,-2.256,-32.384,0.117,-34.757, 0.507, 0.371, 0.565,-0.143,0.286,-0.725,-0.396, 0.117,-0.251;
4.300,13.652,-31.419,15.894,-33.661, 0.507, 0.376, 0.552,0.000,0.415,-1.098,-0.398, 0.112,-0.237;
4.312,-2.345,-32.095,-0.183,-34.257, 0.505, 0.379, 0.543,-0.143,0.285,-0.693,-0.398, 0.109,-0.229;
4.325,4.818,-22.663,7.060,-24.905, 0.505, 0.383, 0.552,0.000,0.267,0.649,-0.400, 0.106,-0.237;
4.337,-2.161,-32.960,0.001,-35.122, 0.503, 0.386, 0.543,-0.148,0.296,-0.720,-0.400, 0.103,-0.229;
4.349,5.859,-23.736,8.101,-25.978, 0.503, 0.390, 0.552,0.000,0.287,0.698,-0.402, 0.100,-0.237;
4.361,7.319,-43.194,9.350,-45.225, 0.501, 0.395, 0.529,-0.156,0.467,-2.006,-0.402, 0.095,-0.215;
4.372,6.980,-24.767,9.010,-26.797, 0.501, 0.399, 0.529,0.000,0.308,0.000,-0.403, 0.092,-0.215;
4.385,-3.361,-29.816,-1.331,-31.846, 0.500, 0.402, 0.529,-0.132,0.264,0.000,-0.404, 0.089,-0.215;
4.395,19.084,-36.848,21.058,-38.822, 0.500, 0.407, 0.523,0.000,0.518,-0.592,-0.405, 0.084,-0.209;
4.407,-2.440,-32.966,-0.409,-34.997, 0.498, 0.411, 0.529,-0.151,0.301,0.517,-0.405, 0.081,-0.215;
4.419,-2.740,-32.127,-0.710,-34.158, 0.496, 0.414, 0.529,-0.146,0.293,0.000,-0.405, 0.077,-0.215;
4.429,7.361,-43.603,9.258,-45.500, 0.494, 0.420, 0.515,-0.160,0.480,-1.301,-0.405, 0.072,-0.201;
4.441,6.670,-24.403,8.567,-26.299, 0.494, 0.423, 0.515,0.000,0.310,0.000,-0.407, 0.069,-0.201;
4.463,-6.975,-19.680,-5.078,-21.577, 0.493, 0.426, 0.515,-0.076,0.153,0.000,-0.409, 0.066,-0.201;
4.467,15.970,-87.626,17.731,-89.387, 0.491, 0.430, 0.501,-0.468,0.937,-3.876,-0.408, 0.063,-0.187;
4.478,-2.210,-33.796,-0.449,-35.556, 0.489, 0.433, 0.501,-0.159,0.317,0.000,-0.408, 0.060,-0.187;
4.490,-11.136,-40.889,-9.656,-42.369, 0.486, 0.437, 0.471,-0.302,0.302,-2.585,-0.406, 0.057,-0.157;
4.512,-6.848,-10.735,-5.161,-12.422, 0.486, 0.439, 0.493,0.000,0.079,1.002,-0.409, 0.055,-0.179;
4.523,-11.248,-39.848,-9.768,-41.327, 0.482, 0.442, 0.471,-0.294,0.294,-1.853,-0.408, 0.052,-0.157;
4.535,5.772,-23.085,7.115,-24.427, 0.482, 0.446, 0.456,0.000,0.298,-1.244,-0.409, 0.049,-0.142;
4.547,-3.171,-30.025,-1.968,-31.228, 0.480, 0.449, 0.442,-0.141,0.281,-1.192,-0.410, 0.046,-0.127;
4.559,-11.204,-22.576,-10.001,-23.779, 0.479, 0.451, 0.442,-0.146,0.146,0.000,-0.410, 0.044,-0.127;
4.572,-3.223,-29.863,-2.085,-31.001, 0.477, 0.454, 0.435,-0.141,0.281,-0.559,-0.410, 0.041,-0.121;
4.584,-3.127,-29.861,-2.129,-30.859, 0.475, 0.458, 0.420,-0.142,0.283,-1.203,-0.410, 0.038,-0.106;
4.596,-11.149,-22.023,-10.151,-23.021, 0.473, 0.460, 0.420,-0.143,0.143,0.000,-0.410, 0.036,-0.106;
4.608,-2.942,-30.169,-2.086,-31.026, 0.472, 0.463, 0.405,-0.145,0.289,-1.246,-0.410, 0.033,-0.091;
4.620,-11.030,-22.221,-10.233,-23.018, 0.470, 0.465, 0.399,-0.147,0.147,-0.537,-0.410, 0.032,-0.084;
4.632,-2.940,-29.762,-2.285,-30.417, 0.468, 0.468, 0.384,-0.144,0.288,-1.240,-0.411, 0.028,-0.069;
4.644,-10.975,-21.806,-10.320,-22.461, 0.467, 0.470, 0.384,-0.145,0.145,0.000,-0.411, 0.027,-0.069;
4.656,-10.997,-22.423,-10.342,-23.078, 0.465, 0.472, 0.384,-0.150,0.150,0.000,-0.411, 0.025,-0.069;
4.668,-11.020,-22.244,-10.365,-22.899, 0.463, 0.473, 0.384,-0.149,0.149,0.000,-0.411, 0.024,-0.069;
4.679,-18.838,-29.791,-18.381,-30.248, 0.460, 0.475, 0.363,-0.292,0.146,-1.762,-0.409, 0.022,-0.048;
4.691,-10.838,-22.284,-10.381,-22.741, 0.458, 0.477, 0.363,-0.152,0.152,0.000,-0.409, 0.021,-0.048;
4.702,-10.760,-22.343,-10.394,-22.710, 0.456, 0.479, 0.353,-0.153,0.153,-0.839,-0.409, 0.019,-0.039;
4.714,-18.483,-29.595,-18.363,-29.715, 0.453, 0.480, 0.327,-0.296,0.148,-2.223,-0.408, 0.018,-0.013;
4.725,-19.037,-14.024,-18.868,-14.193, 0.451, 0.480, 0.332,-0.156,0.000,0.470,-0.408, 0.018,-0.018;
4.737,-18.677,-30.062,-18.557,-30.182, 0.447, 0.482, 0.327,-0.303,0.151,-0.455,-0.406, 0.016,-0.013;
4.748,-18.669,-13.657,-18.549,-13.777, 0.446, 0.482, 0.327,-0.151,0.000,0.000,-0.406, 0.016,-0.013;
4.759,-10.394,-22.160,-10.371,-22.182, 0.444, 0.484, 0.317,-0.155,0.155,-0.914,-0.406, 0.015,-0.002;
4.781,-18.862,-13.967,-18.886,-13.942, 0.440, 0.484, 0.312,-0.159,0.000,-0.229,-0.406, 0.015, 0.003;
4.785,-63.798,-59.515,-64.012,-59.301, 0.437, 0.484, 0.291,-1.014,0.000,-5.852,-0.403, 0.015, 0.023;
4.796,-18.662,-13.941,-18.832,-13.771, 0.435, 0.484, 0.296,-0.160,0.000,0.429,-0.403, 0.015, 0.018;
4.817,-18.596,-13.931,-18.810,-13.717, 0.432, 0.484, 0.291,-0.161,0.000,-0.215,-0.403, 0.015, 0.023;
4.828,-26.362,-21.905,-26.721,-21.545, 0.428, 0.484, 0.276,-0.313,0.000,-1.382,-0.401, 0.015, 0.038;
4.840,-26.034,-21.606,-26.434,-21.206, 0.425, 0.484, 0.272,-0.309,0.000,-0.382,-0.400, 0.015, 0.042;
4.851,-17.803,-13.510,-18.308,-13.004, 0.423, 0.484, 0.261,-0.156,0.000,-1.003,-0.400, 0.016, 0.054;
4.862,-25.998,-21.749,-26.542,-21.205, 0.420, 0.484, 0.257,-0.315,0.000,-0.370,-0.398, 0.016, 0.058;
4.873,-34.460,-13.626,-35.004,-13.082, 0.416, 0.482, 0.257,-0.319,-0.160,0.000,-0.396, 0.017, 0.058;
4.884,-25.825,-21.834,-26.515,-21.144, 0.413, 0.482, 0.241,-0.320,0.000,-1.415,-0.394, 0.017, 0.073;
4.895,-25.751,-21.728,-26.441,-21.039, 0.409, 0.482, 0.241,-0.319,0.000,0.000,-0.393, 0.018, 0.073;
4.906,-33.866,-13.463,-34.556,-12.773, 0.406, 0.480, 0.241,-0.318,-0.159,0.000,-0.391, 0.019, 0.073;
4.927,-21.636,-17.905,-22.506,-17.035, 0.400, 0.480, 0.222,-0.248,0.000,-0.905,-0.389, 0.019, 0.092;
4.938,-31.777,-12.838,-32.647,-11.969, 0.397, 0.479, 0.222,-0.299,-0.149,0.000,-0.387, 0.021, 0.092;
4.950,-24.259,-20.559,-25.128,-19.690, 0.393, 0.479, 0.222,-0.301,0.000,0.000,-0.386, 0.021, 0.092;
4.961,-32.547,-13.077,-33.416,-12.207, 0.390, 0.477, 0.222,-0.310,-0.155,0.000,-0.384, 0.023, 0.092;
4.972,-40.169,-20.880,-41.070,-19.978, 0.385, 0.475, 0.219,-0.464,-0.155,-0.303,-0.380, 0.025, 0.095;
4.984,-23.788,-20.392,-24.802,-19.378, 0.381, 0.475, 0.207,-0.302,0.000,-1.040,-0.379, 0.025, 0.107;
4.996,-37.926,-19.847,-38.971,-18.802, 0.376, 0.473, 0.203,-0.439,-0.146,-0.268,-0.375, 0.027, 0.111;
5.007,-32.733,-13.097,-33.634,-12.196, 0.373, 0.472, 0.219,-0.317,-0.159,1.382,-0.374, 0.028, 0.095;
5.018,-32.216,-28.974,-33.260,-27.929, 0.367, 0.472, 0.203,-0.475,0.000,-1.380,-0.370, 0.028, 0.111;
5.029,-30.915,-12.555,-31.960,-11.510, 0.364, 0.470, 0.203,-0.300,-0.150,0.000,-0.368, 0.030, 0.111;
5.041,-39.414,-20.592,-40.459,-19.547, 0.359, 0.468, 0.203,-0.465,-0.155,0.000,-0.365, 0.032, 0.111;
5.064,-19.157,-16.001,-20.231,-14.927, 0.353, 0.468, 0.200,-0.220,0.000,-0.131,-0.363, 0.032, 0.114;
5.067,-100.706,-35.706,-101.750,-34.662, 0.350, 0.467, 0.203,-1.225,-0.612,1.089,-0.360, 0.033, 0.111;
5.078,-41.565,-21.655,-42.609,-20.610, 0.345, 0.465, 0.203,-0.500,-0.167,0.000,-0.357, 0.035, 0.111;
5.089,-38.656,-20.233,-39.730,-19.159, 0.339, 0.463, 0.200,-0.460,-0.153,-0.272,-0.353, 0.037, 0.114;
5.111,-19.739,-16.720,-20.813,-15.646, 0.334, 0.463, 0.200,-0.238,0.000,0.000,-0.352, 0.037, 0.114;
5.123,-35.413,-18.577,-36.487,-17.503, 0.329, 0.461, 0.200,-0.413,-0.138,0.000,-0.348, 0.038, 0.114;
5.136,-29.533,-11.983,-30.577,-10.939, 0.326, 0.460, 0.203,-0.289,-0.145,0.257,-0.347, 0.040, 0.111;
5.147,-38.320,-20.030,-39.364,-18.986, 0.320, 0.458, 0.203,-0.457,-0.152,0.000,-0.343, 0.042, 0.111;
5.160,-27.959,-25.080,-29.033,-24.006, 0.315, 0.458, 0.200,-0.407,0.000,-0.241,-0.340, 0.042, 0.114;
5.163,-104.475,-53.094,-105.549,-52.020, 0.310, 0.456, 0.200,-1.447,-0.482,0.000,-0.336, 0.043, 0.114;
5.185,-23.734,-12.731,-24.808,-11.657, 0.305, 0.454, 0.200,-0.245,-0.082,0.000,-0.334, 0.045, 0.114;
5.197,-29.281,-26.481,-30.355,-25.407, 0.299, 0.454, 0.200,-0.438,0.000,0.000,-0.330, 0.045, 0.114;
5.209,-35.878,-18.768,-36.952,-17.694, 0.294, 0.453, 0.200,-0.428,-0.143,0.000,-0.327, 0.046, 0.114;
5.221,-36.783,-19.224,-37.857,-18.150, 0.289, 0.451, 0.200,-0.443,-0.148,0.000,-0.324, 0.048, 0.114;
5.233,-35.824,-18.748,-36.898,-17.674, 0.284, 0.449, 0.200,-0.430,-0.143,0.000,-0.320, 0.050, 0.114;
5.245,-29.152,-26.526,-30.255,-25.423, 0.279, 0.449, 0.197,-0.443,0.000,-0.255,-0.317, 0.049, 0.117;
5.258,-32.977,-17.311,-34.080,-16.209, 0.273, 0.447, 0.197,-0.391,-0.130,0.000,-0.314, 0.051, 0.117;
5.270,-35.910,-18.780,-37.012,-17.678, 0.268, 0.446, 0.197,-0.436,-0.145,0.000,-0.310, 0.053, 0.117;
5.282,-28.046,-25.494,-29.149,-24.392, 0.263, 0.446, 0.197,-0.425,0.000,0.000,-0.307, 0.052, 0.117;
5.294,-35.912,-18.746,-37.015,-17.644, 0.258, 0.444, 0.197,-0.438,-0.146,0.000,-0.304, 0.054, 0.117;
5.306,-36.705,-19.145,-37.807,-18.043, 0.252, 0.442, 0.197,-0.451,-0.150,0.000,-0.300, 0.056, 0.117;
5.318,-35.827,-18.708,-36.929,-17.606, 0.247, 0.440, 0.197,-0.439,-0.146,0.000,-0.297, 0.057, 0.117;
5.330,-28.451,-26.026,-29.554,-24.924, 0.242, 0.440, 0.197,-0.440,0.000,0.000,-0.294, 0.057, 0.117;
5.341,-36.351,-18.934,-37.453,-17.831, 0.237, 0.439, 0.197,-0.449,-0.150,0.000,-0.290, 0.058, 0.117;
5.354,-33.528,-17.524,-34.630,-16.422, 0.232, 0.437, 0.197,-0.408,-0.136,0.000,-0.287, 0.060, 0.117;
5.367,-26.181,-23.834,-27.284,-22.732, 0.226, 0.437, 0.197,-0.399,0.000,0.000,-0.284, 0.060, 0.117;
5.379,-42.355,-25.551,-43.485,-24.421, 0.219, 0.435, 0.194,-0.580,-0.145,-0.243,-0.279, 0.061, 0.120;
5.391,-34.611,-18.037,-35.740,-16.907, 0.214, 0.433, 0.194,-0.429,-0.143,0.000,-0.275, 0.063, 0.120;
5.403,-35.009,-18.238,-36.139,-17.109, 0.209, 0.432, 0.194,-0.437,-0.146,0.000,-0.272, 0.064, 0.120;
5.416,-26.656,-24.464,-27.786,-23.335, 0.204, 0.432, 0.194,-0.417,0.000,0.000,-0.269, 0.064, 0.120;
5.427,-37.208,-19.299,-38.337,-18.169, 0.198, 0.430, 0.194,-0.472,-0.157,0.000,-0.265, 0.066, 0.120;
5.439,-33.612,-17.503,-34.742,-16.373, 0.193, 0.428, 0.194,-0.419,-0.140,0.000,-0.262, 0.067, 0.120;
5.451,-26.940,-24.824,-28.070,-23.695, 0.188, 0.428, 0.194,-0.427,0.000,0.000,-0.259, 0.067, 0.120;
5.463,-35.300,-18.307,-36.429,-17.177, 0.183, 0.426, 0.194,-0.446,-0.149,0.000,-0.255, 0.068, 0.120;
5.475,-34.759,-18.038,-35.889,-16.908, 0.178, 0.425, 0.194,-0.440,-0.147,0.000,-0.252, 0.070, 0.120;
5.488,-25.271,-23.229,-26.401,-22.100, 0.172, 0.425, 0.194,-0.398,0.000,0.000,-0.249, 0.069, 0.120;
5.500,-34.475,-17.856,-35.605,-16.727, 0.167, 0.423, 0.194,-0.437,-0.146,0.000,-0.245, 0.071, 0.120;
5.512,-34.333,-17.786,-35.463,-16.656, 0.162, 0.421, 0.194,-0.437,-0.146,0.000,-0.242, 0.072, 0.120;
5.524,-26.596,-24.628,-27.726,-23.498, 0.157, 0.421, 0.194,-0.429,0.000,0.000,-0.239, 0.072, 0.120;
5.536,-34.300,-17.729,-35.430,-16.599, 0.151, 0.420, 0.194,-0.438,-0.146,0.000,-0.235, 0.073, 0.120;
5.548,-40.347,-24.313,-41.504,-23.157, 0.144, 0.418, 0.192,-0.567,-0.142,-0.231,-0.230, 0.075, 0.123;
5.560,-34.362,-17.636,-35.383,-16.615, 0.139, 0.416, 0.206,-0.437,-0.146,1.201,-0.227, 0.076, 0.108;
5.572,-27.078,-25.289,-28.234,-24.132, 0.134, 0.416, 0.192,-0.447,0.000,-1.228,-0.223, 0.076, 0.123;
5.584,-33.277,-17.183,-34.433,-16.026, 0.129, 0.414, 0.192,-0.429,-0.143,0.000,-0.220, 0.077, 0.123;
5.597,-32.898,-16.864,-33.920,-15.843, 0.124, 0.413, 0.206,-0.419,-0.140,1.150,-0.217, 0.079, 0.108;
5.609,-26.326,-24.605,-27.483,-23.449, 0.118, 0.413, 0.192,-0.436,0.000,-1.198,-0.213, 0.078, 0.123;
5.621,-32.377,-16.691,-33.534,-15.534, 0.113, 0.411, 0.192,-0.419,-0.140,0.000,-0.210, 0.080, 0.123;
5.634,-32.233,-16.489,-33.254,-15.468, 0.108, 0.409, 0.206,-0.412,-0.137,1.132,-0.207, 0.081, 0.108;
5.647,-30.849,-29.236,-32.031,-28.053, 0.101, 0.409, 0.189,-0.533,0.000,-1.309,-0.202, 0.081, 0.125;
5.660,-31.555,-16.242,-32.737,-15.060, 0.096, 0.407, 0.189,-0.411,-0.137,0.000,-0.199, 0.082, 0.125;
5.671,-34.706,-17.657,-35.727,-16.636, 0.091, 0.406, 0.206,-0.453,-0.151,1.482,-0.195, 0.083, 0.108;
5.683,-25.407,-23.819,-26.564,-22.662, 0.085, 0.406, 0.192,-0.427,0.000,-1.174,-0.192, 0.083, 0.123;
5.695,-34.336,-17.434,-35.357,-16.413, 0.080, 0.404, 0.206,-0.449,-0.150,1.234,-0.188, 0.084, 0.108;
5.707,-31.967,-16.276,-32.988,-15.255, 0.075, 0.402, 0.206,-0.416,-0.139,0.000,-0.185, 0.086, 0.108;
5.720,-25.319,-23.796,-26.475,-22.640, 0.070, 0.402, 0.192,-0.430,0.000,-1.181,-0.182, 0.085, 0.123;
5.730,-37.123,-18.916,-38.280,-17.759, 0.064, 0.400, 0.192,-0.501,-0.167,0.000,-0.178, 0.087, 0.123;
5.741,-42.992,-25.647,-44.041,-24.598, 0.057, 0.399, 0.203,-0.623,-0.156,1.020,-0.173, 0.088, 0.111;
5.753,-26.278,-24.858,-27.460,-23.676, 0.052, 0.399, 0.189,-0.456,0.000,-1.234,-0.169, 0.087, 0.125;
5.764,-34.107,-17.235,-35.156,-16.186, 0.047, 0.397, 0.203,-0.454,-0.151,1.231,-0.166, 0.089, 0.111;
5.776,-33.769,-17.091,-34.818,-16.043, 0.042, 0.395, 0.203,-0.451,-0.150,0.000,-0.162, 0.090, 0.111;
5.788,-32.730,-16.543,-33.752,-15.521, 0.037, 0.393, 0.206,-0.435,-0.145,0.246,-0.159, 0.091, 0.108;
5.799,-25.951,-24.412,-26.972,-23.391, 0.031, 0.393, 0.206,-0.447,0.000,0.000,-0.156, 0.091, 0.108;
5.812,-31.680,-15.976,-32.701,-14.955, 0.026, 0.392, 0.206,-0.422,-0.141,0.000,-0.152, 0.092, 0.108;
5.823,-33.290,-32.018,-34.472,-30.836, 0.019, 0.392, 0.189,-0.606,0.000,-1.487,-0.147, 0.092, 0.125;
5.846,-18.644,-9.410,-19.693,-8.361, 0.014, 0.390, 0.203,-0.231,-0.077,0.626,-0.145, 0.093, 0.111;
5.850,-80.230,-40.210,-81.279,-39.161, 0.009, 0.388, 0.203,-1.149,-0.383,0.000,-0.141, 0.094, 0.111;
5.861,-35.048,-17.615,-36.097,-16.566, 0.003, 0.386, 0.203,-0.478,-0.159,0.000,-0.137, 0.095, 0.111;
5.874,-24.398,-22.974,-25.419,-21.953,-0.002, 0.386, 0.206,-0.426,0.000,0.240,-0.134, 0.095, 0.108;
5.885,-33.226,-16.635,-34.248,-15.614,-0.007, 0.385, 0.206,-0.452,-0.151,0.000,-0.130, 0.096, 0.108;
5.896,-41.775,-24.834,-42.824,-23.785,-0.014, 0.383, 0.203,-0.621,-0.155,-0.263,-0.125, 0.097, 0.111;
5.918,-14.609,-13.271,-15.658,-12.223,-0.019, 0.383, 0.203,-0.238,0.000,0.000,-0.123, 0.096, 0.111;
5.930,-32.683,-16.317,-33.732,-15.268,-0.024, 0.381, 0.203,-0.448,-0.149,0.000,-0.120, 0.098, 0.111;
5.942,-32.424,-16.184,-33.473,-15.135,-0.030, 0.379, 0.203,-0.446,-0.149,0.000,-0.116, 0.099, 0.111;
5.953,-24.933,-23.656,-25.982,-22.607,-0.035, 0.379, 0.203,-0.447,0.000,0.000,-0.113, 0.098, 0.111;
5.965,-32.257,-16.051,-33.306,-15.002,-0.040, 0.378, 0.203,-0.445,-0.148,0.000,-0.109, 0.099, 0.111;
5.977,-32.428,-16.104,-33.449,-15.083,-0.045, 0.376, 0.206,-0.448,-0.149,0.253,-0.106, 0.101, 0.108;
5.989,-31.801,-15.657,-32.688,-14.771,-0.050, 0.374, 0.220,-0.434,-0.145,1.186,-0.102, 0.102, 0.094;
6.001,-30.558,-29.422,-31.606,-28.373,-0.057, 0.374, 0.203,-0.565,0.000,-1.397,-0.097, 0.101, 0.111;
6.013,-31.700,-15.700,-32.749,-14.651,-0.063, 0.373, 0.203,-0.442,-0.147,0.000,-0.094, 0.102, 0.111;
6.025,-32.265,-15.843,-33.181,-14.927,-0.068, 0.371, 0.217,-0.446,-0.149,1.201,-0.090, 0.104, 0.097;
6.037,-30.071,-14.768,-30.987,-13.851,-0.073, 0.369, 0.217,-0.415,-0.138,0.000,-0.087, 0.105, 0.097;
6.050,-22.096,-21.030,-23.145,-19.981,-0.078, 0.369, 0.203,-0.403,0.000,-1.087,-0.084, 0.104, 0.111;
6.062,-30.816,-15.197,-31.865,-14.148,-0.084, 0.367, 0.203,-0.433,-0.144,0.000,-0.080, 0.105, 0.111;
6.074,-30.939,-15.119,-31.855,-14.203,-0.089, 0.366, 0.217,-0.431,-0.144,1.161,-0.077, 0.106, 0.097;
6.086,-23.669,-22.624,-24.690,-21.603,-0.094, 0.366, 0.206,-0.438,0.000,-0.932,-0.073, 0.106, 0.108;
6.099,-30.317,-14.867,-31.338,-13.846,-0.099, 0.364, 0.206,-0.428,-0.143,0.000,-0.070, 0.107, 0.108;
6.110,-39.724,-23.264,-40.641,-22.348,-0.106, 0.362, 0.217,-0.602,-0.150,0.961,-0.065, 0.108, 0.097;
6.123,-22.383,-21.426,-23.432,-20.377,-0.111, 0.362, 0.203,-0.418,0.000,-1.127,-0.061, 0.107, 0.111;
6.136,-27.410,-13.364,-28.459,-12.315,-0.117, 0.360, 0.203,-0.390,-0.130,0.000,-0.058, 0.108, 0.111;
6.148,-30.369,-14.703,-31.285,-13.786,-0.122, 0.359, 0.217,-0.430,-0.143,1.157,-0.055, 0.109, 0.097;
6.159,-32.618,-15.846,-33.534,-14.930,-0.127, 0.357, 0.217,-0.464,-0.155,0.000,-0.051, 0.110, 0.097;
6.172,-21.801,-20.890,-22.822,-19.869,-0.132, 0.357, 0.206,-0.412,0.000,-0.877,-0.048, 0.110, 0.108;
6.184,-30.025,-14.446,-30.912,-13.559,-0.138, 0.355, 0.220,-0.427,-0.142,1.165,-0.044, 0.111, 0.094;
6.196,-39.084,-22.833,-40.000,-21.917,-0.144, 0.353, 0.217,-0.601,-0.150,-0.271,-0.039, 0.112, 0.097;
6.208,-22.683,-21.863,-23.732,-20.814,-0.150, 0.353, 0.203,-0.435,0.000,-1.172,-0.036, 0.111, 0.111;
6.221,-28.433,-13.601,-29.349,-12.685,-0.155, 0.352, 0.217,-0.408,-0.136,1.099,-0.032, 0.112, 0.097;
6.233,-29.833,-14.317,-30.749,-13.401,-0.160, 0.350, 0.217,-0.430,-0.143,0.000,-0.029, 0.113, 0.097;
6.244,-32.393,-15.591,-33.309,-14.674,-0.165, 0.348, 0.217,-0.469,-0.156,0.000,-0.025, 0.114, 0.097;
6.256,-22.849,-21.932,-23.765,-21.016,-0.171, 0.348, 0.217,-0.439,0.000,0.000,-0.022, 0.113, 0.097;
6.267,-31.073,-14.844,-31.959,-13.957,-0.176, 0.346, 0.220,-0.450,-0.150,0.271,-0.018, 0.114, 0.094;
6.279,-32.574,-15.594,-33.460,-14.707,-0.181, 0.345, 0.220,-0.474,-0.158,0.000,-0.014, 0.116, 0.094;
6.290,-39.214,-22.824,-40.130,-21.908,-0.188, 0.343, 0.217,-0.613,-0.153,-0.276,-0.009, 0.117, 0.097;
6.302,-21.666,-20.834,-22.582,-19.918,-0.193, 0.343, 0.217,-0.422,0.000,0.000,-0.006, 0.116, 0.097;
6.313,-31.855,-15.182,-32.771,-14.266,-0.198, 0.341, 0.217,-0.468,-0.156,0.000,-0.002, 0.117, 0.097;
6.325,-31.123,-14.809,-32.039,-13.893,-0.204, 0.339, 0.217,-0.459,-0.153,0.000, 0.002, 0.118, 0.097;
6.337,-21.786,-21.181,-22.835,-20.132,-0.209, 0.339, 0.203,-0.435,0.000,-1.171, 0.005, 0.117, 0.111;
6.359,-16.015,-7.183,-16.931,-6.267,-0.214, 0.338, 0.217,-0.237,-0.079,0.640, 0.007, 0.117, 0.097;
6.371,-28.009,-13.149,-28.895,-12.262,-0.219, 0.336, 0.220,-0.414,-0.138,0.249, 0.011, 0.118, 0.094;
6.375,-74.648,-74.385,-75.669,-73.363,-0.225, 0.336, 0.206,-1.487,0.000,-4.061, 0.015, 0.118, 0.108;
6.385,-34.992,-16.557,-35.879,-15.670,-0.230, 0.334, 0.220,-0.519,-0.173,1.418, 0.019, 0.119, 0.094;
6.407,-15.882,-7.024,-16.769,-6.137,-0.235, 0.332, 0.220,-0.239,-0.080,0.000, 0.021, 0.119, 0.094;
6.419,-28.139,-13.143,-29.025,-12.257,-0.240, 0.331, 0.220,-0.421,-0.140,0.000, 0.025, 0.120, 0.094;
6.431,-28.654,-27.981,-29.570,-27.065,-0.247, 0.331, 0.217,-0.574,0.000,-0.259, 0.030, 0.120, 0.097;
6.443,-29.690,-13.871,-30.606,-12.955,-0.252, 0.329, 0.217,-0.447,-0.149,0.000, 0.033, 0.120, 0.097;
6.454,-30.506,-14.239,-31.393,-13.352,-0.258, 0.327, 0.220,-0.459,-0.153,0.276, 0.037, 0.121, 0.094;
6.466,-28.955,-13.319,-29.707,-12.566,-0.263, 0.326, 0.234,-0.433,-0.144,1.174, 0.041, 0.122, 0.080;
6.478,-21.994,-21.389,-22.880,-20.502,-0.268, 0.326, 0.220,-0.449,0.000,-1.217, 0.044, 0.122, 0.094;
6.490,-28.603,-13.224,-29.489,-12.338,-0.273, 0.324, 0.220,-0.435,-0.145,0.000, 0.048, 0.122, 0.094;
6.503,-26.513,-12.169,-27.399,-11.282,-0.279, 0.322, 0.220,-0.405,-0.135,0.000, 0.051, 0.123, 0.094;
6.515,-20.933,-20.333,-21.819,-19.447,-0.284, 0.322, 0.220,-0.432,0.000,0.000, 0.055, 0.122, 0.094;
6.527,-28.014,-12.858,-28.900,-11.972,-0.289, 0.320, 0.220,-0.429,-0.143,0.000, 0.058, 0.123, 0.094;
6.539,-29.044,-13.364,-29.930,-12.477,-0.294, 0.319, 0.220,-0.446,-0.149,0.000, 0.062, 0.124, 0.094;
6.550,-29.796,-13.585,-30.549,-12.833,-0.299, 0.317, 0.234,-0.453,-0.151,1.228, 0.065, 0.125, 0.080;
6.562,-20.854,-20.318,-21.710,-19.462,-0.305, 0.317, 0.223,-0.435,0.000,-0.912, 0.069, 0.124, 0.091;
6.575,-27.337,-12.412,-28.193,-11.556,-0.310, 0.315, 0.223,-0.423,-0.141,0.000, 0.072, 0.125, 0.091;
6.587,-28.371,-12.919,-29.227,-12.063,-0.315, 0.313, 0.223,-0.439,-0.146,0.000, 0.076, 0.126, 0.091;
6.599,-28.587,-12.870,-29.307,-12.150,-0.320, 0.312, 0.238,-0.439,-0.146,1.206, 0.080, 0.127, 0.076;
6.611,-20.690,-20.230,-21.546,-19.374,-0.326, 0.312, 0.223,-0.438,0.000,-1.205, 0.083, 0.126, 0.091;
6.622,-22.733,-5.833,-23.453,-5.112,-0.329, 0.310, 0.238,-0.316,-0.158,1.302, 0.085, 0.127, 0.076;
6.633,-22.215,-21.770,-23.071,-20.914,-0.334, 0.310, 0.223,-0.470,0.000,-1.293, 0.089, 0.126, 0.091;
6.644,-30.149,-13.573,-30.902,-12.820,-0.339, 0.308, 0.234,-0.466,-0.155,0.977, 0.093, 0.127, 0.080;
6.656,-21.202,-5.247,-21.923,-4.526,-0.343, 0.306, 0.238,-0.299,-0.149,0.293, 0.094, 0.128, 0.076;
6.667,-13.903,-13.313,-14.623,-12.592,-0.346, 0.306, 0.238,-0.307,0.000,0.000, 0.096, 0.127, 0.076;
6.689,-6.282,-5.645,-7.003,-4.925,-0.350, 0.306, 0.238,-0.159,0.000,0.000, 0.097, 0.125, 0.076;
6.694,-48.623,-14.295,-49.343,-13.575,-0.353, 0.305, 0.238,-0.655,-0.327,0.000, 0.100, 0.126, 0.076;
6.705,-14.648,-14.032,-15.368,-13.311,-0.357, 0.305, 0.238,-0.323,0.000,0.000, 0.102, 0.125, 0.076;
6.716,-5.979,-5.339,-6.699,-4.618,-0.359, 0.305, 0.238,-0.155,0.000,0.000, 0.102, 0.124, 0.076;
6.728,-20.373,-4.803,-21.093,-4.083,-0.362, 0.303, 0.238,-0.290,-0.145,0.000, 0.104, 0.125, 0.076;
6.750,-6.245,-5.588,-6.966,-4.867,-0.366, 0.303, 0.238,-0.161,0.000,0.000, 0.104, 0.123, 0.076;
6.761,-13.710,2.726,-14.431,3.446,-0.367, 0.301, 0.238,-0.153,-0.153,0.000, 0.105, 0.124, 0.076;
6.773,-21.017,-20.408,-21.770,-19.655,-0.373, 0.301, 0.234,-0.451,0.000,-0.295, 0.108, 0.123, 0.080;
6.785,-43.205,-12.153,-43.795,-11.563,-0.379, 0.298, 0.252,-0.583,-0.291,1.446, 0.114, 0.126, 0.062;
6.796,-36.606,-20.457,-37.290,-19.774,-0.386, 0.296, 0.242,-0.604,-0.151,-0.862, 0.119, 0.127, 0.072;
6.808,-28.222,-27.743,-28.992,-26.972,-0.393, 0.296, 0.233,-0.599,0.000,-0.790, 0.124, 0.126, 0.082;
6.819,-28.965,-28.547,-29.816,-27.696,-0.400, 0.296, 0.224,-0.618,0.000,-0.758, 0.130, 0.125, 0.090;
6.830,-20.773,-20.521,-21.786,-19.508,-0.406, 0.296, 0.207,-0.466,0.000,-1.529, 0.134, 0.124, 0.107;
6.841,-21.508,-21.283,-22.589,-20.202,-0.411, 0.296, 0.200,-0.484,0.000,-0.666, 0.137, 0.123, 0.114;
6.853,-12.085,-11.841,-13.188,-10.739,-0.414, 0.296, 0.197,-0.297,0.000,-0.196, 0.139, 0.122, 0.117;
6.864,-13.018,-12.826,-14.183,-11.661,-0.418, 0.296, 0.191,-0.319,0.000,-0.601, 0.141, 0.121, 0.123;
6.875,-12.912,-12.733,-14.115,-11.530,-0.421, 0.296, 0.187,-0.318,0.000,-0.378, 0.144, 0.120, 0.127;
6.896,2.938,-5.088,1.615,-3.765,-0.423, 0.298, 0.174,-0.083,0.083,-0.601, 0.143, 0.116, 0.140;
6.907,2.963,-11.580,1.507,-10.124,-0.425, 0.299, 0.160,-0.149,0.149,-1.213, 0.143, 0.113, 0.154;
6.919,2.976,-11.052,1.391,-9.468,-0.426, 0.301, 0.146,-0.145,0.145,-1.132, 0.143, 0.111, 0.168;
6.931,2.990,-11.509,1.282,-9.801,-0.428, 0.303, 0.133,-0.151,0.151,-1.132, 0.143, 0.108, 0.181;
6.943,3.001,-10.872,1.174,-9.045,-0.430, 0.305, 0.121,-0.145,0.145,-1.049, 0.143, 0.105, 0.194;
6.955,3.016,-10.864,1.064,-8.912,-0.432, 0.306, 0.107,-0.146,0.146,-1.105, 0.144, 0.102, 0.207;
6.966,3.026,-11.735,0.966,-9.674,-0.433, 0.308, 0.096,-0.156,0.156,-1.037, 0.144, 0.100, 0.218;
6.977,3.036,-11.550,0.870,-9.384,-0.435, 0.310, 0.085,-0.155,0.155,-0.994, 0.144, 0.097, 0.229;
6.988,3.044,-11.383,0.776,-9.115,-0.437, 0.312, 0.074,-0.154,0.154,-0.954, 0.145, 0.094, 0.240;
7.000,3.053,-11.322,0.682,-8.951,-0.439, 0.313, 0.063,-0.155,0.155,-0.974, 0.145, 0.091, 0.251;
7.012,3.054,-9.609,0.589,-7.144,-0.440, 0.315, 0.053,-0.137,0.137,-0.780, 0.145, 0.088, 0.261;
7.023,3.064,-11.546,0.505,-8.987,-0.442, 0.317, 0.043,-0.159,0.159,-0.912, 0.145, 0.086, 0.271;
7.035,3.100,-11.020,0.374,-8.295,-0.444, 0.319, 0.025,-0.155,0.155,-1.570, 0.146, 0.083, 0.289;
7.046,3.098,-11.199,0.289,-8.389,-0.446, 0.320, 0.017,-0.158,0.158,-0.806, 0.146, 0.080, 0.298;
7.067,3.075,-4.452,0.186,-1.563,-0.447, 0.322, 0.008,-0.080,0.080,-0.388, 0.145, 0.076, 0.306;
7.080,3.079,-9.615,0.113,-6.649,-0.449, 0.324, 0.000,-0.141,0.141,-0.660, 0.145, 0.073, 0.314;
7.092,3.077,-9.207,0.038,-6.167,-0.451, 0.326,-0.008,-0.137,0.137,-0.617, 0.145, 0.070, 0.322;
7.105,3.048,-9.551,0.010,-6.513,-0.453, 0.327,-0.008,-0.142,0.142,0.015, 0.146, 0.067, 0.322;
7.108,3.133,-45.158,0.025,-42.050,-0.454, 0.329,-0.015,-0.566,0.566,-2.409, 0.147, 0.065, 0.329;
7.119,3.069,-9.892,-0.107,-6.717,-0.456, 0.331,-0.022,-0.148,0.148,-0.610, 0.147, 0.062, 0.336;
7.142,3.043,-4.002,-0.196,-0.763,-0.458, 0.332,-0.029,-0.078,0.078,-0.301, 0.146, 0.059, 0.343;
7.144,3.030,-51.607,-0.205,-48.372,-0.460, 0.334,-0.029,-0.652,0.652,0.155, 0.148, 0.057, 0.343;
7.155,3.012,-10.743,-0.219,-7.511,-0.461, 0.336,-0.028,-0.160,0.160,0.037, 0.148, 0.054, 0.342;
7.177,2.968,-4.076,-0.259,-0.848,-0.463, 0.338,-0.028,-0.080,0.080,0.018, 0.147, 0.050, 0.342;
7.189,2.943,-9.119,-0.281,-5.895,-0.465, 0.339,-0.027,-0.142,0.142,0.031, 0.147, 0.047, 0.342;
7.201,2.919,-9.708,-0.302,-6.488,-0.467, 0.341,-0.027,-0.149,0.149,0.032, 0.148, 0.044, 0.341;
7.213,2.894,-9.770,-0.322,-6.554,-0.468, 0.343,-0.026,-0.150,0.150,0.046, 0.148, 0.041, 0.341;
7.224,2.871,-9.841,-0.343,-6.627,-0.470, 0.345,-0.026,-0.152,0.152,0.015, 0.148, 0.038, 0.340;
7.236,2.847,-9.511,-0.364,-6.300,-0.472, 0.346,-0.026,-0.148,0.148,0.029, 0.149, 0.035, 0.340;
7.248,2.822,-9.279,-0.385,-6.071,-0.473, 0.348,-0.026,-0.146,0.146,0.028, 0.149, 0.032, 0.340;
7.259,2.773,-10.021,-0.372,-6.876,-0.475, 0.350,-0.019,-0.155,0.155,0.594, 0.149, 0.029, 0.333;
7.270,2.754,-9.657,-0.389,-6.514,-0.477, 0.352,-0.019,-0.152,0.152,0.021, 0.150, 0.026, 0.333;
7.281,2.731,-10.364,-0.409,-7.224,-0.479, 0.353,-0.019,-0.161,0.161,0.021, 0.150, 0.024, 0.333;
7.292,2.683,-10.272,-0.398,-7.191,-0.480, 0.355,-0.012,-0.160,0.160,0.580, 0.151, 0.021, 0.326;
7.303,2.666,-10.220,-0.415,-7.140,-0.482, 0.357,-0.012,-0.160,0.160,0.007, 0.151, 0.018, 0.326;
7.324,-0.905,-0.115,-3.871,2.850,-0.484, 0.357, 0.000,-0.082,0.000,0.572, 0.150, 0.016, 0.314;
7.327,-24.179,-23.239,-27.088,-20.329,-0.486, 0.357, 0.006,-0.623,0.000,2.130, 0.152, 0.015, 0.308;
7.348,-1.061,0.014,-3.860,2.814,-0.487, 0.357, 0.018,-0.083,0.000,0.556, 0.151, 0.013, 0.297;
7.359,-4.249,-3.070,-6.994,-0.325,-0.489, 0.357, 0.023,-0.155,0.000,0.511, 0.152, 0.012, 0.291;
7.370,-4.342,-2.986,-6.981,-0.347,-0.491, 0.357, 0.035,-0.154,0.000,1.001, 0.152, 0.011, 0.279;
7.382,-4.546,-3.015,-7.078,-0.483,-0.493, 0.357, 0.046,-0.156,0.000,1.014, 0.152, 0.010, 0.268;
7.393,-10.852,4.076,-13.279,6.503,-0.494, 0.355, 0.057,-0.147,-0.147,0.942, 0.153, 0.010, 0.257;
7.405,-11.864,4.179,-14.191,6.506,-0.496, 0.353, 0.068,-0.157,-0.157,0.957, 0.153, 0.011, 0.246;
7.415,-4.967,-3.029,-7.192,-0.805,-0.498, 0.353, 0.078,-0.160,0.000,0.991, 0.154, 0.009, 0.236;
7.426,-12.288,4.410,-14.412,6.535,-0.500, 0.352, 0.089,-0.158,-0.158,0.968, 0.154, 0.010, 0.225;
7.437,-12.600,4.566,-14.573,6.539,-0.501, 0.350, 0.105,-0.159,-0.159,1.463, 0.155, 0.011, 0.209;
7.459,-1.620,0.794,-3.495,2.670,-0.503, 0.350, 0.116,-0.082,0.000,0.488, 0.154, 0.008, 0.199;
7.470,-4.737,-2.240,-6.574,-0.403,-0.505, 0.350, 0.120,-0.147,0.000,0.350, 0.155, 0.007, 0.195;
7.483,-18.224,-1.888,-19.915,-0.198,-0.508, 0.348, 0.135,-0.284,-0.142,1.256, 0.157, 0.007, 0.179;
7.495,-11.536,-8.780,-13.191,-7.125,-0.512, 0.348, 0.139,-0.286,0.000,0.316, 0.159, 0.006, 0.175;
7.507,-11.944,-9.034,-13.514,-7.464,-0.515, 0.348, 0.148,-0.293,0.000,0.753, 0.161, 0.005, 0.166;
7.518,-12.096,-9.117,-13.632,-7.581,-0.519, 0.348, 0.151,-0.295,0.000,0.306, 0.163, 0.003, 0.163;
7.530,-12.729,-9.602,-14.183,-8.147,-0.522, 0.348, 0.160,-0.306,0.000,0.757, 0.165, 0.002, 0.154;
7.542,-12.199,-9.077,-13.669,-7.607,-0.526, 0.348, 0.158,-0.296,0.000,-0.138, 0.168, 0.001, 0.156;
7.555,-4.308,-1.093,-5.738,0.337,-0.527, 0.348, 0.163,-0.134,0.000,0.324, 0.168,-0.001, 0.152;
7.566,2.252,-8.888,0.814,-7.450,-0.529, 0.350, 0.162,-0.147,0.147,-0.069, 0.168,-0.004, 0.152;
7.578,2.225,-8.926,0.787,-7.488,-0.531, 0.352, 0.162,-0.148,0.148,0.000, 0.169,-0.007, 0.152;
7.590,2.226,-8.659,0.726,-7.159,-0.533, 0.353, 0.155,-0.146,0.146,-0.548, 0.169,-0.010, 0.159;
7.602,2.194,-8.209,0.694,-6.709,-0.534, 0.355, 0.155,-0.142,0.142,0.000, 0.170,-0.013, 0.159;
7.614,2.192,-8.761,0.639,-7.207,-0.536, 0.357, 0.150,-0.148,0.148,-0.484, 0.170,-0.016, 0.165;
7.626,2.164,-8.364,0.604,-6.804,-0.538, 0.359, 0.149,-0.145,0.145,-0.061, 0.171,-0.019, 0.165;
7.638,2.161,-8.489,0.548,-6.876,-0.540, 0.360, 0.143,-0.147,0.147,-0.473, 0.171,-0.022, 0.171;
7.650,2.155,-8.486,0.490,-6.821,-0.541, 0.362, 0.138,-0.148,0.148,-0.471, 0.172,-0.026, 0.176;
7.661,2.172,-8.919,0.409,-7.156,-0.543, 0.364, 0.127,-0.153,0.153,-0.908, 0.172,-0.029, 0.187;
7.672,2.164,-9.006,0.350,-7.191,-0.545, 0.366, 0.122,-0.154,0.154,-0.483, 0.173,-0.032, 0.192;
7.684,2.159,-8.786,0.294,-6.921,-0.547, 0.367, 0.117,-0.153,0.153,-0.474, 0.173,-0.035, 0.198;
7.695,2.174,-8.858,0.217,-6.901,-0.548, 0.369, 0.107,-0.154,0.154,-0.854, 0.174,-0.038, 0.207;
7.707,2.187,-8.421,0.135,-6.369,-0.550, 0.371, 0.097,-0.150,0.150,-0.875, 0.174,-0.041, 0.217;
7.719,2.175,-7.098,0.073,-4.997,-0.552, 0.373, 0.092,-0.137,0.137,-0.413, 0.175,-0.044, 0.223;
7.731,2.169,-8.609,0.023,-6.462,-0.554, 0.374, 0.087,-0.154,0.154,-0.423, 0.175,-0.047, 0.227;
7.753,2.158,-1.496,-0.083,0.745,-0.555, 0.376, 0.077,-0.077,0.077,-0.441, 0.175,-0.052, 0.237;
7.757,2.194,-34.438,-0.092,-32.152,-0.557, 0.378, 0.072,-0.438,0.438,-1.204, 0.176,-0.054, 0.242;
7.768,2.190,-9.656,-0.189,-7.277,-0.559, 0.379, 0.062,-0.168,0.168,-0.951, 0.177,-0.057, 0.252;
7.789,2.156,-1.742,-0.268,0.683,-0.561, 0.381, 0.057,-0.081,0.081,-0.221, 0.176,-0.061, 0.257;
7.801,2.154,-7.979,-0.317,-5.507,-0.562, 0.383, 0.052,-0.151,0.151,-0.434, 0.177,-0.064, 0.262;
7.813,2.148,-7.629,-0.369,-5.112,-0.564, 0.385, 0.048,-0.147,0.147,-0.402, 0.177,-0.068, 0.267;
7.825,2.140,-6.563,-0.421,-4.001,-0.566, 0.386, 0.043,-0.136,0.136,-0.371, 0.178,-0.071, 0.271;
7.838,2.135,-7.191,-0.472,-4.584,-0.567, 0.388, 0.038,-0.144,0.144,-0.393, 0.178,-0.074, 0.276;
7.850,2.128,-6.590,-0.525,-3.937,-0.569, 0.390, 0.033,-0.138,0.138,-0.388, 0.179,-0.077, 0.281;
7.862,2.123,-7.289,-0.574,-4.592,-0.571, 0.392, 0.028,-0.146,0.146,-0.398, 0.180,-0.081, 0.286;
7.874,2.095,-6.711,-0.602,-4.013,-0.573, 0.393, 0.028,-0.140,0.140,0.000, 0.180,-0.084, 0.286;
7.887,2.092,-6.638,-0.650,-3.895,-0.574, 0.395, 0.024,-0.140,0.140,-0.381, 0.181,-0.087, 0.290;
7.899,2.088,-7.125,-0.699,-4.339,-0.576, 0.397, 0.019,-0.146,0.146,-0.398, 0.181,-0.090, 0.295;
7.911,2.060,-6.304,-0.727,-3.517,-0.578, 0.399, 0.019,-0.137,0.137,0.000, 0.182,-0.094, 0.295;
7.915,2.097,-32.371,-0.734,-29.540,-0.580, 0.400, 0.014,-0.439,0.439,-1.178, 0.183,-0.096, 0.300;
7.926,2.074,-9.067,-0.802,-6.191,-0.581, 0.402, 0.010,-0.171,0.171,-0.467, 0.184,-0.099, 0.305;
7.948,2.027,-1.159,-0.849,1.717,-0.583, 0.404, 0.010,-0.080,0.080,0.000, 0.184,-0.103, 0.305;
7.960,2.026,-6.294,-0.895,-3.373,-0.585, 0.406, 0.005,-0.140,0.140,-0.383, 0.184,-0.107, 0.309;
7.972,1.999,-6.455,-0.922,-3.535,-0.587, 0.407, 0.005,-0.142,0.142,0.000, 0.185,-0.110, 0.309;
7.984,1.999,-6.738,-0.967,-3.773,-0.588, 0.409, 0.000,-0.146,0.146,-0.400, 0.185,-0.113, 0.314;
7.996,1.972,-6.419,-0.993,-3.454,-0.590, 0.411, 0.000,-0.143,0.143,0.000, 0.186,-0.116, 0.314;
8.007,1.951,-7.375,-1.015,-4.410,-0.592, 0.413, 0.000,-0.155,0.155,0.000, 0.187,-0.120, 0.314;
8.019,1.952,-6.948,-1.059,-3.937,-0.594, 0.414,-0.005,-0.151,0.151,-0.416, 0.187,-0.123, 0.319;
8.031,1.927,-6.957,-1.084,-3.946,-0.595, 0.416,-0.005,-0.151,0.151,0.000, 0.188,-0.126, 0.319;
8.042,1.905,-7.206,-1.106,-4.195,-0.597, 0.418,-0.005,-0.155,0.155,-0.002, 0.189,-0.129, 0.319;
8.053,1.884,-7.398,-1.127,-4.387,-0.599, 0.420,-0.005,-0.158,0.158,0.000, 0.189,-0.132, 0.319;
8.064,1.864,-7.508,-1.148,-4.497,-0.601, 0.421,-0.005,-0.160,0.160,-0.002, 0.190,-0.136, 0.319;
8.075,1.843,-7.365,-1.169,-4.353,-0.602, 0.423,-0.005,-0.159,0.159,0.000, 0.191,-0.139, 0.319;
8.086,1.847,-7.324,-1.211,-4.267,-0.604, 0.425,-0.010,-0.159,0.159,-0.448, 0.192,-0.142, 0.324;
8.097,1.823,-7.114,-1.236,-4.055,-0.606, 0.426,-0.010,-0.157,0.157,-0.004, 0.193,-0.145, 0.324;
8.118,1.782,-0.583,-1.277,2.475,-0.608, 0.428,-0.010,-0.081,0.081,0.000, 0.192,-0.150, 0.324;
8.130,1.761,-6.753,-1.298,-3.694,-0.609, 0.430,-0.010,-0.154,0.154,-0.004, 0.193,-0.153, 0.324;
8.141,1.740,-6.802,-1.320,-3.743,-0.611, 0.432,-0.010,-0.155,0.155,-0.004, 0.194,-0.156, 0.324;
8.152,1.718,-6.303,-1.342,-3.243,-0.613, 0.433,-0.010,-0.150,0.150,-0.004, 0.195,-0.159, 0.324;
8.164,1.696,-6.043,-1.364,-2.983,-0.614, 0.435,-0.010,-0.148,0.148,-0.004, 0.195,-0.163, 0.324;
8.175,1.675,-6.646,-1.385,-3.585,-0.616, 0.437,-0.010,-0.156,0.156,0.000, 0.196,-0.166, 0.324;
8.186,1.655,-6.915,-1.406,-3.854,-0.618, 0.439,-0.010,-0.159,0.159,-0.005, 0.197,-0.169, 0.324;
8.197,1.634,-6.717,-1.427,-3.656,-0.620, 0.440,-0.010,-0.158,0.158,-0.005, 0.198,-0.172, 0.324;
8.209,1.613,-6.317,-1.448,-3.255,-0.621, 0.442,-0.010,-0.154,0.154,-0.005, 0.199,-0.175, 0.324;
8.220,1.593,-6.317,-1.469,-3.255,-0.623, 0.444,-0.010,-0.154,0.154,-0.005, 0.199,-0.179, 0.324;
8.232,1.570,-5.401,-1.492,-2.339,-0.625, 0.446,-0.010,-0.144,0.144,0.000, 0.200,-0.182, 0.324;
8.254,1.530,0.086,-1.533,3.148,-0.627, 0.447,-0.010,-0.080,0.080,-0.002, 0.200,-0.187, 0.324;
8.260,1.518,-16.519,-1.545,-13.456,-0.628, 0.449,-0.010,-0.277,0.277,-0.008, 0.201,-0.189, 0.324;
8.269,1.502,-10.071,-1.561,-7.007,-0.630, 0.451,-0.010,-0.201,0.201,-0.006, 0.202,-0.192, 0.325;
8.290,1.462,0.210,-1.601,3.274,-0.632, 0.453,-0.010,-0.080,0.080,0.000, 0.202,-0.197, 0.325;
8.303,1.440,-5.066,-1.624,-2.003,-0.634, 0.454,-0.010,-0.143,0.143,0.000, 0.203,-0.200, 0.325;
8.314,1.446,-5.617,-1.665,-2.506,-0.635, 0.456,-0.015,-0.151,0.151,-0.441, 0.204,-0.203, 0.330;
8.326,1.448,-5.119,-1.710,-1.961,-0.637, 0.458,-0.020,-0.145,0.145,-0.412, 0.205,-0.207, 0.335;
8.338,1.451,-5.190,-1.754,-1.985,-0.639, 0.460,-0.025,-0.147,0.147,-0.419, 0.205,-0.210, 0.340;
8.350,1.454,-5.460,-1.797,-2.210,-0.641, 0.461,-0.030,-0.151,0.151,-0.412, 0.206,-0.214, 0.344;
8.361,1.483,-5.498,-1.858,-2.156,-0.642, 0.463,-0.040,-0.152,0.152,-0.839, 0.207,-0.217, 0.354;
8.373,1.482,-4.899,-1.904,-1.512,-0.644, 0.465,-0.045,-0.145,0.145,-0.395, 0.208,-0.220, 0.359;
8.385,1.483,-5.010,-1.945,-1.582,-0.646, 0.467,-0.049,-0.147,0.147,-0.376, 0.209,-0.224, 0.363;
8.397,1.459,-4.970,-1.967,-1.544,-0.648, 0.468,-0.049,-0.147,0.147,0.020, 0.210,-0.227, 0.363;
8.409,1.463,-4.883,-2.004,-1.416,-0.649, 0.470,-0.053,-0.147,0.147,-0.366, 0.210,-0.230, 0.367;
8.420,1.465,-4.926,-2.045,-1.416,-0.651, 0.472,-0.058,-0.148,0.148,-0.385, 0.211,-0.234, 0.372;
8.432,1.466,-4.959,-2.084,-1.409,-0.653, 0.473,-0.062,-0.149,0.149,-0.359, 0.212,-0.237, 0.376;
8.443,1.442,-5.459,-2.104,-1.912,-0.655, 0.475,-0.062,-0.156,0.156,0.026, 0.213,-0.240, 0.376;
8.455,1.449,-5.255,-2.139,-1.666,-0.656, 0.477,-0.066,-0.154,0.154,-0.389, 0.214,-0.244, 0.380;
8.465,1.426,-5.735,-2.160,-2.150,-0.658, 0.479,-0.066,-0.160,0.160,0.028, 0.215,-0.247, 0.380;
8.476,1.433,-5.637,-2.194,-2.010,-0.660, 0.480,-0.070,-0.160,0.160,-0.399, 0.216,-0.250, 0.384;
8.498,1.392,0.601,-2.231,4.225,-0.661, 0.482,-0.070,-0.082,0.082,0.015, 0.216,-0.255, 0.384;
8.509,1.399,-5.290,-2.265,-1.626,-0.663, 0.484,-0.074,-0.157,0.157,-0.386, 0.217,-0.258, 0.388;
8.520,1.374,-4.600,-2.286,-0.940,-0.665, 0.486,-0.074,-0.149,0.149,0.029, 0.218,-0.262, 0.388;
8.532,1.353,-4.680,-2.304,-1.022,-0.667, 0.487,-0.073,-0.150,0.150,0.029, 0.219,-0.265, 0.387;
8.543,1.333,-5.181,-2.321,-1.526,-0.668, 0.489,-0.073,-0.157,0.157,0.030, 0.220,-0.268, 0.387;
8.555,1.341,-4.636,-2.356,-0.939,-0.670, 0.491,-0.077,-0.151,0.151,-0.394, 0.221,-0.272, 0.392;
8.565,1.318,-5.291,-2.376,-1.598,-0.672, 0.493,-0.077,-0.160,0.160,0.032, 0.222,-0.275, 0.391;
8.576,1.326,-5.198,-2.407,-1.465,-0.674, 0.494,-0.081,-0.160,0.160,-0.380, 0.223,-0.278, 0.395;
8.587,1.330,-5.148,-2.442,-1.377,-0.675, 0.496,-0.085,-0.160,0.160,-0.377, 0.224,-0.281, 0.400;
8.598,1.304,-5.156,-2.460,-1.391,-0.677, 0.498,-0.085,-0.160,0.160,0.070, 0.225,-0.285, 0.399;
8.619,1.293,0.947,-2.509,4.750,-0.679, 0.500,-0.089,-0.082,0.082,-0.191, 0.225,-0.289, 0.403;
8.630,1.297,-4.774,-2.540,-0.938,-0.681, 0.501,-0.092,-0.157,0.157,-0.324, 0.226,-0.293, 0.406;
8.642,1.300,-4.534,-2.573,-0.660,-0.682, 0.503,-0.096,-0.154,0.154,-0.350, 0.227,-0.296, 0.410;
8.653,1.303,-4.184,-2.607,-0.274,-0.684, 0.505,-0.100,-0.150,0.150,-0.337, 0.228,-0.300, 0.414;
8.665,1.304,-4.217,-2.639,-0.274,-0.686, 0.507,-0.104,-0.151,0.151,-0.298, 0.229,-0.303, 0.418;
8.678,1.308,-3.015,-2.676,0.968,-0.688, 0.508,-0.108,-0.136,0.136,-0.334, 0.230,-0.306, 0.422;
8.689,1.341,-4.319,-2.723,-0.255,-0.689, 0.510,-0.116,-0.154,0.154,-0.755, 0.231,-0.310, 0.431;
8.700,1.398,-4.324,-2.787,-0.139,-0.691, 0.512,-0.129,-0.154,0.154,-1.133, 0.232,-0.313, 0.443;
8.712,1.481,-3.619,-2.870,0.732,-0.693, 0.514,-0.147,-0.145,0.145,-1.463, 0.233,-0.317, 0.461;
8.723,1.558,-4.383,-2.947,0.122,-0.695, 0.515,-0.163,-0.155,0.155,-1.454, 0.234,-0.320, 0.477;
8.735,1.606,-4.030,-3.011,0.587,-0.696, 0.517,-0.175,-0.151,0.151,-1.029, 0.235,-0.323, 0.489;
8.747,1.651,-3.555,-3.069,1.165,-0.698, 0.519,-0.186,-0.144,0.144,-0.906, 0.236,-0.327, 0.500;
8.758,-8.786,6.287,-13.499,11.000,-0.700, 0.517,-0.185,-0.153,-0.153,0.068, 0.237,-0.327, 0.499;
8.770,-3.277,1.295,-8.021,6.040,-0.702, 0.517,-0.188,-0.146,0.000,-0.279, 0.238,-0.329, 0.503;
8.792,-1.080,9.010,-5.825,13.755,-0.702, 0.515,-0.188,0.000,-0.081,0.000, 0.237,-0.330, 0.503;
8.804,-3.231,1.282,-8.014,6.065,-0.703, 0.515,-0.193,-0.146,0.000,-0.343, 0.238,-0.332, 0.507;
8.815,-3.290,11.187,-8.080,15.977,-0.703, 0.514,-0.193,0.000,-0.148,-0.068, 0.237,-0.332, 0.507;
8.827,-8.408,6.202,-13.199,10.992,-0.705, 0.512,-0.193,-0.150,-0.150,0.000, 0.239,-0.332, 0.507;
8.840,-6.988,14.942,-11.755,19.709,-0.705, 0.508,-0.191,0.000,-0.258,0.186, 0.238,-0.330, 0.505;
8.844,-33.092,6.302,-37.827,11.037,-0.707, 0.507,-0.187,-0.513,-0.513,0.988, 0.239,-0.329, 0.502;
8.865,-3.834,6.360,-8.537,11.063,-0.708, 0.505,-0.184,-0.082,-0.082,0.159, 0.240,-0.330, 0.498;
8.878,-7.962,6.445,-12.625,11.108,-0.710, 0.503,-0.180,-0.141,-0.141,0.339, 0.241,-0.330, 0.494;
8.889,-8.743,6.528,-13.367,11.152,-0.712, 0.501,-0.176,-0.151,-0.151,0.365, 0.242,-0.330, 0.490;
8.901,-8.866,6.612,-13.450,11.196,-0.714, 0.500,-0.171,-0.152,-0.152,0.368, 0.243,-0.330, 0.486;
8.912,-8.593,6.695,-13.138,11.240,-0.715, 0.498,-0.167,-0.148,-0.148,0.356, 0.244,-0.330, 0.481;
8.925,-8.324,6.855,-12.789,11.320,-0.717, 0.496,-0.159,-0.142,-0.142,0.686, 0.245,-0.330, 0.473;
8.937,-3.411,1.764,-7.876,6.229,-0.719, 0.496,-0.159,-0.145,0.000,0.000, 0.247,-0.332, 0.473;
8.950,-7.636,6.969,-12.061,11.394,-0.721, 0.494,-0.155,-0.131,-0.131,0.318, 0.248,-0.332, 0.469;
8.962,-9.061,7.129,-13.406,11.474,-0.722, 0.493,-0.146,-0.149,-0.149,0.725, 0.249,-0.332, 0.460;
8.966,-25.043,7.204,-29.354,11.515,-0.724, 0.491,-0.143,-0.369,-0.369,0.771, 0.250,-0.331, 0.457;
8.987,-1.400,4.243,-5.671,8.514,-0.726, 0.491,-0.138,-0.084,0.000,0.206, 0.251,-0.334, 0.452;
8.999,-9.078,7.393,-13.308,11.623,-0.728, 0.489,-0.134,-0.147,-0.147,0.360, 0.252,-0.334, 0.448;
9.011,-3.683,2.172,-7.873,6.362,-0.729, 0.489,-0.130,-0.145,0.000,0.355, 0.253,-0.336, 0.444;
9.023,-8.775,7.575,-12.930,11.729,-0.731, 0.487,-0.126,-0.141,-0.141,0.302, 0.254,-0.336, 0.440;
9.036,-3.615,2.440,-7.729,6.555,-0.733, 0.487,-0.122,-0.141,0.000,0.348, 0.256,-0.338, 0.436;
9.048,-9.003,7.768,-13.076,11.842,-0.735, 0.486,-0.117,-0.142,-0.142,0.351, 0.257,-0.338, 0.432;
9.060,-3.894,2.274,-7.968,6.348,-0.736, 0.486,-0.117,-0.148,0.000,0.000, 0.258,-0.340, 0.432;
9.072,-3.557,2.741,-7.590,6.774,-0.738, 0.486,-0.113,-0.137,0.000,0.340, 0.259,-0.342, 0.427;
9.085,-8.929,7.997,-12.922,11.989,-0.740, 0.484,-0.109,-0.139,-0.139,0.345, 0.260,-0.342, 0.423;
9.097,-3.819,2.594,-7.811,6.587,-0.742, 0.484,-0.109,-0.144,0.000,0.000, 0.262,-0.344, 0.423;
9.109,-3.962,2.481,-7.955,6.473,-0.743, 0.484,-0.109,-0.148,0.000,0.000, 0.263,-0.346, 0.423;
9.120,-4.021,2.551,-7.972,6.503,-0.745, 0.484,-0.104,-0.148,0.000,0.367, 0.264,-0.348, 0.419;
9.133,-9.285,-2.674,-13.232,1.273,-0.749, 0.484,-0.104,-0.287,0.000,0.037, 0.267,-0.349, 0.418;
9.144,-4.212,2.526,-8.119,6.433,-0.750, 0.484,-0.100,-0.152,0.000,0.376, 0.268,-0.351, 0.414;
9.156,-9.804,-3.018,-13.702,0.881,-0.754, 0.484,-0.099,-0.299,0.000,0.073, 0.271,-0.353, 0.413;
9.168,-9.376,-2.550,-13.270,1.345,-0.757, 0.484,-0.098,-0.288,0.000,0.035, 0.274,-0.355, 0.413;
9.180,-9.418,-2.443,-13.265,1.404,-0.761, 0.484,-0.093,-0.287,0.000,0.416, 0.277,-0.357, 0.408;
9.192,-9.602,-2.602,-13.449,1.245,-0.764, 0.484,-0.093,-0.293,0.000,0.000, 0.280,-0.358, 0.408;
9.204,-9.935,-2.581,-13.653,1.137,-0.768, 0.484,-0.080,-0.295,0.000,1.160, 0.283,-0.360, 0.394;
9.215,1.640,-3.252,-2.121,0.508,-0.769, 0.486,-0.084,-0.157,0.157,-0.407, 0.285,-0.364, 0.398;
9.227,-9.951,-2.300,-13.587,1.336,-0.773, 0.486,-0.071,-0.292,0.000,1.105, 0.288,-0.365, 0.385;
9.237,1.581,-3.424,-2.055,0.212,-0.775, 0.487,-0.071,-0.161,0.161,0.000, 0.289,-0.369, 0.385;
9.248,1.565,-3.285,-2.071,0.351,-0.776, 0.489,-0.071,-0.160,0.160,0.000, 0.290,-0.372, 0.385;
9.259,1.548,-3.095,-2.085,0.539,-0.778, 0.491,-0.071,-0.158,0.158,0.027, 0.292,-0.376, 0.385;
9.280,1.518,2.924,-2.116,6.557,-0.780, 0.493,-0.071,-0.083,0.083,0.000, 0.293,-0.381, 0.385;
9.292,1.500,-2.765,-2.131,0.865,-0.782, 0.494,-0.070,-0.155,0.155,0.026, 0.294,-0.384, 0.385;
9.303,1.508,-2.753,-2.161,0.917,-0.783, 0.496,-0.075,-0.156,0.156,-0.369, 0.295,-0.387, 0.389;
9.314,1.488,-2.767,-2.179,0.899,-0.785, 0.498,-0.074,-0.157,0.157,0.028, 0.297,-0.391, 0.388;
9.325,1.496,-2.658,-2.209,1.047,-0.787, 0.500,-0.078,-0.156,0.156,-0.368, 0.298,-0.394, 0.393;
9.336,1.475,-2.916,-2.225,0.783,-0.789, 0.501,-0.078,-0.160,0.160,0.059, 0.299,-0.398, 0.392;
9.347,1.482,-2.851,-2.253,0.884,-0.790, 0.503,-0.081,-0.160,0.160,-0.343, 0.301,-0.401, 0.396;
9.358,1.460,-2.728,-2.268,1.001,-0.792, 0.505,-0.081,-0.159,0.159,0.060, 0.302,-0.405, 0.395;
9.369,1.469,-2.726,-2.297,1.040,-0.794, 0.507,-0.085,-0.159,0.159,-0.368, 0.304,-0.408, 0.399;
9.390,1.436,3.340,-2.327,7.103,-0.796, 0.508,-0.084,-0.082,0.082,0.016, 0.305,-0.413, 0.399;
9.401,1.421,-2.258,-2.343,1.505,-0.797, 0.510,-0.084,-0.155,0.155,0.000, 0.306,-0.417, 0.399;
9.412,1.405,-2.137,-2.358,1.627,-0.799, 0.512,-0.084,-0.154,0.154,0.000, 0.307,-0.420, 0.399;
9.424,1.389,-1.676,-2.374,2.088,-0.801, 0.514,-0.084,-0.149,0.149,0.000, 0.309,-0.424, 0.399;
9.436,1.374,-1.781,-2.389,1.982,-0.802, 0.515,-0.084,-0.151,0.151,0.000, 0.310,-0.427, 0.399;
9.447,1.358,-1.535,-2.405,2.228,-0.804, 0.517,-0.084,-0.149,0.149,0.000, 0.312,-0.431, 0.399;
9.458,1.343,-2.139,-2.420,1.624,-0.806, 0.519,-0.084,-0.157,0.157,0.000, 0.313,-0.434, 0.399;
9.470,1.328,-1.806,-2.435,1.957,-0.808, 0.520,-0.084,-0.154,0.154,0.000, 0.315,-0.438, 0.399;
9.483,1.311,-0.003,-2.453,3.760,-0.809, 0.522,-0.084,-0.131,0.131,0.000, 0.316,-0.441, 0.399;
9.494,1.296,-1.891,-2.467,1.873,-0.811, 0.524,-0.084,-0.156,0.156,0.000, 0.317,-0.445, 0.399;
9.506,1.281,-1.604,-2.482,2.159,-0.813, 0.526,-0.084,-0.153,0.153,0.000, 0.319,-0.448, 0.399;
9.517,1.265,-1.019,-2.498,2.744,-0.815, 0.527,-0.084,-0.146,0.146,0.000, 0.320,-0.452, 0.399;
9.529,1.250,-1.706,-2.513,2.057,-0.816, 0.529,-0.084,-0.156,0.156,0.000, 0.322,-0.455, 0.399;
9.540,1.236,-1.344,-2.527,2.419,-0.818, 0.531,-0.084,-0.152,0.152,0.000, 0.323,-0.459, 0.399;
9.552,1.219,-0.419,-2.544,3.344,-0.820, 0.533,-0.084,-0.141,0.141,0.000, 0.325,-0.463, 0.399;
9.574,1.191,4.369,-2.572,8.132,-0.822, 0.534,-0.084,-0.080,0.080,0.000, 0.326,-0.468, 0.399;
9.586,1.176,-0.437,-2.588,3.326,-0.823, 0.536,-0.084,-0.143,0.143,0.000, 0.328,-0.471, 0.399;
9.598,-4.602,5.039,-8.327,8.765,-0.825, 0.536,-0.080,-0.147,0.000,0.339, 0.329,-0.473, 0.395;
9.611,-4.195,5.581,-7.883,9.268,-0.827, 0.536,-0.076,-0.136,0.000,0.313, 0.331,-0.475, 0.391;
9.615,1.138,-24.561,-2.550,-20.874,-0.829, 0.538,-0.076,-0.452,0.452,0.000, 0.332,-0.478, 0.391;
9.626,1.124,-1.649,-2.564,2.038,-0.830, 0.540,-0.076,-0.161,0.161,0.000, 0.334,-0.481, 0.391;
9.647,-2.106,7.951,-5.756,11.601,-0.832, 0.540,-0.072,-0.081,0.000,0.187, 0.335,-0.484, 0.387;
9.659,1.080,0.136,-2.570,3.785,-0.834, 0.541,-0.072,-0.140,0.140,0.000, 0.337,-0.488, 0.387;
9.671,1.065,-0.238,-2.585,3.412,-0.836, 0.543,-0.072,-0.146,0.146,0.000, 0.338,-0.492, 0.387;
9.684,-4.565,5.772,-8.179,9.387,-0.837, 0.543,-0.069,-0.142,0.000,0.304, 0.340,-0.494, 0.383;
9.696,1.036,-0.187,-2.581,3.430,-0.839, 0.545,-0.069,-0.147,0.147,-0.023, 0.341,-0.497, 0.383;
9.708,1.022,0.469,-2.597,4.089,-0.841, 0.547,-0.069,-0.139,0.139,-0.022, 0.343,-0.501, 0.383;
9.720,1.007,0.467,-2.613,4.086,-0.843, 0.548,-0.069,-0.140,0.140,0.000, 0.344,-0.504, 0.383;
9.733,0.991,0.347,-2.628,3.966,-0.844, 0.550,-0.069,-0.142,0.142,0.000, 0.346,-0.508, 0.383;
9.745,0.976,0.429,-2.644,4.048,-0.846, 0.552,-0.069,-0.142,0.142,0.000, 0.348,-0.512, 0.383;
9.757,0.961,0.232,-2.658,3.852,-0.848, 0.554,-0.069,-0.145,0.145,0.000, 0.349,-0.515, 0.383;
9.769,0.947,0.422,-2.673,4.042,-0.849, 0.555,-0.069,-0.144,0.144,0.000, 0.351,-0.519, 0.383;
9.781,0.932,-0.000,-2.688,3.619,-0.851, 0.557,-0.069,-0.150,0.150,0.000, 0.352,-0.523, 0.383;
9.792,0.918,0.132,-2.702,3.752,-0.853, 0.559,-0.069,-0.149,0.149,0.000, 0.354,-0.526, 0.383;
9.806,0.902,1.621,-2.718,5.241,-0.855, 0.561,-0.069,-0.131,0.131,0.000, 0.356,-0.530, 0.383;
9.818,0.886,1.113,-2.733,4.733,-0.856, 0.562,-0.069,-0.138,0.138,0.000, 0.357,-0.534, 0.383;
9.830,0.873,0.338,-2.747,3.958,-0.858, 0.564,-0.069,-0.148,0.148,0.000, 0.359,-0.537, 0.383;
9.842,0.858,0.762,-2.762,4.382,-0.860, 0.566,-0.069,-0.144,0.144,0.000, 0.361,-0.541, 0.383;
9.854,0.844,0.325,-2.776,3.944,-0.862, 0.567,-0.069,-0.150,0.150,0.000, 0.362,-0.545, 0.383;
9.866,12.379,0.631,8.718,4.292,-0.862, 0.571,-0.074,0.000,0.293,-0.367, 0.362,-0.550, 0.388;
9.878,12.176,0.771,8.474,4.474,-0.862, 0.574,-0.078,0.000,0.290,-0.366, 0.362,-0.555, 0.392;
9.890,6.409,-4.751,2.629,-0.972,-0.863, 0.578,-0.086,-0.144,0.289,-0.678, 0.364,-0.561, 0.400;
9.902,11.934,0.812,8.074,4.672,-0.863, 0.581,-0.095,0.000,0.290,-0.711, 0.364,-0.566, 0.409;
9.914,11.230,1.325,7.250,5.306,-0.863, 0.585,-0.107,0.000,0.275,-1.004, 0.364,-0.571, 0.422;
9.926,6.266,-4.659,2.170,-0.563,-0.865, 0.588,-0.120,-0.145,0.290,-1.023, 0.365,-0.577, 0.434;
9.939,10.995,1.205,6.773,5.427,-0.865, 0.592,-0.133,0.000,0.276,-1.057, 0.365,-0.582, 0.447;
9.951,0.932,0.877,-3.373,5.182,-0.867, 0.594,-0.142,-0.142,0.142,-0.718, 0.367,-0.586, 0.456;
9.963,11.257,0.630,6.823,5.064,-0.867, 0.597,-0.156,0.000,0.289,-1.131, 0.367,-0.591, 0.470;
9.976,6.008,-4.263,1.411,0.334,-0.869, 0.601,-0.173,-0.143,0.285,-1.411, 0.369,-0.597, 0.487;
9.988,10.694,0.725,5.966,5.452,-0.869, 0.604,-0.187,0.000,0.282,-1.128, 0.369,-0.602, 0.501;
10.002,9.515,1.668,4.655,6.529,-0.869, 0.608,-0.201,0.000,0.252,-1.017, 0.369,-0.608, 0.515;
10.013,10.861,0.021,5.827,5.056,-0.869, 0.611,-0.219,0.000,0.298,-1.575, 0.369,-0.613, 0.533;
10.025,10.661,-0.094,5.451,5.116,-0.869, 0.614,-0.238,0.000,0.298,-1.590, 0.369,-0.618, 0.552;
10.037,10.356,-0.044,5.009,5.304,-0.869, 0.618,-0.252,0.000,0.294,-1.229, 0.369,-0.624, 0.566;
10.050,13.470,4.492,7.933,10.029,-0.867, 0.621,-0.272,0.135,0.271,-1.561, 0.367,-0.629, 0.586;
10.062,13.733,3.958,8.004,9.687,-0.865, 0.625,-0.293,0.143,0.285,-1.669, 0.365,-0.635, 0.607;
10.074,13.989,3.507,8.105,9.391,-0.863, 0.628,-0.309,0.149,0.299,-1.416, 0.364,-0.640, 0.623;
10.086,9.265,7.227,3.222,13.270,-0.862, 0.630,-0.326,0.142,0.142,-1.368, 0.362,-0.644, 0.640;
10.099,12.368,10.295,6.150,16.513,-0.858, 0.632,-0.345,0.275,0.137,-1.466, 0.358,-0.647, 0.659;
10.112,8.485,6.424,2.143,12.767,-0.856, 0.634,-0.358,0.133,0.133,-1.008, 0.357,-0.651, 0.672;
10.124,8.796,13.067,2.352,19.511,-0.853, 0.634,-0.369,0.284,0.000,-0.880, 0.353,-0.653, 0.683;
10.136,5.451,9.274,-1.124,15.848,-0.851, 0.634,-0.382,0.148,0.000,-1.167, 0.352,-0.655, 0.696;
10.147,5.484,16.066,-1.157,22.707,-0.848, 0.632,-0.389,0.301,-0.150,-0.612, 0.348,-0.655, 0.703;
10.160,5.143,8.251,-1.634,15.027,-0.846, 0.632,-0.404,0.136,0.000,-1.121, 0.347,-0.657, 0.718;
10.171,2.150,11.780,-4.722,18.652,-0.844, 0.630,-0.414,0.157,-0.157,-0.916, 0.345,-0.657, 0.728;
10.183,2.227,10.721,-4.743,17.692,-0.843, 0.628,-0.424,0.143,-0.143,-0.854, 0.343,-0.657, 0.738;
10.196,-3.446,10.223,-10.455,17.232,-0.843, 0.625,-0.428,0.000,-0.271,-0.317, 0.343,-0.656, 0.742;
10.208,-0.589,7.128,-7.722,14.261,-0.843, 0.623,-0.441,0.000,-0.146,-1.106, 0.344,-0.656, 0.756;
10.220,-6.378,6.923,-13.574,14.119,-0.844, 0.620,-0.448,-0.148,-0.295,-0.562, 0.345,-0.654, 0.762;
10.233,-5.349,6.431,-12.607,13.689,-0.846, 0.616,-0.455,-0.134,-0.269,-0.514, 0.347,-0.653, 0.769;
10.246,-5.140,0.987,-12.483,8.330,-0.849, 0.614,-0.464,-0.272,-0.136,-0.697, 0.351,-0.653, 0.778;
10.258,-2.698,-2.050,-10.124,5.377,-0.853, 0.614,-0.472,-0.292,0.000,-0.742, 0.355,-0.655, 0.787;
10.270,0.291,0.575,-7.239,8.105,-0.855, 0.614,-0.484,-0.141,0.000,-0.895, 0.356,-0.657, 0.798;
10.282,2.936,-2.307,-4.740,5.369,-0.856, 0.616,-0.499,-0.147,0.147,-1.303, 0.358,-0.660, 0.813;
10.294,3.035,-2.183,-4.768,5.620,-0.858, 0.618,-0.512,-0.140,0.140,-1.082, 0.360,-0.664, 0.827;
10.306,3.137,-2.591,-4.794,5.339,-0.860, 0.620,-0.526,-0.149,0.149,-1.162, 0.362,-0.668, 0.840;
10.317,3.185,-2.757,-4.810,5.238,-0.862, 0.621,-0.533,-0.153,0.153,-0.600, 0.364,-0.671, 0.847;
10.329,3.269,-2.586,-4.831,5.514,-0.863, 0.623,-0.544,-0.145,0.145,-0.922, 0.366,-0.675, 0.858;
10.341,3.318,-2.831,-4.846,5.333,-0.865, 0.625,-0.551,-0.152,0.152,-0.596, 0.368,-0.678, 0.865;
10.352,3.403,-2.811,-4.866,5.458,-0.867, 0.627,-0.562,-0.147,0.147,-0.940, 0.370,-0.682, 0.876;
10.365,3.453,-2.701,-4.881,5.633,-0.869, 0.628,-0.569,-0.141,0.141,-0.558, 0.372,-0.686, 0.883;
10.377,3.538,-2.908,-4.900,5.530,-0.870, 0.630,-0.580,-0.145,0.145,-0.925, 0.374,-0.689, 0.894;
10.388,3.589,-3.098,-4.914,5.406,-0.872, 0.632,-0.587,-0.151,0.151,-0.598, 0.376,-0.693, 0.901;
10.400,3.676,-3.128,-4.932,5.480,-0.874, 0.634,-0.598,-0.148,0.148,-0.939, 0.378,-0.696, 0.912;
10.411,3.762,-3.442,-4.950,5.270,-0.876, 0.635,-0.609,-0.158,0.158,-0.999, 0.380,-0.700, 0.923;
10.423,3.847,-3.412,-4.968,5.404,-0.877, 0.637,-0.620,-0.152,0.152,-0.957, 0.382,-0.703, 0.934;
10.434,3.933,-3.538,-4.986,5.381,-0.879, 0.639,-0.631,-0.153,0.153,-0.961, 0.384,-0.707, 0.945;
10.445,4.019,-3.668,-5.003,5.354,-0.881, 0.641,-0.642,-0.155,0.154,-0.968, 0.386,-0.710, 0.956;
10.467,4.102,-2.548,-5.022,6.576,-0.883, 0.642,-0.652,-0.078,0.078,-0.489, 0.388,-0.715, 0.967;
10.471,4.206,-9.766,-5.020,-0.539,-0.884, 0.644,-0.663,-0.555,0.555,-3.449, 0.390,-0.718, 0.977;
10.481,4.309,-4.094,-5.055,5.270,-0.886, 0.646,-0.678,-0.160,0.160,-1.344, 0.392,-0.721, 0.992;
10.503,4.392,-3.240,-5.073,6.225,-0.888, 0.648,-0.688,-0.079,0.079,-0.484, 0.394,-0.726, 1.003;
10.516,4.510,-4.140,-5.091,5.461,-0.890, 0.649,-0.703,-0.141,0.141,-1.163, 0.396,-0.730, 1.017;
10.527,4.569,-4.327,-5.101,5.343,-0.891, 0.651,-0.710,-0.152,0.152,-0.644, 0.398,-0.733, 1.024;
10.539,4.658,-4.408,-5.115,5.365,-0.893, 0.653,-0.721,-0.147,0.147,-0.921, 0.400,-0.737, 1.035;
10.551,4.716,-4.450,-5.124,5.390,-0.895, 0.655,-0.728,-0.142,0.142,-0.581, 0.402,-0.741, 1.042;
10.563,4.803,-4.593,-5.137,5.347,-0.896, 0.656,-0.739,-0.144,0.144,-0.870, 0.404,-0.744, 1.053;
10.575,4.859,-4.719,-5.146,5.286,-0.898, 0.658,-0.746,-0.152,0.152,-0.605, 0.406,-0.748, 1.060;
10.589,4.916,-4.694,-5.154,5.376,-0.900, 0.660,-0.753,-0.126,0.126,-0.496, 0.408,-0.752, 1.067;
10.592,4.946,-6.051,-5.157,4.052,-0.902, 0.661,-0.756,-0.495,0.495,-1.017, 0.410,-0.754, 1.070;
10.614,4.974,-4.654,-5.163,5.482,-0.903, 0.663,-0.760,-0.081,0.081,-0.163, 0.413,-0.759, 1.074;
10.626,5.002,-4.903,-5.167,5.266,-0.905, 0.665,-0.763,-0.147,0.147,-0.291, 0.415,-0.763, 1.077;
10.637,5.003,-4.907,-5.167,5.263,-0.907, 0.667,-0.763,-0.149,0.149,-0.012, 0.417,-0.766, 1.077;
10.649,5.031,-4.949,-5.171,5.253,-0.909, 0.668,-0.767,-0.149,0.149,-0.288, 0.419,-0.770, 1.081;
10.661,5.032,-4.941,-5.171,5.262,-0.910, 0.670,-0.767,-0.146,0.146,-0.010, 0.421,-0.773, 1.081;
10.673,5.007,-4.905,-5.169,5.271,-0.912, 0.672,-0.764,-0.148,0.148,0.248, 0.423,-0.777, 1.078;
10.684,4.982,-4.869,-5.166,5.279,-0.914, 0.674,-0.761,-0.150,0.150,0.246, 0.425,-0.780, 1.075;
10.696,4.985,-4.874,-5.167,5.277,-0.916, 0.675,-0.761,-0.151,0.151,-0.026, 0.428,-0.784, 1.075;
10.707,4.961,-4.834,-5.164,5.291,-0.917, 0.677,-0.758,-0.150,0.150,0.240, 0.430,-0.787, 1.073;
10.720,4.963,-4.808,-5.165,5.320,-0.919, 0.679,-0.759,-0.142,0.142,-0.026, 0.432,-0.791, 1.073;
10.732,4.964,-4.801,-5.166,5.328,-0.921, 0.681,-0.759,-0.140,0.140,-0.013, 0.434,-0.795, 1.073;
10.744,4.966,-4.819,-5.166,5.314,-0.923, 0.682,-0.759,-0.145,0.145,-0.026, 0.436,-0.798, 1.073;
10.756,4.967,-4.839,-5.167,5.295,-0.924, 0.684,-0.759,-0.151,0.151,-0.013, 0.438,-0.802, 1.073;
10.767,4.993,-4.877,-5.170,5.287,-0.926, 0.686,-0.762,-0.150,0.150,-0.268, 0.441,-0.805, 1.077;
10.779,4.994,-4.884,-5.170,5.281,-0.928, 0.688,-0.763,-0.153,0.153,-0.012, 0.443,-0.809, 1.077;
10.790,5.020,-4.923,-5.173,5.270,-0.930, 0.689,-0.766,-0.153,0.153,-0.267, 0.445,-0.812, 1.080;
10.801,5.045,-4.960,-5.176,5.261,-0.931, 0.691,-0.769,-0.153,0.153,-0.261, 0.447,-0.816, 1.083;
10.814,5.046,-4.939,-5.176,5.283,-0.933, 0.693,-0.769,-0.143,0.143,-0.008, 0.449,-0.819, 1.083;
10.825,5.071,-4.999,-5.179,5.250,-0.935, 0.695,-0.772,-0.153,0.153,-0.256, 0.451,-0.823, 1.086;
10.836,5.071,-5.005,-5.179,5.245,-0.937, 0.696,-0.772,-0.157,0.157,-0.007, 0.454,-0.826, 1.086;
10.858,5.095,-4.938,-5.181,5.339,-0.938, 0.698,-0.774,-0.078,0.078,-0.127, 0.456,-0.831, 1.089;
10.870,5.120,-5.069,-5.184,5.234,-0.940, 0.700,-0.777,-0.147,0.147,-0.236, 0.459,-0.835, 1.091;
10.883,5.054,-4.992,-5.250,5.312,-0.942, 0.700,-0.777,-0.135,0.000,-0.003, 0.461,-0.837, 1.091;
10.895,5.120,-5.072,-5.184,5.232,-0.943, 0.702,-0.777,-0.150,0.150,-0.004, 0.463,-0.840, 1.092;
10.907,5.006,-4.931,-5.274,5.348,-0.945, 0.702,-0.775,-0.143,0.000,0.217, 0.465,-0.842, 1.089;
10.919,5.098,-5.026,-5.182,5.254,-0.947, 0.703,-0.775,-0.145,0.145,-0.005, 0.468,-0.846, 1.089;
10.930,5.000,-4.940,-5.280,5.340,-0.949, 0.703,-0.775,-0.155,0.000,-0.005, 0.470,-0.847, 1.089;
10.942,5.099,-5.028,-5.182,5.253,-0.950, 0.705,-0.775,-0.147,0.147,-0.005, 0.472,-0.851, 1.089;
10.954,4.960,-4.871,-5.296,5.385,-0.952, 0.705,-0.772,-0.147,0.000,0.219, 0.474,-0.853, 1.086;
10.966,5.077,-4.980,-5.179,5.276,-0.954, 0.707,-0.772,-0.142,0.142,-0.006, 0.477,-0.856, 1.087;
10.979,4.976,-4.859,-5.281,5.398,-0.956, 0.707,-0.772,-0.130,0.000,-0.005, 0.479,-0.858, 1.087;
10.992,4.925,-4.803,-5.309,5.430,-0.957, 0.707,-0.770,-0.141,0.000,0.206, 0.481,-0.860, 1.084;
11.004,4.873,-4.747,-5.336,5.463,-0.959, 0.707,-0.767,-0.148,0.000,0.216, 0.484,-0.862, 1.081;
11.015,5.058,-4.952,-5.177,5.283,-0.961, 0.708,-0.770,-0.150,0.150,-0.232, 0.486,-0.865, 1.084;
11.027,5.059,-4.944,-5.177,5.292,-0.963, 0.710,-0.770,-0.145,0.145,-0.007, 0.488,-0.869, 1.084;
11.039,4.735,-4.896,-5.478,5.317,-0.966, 0.710,-0.768,-0.284,0.000,0.197, 0.493,-0.871, 1.082;
11.051,5.039,-4.909,-5.174,5.305,-0.968, 0.712,-0.768,-0.148,0.148,-0.008, 0.495,-0.874, 1.082;
11.063,4.659,-4.873,-5.533,5.318,-0.971, 0.712,-0.765,-0.300,0.000,0.204, 0.499,-0.876, 1.080;
11.076,5.042,-4.880,-5.174,5.335,-0.973, 0.714,-0.768,-0.135,0.135,-0.197, 0.501,-0.879, 1.082;
11.088,4.682,-4.855,-5.511,5.339,-0.977, 0.714,-0.766,-0.285,0.000,0.192, 0.505,-0.881, 1.080;
11.100,5.044,-4.906,-5.173,5.311,-0.978, 0.715,-0.768,-0.148,0.148,-0.214, 0.508,-0.885, 1.082;
11.112,5.066,-4.943,-5.176,5.298,-0.980, 0.717,-0.771,-0.146,0.146,-0.216, 0.510,-0.888, 1.085;
11.123,5.066,-4.948,-5.176,5.294,-0.982, 0.719,-0.771,-0.148,0.148,-0.006, 0.513,-0.892, 1.085;
11.135,5.087,-4.986,-5.178,5.279,-0.984, 0.721,-0.773,-0.147,0.147,-0.213, 0.515,-0.895, 1.087;
11.147,5.108,-5.029,-5.181,5.261,-0.985, 0.722,-0.776,-0.148,0.148,-0.211, 0.517,-0.899, 1.090;
11.158,5.149,-5.117,-5.186,5.218,-0.987, 0.724,-0.781,-0.161,0.161,-0.448, 0.520,-0.902, 1.095;
11.170,5.190,-5.190,-5.190,5.190,-0.989, 0.726,-0.785,-0.139,0.139,-0.383, 0.522,-0.906, 1.100;
11.182,5.210,-5.230,-5.192,5.172,-0.990, 0.728,-0.788,-0.149,0.149,-0.202, 0.525,-0.909, 1.102;
11.193,5.233,-5.204,-5.170,5.198,-0.994, 0.729,-0.788,-0.320,0.160,0.002, 0.529,-0.912, 1.102;
11.204,5.230,-5.264,-5.194,5.160,-0.996, 0.731,-0.790,-0.159,0.159,-0.211, 0.531,-0.916, 1.104;
11.215,5.271,-5.227,-5.153,5.196,-0.999, 0.733,-0.790,-0.300,0.150,0.004, 0.535,-0.919, 1.104;
11.236,5.268,-5.424,-5.199,5.043,-1.001, 0.735,-0.795,-0.082,0.082,-0.216, 0.538,-0.924, 1.109;
11.248,5.388,-5.290,-5.100,5.198,-1.004, 0.736,-0.797,-0.296,0.148,-0.188, 0.542,-0.927, 1.111;
11.260,5.305,-5.429,-5.203,5.080,-1.006, 0.738,-0.799,-0.150,0.150,-0.188, 0.545,-0.931, 1.113;
11.271,5.342,-5.501,-5.207,5.048,-1.008, 0.740,-0.803,-0.152,0.152,-0.382, 0.547,-0.934, 1.117;
11.282,5.379,-5.569,-5.211,5.022,-1.010, 0.742,-0.808,-0.156,0.156,-0.393, 0.550,-0.938, 1.122;
11.294,5.415,-5.648,-5.215,4.982,-1.011, 0.743,-0.812,-0.155,0.155,-0.376, 0.552,-0.941, 1.126;
11.305,5.415,-5.635,-5.215,4.995,-1.013, 0.745,-0.812,-0.159,0.159,0.011, 0.555,-0.944, 1.126;
11.316,5.450,-5.704,-5.219,4.964,-1.015, 0.747,-0.816,-0.160,0.160,-0.380, 0.557,-0.948, 1.130;
11.327,5.486,-5.788,-5.222,4.921,-1.017, 0.749,-0.820,-0.158,0.158,-0.382, 0.559,-0.951, 1.134;
11.337,5.503,-5.817,-5.224,4.909,-1.018, 0.750,-0.822,-0.159,0.159,-0.177, 0.562,-0.954, 1.136;
11.359,5.520,-6.226,-5.225,4.519,-1.020, 0.752,-0.824,-0.080,0.080,-0.087, 0.565,-0.959, 1.138;
11.362,5.535,-3.984,-5.227,6.778,-1.022, 0.754,-0.826,-0.549,0.549,-0.594, 0.567,-0.961, 1.140;
11.384,5.552,-6.325,-5.228,4.455,-1.024, 0.755,-0.828,-0.082,0.082,-0.087, 0.570,-0.966, 1.142;
11.396,5.568,-6.040,-5.229,4.757,-1.025, 0.757,-0.830,-0.145,0.145,-0.153, 0.573,-0.970, 1.144;
11.407,5.584,-6.044,-5.230,4.771,-1.027, 0.759,-0.831,-0.152,0.152,-0.158, 0.575,-0.973, 1.146;
11.419,5.583,-6.082,-5.230,4.731,-1.029, 0.761,-0.831,-0.145,0.145,0.016, 0.578,-0.976, 1.145;
11.431,5.598,-6.092,-5.231,4.737,-1.031, 0.762,-0.833,-0.150,0.150,-0.153, 0.580,-0.980, 1.147;
11.442,5.597,-6.074,-5.231,4.754,-1.032, 0.764,-0.833,-0.153,0.153,0.017, 0.583,-0.983, 1.147;
11.454,5.612,-6.150,-5.232,4.694,-1.034, 0.766,-0.835,-0.147,0.147,-0.148, 0.585,-0.986, 1.149;
11.466,5.627,-6.208,-5.233,4.652,-1.036, 0.768,-0.836,-0.144,0.144,-0.143, 0.588,-0.990, 1.150;
11.478,5.642,-6.216,-5.234,4.660,-1.037, 0.769,-0.838,-0.149,0.149,-0.146, 0.590,-0.993, 1.152;
11.492,5.657,-6.412,-5.235,4.480,-1.039, 0.771,-0.840,-0.124,0.124,-0.121, 0.593,-0.997, 1.154;
11.504,5.672,-6.317,-5.236,4.591,-1.041, 0.773,-0.841,-0.145,0.145,-0.139, 0.596,-1.000, 1.155;
11.516,5.670,-6.294,-5.236,4.612,-1.043, 0.775,-0.841,-0.149,0.149,0.019, 0.598,-1.004, 1.155;
11.527,5.685,-6.333,-5.237,4.589,-1.044, 0.776,-0.843,-0.148,0.148,-0.140, 0.601,-1.007, 1.157;
11.540,5.683,-6.368,-5.236,4.552,-1.046, 0.778,-0.843,-0.144,0.144,0.019, 0.604,-1.011, 1.157;
11.551,5.697,-6.394,-5.237,4.541,-1.048, 0.780,-0.844,-0.145,0.145,-0.135, 0.606,-1.014, 1.158;
11.564,5.696,-6.477,-5.237,4.456,-1.050, 0.782,-0.844,-0.134,0.134,0.018, 0.609,-1.018, 1.158;
11.577,5.694,-6.444,-5.236,4.486,-1.051, 0.783,-0.844,-0.139,0.139,0.018, 0.612,-1.021, 1.158;
11.589,5.726,-6.501,-5.239,4.464,-1.053, 0.785,-0.847,-0.142,0.142,-0.298, 0.614,-1.024, 1.161;
11.601,5.742,-6.505,-5.240,4.477,-1.055, 0.787,-0.849,-0.148,0.148,-0.153, 0.617,-1.028, 1.163;
11.613,5.758,-6.559,-5.241,4.439,-1.057, 0.789,-0.851,-0.146,0.146,-0.151, 0.619,-1.031, 1.165;
11.626,5.773,-6.694,-5.242,4.322,-1.058, 0.790,-0.853,-0.135,0.135,-0.139, 0.622,-1.035, 1.167;
11.639,5.789,-6.757,-5.243,4.275,-1.060, 0.792,-0.855,-0.133,0.133,-0.137, 0.625,-1.038, 1.169;
11.651,5.790,-6.633,-5.243,4.399,-1.062, 0.794,-0.855,-0.149,0.149,0.000, 0.628,-1.042, 1.169;
11.662,5.805,-6.681,-5.244,4.368,-1.064, 0.796,-0.856,-0.148,0.148,-0.152, 0.630,-1.045, 1.170;
11.675,5.821,-6.802,-5.245,4.264,-1.065, 0.797,-0.858,-0.140,0.140,-0.142, 0.633,-1.048, 1.172;
11.687,5.836,-6.811,-5.246,4.272,-1.067, 0.799,-0.860,-0.144,0.144,-0.146, 0.636,-1.052, 1.174;
11.700,5.852,-6.926,-5.247,4.173,-1.069, 0.801,-0.862,-0.136,0.136,-0.138, 0.638,-1.055, 1.176;
11.712,5.867,-6.932,-5.248,4.184,-1.071, 0.802,-0.863,-0.141,0.141,-0.142, 0.641,-1.059, 1.177;
11.724,5.883,-6.967,-5.250,4.165,-1.072, 0.804,-0.865,-0.142,0.142,-0.142, 0.644,-1.062, 1.179;
11.736,5.898,-6.993,-5.250,4.156,-1.074, 0.806,-0.867,-0.144,0.144,-0.144, 0.647,-1.065, 1.181;
11.749,5.913,-7.082,-5.252,4.083,-1.076, 0.808,-0.869,-0.140,0.140,-0.139, 0.649,-1.069, 1.183;
11.760,5.929,-7.001,-5.253,4.180,-1.078, 0.809,-0.870,-0.153,0.153,-0.151, 0.652,-1.072, 1.184;
11.772,5.944,-7.045,-5.254,4.152,-1.079, 0.811,-0.872,-0.153,0.153,-0.150, 0.655,-1.075, 1.186;
11.783,5.959,-7.159,-5.255,4.055,-1.081, 0.813,-0.874,-0.146,0.146,-0.143, 0.657,-1.079, 1.188;
11.796,5.991,-7.321,-5.257,3.927,-1.083, 0.815,-0.877,-0.140,0.140,-0.300, 0.660,-1.082, 1.192;
11.808,6.006,-7.267,-5.258,3.998,-1.084, 0.816,-0.879,-0.149,0.149,-0.145, 0.663,-1.085, 1.193;
11.821,6.039,-7.595,-5.261,3.704,-1.086, 0.818,-0.883,-0.129,0.129,-0.276, 0.666,-1.089, 1.197;
11.833,6.057,-7.375,-5.262,3.944,-1.088, 0.820,-0.885,-0.152,0.152,-0.179, 0.669,-1.092, 1.199;
