0.000,0.000,0.000,0.000,0.000, 0.000, 0.000, 0.000,0.000,0.000,0.000, 0.000, 0.000, 0.000, 0.000, 0.000, 0.000, 0.000, 0.000, 0.000;
0.022,-7.392,-1.389,-6.103,-2.678,-0.174,-0.042,-0.043,0.000,0.000,0.000, 0.674, 0.060, 1.648, 0.110, 0.875, 1.661,-0.137,-0.090,-0.090;
0.025,-8.164,-1.385,-6.705,-2.844,-0.174,-0.042,-0.043,0.000,0.000,0.000, 0.674, 0.062, 1.653, 0.123, 0.886, 1.673,-0.153,-0.102,-0.102;
0.046,-13.356,-1.330,-10.748,-3.938,-0.174,-0.042,-0.043,0.000,0.000,0.000, 0.673, 0.079, 1.687, 0.209, 0.965, 1.753,-0.266,-0.182,-0.182;
0.059,-16.078,-1.193,-12.842,-4.428,-0.174,-0.042,-0.043,0.000,0.000,0.000, 0.672, 0.089, 1.706, 0.250, 1.008, 1.797,-0.322,-0.226,-0.226;
0.070,-16.072,-3.537,-13.419,-6.191,-0.172,-0.042,-0.043,0.194,0.000,-0.054, 0.669, 0.098, 1.725, 0.284, 0.966, 1.756,-0.371,-0.185,-0.185;
0.082,-16.002,-5.807,-13.922,-7.887,-0.174,-0.042,-0.043,-0.197,0.000,0.055, 0.670, 0.106, 1.742, 0.315, 0.924, 1.716,-0.415,-0.145,-0.145;
0.093,-15.880,-7.992,-14.367,-9.505,-0.174,-0.042,-0.043,0.000,0.000,0.000, 0.669, 0.115, 1.760, 0.343, 0.882, 1.676,-0.458,-0.105,-0.106;
0.104,-15.710,-10.125,-14.765,-11.070,-0.172,-0.042,-0.043,0.197,0.000,-0.055, 0.665, 0.124, 1.778, 0.370, 0.841, 1.637,-0.498,-0.066,-0.066;
0.116,-13.484,-10.474,-13.127,-10.832,-0.174,-0.042,-0.043,-0.191,0.000,0.053, 0.666, 0.133, 1.796, 0.314, 0.797, 1.596,-0.456,-0.025,-0.025;
0.127,-13.675,-8.312,-12.763,-9.224,-0.172,-0.042,-0.043,0.202,0.000,-0.056, 0.662, 0.141, 1.814, 0.261, 0.833, 1.634,-0.417,-0.063,-0.064;
0.138,-11.542,-8.634,-11.191,-8.984,-0.174,-0.042,-0.043,-0.201,0.000,0.056, 0.662, 0.150, 1.831, 0.208, 0.791, 1.595,-0.377,-0.024,-0.024;
0.150,-9.928,-8.364,-9.003,-9.289,-0.172,-0.042,-0.043,0.195,0.000,-0.054, 0.658, 0.159, 1.849, 0.153, 0.748, 1.635,-0.335, 0.016,-0.065;
0.161,-7.822,-8.681,-7.453,-9.051,-0.174,-0.042,-0.043,-0.203,0.000,0.056, 0.658, 0.167, 1.866, 0.100, 0.706, 1.597,-0.296, 0.054,-0.026;
0.172,-7.467,-7.092,-7.649,-6.910,-0.174,-0.042,-0.043,0.000,0.000,0.000, 0.656, 0.176, 1.883, 0.048, 0.741, 1.558,-0.257, 0.016, 0.013;
0.193,-4.422,-6.619,-3.517,-7.525,-0.174,-0.042,-0.043,0.000,0.000,0.000, 0.651, 0.192, 1.917,-0.055, 0.658, 1.634,-0.180, 0.091,-0.063;
0.205,-4.056,-4.948,-3.735,-5.269,-0.174,-0.042,-0.043,0.000,0.000,0.000, 0.648, 0.200, 1.935,-0.110, 0.695, 1.593,-0.139, 0.051,-0.022;
0.217,-4.279,-2.628,-3.357,-3.550,-0.174,-0.042,-0.043,0.000,0.000,0.000, 0.645, 0.209, 1.954,-0.166, 0.732, 1.635,-0.096, 0.009,-0.064;
0.229,-1.995,-2.971,-1.675,-3.291,-0.172,-0.042,-0.043,0.186,0.000,-0.052, 0.640, 0.218, 1.974,-0.222, 0.685, 1.593,-0.054, 0.051,-0.022;
0.240,-3.651,-3.155,-3.919,-2.887,-0.174,-0.042,-0.043,-0.191,0.000,0.053, 0.639, 0.227, 1.991,-0.195, 0.720, 1.552,-0.095, 0.010, 0.019;
0.252,-2.061,-2.907,-1.759,-3.209,-0.172,-0.042,-0.043,0.197,0.000,-0.055, 0.633, 0.235, 2.010,-0.248, 0.675, 1.592,-0.055, 0.049,-0.021;
0.264,-1.682,-1.185,-1.982,-0.885,-0.172,-0.042,-0.043,0.000,0.000,0.000, 0.630, 0.244, 2.029,-0.304, 0.712, 1.550,-0.013, 0.007, 0.021;
0.275,-1.493,-3.357,-2.370,-2.480,-0.174,-0.042,-0.043,-0.194,0.000,0.054, 0.628, 0.252, 2.046,-0.276, 0.666, 1.510,-0.053, 0.048, 0.061;
0.287,-1.712,-1.115,-2.007,-0.820,-0.174,-0.042,-0.043,0.000,0.000,0.000, 0.624, 0.260, 2.064,-0.329, 0.700, 1.550,-0.013, 0.007, 0.021;
0.298,-1.514,-3.274,-2.386,-2.402,-0.174,-0.042,-0.043,0.000,0.000,0.000, 0.620, 0.268, 2.082,-0.302, 0.654, 1.510,-0.053, 0.047, 0.061;
0.310,-1.734,-1.006,-2.017,-0.723,-0.174,-0.042,-0.043,0.000,0.000,0.000, 0.616, 0.276, 2.101,-0.356, 0.688, 1.551,-0.012, 0.006, 0.020;
0.321,-1.541,-3.098,-2.382,-2.257,-0.174,-0.042,-0.043,0.000,0.000,0.000, 0.612, 0.284, 2.118,-0.329, 0.643, 1.512,-0.051, 0.045, 0.059;
0.332,-1.747,-0.959,-2.033,-0.673,-0.174,-0.042,-0.043,0.000,0.000,0.000, 0.608, 0.292, 2.136,-0.379, 0.675, 1.551,-0.012, 0.006, 0.020;
0.344,-1.543,-3.163,-2.417,-2.288,-0.174,-0.042,-0.043,0.000,0.000,0.000, 0.603, 0.300, 2.154,-0.351, 0.626, 1.510,-0.053, 0.047, 0.061;
0.355,-1.750,-0.997,-2.063,-0.685,-0.174,-0.042,-0.043,0.000,0.000,0.000, 0.598, 0.307, 2.172,-0.402, 0.658, 1.549,-0.014, 0.008, 0.022;
0.377,-1.371,-5.057,-2.768,-3.661,-0.174,-0.042,-0.043,0.000,0.000,0.000, 0.589, 0.321, 2.205,-0.349, 0.568, 1.473,-0.090, 0.084, 0.098;
0.381,-1.445,-4.284,-2.641,-3.088,-0.174,-0.042,-0.043,0.000,0.000,0.000, 0.587, 0.324, 2.212,-0.367, 0.579, 1.487,-0.076, 0.070, 0.084;
0.401,-1.815,-0.385,-1.999,-0.201,-0.174,-0.042,-0.043,0.000,0.000,0.000, 0.578, 0.337, 2.243,-0.458, 0.636, 1.558,-0.005,-0.001, 0.013;
0.413,-1.594,-2.723,-2.403,-1.915,-0.174,-0.042,-0.043,0.000,0.000,0.000, 0.572, 0.345, 2.263,-0.426, 0.583, 1.514,-0.049, 0.043, 0.056;
0.425,-1.805,-0.490,-2.033,-0.261,-0.174,-0.042,-0.043,0.000,0.000,0.000, 0.567, 0.352, 2.281,-0.478, 0.615, 1.555,-0.008, 0.002, 0.016;
0.437,-1.592,-2.732,-2.419,-1.905,-0.174,-0.042,-0.043,0.000,0.000,0.000, 0.561, 0.359, 2.300,-0.448, 0.564, 1.513,-0.050, 0.044, 0.058;
0.449,-1.814,-0.364,-2.027,-0.151,-0.174,-0.042,-0.043,0.000,0.000,0.000, 0.555, 0.366, 2.319,-0.502, 0.597, 1.556,-0.007, 0.001, 0.015;
0.461,-1.597,-2.639,-2.417,-1.818,-0.174,-0.042,-0.043,0.000,0.000,0.000, 0.549, 0.374, 2.338,-0.471, 0.545, 1.513,-0.049, 0.044, 0.057;
0.473,-1.816,-0.284,-2.025,-0.074,-0.174,-0.042,-0.043,0.000,0.000,0.000, 0.542, 0.381, 2.357,-0.525, 0.577, 1.556,-0.007, 0.001, 0.015;
0.485,-1.606,-2.473,-2.400,-1.679,-0.174,-0.042,-0.043,0.000,0.000,0.000, 0.536, 0.387, 2.375,-0.494, 0.526, 1.515,-0.048, 0.042, 0.055;
0.498,-1.835,0.007,-1.986,0.157,-0.174,-0.042,-0.043,0.000,0.000,0.000, 0.529, 0.395, 2.395,-0.551, 0.560, 1.560,-0.003,-0.003, 0.011;
0.510,-1.617,-2.251,-2.371,-1.498,-0.174,-0.042,-0.043,0.000,0.000,0.000, 0.522, 0.401, 2.414,-0.519, 0.508, 1.518,-0.045, 0.039, 0.053;
0.521,-1.827,0.024,-1.990,0.187,-0.174,-0.042,-0.043,0.000,0.000,0.000, 0.516, 0.408, 2.433,-0.570, 0.538, 1.559,-0.004,-0.002, 0.011;
0.534,-1.602,-2.291,-2.383,-1.510,-0.174,-0.042,-0.043,0.000,0.000,0.000, 0.508, 0.414, 2.452,-0.537, 0.484, 1.516,-0.047, 0.041, 0.055;
0.546,-1.821,0.101,-1.981,0.262,-0.174,-0.042,-0.043,0.000,0.000,0.000, 0.501, 0.421, 2.471,-0.591, 0.516, 1.560,-0.003,-0.002, 0.011;
0.558,-1.602,-2.141,-2.361,-1.381,-0.174,-0.042,-0.043,0.000,0.000,0.000, 0.494, 0.427, 2.490,-0.558, 0.463, 1.518,-0.045, 0.040, 0.053;
0.570,-1.812,0.174,-1.970,0.333,-0.174,-0.042,-0.043,0.000,0.000,0.000, 0.487, 0.433, 2.509,-0.610, 0.493, 1.560,-0.003,-0.002, 0.011;
0.582,-1.595,-2.033,-2.343,-1.286,-0.174,-0.042,-0.043,0.000,0.000,0.000, 0.479, 0.438, 2.527,-0.577, 0.441, 1.519,-0.044, 0.039, 0.052;
0.593,-1.791,0.236,-1.951,0.396,-0.172,-0.042,-0.043,0.191,0.000,-0.053, 0.470, 0.444, 2.546,-0.627, 0.470, 1.560,-0.003,-0.002, 0.011;
0.605,-1.584,-1.930,-2.321,-1.193,-0.174,-0.042,-0.043,-0.194,0.000,0.054, 0.465, 0.449, 2.564,-0.595, 0.419, 1.519,-0.044, 0.038, 0.051;
0.616,-1.786,0.309,-1.942,0.465,-0.174,-0.042,-0.043,0.000,0.000,0.000, 0.457, 0.454, 2.582,-0.644, 0.448, 1.560,-0.003,-0.002, 0.011;
0.628,-0.160,0.552,0.260,0.132,-0.172,-0.042,-0.043,0.195,0.000,-0.054, 0.448, 0.459, 2.601,-0.692, 0.396, 1.600, 0.037, 0.038,-0.029;
0.639,-1.778,0.368,-1.937,0.527,-0.174,-0.042,-0.043,-0.194,0.000,0.054, 0.442, 0.464, 2.618,-0.659, 0.424, 1.560,-0.003,-0.003, 0.011;
0.651,-2.144,-1.239,-1.717,-1.665,-0.174,-0.042,-0.043,0.000,0.000,0.000, 0.435, 0.469, 2.636,-0.626, 0.371, 1.601,-0.044, 0.038,-0.030;
0.662,-1.775,0.364,-1.910,0.500,-0.174,-0.042,-0.043,0.000,0.000,0.000, 0.427, 0.474, 2.654,-0.672, 0.398, 1.561,-0.005,-0.001, 0.009;
0.673,-2.128,-1.188,-1.698,-1.618,-0.174,-0.042,-0.043,0.000,0.000,0.000, 0.419, 0.478, 2.672,-0.640, 0.347, 1.601,-0.044, 0.039,-0.030;
0.685,-1.746,0.463,-1.895,0.611,-0.174,-0.042,-0.043,0.000,0.000,0.000, 0.412, 0.482, 2.690,-0.687, 0.375, 1.560,-0.004,-0.002, 0.010;
0.707,-2.419,-2.505,-1.486,-3.438,-0.174,-0.042,-0.043,0.000,0.000,0.000, 0.397, 0.490, 2.723,-0.624, 0.276, 1.636,-0.079, 0.074,-0.065;
0.719,-2.002,-0.710,-1.699,-1.014,-0.174,-0.042,-0.043,0.000,0.000,0.000, 0.388, 0.494, 2.743,-0.675, 0.306, 1.592,-0.035, 0.030,-0.021;
0.731,-2.202,1.579,-1.304,0.681,-0.174,-0.042,-0.043,0.000,0.000,0.000, 0.379, 0.498, 2.762,-0.722, 0.334, 1.633, 0.006,-0.012,-0.063;
0.742,-3.774,1.404,-3.443,1.074,-0.174,-0.042,-0.043,0.000,0.000,0.000, 0.371, 0.502, 2.779,-0.688, 0.361, 1.594,-0.034,-0.051,-0.023;
0.754,-2.122,1.643,-1.207,0.728,-0.174,-0.042,-0.043,0.000,0.000,0.000, 0.363, 0.505, 2.798,-0.735, 0.307, 1.635, 0.007,-0.011,-0.064;
0.765,-3.699,1.466,-3.354,1.121,-0.174,-0.042,-0.043,0.000,0.000,0.000, 0.354, 0.509, 2.816,-0.700, 0.333, 1.595,-0.032,-0.050,-0.024;
0.777,-2.044,1.705,-1.114,0.775,-0.174,-0.042,-0.043,0.000,0.000,0.000, 0.346, 0.512, 2.834,-0.746, 0.279, 1.636, 0.009,-0.009,-0.065;
0.789,-3.700,1.518,-3.369,1.187,-0.174,-0.042,-0.043,0.000,0.000,0.000, 0.337, 0.515, 2.853,-0.709, 0.307, 1.594,-0.033,-0.051,-0.023;
0.800,-2.036,1.757,-1.118,0.839,-0.174,-0.042,-0.043,0.000,0.000,0.000, 0.328, 0.518, 2.871,-0.755, 0.252, 1.635, 0.008,-0.010,-0.064;
0.812,-3.665,1.573,-3.336,1.244,-0.174,-0.042,-0.043,0.000,0.000,0.000, 0.320, 0.521, 2.889,-0.718, 0.279, 1.594,-0.033,-0.051,-0.023;
0.823,-2.093,1.798,-1.210,0.914,-0.174,-0.042,-0.043,0.000,0.000,0.000, 0.311, 0.523, 2.907,-0.761, 0.227, 1.632, 0.006,-0.012,-0.062;
0.835,-3.671,1.619,-3.359,1.306,-0.174,-0.042,-0.043,0.000,0.000,0.000, 0.303, 0.526, 2.925,-0.725, 0.254, 1.593,-0.034,-0.052,-0.022;
0.846,-2.104,1.851,-1.241,0.987,-0.172,-0.042,-0.043,0.204,0.000,-0.057, 0.292, 0.528, 2.942,-0.767, 0.202, 1.631, 0.005,-0.013,-0.060;
0.857,-3.665,1.666,-3.366,1.368,-0.174,-0.042,-0.043,-0.199,0.000,0.055, 0.286, 0.530, 2.959,-0.731, 0.228, 1.592,-0.035,-0.053,-0.021;
0.868,-1.489,1.328,-1.758,1.596,-0.174,-0.042,-0.043,0.000,0.000,0.000, 0.277, 0.532, 2.977,-0.773, 0.175, 1.552, 0.005,-0.013, 0.019;
0.890,-5.667,2.087,-4.827,1.247,-0.174,-0.042,-0.043,0.000,0.000,0.000, 0.260, 0.535, 3.012,-0.701, 0.225, 1.629,-0.073,-0.090,-0.059;
0.903,-3.217,1.706,-3.013,1.503,-0.174,-0.042,-0.043,0.000,0.000,0.000, 0.250, 0.537, 3.032,-0.748, 0.165, 1.585,-0.028,-0.046,-0.014;
0.907,-3.331,1.189,-2.939,0.798,-0.174,-0.042,-0.043,0.000,0.000,0.000, 0.247, 0.537, 3.038,-0.736, 0.148, 1.598,-0.041,-0.033,-0.027;
0.927,0.695,0.561,0.037,1.220,-0.174,-0.042,-0.043,0.000,0.000,0.000, 0.231, 0.539, 3.071,-0.812, 0.049, 1.525, 0.032, 0.041, 0.046;
0.930,0.133,0.663,-0.376,1.172,-0.174,-0.042,-0.043,0.000,0.000,0.000, 0.229, 0.539, 3.075,-0.802, 0.055, 1.535, 0.022, 0.030, 0.036;
0.942,-1.975,1.046,-1.924,0.995,-0.174,-0.042,-0.043,0.000,0.000,0.000, 0.220, 0.540, 3.093,-0.765, 0.081, 1.574,-0.017,-0.009,-0.004;
0.963,2.221,0.389,1.179,1.431,-0.174,-0.042,-0.043,0.000,0.000,0.000, 0.203, 0.542, 3.127,-0.843,-0.022, 1.498, 0.059, 0.067, 0.073;
0.976,-0.091,0.809,-0.518,1.235,-0.174,-0.042,-0.043,0.000,0.000,0.000, 0.193, 0.542, 3.146,-0.801, 0.006, 1.541, 0.016, 0.024, 0.030;
0.988,1.681,1.057,1.878,0.860,-0.174,-0.042,-0.043,0.000,0.000,0.000, 0.183, 0.542, 3.166,-0.845,-0.053, 1.585, 0.060, 0.068,-0.014;
1.000,1.498,3.305,2.281,2.522,-0.172,-0.042,-0.043,0.192,0.000,-0.053, 0.172, 0.542, 3.185,-0.886,-0.027, 1.625, 0.101, 0.027,-0.055;
1.012,1.721,1.062,1.907,0.875,-0.174,-0.042,-0.043,-0.189,0.000,0.052, 0.165, 0.542, 3.203,-0.844,-0.083, 1.584, 0.059, 0.069,-0.013;
1.023,1.539,3.291,2.307,2.523,-0.172,-0.042,-0.043,0.193,0.000,-0.054, 0.154, 0.542, 3.221,-0.884,-0.056, 1.624, 0.099, 0.028,-0.054;
1.036,1.776,0.910,1.911,0.774,-0.174,-0.042,-0.043,-0.178,0.000,0.049, 0.146, 0.542, 3.240,-0.839,-0.116, 1.580, 0.055, 0.072,-0.009;
1.047,-0.382,1.296,0.327,0.587,-0.174,-0.042,-0.043,0.000,0.000,0.000, 0.137, 0.541, 3.258,-0.798,-0.090, 1.620, 0.015, 0.032,-0.049;
1.059,0.013,2.923,0.146,2.790,-0.174,-0.042,-0.043,0.000,0.000,0.000, 0.128, 0.540, 3.276,-0.837,-0.064, 1.580, 0.055,-0.008,-0.009;
1.070,-2.169,3.313,-1.455,2.599,-0.174,-0.042,-0.043,0.000,0.000,0.000, 0.119, 0.539, 3.295,-0.795,-0.037, 1.621, 0.014,-0.049,-0.050;
1.082,0.069,2.956,0.200,2.826,-0.174,-0.042,-0.043,0.000,0.000,0.000, 0.110, 0.538, 3.313,-0.834,-0.092, 1.580, 0.055,-0.008,-0.009;
1.093,-2.017,3.328,-1.331,2.642,-0.174,-0.042,-0.043,0.000,0.000,0.000, 0.101, 0.537, 3.330,-0.793,-0.067, 1.619, 0.016,-0.047,-0.048;
1.104,0.083,2.992,0.222,2.853,-0.174,-0.042,-0.043,0.000,0.000,0.000, 0.093, 0.536, 3.347,-0.829,-0.118, 1.581, 0.054,-0.009,-0.010;
1.115,-1.962,3.356,-1.278,2.673,-0.174,-0.042,-0.043,0.000,0.000,0.000, 0.085, 0.534, 3.364,-0.788,-0.094, 1.619, 0.016,-0.047,-0.048;
1.125,0.146,3.019,0.281,2.883,-0.174,-0.042,-0.043,0.000,0.000,0.000, 0.076, 0.533, 3.381,-0.824,-0.145, 1.580, 0.054,-0.009,-0.009;
1.146,-3.822,3.723,-2.630,2.531,-0.174,-0.042,-0.043,0.000,0.000,0.000, 0.060, 0.529, 3.415,-0.745,-0.097, 1.654,-0.020,-0.082,-0.083;
1.158,-1.663,3.376,-1.032,2.745,-0.174,-0.042,-0.043,0.000,0.000,0.000, 0.052, 0.527, 3.432,-0.781,-0.149, 1.615, 0.019,-0.043,-0.044;
1.169,-1.435,1.261,-1.365,1.191,-0.174,-0.042,-0.043,0.000,0.000,0.000, 0.043, 0.525, 3.450,-0.738,-0.202, 1.576,-0.020,-0.004,-0.005;
1.180,-1.613,3.482,-0.963,2.831,-0.174,-0.042,-0.043,0.000,0.000,0.000, 0.034, 0.522, 3.468,-0.775,-0.175, 1.616, 0.021,-0.045,-0.045;
1.192,-1.373,1.265,-1.310,1.202,-0.174,-0.042,-0.043,0.000,0.000,0.000, 0.026, 0.520, 3.486,-0.730,-0.230, 1.575,-0.020,-0.004,-0.004;
1.203,-1.543,3.390,-0.924,2.771,-0.174,-0.042,-0.043,0.000,0.000,0.000, 0.017, 0.517, 3.503,-0.764,-0.204, 1.614, 0.018,-0.042,-0.043;
1.214,-1.317,1.312,-1.249,1.244,-0.174,-0.042,-0.043,0.000,0.000,0.000, 0.009, 0.514, 3.521,-0.721,-0.255, 1.576,-0.020,-0.004,-0.005;
1.225,-1.487,3.439,-0.862,2.814,-0.174,-0.042,-0.043,0.000,0.000,0.000, 0.001, 0.511, 3.538,-0.756,-0.229, 1.614, 0.019,-0.043,-0.044;
1.236,-1.254,1.299,-1.196,1.241,-0.174,-0.042,-0.043,0.000,0.000,0.000,-0.007, 0.508, 3.556,-0.711,-0.282, 1.575,-0.021,-0.003,-0.004;
1.247,-1.422,3.401,-0.813,2.793,-0.174,-0.042,-0.043,0.000,0.000,0.000,-0.015, 0.505, 3.573,-0.745,-0.256, 1.613, 0.018,-0.042,-0.042;
1.269,-0.982,-0.631,-1.440,-0.173,-0.174,-0.042,-0.043,0.000,0.000,0.000,-0.031, 0.499, 3.606,-0.660,-0.355, 1.539,-0.057, 0.033, 0.032;
1.280,-1.155,1.543,-1.044,1.432,-0.174,-0.042,-0.043,0.000,0.000,0.000,-0.039, 0.495, 3.624,-0.694,-0.327, 1.579,-0.017,-0.007,-0.008;
1.292,-0.914,-0.655,-1.385,-0.185,-0.174,-0.042,-0.043,0.000,0.000,0.000,-0.047, 0.491, 3.642,-0.647,-0.381, 1.538,-0.057, 0.034, 0.033;
1.303,-1.093,1.572,-0.979,1.458,-0.174,-0.042,-0.043,0.000,0.000,0.000,-0.055, 0.487, 3.661,-0.681,-0.353, 1.579,-0.017,-0.007,-0.008;
1.316,-0.829,-0.833,-1.352,-0.311,-0.174,-0.042,-0.043,0.000,0.000,0.000,-0.064, 0.482, 3.680,-0.630,-0.411, 1.534,-0.061, 0.037, 0.036;
1.328,-1.015,1.489,-0.928,1.402,-0.174,-0.042,-0.043,0.000,0.000,0.000,-0.072, 0.478, 3.700,-0.665,-0.382, 1.577,-0.018,-0.005,-0.006;
1.340,-0.772,-0.725,-1.270,-0.227,-0.174,-0.042,-0.043,0.000,0.000,0.000,-0.080, 0.473, 3.718,-0.617,-0.435, 1.536,-0.059, 0.036, 0.035;
1.352,-0.961,1.649,-0.836,1.524,-0.174,-0.042,-0.043,0.000,0.000,0.000,-0.088, 0.468, 3.737,-0.653,-0.405, 1.580,-0.016,-0.008,-0.009;
1.365,-0.696,-0.766,-1.209,-0.253,-0.174,-0.042,-0.043,0.000,0.000,0.000,-0.097, 0.463, 3.757,-0.600,-0.462, 1.535,-0.060, 0.037, 0.036;
1.376,-0.874,1.466,-0.801,1.393,-0.174,-0.042,-0.043,0.000,0.000,0.000,-0.105, 0.458, 3.776,-0.633,-0.433, 1.576,-0.019,-0.004,-0.005;
1.388,-0.629,-0.767,-1.145,-0.251,-0.174,-0.042,-0.043,0.000,0.000,0.000,-0.112, 0.452, 3.794,-0.584,-0.486, 1.535,-0.060, 0.037, 0.036;
1.400,-0.809,1.492,-0.731,1.415,-0.174,-0.042,-0.043,0.000,0.000,0.000,-0.120, 0.447, 3.813,-0.617,-0.457, 1.576,-0.019,-0.005,-0.005;
1.412,-0.547,-0.892,-1.099,-0.341,-0.174,-0.042,-0.043,0.000,0.000,0.000,-0.128, 0.441, 3.832,-0.564,-0.513, 1.532,-0.063, 0.039, 0.038;
1.424,-0.728,1.376,-0.683,1.331,-0.174,-0.042,-0.043,0.000,0.000,0.000,-0.135, 0.435, 3.851,-0.596,-0.483, 1.574,-0.021,-0.002,-0.003;
1.436,-0.480,-0.890,-1.032,-0.338,-0.174,-0.042,-0.043,0.000,0.000,0.000,-0.142, 0.430, 3.870,-0.545,-0.536, 1.532,-0.063, 0.039, 0.039;
1.448,-0.665,1.436,-0.605,1.376,-0.174,-0.042,-0.043,0.000,0.000,0.000,-0.150, 0.423, 3.889,-0.579,-0.505, 1.575,-0.020,-0.003,-0.004;
1.460,-0.415,-0.839,-0.955,-0.299,-0.174,-0.042,-0.043,0.000,0.000,0.000,-0.157, 0.417, 3.907,-0.527,-0.558, 1.533,-0.062, 0.039, 0.038;
1.471,-0.586,1.297,-0.563,1.275,-0.174,-0.042,-0.043,0.000,0.000,0.000,-0.163, 0.411, 3.925,-0.557,-0.529, 1.572,-0.023,-0.001,-0.002;
1.483,-0.348,-0.874,-0.897,-0.325,-0.174,-0.042,-0.043,0.000,0.000,0.000,-0.170, 0.405, 3.943,-0.508,-0.579, 1.532,-0.062, 0.039, 0.038;
1.494,-0.520,1.288,-0.500,1.269,-0.174,-0.042,-0.043,0.000,0.000,0.000,-0.176, 0.399, 3.961,-0.538,-0.550, 1.572,-0.023,-0.001,-0.001;
1.506,-0.277,-0.936,-0.842,-0.370,-0.174,-0.042,-0.043,0.000,0.000,0.000,-0.183, 0.393, 3.979,-0.487,-0.601, 1.531,-0.063, 0.040, 0.039;
1.517,-0.449,1.221,-0.446,1.218,-0.174,-0.042,-0.043,0.000,0.000,0.000,-0.189, 0.386, 3.997,-0.516,-0.571, 1.571,-0.024, 0.001,-0.000;
1.528,1.159,1.425,1.722,0.862,-0.172,-0.042,-0.043,0.200,0.000,-0.055,-0.197, 0.380, 4.015,-0.546,-0.619, 1.610, 0.016, 0.040,-0.039;
1.550,-1.900,1.008,-2.450,1.558,-0.174,-0.042,-0.043,-0.101,0.000,0.028,-0.206, 0.367, 4.049,-0.447,-0.560, 1.532,-0.062,-0.038, 0.038;
1.563,-0.116,1.241,-0.043,1.168,-0.172,-0.042,-0.043,0.181,0.000,-0.050,-0.215, 0.359, 4.069,-0.480,-0.613, 1.576,-0.019, 0.006,-0.005;
1.575,-1.784,1.016,-2.320,1.551,-0.174,-0.042,-0.043,-0.184,0.000,0.051,-0.218, 0.352, 4.087,-0.425,-0.580, 1.533,-0.061,-0.037, 0.037;
1.587,-0.043,1.230,0.031,1.156,-0.174,-0.042,-0.043,0.000,0.000,0.000,-0.224, 0.345, 4.106,-0.456,-0.631, 1.576,-0.018, 0.006,-0.005;
1.599,-1.678,1.011,-2.199,1.533,-0.174,-0.042,-0.043,0.000,0.000,0.000,-0.230, 0.337, 4.125,-0.403,-0.599, 1.534,-0.060,-0.036, 0.036;
1.610,-0.017,1.214,0.043,1.153,-0.174,-0.042,-0.043,0.000,0.000,0.000,-0.235, 0.330, 4.143,-0.432,-0.648, 1.575,-0.019, 0.005,-0.004;
1.622,-1.620,0.998,-2.144,1.522,-0.174,-0.042,-0.043,0.000,0.000,0.000,-0.240, 0.322, 4.161,-0.379,-0.615, 1.534,-0.060,-0.036, 0.037;
1.634,0.104,1.215,0.182,1.136,-0.172,-0.042,-0.043,0.187,0.000,-0.052,-0.248, 0.314, 4.181,-0.409,-0.665, 1.576,-0.018, 0.006,-0.005;
1.648,-1.817,0.948,-2.437,1.568,-0.174,-0.042,-0.043,-0.161,0.000,0.045,-0.251, 0.305, 4.202,-0.346,-0.625, 1.527,-0.067,-0.043, 0.043;
1.660,-0.062,1.161,-0.067,1.166,-0.174,-0.042,-0.043,0.000,0.000,0.000,-0.256, 0.297, 4.221,-0.376,-0.676, 1.570,-0.024, 0.000, 0.000;
1.672,-1.707,0.937,-2.312,1.542,-0.174,-0.042,-0.043,0.000,0.000,0.000,-0.261, 0.289, 4.240,-0.322,-0.642, 1.529,-0.065,-0.042, 0.042;
1.684,0.000,1.141,-0.006,1.147,-0.174,-0.042,-0.043,0.000,0.000,0.000,-0.266, 0.281, 4.259,-0.350,-0.691, 1.570,-0.024, 0.000, 0.000;
1.696,-1.624,0.919,-2.223,1.517,-0.174,-0.042,-0.043,0.000,0.000,0.000,-0.270, 0.272, 4.277,-0.296,-0.656, 1.529,-0.065,-0.041, 0.042;
1.707,0.067,1.120,0.062,1.125,-0.174,-0.042,-0.043,0.000,0.000,0.000,-0.274, 0.264, 4.296,-0.325,-0.704, 1.570,-0.024, 0.000, 0.000;
1.719,-0.104,3.336,0.476,2.756,-0.172,-0.042,-0.043,0.192,0.000,-0.053,-0.280, 0.256, 4.315,-0.353,-0.670, 1.611, 0.018,-0.041,-0.040;
1.732,0.147,0.906,0.092,0.962,-0.174,-0.042,-0.043,-0.177,0.000,0.049,-0.282, 0.247, 4.334,-0.294,-0.720, 1.567,-0.027, 0.004, 0.004;
1.743,-0.022,3.119,0.507,2.589,-0.172,-0.042,-0.043,0.192,0.000,-0.053,-0.288, 0.239, 4.353,-0.322,-0.685, 1.608, 0.014,-0.037,-0.037;
1.756,0.221,0.769,0.136,0.854,-0.174,-0.042,-0.043,-0.183,0.000,0.051,-0.289, 0.230, 4.371,-0.265,-0.734, 1.565,-0.029, 0.006, 0.006;
1.767,0.041,2.976,0.540,2.477,-0.174,-0.042,-0.043,0.000,0.000,0.000,-0.293, 0.221, 4.390,-0.293,-0.698, 1.606, 0.012,-0.035,-0.035;
1.779,0.280,0.743,0.195,0.828,-0.174,-0.042,-0.043,0.000,0.000,0.000,-0.296, 0.213, 4.408,-0.239,-0.744, 1.565,-0.029, 0.006, 0.006;
1.791,0.097,2.979,0.605,2.471,-0.174,-0.042,-0.043,0.000,0.000,0.000,-0.299, 0.204, 4.426,-0.266,-0.708, 1.606, 0.013,-0.036,-0.035;
1.802,0.335,0.758,0.262,0.831,-0.174,-0.042,-0.043,0.000,0.000,0.000,-0.302, 0.195, 4.444,-0.212,-0.753, 1.566,-0.028, 0.005, 0.005;
1.814,0.165,2.955,0.674,2.446,-0.172,-0.042,-0.043,0.193,0.000,-0.054,-0.307, 0.187, 4.463,-0.239,-0.716, 1.606, 0.013,-0.036,-0.036;
1.826,0.407,0.605,0.302,0.710,-0.174,-0.042,-0.043,-0.183,0.000,0.051,-0.307, 0.177, 4.482,-0.182,-0.763, 1.563,-0.030, 0.007, 0.007;
1.837,0.228,2.782,0.700,2.310,-0.174,-0.042,-0.043,0.000,0.000,0.000,-0.310, 0.169, 4.500,-0.209,-0.727, 1.604, 0.010,-0.033,-0.033;
1.849,0.461,0.585,0.359,0.687,-0.174,-0.042,-0.043,0.000,0.000,0.000,-0.312, 0.160, 4.518,-0.155,-0.770, 1.564,-0.030, 0.007, 0.007;
1.860,0.283,2.742,0.753,2.272,-0.174,-0.042,-0.043,0.000,0.000,0.000,-0.314, 0.151, 4.536,-0.181,-0.733, 1.604, 0.010,-0.033,-0.033;
1.872,0.521,0.493,0.404,0.610,-0.174,-0.042,-0.043,0.000,0.000,0.000,-0.316, 0.142, 4.554,-0.126,-0.777, 1.563,-0.031, 0.008, 0.008;
1.884,0.338,2.693,0.806,2.226,-0.174,-0.042,-0.043,0.000,0.000,0.000,-0.318, 0.133, 4.572,-0.153,-0.739, 1.603, 0.010,-0.033,-0.033;
1.905,4.554,1.960,3.929,2.585,-0.172,-0.042,-0.043,0.102,0.000,-0.028,-0.323, 0.116, 4.607,-0.203,-0.820, 1.527, 0.087, 0.044, 0.044;
1.917,2.282,2.319,2.258,2.344,-0.172,-0.042,-0.043,0.000,0.000,0.000,-0.324, 0.107, 4.626,-0.146,-0.780, 1.569, 0.044, 0.001, 0.002;
1.930,2.519,-0.072,1.872,0.575,-0.174,-0.042,-0.043,-0.180,0.000,0.050,-0.323, 0.098, 4.645,-0.087,-0.825, 1.526, 0.001, 0.045, 0.045;
1.942,2.334,2.192,2.290,2.236,-0.172,-0.042,-0.043,0.187,0.000,-0.052,-0.326, 0.088, 4.664,-0.115,-0.785, 1.568, 0.043, 0.003, 0.003;
1.954,2.574,-0.232,1.899,0.443,-0.174,-0.042,-0.043,-0.178,0.000,0.049,-0.325, 0.078, 4.683,-0.055,-0.830, 1.524,-0.002, 0.047, 0.047;
1.958,1.813,-0.109,1.341,0.363,-0.174,-0.042,-0.043,0.000,0.000,0.000,-0.325, 0.075, 4.690,-0.036,-0.816, 1.538,-0.016, 0.033, 0.033;
1.969,1.646,1.841,1.693,1.793,-0.174,-0.042,-0.043,0.000,0.000,0.000,-0.325, 0.067, 4.706,-0.059,-0.781, 1.574, 0.020,-0.004,-0.003;
1.990,2.081,-2.356,1.035,-1.309,-0.174,-0.042,-0.043,0.000,0.000,0.000,-0.326, 0.050, 4.740, 0.044,-0.858, 1.498,-0.056, 0.073, 0.073;
2.003,1.877,-0.001,1.458,0.418,-0.174,-0.042,-0.043,0.000,0.000,0.000,-0.326, 0.040, 4.760, 0.016,-0.814, 1.542,-0.012, 0.029, 0.029;
2.015,1.507,-1.735,1.699,-1.927,-0.174,-0.042,-0.043,0.000,0.000,0.000,-0.326, 0.031, 4.779, 0.073,-0.857, 1.584,-0.055, 0.072,-0.013;
2.027,1.313,0.561,2.115,-0.241,-0.174,-0.042,-0.043,0.000,0.000,0.000,-0.325, 0.021, 4.798, 0.046,-0.814, 1.627,-0.012, 0.029,-0.056;
2.039,-0.363,0.316,-0.169,0.122,-0.174,-0.042,-0.043,0.000,0.000,0.000,-0.325, 0.012, 4.817, 0.103,-0.770, 1.584,-0.055,-0.013,-0.014;
2.052,-0.563,2.676,0.259,1.854,-0.174,-0.042,-0.043,0.000,0.000,0.000,-0.324, 0.002, 4.836, 0.074,-0.726, 1.628,-0.011,-0.057,-0.057;
2.064,-0.316,0.265,-0.123,0.072,-0.174,-0.042,-0.043,0.000,0.000,0.000,-0.323,-0.008, 4.856, 0.133,-0.768, 1.584,-0.054,-0.014,-0.013;
2.076,-0.505,2.486,0.279,1.702,-0.174,-0.042,-0.043,0.000,0.000,0.000,-0.322,-0.017, 4.875, 0.106,-0.725, 1.626,-0.013,-0.055,-0.055;
2.087,1.710,2.094,1.918,1.886,-0.172,-0.042,-0.043,0.194,0.000,-0.054,-0.323,-0.026, 4.893, 0.080,-0.763, 1.585, 0.028,-0.015,-0.015;
2.099,-0.472,2.439,0.315,1.652,-0.172,-0.042,-0.043,0.000,0.000,0.000,-0.322,-0.035, 4.911, 0.135,-0.721, 1.626,-0.013,-0.055,-0.055;
2.111,-0.247,0.159,-0.053,-0.035,-0.174,-0.042,-0.043,-0.190,0.000,0.053,-0.318,-0.044, 4.929, 0.190,-0.760, 1.584,-0.054,-0.014,-0.014;
2.123,-0.430,2.392,0.358,1.604,-0.172,-0.042,-0.043,0.189,0.000,-0.053,-0.319,-0.053, 4.948, 0.163,-0.716, 1.626,-0.013,-0.055,-0.055;
2.134,-0.204,0.101,-0.012,-0.091,-0.174,-0.042,-0.043,-0.189,0.000,0.052,-0.315,-0.062, 4.966, 0.219,-0.755, 1.584,-0.054,-0.013,-0.013;
2.147,-0.406,2.432,0.406,1.620,-0.174,-0.042,-0.043,0.000,0.000,0.000,-0.313,-0.072, 4.986, 0.190,-0.708, 1.628,-0.011,-0.057,-0.057;
2.158,-0.181,0.208,0.053,-0.026,-0.174,-0.042,-0.043,0.000,0.000,0.000,-0.311,-0.081, 5.004, 0.244,-0.745, 1.587,-0.051,-0.016,-0.016;
2.170,-0.380,2.481,0.459,1.641,-0.174,-0.042,-0.043,0.000,0.000,0.000,-0.308,-0.090, 5.023, 0.216,-0.699, 1.629,-0.009,-0.059,-0.059;
2.182,-0.158,0.280,0.109,0.013,-0.174,-0.042,-0.043,0.000,0.000,0.000,-0.306,-0.098, 5.041, 0.270,-0.735, 1.589,-0.049,-0.019,-0.019;
2.193,-0.346,2.416,0.490,1.580,-0.174,-0.042,-0.043,0.000,0.000,0.000,-0.303,-0.107, 5.059, 0.243,-0.691, 1.629,-0.009,-0.058,-0.058;
2.205,-0.108,0.041,0.110,-0.178,-0.174,-0.042,-0.043,0.000,0.000,0.000,-0.300,-0.116, 5.078, 0.301,-0.730, 1.586,-0.052,-0.015,-0.015;
2.217,-0.292,2.226,0.509,1.426,-0.172,-0.042,-0.043,0.193,0.000,-0.054,-0.299,-0.125, 5.097, 0.273,-0.684, 1.627,-0.011,-0.056,-0.056;
2.229,-0.074,-0.031,0.140,-0.244,-0.174,-0.042,-0.043,-0.192,0.000,0.053,-0.294,-0.133, 5.114, 0.328,-0.720, 1.586,-0.052,-0.015,-0.015;
2.240,-0.260,2.058,0.510,1.288,-0.174,-0.042,-0.043,0.000,0.000,0.000,-0.291,-0.141, 5.132, 0.302,-0.677, 1.625,-0.013,-0.054,-0.054;
2.251,-0.044,-0.115,0.162,-0.321,-0.174,-0.042,-0.043,0.000,0.000,0.000,-0.288,-0.150, 5.149, 0.354,-0.711, 1.585,-0.052,-0.014,-0.014;
2.262,-0.233,1.985,0.533,1.219,-0.174,-0.042,-0.043,0.000,0.000,0.000,-0.284,-0.158, 5.167, 0.327,-0.666, 1.624,-0.013,-0.054,-0.053;
2.284,0.183,-2.229,-0.146,-1.900,-0.174,-0.042,-0.043,0.000,0.000,0.000,-0.277,-0.173, 5.201, 0.428,-0.732, 1.548,-0.089, 0.023, 0.023;
2.296,-0.016,-0.024,0.243,-0.283,-0.174,-0.042,-0.043,0.000,0.000,0.000,-0.273,-0.181, 5.219, 0.400,-0.684, 1.589,-0.048,-0.018,-0.018;
2.307,1.664,0.163,2.516,-0.689,-0.172,-0.042,-0.043,0.189,0.000,-0.052,-0.271,-0.190, 5.239, 0.371,-0.719, 1.630,-0.006, 0.023,-0.059;
2.319,0.012,-0.086,0.271,-0.345,-0.174,-0.042,-0.043,-0.190,0.000,0.053,-0.264,-0.198, 5.257, 0.425,-0.671, 1.589,-0.048,-0.018,-0.018;
2.332,1.795,0.107,2.687,-0.785,-0.174,-0.042,-0.043,0.000,0.000,0.000,-0.260,-0.207, 5.276, 0.395,-0.707, 1.633,-0.004, 0.026,-0.062;
2.343,0.159,-0.134,0.463,-0.438,-0.174,-0.042,-0.043,0.000,0.000,0.000,-0.255,-0.214, 5.295, 0.448,-0.659, 1.592,-0.045,-0.015,-0.021;
2.355,1.803,0.044,2.691,-0.844,-0.174,-0.042,-0.043,0.000,0.000,0.000,-0.250,-0.222, 5.313, 0.419,-0.692, 1.633,-0.004, 0.026,-0.062;
2.367,0.141,-0.202,0.432,-0.493,-0.174,-0.042,-0.043,0.000,0.000,0.000,-0.245,-0.230, 5.332, 0.473,-0.643, 1.591,-0.045,-0.016,-0.020;
2.379,1.807,-0.021,2.690,-0.904,-0.174,-0.042,-0.043,0.000,0.000,0.000,-0.240,-0.238, 5.350, 0.444,-0.676, 1.632,-0.004, 0.026,-0.062;
2.391,0.153,-0.266,0.442,-0.555,-0.174,-0.042,-0.043,0.000,0.000,0.000,-0.235,-0.245, 5.369, 0.497,-0.627, 1.591,-0.045,-0.016,-0.020;
2.403,1.891,-0.077,2.799,-0.985,-0.174,-0.042,-0.043,0.000,0.000,0.000,-0.229,-0.253, 5.388, 0.466,-0.661, 1.634,-0.002, 0.028,-0.063;
2.415,0.257,-0.319,0.579,-0.640,-0.174,-0.042,-0.043,0.000,0.000,0.000,-0.224,-0.261, 5.406, 0.519,-0.611, 1.593,-0.043,-0.013,-0.022;
2.426,1.911,-0.139,2.822,-1.050,-0.174,-0.042,-0.043,0.000,0.000,0.000,-0.218,-0.268, 5.425, 0.489,-0.644, 1.634,-0.002, 0.028,-0.064;
2.438,0.292,-0.378,0.622,-0.709,-0.174,-0.042,-0.043,0.000,0.000,0.000,-0.212,-0.275, 5.443, 0.541,-0.594, 1.594,-0.042,-0.013,-0.023;
2.449,1.876,-0.207,2.770,-1.101,-0.174,-0.042,-0.043,0.000,0.000,0.000,-0.207,-0.282, 5.461, 0.512,-0.625, 1.633,-0.003, 0.027,-0.062;
2.460,2.250,1.369,2.572,1.047,-0.172,-0.042,-0.043,0.196,0.000,-0.054,-0.203,-0.289, 5.479, 0.482,-0.576, 1.593, 0.038,-0.013,-0.022;
2.472,2.441,-0.794,2.203,-0.556,-0.174,-0.042,-0.043,-0.200,0.000,0.056,-0.195,-0.295, 5.496, 0.532,-0.606, 1.554,-0.002, 0.026, 0.017;
2.483,0.247,-0.454,0.587,-0.794,-0.174,-0.042,-0.043,0.000,0.000,0.000,-0.189,-0.302, 5.514, 0.582,-0.555, 1.595,-0.042,-0.014,-0.024;
2.495,2.470,-0.862,2.224,-0.616,-0.174,-0.042,-0.043,0.000,0.000,0.000,-0.182,-0.308, 5.532, 0.552,-0.586, 1.554,-0.001, 0.026, 0.017;
2.516,2.088,3.201,2.928,2.361,-0.172,-0.042,-0.043,0.104,0.000,-0.029,-0.173,-0.320, 5.567, 0.495,-0.492, 1.629, 0.075,-0.049,-0.059;
2.528,2.281,0.941,2.534,0.687,-0.174,-0.042,-0.043,-0.193,0.000,0.054,-0.164,-0.326, 5.584, 0.546,-0.522, 1.588, 0.034,-0.008,-0.018;
2.540,0.563,0.682,0.206,1.039,-0.174,-0.042,-0.043,0.000,0.000,0.000,-0.157,-0.333, 5.604, 0.598,-0.468, 1.546,-0.009,-0.051, 0.025;
2.552,2.295,0.869,2.558,0.606,-0.174,-0.042,-0.043,0.000,0.000,0.000,-0.149,-0.339, 5.623, 0.565,-0.500, 1.589, 0.034,-0.008,-0.018;
2.565,0.578,0.614,0.229,0.963,-0.174,-0.042,-0.043,0.000,0.000,0.000,-0.142,-0.345, 5.642, 0.618,-0.446, 1.546,-0.009,-0.050, 0.024;
2.577,2.308,0.801,2.579,0.530,-0.174,-0.042,-0.043,0.000,0.000,0.000,-0.134,-0.351, 5.661, 0.584,-0.477, 1.590, 0.035,-0.007,-0.019;
2.589,0.620,0.550,0.290,0.880,-0.174,-0.042,-0.043,0.000,0.000,0.000,-0.127,-0.357, 5.680, 0.635,-0.424, 1.548,-0.008,-0.049, 0.023;
2.601,2.330,0.735,2.613,0.452,-0.174,-0.042,-0.043,0.000,0.000,0.000,-0.119,-0.363, 5.699, 0.601,-0.454, 1.591, 0.035,-0.006,-0.020;
2.614,0.501,0.465,0.133,0.833,-0.174,-0.042,-0.043,0.000,0.000,0.000,-0.111,-0.368, 5.720, 0.656,-0.396, 1.545,-0.010,-0.052, 0.026;
2.626,2.131,0.641,2.349,0.424,-0.174,-0.042,-0.043,0.000,0.000,0.000,-0.103,-0.374, 5.738, 0.623,-0.425, 1.586, 0.031,-0.011,-0.015;
2.637,1.922,2.814,2.718,2.018,-0.172,-0.042,-0.043,0.193,0.000,-0.054,-0.098,-0.379, 5.757, 0.590,-0.373, 1.626, 0.071,-0.051,-0.056;
2.650,2.125,0.398,2.296,0.228,-0.174,-0.042,-0.043,-0.180,0.000,0.050,-0.087,-0.384, 5.776, 0.642,-0.403, 1.583, 0.027,-0.008,-0.012;
2.662,-0.289,0.769,0.514,-0.034,-0.174,-0.042,-0.043,0.000,0.000,0.000,-0.079,-0.389, 5.796, 0.694,-0.346, 1.627,-0.017,-0.052,-0.056;
2.674,2.000,0.357,2.201,0.156,-0.172,-0.042,-0.043,0.186,0.000,-0.052,-0.073,-0.394, 5.815, 0.659,-0.375, 1.585, 0.025,-0.010,-0.014;
2.686,0.364,0.112,-0.014,0.490,-0.174,-0.042,-0.043,-0.194,0.000,0.054,-0.063,-0.398, 5.832, 0.707,-0.322, 1.544,-0.015,-0.050, 0.026;
2.697,1.997,0.297,2.206,0.088,-0.172,-0.042,-0.043,0.192,0.000,-0.053,-0.057,-0.402, 5.851, 0.672,-0.350, 1.585, 0.026,-0.009,-0.015;
2.710,0.181,0.024,-0.253,0.459,-0.174,-0.042,-0.043,-0.175,0.000,0.049,-0.046,-0.407, 5.871, 0.725,-0.291, 1.540,-0.019,-0.054, 0.030;
2.722,1.803,0.209,1.952,0.060,-0.172,-0.042,-0.043,0.193,0.000,-0.054,-0.040,-0.411, 5.890, 0.690,-0.319, 1.581, 0.022,-0.013,-0.010;
2.733,0.154,-0.037,-0.282,0.398,-0.174,-0.042,-0.043,-0.192,0.000,0.053,-0.029,-0.414, 5.907, 0.737,-0.266, 1.540,-0.019,-0.054, 0.030;
2.745,1.817,0.145,1.982,-0.019,-0.174,-0.042,-0.043,0.000,0.000,0.000,-0.021,-0.418, 5.926, 0.701,-0.294, 1.582, 0.022,-0.012,-0.011;
2.757,1.592,2.439,2.367,1.664,-0.172,-0.042,-0.043,0.183,0.000,-0.051,-0.014,-0.422, 5.946, 0.664,-0.237, 1.625, 0.065,-0.055,-0.054;
2.770,1.792,-0.002,1.933,-0.144,-0.174,-0.042,-0.043,-0.178,0.000,0.049,-0.003,-0.425, 5.965, 0.714,-0.267, 1.581, 0.021,-0.010,-0.010;
2.782,1.576,2.163,2.296,1.443,-0.172,-0.042,-0.043,0.194,0.000,-0.054, 0.004,-0.428, 5.983, 0.678,-0.214, 1.621, 0.061,-0.051,-0.050;
2.794,1.772,-0.224,1.871,-0.323,-0.174,-0.042,-0.043,-0.182,0.000,0.050, 0.015,-0.432, 6.002, 0.727,-0.242, 1.578, 0.018,-0.008,-0.007;
2.806,-0.660,0.152,0.075,-0.583,-0.174,-0.042,-0.043,0.000,0.000,0.000, 0.024,-0.435, 6.022, 0.776,-0.183, 1.622,-0.027,-0.052,-0.051;
2.819,1.652,-0.271,1.774,-0.393,-0.174,-0.042,-0.043,0.000,0.000,0.000, 0.034,-0.437, 6.041, 0.738,-0.212, 1.579, 0.016,-0.009,-0.008;
2.831,1.421,2.024,2.155,1.290,-0.172,-0.042,-0.043,0.183,0.000,-0.051, 0.041,-0.440, 6.061, 0.699,-0.155, 1.622, 0.059,-0.052,-0.051;
2.843,1.614,-0.358,1.728,-0.472,-0.174,-0.042,-0.043,-0.182,0.000,0.051, 0.052,-0.442, 6.080, 0.746,-0.183, 1.579, 0.015,-0.009,-0.008;
2.855,-0.740,0.007,-0.011,-0.722,-0.174,-0.042,-0.043,0.000,0.000,0.000, 0.061,-0.445, 6.099, 0.793,-0.125, 1.622,-0.027,-0.052,-0.051;
2.868,1.672,-0.433,1.760,-0.522,-0.174,-0.042,-0.043,0.000,0.000,0.000, 0.071,-0.447, 6.119, 0.751,-0.155, 1.577, 0.017,-0.007,-0.006;
2.880,-0.681,-0.068,0.022,-0.771,-0.174,-0.042,-0.043,0.000,0.000,0.000, 0.081,-0.449, 6.138, 0.797,-0.097, 1.620,-0.026,-0.050,-0.049;
2.892,1.620,-0.488,1.711,-0.579,-0.174,-0.042,-0.043,0.000,0.000,0.000, 0.090,-0.450, 6.157, 0.757,-0.125, 1.577, 0.017,-0.007,-0.006;
2.905,-0.730,-0.123,-0.026,-0.827,-0.174,-0.042,-0.043,0.000,0.000,0.000, 0.099,-0.452, 6.176, 0.802,-0.067, 1.620,-0.026,-0.050,-0.049;
2.917,1.580,-0.544,1.670,-0.634,-0.174,-0.042,-0.043,0.000,0.000,0.000, 0.109,-0.453, 6.195, 0.762,-0.095, 1.577, 0.017,-0.007,-0.006;
2.930,-0.861,-0.164,-0.135,-0.890,-0.174,-0.042,-0.043,0.000,0.000,0.000, 0.119,-0.455, 6.215, 0.808,-0.035, 1.621,-0.027,-0.051,-0.051;
2.941,1.397,-0.574,1.522,-0.700,-0.174,-0.042,-0.043,0.000,0.000,0.000, 0.128,-0.455, 6.234, 0.768,-0.063, 1.580, 0.014,-0.009,-0.009;
2.953,-0.831,-0.227,-0.125,-0.933,-0.174,-0.042,-0.043,0.000,0.000,0.000, 0.137,-0.456, 6.252, 0.809,-0.008, 1.620,-0.026,-0.050,-0.049;
2.965,1.398,-0.631,1.511,-0.745,-0.174,-0.042,-0.043,0.000,0.000,0.000, 0.146,-0.457, 6.271, 0.769,-0.035, 1.579, 0.015,-0.009,-0.008;
2.977,-0.851,-0.280,-0.152,-0.979,-0.174,-0.042,-0.043,0.000,0.000,0.000, 0.156,-0.457, 6.289, 0.811, 0.020, 1.620,-0.026,-0.049,-0.049;
2.988,1.251,-0.661,1.390,-0.800,-0.174,-0.042,-0.043,0.000,0.000,0.000, 0.164,-0.457, 6.307, 0.772,-0.005, 1.581, 0.013,-0.010,-0.010;
2.999,1.037,1.416,1.728,0.724,-0.172,-0.042,-0.043,0.203,0.000,-0.056, 0.171,-0.458, 6.324, 0.733, 0.047, 1.619, 0.052,-0.049,-0.048;
3.010,1.209,-0.770,1.331,-0.892,-0.174,-0.042,-0.043,-0.198,0.000,0.055, 0.182,-0.458, 6.342, 0.773, 0.021, 1.579, 0.012,-0.009,-0.009;
3.021,0.990,1.348,1.675,0.663,-0.172,-0.042,-0.043,0.199,0.000,-0.055, 0.188,-0.457, 6.360, 0.734, 0.074, 1.619, 0.051,-0.048,-0.048;
3.033,1.170,-0.853,1.281,-0.963,-0.172,-0.042,-0.043,0.000,0.000,0.000, 0.197,-0.457, 6.378, 0.773, 0.048, 1.579, 0.011,-0.008,-0.008;
3.055,-1.990,-1.300,-2.988,-0.303,-0.174,-0.042,-0.043,-0.101,0.000,0.028, 0.217,-0.456, 6.412, 0.849, 0.153, 1.501,-0.066,-0.086, 0.070;
3.067,-0.302,-1.098,-0.688,-0.711,-0.174,-0.042,-0.043,0.000,0.000,0.000, 0.226,-0.455, 6.431, 0.805, 0.125, 1.544,-0.024,-0.043, 0.027;
3.079,1.398,-0.896,1.628,-1.127,-0.174,-0.042,-0.043,0.000,0.000,0.000, 0.236,-0.454, 6.450, 0.760, 0.097, 1.587, 0.019, 0.000,-0.016;
3.082,0.804,-0.803,1.189,-1.187,-0.174,-0.042,-0.043,0.000,0.000,0.000, 0.238,-0.453, 6.455, 0.770, 0.112, 1.598, 0.009,-0.011,-0.027;
3.103,1.136,-4.891,0.453,-4.208,-0.174,-0.042,-0.043,0.000,0.000,0.000, 0.255,-0.451, 6.488, 0.841, 0.063, 1.523,-0.066, 0.064, 0.048;
3.115,0.918,-2.759,0.799,-2.640,-0.172,-0.042,-0.043,0.199,0.000,-0.055, 0.261,-0.450, 6.507, 0.799, 0.116, 1.563,-0.026, 0.025, 0.008;
3.126,-0.718,-2.986,-1.412,-2.292,-0.174,-0.042,-0.043,-0.195,0.000,0.054, 0.272,-0.448, 6.524, 0.836, 0.170, 1.522,-0.066,-0.016, 0.048;
3.138,0.872,-2.791,0.757,-2.676,-0.174,-0.042,-0.043,0.000,0.000,0.000, 0.281,-0.446, 6.542, 0.793, 0.144, 1.563,-0.026, 0.025, 0.008;
3.149,-0.811,-3.019,-1.517,-2.312,-0.174,-0.042,-0.043,0.000,0.000,0.000, 0.290,-0.444, 6.561, 0.831, 0.199, 1.521,-0.067,-0.017, 0.049;
3.161,0.837,-2.818,0.731,-2.712,-0.174,-0.042,-0.043,0.000,0.000,0.000, 0.299,-0.442, 6.579, 0.786, 0.171, 1.563,-0.025, 0.025, 0.007;
3.173,-0.853,-3.044,-1.553,-2.344,-0.174,-0.042,-0.043,0.000,0.000,0.000, 0.308,-0.439, 6.598, 0.823, 0.227, 1.522,-0.067,-0.016, 0.049;
3.186,0.873,-2.826,0.800,-2.753,-0.172,-0.042,-0.043,0.179,0.000,-0.050, 0.316,-0.437, 6.618, 0.775, 0.198, 1.566,-0.023, 0.027, 0.005;
3.198,-0.910,-3.069,-1.609,-2.370,-0.174,-0.042,-0.043,-0.180,0.000,0.050, 0.327,-0.434, 6.637, 0.814, 0.256, 1.522,-0.066,-0.016, 0.049;
3.211,0.847,-2.843,0.787,-2.784,-0.172,-0.042,-0.043,0.176,0.000,-0.049, 0.334,-0.430, 6.657, 0.764, 0.227, 1.567,-0.022, 0.028, 0.004;
3.222,-0.821,-3.069,-1.465,-2.424,-0.174,-0.042,-0.043,-0.192,0.000,0.053, 0.345,-0.427, 6.675, 0.801, 0.281, 1.526,-0.063,-0.013, 0.045;
3.234,0.834,-2.863,0.793,-2.822,-0.174,-0.042,-0.043,0.000,0.000,0.000, 0.354,-0.424, 6.694, 0.753, 0.253, 1.568,-0.020, 0.029, 0.003;
3.246,-0.873,-3.088,-1.513,-2.448,-0.174,-0.042,-0.043,0.000,0.000,0.000, 0.363,-0.421, 6.713, 0.790, 0.309, 1.526,-0.062,-0.012, 0.045;
3.258,0.697,-2.892,0.629,-2.824,-0.174,-0.042,-0.043,0.000,0.000,0.000, 0.371,-0.417, 6.731, 0.744, 0.282, 1.566,-0.022, 0.028, 0.005;
3.269,-0.940,-3.106,-1.582,-2.464,-0.174,-0.042,-0.043,0.000,0.000,0.000, 0.379,-0.414, 6.748, 0.779, 0.335, 1.526,-0.062,-0.013, 0.045;
3.280,0.578,-2.917,0.488,-2.827,-0.174,-0.042,-0.043,0.000,0.000,0.000, 0.387,-0.410, 6.766, 0.734, 0.308, 1.565,-0.024, 0.026, 0.006;
3.291,-1.070,-3.131,-1.736,-2.464,-0.174,-0.042,-0.043,0.000,0.000,0.000, 0.395,-0.406, 6.784, 0.769, 0.362, 1.524,-0.064,-0.014, 0.047;
3.303,0.482,-2.936,0.381,-2.835,-0.174,-0.042,-0.043,0.000,0.000,0.000, 0.403,-0.402, 6.802, 0.723, 0.335, 1.564,-0.025, 0.025, 0.007;
3.314,-1.137,-3.146,-1.806,-2.477,-0.174,-0.042,-0.043,0.000,0.000,0.000, 0.411,-0.398, 6.819, 0.756, 0.387, 1.524,-0.064,-0.015, 0.047;
3.336,1.958,-2.754,2.418,-3.214,-0.174,-0.042,-0.043,0.000,0.000,0.000, 0.426,-0.389, 6.855, 0.664, 0.332, 1.603, 0.015, 0.064,-0.032;
3.347,0.406,-2.952,0.322,-2.868,-0.174,-0.042,-0.043,0.000,0.000,0.000, 0.434,-0.385, 6.872, 0.695, 0.381, 1.565,-0.023, 0.026, 0.006;
3.360,0.150,-0.596,0.688,-1.134,-0.174,-0.042,-0.043,0.000,0.000,0.000, 0.442,-0.380, 6.891, 0.643, 0.438, 1.608, 0.020,-0.017,-0.038;
3.372,0.338,-2.964,0.254,-2.880,-0.174,-0.042,-0.043,0.000,0.000,0.000, 0.450,-0.375, 6.910, 0.678, 0.407, 1.565,-0.023, 0.026, 0.006;
3.383,0.101,-0.786,0.591,-1.276,-0.174,-0.042,-0.043,0.000,0.000,0.000, 0.457,-0.370, 6.928, 0.630, 0.459, 1.605, 0.017,-0.014,-0.034;
3.396,0.289,-3.136,0.160,-3.008,-0.174,-0.042,-0.043,0.000,0.000,0.000, 0.465,-0.364, 6.948, 0.665, 0.428, 1.562,-0.026, 0.029, 0.009;
3.408,0.045,-0.816,0.527,-1.298,-0.172,-0.042,-0.043,0.184,0.000,-0.051, 0.471,-0.358, 6.967, 0.613, 0.483, 1.604, 0.017,-0.014,-0.034;
3.420,0.230,-3.216,0.081,-3.067,-0.174,-0.042,-0.043,-0.178,0.000,0.050, 0.481,-0.352, 6.986, 0.648, 0.451, 1.560,-0.028, 0.030, 0.010;
3.434,-0.052,-0.648,0.476,-1.175,-0.174,-0.042,-0.043,0.000,0.000,0.000, 0.489,-0.346, 7.008, 0.590, 0.512, 1.608, 0.020,-0.017,-0.037;
3.445,0.113,-2.701,0.100,-2.688,-0.174,-0.042,-0.043,0.000,0.000,0.000, 0.496,-0.341, 7.024, 0.619, 0.484, 1.570,-0.018, 0.021, 0.001;
3.457,-0.141,-0.375,0.458,-0.974,-0.174,-0.042,-0.043,0.000,0.000,0.000, 0.503,-0.334, 7.044, 0.567, 0.538, 1.613, 0.025,-0.022,-0.042;
3.469,0.041,-2.661,0.039,-2.658,-0.174,-0.042,-0.043,0.000,0.000,0.000, 0.510,-0.328, 7.062, 0.599, 0.507, 1.571,-0.017, 0.020, 0.000;
3.481,-0.207,-0.383,0.389,-0.980,-0.174,-0.042,-0.043,0.000,0.000,0.000, 0.517,-0.322, 7.081, 0.547, 0.560, 1.612, 0.025,-0.022,-0.042;
3.493,-0.024,-2.677,-0.032,-2.670,-0.174,-0.042,-0.043,0.000,0.000,0.000, 0.524,-0.315, 7.100, 0.579, 0.529, 1.570,-0.018, 0.020, 0.001;
3.504,-0.252,-0.508,0.310,-1.070,-0.172,-0.042,-0.043,0.197,0.000,-0.055, 0.528,-0.309, 7.118, 0.529, 0.578, 1.610, 0.023,-0.019,-0.039;
3.516,-0.078,-2.754,-0.108,-2.724,-0.174,-0.042,-0.043,-0.190,0.000,0.053, 0.536,-0.302, 7.136, 0.560, 0.547, 1.569,-0.019, 0.022, 0.002;
3.528,-0.335,-0.407,0.252,-0.994,-0.174,-0.042,-0.043,0.000,0.000,0.000, 0.543,-0.295, 7.156, 0.506, 0.601, 1.612, 0.024,-0.021,-0.041;
3.540,1.959,-0.793,1.935,-0.769,-0.172,-0.042,-0.043,0.183,0.000,-0.051, 0.547,-0.288, 7.175, 0.452, 0.568, 1.569, 0.067, 0.021, 0.002;
3.553,0.190,-1.019,-0.450,-0.379,-0.174,-0.042,-0.043,-0.182,0.000,0.051, 0.556,-0.281, 7.194, 0.484, 0.621, 1.526, 0.024,-0.022, 0.045;
3.564,1.806,-0.800,1.757,-0.750,-0.172,-0.042,-0.043,0.191,0.000,-0.053, 0.559,-0.274, 7.213, 0.432, 0.589, 1.567, 0.065, 0.019, 0.003;
3.577,0.001,-1.021,-0.680,-0.340,-0.172,-0.042,-0.043,0.000,0.000,0.000, 0.565,-0.266, 7.233, 0.464, 0.643, 1.523, 0.021,-0.025, 0.048;
3.590,1.755,-0.789,1.714,-0.748,-0.172,-0.042,-0.043,0.000,0.000,0.000, 0.572,-0.258, 7.253, 0.407, 0.608, 1.568, 0.065, 0.020, 0.003;
3.601,0.048,-1.004,-0.588,-0.368,-0.174,-0.042,-0.043,-0.189,0.000,0.052, 0.579,-0.251, 7.271, 0.437, 0.658, 1.526, 0.023,-0.021, 0.044;
3.613,-0.355,-2.616,-0.412,-2.559,-0.174,-0.042,-0.043,0.000,0.000,0.000, 0.584,-0.243, 7.289, 0.466, 0.626, 1.567,-0.017, 0.019, 0.004;
3.625,-0.005,-0.942,-0.657,-0.291,-0.174,-0.042,-0.043,0.000,0.000,0.000, 0.590,-0.236, 7.307, 0.412, 0.676, 1.525, 0.024,-0.023, 0.045;
3.637,-0.427,-2.629,-0.472,-2.584,-0.174,-0.042,-0.043,0.000,0.000,0.000, 0.595,-0.228, 7.326, 0.442, 0.641, 1.568,-0.018, 0.020, 0.003;
3.648,-0.088,-1.006,-0.710,-0.385,-0.174,-0.042,-0.043,0.000,0.000,0.000, 0.600,-0.220, 7.344, 0.390, 0.689, 1.527, 0.022,-0.021, 0.043;
3.660,1.519,-0.784,1.484,-0.748,-0.172,-0.042,-0.043,0.192,0.000,-0.053, 0.602,-0.212, 7.363, 0.336, 0.656, 1.568, 0.063, 0.020, 0.002;
3.671,-0.095,-0.985,-0.693,-0.386,-0.174,-0.042,-0.043,-0.199,0.000,0.055, 0.609,-0.205, 7.380, 0.364, 0.702, 1.529, 0.024,-0.019, 0.042;
3.683,-0.497,-2.595,-0.517,-2.576,-0.174,-0.042,-0.043,0.000,0.000,0.000, 0.613,-0.197, 7.398, 0.392, 0.669, 1.569,-0.017, 0.021, 0.001;
3.694,-0.153,-0.947,-0.757,-0.343,-0.174,-0.042,-0.043,0.000,0.000,0.000, 0.618,-0.189, 7.417, 0.339, 0.716, 1.529, 0.024,-0.020, 0.042;
3.705,-0.543,-2.509,-0.585,-2.468,-0.174,-0.042,-0.043,0.000,0.000,0.000, 0.622,-0.181, 7.434, 0.366, 0.683, 1.568,-0.015, 0.020, 0.003;
3.717,-0.201,-0.869,-0.823,-0.247,-0.174,-0.042,-0.043,0.000,0.000,0.000, 0.626,-0.173, 7.452, 0.312, 0.730, 1.527, 0.025,-0.021, 0.043;
3.739,2.780,-0.450,3.244,-0.915,-0.172,-0.042,-0.043,0.104,0.000,-0.029, 0.630,-0.157, 7.487, 0.212, 0.665, 1.603, 0.101, 0.055,-0.032;
3.750,1.072,-0.664,0.940,-0.532,-0.174,-0.042,-0.043,-0.189,0.000,0.053, 0.636,-0.149, 7.505, 0.241, 0.713, 1.562, 0.059, 0.013, 0.009;
3.762,0.658,-2.296,1.112,-2.750,-0.174,-0.042,-0.043,0.000,0.000,0.000, 0.640,-0.140, 7.523, 0.269, 0.677, 1.602, 0.018, 0.054,-0.032;
3.774,-1.043,-2.494,-1.187,-2.350,-0.174,-0.042,-0.043,0.000,0.000,0.000, 0.643,-0.131, 7.542, 0.297, 0.724, 1.561,-0.024, 0.012, 0.010;
3.786,0.597,-2.263,1.050,-2.716,-0.174,-0.042,-0.043,0.000,0.000,0.000, 0.646,-0.123, 7.560, 0.241, 0.687, 1.602, 0.018, 0.054,-0.032;
3.798,-1.108,-2.461,-1.254,-2.315,-0.174,-0.042,-0.043,0.000,0.000,0.000, 0.649,-0.114, 7.579, 0.269, 0.734, 1.561,-0.024, 0.012, 0.010;
3.810,0.552,-2.226,1.009,-2.684,-0.174,-0.042,-0.043,0.000,0.000,0.000, 0.652,-0.105, 7.598, 0.213, 0.696, 1.603, 0.018, 0.054,-0.032;
3.821,-1.100,-2.417,-1.222,-2.294,-0.174,-0.042,-0.043,0.000,0.000,0.000, 0.655,-0.096, 7.616, 0.240, 0.741, 1.562,-0.022, 0.014, 0.009;
3.833,0.541,-2.184,1.016,-2.658,-0.174,-0.042,-0.043,0.000,0.000,0.000, 0.657,-0.087, 7.635, 0.184, 0.703, 1.604, 0.020, 0.055,-0.033;
3.846,-1.245,-2.389,-1.398,-2.235,-0.174,-0.042,-0.043,0.000,0.000,0.000, 0.659,-0.078, 7.654, 0.213, 0.751, 1.560,-0.024, 0.011, 0.011;
3.858,0.398,-2.155,0.841,-2.598,-0.174,-0.042,-0.043,0.000,0.000,0.000, 0.662,-0.069, 7.673, 0.157, 0.713, 1.602, 0.017, 0.053,-0.031;
3.870,0.762,-0.431,0.600,-0.268,-0.172,-0.042,-0.043,0.185,0.000,-0.051, 0.661,-0.059, 7.693, 0.100, 0.758, 1.559, 0.060, 0.011, 0.011;
3.882,0.940,-2.713,0.173,-1.947,-0.174,-0.042,-0.043,-0.186,0.000,0.052, 0.665,-0.050, 7.711, 0.128, 0.719, 1.517, 0.017, 0.053, 0.054;
3.894,-1.340,-2.311,-1.513,-2.139,-0.174,-0.042,-0.043,0.000,0.000,0.000, 0.667,-0.041, 7.730, 0.155, 0.763, 1.559,-0.024, 0.011, 0.012;
3.904,0.169,-2.088,0.541,-2.461,-0.172,-0.042,-0.043,0.206,0.000,-0.057, 0.666,-0.032, 7.747, 0.103, 0.727, 1.597, 0.014, 0.049,-0.026;
3.915,0.500,-0.515,0.317,-0.333,-0.172,-0.042,-0.043,0.000,0.000,0.000, 0.667,-0.024, 7.765, 0.051, 0.768, 1.558, 0.053, 0.011, 0.013;
3.927,0.111,-2.077,0.493,-2.460,-0.172,-0.042,-0.043,0.000,0.000,0.000, 0.669,-0.015, 7.782, 0.077, 0.730, 1.598, 0.014, 0.050,-0.027;
3.938,-1.551,-2.270,-1.753,-2.068,-0.174,-0.042,-0.043,-0.192,0.000,0.053, 0.672,-0.006, 7.800, 0.103, 0.772, 1.557,-0.027, 0.009, 0.014;
3.950,0.039,-2.033,0.413,-2.407,-0.172,-0.042,-0.043,0.195,0.000,-0.054, 0.670, 0.003, 7.818, 0.049, 0.734, 1.597, 0.013, 0.049,-0.026;
3.971,-3.074,-2.394,-3.796,-1.672,-0.174,-0.042,-0.043,-0.103,0.000,0.028, 0.674, 0.020, 7.852, 0.099, 0.812, 1.520,-0.064,-0.027, 0.050;
3.977,-2.353,-2.288,-2.814,-1.827,-0.174,-0.042,-0.043,0.000,0.000,0.000, 0.674, 0.024, 7.860, 0.074, 0.794, 1.539,-0.045,-0.009, 0.032;
3.988,-0.827,-2.063,-0.735,-2.155,-0.174,-0.042,-0.043,0.000,0.000,0.000, 0.674, 0.033, 7.877, 0.022, 0.756, 1.577,-0.007, 0.030,-0.006;
3.999,-2.442,-2.242,-2.920,-1.765,-0.174,-0.042,-0.043,0.000,0.000,0.000, 0.674, 0.042, 7.895, 0.048, 0.796, 1.537,-0.046,-0.010, 0.033;
4.021,0.558,-1.806,1.169,-2.416,-0.174,-0.042,-0.043,0.000,0.000,0.000, 0.674, 0.059, 7.929,-0.055, 0.719, 1.613, 0.029, 0.066,-0.043;
4.033,-1.256,-2.006,-1.287,-1.976,-0.174,-0.042,-0.043,0.000,0.000,0.000, 0.673, 0.069, 7.949,-0.026, 0.763, 1.569,-0.015, 0.021, 0.002;
4.037,-0.767,-1.932,-0.621,-2.078,-0.172,-0.042,-0.043,0.635,0.000,-0.176, 0.671, 0.071, 7.955,-0.043, 0.751, 1.581,-0.003, 0.033,-0.010;
4.047,-2.261,-2.099,-2.642,-1.718,-0.174,-0.042,-0.043,-0.212,0.000,0.059, 0.673, 0.080, 7.971,-0.019, 0.787, 1.544,-0.040,-0.004, 0.027;
4.069,0.740,-1.658,1.444,-2.362,-0.174,-0.042,-0.043,0.000,0.000,0.000, 0.671, 0.096, 8.005,-0.121, 0.709, 1.620, 0.036, 0.072,-0.049;
4.081,-1.009,-1.852,-0.922,-1.939,-0.174,-0.042,-0.043,0.000,0.000,0.000, 0.670, 0.106, 8.024,-0.093, 0.750, 1.577,-0.007, 0.029,-0.006;
4.094,0.727,-1.597,1.441,-2.311,-0.174,-0.042,-0.043,0.000,0.000,0.000, 0.669, 0.116, 8.044,-0.152, 0.704, 1.621, 0.037, 0.073,-0.050;
4.106,-1.012,-1.789,-0.913,-1.888,-0.174,-0.042,-0.043,0.000,0.000,0.000, 0.667, 0.125, 8.063,-0.124, 0.745, 1.578,-0.006, 0.030,-0.007;
4.109,-0.532,-1.718,-0.260,-1.991,-0.174,-0.042,-0.043,0.000,0.000,0.000, 0.667, 0.128, 8.069,-0.140, 0.732, 1.590, 0.006, 0.042,-0.019;
4.120,-0.738,0.401,0.085,-0.422,-0.172,-0.042,-0.043,0.204,0.000,-0.057, 0.663, 0.136, 8.086,-0.192, 0.768, 1.628, 0.045, 0.004,-0.057;
4.142,-0.389,-3.759,-0.677,-3.472,-0.174,-0.042,-0.043,-0.101,0.000,0.028, 0.662, 0.153, 8.120,-0.141, 0.685, 1.551,-0.033, 0.081, 0.020;
4.146,-0.456,-3.079,-0.567,-2.968,-0.174,-0.042,-0.043,0.000,0.000,0.000, 0.661, 0.156, 8.126,-0.158, 0.697, 1.563,-0.021, 0.068, 0.008;
4.157,-0.675,-0.864,-0.211,-1.329,-0.174,-0.042,-0.043,0.000,0.000,0.000, 0.659, 0.165, 8.144,-0.212, 0.733, 1.603, 0.020, 0.028,-0.032;
4.179,-0.317,-4.932,-0.939,-4.310,-0.174,-0.042,-0.043,0.000,0.000,0.000, 0.654, 0.181, 8.178,-0.162, 0.651, 1.527,-0.056, 0.104, 0.043;
4.191,-0.544,-2.636,-0.569,-2.611,-0.174,-0.042,-0.043,0.000,0.000,0.000, 0.652, 0.190, 8.196,-0.217, 0.688, 1.569,-0.015, 0.062, 0.002;
4.202,-2.201,-2.816,-2.813,-2.204,-0.174,-0.042,-0.043,0.000,0.000,0.000, 0.649, 0.199, 8.215,-0.190, 0.725, 1.528,-0.055, 0.021, 0.043;
4.214,-0.546,-2.561,-0.562,-2.544,-0.172,-0.042,-0.043,0.189,0.000,-0.052, 0.644, 0.208, 8.234,-0.246, 0.679, 1.570,-0.014, 0.063, 0.001;
4.226,-2.250,-2.752,-2.871,-2.131,-0.174,-0.042,-0.043,-0.186,0.000,0.052, 0.643, 0.216, 8.252,-0.217, 0.716, 1.527,-0.056, 0.021, 0.043;
4.238,-0.608,-2.506,-0.636,-2.477,-0.174,-0.042,-0.043,0.000,0.000,0.000, 0.640, 0.225, 8.271,-0.272, 0.669, 1.569,-0.015, 0.062, 0.002;
4.250,-2.344,-2.692,-2.988,-2.048,-0.174,-0.042,-0.043,0.000,0.000,0.000, 0.636, 0.234, 8.290,-0.243, 0.707, 1.526,-0.058, 0.019, 0.045;
4.262,-0.682,-2.443,-0.728,-2.398,-0.174,-0.042,-0.043,0.000,0.000,0.000, 0.632, 0.243, 8.309,-0.299, 0.659, 1.568,-0.016, 0.060, 0.003;
4.274,-2.410,-2.628,-3.068,-1.970,-0.174,-0.042,-0.043,0.000,0.000,0.000, 0.628, 0.251, 8.328,-0.270, 0.696, 1.525,-0.059, 0.017, 0.046;
4.286,-0.755,-2.380,-0.817,-2.318,-0.174,-0.042,-0.043,0.000,0.000,0.000, 0.624, 0.260, 8.347,-0.324, 0.648, 1.566,-0.017, 0.059, 0.004;
4.298,-2.427,-2.559,-3.084,-1.902,-0.174,-0.042,-0.043,0.000,0.000,0.000, 0.620, 0.268, 8.365,-0.296, 0.683, 1.525,-0.058, 0.017, 0.046;
4.310,-0.697,-2.291,-0.733,-2.255,-0.172,-0.042,-0.043,0.181,0.000,-0.050, 0.614, 0.277, 8.385,-0.353, 0.633, 1.568,-0.015, 0.061, 0.002;
4.322,-2.370,-2.476,-3.000,-1.847,-0.174,-0.042,-0.043,-0.189,0.000,0.053, 0.611, 0.285, 8.403,-0.324, 0.668, 1.527,-0.056, 0.019, 0.044;
4.334,-0.737,-2.223,-0.780,-2.179,-0.172,-0.042,-0.043,0.192,0.000,-0.053, 0.605, 0.293, 8.422,-0.378, 0.620, 1.568,-0.015, 0.060, 0.003;
4.346,-0.349,-0.466,-1.007,0.193,-0.172,-0.042,-0.043,0.000,0.000,0.000, 0.600, 0.301, 8.441,-0.434, 0.655, 1.525, 0.028, 0.017, 0.046;
4.358,-0.751,-2.120,-0.810,-2.061,-0.174,-0.042,-0.043,-0.187,0.000,0.052, 0.597, 0.309, 8.459,-0.404, 0.606, 1.567,-0.014, 0.059, 0.004;
4.370,-2.939,-1.717,-2.424,-2.232,-0.174,-0.042,-0.043,0.000,0.000,0.000, 0.592, 0.317, 8.477,-0.376, 0.638, 1.607,-0.055, 0.018,-0.036;
4.381,-1.283,-1.463,-0.177,-2.569,-0.172,-0.042,-0.043,0.190,0.000,-0.053, 0.585, 0.324, 8.496,-0.430, 0.589, 1.648,-0.013, 0.060,-0.077;
4.393,-2.902,-1.644,-2.374,-2.172,-0.174,-0.042,-0.043,-0.195,0.000,0.054, 0.582, 0.332, 8.514,-0.401, 0.621, 1.608,-0.053, 0.019,-0.037;
4.404,-0.714,-1.980,-0.763,-1.931,-0.174,-0.042,-0.043,0.000,0.000,0.000, 0.577, 0.339, 8.532,-0.453, 0.573, 1.567,-0.013, 0.060, 0.003;
4.416,-2.869,-1.583,-2.352,-2.100,-0.174,-0.042,-0.043,0.000,0.000,0.000, 0.571, 0.346, 8.550,-0.424, 0.604, 1.607,-0.053, 0.020,-0.036;
4.427,-0.686,-1.918,-0.745,-1.860,-0.174,-0.042,-0.043,0.000,0.000,0.000, 0.566, 0.353, 8.568,-0.476, 0.555, 1.567,-0.012, 0.060, 0.004;
4.439,-2.940,-1.503,-2.406,-2.037,-0.174,-0.042,-0.043,0.000,0.000,0.000, 0.560, 0.360, 8.586,-0.446, 0.587, 1.608,-0.054, 0.019,-0.037;
4.461,1.277,-2.150,0.699,-1.572,-0.174,-0.042,-0.043,0.000,0.000,0.000, 0.549, 0.374, 8.621,-0.544, 0.492, 1.530, 0.024, 0.096, 0.040;
4.465,0.419,-1.992,0.068,-1.640,-0.174,-0.042,-0.043,0.000,0.000,0.000, 0.546, 0.376, 8.628,-0.533, 0.504, 1.546, 0.008, 0.080, 0.025;
4.485,-3.323,-1.301,-2.690,-1.934,-0.174,-0.042,-0.043,0.000,0.000,0.000, 0.536, 0.388, 8.659,-0.482, 0.557, 1.615,-0.060, 0.012,-0.044;
4.496,-1.146,-1.633,-1.086,-1.693,-0.174,-0.042,-0.043,0.000,0.000,0.000, 0.530, 0.394, 8.676,-0.532, 0.507, 1.575,-0.020, 0.051,-0.004;
4.508,-1.348,0.624,-0.705,-0.020,-0.172,-0.042,-0.043,0.192,0.000,-0.053, 0.521, 0.400, 8.695,-0.583, 0.538, 1.616, 0.021, 0.011,-0.045;
4.520,-1.144,-1.586,-1.090,-1.639,-0.174,-0.042,-0.043,-0.191,0.000,0.053, 0.517, 0.407, 8.713,-0.551, 0.486, 1.575,-0.021, 0.052,-0.004;
4.532,-1.364,0.794,-0.694,0.124,-0.174,-0.042,-0.043,0.000,0.000,0.000, 0.509, 0.413, 8.732,-0.605, 0.518, 1.618, 0.022, 0.009,-0.047;
4.544,-1.151,-1.399,-1.067,-1.482,-0.174,-0.042,-0.043,0.000,0.000,0.000, 0.503, 0.419, 8.751,-0.573, 0.467, 1.577,-0.019, 0.049,-0.006;
4.556,-1.364,0.929,-0.678,0.242,-0.174,-0.042,-0.043,0.000,0.000,0.000, 0.495, 0.425, 8.770,-0.625, 0.498, 1.619, 0.024, 0.007,-0.048;
4.568,-1.145,-1.318,-1.059,-1.404,-0.174,-0.042,-0.043,0.000,0.000,0.000, 0.488, 0.431, 8.788,-0.593, 0.444, 1.577,-0.018, 0.049,-0.006;
4.579,-1.354,0.979,-0.673,0.298,-0.174,-0.042,-0.043,0.000,0.000,0.000, 0.481, 0.437, 8.807,-0.643, 0.474, 1.618, 0.023, 0.007,-0.048;
4.591,-1.144,-1.170,-1.037,-1.277,-0.174,-0.042,-0.043,0.000,0.000,0.000, 0.474, 0.443, 8.825,-0.612, 0.423, 1.578,-0.017, 0.047,-0.007;
4.603,-1.348,1.090,-0.656,0.398,-0.174,-0.042,-0.043,0.000,0.000,0.000, 0.466, 0.448, 8.843,-0.661, 0.453, 1.619, 0.024, 0.006,-0.048;
4.614,-1.134,-1.083,-1.023,-1.194,-0.174,-0.042,-0.043,0.000,0.000,0.000, 0.459, 0.453, 8.861,-0.629, 0.400, 1.579,-0.017, 0.047,-0.008;
4.626,-1.335,1.145,-0.646,0.456,-0.174,-0.042,-0.043,0.000,0.000,0.000, 0.451, 0.458, 8.880,-0.677, 0.429, 1.619, 0.024, 0.007,-0.048;
4.637,-1.127,-0.953,-0.999,-1.081,-0.174,-0.042,-0.043,0.000,0.000,0.000, 0.444, 0.463, 8.897,-0.646, 0.379, 1.580,-0.015, 0.046,-0.009;
4.648,-1.326,1.270,-0.622,0.566,-0.174,-0.042,-0.043,0.000,0.000,0.000, 0.436, 0.468, 8.915,-0.694, 0.407, 1.620, 0.025, 0.005,-0.049;
4.660,-1.110,-0.895,-0.985,-1.020,-0.174,-0.042,-0.043,0.000,0.000,0.000, 0.429, 0.473, 8.933,-0.661, 0.354, 1.580,-0.015, 0.046,-0.009;
4.671,-1.306,1.306,-0.610,0.610,-0.174,-0.042,-0.043,0.000,0.000,0.000, 0.421, 0.477, 8.951,-0.707, 0.382, 1.619, 0.025, 0.006,-0.049;
4.693,-0.895,-2.799,-1.296,-2.398,-0.174,-0.042,-0.043,0.000,0.000,0.000, 0.406, 0.485, 8.985,-0.644, 0.282, 1.543,-0.052, 0.082, 0.028;
4.706,-1.102,-0.346,-0.868,-0.580,-0.172,-0.042,-0.043,0.177,0.000,-0.049, 0.395, 0.490, 9.006,-0.696, 0.313, 1.587,-0.007, 0.038,-0.016;
4.717,-2.671,-0.526,-3.003,-0.195,-0.174,-0.042,-0.043,-0.199,0.000,0.055, 0.389, 0.494, 9.023,-0.662, 0.339, 1.548,-0.047,-0.001, 0.023;
4.730,-0.851,-0.259,-0.537,-0.573,-0.174,-0.042,-0.043,0.000,0.000,0.000, 0.380, 0.498, 9.043,-0.714, 0.280, 1.593,-0.002, 0.044,-0.022;
4.742,-2.583,-0.450,-2.893,-0.140,-0.174,-0.042,-0.043,0.000,0.000,0.000, 0.371, 0.502, 9.062,-0.676, 0.310, 1.549,-0.045, 0.000, 0.022;
4.745,-2.139,-0.385,-2.291,-0.233,-0.174,-0.042,-0.043,0.000,0.000,0.000, 0.369, 0.503, 9.067,-0.689, 0.295, 1.560,-0.034, 0.011, 0.011;
4.756,-0.571,-0.156,-0.168,-0.559,-0.174,-0.042,-0.043,0.000,0.000,0.000, 0.361, 0.506, 9.085,-0.733, 0.244, 1.599, 0.004, 0.050,-0.028;
4.778,-3.601,-0.493,-4.291,0.197,-0.174,-0.042,-0.043,0.000,0.000,0.000, 0.345, 0.512, 9.119,-0.666, 0.295, 1.523,-0.072,-0.027, 0.048;
4.791,-1.750,-0.223,-1.785,-0.188,-0.174,-0.042,-0.043,0.000,0.000,0.000, 0.335, 0.516, 9.139,-0.718, 0.234, 1.568,-0.026, 0.019, 0.002;
4.794,-2.142,-0.266,-2.318,-0.090,-0.174,-0.042,-0.043,0.000,0.000,0.000, 0.333, 0.516, 9.144,-0.709, 0.241, 1.559,-0.036, 0.009, 0.012;
4.815,-1.422,2.810,-2.677,4.066,-0.174,-0.042,-0.043,0.000,0.000,0.000, 0.317, 0.522, 9.178,-0.792, 0.291, 1.483, 0.040,-0.066, 0.088;
4.827,-1.774,1.209,-2.447,1.881,-0.174,-0.042,-0.043,0.000,0.000,0.000, 0.308, 0.524, 9.196,-0.756, 0.236, 1.524,-0.001,-0.025, 0.047;
4.839,-0.025,1.468,-0.081,1.524,-0.172,-0.042,-0.043,0.182,0.000,-0.051, 0.297, 0.527, 9.216,-0.803, 0.179, 1.567, 0.042, 0.017, 0.004;
4.852,0.220,-0.934,-0.476,-0.238,-0.172,-0.042,-0.043,0.000,0.000,0.000, 0.287, 0.529, 9.236,-0.762, 0.119, 1.522,-0.002, 0.062, 0.049;
4.863,0.034,1.260,-0.090,1.385,-0.172,-0.042,-0.043,0.000,0.000,0.000, 0.278, 0.531, 9.254,-0.805, 0.145, 1.562, 0.037, 0.022, 0.009;
4.875,0.261,-1.038,-0.475,-0.303,-0.174,-0.042,-0.043,-0.184,0.000,0.051, 0.271, 0.533, 9.272,-0.765, 0.088, 1.519,-0.006, 0.065, 0.051;
4.888,-2.115,-0.602,-2.219,-0.499,-0.174,-0.042,-0.043,0.000,0.000,0.000, 0.262, 0.535, 9.292,-0.724, 0.117, 1.564,-0.050, 0.021, 0.007;
4.900,0.177,-0.958,-0.524,-0.257,-0.174,-0.042,-0.043,0.000,0.000,0.000, 0.252, 0.536, 9.310,-0.768, 0.061, 1.522,-0.008, 0.062, 0.049;
4.913,-2.222,-0.519,-2.286,-0.456,-0.174,-0.042,-0.043,0.000,0.000,0.000, 0.242, 0.538, 9.330,-0.726, 0.090, 1.566,-0.052, 0.018, 0.004;
4.925,0.096,-0.878,-0.572,-0.211,-0.174,-0.042,-0.043,0.000,0.000,0.000, 0.233, 0.539, 9.349,-0.770, 0.033, 1.524,-0.010, 0.060, 0.047;
4.937,-2.136,-0.470,-2.210,-0.397,-0.174,-0.042,-0.043,0.000,0.000,0.000, 0.224, 0.540, 9.368,-0.730, 0.060, 1.566,-0.051, 0.019, 0.005;
4.948,0.115,-0.820,-0.545,-0.160,-0.174,-0.042,-0.043,0.000,0.000,0.000, 0.215, 0.541, 9.386,-0.772, 0.004, 1.525,-0.010, 0.059, 0.046;
4.960,-2.087,-0.418,-2.161,-0.344,-0.174,-0.042,-0.043,0.000,0.000,0.000, 0.206, 0.541, 9.405,-0.733, 0.031, 1.566,-0.051, 0.019, 0.005;
4.972,0.173,-0.770,-0.489,-0.107,-0.174,-0.042,-0.043,0.000,0.000,0.000, 0.196, 0.542, 9.423,-0.775,-0.025, 1.525,-0.010, 0.060, 0.046;
4.983,-2.068,-0.362,-2.134,-0.296,-0.174,-0.042,-0.043,0.000,0.000,0.000, 0.187, 0.542, 9.442,-0.734, 0.003, 1.566,-0.052, 0.018, 0.005;
4.995,0.190,-0.714,-0.463,-0.060,-0.174,-0.042,-0.043,0.000,0.000,0.000, 0.178, 0.542, 9.460,-0.775,-0.053, 1.525,-0.010, 0.059, 0.046;
5.007,-2.137,-0.291,-2.171,-0.257,-0.174,-0.042,-0.043,0.000,0.000,0.000, 0.168, 0.542, 9.479,-0.732,-0.025, 1.568,-0.054, 0.016, 0.002;
5.019,0.153,-0.649,-0.476,-0.019,-0.174,-0.042,-0.043,0.000,0.000,0.000, 0.159, 0.542, 9.498,-0.773,-0.081, 1.527,-0.012, 0.057, 0.044;
5.031,-2.035,-0.251,-2.082,-0.205,-0.174,-0.042,-0.043,0.000,0.000,0.000, 0.150, 0.542, 9.516,-0.732,-0.055, 1.568,-0.053, 0.017, 0.003;
5.043,0.239,-0.608,-0.399,0.030,-0.174,-0.042,-0.043,0.000,0.000,0.000, 0.141, 0.541, 9.535,-0.772,-0.111, 1.526,-0.011, 0.058, 0.045;
5.054,-1.913,-0.218,-1.978,-0.154,-0.174,-0.042,-0.043,0.000,0.000,0.000, 0.132, 0.541, 9.553,-0.731,-0.084, 1.566,-0.051, 0.018, 0.004;
5.066,0.293,-0.565,-0.345,0.074,-0.174,-0.042,-0.043,0.000,0.000,0.000, 0.123, 0.540, 9.571,-0.770,-0.139, 1.526,-0.011, 0.058, 0.045;
5.077,-1.864,-0.175,-1.927,-0.112,-0.174,-0.042,-0.043,0.000,0.000,0.000, 0.114, 0.539, 9.589,-0.729,-0.112, 1.566,-0.051, 0.018, 0.004;
5.088,0.307,-0.517,-0.321,0.111,-0.174,-0.042,-0.043,0.000,0.000,0.000, 0.105, 0.538, 9.606,-0.766,-0.166, 1.527,-0.012, 0.057, 0.044;
5.100,-1.842,-0.129,-1.896,-0.075,-0.174,-0.042,-0.043,0.000,0.000,0.000, 0.096, 0.536, 9.624,-0.724,-0.139, 1.567,-0.052, 0.017, 0.004;
5.111,0.400,-0.483,-0.237,0.154,-0.174,-0.042,-0.043,0.000,0.000,0.000, 0.087, 0.535, 9.642,-0.763,-0.194, 1.526,-0.011, 0.058, 0.044;
5.133,-3.723,0.258,-3.260,-0.205,-0.174,-0.042,-0.043,0.000,0.000,0.000, 0.070, 0.532, 9.677,-0.681,-0.144, 1.603,-0.087,-0.019,-0.032;
5.136,-3.144,0.167,-2.832,-0.146,-0.174,-0.042,-0.043,0.000,0.000,0.000, 0.068, 0.531, 9.681,-0.691,-0.158, 1.593,-0.077,-0.009,-0.022;
5.158,1.001,-0.490,0.236,0.275,-0.174,-0.042,-0.043,0.000,0.000,0.000, 0.052, 0.527, 9.715,-0.760,-0.259, 1.517,-0.002, 0.066, 0.053;
5.169,-1.240,-0.087,-1.406,0.079,-0.174,-0.042,-0.043,0.000,0.000,0.000, 0.043, 0.525, 9.734,-0.715,-0.231, 1.559,-0.043, 0.025, 0.012;
5.181,-1.410,2.191,-0.982,1.763,-0.172,-0.042,-0.043,0.189,0.000,-0.052, 0.031, 0.522, 9.753,-0.752,-0.204, 1.601,-0.001,-0.017,-0.030;
5.193,-1.167,-0.123,-1.353,0.063,-0.174,-0.042,-0.043,-0.183,0.000,0.051, 0.025, 0.520, 9.771,-0.705,-0.261, 1.558,-0.044, 0.026, 0.013;
5.205,-1.352,2.180,-0.935,1.763,-0.174,-0.042,-0.043,0.000,0.000,0.000, 0.016, 0.517, 9.790,-0.743,-0.233, 1.600,-0.002,-0.016,-0.029;
5.218,-1.093,-0.192,-1.305,0.020,-0.174,-0.042,-0.043,0.000,0.000,0.000, 0.006, 0.513, 9.810,-0.694,-0.291, 1.556,-0.046, 0.028, 0.015;
5.230,-1.268,2.114,-0.877,1.724,-0.172,-0.042,-0.043,0.187,0.000,-0.052,-0.005, 0.510, 9.829,-0.731,-0.263, 1.598,-0.004,-0.014,-0.027;
5.242,-1.028,-0.152,-1.238,0.058,-0.174,-0.042,-0.043,-0.188,0.000,0.052,-0.011, 0.507, 9.847,-0.684,-0.319, 1.556,-0.046, 0.028, 0.015;
5.254,-1.209,2.110,-0.827,1.727,-0.174,-0.042,-0.043,0.000,0.000,0.000,-0.020, 0.503, 9.866,-0.720,-0.291, 1.598,-0.004,-0.014,-0.027;
5.265,-0.963,-0.149,-1.178,0.066,-0.174,-0.042,-0.043,0.000,0.000,0.000,-0.028, 0.500, 9.885,-0.672,-0.346, 1.556,-0.046, 0.028, 0.015;
5.277,-1.144,2.126,-0.764,1.745,-0.174,-0.042,-0.043,0.000,0.000,0.000,-0.037, 0.496, 9.903,-0.708,-0.318, 1.597,-0.004,-0.014,-0.027;
5.289,1.197,1.752,0.972,1.976,-0.172,-0.042,-0.043,0.185,0.000,-0.051,-0.048, 0.492, 9.923,-0.744,-0.373, 1.555, 0.038, 0.029, 0.016;
5.301,-0.459,1.538,-1.284,2.362,-0.174,-0.042,-0.043,-0.187,0.000,0.052,-0.054, 0.487, 9.941,-0.695,-0.345, 1.513,-0.004,-0.013, 0.058;
5.314,-0.819,-0.168,-1.028,0.041,-0.174,-0.042,-0.043,0.000,0.000,0.000,-0.062, 0.483, 9.960,-0.645,-0.401, 1.556,-0.047, 0.030, 0.015;
5.326,-0.388,1.581,-1.217,2.410,-0.174,-0.042,-0.043,0.000,0.000,0.000,-0.071, 0.478, 9.980,-0.681,-0.371, 1.513,-0.003,-0.014, 0.058;
5.338,-0.738,-0.084,-0.969,0.148,-0.174,-0.042,-0.043,0.000,0.000,0.000,-0.079, 0.474, 9.998,-0.632,-0.425, 1.555,-0.045, 0.028, 0.016;
5.350,-0.319,1.611,-1.152,2.443,-0.174,-0.042,-0.043,0.000,0.000,0.000,-0.087, 0.469,10.017,-0.667,-0.396, 1.513,-0.003,-0.014, 0.058;
5.362,-0.671,-0.063,-0.902,0.168,-0.174,-0.042,-0.043,0.000,0.000,0.000,-0.095, 0.464,10.036,-0.617,-0.450, 1.555,-0.045, 0.028, 0.016;
5.374,-0.234,1.699,-1.092,2.556,-0.174,-0.042,-0.043,0.000,0.000,0.000,-0.103, 0.458,10.055,-0.652,-0.420, 1.511,-0.001,-0.016, 0.060;
5.386,-0.584,0.035,-0.844,0.295,-0.174,-0.042,-0.043,0.000,0.000,0.000,-0.111, 0.453,10.074,-0.603,-0.473, 1.553,-0.043, 0.026, 0.018;
5.398,-0.170,1.703,-1.023,2.557,-0.174,-0.042,-0.043,0.000,0.000,0.000,-0.118, 0.448,10.093,-0.636,-0.444, 1.511,-0.001,-0.016, 0.060;
5.410,-0.531,-0.020,-0.766,0.215,-0.174,-0.042,-0.043,0.000,0.000,0.000,-0.126, 0.442,10.112,-0.584,-0.499, 1.554,-0.044, 0.027, 0.016;
5.423,-0.095,1.738,-0.955,2.599,-0.174,-0.042,-0.043,0.000,0.000,0.000,-0.134, 0.436,10.132,-0.618,-0.467, 1.511,-0.000,-0.017, 0.060;
5.434,-0.439,0.092,-0.710,0.363,-0.174,-0.042,-0.043,0.000,0.000,0.000,-0.141, 0.430,10.150,-0.568,-0.520, 1.552,-0.042, 0.025, 0.019;
5.446,-0.026,1.755,-0.889,2.618,-0.174,-0.042,-0.043,0.000,0.000,0.000,-0.148, 0.425,10.169,-0.600,-0.490, 1.511,-0.000,-0.017, 0.060;
5.458,-0.361,0.157,-0.651,0.448,-0.174,-0.042,-0.043,0.000,0.000,0.000,-0.155, 0.419,10.186,-0.551,-0.540, 1.551,-0.040, 0.023, 0.020;
5.469,0.040,1.767,-0.824,2.631,-0.174,-0.042,-0.043,0.000,0.000,0.000,-0.162, 0.413,10.204,-0.582,-0.511, 1.510, 0.000,-0.017, 0.060;
5.481,-0.301,0.138,-0.582,0.419,-0.174,-0.042,-0.043,0.000,0.000,0.000,-0.169, 0.407,10.223,-0.531,-0.562, 1.551,-0.041, 0.024, 0.020;
5.492,0.095,1.728,-0.753,2.576,-0.174,-0.042,-0.043,0.000,0.000,0.000,-0.175, 0.400,10.240,-0.562,-0.532, 1.512,-0.001,-0.016, 0.059;
5.503,-0.244,0.107,-0.512,0.375,-0.174,-0.042,-0.043,0.000,0.000,0.000,-0.181, 0.394,10.258,-0.511,-0.583, 1.552,-0.041, 0.024, 0.019;
5.516,0.182,1.815,-0.696,2.694,-0.174,-0.042,-0.043,0.000,0.000,0.000,-0.188, 0.387,10.278,-0.543,-0.551, 1.509, 0.001,-0.018, 0.061;
5.527,-0.151,0.223,-0.460,0.532,-0.174,-0.042,-0.043,0.000,0.000,0.000,-0.194, 0.381,10.295,-0.493,-0.600, 1.549,-0.038, 0.021, 0.022;
5.549,0.625,3.335,-0.795,4.755,-0.174,-0.042,-0.043,0.000,0.000,0.000,-0.206, 0.368,10.330,-0.550,-0.540, 1.472, 0.040,-0.056, 0.099;
5.552,0.551,2.978,-0.743,4.271,-0.174,-0.042,-0.043,0.000,0.000,0.000,-0.207, 0.366,10.334,-0.539,-0.551, 1.480, 0.031,-0.047, 0.090;
5.573,-0.090,-0.094,-0.288,0.103,-0.174,-0.042,-0.043,0.000,0.000,0.000,-0.218, 0.353,10.368,-0.442,-0.645, 1.557,-0.046, 0.029, 0.014;
5.585,0.319,1.549,-0.465,2.333,-0.174,-0.042,-0.043,0.000,0.000,0.000,-0.223, 0.346,10.387,-0.472,-0.612, 1.516,-0.005,-0.012, 0.055;
5.597,-0.031,-0.128,-0.216,0.057,-0.174,-0.042,-0.043,0.000,0.000,0.000,-0.229, 0.338,10.405,-0.418,-0.663, 1.558,-0.046, 0.030, 0.013;
5.610,0.409,1.636,-0.408,2.453,-0.174,-0.042,-0.043,0.000,0.000,0.000,-0.235, 0.330,10.425,-0.450,-0.628, 1.514,-0.002,-0.014, 0.057;
5.622,0.052,-0.071,-0.156,0.137,-0.174,-0.042,-0.043,0.000,0.000,0.000,-0.240, 0.322,10.444,-0.395,-0.679, 1.556,-0.045, 0.028, 0.015;
5.635,0.506,1.750,-0.354,2.610,-0.174,-0.042,-0.043,0.000,0.000,0.000,-0.246, 0.314,10.464,-0.428,-0.642, 1.511, 0.001,-0.018, 0.060;
5.640,0.354,1.018,-0.246,1.618,-0.174,-0.042,-0.043,0.000,0.000,0.000,-0.248, 0.310,10.473,-0.404,-0.664, 1.529,-0.017, 0.001, 0.042;
5.659,3.043,1.343,3.389,0.998,-0.174,-0.042,-0.043,0.000,0.000,0.000,-0.256, 0.298,10.502,-0.450,-0.742, 1.595, 0.049, 0.066,-0.024;
5.671,1.382,1.117,1.122,1.377,-0.174,-0.042,-0.043,0.000,0.000,0.000,-0.260, 0.290,10.521,-0.395,-0.707, 1.553, 0.007, 0.024, 0.018;
5.682,3.028,1.315,3.346,0.997,-0.174,-0.042,-0.043,0.000,0.000,0.000,-0.265, 0.282,10.539,-0.423,-0.754, 1.593, 0.047, 0.064,-0.022;
5.695,1.311,1.079,1.004,1.386,-0.174,-0.042,-0.043,0.000,0.000,0.000,-0.269, 0.273,10.559,-0.366,-0.718, 1.549, 0.003, 0.021, 0.021;
5.707,3.058,1.289,3.366,0.981,-0.174,-0.042,-0.043,0.000,0.000,0.000,-0.274, 0.265,10.578,-0.395,-0.767, 1.592, 0.046, 0.064,-0.021;
5.719,1.430,1.064,1.144,1.349,-0.174,-0.042,-0.043,0.000,0.000,0.000,-0.278, 0.256,10.596,-0.341,-0.732, 1.551, 0.005, 0.022, 0.020;
5.731,3.133,1.267,3.447,0.953,-0.174,-0.042,-0.043,0.000,0.000,0.000,-0.282, 0.248,10.615,-0.369,-0.780, 1.593, 0.046, 0.064,-0.022;
5.742,1.538,1.046,1.271,1.313,-0.174,-0.042,-0.043,0.000,0.000,0.000,-0.285, 0.239,10.633,-0.316,-0.745, 1.552, 0.006, 0.023, 0.019;
5.754,3.240,1.248,3.572,0.916,-0.174,-0.042,-0.043,0.000,0.000,0.000,-0.289, 0.231,10.652,-0.344,-0.793, 1.594, 0.048, 0.065,-0.023;
5.766,1.551,1.012,1.269,1.294,-0.174,-0.042,-0.043,0.000,0.000,0.000,-0.293, 0.222,10.671,-0.287,-0.755, 1.551, 0.005, 0.022, 0.020;
5.778,3.273,1.221,3.595,0.899,-0.172,-0.042,-0.043,0.186,0.000,-0.052,-0.298, 0.213,10.691,-0.315,-0.802, 1.593, 0.047, 0.064,-0.022;
5.790,1.580,0.980,1.288,1.272,-0.174,-0.042,-0.043,-0.183,0.000,0.051,-0.299, 0.204,10.709,-0.258,-0.765, 1.550, 0.004, 0.021, 0.020;
5.803,1.208,-0.789,1.544,-1.125,-0.174,-0.042,-0.043,0.000,0.000,0.000,-0.302, 0.195,10.729,-0.200,-0.813, 1.594,-0.040, 0.065,-0.023;
5.814,1.603,0.804,1.364,1.044,-0.174,-0.042,-0.043,0.000,0.000,0.000,-0.305, 0.186,10.747,-0.226,-0.777, 1.554, 0.000, 0.025, 0.017;
5.826,1.257,-0.836,1.599,-1.178,-0.174,-0.042,-0.043,0.000,0.000,0.000,-0.307, 0.177,10.765,-0.172,-0.822, 1.595,-0.040, 0.065,-0.024;
5.838,1.081,1.433,2.021,0.493,-0.172,-0.042,-0.043,0.187,0.000,-0.052,-0.312, 0.168,10.784,-0.200,-0.784, 1.636, 0.002, 0.024,-0.066;
5.851,1.332,-1.024,1.630,-1.322,-0.174,-0.042,-0.043,-0.175,0.000,0.049,-0.312, 0.159,10.804,-0.140,-0.832, 1.592,-0.043, 0.068,-0.021;
5.863,1.130,1.419,2.075,0.474,-0.174,-0.042,-0.043,0.000,0.000,0.000,-0.314, 0.149,10.824,-0.170,-0.790, 1.637, 0.002, 0.023,-0.066;
5.875,1.373,-0.894,1.713,-1.234,-0.174,-0.042,-0.043,0.000,0.000,0.000,-0.316, 0.140,10.843,-0.113,-0.835, 1.595,-0.040, 0.065,-0.024;
5.887,1.185,1.358,2.122,0.422,-0.174,-0.042,-0.043,0.000,0.000,0.000,-0.318, 0.130,10.862,-0.140,-0.796, 1.636, 0.002, 0.023,-0.065;
5.899,1.429,-0.962,1.759,-1.292,-0.174,-0.042,-0.043,0.000,0.000,0.000,-0.320, 0.121,10.880,-0.083,-0.841, 1.594,-0.040, 0.065,-0.023;
5.913,1.218,1.553,2.215,0.556,-0.174,-0.042,-0.043,0.000,0.000,0.000,-0.321, 0.111,10.901,-0.114,-0.797, 1.640, 0.006, 0.019,-0.070;
5.924,1.455,-0.710,1.860,-1.116,-0.174,-0.042,-0.043,0.000,0.000,0.000,-0.322, 0.102,10.920,-0.058,-0.840, 1.599,-0.035, 0.060,-0.028;
5.937,1.257,1.644,2.286,0.615,-0.174,-0.042,-0.043,0.000,0.000,0.000,-0.323, 0.092,10.939,-0.087,-0.798, 1.643, 0.009, 0.016,-0.072;
5.949,1.490,-0.600,1.934,-1.044,-0.174,-0.042,-0.043,0.000,0.000,0.000,-0.324, 0.083,10.958,-0.031,-0.840, 1.602,-0.032, 0.057,-0.031;
5.960,1.304,1.600,2.331,0.572,-0.174,-0.042,-0.043,0.000,0.000,0.000,-0.325, 0.074,10.976,-0.058,-0.800, 1.643, 0.009, 0.016,-0.072;
5.972,1.539,-0.673,1.974,-1.108,-0.174,-0.042,-0.043,0.000,0.000,0.000,-0.325, 0.064,10.994,-0.002,-0.842, 1.601,-0.032, 0.057,-0.030;
5.983,1.911,0.842,1.799,0.955,-0.174,-0.042,-0.043,0.000,0.000,0.000,-0.326, 0.056,11.012,-0.027,-0.804, 1.563, 0.006, 0.019, 0.008;
5.994,2.133,-1.316,1.459,-0.641,-0.174,-0.042,-0.043,0.000,0.000,0.000,-0.326, 0.047,11.029, 0.026,-0.844, 1.524,-0.033, 0.058, 0.047;
6.006,1.942,0.922,1.863,1.001,-0.174,-0.042,-0.043,0.000,0.000,0.000,-0.326, 0.038,11.048,-0.001,-0.802, 1.565, 0.008, 0.017, 0.006;
6.018,2.170,-1.307,1.511,-0.647,-0.174,-0.042,-0.043,0.000,0.000,0.000,-0.326, 0.029,11.066, 0.054,-0.842, 1.525,-0.032, 0.057, 0.046;
6.029,1.985,0.847,1.899,0.933,-0.174,-0.042,-0.043,0.000,0.000,0.000,-0.325, 0.020,11.084, 0.028,-0.802, 1.565, 0.008, 0.017, 0.006;
6.041,2.212,-1.382,1.546,-0.716,-0.174,-0.042,-0.043,0.000,0.000,0.000,-0.325, 0.011,11.102, 0.083,-0.842, 1.524,-0.033, 0.058, 0.047;
6.063,1.852,2.777,2.294,2.335,-0.174,-0.042,-0.043,0.000,0.000,0.000,-0.323,-0.007,11.137, 0.033,-0.762, 1.602, 0.044,-0.020,-0.031;
6.074,2.079,0.537,1.937,0.678,-0.174,-0.042,-0.043,0.000,0.000,0.000,-0.323,-0.016,11.155, 0.088,-0.801, 1.561, 0.004, 0.021, 0.010;
6.086,1.879,2.816,2.345,2.350,-0.174,-0.042,-0.043,0.000,0.000,0.000,-0.321,-0.025,11.174, 0.060,-0.757, 1.603, 0.046,-0.021,-0.033;
6.098,2.108,0.556,1.986,0.678,-0.174,-0.042,-0.043,0.000,0.000,0.000,-0.320,-0.034,11.192, 0.115,-0.796, 1.562, 0.005, 0.020, 0.009;
6.110,1.912,2.785,2.384,2.313,-0.174,-0.042,-0.043,0.000,0.000,0.000,-0.318,-0.043,11.211, 0.088,-0.752, 1.604, 0.046,-0.022,-0.033;
6.122,2.144,0.481,2.017,0.608,-0.174,-0.042,-0.043,0.000,0.000,0.000,-0.317,-0.053,11.230, 0.145,-0.791, 1.562, 0.005, 0.020, 0.009;
6.134,1.937,2.813,2.432,2.318,-0.174,-0.042,-0.043,0.000,0.000,0.000,-0.315,-0.062,11.249, 0.116,-0.745, 1.605, 0.048,-0.023,-0.035;
6.146,4.199,2.407,4.104,2.501,-0.172,-0.042,-0.043,0.190,0.000,-0.053,-0.315,-0.071,11.268, 0.089,-0.783, 1.564, 0.089, 0.018, 0.007;
6.158,1.940,2.759,2.443,2.256,-0.172,-0.042,-0.043,0.000,0.000,0.000,-0.313,-0.080,11.287, 0.145,-0.737, 1.606, 0.047,-0.024,-0.035;
6.170,2.170,0.462,2.076,0.556,-0.172,-0.042,-0.043,0.000,0.000,0.000,-0.310,-0.089,11.305, 0.201,-0.775, 1.564, 0.006, 0.018, 0.007;
6.181,0.510,0.215,-0.179,0.904,-0.174,-0.042,-0.043,-0.188,0.000,0.052,-0.306,-0.098,11.323, 0.257,-0.730, 1.523,-0.036,-0.024, 0.048;
6.194,2.255,0.405,2.184,0.476,-0.174,-0.042,-0.043,0.000,0.000,0.000,-0.303,-0.107,11.343, 0.228,-0.769, 1.566, 0.007, 0.019, 0.005;
6.207,0.474,0.144,-0.237,0.855,-0.174,-0.042,-0.043,0.000,0.000,0.000,-0.300,-0.117,11.363, 0.288,-0.719, 1.521,-0.038,-0.026, 0.050;
6.218,2.145,0.327,2.026,0.445,-0.174,-0.042,-0.043,0.000,0.000,0.000,-0.297,-0.126,11.381, 0.260,-0.755, 1.563, 0.004, 0.016, 0.008;
6.230,0.502,0.085,-0.208,0.795,-0.174,-0.042,-0.043,0.000,0.000,0.000,-0.294,-0.134,11.400, 0.315,-0.709, 1.521,-0.038,-0.026, 0.050;
6.244,2.501,0.311,2.499,0.313,-0.172,-0.042,-0.043,0.159,0.000,-0.044,-0.292,-0.145,11.423, 0.282,-0.752, 1.571, 0.012, 0.024, 0.000;
6.256,0.861,0.064,0.271,0.655,-0.174,-0.042,-0.043,-0.191,0.000,0.053,-0.286,-0.153,11.440, 0.336,-0.706, 1.530,-0.029,-0.017, 0.041;
6.268,2.579,0.257,2.598,0.238,-0.172,-0.042,-0.043,0.185,0.000,-0.051,-0.285,-0.162,11.460, 0.307,-0.742, 1.572, 0.014, 0.025,-0.001;
6.280,0.935,0.010,0.365,0.580,-0.174,-0.042,-0.043,-0.191,0.000,0.053,-0.278,-0.170,11.478, 0.362,-0.695, 1.531,-0.028,-0.016, 0.040;
6.291,2.610,0.191,2.636,0.165,-0.174,-0.042,-0.043,0.000,0.000,0.000,-0.274,-0.179,11.496, 0.333,-0.730, 1.573, 0.014, 0.026,-0.002;
6.304,0.875,-0.065,0.278,0.532,-0.174,-0.042,-0.043,0.000,0.000,0.000,-0.270,-0.187,11.516, 0.391,-0.680, 1.529,-0.030,-0.018, 0.042;
6.316,2.537,0.116,2.532,0.121,-0.174,-0.042,-0.043,0.000,0.000,0.000,-0.266,-0.195,11.534, 0.362,-0.714, 1.570, 0.011, 0.023, 0.000;
6.328,2.333,2.404,2.937,1.800,-0.172,-0.042,-0.043,0.184,0.000,-0.051,-0.263,-0.204,11.554, 0.332,-0.664, 1.613, 0.054,-0.019,-0.042;
6.339,2.540,0.132,2.554,0.117,-0.174,-0.042,-0.043,-0.191,0.000,0.053,-0.256,-0.212,11.572, 0.386,-0.698, 1.572, 0.013, 0.022,-0.001;
6.351,2.337,2.381,2.952,1.766,-0.172,-0.042,-0.043,0.187,0.000,-0.052,-0.254,-0.220,11.591, 0.357,-0.649, 1.614, 0.055,-0.020,-0.043;
6.363,2.547,0.065,2.561,0.050,-0.174,-0.042,-0.043,-0.187,0.000,0.052,-0.247,-0.228,11.609, 0.412,-0.683, 1.572, 0.013, 0.022,-0.001;
6.374,0.465,0.387,1.029,-0.176,-0.174,-0.042,-0.043,0.000,0.000,0.000,-0.242,-0.235,11.626, 0.461,-0.637, 1.610,-0.026,-0.017,-0.039;
6.385,2.612,-0.005,2.611,-0.005,-0.174,-0.042,-0.043,0.000,0.000,0.000,-0.237,-0.242,11.644, 0.433,-0.668, 1.571, 0.014, 0.023, 0.000;
6.397,0.443,0.330,1.014,-0.241,-0.174,-0.042,-0.043,0.000,0.000,0.000,-0.232,-0.250,11.662, 0.485,-0.620, 1.611,-0.026,-0.017,-0.040;
6.408,2.613,-0.067,2.614,-0.067,-0.174,-0.042,-0.043,0.000,0.000,0.000,-0.227,-0.257,11.680, 0.456,-0.652, 1.571, 0.014, 0.023,-0.000;
6.420,0.440,0.269,1.013,-0.304,-0.174,-0.042,-0.043,0.000,0.000,0.000,-0.221,-0.264,11.698, 0.507,-0.603, 1.611,-0.026,-0.017,-0.040;
6.441,4.557,-0.485,4.047,0.025,-0.174,-0.042,-0.043,0.000,0.000,0.000,-0.211,-0.277,11.731, 0.453,-0.662, 1.535, 0.049, 0.058, 0.036;
6.454,2.017,-0.093,2.175,-0.251,-0.174,-0.042,-0.043,0.000,0.000,0.000,-0.204,-0.285,11.752, 0.512,-0.605, 1.582, 0.003, 0.011,-0.011;
6.459,2.840,-0.244,2.781,-0.185,-0.174,-0.042,-0.043,0.000,0.000,0.000,-0.202,-0.288,11.759, 0.501,-0.617, 1.567, 0.018, 0.026, 0.004;
6.469,1.459,-0.448,0.907,0.104,-0.174,-0.042,-0.043,0.000,0.000,0.000,-0.196,-0.293,11.774, 0.544,-0.574, 1.532,-0.017,-0.008, 0.039;
6.491,4.530,-0.115,5.078,-0.662,-0.174,-0.042,-0.043,0.000,0.000,0.000,-0.185,-0.306,11.809, 0.487,-0.632, 1.609, 0.060, 0.069,-0.038;
6.503,2.837,-0.364,2.779,-0.306,-0.174,-0.042,-0.043,0.000,0.000,0.000,-0.178,-0.313,11.828, 0.540,-0.580, 1.567, 0.018, 0.026, 0.004;
6.514,4.478,-0.185,5.007,-0.715,-0.174,-0.042,-0.043,0.000,0.000,0.000,-0.171,-0.319,11.846, 0.509,-0.610, 1.608, 0.059, 0.067,-0.037;
6.526,4.871,1.493,4.790,1.574,-0.172,-0.042,-0.043,0.183,0.000,-0.051,-0.167,-0.326,11.866, 0.476,-0.557, 1.565, 0.101, 0.025, 0.006;
6.539,5.072,-0.885,4.376,-0.189,-0.174,-0.042,-0.043,-0.182,0.000,0.051,-0.157,-0.332,11.885, 0.530,-0.588, 1.522, 0.058, 0.068, 0.049;
6.550,4.858,1.318,4.752,1.424,-0.172,-0.042,-0.043,0.191,0.000,-0.053,-0.153,-0.338,11.904, 0.498,-0.536, 1.563, 0.099, 0.026, 0.007;
6.562,5.044,-0.903,4.364,-0.222,-0.174,-0.042,-0.043,-0.195,0.000,0.054,-0.144,-0.344,11.921, 0.548,-0.565, 1.523, 0.059, 0.066, 0.047;
6.573,2.808,-0.561,2.715,-0.468,-0.174,-0.042,-0.043,0.000,0.000,0.000,-0.136,-0.350,11.939, 0.598,-0.513, 1.564, 0.017, 0.025, 0.007;
6.586,5.097,-0.982,4.400,-0.284,-0.174,-0.042,-0.043,0.000,0.000,0.000,-0.129,-0.355,11.958, 0.565,-0.544, 1.522, 0.060, 0.068, 0.049;
6.598,2.773,-0.623,2.685,-0.536,-0.174,-0.042,-0.043,0.000,0.000,0.000,-0.121,-0.361,11.977, 0.617,-0.489, 1.565, 0.017, 0.025, 0.006;
6.610,5.081,-1.047,4.384,-0.350,-0.174,-0.042,-0.043,0.000,0.000,0.000,-0.114,-0.367,11.996, 0.583,-0.519, 1.522, 0.060, 0.068, 0.049;
6.621,2.874,-0.707,2.756,-0.589,-0.174,-0.042,-0.043,0.000,0.000,0.000,-0.106,-0.372,12.014, 0.631,-0.467, 1.563, 0.019, 0.027, 0.008;
6.633,5.013,-1.100,4.330,-0.417,-0.174,-0.042,-0.043,0.000,0.000,0.000,-0.099,-0.377,12.032, 0.600,-0.495, 1.523, 0.059, 0.067, 0.048;
6.644,2.821,-0.762,2.713,-0.654,-0.174,-0.042,-0.043,0.000,0.000,0.000,-0.091,-0.381,12.050, 0.647,-0.443, 1.563, 0.018, 0.026, 0.008;
6.656,5.036,-1.169,4.342,-0.475,-0.174,-0.042,-0.043,0.000,0.000,0.000,-0.083,-0.386,12.068, 0.614,-0.472, 1.522, 0.059, 0.067, 0.048;
6.668,2.741,-0.816,2.649,-0.723,-0.174,-0.042,-0.043,0.000,0.000,0.000,-0.075,-0.391,12.087, 0.663,-0.417, 1.564, 0.017, 0.025, 0.006;
6.679,4.264,-0.643,4.717,-1.096,-0.172,-0.042,-0.043,0.205,0.000,-0.057,-0.070,-0.395,12.105, 0.632,-0.443, 1.602, 0.056, 0.063,-0.032;
6.690,2.641,-0.885,2.518,-0.762,-0.174,-0.042,-0.043,-0.195,0.000,0.054,-0.060,-0.399,12.122, 0.679,-0.391, 1.562, 0.015, 0.023, 0.009;
6.701,4.211,-0.707,4.654,-1.150,-0.172,-0.042,-0.043,0.199,0.000,-0.055,-0.054,-0.404,12.140, 0.646,-0.418, 1.602, 0.055, 0.063,-0.031;
6.713,2.590,-0.942,2.457,-0.810,-0.172,-0.042,-0.043,0.000,0.000,0.000,-0.046,-0.408,12.158, 0.692,-0.365, 1.562, 0.015, 0.022, 0.009;
6.734,5.622,-0.608,6.583,-1.569,-0.172,-0.042,-0.043,0.000,0.000,0.000,-0.031,-0.415,12.193, 0.627,-0.417, 1.638, 0.091, 0.099,-0.067;
6.740,4.823,-0.724,5.501,-1.402,-0.174,-0.042,-0.043,-0.399,0.000,0.111,-0.024,-0.416,12.201, 0.650,-0.391, 1.618, 0.071, 0.079,-0.047;
6.751,3.255,-0.957,3.379,-1.081,-0.174,-0.042,-0.043,0.000,0.000,0.000,-0.017,-0.420,12.218, 0.694,-0.340, 1.579, 0.032, 0.040,-0.009;
6.762,1.097,-0.625,1.785,-1.313,-0.174,-0.042,-0.043,0.000,0.000,0.000,-0.008,-0.423,12.236, 0.739,-0.288, 1.619,-0.007, 0.001,-0.048;
6.784,5.229,-1.380,4.820,-0.971,-0.174,-0.042,-0.043,0.000,0.000,0.000, 0.008,-0.429,12.270, 0.671,-0.339, 1.542, 0.069, 0.077, 0.029;
6.789,4.194,-1.221,4.056,-1.083,-0.174,-0.042,-0.043,0.000,0.000,0.000, 0.012,-0.430,12.278, 0.693,-0.314, 1.561, 0.050, 0.059, 0.010;
6.798,2.551,-0.968,2.842,-1.259,-0.174,-0.042,-0.043,0.000,0.000,0.000, 0.018,-0.433,12.292, 0.726,-0.274, 1.591, 0.020, 0.029,-0.020;
6.820,-0.514,-1.410,-1.309,-0.615,-0.174,-0.042,-0.043,0.000,0.000,0.000, 0.034,-0.438,12.326, 0.810,-0.172, 1.515,-0.055,-0.047, 0.055;
6.832,1.199,-1.215,1.026,-1.042,-0.174,-0.042,-0.043,0.000,0.000,0.000, 0.044,-0.440,12.345, 0.770,-0.201, 1.559,-0.012,-0.004, 0.012;
6.844,1.395,-3.506,0.626,-2.737,-0.174,-0.042,-0.043,0.000,0.000,0.000, 0.053,-0.443,12.364, 0.816,-0.228, 1.517,-0.054, 0.038, 0.054;
6.856,1.154,-1.186,1.004,-1.035,-0.174,-0.042,-0.043,0.000,0.000,0.000, 0.062,-0.445,12.383, 0.776,-0.170, 1.560,-0.011,-0.006, 0.010;
6.869,1.365,-3.657,0.572,-2.864,-0.174,-0.042,-0.043,0.000,0.000,0.000, 0.072,-0.447,12.403, 0.824,-0.200, 1.515,-0.055, 0.039, 0.055;
6.881,1.120,-1.303,0.954,-1.137,-0.174,-0.042,-0.043,0.000,0.000,0.000, 0.081,-0.449,12.423, 0.783,-0.141, 1.559,-0.012,-0.004, 0.012;
6.894,1.325,-3.718,0.531,-2.924,-0.174,-0.042,-0.043,0.000,0.000,0.000, 0.091,-0.451,12.443, 0.830,-0.170, 1.515,-0.056, 0.039, 0.055;
6.898,1.238,-2.891,0.664,-2.317,-0.174,-0.042,-0.043,0.000,0.000,0.000, 0.095,-0.451,12.449, 0.816,-0.149, 1.531,-0.040, 0.024, 0.040;
6.918,0.864,0.835,1.281,0.417,-0.172,-0.042,-0.043,0.113,0.000,-0.032, 0.108,-0.453,12.481, 0.749,-0.056, 1.600, 0.029,-0.045,-0.029;
6.931,1.056,-1.599,0.840,-1.384,-0.174,-0.042,-0.043,-0.178,0.000,0.049, 0.120,-0.455,12.500, 0.796,-0.085, 1.556,-0.015,-0.001, 0.015;
6.934,0.439,-1.503,0.384,-1.448,-0.174,-0.042,-0.043,0.000,0.000,0.000, 0.122,-0.455,12.505, 0.807,-0.070, 1.567,-0.026,-0.012, 0.004;
6.955,0.018,2.483,1.024,1.477,-0.174,-0.042,-0.043,0.000,0.000,0.000, 0.139,-0.456,12.538, 0.736, 0.030, 1.641, 0.048,-0.086,-0.070;
6.967,2.247,2.075,2.659,1.663,-0.174,-0.042,-0.043,0.000,0.000,0.000, 0.148,-0.457,12.557, 0.695, 0.004, 1.600, 0.089,-0.045,-0.029;
6.979,1.824,0.324,2.851,-0.704,-0.174,-0.042,-0.043,0.000,0.000,0.000, 0.158,-0.457,12.576, 0.739,-0.024, 1.643, 0.046,-0.002,-0.072;
6.991,0.114,0.084,0.538,-0.340,-0.174,-0.042,-0.043,0.000,0.000,0.000, 0.167,-0.458,12.595, 0.781, 0.033, 1.600, 0.004,-0.044,-0.030;
7.003,1.845,0.290,2.895,-0.759,-0.172,-0.042,-0.043,0.179,0.000,-0.050, 0.175,-0.458,12.615, 0.738, 0.004, 1.644, 0.048,-0.000,-0.073;
7.015,0.127,0.042,0.571,-0.402,-0.174,-0.042,-0.043,-0.186,0.000,0.052, 0.186,-0.457,12.633, 0.780, 0.061, 1.602, 0.005,-0.042,-0.031;
7.027,0.319,-2.265,0.162,-2.108,-0.174,-0.042,-0.043,0.000,0.000,0.000, 0.196,-0.457,12.652, 0.821, 0.034, 1.560,-0.037,-0.000, 0.011;
7.040,0.073,0.053,0.532,-0.405,-0.174,-0.042,-0.043,0.000,0.000,0.000, 0.205,-0.457,12.671, 0.777, 0.092, 1.603, 0.006,-0.043,-0.032;
7.051,0.258,-2.184,0.133,-2.059,-0.174,-0.042,-0.043,0.000,0.000,0.000, 0.214,-0.456,12.690, 0.817, 0.065, 1.562,-0.034,-0.002, 0.009;
7.063,0.022,0.042,0.488,-0.424,-0.174,-0.042,-0.043,0.000,0.000,0.000, 0.224,-0.455,12.708, 0.775, 0.121, 1.603, 0.007,-0.044,-0.033;
7.075,2.345,-0.371,2.195,-0.221,-0.172,-0.042,-0.043,0.182,0.000,-0.050, 0.231,-0.454,12.728, 0.730, 0.093, 1.560, 0.050,-0.000, 0.010;
7.088,0.486,-0.635,-0.314,0.165,-0.174,-0.042,-0.043,-0.173,0.000,0.048, 0.243,-0.453,12.748, 0.773, 0.154, 1.515, 0.004,-0.046, 0.056;
7.100,0.074,-2.341,-0.122,-2.146,-0.174,-0.042,-0.043,0.000,0.000,0.000, 0.253,-0.451,12.767, 0.813, 0.127, 1.557,-0.038,-0.004, 0.014;
7.112,0.426,-0.703,-0.361,0.083,-0.174,-0.042,-0.043,0.000,0.000,0.000, 0.262,-0.450,12.785, 0.770, 0.182, 1.516, 0.004,-0.045, 0.055;
7.124,0.016,-2.393,-0.173,-2.204,-0.174,-0.042,-0.043,0.000,0.000,0.000, 0.271,-0.448,12.804, 0.808, 0.155, 1.558,-0.038,-0.003, 0.013;
7.136,0.380,-0.699,-0.419,0.100,-0.174,-0.042,-0.043,0.000,0.000,0.000, 0.280,-0.446,12.823, 0.763, 0.212, 1.515, 0.005,-0.046, 0.056;
7.148,-0.027,-2.371,-0.234,-2.164,-0.174,-0.042,-0.043,0.000,0.000,0.000, 0.289,-0.444,12.841, 0.801, 0.185, 1.556,-0.036,-0.004, 0.014;
7.159,0.318,-0.762,-0.468,0.024,-0.174,-0.042,-0.043,0.000,0.000,0.000, 0.298,-0.442,12.860, 0.757, 0.240, 1.516, 0.004,-0.045, 0.055;
7.171,-0.067,-2.341,-0.294,-2.114,-0.174,-0.042,-0.043,0.000,0.000,0.000, 0.306,-0.440,12.877, 0.792, 0.214, 1.555,-0.035,-0.006, 0.016;
7.182,0.265,-0.789,-0.520,-0.004,-0.174,-0.042,-0.043,0.000,0.000,0.000, 0.315,-0.437,12.895, 0.749, 0.266, 1.516, 0.004,-0.045, 0.055;
7.193,-0.113,-2.338,-0.349,-2.102,-0.174,-0.042,-0.043,0.000,0.000,0.000, 0.323,-0.435,12.912, 0.784, 0.241, 1.554,-0.034,-0.007, 0.016;
7.203,0.212,-0.818,-0.572,-0.035,-0.174,-0.042,-0.043,0.000,0.000,0.000, 0.331,-0.432,12.929, 0.742, 0.292, 1.516, 0.004,-0.045, 0.055;
7.214,-0.166,-2.362,-0.402,-2.126,-0.174,-0.042,-0.043,0.000,0.000,0.000, 0.339,-0.430,12.946, 0.775, 0.266, 1.554,-0.034,-0.006, 0.016;
7.235,0.458,0.568,-0.831,1.857,-0.174,-0.042,-0.043,0.000,0.000,0.000, 0.355,-0.424,12.979, 0.693, 0.364, 1.481, 0.040,-0.080, 0.090;
7.247,2.055,0.762,1.349,1.468,-0.172,-0.042,-0.043,0.193,0.000,-0.054, 0.361,-0.420,12.998, 0.647, 0.336, 1.522, 0.080,-0.039, 0.049;
7.258,2.217,-1.452,0.935,-0.169,-0.174,-0.042,-0.043,-0.194,0.000,0.054, 0.372,-0.417,13.015, 0.682, 0.309, 1.481, 0.039, 0.001, 0.090;
7.270,-0.021,-1.092,-0.721,-0.392,-0.174,-0.042,-0.043,0.000,0.000,0.000, 0.380,-0.413,13.033, 0.717, 0.363, 1.522,-0.001,-0.040, 0.049;
7.281,1.527,-0.900,1.389,-0.763,-0.174,-0.042,-0.043,0.000,0.000,0.000, 0.388,-0.410,13.051, 0.672, 0.336, 1.561, 0.038,-0.000, 0.010;
7.292,-0.059,-1.109,-0.752,-0.417,-0.174,-0.042,-0.043,0.000,0.000,0.000, 0.396,-0.406,13.068, 0.705, 0.387, 1.522,-0.001,-0.039, 0.048;
7.303,1.459,-0.921,1.320,-0.782,-0.174,-0.042,-0.043,0.000,0.000,0.000, 0.403,-0.402,13.086, 0.660, 0.361, 1.561, 0.038,-0.000, 0.010;
