0.000,0.000,0.000,0.000,0.000, 0.000, 0.000, 0.000,0.000,0.000,0.000, 0.000, 0.000, 0.000, 0.000, 0.000, 0.000, 0.000, 0.000, 0.000, 0.000, 0.000, 0.000, 0.000, 0.000, 0.000, 0.000, 0.000, 0.000;
0.006,-0.026,-0.140,-0.026,-0.140,-1.683, 0.449, 0.606,0.000,0.000,0.000, 2.183,-0.447, 0.969,-0.001, 0.314, 0.628,-1.008, 0.211, 0.281, 0.500, 0.002, 1.575,-0.001, 0.314, 0.628,-0.099,-0.000, 0.000;
0.013,2.661,61.775,-1.086,65.522,-1.683, 0.449, 0.606,0.000,0.000,0.000, 2.183,-0.445, 0.973,-0.003, 0.314, 0.628,-1.917, 0.413, 0.558, 0.500, 0.004, 1.579,-0.003, 0.314, 0.628,-0.099,-0.001, 0.000;
0.020,2.723,61.748,-1.037,65.508,-1.683, 0.449, 0.606,0.000,0.000,0.000, 2.183,-0.442, 0.978,-0.004, 0.314, 0.628,-2.723, 0.604, 0.828, 0.500, 0.006, 1.583,-0.004, 0.314, 0.628,-0.099,-0.001, 0.000;
0.026,2.789,61.720,-0.985,65.494,-1.683, 0.449, 0.606,0.000,0.000,0.000, 2.183,-0.440, 0.982,-0.005, 0.314, 0.628,-3.367, 0.766, 1.064, 0.500, 0.008, 1.587,-0.005, 0.314, 0.628,-0.099,-0.002, 0.000;
0.032,2.850,61.694,-0.936,65.480,-1.683, 0.449, 0.606,0.000,0.000,0.000, 2.183,-0.438, 0.986,-0.006, 0.314, 0.628,-3.892, 0.908, 1.276, 0.500, 0.010, 1.591,-0.006, 0.314, 0.628,-0.099,-0.002, 0.000;
0.038,2.330,61.674,-1.469,65.473,-1.683, 0.449, 0.615,0.000,0.000,1.648, 2.183,-0.437, 0.980,-0.007, 0.314,-1.020,-4.288, 1.022, 1.453, 0.500, 0.012, 1.595,-0.007, 0.314, 0.628,-0.099,-0.002, 0.000;
0.045,2.075,62.532,0.040,64.567,-1.683, 0.449, 0.606,0.000,0.000,-1.314, 2.183,-0.435, 0.993,-0.009, 0.314, 1.942,-4.720, 1.154, 1.656, 0.500, 0.014, 1.599,-0.009, 0.314, 0.628,-0.099,-0.003, 0.000;
0.051,3.145,60.926,-2.071,66.143,-1.683, 0.449, 0.615,0.000,0.000,1.538, 2.183,-0.433, 0.988,-0.010, 0.314,-0.910,-5.028, 1.256, 1.819, 0.500, 0.016, 1.603,-0.010, 0.314, 0.628,-0.099,-0.003, 0.000;
0.057,2.255,62.419,0.078,64.596,-1.683, 0.449, 0.606,0.000,0.000,-1.425, 2.183,-0.431, 1.001,-0.011, 0.314, 2.054,-5.313, 1.357, 1.978, 0.500, 0.018, 1.607,-0.011, 0.314, 0.628,-0.099,-0.004, 0.000;
0.064,3.900,60.807,-1.459,66.166,-1.683, 0.449, 0.606,0.000,0.000,0.000, 2.183,-0.429, 1.005,-0.013, 0.314, 0.628,-5.558, 1.450, 2.127, 0.500, 0.020, 1.611,-0.013, 0.314, 0.628,-0.099,-0.004, 0.000;
0.070,3.207,61.534,-0.655,65.396,-1.683, 0.449, 0.606,0.000,0.000,0.000, 2.182,-0.427, 1.009,-0.014, 0.314, 0.628,-5.756, 1.533, 2.260, 0.500, 0.022, 1.615,-0.014, 0.314, 0.628,-0.099,-0.004, 0.000;
0.078,3.266,61.507,-0.609,65.381,-1.683, 0.449, 0.606,0.000,0.000,0.000, 2.182,-0.424, 1.014,-0.015, 0.314, 0.628,-5.956, 1.624, 2.405, 0.499, 0.024, 1.619,-0.015, 0.314, 0.628,-0.099,-0.005, 0.000;
0.083,3.337,61.474,-0.553,65.363,-1.683, 0.449, 0.606,0.000,0.000,0.000, 2.182,-0.423, 1.017,-0.016, 0.314, 0.628,-6.071, 1.684, 2.499, 0.499, 0.026, 1.623,-0.016, 0.314, 0.628,-0.099,-0.005, 0.000;
0.089,3.387,61.450,-0.513,65.350,-1.683, 0.449, 0.606,0.000,0.000,0.000, 2.182,-0.421, 1.021,-0.018, 0.314, 0.628,-6.187, 1.749, 2.601, 0.499, 0.028, 1.627,-0.018, 0.314, 0.628,-0.099,-0.006, 0.000;
0.096,3.447,61.422,-0.466,65.334,-1.683, 0.449, 0.606,0.000,0.000,0.000, 2.182,-0.419, 1.025,-0.019, 0.314, 0.628,-6.284, 1.684, 2.696, 0.499, 0.030, 1.631,-0.019, 0.314, 0.628,-0.099,-0.006, 0.000;
0.105,3.506,61.393,-0.419,65.318,-1.683, 0.449, 0.606,0.000,0.000,0.000, 2.182,-0.416, 1.032,-0.021, 0.313, 0.628,-6.407, 1.580, 2.828, 0.499, 0.033, 1.637,-0.021, 0.313, 0.628,-0.098,-0.007, 0.000;
0.110,3.599,61.348,-0.346,65.293,-1.683, 0.449, 0.606,0.000,0.000,0.000, 2.182,-0.414, 1.035,-0.022, 0.313, 0.628,-6.355, 1.528, 2.884, 0.499, 0.035, 1.640,-0.022, 0.313, 0.628,-0.098,-0.007, 0.000;
0.116,3.643,61.326,-0.311,65.281,-1.683, 0.449, 0.606,0.000,0.000,0.000, 2.182,-0.412, 1.038,-0.023, 0.313, 0.628,-6.287, 1.466, 2.945, 0.499, 0.036, 1.644,-0.023, 0.313, 0.628,-0.098,-0.007, 0.000;
0.126,3.696,61.300,-0.270,65.266,-1.683, 0.449, 0.606,0.000,0.000,0.000, 2.181,-0.409, 1.044,-0.025, 0.313, 0.628,-6.153, 1.354, 3.048, 0.498, 0.040, 1.650,-0.025, 0.313, 0.628,-0.098,-0.008, 0.000;
0.130,3.791,61.253,-0.195,65.239,-1.683, 0.449, 0.606,0.000,0.000,0.000, 2.181,-0.408, 1.047,-0.026, 0.313, 0.628,-6.090, 1.307, 3.000, 0.498, 0.041, 1.653,-0.026, 0.313, 0.628,-0.098,-0.008, 0.000;
0.134,3.831,61.233,-0.164,65.228,-1.683, 0.449, 0.606,0.000,0.000,0.000, 2.181,-0.407, 1.049,-0.026, 0.313, 0.628,-6.032, 1.265, 2.956, 0.498, 0.042, 1.655,-0.026, 0.313, 0.628,-0.098,-0.008, 0.000;
0.141,3.865,61.215,-0.137,65.218,-1.683, 0.449, 0.606,0.000,0.000,0.000, 2.181,-0.404, 1.054,-0.028, 0.313, 0.628,-5.922, 1.190, 2.875, 0.498, 0.044, 1.659,-0.028, 0.313, 0.628,-0.098,-0.009, 0.000;
0.147,3.929,61.183,-0.087,65.199,-1.683, 0.449, 0.606,0.000,0.000,0.000, 2.181,-0.403, 1.058,-0.029, 0.313, 0.628,-5.819, 1.123, 2.799, 0.498, 0.046, 1.663,-0.029, 0.313, 0.628,-0.098,-0.009, 0.000;
0.154,3.985,61.154,-0.043,65.182,-1.683, 0.449, 0.606,0.000,0.000,0.000, 2.181,-0.400, 1.062,-0.030, 0.313, 0.628,-5.704, 1.051, 2.714, 0.498, 0.048, 1.667,-0.030, 0.313, 0.628,-0.098,-0.010, 0.000;
0.160,4.045,61.123,0.004,65.164,-1.683, 0.449, 0.606,0.000,0.000,0.000, 2.180,-0.398, 1.066,-0.032, 0.313, 0.628,-5.583, 0.978, 2.626, 0.497, 0.050, 1.671,-0.032, 0.313, 0.628,-0.098,-0.010, 0.000;
0.166,4.107,61.091,0.052,65.145,-1.683, 0.449, 0.606,0.000,0.000,0.000, 2.180,-0.397, 1.070,-0.033, 0.312, 0.628,-5.469, 0.913, 2.544, 0.497, 0.052, 1.675,-0.033, 0.312, 0.628,-0.098,-0.010, 0.000;
0.173,4.162,61.062,0.095,65.128,-1.683, 0.449, 0.606,0.000,0.000,0.000, 2.180,-0.394, 1.074,-0.034, 0.312, 0.628,-5.343, 0.842, 2.453, 0.497, 0.054, 1.679,-0.034, 0.312, 0.628,-0.098,-0.011, 0.000;
0.179,4.222,61.030,0.142,65.109,-1.683, 0.449, 0.606,0.000,0.000,0.000, 2.180,-0.392, 1.078,-0.035, 0.312, 0.628,-5.211, 0.769, 2.358, 0.497, 0.056, 1.684,-0.035, 0.312, 0.628,-0.098,-0.011, 0.000;
0.185,4.284,60.997,0.191,65.090,-1.683, 0.449, 0.606,0.000,0.000,0.000, 2.180,-0.391, 1.082,-0.037, 0.312, 0.628,-5.091, 0.705, 2.271, 0.497, 0.058, 1.687,-0.037, 0.312, 0.628,-0.098,-0.011, 0.000;
0.192,4.339,60.967,0.234,65.072,-1.683, 0.449, 0.606,0.000,0.000,0.000, 2.179,-0.389, 1.086,-0.038, 0.312, 0.628,-4.967, 0.640, 2.182, 0.496, 0.060, 1.691,-0.038, 0.312, 0.628,-0.098,-0.012, 0.000;
0.199,4.395,60.936,0.277,65.053,-1.683, 0.449, 0.606,0.000,0.000,0.000, 2.179,-0.386, 1.090,-0.039, 0.312, 0.628,-4.824, 0.566, 2.078, 0.496, 0.062, 1.696,-0.039, 0.312, 0.628,-0.098,-0.012, 0.000;
0.206,4.459,60.901,0.328,65.032,-1.683, 0.449, 0.606,0.000,0.000,0.000, 2.179,-0.384, 1.095,-0.041, 0.312, 0.628,-4.670, 0.488, 1.967, 0.496, 0.065, 1.700,-0.041, 0.312, 0.628,-0.098,-0.013, 0.000;
0.217,3.953,60.883,-0.194,65.029,-1.683, 0.449, 0.615,0.000,0.000,0.805, 2.178,-0.381, 1.093,-0.043, 0.311,-0.177,-4.437, 0.370, 1.803, 0.495, 0.068, 1.707,-0.043, 0.311, 0.628,-0.098,-0.013, 0.000;
0.222,4.189,61.247,0.903,64.533,-1.683, 0.449, 0.606,0.000,0.000,-1.929, 2.178,-0.379, 1.105,-0.044, 0.311, 2.558,-4.340, 0.322, 1.732, 0.495, 0.070, 1.710,-0.044, 0.311, 0.628,-0.098,-0.014, 0.000;
0.227,5.695,59.759,-0.528,65.981,-1.683, 0.449, 0.606,0.000,0.000,0.000, 2.178,-0.378, 1.108,-0.045, 0.311, 0.628,-4.244, 0.274, 1.661, 0.495, 0.071, 1.713,-0.045, 0.311, 0.628,-0.098,-0.014, 0.000;
0.230,4.715,60.757,0.528,64.944,-1.683, 0.449, 0.606,0.000,0.000,0.000, 2.178,-0.377, 1.110,-0.045, 0.311, 0.628,-4.176, 0.240, 1.612, 0.495, 0.072, 1.715,-0.045, 0.311, 0.628,-0.098,-0.014, 0.000;
0.236,4.745,60.739,0.551,64.934,-1.683, 0.449, 0.606,0.000,0.000,0.000, 2.177,-0.375, 1.114,-0.046, 0.311, 0.628,-4.055, 0.181, 1.523, 0.495, 0.074, 1.719,-0.046, 0.311, 0.628,-0.098,-0.015, 0.000;
0.243,4.799,60.709,0.593,64.915,-1.683, 0.449, 0.606,0.000,0.000,0.000, 2.177,-0.373, 1.118,-0.048, 0.311, 0.628,-3.921, 0.114, 1.425, 0.494, 0.076, 1.723,-0.048, 0.311, 0.628,-0.098,-0.015, 0.000;
0.258,4.857,60.674,0.638,64.893,-1.683, 0.449, 0.606,0.000,0.000,0.000, 2.176,-0.368, 1.128,-0.051, 0.310, 0.628,-3.603,-0.045, 1.191, 0.493, 0.081, 1.733,-0.051, 0.310, 0.628,-0.097,-0.016, 0.000;
0.274,5.000,60.590,0.749,64.841,-1.683, 0.449, 0.606,0.000,0.000,0.000, 2.176,-0.363, 1.137,-0.054, 0.310, 0.628,-3.301, 0.110, 0.968, 0.493, 0.086, 1.743,-0.054, 0.310, 0.628,-0.097,-0.017, 0.000;
0.277,5.139,60.507,0.857,64.788,-1.683, 0.449, 0.606,0.000,0.000,0.000, 2.175,-0.362, 1.140,-0.054, 0.309, 0.628,-3.233, 0.073, 0.918, 0.492, 0.087, 1.745,-0.054, 0.309, 0.628,-0.097,-0.017, 0.000;
0.285,4.600,60.512,0.311,64.801,-1.683, 0.449, 0.615,0.000,0.000,1.291, 2.175,-0.360, 1.135,-0.056, 0.309,-0.662,-3.100, 0.002, 0.822, 0.492, 0.089, 1.750,-0.056, 0.309, 0.628,-0.097,-0.018, 0.000;
0.294,4.535,61.147,1.629,64.053,-1.683, 0.449, 0.606,0.000,0.000,-0.967, 2.174,-0.357, 1.150,-0.058, 0.309, 1.595,-2.927, 0.097, 0.693, 0.491, 0.092, 1.756,-0.058, 0.309, 0.628,-0.097,-0.018, 0.000;
0.301,5.830,59.884,0.483,65.231,-1.683, 0.449, 0.606,0.000,0.000,0.000, 2.174,-0.355, 1.155,-0.059, 0.309, 0.628,-2.793, 0.022, 0.593, 0.491, 0.094, 1.760,-0.059, 0.309, 0.628,-0.097,-0.019, 0.000;
0.308,5.383,60.355,1.047,64.692,-1.683, 0.449, 0.606,0.000,0.000,0.000, 2.174,-0.352, 1.159,-0.060, 0.308, 0.628,-2.677, 0.088, 0.507, 0.491, 0.096, 1.764,-0.060, 0.308, 0.628,-0.097,-0.019, 0.000;
0.313,5.442,60.319,1.092,64.668,-1.683, 0.449, 0.606,0.000,0.000,0.000, 2.173,-0.351, 1.162,-0.061, 0.308, 0.628,-2.596, 0.041, 0.446, 0.490, 0.098, 1.767,-0.061, 0.308, 0.628,-0.097,-0.019, 0.000;
0.318,5.483,60.292,1.124,64.651,-1.683, 0.449, 0.606,0.000,0.000,0.000, 2.173,-0.349, 1.165,-0.062, 0.308, 0.628,-2.500,-0.016, 0.374, 0.490, 0.099, 1.771,-0.062, 0.308, 0.628,-0.097,-0.020, 0.000;
0.323,5.533,60.260,1.163,64.631,-1.683, 0.449, 0.606,0.000,0.000,0.000, 2.173,-0.348, 1.168,-0.063, 0.308, 0.628,-2.423, 0.030, 0.317, 0.490, 0.101, 1.774,-0.063, 0.308, 0.628,-0.097,-0.020, 0.000;
0.328,5.574,60.234,1.194,64.614,-1.683, 0.449, 0.606,0.000,0.000,0.000, 2.172,-0.346, 1.171,-0.064, 0.308, 0.628,-2.339,-0.021, 0.254, 0.489, 0.102, 1.777,-0.064, 0.308, 0.628,-0.097,-0.020, 0.000;
0.334,5.619,60.205,1.229,64.595,-1.683, 0.449, 0.606,0.000,0.000,0.000, 2.172,-0.344, 1.175,-0.066, 0.307, 0.628,-2.239, 0.041, 0.179, 0.489, 0.104, 1.781,-0.066, 0.307, 0.628,-0.097,-0.021, 0.000;
0.343,5.673,60.170,1.270,64.572,-1.683, 0.449, 0.606,0.000,0.000,0.000, 2.171,-0.342, 1.181,-0.067, 0.307, 0.628,-2.103,-0.045, 0.079, 0.488, 0.107, 1.786,-0.067, 0.307, 0.628,-0.096,-0.021, 0.000;
0.349,5.747,60.121,1.328,64.540,-1.683, 0.449, 0.606,0.000,0.000,0.000, 2.171,-0.340, 1.185,-0.068, 0.307, 0.628,-2.005, 0.019, 0.006, 0.488, 0.109, 1.790,-0.068, 0.307, 0.628,-0.096,-0.021, 0.000;
0.362,5.802,60.084,1.370,64.516,-1.683, 0.449, 0.606,0.000,0.000,0.000, 2.170,-0.336, 1.193,-0.071, 0.306, 0.628,-1.815,-0.107,-0.136, 0.487, 0.113, 1.798,-0.071, 0.306, 0.628,-0.096,-0.022, 0.000;
0.368,5.912,60.011,1.455,64.468,-1.683, 0.449, 0.606,0.000,0.000,0.000, 2.170,-0.334, 1.197,-0.072, 0.306, 0.628,-1.721,-0.043,-0.206, 0.487, 0.115, 1.802,-0.072, 0.306, 0.628,-0.096,-0.023, 0.000;
0.375,5.968,59.973,1.498,64.443,-1.683, 0.449, 0.606,0.000,0.000,0.000, 2.169,-0.332, 1.201,-0.073, 0.305, 0.628,-1.630, 0.022,-0.274, 0.486, 0.117, 1.806,-0.073, 0.305, 0.628,-0.096,-0.023, 0.000;
0.381,6.023,59.935,1.540,64.418,-1.683, 0.449, 0.606,0.000,0.000,0.000, 2.169,-0.330, 1.205,-0.075, 0.305, 0.628,-1.536,-0.047,-0.344, 0.486, 0.119, 1.810,-0.075, 0.305, 0.628,-0.096,-0.023, 0.000;
0.386,6.082,59.895,1.586,64.391,-1.683, 0.449, 0.606,0.000,0.000,0.000, 2.168,-0.328, 1.208,-0.076, 0.305, 0.628,-1.468, 0.004,-0.395, 0.485, 0.120, 1.814,-0.076, 0.305, 0.628,-0.096,-0.024, 0.000;
0.391,6.125,59.865,1.619,64.371,-1.683, 0.449, 0.606,0.000,0.000,0.000, 2.168,-0.327, 1.211,-0.076, 0.305, 0.628,-1.403,-0.045,-0.444, 0.485, 0.122, 1.817,-0.076, 0.305, 0.628,-0.096,-0.024, 0.000;
0.396,6.167,59.835,1.651,64.352,-1.683, 0.449, 0.606,0.000,0.000,0.000, 2.167,-0.325, 1.214,-0.077, 0.304, 0.628,-1.336, 0.005,-0.393, 0.485, 0.123, 1.820,-0.077, 0.304, 0.628,-0.096,-0.024, 0.000;
0.401,6.210,59.805,1.684,64.332,-1.683, 0.449, 0.606,0.000,0.000,0.000, 2.167,-0.324, 1.217,-0.078, 0.304, 0.628,-1.278,-0.040,-0.347, 0.484, 0.125, 1.823,-0.078, 0.304, 0.628,-0.096,-0.025, 0.000;
0.405,6.249,59.778,1.714,64.313,-1.683, 0.449, 0.606,0.000,0.000,0.000, 2.167,-0.323, 1.220,-0.079, 0.304, 0.628,-1.224, 0.003,-0.304, 0.484, 0.126, 1.825,-0.079, 0.304, 0.628,-0.096,-0.025, 0.000;
0.414,6.285,59.752,1.741,64.296,-1.683, 0.449, 0.606,0.000,0.000,0.000, 2.166,-0.320, 1.225,-0.081, 0.304, 0.628,-1.113,-0.085,-0.215, 0.483, 0.129, 1.831,-0.081, 0.304, 0.628,-0.095,-0.025, 0.000;
0.424,6.360,59.699,1.798,64.260,-1.683, 0.449, 0.606,0.000,0.000,0.000, 2.165,-0.317, 1.232,-0.083, 0.303, 0.628,-0.991, 0.015,-0.113, 0.482, 0.132, 1.837,-0.083, 0.303, 0.628,-0.095,-0.026, 0.000;
0.426,6.445,59.637,1.864,64.219,-1.683, 0.449, 0.606,0.000,0.000,0.000, 2.165,-0.316, 1.233,-0.083, 0.303, 0.628,-0.961,-0.010,-0.088, 0.482, 0.132, 1.839,-0.083, 0.303, 0.628,-0.095,-0.026, 0.000;
0.429,6.467,59.622,1.880,64.208,-1.683, 0.449, 0.606,0.000,0.000,0.000, 2.165,-0.315, 1.235,-0.084, 0.303, 0.628,-0.925,-0.040,-0.057, 0.482, 0.133, 1.841,-0.084, 0.303, 0.628,-0.095,-0.026, 0.000;
0.433,5.927,59.639,1.335,64.232,-1.683, 0.449, 0.615,0.000,0.000,2.371, 2.165,-0.314, 1.228,-0.084, 0.303,-1.742,-0.880,-0.002,-0.017, 0.482, 0.134, 1.843,-0.084, 0.303, 0.628,-0.095,-0.027, 0.000;
0.437,5.254,60.850,3.195,62.909,-1.683, 0.449, 0.606,0.000,0.000,-2.714, 2.164,-0.313, 1.240,-0.085, 0.302, 3.342,-0.842,-0.035, 0.016, 0.481, 0.135, 1.845,-0.085, 0.302, 0.628,-0.095,-0.027, 0.000;
0.440,7.991,58.121,0.508,65.604,-1.683, 0.449, 0.606,0.000,0.000,0.000, 2.164,-0.312, 1.242,-0.086, 0.302, 0.628,-0.807,-0.005,-0.014, 0.481, 0.136, 1.847,-0.086, 0.302, 0.628,-0.095,-0.027, 0.000;
0.443,6.578,59.540,1.965,64.153,-1.683, 0.449, 0.606,0.000,0.000,0.000, 2.164,-0.311, 1.244,-0.086, 0.302, 0.628,-0.768,-0.039,-0.048, 0.481, 0.137, 1.849,-0.086, 0.302, 0.628,-0.095,-0.027, 0.000;
0.451,6.607,59.519,1.987,64.139,-1.683, 0.449, 0.606,0.000,0.000,0.000, 2.163,-0.309, 1.249,-0.088, 0.302, 0.628,-0.678, 0.041, 0.032, 0.480, 0.140, 1.854,-0.088, 0.302, 0.628,-0.095,-0.028, 0.000;
0.456,6.674,59.469,2.038,64.105,-1.683, 0.449, 0.606,0.000,0.000,0.000, 2.163,-0.307, 1.252,-0.089, 0.301, 0.628,-0.625,-0.008, 0.080, 0.480, 0.141, 1.857,-0.089, 0.301, 0.628,-0.095,-0.028, 0.000;
0.462,6.714,59.439,2.069,64.084,-1.683, 0.449, 0.606,0.000,0.000,0.000, 2.162,-0.305, 1.256,-0.090, 0.301, 0.628,-0.556, 0.056, 0.017, 0.479, 0.143, 1.861,-0.090, 0.301, 0.628,-0.095,-0.028, 0.000;
0.469,6.767,59.399,2.109,64.057,-1.683, 0.449, 0.606,0.000,0.000,0.000, 2.161,-0.303, 1.260,-0.091, 0.301, 0.628,-0.485,-0.010,-0.049, 0.478, 0.145, 1.865,-0.091, 0.301, 0.628,-0.094,-0.029, 0.000;
0.475,6.822,59.357,2.151,64.028,-1.683, 0.449, 0.606,0.000,0.000,0.000, 2.161,-0.302, 1.264,-0.092, 0.300, 0.628,-0.420, 0.051, 0.012, 0.478, 0.147, 1.869,-0.092, 0.300, 0.628,-0.094,-0.029, 0.000;
0.483,6.873,59.318,2.189,64.001,-1.683, 0.449, 0.606,0.000,0.000,0.000, 2.160,-0.299, 1.269,-0.094, 0.300, 0.628,-0.337,-0.029, 0.092, 0.477, 0.149, 1.874,-0.094, 0.300, 0.628,-0.094,-0.029, 0.000;
0.488,6.939,59.267,2.240,63.966,-1.683, 0.449, 0.606,0.000,0.000,0.000, 2.160,-0.298, 1.272,-0.095, 0.300, 0.628,-0.285, 0.022, 0.042, 0.477, 0.151, 1.877,-0.095, 0.300, 0.628,-0.094,-0.030, 0.000;
0.494,6.980,59.234,2.271,63.944,-1.683, 0.449, 0.606,0.000,0.000,0.000, 2.159,-0.296, 1.276,-0.096, 0.299, 0.628,-0.220,-0.042,-0.022, 0.476, 0.153, 1.881,-0.096, 0.299, 0.628,-0.094,-0.030, 0.000;
0.501,7.033,59.193,2.311,63.915,-1.683, 0.449, 0.606,0.000,0.000,0.000, 2.158,-0.294, 1.280,-0.097, 0.299, 0.628,-0.148, 0.029,-0.093, 0.475, 0.155, 1.886,-0.097, 0.299, 0.628,-0.094,-0.031, 0.000;
0.513,6.529,59.188,1.793,63.924,-1.683, 0.449, 0.615,0.000,0.000,0.779, 2.157,-0.290, 1.279,-0.100, 0.298,-0.150,-0.030,-0.088, 0.029, 0.474, 0.158, 1.893,-0.100, 0.298, 0.628,-0.094,-0.031, 0.000;
0.517,6.760,59.498,2.855,63.403,-1.683, 0.449, 0.606,0.000,0.000,-2.583, 2.157,-0.289, 1.290,-0.100, 0.298, 3.211,-0.065,-0.053,-0.007, 0.474, 0.159, 1.895,-0.100, 0.298, 0.628,-0.094,-0.031, 0.000;
0.521,8.584,57.679,1.081,65.183,-1.683, 0.449, 0.606,0.000,0.000,0.000, 2.156,-0.288, 1.292,-0.101, 0.297, 0.628,-0.024,-0.012,-0.049, 0.473, 0.161, 1.898,-0.101, 0.297, 0.628,-0.093,-0.032, 0.000;
0.527,7.249,59.021,2.474,63.796,-1.683, 0.449, 0.606,0.000,0.000,0.000, 2.156,-0.286, 1.297,-0.102, 0.297, 0.628,-0.090,-0.078,-0.115, 0.473, 0.163, 1.902,-0.102, 0.297, 0.628,-0.093,-0.032, 0.000;
0.532,7.303,58.977,2.515,63.765,-1.683, 0.449, 0.606,0.000,0.000,0.000, 2.155,-0.284, 1.300,-0.103, 0.297, 0.628,-0.039,-0.026,-0.166, 0.472, 0.164, 1.905,-0.103, 0.297, 0.628,-0.093,-0.032, 0.000;
0.539,7.344,58.943,2.546,63.741,-1.683, 0.449, 0.606,0.000,0.000,0.000, 2.155,-0.283, 1.304,-0.104, 0.296, 0.628, 0.024, 0.036,-0.103, 0.472, 0.166, 1.909,-0.104, 0.296, 0.628,-0.093,-0.033, 0.000;
0.546,7.395,58.902,2.584,63.712,-1.683, 0.449, 0.606,0.000,0.000,0.000, 2.154,-0.280, 1.308,-0.106, 0.296, 0.628,-0.051, 0.112,-0.028, 0.471, 0.168, 1.914,-0.106, 0.296, 0.628,-0.093,-0.033, 0.000;
0.551,7.456,58.851,2.630,63.677,-1.683, 0.449, 0.606,0.000,0.000,0.000, 2.153,-0.279, 1.312,-0.107, 0.296, 0.628,-0.001, 0.062, 0.022, 0.470, 0.170, 1.917,-0.107, 0.296, 0.628,-0.093,-0.034, 0.000;
0.558,7.496,58.817,2.660,63.653,-1.683, 0.449, 0.606,0.000,0.000,0.000, 2.153,-0.277, 1.316,-0.108, 0.295, 0.628,-0.069,-0.006, 0.090, 0.470, 0.172, 1.921,-0.108, 0.295, 0.628,-0.093,-0.034, 0.000;
0.565,7.550,58.772,2.701,63.621,-1.683, 0.449, 0.606,0.000,0.000,0.000, 2.152,-0.275, 1.320,-0.109, 0.295, 0.628, 0.002, 0.065, 0.019, 0.469, 0.174, 1.926,-0.109, 0.295, 0.628,-0.093,-0.034, 0.000;
0.571,7.607,58.724,2.744,63.587,-1.683, 0.449, 0.606,0.000,0.000,0.000, 2.151,-0.273, 1.324,-0.110, 0.294, 0.628,-0.062, 0.001,-0.045, 0.468, 0.176, 1.930,-0.110, 0.294, 0.628,-0.092,-0.035, 0.000;
0.578,7.658,58.680,2.782,63.556,-1.683, 0.449, 0.606,0.000,0.000,0.000, 2.150,-0.271, 1.328,-0.112, 0.294, 0.628, 0.003, 0.065, 0.020, 0.467, 0.178, 1.934,-0.112, 0.294, 0.628,-0.092,-0.035, 0.000;
0.584,7.709,58.636,2.820,63.525,-1.683, 0.449, 0.606,0.000,0.000,0.000, 2.150,-0.269, 1.332,-0.113, 0.293, 0.628,-0.062, 0.000, 0.084, 0.467, 0.180, 1.938,-0.113, 0.293, 0.628,-0.092,-0.035, 0.000;
0.593,7.761,58.592,2.859,63.494,-1.683, 0.449, 0.606,0.000,0.000,0.000, 2.149,-0.267, 1.338,-0.114, 0.293, 0.628, 0.025, 0.087,-0.002, 0.466, 0.182, 1.943,-0.114, 0.293, 0.628,-0.092,-0.036, 0.000;
0.598,7.829,58.532,2.910,63.451,-1.683, 0.449, 0.606,0.000,0.000,0.000, 2.148,-0.265, 1.341,-0.115, 0.292, 0.628,-0.024, 0.038,-0.051, 0.465, 0.183, 1.946,-0.115, 0.292, 0.628,-0.092,-0.036, 0.000;
0.603,7.867,58.498,2.938,63.427,-1.683, 0.449, 0.606,0.000,0.000,0.000, 2.147,-0.264, 1.344,-0.116, 0.292, 0.628, 0.025,-0.010,-0.002, 0.465, 0.185, 1.950,-0.116, 0.292, 0.628,-0.092,-0.036, 0.000;
0.615,7.905,58.465,2.966,63.404,-1.683, 0.449, 0.606,0.000,0.000,0.000, 2.146,-0.260, 1.351,-0.118, 0.291, 0.628,-0.095, 0.110, 0.117, 0.463, 0.188, 1.957,-0.118, 0.291, 0.628,-0.091,-0.037, 0.000;
0.619,7.999,58.382,3.036,63.344,-1.683, 0.449, 0.606,0.000,0.000,0.000, 2.146,-0.259, 1.354,-0.119, 0.291, 0.628,-0.048, 0.062, 0.070, 0.463, 0.190, 1.960,-0.119, 0.291, 0.628,-0.091,-0.037, 0.000;
0.625,8.035,58.349,3.064,63.320,-1.683, 0.449, 0.606,0.000,0.000,0.000, 2.145,-0.257, 1.358,-0.120, 0.290, 0.628, 0.006, 0.009, 0.017, 0.462, 0.191, 1.963,-0.120, 0.290, 0.628,-0.091,-0.038, 0.000;
0.628,8.077,58.311,3.094,63.293,-1.683, 0.449, 0.606,0.000,0.000,0.000, 2.145,-0.256, 1.360,-0.121, 0.290, 0.628,-0.026, 0.041,-0.015, 0.462, 0.192, 1.965,-0.121, 0.290, 0.628,-0.091,-0.038, 0.000;
0.635,8.101,58.289,3.113,63.277,-1.683, 0.449, 0.606,0.000,0.000,0.000, 2.144,-0.254, 1.364,-0.122, 0.289, 0.628, 0.047,-0.033,-0.089, 0.461, 0.194, 1.970,-0.122, 0.289, 0.628,-0.091,-0.038, 0.000;
0.642,8.159,58.236,3.155,63.240,-1.683, 0.449, 0.606,0.000,0.000,0.000, 2.143,-0.252, 1.368,-0.123, 0.289, 0.628,-0.016, 0.031,-0.025, 0.460, 0.196, 1.974,-0.123, 0.289, 0.628,-0.091,-0.039, 0.000;
0.647,8.208,58.191,3.191,63.207,-1.683, 0.449, 0.606,0.000,0.000,0.000, 2.142,-0.251, 1.372,-0.124, 0.289, 0.628, 0.039,-0.025, 0.030, 0.459, 0.198, 1.977,-0.124, 0.289, 0.628,-0.091,-0.039, 0.000;
0.654,8.250,58.152,3.223,63.179,-1.683, 0.449, 0.606,0.000,0.000,0.000, 2.141,-0.249, 1.376,-0.126, 0.288, 0.628,-0.031, 0.045,-0.040, 0.458, 0.200, 1.982,-0.126, 0.288, 0.628,-0.090,-0.039, 0.000;
0.660,7.751,58.152,2.709,63.193,-1.683, 0.449, 0.615,0.000,0.000,1.491, 2.141,-0.247, 1.371,-0.127, 0.288,-0.862, 0.031,-0.016, 0.024, 0.458, 0.202, 1.986,-0.127, 0.288, 0.628,-0.090,-0.040, 0.000;
0.666,7.546,58.862,4.101,62.307,-1.683, 0.449, 0.606,0.000,0.000,-1.494, 2.140,-0.245, 1.384,-0.128, 0.287, 2.123,-0.031, 0.045,-0.038, 0.457, 0.203, 1.989,-0.128, 0.287, 0.628,-0.090,-0.040, 0.000;
0.673,9.189,57.222,2.540,63.871,-1.683, 0.449, 0.606,0.000,0.000,0.000, 2.139,-0.244, 1.388,-0.129, 0.287, 0.628, 0.033,-0.018,-0.101, 0.456, 0.205, 1.993,-0.129, 0.287, 0.628,-0.090,-0.040, 0.000;
0.681,8.445,57.968,3.366,63.046,-1.683, 0.449, 0.606,0.000,0.000,0.000, 2.138,-0.241, 1.393,-0.130, 0.286, 0.628,-0.056, 0.070,-0.013, 0.455, 0.208, 1.999,-0.130, 0.286, 0.628,-0.090,-0.041, 0.000;
0.690,8.511,57.904,3.415,63.000,-1.683, 0.449, 0.606,0.000,0.000,0.000, 2.137,-0.238, 1.399,-0.132, 0.285, 0.628, 0.034,-0.020, 0.077, 0.454, 0.210, 2.005,-0.132, 0.285, 0.628,-0.090,-0.041, 0.000;
0.695,8.579,57.839,3.465,62.952,-1.683, 0.449, 0.606,0.000,0.000,0.000, 2.136,-0.237, 1.402,-0.133, 0.285, 0.628,-0.014, 0.028, 0.029, 0.453, 0.212, 2.008,-0.133, 0.285, 0.628,-0.089,-0.042, 0.000;
0.699,8.615,57.803,3.492,62.927,-1.683, 0.449, 0.606,0.000,0.000,0.000, 2.136,-0.236, 1.404,-0.134, 0.284, 0.628, 0.019,-0.005,-0.005, 0.453, 0.212, 2.010,-0.134, 0.284, 0.628,-0.089,-0.042, 0.000;
0.704,8.089,57.832,2.959,62.962,-1.683, 0.449, 0.615,0.000,0.000,1.542, 2.135,-0.234, 1.399,-0.135, 0.284,-0.913,-0.040, 0.054, 0.057, 0.452, 0.214, 2.013,-0.135, 0.284, 0.628,-0.089,-0.042, 0.000;
0.711,7.852,58.567,4.373,62.046,-1.683, 0.449, 0.606,0.000,0.000,-1.447, 2.134,-0.233, 1.412,-0.136, 0.283, 2.075, 0.023,-0.009,-0.007, 0.451, 0.216, 2.017,-0.136, 0.283, 0.628,-0.089,-0.043, 0.000;
0.717,9.497,56.922,2.810,63.610,-1.683, 0.449, 0.606,0.000,0.000,0.000, 2.133,-0.231, 1.416,-0.137, 0.283, 0.628,-0.042, 0.056,-0.072, 0.450, 0.218, 2.021,-0.137, 0.283, 0.628,-0.089,-0.043, 0.000;
0.724,8.779,57.641,3.611,62.808,-1.683, 0.449, 0.606,0.000,0.000,0.000, 2.132,-0.229, 1.420,-0.138, 0.282, 0.628, 0.022,-0.008,-0.136, 0.449, 0.220, 2.025,-0.138, 0.282, 0.628,-0.089,-0.043, 0.000;
0.730,8.826,57.593,3.646,62.773,-1.683, 0.449, 0.606,0.000,0.000,0.000, 2.131,-0.227, 1.424,-0.139, 0.282, 0.628,-0.041, 0.056,-0.072, 0.448, 0.221, 2.029,-0.139, 0.282, 0.628,-0.088,-0.044, 0.000;
0.736,8.873,57.546,3.680,62.739,-1.683, 0.449, 0.606,0.000,0.000,0.000, 2.130,-0.225, 1.428,-0.140, 0.281, 0.628, 0.022,-0.008,-0.009, 0.447, 0.223, 2.033,-0.140, 0.281, 0.628,-0.088,-0.044, 0.000;
0.743,8.919,57.498,3.714,62.704,-1.683, 0.449, 0.606,0.000,0.000,0.000, 2.129,-0.224, 1.432,-0.141, 0.281, 0.628,-0.044, 0.058, 0.058, 0.447, 0.225, 2.038,-0.141, 0.281, 0.628,-0.088,-0.044, 0.000;
0.749,8.968,57.448,3.749,62.667,-1.683, 0.449, 0.606,0.000,0.000,0.000, 2.129,-0.222, 1.436,-0.142, 0.280, 0.628, 0.017,-0.003,-0.004, 0.446, 0.227, 2.041,-0.142, 0.280, 0.628,-0.088,-0.045, 0.000;
0.755,9.012,57.402,3.781,62.633,-1.683, 0.449, 0.606,0.000,0.000,0.000, 2.128,-0.220, 1.440,-0.144, 0.279, 0.628,-0.045, 0.060,-0.067, 0.445, 0.229, 2.045,-0.144, 0.279, 0.628,-0.088,-0.045, 0.000;
0.762,9.058,57.354,3.814,62.598,-1.683, 0.449, 0.606,0.000,0.000,0.000, 2.127,-0.218, 1.444,-0.145, 0.279, 0.628, 0.020,-0.006,-0.001, 0.444, 0.230, 2.050,-0.145, 0.279, 0.628,-0.088,-0.045, 0.000;
0.768,9.105,57.305,3.849,62.561,-1.683, 0.449, 0.606,0.000,0.000,0.000, 2.126,-0.217, 1.448,-0.146, 0.278, 0.628,-0.042, 0.057, 0.061, 0.443, 0.232, 2.053,-0.146, 0.278, 0.628,-0.087,-0.046, 0.000;
0.775,9.150,57.257,3.881,62.526,-1.683, 0.449, 0.606,0.000,0.000,0.000, 2.125,-0.215, 1.452,-0.147, 0.278, 0.628, 0.026,-0.011,-0.007, 0.442, 0.234, 2.058,-0.147, 0.278, 0.628,-0.087,-0.046, 0.000;
0.781,9.199,57.205,3.917,62.488,-1.683, 0.449, 0.606,0.000,0.000,0.000, 2.124,-0.213, 1.456,-0.148, 0.277, 0.628,-0.035, 0.049,-0.067, 0.441, 0.236, 2.062,-0.148, 0.277, 0.628,-0.087,-0.047, 0.000;
0.788,8.697,57.216,3.402,62.511,-1.683, 0.449, 0.615,0.000,0.000,1.405, 2.123,-0.211, 1.451,-0.149, 0.276,-0.776, 0.030,-0.016, 0.000, 0.440, 0.237, 2.066,-0.149, 0.276, 0.628,-0.087,-0.047, 0.000;
0.794,8.530,57.868,4.740,61.658,-1.683, 0.449, 0.606,0.000,0.000,-1.416, 2.122,-0.209, 1.464,-0.150, 0.276, 2.045,-0.034, 0.048,-0.065, 0.439, 0.239, 2.070,-0.150, 0.276, 0.628,-0.087,-0.047, 0.000;
0.800,10.085,56.309,3.263,63.130,-1.683, 0.449, 0.606,0.000,0.000,0.000, 2.121,-0.208, 1.468,-0.151, 0.275, 0.628, 0.027,-0.013,-0.127, 0.438, 0.241, 2.074,-0.151, 0.275, 0.628,-0.086,-0.048, 0.000;
0.807,8.833,57.070,3.501,62.403,-1.683, 0.449, 0.615,0.000,0.000,1.384, 2.120,-0.206, 1.463,-0.153, 0.275,-0.756,-0.038, 0.053,-0.058, 0.437, 0.243, 2.078,-0.153, 0.275, 0.628,-0.086,-0.048, 0.000;
0.813,8.676,57.708,4.826,61.558,-1.683, 0.449, 0.606,0.000,0.000,-1.460, 2.119,-0.204, 1.476,-0.154, 0.274, 2.088, 0.024,-0.010,-0.121, 0.436, 0.244, 2.082,-0.154, 0.274, 0.628,-0.086,-0.048, 0.000;
0.820,10.242,56.138,3.336,63.043,-1.683, 0.449, 0.606,0.000,0.000,0.000, 2.118,-0.202, 1.480,-0.155, 0.273, 0.628,-0.043, 0.057,-0.188, 0.435, 0.246, 2.086,-0.155, 0.273, 0.628,-0.086,-0.049, 0.000;
0.826,9.515,56.859,4.143,62.231,-1.683, 0.449, 0.606,0.000,0.000,0.000, 2.117,-0.201, 1.484,-0.156, 0.273, 0.628, 0.022,-0.008,-0.123, 0.434, 0.248, 2.090,-0.156, 0.273, 0.628,-0.086,-0.049, 0.000;
0.832,9.560,56.808,4.175,62.193,-1.683, 0.449, 0.606,0.000,0.000,0.000, 2.116,-0.199, 1.488,-0.157, 0.272, 0.628,-0.038, 0.052,-0.063, 0.433, 0.250, 2.094,-0.157, 0.272, 0.628,-0.086,-0.049, 0.000;
0.838,9.601,56.761,4.205,62.158,-1.683, 0.449, 0.606,0.000,0.000,0.000, 2.115,-0.197, 1.492,-0.158, 0.272, 0.628, 0.024,-0.010,-0.001, 0.432, 0.251, 2.097,-0.158, 0.272, 0.628,-0.085,-0.050, 0.000;
0.845,9.644,56.713,4.235,62.122,-1.683, 0.449, 0.606,0.000,0.000,0.000, 2.114,-0.195, 1.496,-0.159, 0.271, 0.628,-0.045, 0.059, 0.068, 0.431, 0.253, 2.102,-0.159, 0.271, 0.628,-0.085,-0.050, 0.000;
0.851,9.691,56.659,4.268,62.081,-1.683, 0.449, 0.606,0.000,0.000,0.000, 2.113,-0.194, 1.500,-0.160, 0.270, 0.628, 0.016,-0.001, 0.007, 0.430, 0.255, 2.106,-0.160, 0.270, 0.628,-0.085,-0.050, 0.000;
0.857,9.732,56.611,4.298,62.045,-1.683, 0.449, 0.606,0.000,0.000,0.000, 2.112,-0.192, 1.504,-0.161, 0.270, 0.628,-0.048, 0.062,-0.056, 0.429, 0.257, 2.110,-0.161, 0.270, 0.628,-0.085,-0.051, 0.000;
0.864,9.776,56.560,4.328,62.008,-1.683, 0.449, 0.606,0.000,0.000,0.000, 2.111,-0.190, 1.508,-0.162, 0.269, 0.628, 0.017,-0.003, 0.009, 0.428, 0.258, 2.114,-0.162, 0.269, 0.628,-0.085,-0.051, 0.000;
0.870,9.819,56.509,4.359,61.969,-1.683, 0.449, 0.606,0.000,0.000,0.000, 2.110,-0.189, 1.512,-0.163, 0.268, 0.628,-0.045, 0.059, 0.070, 0.427, 0.260, 2.117,-0.163, 0.268, 0.628,-0.084,-0.051, 0.000;
0.877,9.861,56.460,4.389,61.932,-1.683, 0.449, 0.606,0.000,0.000,0.000, 2.109,-0.187, 1.516,-0.164, 0.268, 0.628, 0.020,-0.006, 0.005, 0.426, 0.262, 2.122,-0.164, 0.268, 0.628,-0.084,-0.052, 0.000;
0.884,9.905,56.408,4.419,61.893,-1.683, 0.449, 0.606,0.000,0.000,0.000, 2.108,-0.185, 1.520,-0.166, 0.267, 0.628,-0.050, 0.064,-0.064, 0.425, 0.264, 2.126,-0.166, 0.267, 0.628,-0.084,-0.052, 0.000;
0.890,9.952,56.351,4.452,61.851,-1.683, 0.449, 0.606,0.000,0.000,0.000, 2.107,-0.183, 1.524,-0.167, 0.266, 0.628, 0.011, 0.003,-0.003, 0.424, 0.265, 2.130,-0.167, 0.266, 0.628,-0.084,-0.052, 0.000;
0.896,9.454,56.365,3.942,61.877,-1.683, 0.449, 0.615,0.000,0.000,1.383, 2.106,-0.182, 1.519,-0.168, 0.266,-0.754,-0.055, 0.069, 0.065, 0.423, 0.267, 2.134,-0.168, 0.266, 0.628,-0.083,-0.053, 0.000;
0.903,9.289,56.996,5.259,61.026,-1.683, 0.449, 0.606,0.000,0.000,-1.333, 2.105,-0.180, 1.533,-0.169, 0.265, 1.961, 0.014, 0.000,-0.004, 0.422, 0.269, 2.138,-0.169, 0.265, 0.628,-0.083,-0.053, 0.000;
0.910,10.788,55.487,3.837,62.438,-1.683, 0.449, 0.606,0.000,0.000,0.000, 2.103,-0.178, 1.537,-0.170, 0.264, 0.628,-0.051, 0.065,-0.070, 0.421, 0.270, 2.142,-0.170, 0.264, 0.628,-0.083,-0.053, 0.000;
0.915,10.125,56.140,4.573,61.691,-1.683, 0.449, 0.606,0.000,0.000,0.000, 2.103,-0.177, 1.540,-0.171, 0.264, 0.628, 0.005, 0.009,-0.126, 0.420, 0.272, 2.146,-0.171, 0.264, 0.628,-0.083,-0.054, 0.000;
0.922,10.162,56.094,4.599,61.657,-1.683, 0.449, 0.606,0.000,0.000,0.000, 2.101,-0.175, 1.544,-0.172, 0.263, 0.628,-0.059, 0.073,-0.062, 0.418, 0.274, 2.150,-0.172, 0.263, 0.628,-0.083,-0.054, 0.000;
0.928,10.203,56.042,4.628,61.617,-1.683, 0.449, 0.606,0.000,0.000,0.000, 2.100,-0.173, 1.549,-0.173, 0.262, 0.628, 0.010, 0.004, 0.007, 0.417, 0.275, 2.154,-0.173, 0.262, 0.628,-0.082,-0.054, 0.000;
0.937,9.712,56.051,4.122,61.640,-1.683, 0.449, 0.615,0.000,0.000,1.096, 2.099,-0.171, 1.545,-0.174, 0.261,-0.467,-0.074, 0.087, 0.093, 0.416, 0.278, 2.159,-0.174, 0.261, 0.628,-0.082,-0.055, 0.000;
0.940,9.707,56.512,5.291,60.927,-1.683, 0.449, 0.606,0.000,0.000,-2.537, 2.098,-0.170, 1.556,-0.175, 0.261, 3.165,-0.038, 0.051, 0.057, 0.415, 0.279, 2.162,-0.175, 0.261, 0.628,-0.082,-0.055, 0.000;
0.947,11.669,54.543,3.368,62.844,-1.683, 0.449, 0.606,0.000,0.000,0.000, 2.097,-0.168, 1.560,-0.176, 0.260, 0.628, 0.026,-0.013,-0.008, 0.414, 0.280, 2.166,-0.176, 0.260, 0.628,-0.082,-0.055, 0.000;
0.953,10.366,55.834,4.740,61.460,-1.683, 0.449, 0.606,0.000,0.000,0.000, 2.096,-0.167, 1.564,-0.177, 0.259, 0.628,-0.039, 0.053,-0.073, 0.413, 0.282, 2.170,-0.177, 0.259, 0.628,-0.082,-0.056, 0.000;
0.960,10.408,55.780,4.769,61.419,-1.683, 0.449, 0.606,0.000,0.000,0.000, 2.095,-0.165, 1.568,-0.178, 0.259, 0.628, 0.024,-0.011,-0.137, 0.412, 0.284, 2.174,-0.178, 0.259, 0.628,-0.081,-0.056, 0.000;
0.966,10.448,55.728,4.796,61.379,-1.683, 0.449, 0.606,0.000,0.000,0.000, 2.094,-0.163, 1.572,-0.179, 0.258, 0.628,-0.038, 0.052,-0.074, 0.411, 0.285, 2.178,-0.179, 0.258, 0.628,-0.081,-0.056, 0.000;
0.972,10.487,55.676,4.824,61.340,-1.683, 0.449, 0.606,0.000,0.000,0.000, 2.093,-0.162, 1.576,-0.180, 0.257, 0.628, 0.026,-0.013,-0.009, 0.410, 0.287, 2.182,-0.180, 0.257, 0.628,-0.081,-0.057, 0.000;
0.979,10.528,55.622,4.851,61.299,-1.683, 0.449, 0.606,0.000,0.000,0.000, 2.091,-0.160, 1.580,-0.181, 0.257, 0.628,-0.037, 0.050, 0.053, 0.408, 0.288, 2.186,-0.181, 0.257, 0.628,-0.081,-0.057, 0.000;
0.985,10.567,55.569,4.878,61.259,-1.683, 0.449, 0.606,0.000,0.000,0.000, 2.090,-0.159, 1.584,-0.182, 0.256, 0.628, 0.028,-0.015,-0.012, 0.407, 0.290, 2.190,-0.182, 0.256, 0.628,-0.080,-0.057, 0.000;
0.991,10.608,55.515,4.906,61.217,-1.683, 0.449, 0.606,0.000,0.000,0.000, 2.089,-0.157, 1.588,-0.183, 0.255, 0.628,-0.036, 0.049,-0.076, 0.406, 0.292, 2.194,-0.183, 0.255, 0.628,-0.080,-0.058, 0.000;
0.998,10.648,55.461,4.933,61.176,-1.683, 0.449, 0.606,0.000,0.000,0.000, 2.088,-0.155, 1.592,-0.184, 0.254, 0.628, 0.027,-0.013,-0.013, 0.405, 0.293, 2.198,-0.184, 0.254, 0.628,-0.080,-0.058, 0.000;
1.004,10.686,55.408,4.959,61.136,-1.683, 0.449, 0.606,0.000,0.000,0.000, 2.087,-0.154, 1.596,-0.185, 0.254, 0.628,-0.039, 0.053, 0.054, 0.404, 0.295, 2.202,-0.185, 0.254, 0.628,-0.080,-0.058, 0.000;
1.011,10.727,55.352,4.987,61.092,-1.683, 0.449, 0.606,0.000,0.000,0.000, 2.085,-0.152, 1.600,-0.186, 0.253, 0.628, 0.024,-0.010,-0.009, 0.403, 0.297, 2.206,-0.186, 0.253, 0.628,-0.079,-0.059, 0.000;
1.017,10.766,55.298,5.013,61.052,-1.683, 0.449, 0.606,0.000,0.000,0.000, 2.084,-0.150, 1.604,-0.187, 0.252, 0.628,-0.039, 0.053,-0.072, 0.401, 0.298, 2.210,-0.187, 0.252, 0.628,-0.079,-0.059, 0.000;
1.023,10.804,55.245,5.039,61.011,-1.683, 0.449, 0.606,0.000,0.000,0.000, 2.083,-0.149, 1.608,-0.188, 0.251, 0.628, 0.026,-0.012,-0.007, 0.400, 0.300, 2.214,-0.188, 0.251, 0.628,-0.079,-0.059, 0.000;
1.029,10.844,55.189,5.065,60.968,-1.683, 0.449, 0.606,0.000,0.000,0.000, 2.082,-0.147, 1.612,-0.189, 0.251, 0.628,-0.035, 0.048, 0.054, 0.399, 0.301, 2.218,-0.189, 0.251, 0.628,-0.079,-0.059, 0.000;
1.036,10.881,55.137,5.089,60.928,-1.683, 0.449, 0.606,0.000,0.000,0.000, 2.081,-0.146, 1.616,-0.190, 0.250, 0.628, 0.031,-0.017,-0.012, 0.398, 0.303, 2.222,-0.190, 0.250, 0.628,-0.079,-0.060, 0.000;
1.042,10.920,55.081,5.116,60.886,-1.683, 0.449, 0.606,0.000,0.000,0.000, 2.079,-0.144, 1.620,-0.191, 0.249, 0.628,-0.032, 0.046,-0.075, 0.397, 0.305, 2.226,-0.191, 0.249, 0.628,-0.078,-0.060, 0.000;
1.049,10.957,55.027,5.141,60.844,-1.683, 0.449, 0.606,0.000,0.000,0.000, 2.078,-0.142, 1.624,-0.192, 0.248, 0.628, 0.033,-0.020,-0.009, 0.395, 0.306, 2.230,-0.192, 0.248, 0.628,-0.078,-0.060, 0.000;
1.055,10.996,54.971,5.167,60.801,-1.683, 0.449, 0.606,0.000,0.000,0.000, 2.077,-0.141, 1.628,-0.193, 0.248, 0.628,-0.031, 0.044, 0.055, 0.394, 0.308, 2.234,-0.193, 0.248, 0.628,-0.078,-0.061, 0.000;
1.062,11.034,54.916,5.192,60.759,-1.683, 0.449, 0.606,0.000,0.000,0.000, 2.076,-0.139, 1.632,-0.194, 0.247, 0.628, 0.036,-0.022,-0.012, 0.393, 0.309, 2.238,-0.194, 0.247, 0.628,-0.078,-0.061, 0.000;
1.070,11.073,54.859,5.217,60.714,-1.683, 0.449, 0.606,0.000,0.000,0.000, 2.074,-0.137, 1.637,-0.196, 0.246, 0.628,-0.042, 0.055,-0.089, 0.391, 0.311, 2.243,-0.196, 0.246, 0.628,-0.077,-0.061, 0.000;
1.078,11.118,54.792,5.247,60.663,-1.683, 0.449, 0.606,0.000,0.000,0.000, 2.073,-0.135, 1.643,-0.197, 0.245, 0.628, 0.045,-0.031,-0.003, 0.390, 0.313, 2.248,-0.197, 0.245, 0.628,-0.077,-0.062, 0.000;
1.083,11.169,54.717,5.280,60.605,-1.683, 0.449, 0.606,0.000,0.000,0.000, 2.072,-0.134, 1.646,-0.198, 0.244, 0.628,-0.002, 0.016, 0.044, 0.389, 0.315, 2.251,-0.198, 0.244, 0.628,-0.077,-0.062, 0.000;
1.088,10.670,54.749,4.772,60.646,-1.683, 0.449, 0.615,0.000,0.000,1.973, 2.071,-0.133, 1.639,-0.198, 0.244,-1.345, 0.044,-0.031, 0.092, 0.388, 0.316, 2.254,-0.198, 0.244, 0.628,-0.077,-0.062, 0.000;
1.094,10.162,55.696,6.375,59.483,-1.683, 0.449, 0.606,0.000,0.000,-1.402, 2.069,-0.131, 1.653,-0.199, 0.243, 2.030,-0.021, 0.034, 0.026, 0.386, 0.317, 2.258,-0.199, 0.243, 0.628,-0.076,-0.063, 0.000;
1.100,12.002,53.836,4.597,61.242,-1.683, 0.449, 0.606,0.000,0.000,0.000, 2.068,-0.130, 1.656,-0.200, 0.242, 0.628, 0.039,-0.026,-0.034, 0.385, 0.319, 2.262,-0.200, 0.242, 0.628,-0.076,-0.063, 0.000;
1.110,11.293,54.527,5.361,60.459,-1.683, 0.449, 0.606,0.000,0.000,0.000, 2.066,-0.127, 1.663,-0.202, 0.241, 0.628,-0.064, 0.077,-0.137, 0.383, 0.321, 2.268,-0.202, 0.241, 0.628,-0.076,-0.063, 0.000;
1.113,11.351,54.436,5.399,60.389,-1.683, 0.449, 0.606,0.000,0.000,0.000, 2.066,-0.127, 1.665,-0.202, 0.240, 0.628,-0.034, 0.047,-0.107, 0.383, 0.322, 2.270,-0.202, 0.240, 0.628,-0.076,-0.064, 0.000;
1.119,11.368,54.411,5.410,60.369,-1.683, 0.449, 0.606,0.000,0.000,0.000, 2.064,-0.125, 1.668,-0.203, 0.240, 0.628, 0.027,-0.014,-0.046, 0.381, 0.323, 2.274,-0.203, 0.240, 0.628,-0.075,-0.064, 0.000;
1.126,11.402,54.357,5.432,60.327,-1.683, 0.449, 0.606,0.000,0.000,0.000, 2.063,-0.124, 1.673,-0.204, 0.239, 0.628,-0.040, 0.054, 0.022, 0.380, 0.325, 2.278,-0.204, 0.239, 0.628,-0.075,-0.064, 0.000;
1.132,11.440,54.297,5.456,60.281,-1.683, 0.449, 0.606,0.000,0.000,0.000, 2.062,-0.122, 1.676,-0.205, 0.238, 0.628, 0.018,-0.005, 0.080, 0.379, 0.326, 2.282,-0.205, 0.238, 0.628,-0.075,-0.064, 0.000;
1.138,11.472,54.246,5.476,60.241,-1.683, 0.449, 0.606,0.000,0.000,0.000, 2.060,-0.121, 1.680,-0.206, 0.237, 0.628,-0.045, 0.058, 0.017, 0.378, 0.328, 2.286,-0.206, 0.237, 0.628,-0.075,-0.065, 0.000;
1.145,11.507,54.190,5.499,60.198,-1.683, 0.449, 0.606,0.000,0.000,0.000, 2.059,-0.119, 1.684,-0.207, 0.236, 0.628, 0.019,-0.006,-0.047, 0.376, 0.329, 2.290,-0.207, 0.236, 0.628,-0.074,-0.065, 0.000;
1.151,11.542,54.133,5.521,60.154,-1.683, 0.449, 0.606,0.000,0.000,0.000, 2.058,-0.118, 1.688,-0.208, 0.236, 0.628,-0.044, 0.057, 0.016, 0.375, 0.331, 2.294,-0.208, 0.236, 0.628,-0.074,-0.065, 0.000;
1.157,11.576,54.076,5.543,60.110,-1.683, 0.449, 0.606,0.000,0.000,0.000, 2.056,-0.116, 1.692,-0.209, 0.235, 0.628, 0.019,-0.006, 0.079, 0.374, 0.332, 2.298,-0.209, 0.235, 0.628,-0.074,-0.066, 0.000;
1.164,11.610,54.020,5.564,60.066,-1.683, 0.449, 0.606,0.000,0.000,0.000, 2.055,-0.115, 1.696,-0.210, 0.234, 0.628,-0.045, 0.059, 0.015, 0.372, 0.334, 2.302,-0.210, 0.234, 0.628,-0.073,-0.066, 0.000;
1.170,11.645,53.963,5.586,60.022,-1.683, 0.449, 0.606,0.000,0.000,0.000, 2.054,-0.113, 1.700,-0.211, 0.233, 0.628, 0.020,-0.006,-0.050, 0.371, 0.335, 2.306,-0.211, 0.233, 0.628,-0.073,-0.066, 0.000;
1.176,11.680,53.905,5.608,59.977,-1.683, 0.449, 0.606,0.000,0.000,0.000, 2.052,-0.112, 1.704,-0.212, 0.232, 0.628,-0.043, 0.057, 0.013, 0.370, 0.337, 2.310,-0.212, 0.232, 0.628,-0.073,-0.066, 0.000;
1.183,11.713,53.848,5.629,59.933,-1.683, 0.449, 0.606,0.000,0.000,0.000, 2.051,-0.110, 1.708,-0.213, 0.231, 0.628, 0.020,-0.007, 0.076, 0.368, 0.338, 2.314,-0.213, 0.231, 0.628,-0.073,-0.067, 0.000;
1.189,11.747,53.791,5.650,59.888,-1.683, 0.449, 0.606,0.000,0.000,0.000, 2.050,-0.109, 1.712,-0.213, 0.230, 0.628,-0.043, 0.056, 0.013, 0.367, 0.340, 2.318,-0.213, 0.230, 0.628,-0.072,-0.067, 0.000;
1.196,11.780,53.734,5.670,59.844,-1.683, 0.449, 0.606,0.000,0.000,0.000, 2.048,-0.107, 1.716,-0.214, 0.230, 0.628, 0.022,-0.009,-0.052, 0.365, 0.341, 2.322,-0.214, 0.230, 0.628,-0.072,-0.067, 0.000;
1.203,11.814,53.676,5.691,59.798,-1.683, 0.449, 0.606,0.000,0.000,0.000, 2.047,-0.106, 1.721,-0.215, 0.229, 0.628,-0.048, 0.061, 0.019, 0.364, 0.343, 2.326,-0.215, 0.229, 0.628,-0.072,-0.068, 0.000;
1.209,11.850,53.612,5.714,59.749,-1.683, 0.449, 0.606,0.000,0.000,0.000, 2.046,-0.104, 1.725,-0.216, 0.228, 0.628, 0.012, 0.001, 0.079, 0.363, 0.344, 2.330,-0.216, 0.228, 0.628,-0.072,-0.068, 0.000;
1.217,11.881,53.558,5.733,59.706,-1.683, 0.449, 0.606,0.000,0.000,0.000, 2.044,-0.102, 1.730,-0.217, 0.227, 0.628,-0.072, 0.085,-0.006, 0.361, 0.346, 2.335,-0.217, 0.227, 0.628,-0.071,-0.068, 0.000;
1.221,11.925,53.481,5.759,59.646,-1.683, 0.449, 0.606,0.000,0.000,0.000, 2.043,-0.102, 1.733,-0.218, 0.226, 0.628,-0.029, 0.042,-0.049, 0.360, 0.347, 2.338,-0.218, 0.226, 0.628,-0.071,-0.069, 0.000;
1.228,11.947,53.442,5.772,59.616,-1.683, 0.449, 0.606,0.000,0.000,0.000, 2.041,-0.100, 1.737,-0.219, 0.225, 0.628, 0.034,-0.021, 0.015, 0.358, 0.349, 2.342,-0.219, 0.225, 0.628,-0.071,-0.069, 0.000;
1.234,11.979,53.384,5.792,59.571,-1.683, 0.449, 0.606,0.000,0.000,0.000, 2.040,-0.099, 1.741,-0.220, 0.224, 0.628,-0.032, 0.045, 0.081, 0.357, 0.350, 2.346,-0.220, 0.224, 0.628,-0.070,-0.069, 0.000;
1.243,12.012,53.324,5.812,59.524,-1.683, 0.449, 0.606,0.000,0.000,0.000, 2.038,-0.097, 1.746,-0.221, 0.223, 0.628, 0.058,-0.045,-0.009, 0.355, 0.352, 2.352,-0.221, 0.223, 0.628,-0.070,-0.069, 0.000;
1.250,12.056,53.242,5.839,59.460,-1.683, 0.449, 0.606,0.000,0.000,0.000, 2.036,-0.095, 1.751,-0.222, 0.222, 0.628,-0.012, 0.025,-0.079, 0.354, 0.354, 2.356,-0.222, 0.222, 0.628,-0.070,-0.070, 0.000;
1.256,12.091,53.178,5.859,59.410,-1.683, 0.449, 0.606,0.000,0.000,0.000, 2.035,-0.094, 1.754,-0.223, 0.221, 0.628, 0.043,-0.030,-0.024, 0.352, 0.355, 2.360,-0.223, 0.221, 0.628,-0.070,-0.070, 0.000;
1.259,12.118,53.127,5.875,59.370,-1.683, 0.449, 0.606,0.000,0.000,0.000, 2.034,-0.093, 1.757,-0.223, 0.221, 0.628, 0.005, 0.008, 0.015, 0.351, 0.356, 2.362,-0.223, 0.221, 0.628,-0.069,-0.070, 0.000;
1.266,12.137,53.092,5.886,59.343,-1.683, 0.449, 0.606,0.000,0.000,0.000, 2.033,-0.092, 1.761,-0.224, 0.220, 0.628, 0.070,-0.057, 0.080, 0.350, 0.357, 2.366,-0.224, 0.220, 0.628,-0.069,-0.070, 0.000;
1.274,12.168,53.033,5.905,59.296,-1.683, 0.449, 0.606,0.000,0.000,0.000, 2.031,-0.090, 1.766,-0.225, 0.219, 0.628,-0.010, 0.023,-0.000, 0.348, 0.359, 2.371,-0.225, 0.219, 0.628,-0.069,-0.071, 0.000;
1.279,12.207,52.959,5.928,59.238,-1.683, 0.449, 0.606,0.000,0.000,0.000, 2.030,-0.089, 1.769,-0.226, 0.218, 0.628, 0.038,-0.025,-0.048, 0.347, 0.360, 2.374,-0.226, 0.218, 0.628,-0.069,-0.071, 0.000;
1.285,12.230,52.914,5.941,59.203,-1.683, 0.449, 0.606,0.000,0.000,0.000, 2.029,-0.087, 1.773,-0.227, 0.217, 0.628,-0.027, 0.040, 0.017, 0.346, 0.361, 2.378,-0.227, 0.217, 0.628,-0.068,-0.071, 0.000;
1.291,11.750,52.935,5.448,59.237,-1.683, 0.449, 0.615,0.000,0.000,1.489, 2.027,-0.086, 1.768,-0.228, 0.216,-0.861, 0.034,-0.021, 0.080, 0.344, 0.363, 2.382,-0.228, 0.216, 0.628,-0.068,-0.072, 0.000;
1.298,11.486,53.601,6.779,58.308,-1.683, 0.449, 0.606,0.000,0.000,-1.424, 2.026,-0.085, 1.781,-0.229, 0.215, 2.053,-0.030, 0.043, 0.016, 0.343, 0.364, 2.386,-0.229, 0.215, 0.628,-0.068,-0.072, 0.000;
1.304,13.075,51.983,5.238,59.819,-1.683, 0.449, 0.606,0.000,0.000,0.000, 2.024,-0.083, 1.785,-0.230, 0.214, 0.628, 0.034,-0.021,-0.049, 0.341, 0.365, 2.390,-0.230, 0.214, 0.628,-0.067,-0.072, 0.000;
1.311,12.350,52.679,6.010,59.018,-1.683, 0.449, 0.606,0.000,0.000,0.000, 2.023,-0.082, 1.789,-0.231, 0.213, 0.628,-0.036, 0.049,-0.119, 0.340, 0.367, 2.395,-0.231, 0.213, 0.628,-0.067,-0.072, 0.000;
1.317,12.382,52.613,6.029,58.967,-1.683, 0.449, 0.606,0.000,0.000,0.000, 2.021,-0.081, 1.793,-0.231, 0.213, 0.628, 0.021,-0.008,-0.061, 0.338, 0.368, 2.398,-0.231, 0.213, 0.628,-0.067,-0.073, 0.000;
1.323,12.408,52.560,6.043,58.925,-1.683, 0.449, 0.606,0.000,0.000,0.000, 2.020,-0.079, 1.797,-0.232, 0.212, 0.628,-0.044, 0.057, 0.004, 0.337, 0.369, 2.402,-0.232, 0.212, 0.628,-0.066,-0.073, 0.000;
1.330,12.438,52.499,6.060,58.877,-1.683, 0.449, 0.606,0.000,0.000,0.000, 2.018,-0.078, 1.801,-0.233, 0.211, 0.628, 0.023,-0.010, 0.071, 0.335, 0.371, 2.407,-0.233, 0.211, 0.628,-0.066,-0.073, 0.000;
1.336,12.469,52.436,6.077,58.828,-1.683, 0.449, 0.606,0.000,0.000,0.000, 2.017,-0.076, 1.805,-0.234, 0.210, 0.628,-0.036, 0.049, 0.012, 0.334, 0.372, 2.410,-0.234, 0.210, 0.628,-0.066,-0.073, 0.000;
1.346,12.495,52.381,6.092,58.784,-1.683, 0.449, 0.606,0.000,0.000,0.000, 2.014,-0.074, 1.811,-0.235, 0.208, 0.628, 0.067,-0.054,-0.091, 0.332, 0.374, 2.417,-0.235, 0.208, 0.628,-0.065,-0.074, 0.000;
1.353,12.541,52.284,6.117,58.708,-1.683, 0.449, 0.606,0.000,0.000,0.000, 2.013,-0.073, 1.816,-0.236, 0.207, 0.628,-0.003, 0.016,-0.022, 0.330, 0.376, 2.421,-0.236, 0.207, 0.628,-0.065,-0.074, 0.000;
1.360,12.572,52.218,6.134,58.656,-1.683, 0.449, 0.606,0.000,0.000,0.000, 2.011,-0.072, 1.820,-0.237, 0.206, 0.628, 0.063,-0.050, 0.045, 0.328, 0.377, 2.425,-0.237, 0.206, 0.628,-0.065,-0.074, 0.000;
1.364,12.601,52.156,6.150,58.607,-1.683, 0.449, 0.606,0.000,0.000,0.000, 2.010,-0.071, 1.822,-0.237, 0.206, 0.628, 0.027,-0.014, 0.008, 0.327, 0.378, 2.428,-0.237, 0.206, 0.628,-0.065,-0.075, 0.000;
1.371,12.617,52.122,6.158,58.580,-1.683, 0.449, 0.606,0.000,0.000,0.000, 2.009,-0.069, 1.827,-0.238, 0.205, 0.628,-0.045, 0.058,-0.064, 0.326, 0.379, 2.432,-0.238, 0.205, 0.628,-0.064,-0.075, 0.000;
1.374,12.648,52.054,6.175,58.526,-1.683, 0.449, 0.606,0.000,0.000,0.000, 2.008,-0.069, 1.829,-0.239, 0.204, 0.628,-0.009, 0.021,-0.027, 0.325, 0.380, 2.434,-0.239, 0.204, 0.628,-0.064,-0.075, 0.000;
1.381,12.664,52.019,6.184,58.499,-1.683, 0.449, 0.606,0.000,0.000,0.000, 2.006,-0.067, 1.833,-0.240, 0.203, 0.628,-0.073, 0.085, 0.037, 0.323, 0.381, 2.438,-0.240, 0.203, 0.628,-0.064,-0.075, 0.000;
1.387,12.691,51.958,6.198,58.451,-1.683, 0.449, 0.606,0.000,0.000,0.000, 2.005,-0.066, 1.837,-0.240, 0.202, 0.628,-0.010, 0.022,-0.026, 0.322, 0.383, 2.442,-0.240, 0.202, 0.628,-0.064,-0.076, 0.000;
1.393,12.718,51.899,6.212,58.404,-1.683, 0.449, 0.606,0.000,0.000,0.000, 2.003,-0.065, 1.841,-0.241, 0.201, 0.628,-0.071,-0.039,-0.087, 0.320, 0.384, 2.446,-0.241, 0.201, 0.628,-0.063,-0.076, 0.000;
1.401,12.743,51.841,6.226,58.358,-1.683, 0.449, 0.606,0.000,0.000,0.000, 2.001,-0.063, 1.846,-0.242, 0.200, 0.628, 0.009, 0.041,-0.007, 0.318, 0.386, 2.451,-0.242, 0.200, 0.628,-0.063,-0.076, 0.000;
1.411,12.776,51.765,6.243,58.298,-1.683, 0.449, 0.606,0.000,0.000,0.000, 1.999,-0.061, 1.852,-0.243, 0.199, 0.628,-0.087,-0.056, 0.090, 0.316, 0.387, 2.457,-0.243, 0.199, 0.628,-0.062,-0.076, 0.000;
1.416,12.816,51.672,6.264,58.225,-1.683, 0.449, 0.606,0.000,0.000,0.000, 1.998,-0.060, 1.855,-0.244, 0.198, 0.628,-0.040,-0.008, 0.042, 0.315, 0.388, 2.460,-0.244, 0.198, 0.628,-0.062,-0.077, 0.000;
1.423,12.836,51.627,6.273,58.189,-1.683, 0.449, 0.606,0.000,0.000,0.000, 1.996,-0.059, 1.859,-0.245, 0.197, 0.628, 0.032,-0.080,-0.030, 0.313, 0.390, 2.465,-0.245, 0.197, 0.628,-0.062,-0.077, 0.000;
1.430,12.865,51.559,6.288,58.135,-1.683, 0.449, 0.606,0.000,0.000,0.000, 1.994,-0.057, 1.864,-0.246, 0.196, 0.628,-0.040,-0.007, 0.043, 0.311, 0.391, 2.469,-0.246, 0.196, 0.628,-0.061,-0.077, 0.000;
1.438,12.894,51.489,6.302,58.081,-1.683, 0.449, 0.606,0.000,0.000,0.000, 1.992,-0.056, 1.869,-0.247, 0.194, 0.628, 0.041,-0.088, 0.124, 0.309, 0.393, 2.474,-0.247, 0.194, 0.628,-0.061,-0.078, 0.000;
1.445,12.926,51.412,6.318,58.019,-1.683, 0.449, 0.606,0.000,0.000,0.000, 1.991,-0.054, 1.873,-0.248, 0.193, 0.628,-0.031,-0.016, 0.052, 0.308, 0.394, 2.479,-0.248, 0.193, 0.628,-0.061,-0.078, 0.000;
1.455,12.954,51.344,6.332,57.965,-1.683, 0.449, 0.606,0.000,0.000,0.000, 1.988,-0.053, 1.879,-0.249, 0.192, 0.628, 0.062,-0.109,-0.041, 0.305, 0.396, 2.485,-0.249, 0.192, 0.628,-0.060,-0.078, 0.000;
1.461,12.990,51.254,6.350,57.895,-1.683, 0.449, 0.606,0.000,0.000,0.000, 1.987,-0.051, 1.883,-0.250, 0.191, 0.628,-0.001,-0.046, 0.022, 0.304, 0.397, 2.489,-0.250, 0.191, 0.628,-0.060,-0.078, 0.000;
1.470,13.014,51.194,6.361,57.846,-1.683, 0.449, 0.606,0.000,0.000,0.000, 1.984,-0.050, 1.889,-0.251, 0.189, 0.628, 0.087, 0.042, 0.110, 0.302, 0.399, 2.494,-0.251, 0.189, 0.628,-0.060,-0.079, 0.000;
1.473,13.047,51.109,6.377,57.779,-1.683, 0.449, 0.606,0.000,0.000,0.000, 1.984,-0.049, 1.891,-0.251, 0.189, 0.628, 0.052, 0.008, 0.076, 0.301, 0.399, 2.496,-0.251, 0.189, 0.628,-0.059,-0.079, 0.000;
1.477,13.060,51.075,6.383,57.753,-1.683, 0.449, 0.606,0.000,0.000,0.000, 1.983,-0.048, 1.893,-0.251, 0.188, 0.628, 0.017, 0.043, 0.041, 0.300, 0.400, 2.499,-0.251, 0.188, 0.628,-0.059,-0.079, 0.000;
1.480,13.073,51.042,6.389,57.726,-1.683, 0.449, 0.606,0.000,0.000,0.000, 1.982,-0.048, 1.895,-0.252, 0.188, 0.628,-0.020, 0.006, 0.004, 0.299, 0.401, 2.501,-0.252, 0.188, 0.628,-0.059,-0.079, 0.000;
1.486,13.087,51.006,6.396,57.698,-1.683, 0.449, 0.606,0.000,0.000,0.000, 1.980,-0.047, 1.899,-0.252, 0.187, 0.628,-0.074, 0.060,-0.051, 0.298, 0.402, 2.504,-0.252, 0.187, 0.628,-0.059,-0.079, 0.000;
1.490,13.107,50.954,6.405,57.656,-1.683, 0.449, 0.606,0.000,0.000,0.000, 1.979,-0.046, 1.902,-0.253, 0.186, 0.628,-0.027, 0.013,-0.003, 0.296, 0.403, 2.507,-0.253, 0.186, 0.628,-0.058,-0.079, 0.000;
1.495,13.124,50.908,6.413,57.620,-1.683, 0.449, 0.606,0.000,0.000,0.000, 1.978,-0.045, 1.905,-0.254, 0.185, 0.628, 0.022, 0.062, 0.045, 0.295, 0.404, 2.510,-0.254, 0.185, 0.628,-0.058,-0.080, 0.000;
1.502,13.142,50.861,6.421,57.583,-1.683, 0.449, 0.606,0.000,0.000,0.000, 1.976,-0.044, 1.909,-0.254, 0.184, 0.628, 0.085,-0.002,-0.019, 0.293, 0.405, 2.514,-0.254, 0.184, 0.628,-0.058,-0.080, 0.000;
1.508,13.165,50.799,6.431,57.534,-1.683, 0.449, 0.606,0.000,0.000,0.000, 1.975,-0.043, 1.913,-0.255, 0.183, 0.628, 0.022, 0.061,-0.082, 0.292, 0.406, 2.518,-0.255, 0.183, 0.628,-0.058,-0.080, 0.000;
1.514,13.188,50.738,6.441,57.485,-1.683, 0.449, 0.606,0.000,0.000,0.000, 1.973,-0.041, 1.917,-0.256, 0.182, 0.628, 0.087,-0.004,-0.017, 0.290, 0.407, 2.522,-0.256, 0.182, 0.628,-0.057,-0.080, 0.000;
1.522,13.211,50.675,6.451,57.435,-1.683, 0.449, 0.606,0.000,0.000,0.000, 1.971,-0.040, 1.921,-0.257, 0.181, 0.628, 0.012, 0.070, 0.057, 0.288, 0.409, 2.527,-0.257, 0.181, 0.628,-0.057,-0.081, 0.000;
1.527,13.237,50.603,6.462,57.378,-1.683, 0.449, 0.606,0.000,0.000,0.000, 1.970,-0.039, 1.925,-0.257, 0.180, 0.628, 0.069, 0.014, 0.001, 0.287, 0.410, 2.531,-0.257, 0.180, 0.628,-0.057,-0.081, 0.000;
1.534,13.256,50.549,6.470,57.334,-1.683, 0.449, 0.606,0.000,0.000,0.000, 1.968,-0.038, 1.929,-0.258, 0.179, 0.628, 0.005, 0.078,-0.063, 0.285, 0.411, 2.535,-0.258, 0.179, 0.628,-0.056,-0.081, 0.000;
1.540,13.278,50.486,6.479,57.285,-1.683, 0.449, 0.606,0.000,0.000,0.000, 1.967,-0.037, 1.933,-0.259, 0.178, 0.628, 0.064, 0.018,-0.003, 0.284, 0.412, 2.538,-0.259, 0.178, 0.628,-0.056,-0.081, 0.000;
1.546,13.298,50.428,6.488,57.239,-1.683, 0.449, 0.606,0.000,0.000,0.000, 1.965,-0.036, 1.937,-0.259, 0.177, 0.628, 0.000, 0.082, 0.061, 0.282, 0.413, 2.542,-0.259, 0.177, 0.628,-0.056,-0.081, 0.000;
1.553,13.320,50.366,6.497,57.189,-1.683, 0.449, 0.606,0.000,0.000,0.000, 1.963,-0.035, 1.941,-0.260, 0.176, 0.628, 0.068, 0.014,-0.007, 0.280, 0.414, 2.547,-0.260, 0.176, 0.628,-0.055,-0.082, 0.000;
1.560,13.342,50.299,6.506,57.136,-1.683, 0.449, 0.606,0.000,0.000,0.000, 1.961,-0.033, 1.945,-0.261, 0.175, 0.628, 0.001, 0.082,-0.074, 0.278, 0.415, 2.551,-0.261, 0.175, 0.628,-0.055,-0.082, 0.000;
1.566,13.365,50.233,6.514,57.084,-1.683, 0.449, 0.606,0.000,0.000,0.000, 1.960,-0.032, 1.949,-0.262, 0.174, 0.628, 0.059, 0.023,-0.017, 0.277, 0.416, 2.554,-0.262, 0.174, 0.628,-0.055,-0.082, 0.000;
1.572,13.384,50.177,6.522,57.039,-1.683, 0.449, 0.606,0.000,0.000,0.000, 1.958,-0.031, 1.953,-0.262, 0.173, 0.628,-0.005, 0.087, 0.047, 0.275, 0.417, 2.558,-0.262, 0.173, 0.628,-0.054,-0.082, 0.000;
1.578,13.404,50.115,6.529,56.989,-1.683, 0.449, 0.606,0.000,0.000,0.000, 1.957,-0.030, 1.957,-0.263, 0.172, 0.628, 0.058, 0.024,-0.016, 0.274, 0.418, 2.562,-0.263, 0.172, 0.628,-0.054,-0.083, 0.000;
1.584,13.424,50.054,6.537,56.941,-1.683, 0.449, 0.606,0.000,0.000,0.000, 1.955,-0.029, 1.961,-0.264, 0.171, 0.628,-0.006, 0.087,-0.079, 0.272, 0.420, 2.566,-0.264, 0.171, 0.628,-0.054,-0.083, 0.000;
1.591,13.444,49.991,6.544,56.891,-1.683, 0.449, 0.606,0.000,0.000,0.000, 1.953,-0.028, 1.965,-0.264, 0.170, 0.628, 0.058, 0.023,-0.015, 0.270, 0.421, 2.570,-0.264, 0.170, 0.628,-0.053,-0.083, 0.000;
1.597,13.464,49.929,6.551,56.841,-1.683, 0.449, 0.606,0.000,0.000,0.000, 1.952,-0.027, 1.969,-0.265, 0.169, 0.628,-0.007, 0.089, 0.050, 0.269, 0.422, 2.574,-0.265, 0.169, 0.628,-0.053,-0.083, 0.000;
1.604,12.997,49.954,6.072,56.879,-1.683, 0.449, 0.615,0.000,0.000,1.477, 1.950,-0.026, 1.964,-0.266, 0.168,-0.849, 0.055, 0.027, 0.114, 0.267, 0.423, 2.578,-0.266, 0.168, 0.628,-0.053,-0.083, 0.000;
1.610,12.706,50.601,7.362,55.944,-1.683, 0.449, 0.606,0.000,0.000,-1.418, 1.948,-0.025, 1.977,-0.266, 0.167, 2.046,-0.010, 0.091, 0.049, 0.265, 0.424, 2.582,-0.266, 0.167, 0.628,-0.052,-0.084, 0.000;
1.616,14.274,48.989,5.820,57.443,-1.683, 0.449, 0.606,0.000,0.000,0.000, 1.947,-0.024, 1.981,-0.267, 0.166, 0.628, 0.054, 0.027,-0.015, 0.264, 0.425, 2.586,-0.267, 0.166, 0.628,-0.052,-0.084, 0.000;
1.623,13.541,49.678,6.578,56.641,-1.683, 0.449, 0.606,0.000,0.000,0.000, 1.945,-0.023, 1.985,-0.268, 0.165, 0.628,-0.010, 0.091,-0.080, 0.262, 0.426, 2.590,-0.268, 0.165, 0.628,-0.052,-0.084, 0.000;
1.629,13.560,49.615,6.584,56.591,-1.683, 0.449, 0.606,0.000,0.000,0.000, 1.943,-0.022, 1.989,-0.268, 0.163, 0.628, 0.058, 0.024,-0.012, 0.260, 0.427, 2.595,-0.268, 0.163, 0.628,-0.051,-0.084, 0.000;
1.635,13.580,49.548,6.590,56.538,-1.683, 0.449, 0.606,0.000,0.000,0.000, 1.941,-0.021, 1.993,-0.269, 0.162, 0.628,-0.002, 0.083, 0.048, 0.258, 0.428, 2.598,-0.269, 0.162, 0.628,-0.051,-0.084, 0.000;
1.642,13.597,49.489,6.595,56.491,-1.683, 0.449, 0.606,0.000,0.000,0.000, 1.940,-0.019, 1.997,-0.270, 0.161, 0.628, 0.067, 0.014,-0.022, 0.257, 0.429, 2.603,-0.270, 0.161, 0.628,-0.051,-0.085, 0.000;
1.649,13.616,49.421,6.601,56.436,-1.683, 0.449, 0.606,0.000,0.000,0.000, 1.938,-0.018, 2.001,-0.270, 0.160, 0.628, 0.005, 0.076,-0.083, 0.255, 0.430, 2.607,-0.270, 0.160, 0.628,-0.050,-0.085, 0.000;
1.655,13.634,49.360,6.606,56.387,-1.683, 0.449, 0.606,0.000,0.000,0.000, 1.936,-0.018, 2.005,-0.271, 0.159, 0.628, 0.067, 0.014,-0.022, 0.253, 0.431, 2.610,-0.271, 0.159, 0.628,-0.050,-0.085, 0.000;
1.661,13.651,49.299,6.611,56.338,-1.683, 0.449, 0.606,0.000,0.000,0.000, 1.934,-0.016, 2.009,-0.272, 0.158, 0.628, 0.001, 0.080, 0.044, 0.251, 0.432, 2.615,-0.272, 0.158, 0.628,-0.050,-0.085, 0.000;
1.668,13.187,49.323,6.134,56.376,-1.683, 0.449, 0.615,0.000,0.000,1.445, 1.933,-0.015, 2.004,-0.272, 0.157,-0.816, 0.064, 0.017, 0.110, 0.250, 0.433, 2.619,-0.272, 0.157, 0.628,-0.049,-0.086, 0.000;
1.676,12.425,50.041,6.919,55.547,-1.683, 0.449, 0.615,0.000,0.000,0.000, 1.931,-0.014, 2.009,-0.273, 0.156, 0.628,-0.015, 0.096, 0.191, 0.248, 0.434, 2.624,-0.273, 0.156, 0.628,-0.049,-0.086, 0.000;
1.683,13.692,49.107,6.640,56.159,-1.683, 0.449, 0.606,0.000,0.000,-1.282, 1.929,-0.013, 2.022,-0.274, 0.154, 1.911, 0.056, 0.024, 0.117, 0.246, 0.435, 2.628,-0.274, 0.154, 0.628,-0.048,-0.086, 0.000;
1.689,14.405,48.342,5.950,56.797,-1.683, 0.449, 0.606,0.000,0.000,0.000, 1.927,-0.012, 2.026,-0.274, 0.153, 0.628,-0.005, 0.086, 0.055, 0.244, 0.436, 2.632,-0.274, 0.153, 0.628,-0.048,-0.086, 0.000;
1.698,13.741,48.961,6.633,56.069,-1.683, 0.449, 0.606,0.000,0.000,0.000, 1.924,-0.011, 2.032,-0.275, 0.152, 0.628, 0.083,-0.002,-0.034, 0.242, 0.438, 2.637,-0.275, 0.152, 0.628,-0.048,-0.086, 0.000;
1.703,13.763,48.873,6.638,55.999,-1.683, 0.449, 0.606,0.000,0.000,0.000, 1.923,-0.010, 2.035,-0.276, 0.151, 0.628, 0.026, 0.054,-0.091, 0.240, 0.439, 2.641,-0.276, 0.151, 0.628,-0.047,-0.087, 0.000;
1.708,13.777,48.817,6.641,55.954,-1.683, 0.449, 0.606,0.000,0.000,0.000, 1.922,-0.009, 2.038,-0.276, 0.150, 0.628, 0.074, 0.006,-0.140, 0.239, 0.439, 2.644,-0.276, 0.150, 0.628,-0.047,-0.087, 0.000;
1.712,13.789,48.768,6.643,55.915,-1.683, 0.449, 0.606,0.000,0.000,0.000, 1.921,-0.009, 2.041,-0.276, 0.149, 0.628, 0.036, 0.044,-0.102, 0.238, 0.440, 2.646,-0.276, 0.149, 0.628,-0.047,-0.087, 0.000;
1.724,13.799,48.731,6.644,55.885,-1.683, 0.449, 0.606,0.000,0.000,0.000, 1.917,-0.007, 2.048,-0.278, 0.147, 0.628,-0.082,-0.074, 0.017, 0.234, 0.442, 2.654,-0.278, 0.147, 0.628,-0.046,-0.087, 0.000;
1.732,13.827,48.613,6.649,55.791,-1.683, 0.449, 0.606,0.000,0.000,0.000, 1.915,-0.006, 2.053,-0.278, 0.146, 0.628, 0.001, 0.009, 0.099, 0.232, 0.443, 2.659,-0.278, 0.146, 0.628,-0.046,-0.087, 0.000;
1.736,13.371,48.621,6.176,55.816,-1.683, 0.449, 0.615,0.000,0.000,2.267, 1.914,-0.005, 2.047,-0.279, 0.145,-1.639,-0.039,-0.032, 0.141, 0.231, 0.443, 2.662,-0.279, 0.145, 0.628,-0.046,-0.088, 0.000;
1.744,12.640,49.706,7.869,54.477,-1.683, 0.449, 0.606,0.000,0.000,-1.117, 1.912,-0.004, 2.061,-0.279, 0.144, 1.745, 0.042, 0.050, 0.058, 0.229, 0.445, 2.667,-0.279, 0.144, 0.628,-0.045,-0.088, 0.000;
1.751,14.466,47.817,6.064,56.219,-1.683, 0.449, 0.606,0.000,0.000,0.000, 1.910,-0.003, 2.066,-0.280, 0.142, 0.628,-0.031,-0.023,-0.016, 0.227, 0.446, 2.671,-0.280, 0.142, 0.628,-0.045,-0.088, 0.000;
1.758,13.890,48.335,6.657,55.568,-1.683, 0.449, 0.606,0.000,0.000,0.000, 1.908,-0.002, 2.070,-0.281, 0.141, 0.628, 0.035, 0.042,-0.082, 0.225, 0.447, 2.675,-0.281, 0.141, 0.628,-0.044,-0.088, 0.000;
1.764,13.905,48.269,6.658,55.516,-1.683, 0.449, 0.606,0.000,0.000,0.000, 1.906,-0.001, 2.074,-0.281, 0.140, 0.628,-0.025,-0.017,-0.022, 0.223, 0.447, 2.679,-0.281, 0.140, 0.628,-0.044,-0.088, 0.000;
1.770,13.918,48.210,6.659,55.468,-1.683, 0.449, 0.606,0.000,0.000,0.000, 1.904,-0.000, 2.077,-0.282, 0.139, 0.628, 0.031, 0.039, 0.034, 0.221, 0.448, 2.683,-0.282, 0.139, 0.628,-0.044,-0.088, 0.000;
1.775,13.930,48.154,6.660,55.423,-1.683, 0.449, 0.606,0.000,0.000,0.000, 1.903, 0.000, 2.080,-0.282, 0.138, 0.628,-0.019,-0.011,-0.015, 0.220, 0.449, 2.686,-0.282, 0.138, 0.628,-0.043,-0.089, 0.000;
1.779,13.940,48.104,6.660,55.384,-1.683, 0.449, 0.606,0.000,0.000,0.000, 1.902, 0.001, 2.083,-0.283, 0.137, 0.628, 0.031, 0.039,-0.065, 0.219, 0.450, 2.689,-0.283, 0.137, 0.628,-0.043,-0.089, 0.000;
1.783,13.950,48.055,6.661,55.344,-1.683, 0.449, 0.606,0.000,0.000,0.000, 1.901, 0.002, 2.086,-0.283, 0.137, 0.628,-0.008,-0.000,-0.026, 0.218, 0.450, 2.691,-0.283, 0.137, 0.628,-0.043,-0.089, 0.000;
1.789,13.958,48.016,6.661,55.313,-1.683, 0.449, 0.606,0.000,0.000,0.000, 1.899, 0.002, 2.089,-0.283, 0.136, 0.628, 0.049, 0.057, 0.032, 0.216, 0.451, 2.695,-0.283, 0.136, 0.628,-0.043,-0.089, 0.000;
1.796,13.969,47.958,6.661,55.267,-1.683, 0.449, 0.606,0.000,0.000,0.000, 1.897, 0.003, 2.093,-0.284, 0.135, 0.628,-0.016,-0.008,-0.033, 0.214, 0.452, 2.699,-0.284, 0.135, 0.628,-0.042,-0.089, 0.000;
1.802,13.982,47.893,6.661,55.215,-1.683, 0.449, 0.606,0.000,0.000,0.000, 1.895, 0.004, 2.098,-0.284, 0.133, 0.628, 0.049, 0.057,-0.098, 0.212, 0.453, 2.703,-0.284, 0.133, 0.628,-0.042,-0.089, 0.000;
1.809,13.995,47.829,6.660,55.163,-1.683, 0.449, 0.606,0.000,0.000,0.000, 1.893, 0.005, 2.102,-0.285, 0.132, 0.628,-0.019,-0.011,-0.029, 0.210, 0.454, 2.707,-0.285, 0.132, 0.628,-0.042,-0.090, 0.000;
1.817,14.008,47.760,6.660,55.108,-1.683, 0.449, 0.606,0.000,0.000,0.000, 1.891, 0.006, 2.107,-0.286, 0.131, 0.628, 0.065, 0.073, 0.055, 0.208, 0.455, 2.713,-0.286, 0.131, 0.628,-0.041,-0.090, 0.000;
1.830,14.023,47.676,6.658,55.041,-1.683, 0.449, 0.606,0.000,0.000,0.000, 1.887, 0.008, 2.115,-0.287, 0.128, 0.628,-0.060,-0.052,-0.069, 0.204, 0.456, 2.720,-0.287, 0.128, 0.628,-0.040,-0.090, 0.000;
1.833,14.046,47.551,6.656,54.940,-1.683, 0.449, 0.606,0.000,0.000,0.000, 1.886, 0.008, 2.117,-0.287, 0.128, 0.628,-0.023,-0.015,-0.106, 0.203, 0.457, 2.723,-0.287, 0.128, 0.628,-0.040,-0.090, 0.000;
1.837,14.052,47.514,6.655,54.911,-1.683, 0.449, 0.606,0.000,0.000,0.000, 1.885, 0.009, 2.119,-0.287, 0.127, 0.628, 0.013, 0.021,-0.070, 0.202, 0.457, 2.725,-0.287, 0.127, 0.628,-0.040,-0.090, 0.000;
1.841,14.058,47.478,6.654,54.882,-1.683, 0.449, 0.606,0.000,0.000,0.000, 1.884, 0.009, 2.122,-0.288, 0.126, 0.628,-0.024,-0.017,-0.032, 0.201, 0.458, 2.727,-0.288, 0.126, 0.628,-0.040,-0.090, 0.000;
1.846,14.065,47.440,6.653,54.852,-1.683, 0.449, 0.606,0.000,0.000,0.000, 1.883, 0.010, 2.125,-0.288, 0.126, 0.628, 0.026, 0.034, 0.019, 0.200, 0.458, 2.731,-0.288, 0.126, 0.628,-0.039,-0.090, 0.000;
1.852,14.073,47.389,6.651,54.811,-1.683, 0.449, 0.606,0.000,0.000,0.000, 1.881, 0.011, 2.129,-0.289, 0.124, 0.628,-0.039,-0.031, 0.085, 0.198, 0.459, 2.735,-0.289, 0.124, 0.628,-0.039,-0.091, 0.000;
1.859,14.084,47.323,6.649,54.758,-1.683, 0.449, 0.606,0.000,0.000,0.000, 1.879, 0.011, 2.133,-0.289, 0.123, 0.628, 0.024, 0.031, 0.022, 0.196, 0.460, 2.739,-0.289, 0.123, 0.628,-0.039,-0.091, 0.000;
1.866,14.094,47.260,6.647,54.708,-1.683, 0.449, 0.606,0.000,0.000,0.000, 1.877, 0.012, 2.137,-0.290, 0.122, 0.628,-0.045,-0.038,-0.047, 0.194, 0.461, 2.743,-0.290, 0.122, 0.628,-0.038,-0.091, 0.000;
1.874,14.105,47.191,6.644,54.652,-1.683, 0.449, 0.606,0.000,0.000,0.000, 1.875, 0.013, 2.143,-0.290, 0.120, 0.628, 0.040, 0.048, 0.038, 0.192, 0.462, 2.748,-0.290, 0.120, 0.628,-0.038,-0.091, 0.000;
1.878,14.118,47.105,6.640,54.583,-1.683, 0.449, 0.606,0.000,0.000,0.000, 1.873, 0.014, 2.145,-0.290, 0.120, 0.628, 0.003, 0.011, 0.075, 0.191, 0.462, 2.751,-0.290, 0.120, 0.628,-0.038,-0.091, 0.000;
1.884,13.660,47.161,6.174,54.646,-1.683, 0.449, 0.615,0.000,0.000,1.406, 1.872, 0.014, 2.140,-0.291, 0.119,-0.778,-0.062,-0.054, 0.142, 0.189, 0.463, 2.755,-0.291, 0.119, 0.628,-0.037,-0.091, 0.000;
1.891,13.373,47.763,7.394,53.742,-1.683, 0.449, 0.606,0.000,0.000,-1.356, 1.870, 0.015, 2.153,-0.291, 0.117, 1.985, 0.006, 0.013, 0.074, 0.187, 0.464, 2.759,-0.291, 0.117, 0.628,-0.037,-0.092, 0.000;
1.897,14.861,46.217,5.912,55.166,-1.683, 0.449, 0.606,0.000,0.000,0.000, 1.868, 0.016, 2.157,-0.292, 0.116, 0.628,-0.058,-0.051, 0.009, 0.185, 0.465, 2.763,-0.292, 0.116, 0.628,-0.036,-0.092, 0.000;
1.903,13.689,46.964,6.165,54.488,-1.683, 0.449, 0.615,0.000,0.000,1.511, 1.866, 0.017, 2.152,-0.292, 0.115,-0.883, 0.002, 0.010, 0.071, 0.183, 0.465, 2.767,-0.292, 0.115, 0.628,-0.036,-0.092, 0.000;
1.910,13.344,47.626,7.438,53.532,-1.683, 0.449, 0.606,0.000,0.000,-1.370, 1.864, 0.017, 2.165,-0.293, 0.114, 1.998,-0.065,-0.057, 0.004, 0.181, 0.466, 2.771,-0.293, 0.114, 0.628,-0.036,-0.092, 0.000;
1.916,14.894,46.017,5.893,55.019,-1.683, 0.449, 0.606,0.000,0.000,0.000, 1.862, 0.018, 2.169,-0.293, 0.113, 0.628,-0.004, 0.004,-0.057, 0.179, 0.467, 2.775,-0.293, 0.113, 0.628,-0.035,-0.092, 0.000;
1.923,14.176,46.683,6.614,54.245,-1.683, 0.449, 0.606,0.000,0.000,0.000, 1.860, 0.019, 2.173,-0.294, 0.111, 0.628,-0.071,-0.063,-0.124, 0.177, 0.467, 2.779,-0.294, 0.111, 0.628,-0.035,-0.092, 0.000;
1.929,14.185,46.616,6.609,54.191,-1.683, 0.449, 0.606,0.000,0.000,0.000, 1.858, 0.020, 2.177,-0.294, 0.110, 0.628,-0.007, 0.000,-0.061, 0.176, 0.468, 2.783,-0.294, 0.110, 0.628,-0.035,-0.092, 0.000;
1.935,14.192,46.552,6.604,54.140,-1.683, 0.449, 0.606,0.000,0.000,0.000, 1.857, 0.020, 2.181,-0.295, 0.109, 0.628,-0.072,-0.064, 0.004, 0.174, 0.469, 2.787,-0.295, 0.109, 0.628,-0.034,-0.093, 0.000;
1.942,14.200,46.487,6.599,54.088,-1.683, 0.449, 0.606,0.000,0.000,0.000, 1.855, 0.021, 2.185,-0.295, 0.108, 0.628,-0.010,-0.002, 0.066, 0.172, 0.470, 2.791,-0.295, 0.108, 0.628,-0.034,-0.093, 0.000;
1.948,14.207,46.424,6.594,54.038,-1.683, 0.449, 0.606,0.000,0.000,0.000, 1.853, 0.022, 2.190,-0.295, 0.107, 0.628,-0.078,-0.070,-0.002, 0.170, 0.470, 2.795,-0.295, 0.107, 0.628,-0.034,-0.093, 0.000;
1.956,14.214,46.356,6.588,53.983,-1.683, 0.449, 0.606,0.000,0.000,0.000, 1.851, 0.022, 2.194,-0.296, 0.105, 0.628,-0.006, 0.001,-0.073, 0.168, 0.471, 2.800,-0.296, 0.105, 0.628,-0.033,-0.093, 0.000;
1.961,14.222,46.284,6.581,53.925,-1.683, 0.449, 0.606,0.000,0.000,0.000, 1.849, 0.023, 2.197,-0.296, 0.104, 0.628,-0.061,-0.053,-0.019, 0.166, 0.472, 2.803,-0.296, 0.104, 0.628,-0.033,-0.093, 0.000;
1.967,14.228,46.229,6.576,53.881,-1.683, 0.449, 0.606,0.000,0.000,0.000, 1.847, 0.024, 2.201,-0.297, 0.103, 0.628, 0.003, 0.011, 0.045, 0.164, 0.472, 2.807,-0.297, 0.103, 0.628,-0.032,-0.093, 0.000;
1.974,14.234,46.165,6.569,53.830,-1.683, 0.449, 0.606,0.000,0.000,0.000, 1.845, 0.024, 2.205,-0.297, 0.102, 0.628,-0.059,-0.051,-0.017, 0.162, 0.473, 2.811,-0.297, 0.102, 0.628,-0.032,-0.093, 0.000;
1.981,14.240,46.103,6.563,53.780,-1.683, 0.449, 0.606,0.000,0.000,0.000, 1.843, 0.025, 2.210,-0.298, 0.101, 0.628, 0.016, 0.023,-0.091, 0.160, 0.474, 2.816,-0.298, 0.101, 0.628,-0.032,-0.093, 0.000;
1.987,14.247,46.028,6.555,53.720,-1.683, 0.449, 0.606,0.000,0.000,0.000, 1.841, 0.026, 2.214,-0.298, 0.099, 0.628,-0.048,-0.040,-0.027, 0.158, 0.474, 2.820,-0.298, 0.099, 0.628,-0.031,-0.094, 0.000;
1.994,14.252,45.964,6.548,53.668,-1.683, 0.449, 0.606,0.000,0.000,0.000, 1.839, 0.026, 2.218,-0.298, 0.098, 0.628, 0.014, 0.021, 0.034, 0.156, 0.475, 2.823,-0.298, 0.098, 0.628,-0.031,-0.094, 0.000;
1.999,14.258,45.902,6.541,53.619,-1.683, 0.449, 0.606,0.000,0.000,0.000, 1.838, 0.027, 2.221,-0.299, 0.097, 0.628,-0.042,-0.034,-0.021, 0.155, 0.475, 2.827,-0.299, 0.097, 0.628,-0.031,-0.094, 0.000;
2.005,14.262,45.846,6.534,53.574,-1.683, 0.449, 0.606,0.000,0.000,0.000, 1.836, 0.027, 2.225,-0.299, 0.096, 0.628, 0.022, 0.030,-0.085, 0.153, 0.476, 2.831,-0.299, 0.096, 0.628,-0.030,-0.094, 0.000;
2.012,14.267,45.782,6.526,53.523,-1.683, 0.449, 0.606,0.000,0.000,0.000, 1.834, 0.028, 2.229,-0.299, 0.095, 0.628,-0.042,-0.034,-0.021, 0.151, 0.477, 2.835,-0.299, 0.095, 0.628,-0.030,-0.094, 0.000;
2.018,14.272,45.718,6.518,53.472,-1.683, 0.449, 0.606,0.000,0.000,0.000, 1.832, 0.029, 2.233,-0.300, 0.094, 0.628, 0.022, 0.029, 0.042, 0.149, 0.477, 2.839,-0.300, 0.094, 0.628,-0.029,-0.094, 0.000;
2.025,14.276,45.655,6.510,53.421,-1.683, 0.449, 0.606,0.000,0.000,0.000, 1.830, 0.029, 2.237,-0.300, 0.092, 0.628,-0.045,-0.038,-0.024, 0.147, 0.478, 2.843,-0.300, 0.092, 0.628,-0.029,-0.094, 0.000;
2.031,14.281,45.588,6.501,53.367,-1.683, 0.449, 0.606,0.000,0.000,0.000, 1.828, 0.030, 2.241,-0.301, 0.091, 0.628, 0.017, 0.025,-0.086, 0.145, 0.478, 2.847,-0.301, 0.091, 0.628,-0.029,-0.094, 0.000;
2.038,14.284,45.525,6.493,53.317,-1.683, 0.449, 0.606,0.000,0.000,0.000, 1.826, 0.030, 2.246,-0.301, 0.090, 0.628,-0.051,-0.044,-0.018, 0.143, 0.479, 2.851,-0.301, 0.090, 0.628,-0.028,-0.095, 0.000;
2.044,14.288,45.457,6.483,53.262,-1.683, 0.449, 0.606,0.000,0.000,0.000, 1.824, 0.031, 2.250,-0.301, 0.089, 0.628, 0.013, 0.021, 0.046, 0.141, 0.480, 2.855,-0.301, 0.089, 0.628,-0.028,-0.095, 0.000;
2.050,13.842,45.485,6.024,53.303,-1.683, 0.449, 0.615,0.000,0.000,1.550, 1.822, 0.032, 2.244,-0.302, 0.088,-0.922,-0.046,-0.038, 0.107, 0.139, 0.480, 2.859,-0.302, 0.088, 0.628,-0.028,-0.095, 0.000;
2.057,13.459,46.169,7.301,52.327,-1.683, 0.449, 0.606,0.000,0.000,-1.364, 1.820, 0.032, 2.258,-0.302, 0.086, 1.992, 0.021, 0.029, 0.039, 0.137, 0.481, 2.863,-0.302, 0.086, 0.628,-0.027,-0.095, 0.000;
2.065,14.572,44.636,5.284,53.924,-1.683, 0.449, 0.615,0.000,0.000,1.138, 1.818, 0.033, 2.253,-0.302, 0.085,-0.510,-0.059,-0.052, 0.122, 0.135, 0.481, 2.868,-0.302, 0.085, 0.628,-0.027,-0.095, 0.000;
2.070,13.685,45.802,7.060,52.427,-1.683, 0.449, 0.606,0.000,0.000,-1.741, 1.816, 0.033, 2.266,-0.303, 0.084, 2.370,-0.007, 0.001, 0.068, 0.133, 0.482, 2.871,-0.303, 0.084, 0.628,-0.026,-0.095, 0.000;
2.077,15.227,44.210,5.512,53.924,-1.683, 0.449, 0.606,0.000,0.000,0.000, 1.814, 0.034, 2.270,-0.303, 0.083, 0.628,-0.075,-0.068,-0.002, 0.131, 0.482, 2.876,-0.303, 0.083, 0.628,-0.026,-0.095, 0.000;
2.086,14.307,45.064,6.423,52.947,-1.683, 0.449, 0.606,0.000,0.000,0.000, 1.812, 0.035, 2.276,-0.304, 0.081, 0.628, 0.015, 0.023,-0.093, 0.129, 0.483, 2.881,-0.304, 0.081, 0.628,-0.025,-0.095, 0.000;
2.089,14.310,44.972,6.408,52.873,-1.683, 0.449, 0.606,0.000,0.000,0.000, 1.810, 0.035, 2.278,-0.304, 0.080, 0.628,-0.020,-0.012,-0.128, 0.128, 0.483, 2.884,-0.304, 0.080, 0.628,-0.025,-0.095, 0.000;
2.095,14.311,44.937,6.402,52.845,-1.683, 0.449, 0.606,0.000,0.000,0.000, 1.809, 0.035, 2.281,-0.304, 0.079, 0.628, 0.033, 0.041,-0.075, 0.126, 0.484, 2.887,-0.304, 0.079, 0.628,-0.025,-0.096, 0.000;
2.101,14.312,44.883,6.393,52.802,-1.683, 0.449, 0.606,0.000,0.000,0.000, 1.807, 0.036, 2.286,-0.304, 0.078, 0.628,-0.033,-0.025,-0.009, 0.124, 0.484, 2.891,-0.304, 0.078, 0.628,-0.024,-0.096, 0.000;
2.115,14.313,44.818,6.381,52.750,-1.683, 0.449, 0.606,0.000,0.000,0.000, 1.803, 0.037, 2.294,-0.305, 0.075, 0.628, 0.102, 0.110, 0.126, 0.120, 0.485, 2.900,-0.305, 0.075, 0.628,-0.024,-0.096, 0.000;
2.126,14.316,44.682,6.357,52.641,-1.683, 0.449, 0.606,0.000,0.000,0.000, 1.799, 0.038, 2.301,-0.306, 0.073, 0.628,-0.007, 0.000, 0.017, 0.116, 0.486, 2.906,-0.306, 0.073, 0.628,-0.023,-0.096, 0.000;
2.130,13.874,44.664,5.893,52.645,-1.683, 0.449, 0.615,0.000,0.000,2.295, 1.798, 0.038, 2.294,-0.306, 0.072,-1.666, 0.033, 0.040, 0.058, 0.115, 0.487, 2.909,-0.306, 0.072, 0.628,-0.023,-0.096, 0.000;
2.133,13.087,45.763,7.559,51.291,-1.683, 0.449, 0.606,0.000,0.000,-2.763, 1.797, 0.038, 2.305,-0.306, 0.072, 3.391,-0.000, 0.007, 0.025, 0.114, 0.487, 2.911,-0.306, 0.072, 0.628,-0.023,-0.096, 0.000;
2.142,15.781,43.036,4.858,53.959,-1.683, 0.449, 0.606,0.000,0.000,0.000, 1.794, 0.039, 2.311,-0.306, 0.070, 0.628, 0.091, 0.098,-0.067, 0.111, 0.487, 2.917,-0.306, 0.070, 0.628,-0.022,-0.096, 0.000;
2.145,14.318,44.408,6.304,52.421,-1.683, 0.449, 0.606,0.000,0.000,0.000, 1.793, 0.039, 2.313,-0.306, 0.069, 0.628, 0.061, 0.068,-0.097, 0.111, 0.488, 2.919,-0.306, 0.069, 0.628,-0.022,-0.096, 0.000;
2.149,14.317,44.378,6.298,52.397,-1.683, 0.449, 0.606,0.000,0.000,0.000, 1.792, 0.039, 2.315,-0.307, 0.069, 0.628, 0.025, 0.032,-0.061, 0.109, 0.488, 2.921,-0.307, 0.069, 0.628,-0.022,-0.096, 0.000;
2.153,14.317,44.342,6.290,52.369,-1.683, 0.449, 0.606,0.000,0.000,0.000, 1.791, 0.040, 2.318,-0.307, 0.068, 0.628,-0.015,-0.007,-0.021, 0.108, 0.488, 2.923,-0.307, 0.068, 0.628,-0.021,-0.096, 0.000;
2.160,14.317,44.303,6.282,52.337,-1.683, 0.449, 0.606,0.000,0.000,0.000, 1.789, 0.040, 2.323,-0.307, 0.067, 0.628, 0.060, 0.068, 0.054, 0.106, 0.489, 2.928,-0.307, 0.067, 0.628,-0.021,-0.096, 0.000;
2.165,14.316,44.227,6.267,52.277,-1.683, 0.449, 0.606,0.000,0.000,0.000, 1.787, 0.040, 2.326,-0.307, 0.066, 0.628, 0.108, 0.020, 0.006, 0.104, 0.489, 2.931,-0.307, 0.066, 0.628,-0.021,-0.097, 0.000;
2.172,14.316,44.179,6.256,52.239,-1.683, 0.449, 0.606,0.000,0.000,0.000, 1.785, 0.041, 2.330,-0.307, 0.064, 0.628, 0.041, 0.087,-0.061, 0.102, 0.489, 2.935,-0.307, 0.064, 0.628,-0.020,-0.097, 0.000;
2.178,14.314,44.113,6.242,52.185,-1.683, 0.449, 0.606,0.000,0.000,0.000, 1.783, 0.041, 2.334,-0.308, 0.063, 0.628,-0.023, 0.022, 0.004, 0.100, 0.490, 2.939,-0.308, 0.063, 0.628,-0.020,-0.097, 0.000;
2.184,13.874,44.139,5.789,52.225,-1.683, 0.449, 0.615,0.000,0.000,1.517, 1.781, 0.042, 2.328,-0.308, 0.062,-0.889,-0.084, 0.082, 0.066, 0.099, 0.490, 2.943,-0.308, 0.062, 0.628,-0.019,-0.097, 0.000;
2.195,13.493,44.807,7.033,51.267,-1.683, 0.449, 0.606,0.000,0.000,-0.882, 1.778, 0.042, 2.344,-0.308, 0.060, 1.511, 0.020,-0.022,-0.039, 0.095, 0.491, 2.950,-0.308, 0.060, 0.628,-0.019,-0.097, 0.000;
2.197,14.776,43.417,5.723,52.470,-1.683, 0.449, 0.606,0.000,0.000,0.000, 1.777, 0.042, 2.346,-0.308, 0.059, 0.628,-0.007, 0.005,-0.066, 0.095, 0.491, 2.951,-0.308, 0.059, 0.628,-0.019,-0.097, 0.000;
2.203,14.308,43.858,6.184,51.981,-1.683, 0.449, 0.606,0.000,0.000,0.000, 1.776, 0.043, 2.350,-0.309, 0.058, 0.628,-0.069, 0.068,-0.128, 0.093, 0.491, 2.955,-0.309, 0.058, 0.628,-0.018,-0.097, 0.000;
2.211,14.306,43.796,6.170,51.932,-1.683, 0.449, 0.606,0.000,0.000,0.000, 1.773, 0.043, 2.354,-0.309, 0.057, 0.628, 0.004,-0.005,-0.055, 0.090, 0.492, 2.960,-0.309, 0.057, 0.628,-0.018,-0.097, 0.000;
2.220,14.303,43.723,6.152,51.874,-1.683, 0.449, 0.606,0.000,0.000,0.000, 1.770, 0.044, 2.360,-0.309, 0.055, 0.628,-0.091, 0.089, 0.040, 0.087, 0.492, 2.966,-0.309, 0.055, 0.628,-0.017,-0.097, 0.000;
2.226,14.299,43.629,6.129,51.798,-1.683, 0.449, 0.606,0.000,0.000,0.000, 1.769, 0.044, 2.364,-0.310, 0.054, 0.628,-0.034, 0.032,-0.017, 0.086, 0.493, 2.969,-0.310, 0.054, 0.628,-0.017,-0.097, 0.000;
2.232,14.296,43.572,6.115,51.753,-1.683, 0.449, 0.606,0.000,0.000,0.000, 1.767, 0.044, 2.368,-0.310, 0.053, 0.628, 0.027,-0.029,-0.078, 0.084, 0.493, 2.973,-0.310, 0.053, 0.628,-0.017,-0.097, 0.000;
2.241,14.293,43.512,6.100,51.705,-1.683, 0.449, 0.606,0.000,0.000,0.000, 1.764, 0.045, 2.373,-0.310, 0.051, 0.628,-0.064, 0.062, 0.013, 0.081, 0.493, 2.979,-0.310, 0.051, 0.628,-0.016,-0.097, 0.000;
2.246,14.288,43.421,6.077,51.632,-1.683, 0.449, 0.606,0.000,0.000,0.000, 1.762, 0.045, 2.376,-0.310, 0.050, 0.628,-0.015, 0.014, 0.061, 0.080, 0.494, 2.982,-0.310, 0.050, 0.628,-0.016,-0.097, 0.000;
2.253,14.285,43.374,6.065,51.594,-1.683, 0.449, 0.606,0.000,0.000,0.000, 1.760, 0.045, 2.381,-0.310, 0.049, 0.628,-0.088, 0.087,-0.012, 0.077, 0.494, 2.986,-0.310, 0.049, 0.628,-0.015,-0.098, 0.000;
2.258,14.281,43.301,6.045,51.537,-1.683, 0.449, 0.606,0.000,0.000,0.000, 1.759, 0.046, 2.384,-0.311, 0.048, 0.628,-0.035, 0.033,-0.065, 0.076, 0.494, 2.990,-0.311, 0.048, 0.628,-0.015,-0.098, 0.000;
2.264,14.277,43.249,6.031,51.494,-1.683, 0.449, 0.606,0.000,0.000,0.000, 1.757, 0.046, 2.388,-0.311, 0.046, 0.628, 0.017,-0.018,-0.013, 0.074, 0.494, 2.993,-0.311, 0.046, 0.628,-0.015,-0.098, 0.000;
2.272,14.274,43.197,6.017,51.454,-1.683, 0.449, 0.606,0.000,0.000,0.000, 1.754, 0.046, 2.393,-0.311, 0.045, 0.628, 0.100,-0.102, 0.071, 0.071, 0.495, 2.998,-0.311, 0.045, 0.628,-0.014,-0.098, 0.000;
2.276,14.268,43.114,5.995,51.387,-1.683, 0.449, 0.606,0.000,0.000,0.000, 1.753, 0.046, 2.395,-0.311, 0.044, 0.628, 0.056,-0.058, 0.027, 0.070, 0.495, 3.001,-0.311, 0.044, 0.628,-0.014,-0.098, 0.000;
2.281,14.264,43.071,5.983,51.353,-1.683, 0.449, 0.606,0.000,0.000,0.000, 1.751, 0.047, 2.399,-0.311, 0.043, 0.628, 0.008,-0.010,-0.021, 0.069, 0.495, 3.004,-0.311, 0.043, 0.628,-0.014,-0.098, 0.000;
2.286,14.260,43.024,5.969,51.315,-1.683, 0.449, 0.606,0.000,0.000,0.000, 1.750, 0.047, 2.402,-0.311, 0.042, 0.628, 0.060,-0.061, 0.030, 0.067, 0.495, 3.007,-0.311, 0.042, 0.628,-0.013,-0.098, 0.000;
2.293,14.873,42.836,6.572,51.138,-1.683, 0.449, 0.592,0.000,0.000,-1.906, 1.748, 0.047, 2.419,-0.312, 0.041, 2.534,-0.009, 0.007,-0.042, 0.065, 0.496, 3.012,-0.312, 0.041, 0.628,-0.013,-0.098, 0.000;
2.300,15.281,41.874,4.905,52.251,-1.683, 0.449, 0.606,0.000,0.000,1.918, 1.746, 0.047, 2.410,-0.312, 0.039,-1.289, 0.059,-0.061, 0.027, 0.063, 0.496, 3.016,-0.312, 0.039, 0.628,-0.012,-0.098, 0.000;
2.306,13.228,43.853,6.932,50.150,-1.683, 0.449, 0.606,0.000,0.000,0.000, 1.744, 0.048, 2.414,-0.312, 0.038, 0.628, 0.001,-0.003, 0.086, 0.061, 0.496, 3.020,-0.312, 0.038, 0.628,-0.012,-0.098, 0.000;
2.312,13.810,42.870,5.470,51.210,-1.683, 0.449, 0.615,0.000,0.000,1.588, 1.742, 0.048, 2.409,-0.312, 0.037,-0.959, 0.058,-0.060, 0.146, 0.059, 0.496, 3.023,-0.312, 0.037, 0.628,-0.012,-0.098, 0.000;
2.318,13.378,43.579,6.737,50.219,-1.683, 0.449, 0.606,0.000,0.000,-1.309, 1.740, 0.048, 2.422,-0.312, 0.036, 1.937,-0.011, 0.010, 0.075, 0.057, 0.497, 3.028,-0.312, 0.036, 0.628,-0.011,-0.098, 0.000;
2.326,14.920,41.961,5.167,51.714,-1.683, 0.449, 0.606,0.000,0.000,0.000, 1.737, 0.048, 2.427,-0.312, 0.034, 0.628, 0.065,-0.067,-0.001, 0.055, 0.497, 3.032,-0.312, 0.034, 0.628,-0.011,-0.098, 0.000;
2.331,14.219,42.579,5.838,50.961,-1.683, 0.449, 0.606,0.000,0.000,0.000, 1.736, 0.049, 2.430,-0.312, 0.033, 0.628, 0.013,-0.015,-0.053, 0.053, 0.497, 3.036,-0.312, 0.033, 0.628,-0.010,-0.098, 0.000;
2.338,14.213,42.529,5.822,50.920,-1.683, 0.449, 0.606,0.000,0.000,0.000, 1.734, 0.049, 2.434,-0.313, 0.032, 0.628, 0.076,-0.078,-0.116, 0.051, 0.497, 3.040,-0.313, 0.032, 0.628,-0.010,-0.098, 0.000;
2.345,14.206,42.467,5.802,50.871,-1.683, 0.449, 0.606,0.000,0.000,0.000, 1.732, 0.049, 2.438,-0.313, 0.031, 0.628, 0.004,-0.006,-0.044, 0.049, 0.498, 3.044,-0.313, 0.031, 0.628,-0.010,-0.098, 0.000;
2.352,14.198,42.397,5.780,50.815,-1.683, 0.449, 0.606,0.000,0.000,0.000, 1.729, 0.049, 2.443,-0.313, 0.029, 0.628, 0.076,-0.078, 0.028, 0.046, 0.498, 3.049,-0.313, 0.029, 0.628,-0.009,-0.098, 0.000;
2.359,14.190,42.326,5.757,50.758,-1.683, 0.449, 0.606,0.000,0.000,0.000, 1.727, 0.049, 2.447,-0.313, 0.028, 0.628, 0.007,-0.008, 0.098, 0.044, 0.498, 3.053,-0.313, 0.028, 0.628,-0.009,-0.098, 0.000;
2.367,14.181,42.258,5.735,50.704,-1.683, 0.449, 0.606,0.000,0.000,0.000, 1.725, 0.050, 2.453,-0.313, 0.026, 0.628, 0.091,-0.093, 0.013, 0.042, 0.498, 3.058,-0.313, 0.026, 0.628,-0.008,-0.098, 0.000;
2.376,14.171,42.175,5.707,50.639,-1.683, 0.449, 0.606,0.000,0.000,0.000, 1.722, 0.050, 2.458,-0.313, 0.024, 0.628, 0.004,-0.005,-0.074, 0.039, 0.498, 3.064,-0.313, 0.024, 0.628,-0.008,-0.098, 0.000;
2.381,14.159,42.090,5.678,50.571,-1.683, 0.449, 0.606,0.000,0.000,0.000, 1.720, 0.050, 2.461,-0.313, 0.023, 0.628, 0.054,-0.055,-0.024, 0.037, 0.499, 3.067,-0.313, 0.023, 0.628,-0.007,-0.098, 0.000;
2.385,14.153,42.041,5.662,50.532,-1.683, 0.449, 0.606,0.000,0.000,0.000, 1.719, 0.050, 2.464,-0.313, 0.023, 0.628, 0.017,-0.019, 0.012, 0.036, 0.499, 3.069,-0.313, 0.023, 0.628,-0.007,-0.098, 0.000;
2.392,14.148,42.006,5.650,50.504,-1.683, 0.449, 0.606,0.000,0.000,0.000, 1.717, 0.050, 2.468,-0.313, 0.021, 0.628,-0.052, 0.051, 0.082, 0.034, 0.499, 3.073,-0.313, 0.021, 0.628,-0.007,-0.098, 0.000;
2.395,14.138,41.938,5.626,50.450,-1.683, 0.449, 0.606,0.000,0.000,0.000, 1.716, 0.050, 2.470,-0.313, 0.021, 0.628,-0.016, 0.014, 0.045, 0.033, 0.499, 3.076,-0.313, 0.021, 0.628,-0.006,-0.098, 0.000;
2.401,14.133,41.902,5.613,50.421,-1.683, 0.449, 0.606,0.000,0.000,0.000, 1.714, 0.050, 2.474,-0.314, 0.019, 0.628,-0.077, 0.076,-0.017, 0.031, 0.499, 3.080,-0.314, 0.019, 0.628,-0.006,-0.099, 0.000;
2.410,14.124,41.842,5.592,50.374,-1.683, 0.449, 0.606,0.000,0.000,0.000, 1.711, 0.051, 2.479,-0.314, 0.018, 0.628, 0.004,-0.005,-0.098, 0.028, 0.499, 3.085,-0.314, 0.018, 0.628,-0.006,-0.099, 0.000;
2.415,14.112,41.763,5.564,50.311,-1.683, 0.449, 0.606,0.000,0.000,0.000, 1.709, 0.051, 2.483,-0.314, 0.017, 0.628,-0.056, 0.054,-0.038, 0.027, 0.499, 3.088,-0.314, 0.017, 0.628,-0.005,-0.099, 0.000;
2.426,14.103,41.706,5.543,50.266,-1.683, 0.449, 0.606,0.000,0.000,0.000, 1.706, 0.051, 2.490,-0.314, 0.015, 0.628, 0.052,-0.054, 0.070, 0.023, 0.499, 3.095,-0.314, 0.015, 0.628,-0.005,-0.099, 0.000;
2.437,14.086,41.601,5.504,50.182,-1.683, 0.449, 0.606,0.000,0.000,0.000, 1.703, 0.051, 2.496,-0.314, 0.012, 0.628,-0.054, 0.052,-0.036, 0.020, 0.500, 3.102,-0.314, 0.012, 0.628,-0.004,-0.099, 0.000;
2.441,14.068,41.498,5.466,50.100,-1.683, 0.449, 0.606,0.000,0.000,0.000, 1.701, 0.051, 2.499,-0.314, 0.012, 0.628,-0.008, 0.006,-0.081, 0.018, 0.500, 3.105,-0.314, 0.012, 0.628,-0.004,-0.099, 0.000;
