0.000,0.000,0.000,0.000,0.000, 0.000, 0.000, 0.000,0.000,0.000,0.000, 0.000, 0.000, 0.000;
0.011,11.237,4.976,10.875,5.338,-0.355, 0.018,-0.115,0.000,0.000,0.000, 0.855,-0.009, 0.115;
0.022,11.251,4.869,10.889,5.230,-0.355, 0.018,-0.115,0.000,0.000,0.000, 0.855,-0.000, 0.115;
0.034,11.263,4.757,10.902,5.119,-0.355, 0.018,-0.115,0.000,0.000,0.000, 0.854, 0.009, 0.115;
0.045,11.274,4.646,10.912,5.008,-0.355, 0.018,-0.115,0.000,0.000,0.000, 0.854, 0.017, 0.115;
0.067,11.289,4.436,10.927,4.797,-0.355, 0.018,-0.115,0.000,0.000,0.000, 0.852, 0.034, 0.115;
0.079,11.294,4.313,10.932,4.675,-0.355, 0.018,-0.115,0.000,0.000,0.000, 0.851, 0.044, 0.115;
0.091,11.297,4.198,10.935,4.559,-0.355, 0.018,-0.115,0.000,0.000,0.000, 0.850, 0.053, 0.115;
0.102,11.297,4.089,10.936,4.451,-0.355, 0.018,-0.115,0.000,0.000,0.000, 0.848, 0.062, 0.115;
0.113,11.296,3.979,10.934,4.340,-0.355, 0.018,-0.115,0.000,0.000,0.000, 0.847, 0.071, 0.115;
0.125,11.293,3.867,10.931,4.228,-0.355, 0.018,-0.115,0.000,0.000,0.000, 0.845, 0.080, 0.115;
0.136,16.407,7.812,16.046,8.173,-0.353, 0.018,-0.115,0.197,0.000,0.000, 0.841, 0.088, 0.115;
0.148,11.248,3.619,10.886,3.980,-0.353, 0.018,-0.115,0.000,0.000,0.000, 0.839, 0.097, 0.115;
0.159,11.239,3.511,10.877,3.872,-0.353, 0.018,-0.115,0.000,0.000,0.000, 0.837, 0.105, 0.115;
0.170,16.505,7.584,16.143,7.946,-0.350, 0.018,-0.115,0.203,0.000,0.000, 0.833, 0.114, 0.115;
0.181,15.336,-2.177,14.935,-1.776,-0.350, 0.020,-0.128,0.000,0.201,-1.122, 0.830, 0.120, 0.128;
0.193,15.948,6.988,15.587,7.350,-0.348, 0.020,-0.115,0.185,0.000,1.029, 0.825, 0.129, 0.115;
0.204,16.308,7.184,15.947,7.545,-0.346, 0.020,-0.115,0.200,0.000,0.000, 0.821, 0.137, 0.115;
0.226,15.792,2.265,15.431,2.626,-0.344, 0.022,-0.115,0.103,0.103,0.000, 0.813, 0.151, 0.115;
0.237,16.082,6.787,15.720,7.149,-0.341, 0.022,-0.115,0.197,0.000,0.000, 0.807, 0.160, 0.115;
0.248,15.874,6.872,15.558,7.189,-0.339, 0.022,-0.101,0.196,0.000,1.258, 0.802, 0.168, 0.101;
0.260,15.720,6.663,15.403,6.979,-0.337, 0.022,-0.101,0.192,0.000,0.000, 0.796, 0.176, 0.101;
0.272,19.545,1.616,19.232,1.928,-0.335, 0.025,-0.100,0.189,0.189,0.122, 0.790, 0.182, 0.100;
0.284,20.028,10.493,19.757,10.765,-0.330, 0.025,-0.087,0.372,0.000,1.078, 0.781, 0.191, 0.087;
0.296,23.289,5.448,23.017,5.720,-0.326, 0.027,-0.087,0.355,0.178,0.000, 0.773, 0.198, 0.087;
0.308,15.376,6.478,15.104,6.750,-0.324, 0.027,-0.087,0.198,0.000,0.000, 0.766, 0.206, 0.087;
0.319,20.099,10.816,19.873,11.043,-0.319, 0.027,-0.072,0.393,0.000,1.267, 0.758, 0.213, 0.072;
0.330,20.090,11.204,19.909,11.386,-0.315, 0.027,-0.058,0.403,0.000,1.304, 0.749, 0.221, 0.058;
0.341,19.406,1.609,19.227,1.788,-0.312, 0.029,-0.057,0.201,0.201,0.074, 0.742, 0.226, 0.057;
0.353,18.775,10.405,18.641,10.540,-0.308, 0.029,-0.043,0.366,0.000,1.167, 0.733, 0.234, 0.043;
0.364,24.359,5.847,24.181,6.026,-0.304, 0.031,-0.057,0.407,0.203,-1.298, 0.724, 0.240, 0.057;
0.375,19.540,11.004,19.404,11.140,-0.299, 0.031,-0.043,0.405,0.000,1.237, 0.715, 0.247, 0.043;
0.397,14.500,6.612,14.410,6.703,-0.295, 0.031,-0.029,0.211,0.000,0.685, 0.701, 0.260, 0.029;
0.408,22.977,5.419,22.843,5.553,-0.290, 0.033,-0.043,0.381,0.191,-1.184, 0.691, 0.266, 0.043;
0.420,18.684,10.494,18.594,10.583,-0.286, 0.033,-0.029,0.393,0.000,1.256, 0.681, 0.273, 0.029;
0.432,22.179,14.273,22.134,14.318,-0.279, 0.033,-0.014,0.551,0.000,1.159, 0.668, 0.280, 0.014;
0.444,21.378,4.930,21.287,5.021,-0.275, 0.036,-0.029,0.350,0.175,-1.136, 0.658, 0.286, 0.029;
0.456,18.002,10.166,17.957,10.210,-0.270, 0.036,-0.014,0.388,0.000,1.276, 0.647, 0.293, 0.014;
0.468,17.667,9.801,17.622,9.846,-0.266, 0.036,-0.014,0.379,0.000,0.000, 0.637, 0.299, 0.014;
0.480,25.520,9.057,25.475,9.102,-0.259, 0.038,-0.014,0.539,0.180,-0.017, 0.623, 0.304, 0.014;
0.492,17.220,9.324,17.175,9.368,-0.254, 0.038,-0.014,0.372,0.000,0.017, 0.612, 0.311, 0.014;
0.505,20.687,13.151,20.687,13.151,-0.248, 0.038, 0.000,0.531,0.000,1.133, 0.599, 0.318, 0.000;
0.515,23.657,5.332,23.612,5.377,-0.243, 0.040,-0.014,0.439,0.220,-1.406, 0.588, 0.322, 0.014;
0.526,21.969,14.414,21.969,14.414,-0.237, 0.040, 0.000,0.597,0.000,1.274, 0.575, 0.328, 0.000;
0.537,17.256,9.688,17.256,9.688,-0.232, 0.040, 0.000,0.403,0.000,0.000, 0.564, 0.333, 0.000;
0.548,21.543,14.481,21.588,14.436,-0.225, 0.040, 0.014,0.600,0.000,1.280, 0.551, 0.339,-0.014;
0.560,26.200,9.248,26.200,9.248,-0.219, 0.042, 0.000,0.597,0.199,-1.273, 0.538, 0.343, 0.000;
0.573,19.417,11.817,19.417,11.817,-0.212, 0.042, 0.000,0.515,0.000,0.000, 0.523, 0.349, 0.000;
0.584,16.537,9.313,16.582,9.268,-0.208, 0.042, 0.014,0.405,0.000,1.295, 0.512, 0.354,-0.014;
0.606,13.864,6.542,13.909,6.497,-0.201, 0.042, 0.014,0.300,0.000,0.009, 0.491, 0.365,-0.014;
0.609,80.754,36.431,80.754,36.431,-0.194, 0.045, 0.000,2.351,0.784,-5.088, 0.482, 0.364, 0.000;
0.620,21.106,13.484,21.106,13.484,-0.187, 0.045, 0.000,0.613,0.000,0.000, 0.469, 0.369, 0.000;
0.641,13.649,6.336,13.694,6.290,-0.181, 0.045, 0.014,0.312,0.000,0.675, 0.448, 0.378,-0.014;
0.653,19.137,11.984,19.182,11.938,-0.174, 0.045, 0.014,0.555,0.000,0.000, 0.433, 0.383,-0.014;
0.665,15.236,7.965,15.282,7.919,-0.170, 0.045, 0.014,0.393,0.000,0.000, 0.421, 0.388,-0.014;
0.677,22.605,6.662,22.605,6.662,-0.163, 0.047, 0.000,0.531,0.177,-1.149, 0.406, 0.390, 0.000;
0.688,19.873,12.776,19.919,12.730,-0.156, 0.047, 0.014,0.607,0.000,1.314, 0.391, 0.394,-0.014;
0.700,19.103,12.011,19.148,11.965,-0.150, 0.047, 0.014,0.582,0.000,0.000, 0.377, 0.399,-0.014;
0.712,18.052,10.938,18.098,10.893,-0.143, 0.047, 0.014,0.544,0.000,0.000, 0.361, 0.403,-0.014;
0.724,18.424,11.333,18.470,11.287,-0.136, 0.047, 0.014,0.567,0.000,0.000, 0.346, 0.407,-0.014;
0.735,18.731,11.663,18.777,11.617,-0.129, 0.047, 0.014,0.588,0.000,0.000, 0.331, 0.411,-0.014;
0.747,18.213,11.153,18.259,11.107,-0.123, 0.047, 0.015,0.573,0.000,0.018, 0.316, 0.414,-0.015;
0.758,23.512,6.639,23.512,6.639,-0.116, 0.049, 0.000,0.599,0.200,-1.315, 0.301, 0.415, 0.000;
0.769,18.523,11.551,18.569,11.504,-0.109, 0.049, 0.015,0.602,0.000,1.322, 0.287, 0.418,-0.015;
0.780,18.445,11.517,18.491,11.471,-0.103, 0.049, 0.015,0.606,0.000,0.000, 0.272, 0.421,-0.015;
0.792,18.136,11.227,18.182,11.181,-0.096, 0.049, 0.015,0.601,0.000,0.000, 0.257, 0.424,-0.015;
0.813,8.806,1.675,8.852,1.630,-0.092, 0.049, 0.014,0.210,0.000,-0.010, 0.236, 0.429,-0.014;
0.825,16.556,9.691,16.601,9.646,-0.085, 0.049, 0.014,0.550,0.000,0.000, 0.221, 0.432,-0.014;
0.829,42.708,36.626,42.753,36.581,-0.078, 0.049, 0.014,1.678,0.000,0.000, 0.211, 0.433,-0.014;
0.840,17.629,10.848,17.674,10.802,-0.071, 0.049, 0.014,0.609,0.000,0.000, 0.196, 0.435,-0.014;
0.862,10.233,3.320,10.278,3.274,-0.065, 0.049, 0.014,0.303,0.000,0.000, 0.172, 0.439,-0.014;
0.874,19.976,4.411,19.976,4.411,-0.058, 0.051, 0.000,0.542,0.181,-1.172, 0.156, 0.439, 0.000;
0.885,12.174,15.196,12.220,15.150,-0.051, 0.049, 0.015,0.612,-0.204,1.345, 0.141, 0.443,-0.015;
0.897,20.056,4.369,20.056,4.369,-0.045, 0.051, 0.000,0.556,0.185,-1.221, 0.125, 0.442, 0.000;
0.909,16.368,9.891,16.414,9.845,-0.038, 0.051, 0.015,0.600,0.000,1.317, 0.110, 0.444,-0.015;
0.920,16.114,9.307,16.114,9.307,-0.031, 0.051, 0.000,0.591,0.000,-1.297, 0.094, 0.445, 0.000;
0.931,16.177,9.408,16.177,9.408,-0.025, 0.051, 0.000,0.601,0.000,0.000, 0.079, 0.446, 0.000;
0.943,15.462,8.757,15.462,8.757,-0.018, 0.051, 0.000,0.579,0.000,0.000, 0.063, 0.447, 0.000;
0.954,15.673,9.033,15.673,9.033,-0.011, 0.051, 0.000,0.596,0.000,0.000, 0.047, 0.447, 0.000;
0.965,16.008,9.434,16.008,9.434,-0.004, 0.051, 0.000,0.618,0.000,0.000, 0.032, 0.448, 0.000;
0.976,15.338,8.832,15.338,8.832, 0.002, 0.051, 0.000,0.598,0.000,0.000, 0.017, 0.448, 0.000;
0.987,15.112,8.679,15.112,8.679, 0.009, 0.051, 0.000,0.596,0.000,0.000, 0.001, 0.449, 0.000;
1.008,8.236,1.946,8.236,1.946, 0.016, 0.051, 0.000,0.317,0.000,0.000,-0.022, 0.449, 0.000;
1.021,13.040,6.839,13.040,6.839, 0.022, 0.051, 0.000,0.529,0.000,0.000,-0.039, 0.448, 0.000;
1.032,14.320,8.201,14.320,8.201, 0.029, 0.051, 0.000,0.592,0.000,0.000,-0.054, 0.448, 0.000;
1.043,9.497,3.462,9.497,3.462, 0.033, 0.051, 0.000,0.395,0.000,0.000,-0.068, 0.447, 0.000;
1.055,13.822,7.876,13.822,7.876, 0.040, 0.051, 0.000,0.586,0.000,0.000,-0.083, 0.447, 0.000;
1.066,13.946,8.088,13.946,8.088, 0.047, 0.051, 0.000,0.599,0.000,0.000,-0.099, 0.446, 0.000;
1.079,12.183,6.427,12.183,6.427, 0.054, 0.051, 0.000,0.534,0.000,0.000,-0.115, 0.445, 0.000;
1.091,12.301,6.647,12.301,6.647, 0.060, 0.051, 0.000,0.547,0.000,0.000,-0.131, 0.444, 0.000;
1.103,12.626,7.072,12.626,7.072, 0.067, 0.051, 0.000,0.570,0.000,0.000,-0.147, 0.442, 0.000;
1.117,9.623,4.199,9.623,4.199, 0.074, 0.051, 0.000,0.452,0.000,0.000,-0.165, 0.440, 0.000;
1.129,11.838,6.522,11.838,6.522, 0.080, 0.051, 0.000,0.555,0.000,0.000,-0.181, 0.438, 0.000;
1.142,10.762,5.565,10.762,5.565, 0.087, 0.051, 0.000,0.518,0.000,0.000,-0.198, 0.436, 0.000;
1.155,11.024,5.944,11.024,5.944, 0.094, 0.051, 0.000,0.538,0.000,0.000,-0.214, 0.434, 0.000;
1.166,12.074,7.103,12.074,7.103, 0.100, 0.051, 0.000,0.591,0.000,0.000,-0.229, 0.432, 0.000;
1.179,10.814,5.684,10.767,5.732, 0.107, 0.051,-0.015,0.542,0.000,-1.226,-0.246, 0.429, 0.015;
1.190,11.556,6.498,11.508,6.546, 0.114, 0.051,-0.015,0.581,0.000,0.000,-0.261, 0.427, 0.015;
1.202,6.526,1.739,6.479,1.786, 0.118, 0.051,-0.015,0.378,0.000,0.019,-0.274, 0.424, 0.015;
1.213,11.300,6.488,11.253,6.535, 0.125, 0.051,-0.015,0.586,0.000,0.000,-0.289, 0.421, 0.015;
1.226,10.088,5.439,10.041,5.486, 0.132, 0.051,-0.015,0.544,0.000,0.000,-0.305, 0.418, 0.015;
1.238,9.453,4.952,9.406,5.000, 0.138, 0.051,-0.015,0.526,0.000,-0.018,-0.321, 0.414, 0.015;
1.251,9.512,5.142,9.465,5.190, 0.145, 0.051,-0.015,0.537,0.000,0.000,-0.337, 0.410, 0.015;
1.262,5.794,10.985,5.794,10.985, 0.152, 0.049, 0.000,0.587,-0.196,1.327,-0.352, 0.409, 0.000;
1.275,13.357,0.763,13.310,0.811, 0.158, 0.051,-0.015,0.540,0.180,-1.222,-0.368, 0.403, 0.015;
1.286,5.228,10.527,5.228,10.527, 0.165, 0.049, 0.000,0.576,-0.192,1.304,-0.382, 0.401, 0.000;
1.298,4.893,1.139,4.846,1.187, 0.170, 0.049,-0.015,0.376,0.000,-1.278,-0.395, 0.397, 0.015;
1.310,9.010,5.257,8.962,5.304, 0.176, 0.049,-0.015,0.556,0.000,0.000,-0.410, 0.393, 0.015;
1.322,8.985,5.370,8.938,5.418, 0.183, 0.049,-0.015,0.563,0.000,0.000,-0.425, 0.388, 0.015;
1.334,8.715,5.244,8.667,5.292, 0.190, 0.049,-0.015,0.561,0.000,-0.020,-0.440, 0.384, 0.015;
1.346,8.896,5.556,8.848,5.605, 0.196, 0.049,-0.015,0.576,0.000,0.000,-0.455, 0.379, 0.015;
1.357,8.887,5.685,8.839,5.733, 0.203, 0.049,-0.015,0.584,0.000,0.000,-0.469, 0.374, 0.015;
1.369,3.715,0.813,3.667,0.861, 0.208, 0.049,-0.015,0.376,0.000,0.020,-0.481, 0.369, 0.015;
1.381,8.314,5.417,8.266,5.464, 0.214, 0.049,-0.015,0.575,0.000,0.000,-0.496, 0.364, 0.015;
1.392,8.497,5.730,8.449,5.778, 0.221, 0.049,-0.015,0.591,0.000,-0.021,-0.510, 0.359, 0.015;
1.403,8.451,5.824,8.403,5.872, 0.228, 0.049,-0.015,0.597,0.000,0.000,-0.524, 0.354, 0.015;
1.425,1.325,-0.818,1.277,-0.769, 0.234, 0.049,-0.015,0.312,0.000,0.000,-0.544, 0.344, 0.015;
1.436,3.032,0.982,2.984,1.030, 0.239, 0.049,-0.015,0.390,0.000,0.000,-0.555, 0.338, 0.015;
1.449,6.125,4.143,6.076,4.191, 0.246, 0.049,-0.015,0.527,0.000,0.000,-0.569, 0.332, 0.015;
1.461,6.733,4.686,6.636,4.782, 0.252, 0.049,-0.031,0.557,0.000,-1.278,-0.583, 0.326, 0.031;
1.472,6.896,4.969,6.800,5.066, 0.259, 0.049,-0.031,0.571,0.000,0.000,-0.597, 0.319, 0.031;
1.485,6.319,4.575,6.221,4.673, 0.266, 0.049,-0.031,0.555,0.000,-0.040,-0.610, 0.313, 0.031;
1.496,6.316,4.725,6.218,4.823, 0.272, 0.049,-0.031,0.563,0.000,0.000,-0.624, 0.306, 0.031;
1.509,1.448,0.311,1.352,0.407, 0.277, 0.049,-0.031,0.369,0.000,0.040,-0.635, 0.300, 0.031;
1.520,1.786,9.744,1.737,9.793, 0.283, 0.047,-0.016,0.577,-0.192,1.304,-0.648, 0.295, 0.016;
1.532,6.352,5.384,6.303,5.433, 0.290, 0.047,-0.016,0.589,0.000,0.000,-0.661, 0.289, 0.016;
1.543,6.326,5.508,6.277,5.557, 0.297, 0.047,-0.016,0.595,0.000,0.000,-0.673, 0.282, 0.016;
1.554,6.167,5.504,6.118,5.553, 0.304, 0.047,-0.016,0.596,0.000,0.000,-0.686, 0.275, 0.016;
1.565,1.561,1.186,1.512,1.235, 0.308, 0.047,-0.016,0.410,0.000,0.000,-0.696, 0.269, 0.016;
1.576,6.097,5.731,6.048,5.780, 0.315, 0.047,-0.016,0.607,0.000,0.000,-0.708, 0.262, 0.016;
1.588,5.109,4.747,5.010,4.847, 0.321, 0.047,-0.032,0.569,0.000,-1.369,-0.720, 0.255, 0.032;
1.599,6.014,5.721,5.914,5.820, 0.328, 0.047,-0.032,0.613,0.000,0.000,-0.732, 0.248, 0.032;
1.620,-4.027,-3.420,-4.124,-3.322, 0.333, 0.047,-0.031,0.210,0.000,0.023,-0.746, 0.234, 0.031;
1.631,5.166,5.361,5.067,5.461, 0.339, 0.047,-0.032,0.594,0.000,-0.044,-0.758, 0.227, 0.032;
1.642,5.091,5.440,4.992,5.539, 0.346, 0.047,-0.032,0.598,0.000,0.000,-0.769, 0.219, 0.032;
1.654,4.827,5.343,4.727,5.442, 0.353, 0.047,-0.032,0.594,0.000,0.000,-0.780, 0.212, 0.032;
1.665,-0.119,0.853,-0.218,0.952, 0.357, 0.047,-0.032,0.397,0.000,0.000,-0.789, 0.204, 0.032;
1.676,4.588,5.421,4.489,5.520, 0.364, 0.047,-0.032,0.596,0.000,0.000,-0.800, 0.197, 0.032;
1.687,4.692,5.666,4.593,5.766, 0.371, 0.047,-0.032,0.607,0.000,0.000,-0.811, 0.189, 0.032;
1.698,4.708,5.821,4.607,5.922, 0.377, 0.047,-0.032,0.614,0.000,-0.047,-0.822, 0.181, 0.032;
1.709,-0.564,1.027,-0.664,1.126, 0.382, 0.047,-0.032,0.404,0.000,0.046,-0.830, 0.174, 0.032;
1.720,4.206,5.652,4.107,5.752, 0.388, 0.047,-0.032,0.606,0.000,0.000,-0.841, 0.166, 0.032;
1.741,-3.118,-0.935,-3.219,-0.834, 0.395, 0.047,-0.032,0.314,0.000,-0.024,-0.854, 0.151, 0.032;
1.753,3.494,5.414,3.393,5.515, 0.402, 0.047,-0.032,0.592,0.000,0.000,-0.865, 0.142, 0.032;
1.765,-1.798,0.609,-1.899,0.710, 0.406, 0.047,-0.032,0.380,0.000,0.000,-0.872, 0.134, 0.032;
1.777,2.019,4.351,1.918,4.452, 0.413, 0.047,-0.032,0.543,0.000,0.000,-0.883, 0.125, 0.032;
1.789,-2.443,8.646,-2.495,8.697, 0.420, 0.045,-0.016,0.540,-0.180,1.279,-0.892, 0.118, 0.016;
1.801,-2.071,0.791,-2.172,0.892, 0.424, 0.045,-0.032,0.386,0.000,-1.370,-0.900, 0.109, 0.032;
1.813,2.135,4.871,2.032,4.973, 0.431, 0.045,-0.033,0.564,0.000,-0.044,-0.909, 0.100, 0.033;
1.824,-2.409,0.767,-2.510,0.868, 0.435, 0.045,-0.032,0.382,0.000,0.045,-0.916, 0.092, 0.032;
1.837,0.795,3.936,0.693,4.039, 0.442, 0.045,-0.033,0.520,0.000,-0.041,-0.926, 0.082, 0.033;
1.848,-1.542,1.883,-1.643,1.984, 0.446, 0.045,-0.032,0.429,0.000,0.051,-0.932, 0.074, 0.032;
1.859,2.476,5.789,2.373,5.891, 0.453, 0.045,-0.033,0.599,0.000,-0.047,-0.941, 0.065, 0.033;
1.870,2.154,5.632,2.052,5.735, 0.460, 0.045,-0.033,0.591,0.000,0.000,-0.949, 0.057, 0.033;
1.881,-2.250,1.645,-2.352,1.747, 0.464, 0.045,-0.033,0.415,0.000,0.000,-0.956, 0.048, 0.033;
1.892,2.292,6.038,2.189,6.140, 0.471, 0.045,-0.033,0.607,0.000,0.000,-0.964, 0.040, 0.033;
1.913,-7.574,-2.932,-7.676,-2.830, 0.475, 0.045,-0.033,0.208,0.000,0.000,-0.971, 0.023, 0.033;
1.926,0.569,4.841,0.464,4.946, 0.482, 0.045,-0.033,0.547,0.000,-0.045,-0.979, 0.014, 0.033;
1.938,-8.317,4.779,-8.368,4.830, 0.487, 0.042,-0.016,0.357,-0.179,1.355,-0.984, 0.006, 0.016;
1.942,25.553,28.534,25.448,28.638, 0.493, 0.042,-0.033,1.581,0.000,-3.997,-0.991, 0.003, 0.033;
1.952,-1.863,2.835,-1.966,2.938, 0.498, 0.042,-0.033,0.458,0.000,0.056,-0.996,-0.005, 0.033;
1.974,-5.634,-0.434,-5.738,-0.329, 0.504, 0.042,-0.033,0.310,0.000,-0.025,-1.004,-0.022, 0.033;
1.986,-4.321,0.938,-4.426,1.043, 0.509, 0.042,-0.033,0.368,0.000,0.000,-1.009,-0.031, 0.033;
1.999,-0.502,4.660,-0.606,4.764, 0.516, 0.042,-0.033,0.529,0.000,0.000,-1.016,-0.041, 0.033;
2.011,-4.549,1.016,-4.653,1.120, 0.520, 0.042,-0.033,0.367,0.000,0.000,-1.020,-0.051, 0.033;
2.023,-4.988,0.750,-5.093,0.855, 0.525, 0.042,-0.033,0.352,0.000,0.000,-1.024,-0.061, 0.033;
2.035,0.133,5.675,0.028,5.779, 0.531, 0.042,-0.033,0.567,0.000,0.000,-1.030,-0.070, 0.033;
2.048,-0.562,5.060,-0.722,5.219, 0.538, 0.042,-0.051,0.538,0.000,-1.405,-1.037,-0.080, 0.051;
2.060,-4.645,1.482,-4.804,1.641, 0.542, 0.042,-0.051,0.376,0.000,0.000,-1.040,-0.089, 0.051;
2.071,-4.214,10.760,-4.320,10.866, 0.549, 0.040,-0.034,0.579,-0.193,1.463,-1.046,-0.096, 0.034;
2.082,-4.454,1.849,-4.560,1.955, 0.554, 0.040,-0.034,0.392,0.000,0.000,-1.049,-0.105, 0.034;
2.094,-4.595,1.839,-4.701,1.945, 0.558, 0.040,-0.034,0.390,0.000,0.000,-1.053,-0.114, 0.034;
2.105,0.127,6.366,0.019,6.474, 0.565, 0.040,-0.034,0.587,0.000,-0.051,-1.058,-0.123, 0.034;
2.117,-5.255,1.468,-5.363,1.576, 0.569, 0.040,-0.034,0.369,0.000,0.000,-1.061,-0.132, 0.034;
2.132,-10.203,4.158,-10.311,4.266, 0.574, 0.038,-0.034,0.316,-0.158,0.000,-1.063,-0.141, 0.034;
2.145,-6.028,0.964,-6.136,1.072, 0.578, 0.038,-0.034,0.342,0.000,0.000,-1.065,-0.151, 0.034;
2.156,-9.351,6.802,-9.459,6.910, 0.583, 0.036,-0.034,0.388,-0.194,0.000,-1.068,-0.157, 0.034;
2.167,-9.648,-2.253,-9.754,-2.147, 0.585, 0.036,-0.034,0.196,0.000,0.051,-1.068,-0.166, 0.034;
2.179,-9.589,6.426,-9.697,6.534, 0.589, 0.033,-0.034,0.374,-0.187,-0.049,-1.070,-0.173, 0.034;
2.191,-5.071,2.188,-5.179,2.296, 0.594, 0.033,-0.034,0.387,0.000,0.000,-1.071,-0.181, 0.034;
2.202,-9.363,7.323,-9.471,7.431, 0.598, 0.031,-0.034,0.398,-0.199,0.000,-1.073,-0.187, 0.034;
2.214,-14.224,2.616,-14.332,2.724, 0.600, 0.029,-0.034,0.194,-0.194,0.000,-1.073,-0.194, 0.034;
2.225,-9.753,6.598,-9.807,6.652, 0.605, 0.027,-0.017,0.379,-0.189,1.462,-1.074,-0.200, 0.017;
2.237,-9.718,-1.904,-9.826,-1.796, 0.607, 0.027,-0.034,0.199,0.000,-1.536,-1.073,-0.208, 0.034;
2.248,-14.233,3.161,-14.341,3.269, 0.609, 0.025,-0.034,0.202,-0.202,0.000,-1.072,-0.214, 0.034;
2.259,-9.623,6.934,-9.733,7.044, 0.614, 0.022,-0.035,0.380,-0.190,-0.051,-1.073,-0.221, 0.035;
2.271,-14.241,2.860,-14.349,2.968, 0.616, 0.020,-0.034,0.194,-0.194,0.053,-1.071,-0.227, 0.034;
2.293,-14.349,-1.280,-14.457,-1.172, 0.618, 0.018,-0.034,0.103,-0.103,0.000,-1.066,-0.240, 0.034;
2.305,-9.528,7.046,-9.693,7.211, 0.623, 0.016,-0.053,0.372,-0.186,-1.510,-1.067,-0.246, 0.053;
2.316,-18.620,8.008,-18.730,8.118, 0.625, 0.011,-0.035,0.197,-0.394,1.544,-1.065,-0.249, 0.035;
2.328,-14.146,2.362,-14.256,2.472, 0.627, 0.009,-0.035,0.178,-0.178,0.000,-1.062,-0.256, 0.035;
2.340,-18.746,-1.299,-18.854,-1.191, 0.627, 0.007,-0.034,0.000,-0.191,0.052,-1.058,-0.261, 0.034;
2.351,-9.249,7.812,-9.359,7.922, 0.632, 0.004,-0.035,0.393,-0.196,-0.053,-1.057,-0.267, 0.035;
2.363,-23.374,3.823,-23.482,3.931, 0.632,-0.000,-0.034,0.000,-0.398,0.054,-1.053,-0.270, 0.034;
2.374,-13.926,3.511,-14.036,3.621, 0.634,-0.002,-0.035,0.198,-0.198,-0.054,-1.050,-0.275, 0.035;
2.385,-18.509,7.982,-18.564,8.037, 0.636,-0.007,-0.018,0.197,-0.394,1.546,-1.047,-0.278, 0.018;
2.396,-13.823,3.825,-13.933,3.935, 0.638,-0.009,-0.035,0.204,-0.204,-1.600,-1.045,-0.283, 0.035;
2.407,-18.511,8.376,-18.566,8.431, 0.641,-0.013,-0.018,0.202,-0.403,1.584,-1.042,-0.285, 0.018;
2.418,-23.350,3.806,-23.405,3.861, 0.641,-0.018,-0.018,0.000,-0.406,0.000,-1.036,-0.288, 0.018;
2.429,-18.410,8.593,-18.465,8.648, 0.643,-0.022,-0.018,0.204,-0.408,0.000,-1.033,-0.290, 0.018;
2.450,-16.176,-3.262,-16.231,-3.207, 0.643,-0.025,-0.018,0.000,-0.106,0.000,-1.023,-0.300, 0.018;
2.462,-17.948,7.913,-18.003,7.967, 0.645,-0.029,-0.018,0.192,-0.384,0.000,-1.019,-0.303, 0.018;
2.473,-22.615,3.655,-22.670,3.710, 0.645,-0.033,-0.018,0.000,-0.391,0.000,-1.013,-0.305, 0.018;
2.484,-18.140,8.363,-18.140,8.363, 0.647,-0.038, 0.000,0.202,-0.403,1.585,-1.009,-0.307, 0.000;
2.496,-22.615,3.434,-22.615,3.434, 0.647,-0.042, 0.000,0.000,-0.395,0.000,-1.003,-0.309, 0.000;
2.507,-18.023,8.590,-18.023,8.590, 0.650,-0.047, 0.000,0.204,-0.409,0.000,-0.999,-0.310, 0.000;
2.518,-22.656,3.711,-22.656,3.711, 0.650,-0.051, 0.000,0.000,-0.405,0.000,-0.993,-0.312, 0.000;
2.529,-27.353,7.963,-27.299,7.908, 0.650,-0.058, 0.018,0.000,-0.603,1.580,-0.987,-0.311,-0.018;
2.541,-21.266,2.226,-21.211,2.171, 0.650,-0.062, 0.018,0.000,-0.355,0.000,-0.979,-0.313,-0.018;
2.553,-22.221,3.297,-22.166,3.242, 0.650,-0.067, 0.018,0.000,-0.399,0.000,-0.973,-0.315,-0.018;
2.564,-21.899,3.140,-21.844,3.085, 0.650,-0.071, 0.018,0.000,-0.391,0.000,-0.966,-0.316,-0.018;
2.585,-17.508,3.600,-17.396,3.488, 0.652,-0.078, 0.036,0.104,-0.313,0.848,-0.955,-0.320,-0.036;
2.597,-25.711,-1.969,-25.603,-2.077, 0.650,-0.083, 0.034,-0.190,-0.380,-0.105,-0.945,-0.321,-0.034;
2.609,-16.787,7.529,-16.731,7.473, 0.652,-0.087, 0.018,0.189,-0.379,-1.409,-0.940,-0.322,-0.018;
2.622,-24.838,6.158,-24.726,6.046, 0.652,-0.094, 0.036,0.000,-0.532,1.419,-0.932,-0.320,-0.036;
2.633,-20.847,2.580,-20.735,2.469, 0.652,-0.098, 0.036,0.000,-0.374,0.000,-0.924,-0.321,-0.036;
2.645,-25.952,6.936,-25.784,6.768, 0.652,-0.105, 0.054,0.000,-0.584,1.554,-0.916,-0.319,-0.054;
2.657,-20.553,2.604,-20.441,2.492, 0.652,-0.109, 0.036,0.000,-0.374,-1.494,-0.908,-0.320,-0.036;
2.670,-24.296,5.767,-24.128,5.599, 0.652,-0.116, 0.054,0.000,-0.530,1.409,-0.900,-0.318,-0.054;
2.683,-19.322,1.808,-19.211,1.696, 0.652,-0.121, 0.036,0.000,-0.337,-1.346,-0.891,-0.319,-0.036;
2.695,-24.872,6.617,-24.704,6.449, 0.652,-0.127, 0.054,0.000,-0.566,1.505,-0.883,-0.316,-0.054;
2.706,-24.832,-2.058,-24.668,-2.223, 0.650,-0.132, 0.053,-0.197,-0.393,-0.083,-0.872,-0.316,-0.053;
2.718,-24.632,6.766,-24.467,6.601, 0.650,-0.138, 0.053,0.000,-0.569,0.000,-0.864,-0.313,-0.053;
2.730,-19.481,2.649,-19.371,2.539, 0.650,-0.143, 0.035,0.000,-0.371,-1.453,-0.855,-0.313,-0.035;
2.742,-23.528,6.113,-23.363,5.948, 0.650,-0.150, 0.053,0.000,-0.539,1.408,-0.847,-0.310,-0.053;
2.754,-19.474,2.598,-19.309,2.433, 0.650,-0.154, 0.053,0.000,-0.381,0.000,-0.838,-0.309,-0.053;
2.766,-24.109,6.921,-23.944,6.756, 0.650,-0.161, 0.053,0.000,-0.575,0.000,-0.830,-0.306,-0.053;
2.778,-23.005,6.089,-22.840,5.924, 0.650,-0.167, 0.053,0.000,-0.538,0.000,-0.820,-0.303,-0.053;
2.789,-19.341,2.938,-19.177,2.774, 0.650,-0.172, 0.053,0.000,-0.396,0.000,-0.812,-0.301,-0.053;
2.801,-23.991,6.774,-23.772,6.554, 0.650,-0.179, 0.070,0.000,-0.585,1.527,-0.803,-0.297,-0.070;
2.812,-18.719,2.661,-18.555,2.496, 0.650,-0.183, 0.053,0.000,-0.384,-1.504,-0.795,-0.295,-0.053;
2.824,-23.206,6.386,-22.986,6.166, 0.650,-0.190, 0.070,0.000,-0.567,1.481,-0.786,-0.291,-0.070;
2.835,-19.120,3.308,-18.955,3.143, 0.650,-0.194, 0.053,0.000,-0.414,-1.620,-0.778,-0.289,-0.053;
2.846,-23.603,7.010,-23.384,6.790, 0.650,-0.201, 0.070,0.000,-0.596,1.556,-0.769,-0.285,-0.070;
2.858,-23.054,6.652,-22.835,6.432, 0.650,-0.208, 0.070,0.000,-0.581,0.000,-0.760,-0.280,-0.070;
2.879,-13.333,-1.526,-13.114,-1.746, 0.650,-0.212, 0.070,0.000,-0.206,0.000,-0.744,-0.279,-0.070;
2.891,-22.474,6.558,-22.255,6.339, 0.650,-0.219, 0.070,0.000,-0.576,0.000,-0.735,-0.274,-0.070;
2.902,-17.608,2.470,-17.388,2.250, 0.650,-0.223, 0.070,0.000,-0.389,0.000,-0.726,-0.271,-0.070;
2.914,-21.727,6.193,-21.507,5.973, 0.650,-0.230, 0.070,0.000,-0.560,0.000,-0.717,-0.266,-0.070;
2.927,-16.274,1.608,-16.054,1.388, 0.650,-0.234, 0.070,0.000,-0.351,0.000,-0.707,-0.262,-0.070;
2.939,-21.599,6.375,-21.380,6.155, 0.650,-0.241, 0.070,0.000,-0.570,0.000,-0.697,-0.257,-0.070;
2.950,-21.863,6.293,-21.589,6.019, 0.650,-0.248, 0.087,0.000,-0.583,1.518,-0.688,-0.251,-0.087;
2.962,-16.456,2.164,-16.236,1.944, 0.650,-0.252, 0.070,0.000,-0.380,-1.484,-0.679,-0.247,-0.070;
2.974,-20.894,5.750,-20.619,5.476, 0.650,-0.259, 0.087,0.000,-0.559,1.456,-0.670,-0.241,-0.087;
2.986,-17.068,10.953,-16.789,10.674, 0.652,-0.266, 0.089,0.192,-0.577,0.134,-0.663,-0.234,-0.089;
2.997,-16.226,1.994,-15.947,1.715, 0.652,-0.270, 0.089,0.000,-0.390,0.000,-0.654,-0.230,-0.089;
3.008,-21.713,6.260,-21.379,5.925, 0.652,-0.277, 0.107,0.000,-0.606,1.602,-0.645,-0.223,-0.107;
3.020,-15.900,1.953,-15.621,1.674, 0.652,-0.281, 0.089,0.000,-0.391,-1.549,-0.636,-0.219,-0.089;
3.031,-21.522,6.346,-21.187,6.012, 0.652,-0.288, 0.107,0.000,-0.613,1.619,-0.628,-0.211,-0.107;
3.042,-20.759,5.826,-20.425,5.492, 0.652,-0.295, 0.107,0.000,-0.591,0.000,-0.619,-0.204,-0.107;
3.053,-15.755,2.187,-15.476,1.908, 0.652,-0.299, 0.089,0.000,-0.407,-1.613,-0.610,-0.199,-0.089;
3.074,-13.124,0.031,-12.795,-0.298, 0.652,-0.306, 0.105,0.000,-0.316,0.746,-0.594,-0.191,-0.105;
3.085,-14.900,1.836,-14.626,1.562, 0.652,-0.310, 0.087,0.000,-0.392,-1.527,-0.585,-0.185,-0.087;
3.097,-19.586,5.509,-19.257,5.180, 0.652,-0.317, 0.105,0.000,-0.579,1.503,-0.576,-0.177,-0.105;
3.108,-19.884,5.838,-19.555,5.509, 0.652,-0.324, 0.105,0.000,-0.598,0.000,-0.567,-0.169,-0.105;
3.120,-14.221,1.366,-13.892,1.037, 0.652,-0.328, 0.105,0.000,-0.387,0.000,-0.558,-0.163,-0.105;
3.131,-18.881,5.249,-18.552,4.921, 0.652,-0.335, 0.105,0.000,-0.574,0.000,-0.549,-0.155,-0.105;
3.143,-19.442,5.808,-19.113,5.479, 0.652,-0.341, 0.105,0.000,-0.603,0.000,-0.541,-0.146,-0.105;
3.154,-13.986,1.494,-13.657,1.165, 0.652,-0.346, 0.105,0.000,-0.400,0.000,-0.532,-0.140,-0.105;
3.165,-19.272,5.873,-18.943,5.545, 0.652,-0.353, 0.105,0.000,-0.611,0.000,-0.524,-0.131,-0.105;
3.176,-18.788,5.216,-18.405,4.833, 0.652,-0.359, 0.122,0.000,-0.596,1.542,-0.515,-0.122,-0.122;
3.197,-11.084,-0.643,-10.701,-1.026, 0.652,-0.366, 0.122,0.000,-0.315,0.000,-0.499,-0.110,-0.122;
3.209,-12.486,0.552,-12.103,0.169, 0.652,-0.371, 0.122,0.000,-0.375,0.000,-0.490,-0.103,-0.122;
3.221,-13.592,9.513,-13.203,9.123, 0.654,-0.377, 0.124,0.191,-0.572,0.185,-0.484,-0.093,-0.124;
3.232,-22.032,-0.258,-21.649,-0.641, 0.652,-0.384, 0.122,-0.199,-0.598,-0.193,-0.474,-0.083,-0.122;
3.243,-8.420,5.987,-8.031,5.597, 0.654,-0.388, 0.124,0.198,-0.397,0.192,-0.468,-0.076,-0.124;
3.254,-17.513,4.744,-17.123,4.354, 0.654,-0.395, 0.124,0.000,-0.595,0.000,-0.459,-0.066,-0.124;
3.266,-16.585,3.801,-16.140,3.356, 0.654,-0.402, 0.142,0.000,-0.564,1.479,-0.451,-0.055,-0.142;
3.278,-11.403,0.153,-11.013,-0.237, 0.654,-0.406, 0.124,0.000,-0.378,-1.485,-0.442,-0.047,-0.124;
3.289,-17.389,4.901,-17.000,4.511, 0.654,-0.413, 0.124,0.000,-0.613,0.000,-0.435,-0.036,-0.124;
3.300,-16.851,4.242,-16.407,3.797, 0.654,-0.420, 0.142,0.000,-0.597,1.563,-0.427,-0.026,-0.142;
3.312,-11.277,0.285,-10.887,-0.104, 0.654,-0.424, 0.124,0.000,-0.395,-1.553,-0.419,-0.017,-0.124;
3.323,-16.853,4.391,-16.408,3.946, 0.654,-0.431, 0.142,0.000,-0.611,1.601,-0.411,-0.006,-0.142;
3.344,-5.767,-3.779,-5.377,-4.168, 0.654,-0.435, 0.124,0.000,-0.205,-0.805,-0.397, 0.007,-0.124;
3.356,-14.829,3.076,-14.384,2.632, 0.654,-0.442, 0.142,0.000,-0.554,1.450,-0.388, 0.018,-0.142;
3.368,-9.825,-0.628,-9.381,-1.072, 0.654,-0.446, 0.142,0.000,-0.373,0.000,-0.380, 0.028,-0.142;
3.374,-32.213,16.194,-31.768,15.749, 0.654,-0.453, 0.142,0.000,-1.216,0.000,-0.377, 0.037,-0.142;
3.383,-19.343,6.591,-18.898,6.146, 0.654,-0.460, 0.142,0.000,-0.741,0.000,-0.371, 0.048,-0.142;
3.405,-4.782,-4.218,-4.338,-4.662, 0.654,-0.464, 0.142,0.000,-0.207,0.000,-0.357, 0.062,-0.142;
3.416,-14.425,2.818,-13.926,2.318, 0.654,-0.471, 0.159,0.000,-0.573,1.494,-0.350, 0.074,-0.159;
3.428,-9.026,-0.936,-8.582,-1.380, 0.654,-0.475, 0.142,0.000,-0.380,-1.486,-0.343, 0.084,-0.142;
3.439,-9.052,-0.968,-8.553,-1.467, 0.654,-0.480, 0.159,0.000,-0.388,1.516,-0.336, 0.094,-0.159;
3.452,-8.343,-1.444,-7.844,-1.943, 0.654,-0.484, 0.159,0.000,-0.368,0.000,-0.328, 0.105,-0.159;
3.464,-8.297,-1.430,-7.797,-1.929, 0.654,-0.489, 0.159,0.000,-0.373,0.000,-0.321, 0.116,-0.159;
3.475,-8.654,-1.233,-8.101,-1.786, 0.654,-0.493, 0.177,0.000,-0.393,1.526,-0.315, 0.126,-0.177;
3.487,-16.931,-3.319,-16.334,-3.917, 0.652,-0.500, 0.191,-0.190,-0.571,1.188,-0.306, 0.139,-0.191;
3.498,-2.939,-5.107,-2.386,-5.661, 0.652,-0.502, 0.177,0.000,-0.197,-1.232,-0.299, 0.148,-0.177;
3.510,-13.273,1.922,-12.665,1.314, 0.652,-0.509, 0.194,0.000,-0.580,1.494,-0.293, 0.161,-0.194;
3.521,-7.593,-1.880,-6.985,-2.487, 0.652,-0.513, 0.194,0.000,-0.381,0.000,-0.287, 0.172,-0.194;
3.533,-11.501,-7.126,-10.904,-7.724, 0.650,-0.518, 0.191,-0.198,-0.396,-0.294,-0.278, 0.183,-0.191;
3.544,-7.401,-1.883,-6.804,-2.481, 0.650,-0.522, 0.191,0.000,-0.388,0.000,-0.272, 0.194,-0.191;
3.555,-7.404,-1.870,-6.796,-2.478, 0.650,-0.527, 0.194,0.000,-0.394,0.293,-0.267, 0.205,-0.194;
3.567,-7.059,-2.080,-6.451,-2.688, 0.650,-0.531, 0.194,0.000,-0.388,0.000,-0.261, 0.217,-0.194;
3.588,-3.606,-8.442,-2.956,-9.092, 0.647,-0.536, 0.207,-0.104,-0.207,0.629,-0.248, 0.234,-0.207;
3.600,-1.247,-5.885,-0.639,-6.493, 0.647,-0.538, 0.194,0.000,-0.193,-1.172,-0.243, 0.244,-0.194;
3.612,-4.484,-11.177,-3.930,-11.731, 0.645,-0.540, 0.177,-0.185,-0.185,-1.431,-0.235, 0.254,-0.177;
3.624,-4.400,-11.219,-3.856,-11.764, 0.643,-0.542, 0.174,-0.186,-0.186,-0.253,-0.228, 0.264,-0.174;
3.636,-9.407,-7.803,-8.810,-8.401, 0.641,-0.547, 0.191,-0.189,-0.378,1.437,-0.220, 0.276,-0.191;
3.649,1.091,-14.537,1.582,-15.027, 0.638,-0.547, 0.157,-0.171,0.000,-2.604,-0.212, 0.285,-0.157;
3.661,-0.302,-6.444,0.198,-6.943, 0.638,-0.549, 0.159,0.000,-0.181,0.223,-0.207, 0.295,-0.159;
3.674,1.086,-14.797,1.531,-15.242, 0.636,-0.549, 0.142,-0.174,0.000,-1.361,-0.200, 0.304,-0.142;
3.677,-33.260,-15.564,-32.816,-16.009, 0.634,-0.551, 0.142,-0.810,-0.810,0.000,-0.197, 0.308,-0.142;
3.698,0.387,-15.853,0.770,-16.236, 0.629,-0.551, 0.122,-0.209,0.000,-0.923,-0.185, 0.323,-0.122;
3.710,-4.262,-11.524,-3.879,-11.907, 0.627,-0.554, 0.122,-0.194,-0.194,0.000,-0.178, 0.333,-0.122;
3.722,-3.849,-11.562,-3.467,-11.945, 0.625,-0.556, 0.122,-0.188,-0.188,0.000,-0.172, 0.344,-0.122;
3.733,-3.130,-20.565,-2.807,-20.888, 0.620,-0.556, 0.103,-0.383,0.000,-1.640,-0.164, 0.352,-0.103;
3.744,-4.274,-11.664,-3.946,-11.993, 0.618,-0.558, 0.105,-0.199,-0.199,0.160,-0.158, 0.363,-0.105;
3.756,-3.653,-11.691,-3.325,-12.020, 0.616,-0.560, 0.105,-0.189,-0.189,0.000,-0.152, 0.373,-0.105;
3.769,-2.156,-19.660,-1.887,-19.929, 0.612,-0.560, 0.086,-0.341,0.000,-1.444,-0.144, 0.383,-0.086;
3.781,1.027,-16.030,1.297,-16.299, 0.609,-0.560, 0.086,-0.198,0.000,0.000,-0.139, 0.391,-0.086;
3.793,1.499,-15.673,1.773,-15.947, 0.607,-0.560, 0.087,-0.182,0.000,0.122,-0.133, 0.400,-0.087;
3.804,1.310,-16.070,1.585,-16.344, 0.605,-0.560, 0.087,-0.195,0.000,0.000,-0.128, 0.409,-0.087;
3.816,1.686,-16.031,2.014,-16.360, 0.603,-0.560, 0.105,-0.193,0.000,1.507,-0.123, 0.418,-0.105;
3.827,-2.771,-21.666,-2.448,-21.989, 0.598,-0.560, 0.103,-0.409,0.000,-0.165,-0.117, 0.426,-0.103;
3.838,1.740,-16.281,2.063,-16.604, 0.596,-0.560, 0.103,-0.200,0.000,0.000,-0.112, 0.434,-0.103;
3.849,6.672,-20.807,6.942,-21.076, 0.594,-0.558, 0.086,-0.203,0.203,-1.552,-0.108, 0.440,-0.086;
3.861,-2.114,-20.887,-1.844,-21.156, 0.589,-0.558, 0.086,-0.375,0.000,0.000,-0.101, 0.450,-0.086;
3.882,3.824,-14.135,4.094,-14.404, 0.587,-0.558, 0.086,-0.105,0.000,0.000,-0.096, 0.466,-0.086;
3.894,-2.034,-21.266,-1.765,-21.536, 0.583,-0.558, 0.086,-0.383,0.000,0.000,-0.090, 0.475,-0.086;
3.905,-1.896,-21.236,-1.631,-21.501, 0.578,-0.558, 0.085,-0.380,0.000,-0.124,-0.084, 0.484,-0.085;
3.917,2.251,-16.503,2.521,-16.772, 0.576,-0.558, 0.086,-0.192,0.000,0.125,-0.080, 0.493,-0.086;
3.929,-1.744,-21.416,-1.475,-21.686, 0.571,-0.558, 0.086,-0.383,0.000,0.000,-0.075, 0.502,-0.086;
3.941,2.821,-16.168,3.090,-16.438, 0.569,-0.558, 0.086,-0.175,0.000,0.000,-0.071, 0.512,-0.086;
3.954,-1.608,-21.192,-1.396,-21.404, 0.565,-0.558, 0.068,-0.369,0.000,-1.512,-0.066, 0.522,-0.068;
3.965,7.155,-21.093,7.368,-21.305, 0.562,-0.556, 0.068,-0.194,0.194,0.000,-0.063, 0.528,-0.068;
3.977,2.418,-16.811,2.631,-17.023, 0.560,-0.556, 0.068,-0.190,0.000,0.000,-0.061, 0.538,-0.068;
3.988,7.284,-21.191,7.499,-21.407, 0.558,-0.554, 0.069,-0.194,0.194,0.101,-0.058, 0.544,-0.069;
4.000,-1.703,-21.774,-1.491,-21.986, 0.554,-0.554, 0.068,-0.384,0.000,-0.100,-0.054, 0.554,-0.068;
4.012,2.563,-17.051,2.779,-17.267, 0.551,-0.554, 0.069,-0.193,0.000,0.101,-0.051, 0.563,-0.069;
4.023,7.483,-21.536,7.699,-21.752, 0.549,-0.551, 0.069,-0.197,0.197,0.000,-0.049, 0.569,-0.069;
4.034,2.491,-17.357,2.707,-17.573, 0.547,-0.551, 0.069,-0.201,0.000,0.000,-0.048, 0.578,-0.069;
4.045,-1.708,-22.682,-1.444,-22.947, 0.542,-0.551, 0.085,-0.411,0.000,1.443,-0.044, 0.586,-0.085;
4.056,7.617,-21.461,7.829,-21.673, 0.540,-0.549, 0.068,-0.192,0.192,-1.450,-0.042, 0.593,-0.068;
4.068,2.905,-17.444,3.170,-17.709, 0.538,-0.549, 0.085,-0.200,0.000,1.514,-0.041, 0.602,-0.085;
4.089,7.422,-17.497,7.635,-17.709, 0.536,-0.547, 0.068,-0.103,0.103,-0.780,-0.041, 0.617,-0.068;
4.101,3.330,-17.287,3.595,-17.552, 0.533,-0.547, 0.085,-0.185,0.000,1.398,-0.040, 0.626,-0.085;
4.105,9.873,-42.546,10.138,-42.811, 0.531,-0.545, 0.085,-0.637,0.637,0.000,-0.038, 0.626,-0.085;
4.126,9.985,-14.950,10.250,-15.215, 0.531,-0.542, 0.085,0.000,0.104,0.000,-0.041, 0.641,-0.085;
4.138,8.121,-21.906,8.386,-22.171, 0.529,-0.540, 0.085,-0.194,0.194,0.000,-0.041, 0.647,-0.085;
4.149,7.797,-22.194,8.009,-22.406, 0.527,-0.538, 0.068,-0.196,0.196,-1.476,-0.040, 0.654,-0.068;
4.161,3.276,-17.777,3.541,-18.042, 0.525,-0.538, 0.085,-0.191,0.000,1.441,-0.040, 0.663,-0.085;
4.174,11.846,-16.772,12.111,-17.037, 0.525,-0.536, 0.085,0.000,0.175,0.000,-0.043, 0.670,-0.085;
4.185,7.814,-22.397,8.026,-22.609, 0.522,-0.533, 0.068,-0.195,0.195,-1.471,-0.043, 0.677,-0.068;
4.197,7.769,-22.239,7.977,-22.447, 0.520,-0.531, 0.067,-0.190,0.190,-0.096,-0.044, 0.683,-0.067;
4.209,16.133,-21.779,16.292,-21.938, 0.520,-0.527, 0.051,0.000,0.371,-1.310,-0.047, 0.688,-0.051;
4.221,7.340,-22.172,7.497,-22.328, 0.518,-0.525, 0.050,-0.183,0.183,-0.069,-0.048, 0.695,-0.050;
4.233,11.545,-17.834,11.704,-17.993, 0.518,-0.522, 0.051,0.000,0.188,0.071,-0.051, 0.701,-0.051;
4.244,11.669,-27.347,11.773,-27.451, 0.516,-0.518, 0.033,-0.193,0.387,-1.514,-0.052, 0.705,-0.033;
4.256,11.340,-18.308,11.446,-18.415, 0.516,-0.516, 0.034,0.000,0.194,0.049,-0.055, 0.711,-0.034;
4.267,15.652,-23.080,15.705,-23.133, 0.516,-0.511, 0.017,0.000,0.388,-1.472,-0.059, 0.715,-0.017;
4.278,11.152,-18.866,11.205,-18.919, 0.516,-0.509, 0.017,0.000,0.203,0.000,-0.063, 0.721,-0.017;
4.290,11.084,-27.992,11.136,-28.044, 0.513,-0.504, 0.017,-0.196,0.392,-0.025,-0.064, 0.724,-0.017;
4.301,15.344,-23.750,15.344,-23.750, 0.513,-0.500, 0.000,0.000,0.398,-1.485,-0.068, 0.728, 0.000;
4.312,14.872,-24.058,14.820,-24.006, 0.513,-0.496,-0.017,0.000,0.397,-1.482,-0.072, 0.731, 0.017;
4.334,7.913,-17.144,7.861,-17.091, 0.513,-0.493,-0.017,0.000,0.102,0.000,-0.081, 0.744, 0.017;
4.346,14.196,-23.784,14.144,-23.732, 0.513,-0.489,-0.017,0.000,0.376,0.000,-0.085, 0.748, 0.017;
4.358,13.983,-23.712,13.931,-23.660, 0.513,-0.484,-0.017,0.000,0.370,0.000,-0.090, 0.751, 0.017;
4.371,13.296,-23.772,13.192,-23.667, 0.513,-0.480,-0.033,0.000,0.360,-1.345,-0.096, 0.755, 0.033;
4.382,18.839,-20.221,18.733,-20.115, 0.516,-0.475,-0.034,0.199,0.397,-0.050,-0.103, 0.758, 0.034;
4.394,12.652,-24.116,12.493,-23.957, 0.516,-0.471,-0.051,0.000,0.359,-1.361,-0.108, 0.761, 0.051;
4.406,12.980,-24.650,12.821,-24.491, 0.516,-0.466,-0.051,0.000,0.379,0.000,-0.114, 0.764, 0.051;
4.418,16.757,-29.744,16.549,-29.536, 0.516,-0.460,-0.067,0.000,0.572,-1.347,-0.119, 0.765, 0.067;
