0.000,0.000,0.000,0.000,0.000, 0.000, 0.000, 0.000,0.000,0.000,0.000, 0.000, 0.000, 0.000;
0.005,0.667,-0.345,-0.349,0.671, 0.089, 0.007,-0.754,0.000,0.000,0.000, 0.411,-0.005, 1.383;
0.016,0.668,-0.346,-0.347,0.670, 0.089, 0.007,-0.754,0.000,0.000,0.000, 0.411,-0.002, 1.383;
0.039,0.671,-0.349,-0.345,0.667, 0.089, 0.007,-0.754,0.000,0.000,0.000, 0.411, 0.005, 1.383;
0.044,0.672,-0.350,-0.344,0.666, 0.089, 0.007,-0.754,0.000,0.000,0.000, 0.411, 0.007, 1.383;
0.054,0.673,-0.351,-0.343,0.665, 0.089, 0.007,-0.754,0.000,0.000,0.000, 0.410, 0.010, 1.383;
0.066,0.674,-0.352,-0.341,0.663, 0.089, 0.007,-0.754,0.000,0.000,0.000, 0.410, 0.014, 1.383;
0.077,0.676,-0.354,-0.340,0.662, 0.089, 0.007,-0.754,0.000,0.000,0.000, 0.410, 0.017, 1.383;
0.098,0.678,-0.357,-0.338,0.659, 0.089, 0.007,-0.754,0.000,0.000,0.000, 0.410, 0.024, 1.383;
0.110,0.680,-0.358,-0.336,0.658, 0.089, 0.007,-0.754,0.000,0.000,0.000, 0.410, 0.028, 1.383;
0.122,0.681,-0.360,-0.335,0.656, 0.089, 0.007,-0.754,0.000,0.000,0.000, 0.409, 0.032, 1.383;
0.134,0.682,-0.361,-0.333,0.654, 0.089, 0.007,-0.754,0.000,0.000,0.000, 0.409, 0.035, 1.383;
0.146,0.684,-0.363,-0.332,0.653, 0.089, 0.007,-0.754,0.000,0.000,0.000, 0.409, 0.039, 1.383;
0.157,0.685,-0.365,-0.331,0.651, 0.089, 0.007,-0.754,0.000,0.000,0.000, 0.408, 0.042, 1.383;
0.168,0.686,-0.366,-0.330,0.650, 0.089, 0.007,-0.754,0.000,0.000,0.000, 0.408, 0.046, 1.383;
0.180,0.688,-0.368,-0.328,0.648, 0.089, 0.007,-0.754,0.000,0.000,0.000, 0.408, 0.050, 1.383;
0.191,0.689,-0.369,-0.327,0.647, 0.089, 0.007,-0.754,0.000,0.000,0.000, 0.407, 0.053, 1.383;
0.202,0.690,-0.371,-0.326,0.645, 0.089, 0.007,-0.754,0.000,0.000,0.000, 0.407, 0.057, 1.383;
0.213,0.691,-0.372,-0.325,0.643, 0.089, 0.007,-0.754,0.000,0.000,0.000, 0.406, 0.060, 1.383;
0.224,0.692,-0.374,-0.323,0.642, 0.089, 0.007,-0.754,0.000,0.000,0.000, 0.406, 0.064, 1.383;
0.245,0.695,-0.377,-0.321,0.639, 0.089, 0.007,-0.754,0.000,0.000,0.000, 0.405, 0.070, 1.383;
0.257,0.696,-0.379,-0.320,0.637, 0.089, 0.007,-0.754,0.000,0.000,0.000, 0.404, 0.074, 1.383;
0.268,0.697,-0.380,-0.319,0.636, 0.089, 0.007,-0.754,0.000,0.000,0.000, 0.404, 0.077, 1.383;
0.279,0.698,-0.382,-0.318,0.634, 0.089, 0.007,-0.754,0.000,0.000,0.000, 0.403, 0.081, 1.383;
0.291,0.699,-0.384,-0.317,0.632, 0.089, 0.007,-0.754,0.000,0.000,0.000, 0.402, 0.084, 1.383;
0.302,0.700,-0.385,-0.315,0.631, 0.089, 0.007,-0.754,0.000,0.000,0.000, 0.402, 0.088, 1.383;
0.313,0.701,-0.387,-0.314,0.629, 0.089, 0.007,-0.754,0.000,0.000,0.000, 0.401, 0.091, 1.383;
0.324,0.703,-0.388,-0.313,0.627, 0.089, 0.007,-0.754,0.000,0.000,0.000, 0.400, 0.094, 1.383;
0.335,0.704,-0.390,-0.312,0.626, 0.089, 0.007,-0.754,0.000,0.000,0.000, 0.400, 0.098, 1.383;
0.346,0.705,-0.392,-0.311,0.624, 0.089, 0.007,-0.754,0.000,0.000,0.000, 0.399, 0.101, 1.383;
0.367,0.707,-0.395,-0.309,0.621, 0.089, 0.007,-0.754,0.000,0.000,0.000, 0.397, 0.108, 1.383;
0.379,0.708,-0.397,-0.308,0.619, 0.089, 0.007,-0.754,0.000,0.000,0.000, 0.397, 0.111, 1.383;
0.392,0.709,-0.399,-0.307,0.617, 0.089, 0.007,-0.754,0.000,0.000,0.000, 0.396, 0.115, 1.383;
0.403,0.710,-0.400,-0.306,0.616, 0.089, 0.007,-0.754,0.000,0.000,0.000, 0.395, 0.119, 1.383;
0.414,0.711,-0.402,-0.305,0.614, 0.089, 0.007,-0.754,0.000,0.000,0.000, 0.394, 0.122, 1.383;
0.426,0.712,-0.404,-0.304,0.612, 0.089, 0.007,-0.754,0.000,0.000,0.000, 0.393, 0.126, 1.383;
0.438,0.713,-0.406,-0.303,0.610, 0.089, 0.007,-0.754,0.000,0.000,0.000, 0.392, 0.129, 1.383;
0.450,0.714,-0.408,-0.302,0.608, 0.089, 0.007,-0.754,0.000,0.000,0.000, 0.391, 0.133, 1.383;
0.462,0.715,-0.409,-0.301,0.607, 0.089, 0.007,-0.754,0.000,0.000,0.000, 0.390, 0.136, 1.383;
0.473,0.716,-0.411,-0.300,0.605, 0.089, 0.007,-0.754,0.000,0.000,0.000, 0.389, 0.140, 1.383;
0.485,0.717,-0.413,-0.299,0.603, 0.089, 0.007,-0.754,0.000,0.000,0.000, 0.388, 0.143, 1.383;
0.496,0.718,-0.415,-0.298,0.601, 0.089, 0.007,-0.754,0.000,0.000,0.000, 0.387, 0.147, 1.383;
0.507,0.719,-0.417,-0.297,0.599, 0.089, 0.007,-0.754,0.000,0.000,0.000, 0.386, 0.150, 1.383;
0.519,0.720,-0.418,-0.296,0.598, 0.089, 0.007,-0.754,0.000,0.000,0.000, 0.384, 0.153, 1.383;
0.530,0.721,-0.420,-0.295,0.596, 0.089, 0.007,-0.754,0.000,0.000,0.000, 0.383, 0.157, 1.383;
0.543,0.653,-0.455,-0.371,0.568, 0.089, 0.007,-0.765,0.000,0.000,-0.799, 0.382, 0.161, 1.393;
0.555,0.722,-0.424,-0.293,0.592, 0.089, 0.007,-0.754,0.000,0.000,0.882, 0.381, 0.164, 1.383;
0.567,0.723,-0.426,-0.293,0.590, 0.089, 0.007,-0.754,0.000,0.000,0.000, 0.379, 0.168, 1.383;
0.589,0.725,-0.430,-0.291,0.586, 0.089, 0.007,-0.754,0.000,0.000,0.000, 0.377, 0.174, 1.383;
0.592,0.725,-0.430,-0.291,0.586, 0.089, 0.007,-0.754,0.000,0.000,0.000, 0.377, 0.175, 1.383;
0.603,0.726,-0.432,-0.290,0.584, 0.089, 0.007,-0.754,0.000,0.000,0.000, 0.375, 0.178, 1.383;
0.625,0.727,-0.435,-0.288,0.580, 0.089, 0.007,-0.754,0.000,0.000,0.000, 0.373, 0.185, 1.383;
0.629,0.728,-0.436,-0.288,0.580, 0.089, 0.007,-0.754,0.000,0.000,0.000, 0.372, 0.186, 1.383;
0.640,0.728,-0.438,-0.287,0.578, 0.089, 0.007,-0.754,0.000,0.000,0.000, 0.371, 0.189, 1.383;
0.663,0.730,-0.442,-0.286,0.574, 0.089, 0.007,-0.754,0.000,0.000,0.000, 0.368, 0.196, 1.383;
0.674,0.731,-0.444,-0.285,0.572, 0.089, 0.007,-0.754,0.000,0.000,0.000, 0.367, 0.199, 1.383;
0.676,0.731,-0.444,-0.285,0.572, 0.089, 0.007,-0.754,0.000,0.000,0.000, 0.366, 0.199, 1.383;
0.698,0.732,-0.448,-0.284,0.568, 0.089, 0.007,-0.754,0.000,0.000,0.000, 0.363, 0.206, 1.383;
0.701,0.732,-0.448,-0.284,0.568, 0.089, 0.007,-0.754,0.000,0.000,0.000, 0.363, 0.206, 1.383;
0.723,0.733,-0.452,-0.282,0.564, 0.089, 0.007,-0.754,0.000,0.000,0.000, 0.360, 0.213, 1.383;
0.735,0.734,-0.454,-0.282,0.562, 0.089, 0.007,-0.754,0.000,0.000,0.000, 0.358, 0.216, 1.383;
0.740,0.734,-0.455,-0.281,0.561, 0.089, 0.007,-0.754,0.000,0.000,0.000, 0.358, 0.218, 1.383;
0.751,0.735,-0.456,-0.281,0.560, 0.089, 0.007,-0.754,0.000,0.000,0.000, 0.356, 0.221, 1.383;
0.762,0.736,-0.458,-0.280,0.558, 0.089, 0.007,-0.754,0.000,0.000,0.000, 0.354, 0.224, 1.383;
0.775,0.736,-0.460,-0.280,0.556, 0.089, 0.007,-0.754,0.000,0.000,0.000, 0.353, 0.227, 1.383;
0.786,0.737,-0.462,-0.279,0.554, 0.089, 0.007,-0.754,0.000,0.000,0.000, 0.351, 0.230, 1.383;
0.808,0.738,-0.466,-0.278,0.550, 0.089, 0.007,-0.754,0.000,0.000,0.000, 0.348, 0.236, 1.383;
0.820,0.739,-0.468,-0.277,0.548, 0.089, 0.007,-0.754,0.000,0.000,0.000, 0.346, 0.240, 1.383;
0.832,0.739,-0.470,-0.277,0.546, 0.089, 0.007,-0.754,0.000,0.000,0.000, 0.344, 0.243, 1.383;
0.845,0.740,-0.472,-0.276,0.544, 0.089, 0.007,-0.754,0.000,0.000,0.000, 0.342, 0.246, 1.383;
0.856,0.740,-0.474,-0.276,0.542, 0.089, 0.007,-0.754,0.000,0.000,0.000, 0.340, 0.250, 1.383;
0.869,0.741,-0.476,-0.275,0.539, 0.089, 0.007,-0.754,0.000,0.000,0.000, 0.338, 0.253, 1.383;
0.873,0.741,-0.477,-0.275,0.539, 0.089, 0.007,-0.754,0.000,0.000,0.000, 0.337, 0.254, 1.383;
0.884,0.741,-0.479,-0.275,0.537, 0.089, 0.007,-0.754,0.000,0.000,0.000, 0.336, 0.257, 1.383;
0.906,0.742,-0.483,-0.274,0.533, 0.089, 0.007,-0.754,0.000,0.000,0.000, 0.332, 0.263, 1.383;
0.918,0.743,-0.485,-0.273,0.531, 0.089, 0.007,-0.754,0.000,0.000,0.000, 0.330, 0.266, 1.383;
0.930,0.743,-0.487,-0.273,0.529, 0.089, 0.007,-0.754,0.000,0.000,0.000, 0.328, 0.269, 1.383;
0.941,0.743,-0.489,-0.272,0.527, 0.089, 0.007,-0.754,0.000,0.000,0.000, 0.326, 0.272, 1.383;
0.953,0.744,-0.491,-0.272,0.525, 0.089, 0.007,-0.754,0.000,0.000,0.000, 0.324, 0.275, 1.383;
0.965,0.744,-0.493,-0.272,0.523, 0.089, 0.007,-0.754,0.000,0.000,0.000, 0.322, 0.278, 1.383;
0.977,0.745,-0.495,-0.271,0.521, 0.089, 0.007,-0.754,0.000,0.000,0.000, 0.319, 0.281, 1.383;
0.989,0.745,-0.497,-0.271,0.519, 0.089, 0.007,-0.754,0.000,0.000,0.000, 0.317, 0.284, 1.383;
1.001,0.745,-0.499,-0.271,0.517, 0.089, 0.007,-0.754,0.000,0.000,0.000, 0.315, 0.287, 1.383;
1.013,0.746,-0.501,-0.270,0.514, 0.089, 0.007,-0.754,0.000,0.000,0.000, 0.313, 0.290, 1.383;
1.025,0.746,-0.504,-0.270,0.512, 0.089, 0.007,-0.754,0.000,0.000,0.000, 0.311, 0.293, 1.383;
1.037,0.746,-0.506,-0.270,0.510, 0.089, 0.007,-0.754,0.000,0.000,0.000, 0.308, 0.296, 1.383;
1.048,0.746,-0.508,-0.269,0.508, 0.089, 0.007,-0.754,0.000,0.000,0.000, 0.306, 0.299, 1.383;
1.061,0.747,-0.510,-0.269,0.506, 0.089, 0.007,-0.754,0.000,0.000,0.000, 0.304, 0.303, 1.383;
1.073,0.747,-0.512,-0.269,0.504, 0.089, 0.007,-0.754,0.000,0.000,0.000, 0.301, 0.305, 1.383;
1.084,0.747,-0.514,-0.269,0.502, 0.089, 0.007,-0.754,0.000,0.000,0.000, 0.299, 0.308, 1.383;
1.096,0.747,-0.516,-0.269,0.500, 0.089, 0.007,-0.754,0.000,0.000,0.000, 0.297, 0.311, 1.383;
1.107,0.747,-0.518,-0.268,0.498, 0.089, 0.007,-0.754,0.000,0.000,0.000, 0.294, 0.314, 1.383;
1.119,0.748,-0.520,-0.268,0.496, 0.089, 0.007,-0.754,0.000,0.000,0.000, 0.292, 0.317, 1.383;
1.131,0.748,-0.522,-0.268,0.494, 0.089, 0.007,-0.754,0.000,0.000,0.000, 0.290, 0.319, 1.383;
1.142,0.748,-0.524,-0.268,0.492, 0.089, 0.007,-0.754,0.000,0.000,0.000, 0.287, 0.322, 1.383;
1.154,0.748,-0.526,-0.268,0.490, 0.089, 0.007,-0.754,0.000,0.000,0.000, 0.285, 0.325, 1.383;
1.165,0.670,-0.525,-0.353,0.498, 0.089, 0.007,-0.765,0.000,0.000,-0.963, 0.283, 0.327, 1.393;
1.187,0.748,-0.532,-0.268,0.484, 0.089, 0.007,-0.754,0.000,0.000,0.467, 0.278, 0.333, 1.383;
1.191,0.748,-0.533,-0.268,0.483, 0.089, 0.007,-0.754,0.000,0.000,0.000, 0.277, 0.334, 1.383;
1.203,0.748,-0.535,-0.267,0.481, 0.089, 0.007,-0.754,0.000,0.000,0.000, 0.275, 0.336, 1.383;
1.214,0.748,-0.537,-0.267,0.479, 0.089, 0.007,-0.754,0.000,0.000,0.000, 0.272, 0.339, 1.383;
1.236,0.749,-0.541,-0.267,0.475, 0.089, 0.007,-0.754,0.000,0.000,0.000, 0.267, 0.344, 1.383;
1.248,0.749,-0.543,-0.267,0.473, 0.089, 0.007,-0.754,0.000,0.000,0.000, 0.265, 0.347, 1.383;
1.260,0.748,-0.545,-0.267,0.471, 0.089, 0.007,-0.754,0.000,0.000,0.000, 0.262, 0.349, 1.383;
1.272,0.748,-0.547,-0.267,0.469, 0.089, 0.007,-0.754,0.000,0.000,0.000, 0.259, 0.352, 1.383;
1.285,0.748,-0.550,-0.267,0.466, 0.089, 0.007,-0.754,0.000,0.000,0.000, 0.256, 0.355, 1.383;
1.297,0.748,-0.552,-0.268,0.464, 0.089, 0.007,-0.754,0.000,0.000,0.000, 0.254, 0.357, 1.383;
1.309,0.748,-0.554,-0.268,0.462, 0.089, 0.007,-0.754,0.000,0.000,0.000, 0.251, 0.360, 1.383;
1.321,0.748,-0.556,-0.268,0.460, 0.089, 0.007,-0.754,0.000,0.000,0.000, 0.248, 0.362, 1.383;
1.324,0.748,-0.556,-0.268,0.459, 0.089, 0.007,-0.754,0.000,0.000,0.000, 0.247, 0.363, 1.383;
1.346,0.748,-0.560,-0.268,0.456, 0.089, 0.007,-0.754,0.000,0.000,0.000, 0.242, 0.368, 1.383;
1.358,0.748,-0.562,-0.268,0.454, 0.089, 0.007,-0.754,0.000,0.000,0.000, 0.240, 0.370, 1.383;
1.370,0.748,-0.564,-0.268,0.451, 0.089, 0.007,-0.754,0.000,0.000,0.000, 0.237, 0.372, 1.383;
1.382,0.747,-0.567,-0.268,0.449, 0.089, 0.007,-0.754,0.000,0.000,0.000, 0.234, 0.375, 1.383;
1.387,0.747,-0.568,-0.269,0.448, 0.089, 0.007,-0.754,0.000,0.000,0.000, 0.233, 0.376, 1.383;
1.397,0.747,-0.569,-0.269,0.447, 0.089, 0.007,-0.754,0.000,0.000,0.000, 0.230, 0.378, 1.383;
1.419,0.747,-0.573,-0.269,0.443, 0.089, 0.007,-0.754,0.000,0.000,0.000, 0.225, 0.382, 1.383;
1.431,0.747,-0.575,-0.269,0.441, 0.089, 0.007,-0.754,0.000,0.000,0.000, 0.222, 0.385, 1.383;
1.443,0.746,-0.577,-0.270,0.439, 0.089, 0.007,-0.754,0.000,0.000,0.000, 0.219, 0.387, 1.383;
1.454,0.746,-0.579,-0.270,0.437, 0.089, 0.007,-0.754,0.000,0.000,0.000, 0.216, 0.389, 1.383;
1.466,0.746,-0.581,-0.270,0.434, 0.089, 0.007,-0.754,0.000,0.000,0.000, 0.213, 0.391, 1.383;
1.478,0.745,-0.583,-0.270,0.432, 0.089, 0.007,-0.754,0.000,0.000,0.000, 0.210, 0.394, 1.383;
1.490,0.745,-0.586,-0.271,0.430, 0.089, 0.007,-0.754,0.000,0.000,0.000, 0.207, 0.396, 1.383;
1.501,0.745,-0.588,-0.271,0.428, 0.089, 0.007,-0.754,0.000,0.000,0.000, 0.204, 0.398, 1.383;
1.513,0.744,-0.590,-0.271,0.426, 0.089, 0.007,-0.754,0.000,0.000,0.000, 0.201, 0.400, 1.383;
1.525,0.744,-0.592,-0.272,0.424, 0.089, 0.007,-0.754,0.000,0.000,0.000, 0.198, 0.402, 1.383;
1.538,0.744,-0.594,-0.272,0.422, 0.089, 0.007,-0.754,0.000,0.000,0.000, 0.195, 0.405, 1.383;
1.550,0.743,-0.596,-0.273,0.420, 0.089, 0.007,-0.754,0.000,0.000,0.000, 0.192, 0.407, 1.383;
1.563,0.743,-0.598,-0.273,0.418, 0.089, 0.007,-0.754,0.000,0.000,0.000, 0.188, 0.409, 1.383;
1.575,0.742,-0.600,-0.273,0.415, 0.089, 0.007,-0.754,0.000,0.000,0.000, 0.185, 0.411, 1.383;
1.587,0.742,-0.602,-0.274,0.413, 0.089, 0.007,-0.754,0.000,0.000,0.000, 0.182, 0.413, 1.383;
1.598,0.742,-0.604,-0.274,0.411, 0.089, 0.007,-0.754,0.000,0.000,0.000, 0.179, 0.415, 1.383;
1.609,0.741,-0.606,-0.275,0.410, 0.089, 0.007,-0.754,0.000,0.000,0.000, 0.176, 0.417, 1.383;
1.620,0.741,-0.608,-0.275,0.408, 0.089, 0.007,-0.754,0.000,0.000,0.000, 0.173, 0.419, 1.383;
1.631,0.740,-0.610,-0.276,0.406, 0.089, 0.007,-0.754,0.000,0.000,0.000, 0.170, 0.421, 1.383;
1.642,0.740,-0.612,-0.276,0.404, 0.089, 0.007,-0.754,0.000,0.000,0.000, 0.167, 0.422, 1.383;
1.664,0.739,-0.616,-0.277,0.400, 0.089, 0.007,-0.754,0.000,0.000,0.000, 0.162, 0.426, 1.383;
1.675,0.664,-0.584,-0.360,0.439, 0.089, 0.007,-0.765,0.000,0.000,-0.933, 0.158, 0.428, 1.393;
1.686,0.738,-0.620,-0.278,0.396, 0.089, 0.007,-0.754,0.000,0.000,0.928, 0.155, 0.429, 1.383;
1.697,0.737,-0.621,-0.279,0.394, 0.089, 0.007,-0.754,0.000,0.000,0.000, 0.152, 0.431, 1.383;
1.709,0.737,-0.623,-0.279,0.392, 0.089, 0.007,-0.754,0.000,0.000,0.000, 0.149, 0.433, 1.383;
1.721,0.736,-0.625,-0.280,0.391, 0.089, 0.007,-0.754,0.000,0.000,0.000, 0.146, 0.435, 1.383;
1.733,0.735,-0.627,-0.281,0.388, 0.089, 0.007,-0.754,0.000,0.000,0.000, 0.142, 0.436, 1.383;
1.744,0.661,-0.592,-0.362,0.432, 0.089, 0.007,-0.765,0.000,0.000,-0.939, 0.139, 0.438, 1.393;
1.756,0.734,-0.631,-0.282,0.385, 0.089, 0.007,-0.754,0.000,0.000,0.934, 0.136, 0.440, 1.383;
1.767,0.733,-0.633,-0.282,0.383, 0.089, 0.007,-0.754,0.000,0.000,0.000, 0.133, 0.441, 1.383;
1.778,0.733,-0.635,-0.283,0.381, 0.089, 0.007,-0.754,0.000,0.000,0.000, 0.130, 0.443, 1.383;
1.789,0.732,-0.637,-0.284,0.379, 0.089, 0.007,-0.754,0.000,0.000,0.000, 0.127, 0.444, 1.383;
1.810,0.731,-0.640,-0.285,0.375, 0.089, 0.007,-0.754,0.000,0.000,0.000, 0.121, 0.447, 1.383;
1.823,0.730,-0.642,-0.286,0.373, 0.089, 0.007,-0.754,0.000,0.000,0.000, 0.117, 0.449, 1.383;
1.836,0.729,-0.645,-0.287,0.371, 0.089, 0.007,-0.754,0.000,0.000,0.000, 0.113, 0.450, 1.383;
1.847,0.728,-0.647,-0.287,0.369, 0.089, 0.007,-0.754,0.000,0.000,0.000, 0.110, 0.452, 1.383;
1.859,0.728,-0.648,-0.288,0.367, 0.089, 0.007,-0.754,0.000,0.000,0.000, 0.107, 0.453, 1.383;
1.865,0.727,-0.649,-0.289,0.366, 0.089, 0.007,-0.754,0.000,0.000,0.000, 0.105, 0.454, 1.383;
1.876,0.727,-0.651,-0.289,0.365, 0.089, 0.007,-0.754,0.000,0.000,0.000, 0.102, 0.455, 1.383;
1.887,0.726,-0.653,-0.290,0.363, 0.089, 0.007,-0.754,0.000,0.000,0.000, 0.099, 0.457, 1.383;
1.909,0.724,-0.657,-0.292,0.359, 0.089, 0.007,-0.754,0.000,0.000,0.000, 0.092, 0.459, 1.383;
1.913,0.724,-0.657,-0.292,0.359, 0.089, 0.007,-0.754,0.000,0.000,0.000, 0.091, 0.460, 1.383;
1.924,0.654,-0.611,-0.370,0.412, 0.089, 0.007,-0.765,0.000,0.000,-0.929, 0.088, 0.461, 1.393;
1.946,0.721,-0.662,-0.294,0.353, 0.089, 0.007,-0.754,0.000,0.000,0.484, 0.081, 0.463, 1.383;
1.948,0.721,-0.663,-0.295,0.353, 0.089, 0.007,-0.754,0.000,0.000,0.000, 0.081, 0.464, 1.383;
1.960,0.720,-0.665,-0.296,0.351, 0.089, 0.007,-0.754,0.000,0.000,0.000, 0.077, 0.465, 1.383;
1.981,0.719,-0.668,-0.297,0.348, 0.089, 0.007,-0.754,0.000,0.000,0.000, 0.071, 0.467, 1.383;
1.995,0.718,-0.670,-0.298,0.346, 0.089, 0.007,-0.754,0.000,0.000,0.000, 0.067, 0.468, 1.383;
2.006,0.717,-0.672,-0.299,0.344, 0.089, 0.007,-0.754,0.000,0.000,0.000, 0.063, 0.469, 1.383;
2.018,0.716,-0.674,-0.300,0.342, 0.089, 0.007,-0.754,0.000,0.000,0.000, 0.060, 0.471, 1.383;
2.030,0.715,-0.676,-0.301,0.340, 0.089, 0.007,-0.754,0.000,0.000,0.000, 0.056, 0.472, 1.383;
2.043,0.714,-0.678,-0.302,0.338, 0.089, 0.007,-0.754,0.000,0.000,0.000, 0.052, 0.473, 1.383;
2.055,0.713,-0.680,-0.303,0.336, 0.089, 0.007,-0.754,0.000,0.000,0.000, 0.049, 0.474, 1.383;
2.058,0.712,-0.680,-0.304,0.336, 0.089, 0.007,-0.754,0.000,0.000,0.000, 0.048, 0.474, 1.383;
2.080,0.710,-0.684,-0.306,0.332, 0.089, 0.007,-0.754,0.000,0.000,0.000, 0.041, 0.476, 1.383;
2.092,0.709,-0.685,-0.307,0.330, 0.089, 0.007,-0.754,0.000,0.000,0.000, 0.037, 0.477, 1.383;
2.095,0.709,-0.686,-0.307,0.330, 0.089, 0.007,-0.754,0.000,0.000,0.000, 0.037, 0.477, 1.383;
2.116,0.707,-0.689,-0.309,0.327, 0.089, 0.007,-0.754,0.000,0.000,0.000, 0.030, 0.479, 1.383;
2.128,0.706,-0.691,-0.310,0.325, 0.089, 0.007,-0.754,0.000,0.000,0.000, 0.026, 0.480, 1.383;
2.140,0.705,-0.693,-0.311,0.323, 0.089, 0.007,-0.754,0.000,0.000,0.000, 0.023, 0.481, 1.383;
2.153,0.704,-0.695,-0.312,0.321, 0.089, 0.007,-0.754,0.000,0.000,0.000, 0.019, 0.481, 1.383;
2.164,0.702,-0.696,-0.313,0.320, 0.089, 0.007,-0.754,0.000,0.000,0.000, 0.015, 0.482, 1.383;
2.176,0.701,-0.698,-0.315,0.318, 0.089, 0.007,-0.754,0.000,0.000,0.000, 0.012, 0.483, 1.383;
2.188,0.700,-0.700,-0.316,0.316, 0.089, 0.007,-0.754,0.000,0.000,0.000, 0.008, 0.484, 1.383;
2.201,0.699,-0.702,-0.317,0.314, 0.089, 0.007,-0.754,0.000,0.000,0.000, 0.004, 0.484, 1.383;
2.213,0.698,-0.703,-0.318,0.312, 0.089, 0.007,-0.754,0.000,0.000,0.000, 0.000, 0.485, 1.383;
2.225,0.696,-0.705,-0.320,0.311, 0.089, 0.007,-0.754,0.000,0.000,0.000,-0.003, 0.486, 1.383;
2.238,0.695,-0.707,-0.321,0.309, 0.089, 0.007,-0.754,0.000,0.000,0.000,-0.007, 0.487, 1.383;
2.250,0.694,-0.709,-0.322,0.307, 0.089, 0.007,-0.754,0.000,0.000,0.000,-0.011, 0.487, 1.383;
2.261,0.693,-0.710,-0.323,0.306, 0.089, 0.007,-0.754,0.000,0.000,0.000,-0.015, 0.488, 1.383;
2.273,0.633,-0.647,-0.391,0.377, 0.089, 0.007,-0.765,0.000,0.000,-0.884,-0.018, 0.488, 1.393;
2.285,0.690,-0.714,-0.326,0.302, 0.089, 0.007,-0.754,0.000,0.000,0.875,-0.022, 0.489, 1.383;
2.298,0.689,-0.715,-0.327,0.300, 0.089, 0.007,-0.754,0.000,0.000,0.000,-0.026, 0.489, 1.383;
2.310,0.687,-0.717,-0.329,0.299, 0.089, 0.007,-0.754,0.000,0.000,0.000,-0.030, 0.490, 1.383;
2.323,0.686,-0.719,-0.330,0.297, 0.089, 0.007,-0.754,0.000,0.000,0.000,-0.034, 0.490, 1.383;
2.335,0.685,-0.721,-0.331,0.295, 0.089, 0.007,-0.754,0.000,0.000,0.000,-0.037, 0.491, 1.383;
2.347,0.683,-0.722,-0.333,0.294, 0.089, 0.007,-0.754,0.000,0.000,0.000,-0.041, 0.491, 1.383;
2.359,0.682,-0.724,-0.334,0.292, 0.089, 0.007,-0.754,0.000,0.000,0.000,-0.045, 0.491, 1.383;
2.372,0.680,-0.726,-0.336,0.290, 0.089, 0.007,-0.754,0.000,0.000,0.000,-0.049, 0.492, 1.383;
2.385,0.679,-0.727,-0.337,0.288, 0.089, 0.007,-0.754,0.000,0.000,0.000,-0.053, 0.492, 1.383;
2.398,0.677,-0.729,-0.339,0.287, 0.089, 0.007,-0.754,0.000,0.000,0.000,-0.057, 0.492, 1.383;
2.410,0.676,-0.731,-0.340,0.285, 0.089, 0.007,-0.754,0.000,0.000,0.000,-0.061, 0.493, 1.383;
2.422,0.674,-0.732,-0.341,0.284, 0.089, 0.007,-0.754,0.000,0.000,0.000,-0.065, 0.493, 1.383;
2.434,0.673,-0.734,-0.343,0.282, 0.089, 0.007,-0.754,0.000,0.000,0.000,-0.069, 0.493, 1.383;
2.448,0.671,-0.736,-0.345,0.280, 0.089, 0.007,-0.754,0.000,0.000,0.000,-0.073, 0.493, 1.383;
2.454,0.671,-0.736,-0.345,0.280, 0.089, 0.007,-0.754,0.000,0.000,0.000,-0.075, 0.493, 1.383;
2.462,0.670,-0.737,-0.346,0.278, 0.089, 0.007,-0.754,0.000,0.000,0.000,-0.077, 0.493, 1.383;
2.484,0.617,-0.665,-0.407,0.359, 0.089, 0.007,-0.765,0.000,0.000,-0.483,-0.084, 0.493, 1.393;
2.495,0.665,-0.742,-0.350,0.274, 0.089, 0.007,-0.754,0.000,0.000,0.923,-0.088, 0.493, 1.383;
2.507,0.664,-0.743,-0.352,0.273, 0.089, 0.007,-0.754,0.000,0.000,0.000,-0.092, 0.493, 1.383;
2.520,0.662,-0.745,-0.354,0.271, 0.089, 0.007,-0.754,0.000,0.000,0.000,-0.095, 0.493, 1.383;
2.531,0.661,-0.746,-0.355,0.270, 0.089, 0.007,-0.754,0.000,0.000,0.000,-0.099, 0.493, 1.383;
2.543,0.659,-0.748,-0.357,0.268, 0.089, 0.007,-0.754,0.000,0.000,0.000,-0.103, 0.493, 1.383;
2.555,0.658,-0.749,-0.358,0.267, 0.089, 0.007,-0.754,0.000,0.000,0.000,-0.107, 0.493, 1.383;
2.566,0.656,-0.750,-0.360,0.266, 0.089, 0.007,-0.754,0.000,0.000,0.000,-0.110, 0.493, 1.383;
2.579,0.655,-0.752,-0.361,0.264, 0.089, 0.007,-0.754,0.000,0.000,0.000,-0.114, 0.493, 1.383;
2.591,0.653,-0.753,-0.363,0.263, 0.089, 0.007,-0.754,0.000,0.000,0.000,-0.118, 0.492, 1.383;
2.603,0.651,-0.755,-0.364,0.261, 0.089, 0.007,-0.754,0.000,0.000,0.000,-0.122, 0.492, 1.383;
2.614,0.650,-0.756,-0.366,0.260, 0.089, 0.007,-0.754,0.000,0.000,0.000,-0.125, 0.492, 1.383;
2.627,0.648,-0.757,-0.368,0.259, 0.089, 0.007,-0.754,0.000,0.000,0.000,-0.129, 0.492, 1.383;
2.639,0.646,-0.759,-0.369,0.257, 0.089, 0.007,-0.754,0.000,0.000,0.000,-0.133, 0.491, 1.383;
2.652,0.645,-0.760,-0.371,0.256, 0.089, 0.007,-0.754,0.000,0.000,0.000,-0.137, 0.491, 1.383;
2.664,0.643,-0.762,-0.373,0.254, 0.089, 0.007,-0.754,0.000,0.000,0.000,-0.141, 0.491, 1.383;
2.676,0.641,-0.763,-0.374,0.253, 0.089, 0.007,-0.754,0.000,0.000,0.000,-0.144, 0.490, 1.383;
2.688,0.640,-0.764,-0.376,0.252, 0.089, 0.007,-0.754,0.000,0.000,0.000,-0.148, 0.490, 1.383;
2.701,0.638,-0.766,-0.378,0.250, 0.089, 0.007,-0.754,0.000,0.000,0.000,-0.152, 0.489, 1.383;
2.713,0.636,-0.767,-0.380,0.249, 0.089, 0.007,-0.754,0.000,0.000,0.000,-0.156, 0.489, 1.383;
2.724,0.635,-0.768,-0.381,0.248, 0.089, 0.007,-0.754,0.000,0.000,0.000,-0.160, 0.488, 1.383;
2.738,0.633,-0.770,-0.383,0.246, 0.089, 0.007,-0.754,0.000,0.000,0.000,-0.164, 0.488, 1.383;
2.752,0.631,-0.771,-0.385,0.245, 0.089, 0.007,-0.754,0.000,0.000,0.000,-0.168, 0.487, 1.383;
2.755,0.630,-0.771,-0.386,0.245, 0.089, 0.007,-0.754,0.000,0.000,0.000,-0.169, 0.487, 1.383;
2.777,0.627,-0.774,-0.389,0.242, 0.089, 0.007,-0.754,0.000,0.000,0.000,-0.176, 0.486, 1.383;
2.789,0.625,-0.775,-0.391,0.241, 0.089, 0.007,-0.754,0.000,0.000,0.000,-0.180, 0.485, 1.383;
2.802,0.623,-0.776,-0.393,0.240, 0.089, 0.007,-0.754,0.000,0.000,0.000,-0.183, 0.484, 1.383;
2.805,0.623,-0.776,-0.393,0.240, 0.089, 0.007,-0.754,0.000,0.000,0.000,-0.185, 0.484, 1.383;
2.816,0.621,-0.777,-0.395,0.238, 0.089, 0.007,-0.754,0.000,0.000,0.000,-0.188, 0.483, 1.383;
2.839,0.618,-0.780,-0.398,0.236, 0.089, 0.007,-0.754,0.000,0.000,0.000,-0.195, 0.482, 1.383;
2.842,0.617,-0.780,-0.399,0.236, 0.089, 0.007,-0.754,0.000,0.000,0.000,-0.196, 0.482, 1.383;
2.853,0.616,-0.781,-0.400,0.235, 0.089, 0.007,-0.754,0.000,0.000,0.000,-0.199, 0.481, 1.383;
2.875,0.612,-0.783,-0.403,0.233, 0.089, 0.007,-0.754,0.000,0.000,0.000,-0.206, 0.480, 1.383;
2.878,0.612,-0.783,-0.404,0.233, 0.089, 0.007,-0.754,0.000,0.000,0.000,-0.207, 0.479, 1.383;
2.889,0.610,-0.784,-0.406,0.232, 0.089, 0.007,-0.754,0.000,0.000,0.000,-0.210, 0.478, 1.383;
2.911,0.607,-0.786,-0.409,0.230, 0.089, 0.007,-0.754,0.000,0.000,0.000,-0.217, 0.477, 1.383;
2.923,0.605,-0.787,-0.411,0.229, 0.089, 0.007,-0.754,0.000,0.000,0.000,-0.221, 0.476, 1.383;
2.936,0.603,-0.788,-0.413,0.228, 0.089, 0.007,-0.754,0.000,0.000,0.000,-0.225, 0.475, 1.383;
2.939,0.602,-0.789,-0.413,0.227, 0.089, 0.007,-0.754,0.000,0.000,0.000,-0.226, 0.474, 1.383;
2.961,0.599,-0.790,-0.417,0.225, 0.089, 0.007,-0.754,0.000,0.000,0.000,-0.232, 0.472, 1.383;
2.966,0.598,-0.791,-0.418,0.225, 0.089, 0.007,-0.754,0.000,0.000,0.000,-0.234, 0.472, 1.383;
2.977,0.597,-0.792,-0.419,0.224, 0.089, 0.007,-0.754,0.000,0.000,0.000,-0.237, 0.471, 1.383;
2.988,0.595,-0.793,-0.421,0.223, 0.089, 0.007,-0.754,0.000,0.000,0.000,-0.240, 0.470, 1.383;
2.999,0.568,-0.700,-0.456,0.323, 0.089, 0.007,-0.765,0.000,0.000,-0.911,-0.244, 0.469, 1.393;
3.021,0.589,-0.795,-0.426,0.221, 0.089, 0.007,-0.754,0.000,0.000,0.480,-0.250, 0.467, 1.383;
3.033,0.588,-0.796,-0.428,0.220, 0.089, 0.007,-0.754,0.000,0.000,0.000,-0.254, 0.466, 1.383;
3.044,0.586,-0.797,-0.430,0.219, 0.089, 0.007,-0.754,0.000,0.000,0.000,-0.257, 0.464, 1.383;
3.056,0.584,-0.798,-0.432,0.218, 0.089, 0.007,-0.754,0.000,0.000,0.000,-0.260, 0.463, 1.383;
3.068,0.582,-0.799,-0.434,0.217, 0.089, 0.007,-0.754,0.000,0.000,0.000,-0.264, 0.462, 1.383;
3.080,0.580,-0.800,-0.436,0.216, 0.089, 0.007,-0.754,0.000,0.000,0.000,-0.267, 0.461, 1.383;
3.091,0.578,-0.800,-0.438,0.215, 0.089, 0.007,-0.754,0.000,0.000,0.000,-0.271, 0.459, 1.383;
3.103,0.576,-0.801,-0.440,0.215, 0.089, 0.007,-0.754,0.000,0.000,0.000,-0.274, 0.458, 1.383;
3.114,0.575,-0.802,-0.441,0.214, 0.089, 0.007,-0.754,0.000,0.000,0.000,-0.277, 0.457, 1.383;
3.125,0.573,-0.803,-0.443,0.213, 0.089, 0.007,-0.754,0.000,0.000,0.000,-0.280, 0.455, 1.383;
3.136,0.571,-0.803,-0.445,0.212, 0.089, 0.007,-0.754,0.000,0.000,0.000,-0.284, 0.454, 1.383;
3.146,0.569,-0.804,-0.447,0.212, 0.089, 0.007,-0.754,0.000,0.000,0.000,-0.287, 0.453, 1.383;
3.168,0.566,-0.806,-0.450,0.210, 0.089, 0.007,-0.754,0.000,0.000,0.000,-0.293, 0.450, 1.383;
3.179,0.564,-0.806,-0.452,0.210, 0.089, 0.007,-0.754,0.000,0.000,0.000,-0.296, 0.448, 1.383;
3.190,0.562,-0.807,-0.454,0.209, 0.089, 0.007,-0.754,0.000,0.000,0.000,-0.299, 0.447, 1.383;
3.202,0.560,-0.808,-0.456,0.208, 0.089, 0.007,-0.754,0.000,0.000,0.000,-0.303, 0.445, 1.383;
3.213,0.558,-0.808,-0.458,0.208, 0.089, 0.007,-0.754,0.000,0.000,0.000,-0.306, 0.444, 1.383;
3.224,0.556,-0.809,-0.460,0.207, 0.089, 0.007,-0.754,0.000,0.000,0.000,-0.309, 0.442, 1.383;
3.235,0.554,-0.809,-0.462,0.206, 0.089, 0.007,-0.754,0.000,0.000,0.000,-0.312, 0.441, 1.383;
3.247,0.552,-0.810,-0.464,0.206, 0.089, 0.007,-0.754,0.000,0.000,0.000,-0.315, 0.439, 1.383;
3.258,0.550,-0.811,-0.465,0.205, 0.089, 0.007,-0.754,0.000,0.000,0.000,-0.319, 0.438, 1.383;
3.270,0.548,-0.811,-0.467,0.205, 0.089, 0.007,-0.754,0.000,0.000,0.000,-0.322, 0.436, 1.383;
3.283,0.546,-0.812,-0.470,0.204, 0.089, 0.007,-0.754,0.000,0.000,0.000,-0.325, 0.434, 1.383;
3.294,0.544,-0.813,-0.472,0.203, 0.089, 0.007,-0.754,0.000,0.000,0.000,-0.328, 0.432, 1.383;
3.306,0.542,-0.813,-0.474,0.203, 0.089, 0.007,-0.754,0.000,0.000,0.000,-0.332, 0.431, 1.383;
3.317,0.540,-0.814,-0.476,0.202, 0.089, 0.007,-0.754,0.000,0.000,0.000,-0.335, 0.429, 1.383;
3.339,0.537,-0.815,-0.479,0.201, 0.089, 0.007,-0.754,0.000,0.000,0.000,-0.341, 0.425, 1.383;
3.351,0.534,-0.815,-0.481,0.201, 0.089, 0.007,-0.754,0.000,0.000,0.000,-0.344, 0.423, 1.383;
3.364,0.532,-0.816,-0.484,0.200, 0.089, 0.007,-0.754,0.000,0.000,0.000,-0.348, 0.421, 1.383;
3.376,0.530,-0.816,-0.486,0.200, 0.089, 0.007,-0.754,0.000,0.000,0.000,-0.351, 0.419, 1.383;
3.387,0.528,-0.817,-0.488,0.199, 0.089, 0.007,-0.754,0.000,0.000,0.000,-0.354, 0.418, 1.383;
3.399,0.526,-0.817,-0.490,0.199, 0.089, 0.007,-0.754,0.000,0.000,0.000,-0.357, 0.416, 1.383;
3.412,0.524,-0.818,-0.492,0.198, 0.089, 0.007,-0.754,0.000,0.000,0.000,-0.360, 0.414, 1.383;
3.424,0.522,-0.818,-0.494,0.198, 0.089, 0.007,-0.754,0.000,0.000,0.000,-0.363, 0.411, 1.383;
3.435,0.520,-0.818,-0.496,0.198, 0.089, 0.007,-0.754,0.000,0.000,0.000,-0.366, 0.409, 1.383;
3.447,0.518,-0.819,-0.498,0.197, 0.089, 0.007,-0.754,0.000,0.000,0.000,-0.370, 0.407, 1.383;
3.460,0.516,-0.819,-0.500,0.197, 0.089, 0.007,-0.754,0.000,0.000,0.000,-0.373, 0.405, 1.383;
3.472,0.513,-0.819,-0.502,0.196, 0.089, 0.007,-0.754,0.000,0.000,0.000,-0.376, 0.403, 1.383;
3.484,0.511,-0.820,-0.505,0.196, 0.089, 0.007,-0.754,0.000,0.000,0.000,-0.379, 0.401, 1.383;
3.496,0.509,-0.820,-0.507,0.196, 0.089, 0.007,-0.754,0.000,0.000,0.000,-0.382, 0.398, 1.383;
3.508,0.507,-0.820,-0.509,0.195, 0.089, 0.007,-0.754,0.000,0.000,0.000,-0.385, 0.396, 1.383;
3.520,0.505,-0.821,-0.511,0.195, 0.089, 0.007,-0.754,0.000,0.000,0.000,-0.388, 0.394, 1.383;
3.532,0.503,-0.821,-0.513,0.195, 0.089, 0.007,-0.754,0.000,0.000,0.000,-0.391, 0.392, 1.383;
3.544,0.501,-0.821,-0.515,0.195, 0.089, 0.007,-0.754,0.000,0.000,0.000,-0.394, 0.390, 1.383;
3.556,0.499,-0.822,-0.517,0.194, 0.089, 0.007,-0.754,0.000,0.000,0.000,-0.397, 0.387, 1.383;
3.569,0.496,-0.822,-0.519,0.194, 0.089, 0.007,-0.754,0.000,0.000,0.000,-0.400, 0.385, 1.383;
3.581,0.494,-0.822,-0.522,0.194, 0.089, 0.007,-0.754,0.000,0.000,0.000,-0.403, 0.382, 1.383;
3.596,0.492,-0.822,-0.524,0.194, 0.089, 0.007,-0.754,0.000,0.000,0.000,-0.407, 0.379, 1.383;
3.609,0.489,-0.822,-0.527,0.193, 0.089, 0.007,-0.754,0.000,0.000,0.000,-0.410, 0.377, 1.383;
3.613,0.488,-0.823,-0.527,0.193, 0.089, 0.007,-0.754,0.000,0.000,0.000,-0.411, 0.376, 1.383;
3.624,0.487,-0.823,-0.529,0.193, 0.089, 0.007,-0.754,0.000,0.000,0.000,-0.414, 0.374, 1.383;
3.645,0.483,-0.823,-0.533,0.193, 0.089, 0.007,-0.754,0.000,0.000,0.000,-0.419, 0.369, 1.383;
3.649,0.482,-0.823,-0.534,0.193, 0.089, 0.007,-0.754,0.000,0.000,0.000,-0.420, 0.369, 1.383;
3.660,0.480,-0.823,-0.536,0.193, 0.089, 0.007,-0.754,0.000,0.000,0.000,-0.422, 0.366, 1.383;
3.681,0.476,-0.823,-0.540,0.193, 0.089, 0.007,-0.754,0.000,0.000,0.000,-0.427, 0.362, 1.383;
3.687,0.475,-0.823,-0.540,0.193, 0.089, 0.007,-0.754,0.000,0.000,0.000,-0.428, 0.361, 1.383;
3.698,0.473,-0.823,-0.542,0.193, 0.089, 0.007,-0.754,0.000,0.000,0.000,-0.431, 0.358, 1.383;
3.709,0.472,-0.823,-0.544,0.193, 0.089, 0.007,-0.754,0.000,0.000,0.000,-0.434, 0.356, 1.383;
3.731,0.468,-0.823,-0.548,0.193, 0.089, 0.007,-0.754,0.000,0.000,0.000,-0.439, 0.351, 1.383;
3.742,0.466,-0.823,-0.550,0.193, 0.089, 0.007,-0.754,0.000,0.000,0.000,-0.441, 0.349, 1.383;
3.755,0.463,-0.823,-0.553,0.193, 0.089, 0.007,-0.754,0.000,0.000,0.000,-0.444, 0.346, 1.383;
3.768,0.461,-0.823,-0.555,0.193, 0.089, 0.007,-0.754,0.000,0.000,0.000,-0.447, 0.343, 1.383;
3.773,0.460,-0.823,-0.556,0.193, 0.089, 0.007,-0.754,0.000,0.000,0.000,-0.448, 0.342, 1.383;
3.783,0.458,-0.823,-0.558,0.193, 0.089, 0.007,-0.754,0.000,0.000,0.000,-0.450, 0.340, 1.383;
3.794,0.456,-0.823,-0.560,0.193, 0.089, 0.007,-0.754,0.000,0.000,0.000,-0.452, 0.337, 1.383;
3.816,0.452,-0.823,-0.563,0.193, 0.089, 0.007,-0.754,0.000,0.000,0.000,-0.457, 0.332, 1.383;
3.828,0.450,-0.823,-0.566,0.193, 0.089, 0.007,-0.754,0.000,0.000,0.000,-0.460, 0.329, 1.383;
3.839,0.448,-0.823,-0.568,0.193, 0.089, 0.007,-0.754,0.000,0.000,0.000,-0.462, 0.326, 1.383;
3.852,0.446,-0.823,-0.570,0.193, 0.089, 0.007,-0.754,0.000,0.000,0.000,-0.465, 0.323, 1.383;
3.866,0.443,-0.822,-0.572,0.193, 0.089, 0.007,-0.754,0.000,0.000,0.000,-0.468, 0.320, 1.383;
3.870,0.443,-0.822,-0.573,0.194, 0.089, 0.007,-0.754,0.000,0.000,0.000,-0.469, 0.319, 1.383;
3.882,0.441,-0.822,-0.575,0.194, 0.089, 0.007,-0.754,0.000,0.000,0.000,-0.471, 0.316, 1.383;
3.893,0.439,-0.822,-0.577,0.194, 0.089, 0.007,-0.754,0.000,0.000,0.000,-0.473, 0.314, 1.383;
3.910,0.436,-0.822,-0.580,0.194, 0.089, 0.007,-0.754,0.000,0.000,0.000,-0.476, 0.310, 1.383;
3.921,0.434,-0.821,-0.582,0.194, 0.089, 0.007,-0.754,0.000,0.000,0.000,-0.479, 0.307, 1.383;
3.932,0.432,-0.821,-0.584,0.195, 0.089, 0.007,-0.754,0.000,0.000,0.000,-0.481, 0.304, 1.383;
3.943,0.430,-0.821,-0.586,0.195, 0.089, 0.007,-0.754,0.000,0.000,0.000,-0.483, 0.301, 1.383;
3.954,0.428,-0.821,-0.588,0.195, 0.089, 0.007,-0.754,0.000,0.000,0.000,-0.485, 0.299, 1.383;
3.965,0.426,-0.820,-0.590,0.195, 0.089, 0.007,-0.754,0.000,0.000,0.000,-0.487, 0.296, 1.383;
3.987,0.422,-0.820,-0.594,0.196, 0.089, 0.007,-0.754,0.000,0.000,0.000,-0.491, 0.290, 1.383;
3.999,0.420,-0.819,-0.596,0.196, 0.089, 0.007,-0.754,0.000,0.000,0.000,-0.494, 0.287, 1.383;
4.011,0.418,-0.819,-0.598,0.197, 0.089, 0.007,-0.754,0.000,0.000,0.000,-0.496, 0.284, 1.383;
4.023,0.416,-0.819,-0.600,0.197, 0.089, 0.007,-0.754,0.000,0.000,0.000,-0.498, 0.281, 1.383;
4.035,0.414,-0.818,-0.602,0.198, 0.089, 0.007,-0.754,0.000,0.000,0.000,-0.500, 0.278, 1.383;
4.047,0.412,-0.818,-0.604,0.198, 0.089, 0.007,-0.754,0.000,0.000,0.000,-0.502, 0.275, 1.383;
4.060,0.409,-0.817,-0.607,0.198, 0.089, 0.007,-0.754,0.000,0.000,0.000,-0.505, 0.272, 1.383;
4.073,0.407,-0.817,-0.609,0.199, 0.089, 0.007,-0.754,0.000,0.000,0.000,-0.507, 0.268, 1.383;
4.086,0.405,-0.817,-0.611,0.199, 0.089, 0.007,-0.754,0.000,0.000,0.000,-0.509, 0.265, 1.383;
4.098,0.403,-0.816,-0.613,0.200, 0.089, 0.007,-0.754,0.000,0.000,0.000,-0.511, 0.262, 1.383;
4.109,0.401,-0.816,-0.615,0.200, 0.089, 0.007,-0.754,0.000,0.000,0.000,-0.513, 0.259, 1.383;
4.121,0.399,-0.815,-0.617,0.201, 0.089, 0.007,-0.754,0.000,0.000,0.000,-0.515, 0.256, 1.383;
4.133,0.397,-0.815,-0.619,0.201, 0.089, 0.007,-0.754,0.000,0.000,0.000,-0.517, 0.252, 1.383;
4.146,0.394,-0.814,-0.621,0.202, 0.089, 0.007,-0.754,0.000,0.000,0.000,-0.519, 0.249, 1.383;
4.159,0.392,-0.813,-0.624,0.202, 0.089, 0.007,-0.754,0.000,0.000,0.000,-0.521, 0.245, 1.383;
4.163,0.392,-0.813,-0.624,0.203, 0.089, 0.007,-0.754,0.000,0.000,0.000,-0.522, 0.244, 1.383;
4.173,0.390,-0.813,-0.626,0.203, 0.089, 0.007,-0.754,0.000,0.000,0.000,-0.523, 0.241, 1.383;
4.195,0.386,-0.812,-0.630,0.204, 0.089, 0.007,-0.754,0.000,0.000,0.000,-0.527, 0.236, 1.383;
4.207,0.384,-0.811,-0.632,0.205, 0.089, 0.007,-0.754,0.000,0.000,0.000,-0.528, 0.232, 1.383;
4.220,0.382,-0.810,-0.634,0.206, 0.089, 0.007,-0.754,0.000,0.000,0.000,-0.530, 0.229, 1.383;
4.225,0.381,-0.810,-0.635,0.206, 0.089, 0.007,-0.754,0.000,0.000,0.000,-0.531, 0.227, 1.383;
4.235,0.379,-0.809,-0.637,0.206, 0.089, 0.007,-0.754,0.000,0.000,0.000,-0.533, 0.224, 1.383;
4.247,0.377,-0.809,-0.639,0.207, 0.089, 0.007,-0.754,0.000,0.000,0.000,-0.534, 0.221, 1.383;
4.269,0.373,-0.808,-0.642,0.208, 0.089, 0.007,-0.754,0.000,0.000,0.000,-0.537, 0.215, 1.383;
4.281,0.371,-0.807,-0.644,0.209, 0.089, 0.007,-0.754,0.000,0.000,0.000,-0.539, 0.212, 1.383;
4.293,0.370,-0.806,-0.646,0.210, 0.089, 0.007,-0.754,0.000,0.000,0.000,-0.541, 0.208, 1.383;
4.305,0.367,-0.805,-0.648,0.210, 0.089, 0.007,-0.754,0.000,0.000,0.000,-0.542, 0.205, 1.383;
4.318,0.365,-0.805,-0.651,0.211, 0.089, 0.007,-0.754,0.000,0.000,0.000,-0.544, 0.201, 1.383;
4.329,0.363,-0.804,-0.652,0.212, 0.089, 0.007,-0.754,0.000,0.000,0.000,-0.546, 0.198, 1.383;
4.341,0.361,-0.803,-0.654,0.213, 0.089, 0.007,-0.754,0.000,0.000,0.000,-0.547, 0.194, 1.383;
4.354,0.359,-0.802,-0.657,0.214, 0.089, 0.007,-0.754,0.000,0.000,0.000,-0.549, 0.191, 1.383;
4.366,0.357,-0.801,-0.658,0.214, 0.089, 0.007,-0.754,0.000,0.000,0.000,-0.550, 0.187, 1.383;
4.378,0.355,-0.800,-0.661,0.215, 0.089, 0.007,-0.754,0.000,0.000,0.000,-0.552, 0.184, 1.383;
4.390,0.353,-0.800,-0.663,0.216, 0.089, 0.007,-0.754,0.000,0.000,0.000,-0.553, 0.180, 1.383;
4.402,0.351,-0.799,-0.664,0.217, 0.089, 0.007,-0.754,0.000,0.000,0.000,-0.554, 0.177, 1.383;
4.415,0.349,-0.798,-0.666,0.218, 0.089, 0.007,-0.754,0.000,0.000,0.000,-0.556, 0.173, 1.383;
4.426,0.348,-0.797,-0.668,0.219, 0.089, 0.007,-0.754,0.000,0.000,0.000,-0.557, 0.170, 1.383;
4.438,0.346,-0.796,-0.670,0.220, 0.089, 0.007,-0.754,0.000,0.000,0.000,-0.558, 0.166, 1.383;
4.450,0.344,-0.795,-0.672,0.221, 0.089, 0.007,-0.754,0.000,0.000,0.000,-0.560, 0.163, 1.383;
4.462,0.342,-0.794,-0.674,0.222, 0.089, 0.007,-0.754,0.000,0.000,0.000,-0.561, 0.159, 1.383;
4.474,0.340,-0.793,-0.676,0.223, 0.089, 0.007,-0.754,0.000,0.000,0.000,-0.562, 0.155, 1.383;
4.486,0.338,-0.792,-0.678,0.224, 0.089, 0.007,-0.754,0.000,0.000,0.000,-0.563, 0.152, 1.383;
4.498,0.336,-0.791,-0.680,0.225, 0.089, 0.007,-0.754,0.000,0.000,0.000,-0.565, 0.148, 1.383;
4.510,0.334,-0.790,-0.682,0.225, 0.089, 0.007,-0.754,0.000,0.000,0.000,-0.566, 0.145, 1.383;
4.523,0.332,-0.789,-0.684,0.227, 0.089, 0.007,-0.754,0.000,0.000,0.000,-0.567, 0.141, 1.383;
4.535,0.330,-0.788,-0.686,0.228, 0.089, 0.007,-0.754,0.000,0.000,0.000,-0.568, 0.137, 1.383;
4.547,0.328,-0.787,-0.688,0.229, 0.089, 0.007,-0.754,0.000,0.000,0.000,-0.569, 0.134, 1.383;
4.559,0.327,-0.786,-0.689,0.230, 0.089, 0.007,-0.754,0.000,0.000,0.000,-0.570, 0.130, 1.383;
4.571,0.325,-0.785,-0.691,0.231, 0.089, 0.007,-0.754,0.000,0.000,0.000,-0.571, 0.126, 1.383;
4.583,0.323,-0.784,-0.693,0.232, 0.089, 0.007,-0.754,0.000,0.000,0.000,-0.572, 0.123, 1.383;
4.595,0.321,-0.783,-0.695,0.233, 0.089, 0.007,-0.754,0.000,0.000,0.000,-0.573, 0.119, 1.383;
4.607,0.319,-0.782,-0.697,0.234, 0.089, 0.007,-0.754,0.000,0.000,0.000,-0.574, 0.115, 1.383;
4.620,0.317,-0.781,-0.699,0.235, 0.089, 0.007,-0.754,0.000,0.000,0.000,-0.575, 0.111, 1.383;
4.632,0.315,-0.779,-0.701,0.236, 0.089, 0.007,-0.754,0.000,0.000,0.000,-0.576, 0.108, 1.383;
4.644,0.314,-0.778,-0.702,0.238, 0.089, 0.007,-0.754,0.000,0.000,0.000,-0.577, 0.104, 1.383;
4.655,0.312,-0.777,-0.704,0.239, 0.089, 0.007,-0.754,0.000,0.000,0.000,-0.578, 0.101, 1.383;
4.666,0.310,-0.776,-0.706,0.240, 0.089, 0.007,-0.754,0.000,0.000,0.000,-0.578, 0.097, 1.383;
4.678,0.308,-0.775,-0.707,0.241, 0.089, 0.007,-0.754,0.000,0.000,0.000,-0.579, 0.094, 1.383;
4.689,0.307,-0.774,-0.709,0.242, 0.089, 0.007,-0.754,0.000,0.000,0.000,-0.580, 0.090, 1.383;
4.701,0.305,-0.773,-0.711,0.243, 0.089, 0.007,-0.754,0.000,0.000,0.000,-0.580, 0.087, 1.383;
4.712,0.303,-0.771,-0.712,0.244, 0.089, 0.007,-0.754,0.000,0.000,0.000,-0.581, 0.083, 1.383;
4.724,0.302,-0.770,-0.714,0.246, 0.089, 0.007,-0.754,0.000,0.000,0.000,-0.582, 0.080, 1.383;
4.746,0.299,-0.768,-0.717,0.248, 0.089, 0.007,-0.754,0.000,0.000,0.000,-0.583, 0.073, 1.383;
4.758,0.297,-0.767,-0.719,0.249, 0.089, 0.007,-0.754,0.000,0.000,0.000,-0.584, 0.069, 1.383;
4.770,0.295,-0.765,-0.721,0.250, 0.089, 0.007,-0.754,0.000,0.000,0.000,-0.584, 0.065, 1.383;
4.782,0.293,-0.764,-0.723,0.252, 0.089, 0.007,-0.754,0.000,0.000,0.000,-0.585, 0.062, 1.383;
4.794,0.292,-0.763,-0.724,0.253, 0.089, 0.007,-0.754,0.000,0.000,0.000,-0.585, 0.058, 1.383;
4.798,0.291,-0.762,-0.725,0.254, 0.089, 0.007,-0.754,0.000,0.000,0.000,-0.585, 0.057, 1.383;
4.809,0.290,-0.761,-0.726,0.255, 0.089, 0.007,-0.754,0.000,0.000,0.000,-0.586, 0.053, 1.383;
4.831,0.287,-0.759,-0.729,0.257, 0.089, 0.007,-0.754,0.000,0.000,0.000,-0.586, 0.046, 1.383;
4.843,0.285,-0.757,-0.731,0.259, 0.089, 0.007,-0.754,0.000,0.000,0.000,-0.587, 0.042, 1.383;
4.846,0.284,-0.757,-0.731,0.259, 0.089, 0.007,-0.754,0.000,0.000,0.000,-0.587, 0.042, 1.383;
4.869,0.281,-0.754,-0.734,0.262, 0.089, 0.007,-0.754,0.000,0.000,0.000,-0.588, 0.035, 1.383;
4.873,0.281,-0.754,-0.735,0.262, 0.089, 0.007,-0.754,0.000,0.000,0.000,-0.588, 0.033, 1.383;
4.883,0.279,-0.753,-0.736,0.263, 0.089, 0.007,-0.754,0.000,0.000,0.000,-0.588, 0.030, 1.383;
4.895,0.278,-0.751,-0.738,0.265, 0.089, 0.007,-0.754,0.000,0.000,0.000,-0.588, 0.026, 1.383;
4.917,0.275,-0.749,-0.741,0.267, 0.089, 0.007,-0.754,0.000,0.000,0.000,-0.589, 0.019, 1.383;
4.921,0.274,-0.748,-0.741,0.268, 0.089, 0.007,-0.754,0.000,0.000,0.000,-0.589, 0.018, 1.383;
4.932,0.273,-0.747,-0.743,0.269, 0.089, 0.007,-0.754,0.000,0.000,0.000,-0.589, 0.015, 1.383;
4.943,0.272,-0.745,-0.744,0.271, 0.089, 0.007,-0.754,0.000,0.000,0.000,-0.589, 0.011, 1.383;
4.966,0.269,-0.743,-0.747,0.273, 0.089, 0.007,-0.754,0.000,0.000,0.000,-0.589, 0.004, 1.383;
4.971,0.268,-0.742,-0.748,0.274, 0.089, 0.007,-0.754,0.000,0.000,0.000,-0.589, 0.003, 1.383;
4.982,0.267,-0.741,-0.749,0.275, 0.089, 0.007,-0.754,0.000,0.000,0.000,-0.589,-0.001, 1.383;
4.993,0.265,-0.739,-0.751,0.277, 0.089, 0.007,-0.754,0.000,0.000,0.000,-0.589,-0.005, 1.383;
5.005,0.264,-0.738,-0.752,0.278, 0.089, 0.007,-0.754,0.000,0.000,0.000,-0.589,-0.008, 1.383;
5.028,0.261,-0.735,-0.755,0.281, 0.089, 0.007,-0.754,0.000,0.000,0.000,-0.589,-0.016, 1.383;
5.034,0.348,-0.661,-0.675,0.363, 0.089, 0.007,-0.765,0.000,0.000,-1.675,-0.589,-0.018, 1.393;
5.043,0.259,-0.733,-0.757,0.283, 0.089, 0.007,-0.754,0.000,0.000,1.181,-0.589,-0.020, 1.383;
5.055,0.258,-0.731,-0.758,0.285, 0.089, 0.007,-0.754,0.000,0.000,0.000,-0.589,-0.024, 1.383;
5.066,0.256,-0.730,-0.760,0.286, 0.089, 0.007,-0.754,0.000,0.000,0.000,-0.589,-0.028, 1.383;
5.088,0.254,-0.727,-0.762,0.289, 0.089, 0.007,-0.754,0.000,0.000,0.000,-0.589,-0.034, 1.383;
5.100,0.252,-0.725,-0.764,0.291, 0.089, 0.007,-0.754,0.000,0.000,0.000,-0.588,-0.038, 1.383;
5.112,0.251,-0.724,-0.765,0.292, 0.089, 0.007,-0.754,0.000,0.000,0.000,-0.588,-0.042, 1.383;
5.124,0.249,-0.722,-0.766,0.294, 0.089, 0.007,-0.754,0.000,0.000,0.000,-0.588,-0.046, 1.383;
5.128,0.249,-0.721,-0.767,0.295, 0.089, 0.007,-0.754,0.000,0.000,0.000,-0.588,-0.047, 1.383;
5.149,0.247,-0.718,-0.769,0.298, 0.089, 0.007,-0.754,0.000,0.000,0.000,-0.587,-0.054, 1.383;
5.161,0.245,-0.717,-0.771,0.299, 0.089, 0.007,-0.754,0.000,0.000,0.000,-0.587,-0.057, 1.383;
5.173,0.244,-0.715,-0.772,0.301, 0.089, 0.007,-0.754,0.000,0.000,0.000,-0.586,-0.061, 1.383;
5.186,0.243,-0.713,-0.773,0.303, 0.089, 0.007,-0.754,0.000,0.000,0.000,-0.586,-0.065, 1.383;
5.197,0.241,-0.712,-0.775,0.304, 0.089, 0.007,-0.754,0.000,0.000,0.000,-0.585,-0.069, 1.383;
5.209,0.240,-0.710,-0.776,0.306, 0.089, 0.007,-0.754,0.000,0.000,0.000,-0.585,-0.072, 1.383;
5.221,0.239,-0.708,-0.777,0.308, 0.089, 0.007,-0.754,0.000,0.000,0.000,-0.584,-0.076, 1.383;
5.234,0.237,-0.706,-0.779,0.310, 0.089, 0.007,-0.754,0.000,0.000,0.000,-0.584,-0.080, 1.383;
5.238,0.237,-0.706,-0.779,0.310, 0.089, 0.007,-0.754,0.000,0.000,0.000,-0.584,-0.081, 1.383;
5.258,0.235,-0.703,-0.781,0.313, 0.089, 0.007,-0.754,0.000,0.000,0.000,-0.583,-0.087, 1.383;
5.270,0.234,-0.701,-0.782,0.315, 0.089, 0.007,-0.754,0.000,0.000,0.000,-0.582,-0.091, 1.383;
5.283,0.232,-0.699,-0.784,0.317, 0.089, 0.007,-0.754,0.000,0.000,0.000,-0.581,-0.095, 1.383;
5.296,0.231,-0.697,-0.785,0.319, 0.089, 0.007,-0.754,0.000,0.000,0.000,-0.581,-0.099, 1.383;
5.308,0.230,-0.696,-0.786,0.320, 0.089, 0.007,-0.754,0.000,0.000,0.000,-0.580,-0.103, 1.383;
5.320,0.229,-0.694,-0.787,0.322, 0.089, 0.007,-0.754,0.000,0.000,0.000,-0.579,-0.107, 1.383;
5.324,0.228,-0.693,-0.788,0.323, 0.089, 0.007,-0.754,0.000,0.000,0.000,-0.579,-0.108, 1.383;
5.335,0.227,-0.691,-0.789,0.324, 0.089, 0.007,-0.754,0.000,0.000,0.000,-0.578,-0.111, 1.383;
5.357,0.225,-0.688,-0.791,0.328, 0.089, 0.007,-0.754,0.000,0.000,0.000,-0.577,-0.118, 1.383;
5.369,0.224,-0.686,-0.792,0.330, 0.089, 0.007,-0.754,0.000,0.000,0.000,-0.576,-0.122, 1.383;
5.382,0.223,-0.684,-0.793,0.332, 0.089, 0.007,-0.754,0.000,0.000,0.000,-0.575,-0.125, 1.383;
5.386,0.222,-0.684,-0.793,0.332, 0.089, 0.007,-0.754,0.000,0.000,0.000,-0.575,-0.127, 1.383;
5.397,0.221,-0.682,-0.794,0.334, 0.089, 0.007,-0.754,0.000,0.000,0.000,-0.574,-0.130, 1.383;
5.409,0.220,-0.680,-0.796,0.336, 0.089, 0.007,-0.754,0.000,0.000,0.000,-0.573,-0.134, 1.383;
5.420,0.219,-0.678,-0.797,0.338, 0.089, 0.007,-0.754,0.000,0.000,0.000,-0.572,-0.137, 1.383;
5.442,0.217,-0.675,-0.798,0.341, 0.089, 0.007,-0.754,0.000,0.000,0.000,-0.570,-0.144, 1.383;
5.454,0.216,-0.673,-0.799,0.343, 0.089, 0.007,-0.754,0.000,0.000,0.000,-0.569,-0.147, 1.383;
5.466,0.215,-0.671,-0.800,0.345, 0.089, 0.007,-0.754,0.000,0.000,0.000,-0.568,-0.151, 1.383;
5.478,0.214,-0.669,-0.801,0.347, 0.089, 0.007,-0.754,0.000,0.000,0.000,-0.567,-0.155, 1.383;
5.482,0.214,-0.669,-0.802,0.347, 0.089, 0.007,-0.754,0.000,0.000,0.000,-0.567,-0.156, 1.383;
5.503,0.212,-0.665,-0.803,0.351, 0.089, 0.007,-0.754,0.000,0.000,0.000,-0.565,-0.162, 1.383;
5.515,0.212,-0.663,-0.804,0.353, 0.089, 0.007,-0.754,0.000,0.000,0.000,-0.563,-0.166, 1.383;
5.527,0.211,-0.661,-0.805,0.354, 0.089, 0.007,-0.754,0.000,0.000,0.000,-0.562,-0.169, 1.383;
5.538,0.210,-0.660,-0.806,0.356, 0.089, 0.007,-0.754,0.000,0.000,0.000,-0.561,-0.173, 1.383;
5.550,0.209,-0.658,-0.807,0.358, 0.089, 0.007,-0.754,0.000,0.000,0.000,-0.560,-0.176, 1.383;
5.563,0.208,-0.655,-0.808,0.360, 0.089, 0.007,-0.754,0.000,0.000,0.000,-0.558,-0.180, 1.383;
5.576,0.207,-0.653,-0.809,0.362, 0.089, 0.007,-0.754,0.000,0.000,0.000,-0.557,-0.184, 1.383;
5.589,0.206,-0.651,-0.810,0.365, 0.089, 0.007,-0.754,0.000,0.000,0.000,-0.555,-0.188, 1.383;
5.601,0.205,-0.649,-0.811,0.367, 0.089, 0.007,-0.754,0.000,0.000,0.000,-0.554,-0.191, 1.383;
5.613,0.204,-0.647,-0.812,0.369, 0.089, 0.007,-0.754,0.000,0.000,0.000,-0.553,-0.195, 1.383;
5.625,0.204,-0.645,-0.812,0.370, 0.089, 0.007,-0.754,0.000,0.000,0.000,-0.551,-0.198, 1.383;
5.638,0.203,-0.643,-0.813,0.373, 0.089, 0.007,-0.754,0.000,0.000,0.000,-0.550,-0.202, 1.383;
5.650,0.202,-0.641,-0.814,0.375, 0.089, 0.007,-0.754,0.000,0.000,0.000,-0.548,-0.205, 1.383;
5.662,0.201,-0.639,-0.815,0.377, 0.089, 0.007,-0.754,0.000,0.000,0.000,-0.547,-0.209, 1.383;
5.674,0.200,-0.637,-0.816,0.379, 0.089, 0.007,-0.754,0.000,0.000,0.000,-0.545,-0.212, 1.383;
5.686,0.200,-0.635,-0.816,0.381, 0.089, 0.007,-0.754,0.000,0.000,0.000,-0.544,-0.216, 1.383;
5.699,0.199,-0.633,-0.817,0.383, 0.089, 0.007,-0.754,0.000,0.000,0.000,-0.542,-0.219, 1.383;
5.710,0.198,-0.631,-0.818,0.385, 0.089, 0.007,-0.754,0.000,0.000,0.000,-0.540,-0.222, 1.383;
5.722,0.198,-0.629,-0.818,0.387, 0.089, 0.007,-0.754,0.000,0.000,0.000,-0.539,-0.226, 1.383;
5.735,0.197,-0.627,-0.819,0.389, 0.089, 0.007,-0.754,0.000,0.000,0.000,-0.537,-0.230, 1.383;
