0.000,0.000,0.000,0.000,0.000, 0.000, 0.000, 0.000,0.000,0.000,0.000, 0.000, 0.000, 0.000;
0.012,1.344,0.366,1.344,0.366, 0.187,-0.094,-0.030,0.000,0.000,0.000, 0.312, 0.103, 0.030;
0.033,1.399,0.304,1.399,0.304, 0.187,-0.094,-0.030,0.000,0.000,0.000, 0.312, 0.120, 0.030;
0.045,1.428,0.269,1.428,0.269, 0.187,-0.094,-0.030,0.000,0.000,0.000, 0.311, 0.129, 0.030;
0.057,1.456,0.233,1.456,0.233, 0.187,-0.094,-0.030,0.000,0.000,0.000, 0.311, 0.138, 0.030;
0.068,1.483,0.198,1.483,0.198, 0.187,-0.094,-0.030,0.000,0.000,0.000, 0.310, 0.147, 0.030;
0.080,1.510,0.163,1.510,0.163, 0.187,-0.094,-0.030,0.000,0.000,0.000, 0.309, 0.156, 0.030;
0.092,1.537,0.125,1.537,0.125, 0.187,-0.094,-0.030,0.000,0.000,0.000, 0.307, 0.166, 0.030;
0.104,1.563,0.087,1.563,0.087, 0.187,-0.094,-0.030,0.000,0.000,0.000, 0.306, 0.175, 0.030;
0.116,1.588,0.049,1.588,0.049, 0.187,-0.094,-0.030,0.000,0.000,0.000, 0.304, 0.184, 0.030;
0.128,1.613,0.009,1.613,0.009, 0.187,-0.094,-0.030,0.000,0.000,0.000, 0.302, 0.194, 0.030;
0.139,1.636,-0.028,1.636,-0.028, 0.187,-0.094,-0.030,0.000,0.000,0.000, 0.301, 0.202, 0.030;
0.151,1.658,-0.067,1.658,-0.067, 0.187,-0.094,-0.030,0.000,0.000,0.000, 0.299, 0.211, 0.030;
0.162,1.680,-0.105,1.680,-0.105, 0.187,-0.094,-0.030,0.000,0.000,0.000, 0.296, 0.220, 0.030;
0.174,1.700,-0.143,1.700,-0.143, 0.187,-0.094,-0.030,0.000,0.000,0.000, 0.294, 0.228, 0.030;
0.184,1.719,-0.180,1.719,-0.180, 0.187,-0.094,-0.030,0.000,0.000,0.000, 0.292, 0.237, 0.030;
0.195,1.738,-0.219,1.738,-0.219, 0.187,-0.094,-0.030,0.000,0.000,0.000, 0.289, 0.245, 0.030;
0.217,1.776,-0.266,1.776,-0.266, 0.187,-0.094,-0.015,0.000,0.000,0.712, 0.284, 0.261, 0.015;
0.229,3.805,1.642,3.805,1.642, 0.190,-0.094,-0.015,0.186,0.000,0.000, 0.278, 0.270, 0.015;
0.241,3.660,-2.365,3.660,-2.365, 0.190,-0.092,-0.030,0.000,0.181,-1.227, 0.275, 0.276, 0.030;
0.252,3.961,1.611,3.961,1.611, 0.192,-0.092,-0.030,0.197,0.000,0.000, 0.269, 0.285, 0.030;
0.264,1.808,-0.471,1.808,-0.471, 0.192,-0.092,-0.030,0.000,0.000,0.000, 0.266, 0.293, 0.030;
0.275,3.981,1.520,3.981,1.520, 0.194,-0.092,-0.030,0.197,0.000,0.000, 0.260, 0.301, 0.030;
0.287,5.984,-0.690,5.984,-0.690, 0.196,-0.089,-0.030,0.196,0.196,0.000, 0.254, 0.307, 0.030;
0.300,3.657,1.117,3.657,1.117, 0.199,-0.089,-0.030,0.168,0.000,0.000, 0.247, 0.316, 0.030;
0.312,5.797,-0.876,5.797,-0.876, 0.201,-0.087,-0.046,0.188,0.188,-1.333, 0.240, 0.322, 0.046;
0.323,5.975,-0.929,5.975,-0.929, 0.203,-0.085,-0.046,0.197,0.197,0.000, 0.234, 0.328, 0.046;
0.334,3.987,1.302,3.987,1.302, 0.205,-0.085,-0.031,0.200,0.000,1.374, 0.227, 0.335, 0.031;
0.346,5.945,-1.018,5.945,-1.018, 0.208,-0.083,-0.046,0.196,0.196,-1.349, 0.220, 0.341, 0.046;
0.357,6.067,-1.069,6.067,-1.069, 0.210,-0.080,-0.046,0.202,0.202,0.000, 0.214, 0.346, 0.046;
0.368,6.092,-1.111,6.092,-1.111, 0.212,-0.078,-0.046,0.204,0.204,0.000, 0.207, 0.351, 0.046;
0.379,6.071,-1.151,6.071,-1.151, 0.214,-0.076,-0.046,0.204,0.204,0.000, 0.200, 0.356, 0.046;
0.400,3.952,-1.134,3.952,-1.134, 0.217,-0.074,-0.046,0.105,0.105,0.000, 0.188, 0.368, 0.046;
0.412,5.770,-1.263,5.770,-1.263, 0.219,-0.071,-0.046,0.191,0.191,0.000, 0.180, 0.373, 0.046;
0.423,5.761,-1.307,5.761,-1.307, 0.221,-0.069,-0.046,0.191,0.191,0.000, 0.173, 0.378, 0.046;
0.435,7.693,-3.604,7.693,-3.604, 0.223,-0.065,-0.061,0.193,0.387,-1.248, 0.165, 0.380, 0.061;
0.447,5.708,-1.383,5.708,-1.383, 0.225,-0.062,-0.045,0.191,0.191,1.292, 0.157, 0.385, 0.045;
0.458,7.818,0.507,7.818,0.507, 0.230,-0.060,-0.046,0.382,0.191,-0.060, 0.146, 0.390, 0.046;
0.470,7.544,-3.714,7.544,-3.714, 0.232,-0.056,-0.061,0.191,0.382,-1.314, 0.138, 0.392, 0.061;
0.481,5.736,-1.522,5.736,-1.522, 0.234,-0.054,-0.046,0.196,0.196,1.347, 0.129, 0.397, 0.046;
0.492,7.837,-3.926,7.837,-3.926, 0.237,-0.049,-0.061,0.202,0.404,-1.390, 0.121, 0.398, 0.061;
0.503,8.099,0.335,8.099,0.335, 0.241,-0.047,-0.061,0.407,0.203,0.000, 0.111, 0.402, 0.061;
0.515,7.648,-3.964,7.648,-3.964, 0.243,-0.042,-0.061,0.198,0.397,0.000, 0.102, 0.404, 0.061;
0.526,5.731,-1.768,5.731,-1.768, 0.246,-0.040,-0.061,0.203,0.203,0.000, 0.094, 0.408, 0.061;
0.547,5.853,-1.862,5.853,-1.862, 0.250,-0.036,-0.062,0.211,0.211,-0.045, 0.077, 0.414, 0.062;
0.558,5.444,-1.876,5.444,-1.876, 0.252,-0.033,-0.061,0.193,0.193,0.083, 0.068, 0.418, 0.061;
0.570,7.457,-4.137,7.457,-4.137, 0.254,-0.029,-0.061,0.197,0.394,0.000, 0.058, 0.419, 0.061;
0.582,5.258,-1.943,5.258,-1.943, 0.257,-0.027,-0.061,0.187,0.187,0.000, 0.049, 0.423, 0.061;
0.593,7.330,-4.188,7.330,-4.188, 0.259,-0.022,-0.061,0.195,0.390,0.000, 0.039, 0.424, 0.061;
0.604,7.278,-4.346,7.278,-4.346, 0.261,-0.018,-0.077,0.196,0.393,-1.348, 0.030, 0.424, 0.077;
0.616,7.315,-4.413,7.315,-4.413, 0.263,-0.013,-0.077,0.199,0.398,0.000, 0.021, 0.425, 0.077;
0.627,5.320,-2.172,5.320,-2.172, 0.266,-0.011,-0.077,0.199,0.199,0.000, 0.011, 0.428, 0.077;
0.640,6.417,-4.142,6.417,-4.142, 0.268,-0.007,-0.077,0.173,0.345,0.000, 0.000, 0.429, 0.077;
0.651,7.272,-4.548,7.272,-4.548, 0.270,-0.002,-0.077,0.201,0.403,0.000,-0.009, 0.429, 0.077;
0.662,9.531,-2.618,9.531,-2.618, 0.275, 0.002,-0.078,0.403,0.403,-0.108,-0.021, 0.429, 0.078;
0.673,2.897,-4.274,2.897,-4.274, 0.275, 0.004,-0.077,0.000,0.200,0.107,-0.029, 0.431, 0.077;
0.684,7.019,-4.589,7.019,-4.589, 0.277, 0.009,-0.077,0.197,0.395,0.000,-0.039, 0.431, 0.077;
0.706,3.908,-3.452,3.908,-3.452, 0.279, 0.013,-0.092,0.101,0.202,-0.691,-0.057, 0.434, 0.092;
0.718,6.751,-4.762,6.751,-4.762, 0.281, 0.018,-0.093,0.195,0.389,-0.125,-0.067, 0.434, 0.093;
0.729,6.759,-4.814,6.759,-4.814, 0.283, 0.022,-0.093,0.197,0.393,0.000,-0.077, 0.433, 0.093;
0.741,6.515,-4.884,6.515,-4.884, 0.286, 0.027,-0.109,0.193,0.385,-1.335,-0.088, 0.432, 0.109;
0.753,6.366,-4.870,6.366,-4.870, 0.288, 0.031,-0.109,0.189,0.379,0.000,-0.099, 0.431, 0.109;
0.765,4.323,-2.657,4.323,-2.657, 0.290, 0.033,-0.109,0.180,0.180,0.000,-0.110, 0.433, 0.109;
0.778,7.396,-6.912,7.396,-6.912, 0.292, 0.040,-0.124,0.176,0.527,-1.214,-0.121, 0.430, 0.124;
0.789,4.463,-2.740,4.463,-2.740, 0.295, 0.042,-0.109,0.191,0.191,1.321,-0.132, 0.430, 0.109;
0.801,3.892,-6.708,3.892,-6.708, 0.295, 0.047,-0.109,0.000,0.374,0.000,-0.141, 0.429, 0.109;
0.813,6.093,-4.992,6.093,-4.992, 0.297, 0.051,-0.109,0.189,0.377,0.000,-0.152, 0.427, 0.109;
0.825,6.301,-5.135,6.301,-5.135, 0.299, 0.056,-0.109,0.197,0.395,0.000,-0.163, 0.425, 0.109;
0.836,6.241,-5.155,6.241,-5.155, 0.301, 0.060,-0.109,0.197,0.394,0.000,-0.174, 0.423, 0.109;
0.847,5.662,-9.510,5.662,-9.510, 0.301, 0.067,-0.124,0.000,0.599,-1.379,-0.182, 0.419, 0.124;
0.858,5.980,-5.236,5.980,-5.236, 0.304, 0.071,-0.124,0.195,0.390,0.000,-0.193, 0.416, 0.124;
0.870,5.947,-5.283,5.947,-5.283, 0.306, 0.076,-0.126,0.196,0.392,-0.171,-0.204, 0.414, 0.126;
0.881,3.634,-7.172,3.634,-7.172, 0.306, 0.080,-0.124,0.000,0.398,0.174,-0.213, 0.411, 0.124;
0.893,5.801,-5.276,5.801,-5.276, 0.308, 0.085,-0.124,0.194,0.388,0.000,-0.224, 0.408, 0.124;
0.904,7.180,-7.570,7.180,-7.570, 0.310, 0.092,-0.142,0.189,0.566,-1.482,-0.235, 0.403, 0.142;
0.926,1.601,-5.005,1.601,-5.005, 0.310, 0.096,-0.140,0.000,0.209,0.102,-0.252, 0.401, 0.140;
0.938,5.080,-5.211,5.080,-5.211, 0.312, 0.100,-0.140,0.180,0.360,0.000,-0.264, 0.397, 0.140;
0.950,5.122,-5.296,5.122,-5.296, 0.315, 0.105,-0.142,0.184,0.368,-0.180,-0.276, 0.394, 0.142;
0.962,4.653,-9.589,4.653,-9.589, 0.315, 0.112,-0.155,0.000,0.581,-1.137,-0.285, 0.388, 0.155;
0.974,5.084,-5.469,5.084,-5.469, 0.317, 0.116,-0.157,0.190,0.379,-0.205,-0.296, 0.384, 0.157;
0.985,2.782,-7.215,2.782,-7.215, 0.317, 0.121,-0.155,0.000,0.385,0.208,-0.305, 0.379, 0.155;
0.997,6.934,-7.997,6.934,-7.997, 0.319, 0.127,-0.157,0.197,0.591,-0.214,-0.316, 0.373, 0.157;
1.009,2.500,-7.005,2.500,-7.005, 0.319, 0.132,-0.155,0.000,0.367,0.199,-0.326, 0.368, 0.155;
1.022,4.352,-5.239,4.352,-5.239, 0.321, 0.136,-0.157,0.173,0.347,-0.188,-0.338, 0.364, 0.157;
1.033,6.299,-7.879,6.299,-7.879, 0.324, 0.143,-0.173,0.189,0.567,-1.307,-0.350, 0.356, 0.173;
1.045,2.196,-7.090,2.196,-7.090, 0.324, 0.147,-0.173,0.000,0.370,0.000,-0.359, 0.351, 0.173;
1.057,2.385,-7.221,2.385,-7.221, 0.324, 0.152,-0.155,0.000,0.383,1.534,-0.368, 0.346, 0.155;
1.068,6.515,-8.167,6.515,-8.167, 0.326, 0.158,-0.173,0.199,0.598,-1.596,-0.379, 0.339, 0.173;
1.079,2.321,-7.519,2.321,-7.519, 0.326, 0.163,-0.173,0.000,0.405,0.000,-0.388, 0.333, 0.173;
1.090,6.468,-8.227,6.468,-8.227, 0.328, 0.170,-0.173,0.202,0.605,0.000,-0.399, 0.325, 0.173;
1.101,2.215,-7.539,2.215,-7.539, 0.328, 0.174,-0.173,0.000,0.408,0.000,-0.407, 0.320, 0.173;
1.112,6.219,-8.306,6.219,-8.306, 0.330, 0.181,-0.188,0.202,0.605,-1.388,-0.418, 0.311, 0.188;
1.134,0.330,-5.097,0.330,-5.097, 0.330, 0.185,-0.173,0.000,0.210,0.722,-0.435, 0.304, 0.173;
1.146,5.128,-7.636,5.128,-7.636, 0.333, 0.192,-0.191,0.178,0.534,-1.462,-0.446, 0.295, 0.191;
1.158,1.511,-7.142,1.511,-7.142, 0.333, 0.196,-0.188,0.000,0.375,0.249,-0.455, 0.288, 0.188;
1.169,3.178,-9.925,3.178,-9.925, 0.333, 0.203,-0.203,0.000,0.596,-1.359,-0.464, 0.279, 0.203;
1.181,4.025,-5.705,4.025,-5.705, 0.335, 0.208,-0.188,0.198,0.396,1.355,-0.475, 0.272, 0.188;
1.192,2.994,-9.824,2.994,-9.824, 0.335, 0.214,-0.203,0.000,0.590,-1.346,-0.483, 0.263, 0.203;
1.203,3.902,-5.706,3.902,-5.706, 0.337, 0.219,-0.191,0.199,0.398,1.097,-0.494, 0.256, 0.191;
1.214,2.946,-9.928,2.946,-9.928, 0.337, 0.225,-0.203,0.000,0.601,-1.104,-0.502, 0.246, 0.203;
1.225,1.259,-7.447,1.259,-7.447, 0.337, 0.230,-0.203,0.000,0.405,0.000,-0.510, 0.239, 0.203;
1.236,5.380,-8.311,5.380,-8.311, 0.339, 0.237,-0.207,0.202,0.607,-0.289,-0.521, 0.229, 0.207;
1.247,1.117,-7.404,1.117,-7.404, 0.339, 0.241,-0.203,0.000,0.404,0.289,-0.529, 0.222, 0.203;
1.259,2.561,-9.923,2.561,-9.923, 0.339, 0.248,-0.219,0.000,0.603,-1.368,-0.537, 0.212, 0.219;
1.280,0.591,-4.026,0.591,-4.026, 0.341, 0.252,-0.207,0.103,0.207,0.555,-0.554, 0.200, 0.207;
1.292,2.169,-9.554,2.169,-9.554, 0.341, 0.259,-0.219,0.000,0.577,-1.033,-0.563, 0.189, 0.219;
1.304,2.796,-5.357,2.796,-5.357, 0.344, 0.263,-0.207,0.184,0.368,0.987,-0.573, 0.181, 0.207;
1.316,1.686,-9.031,1.686,-9.031, 0.344, 0.270,-0.222,0.000,0.539,-1.240,-0.582, 0.169, 0.222;
1.328,0.385,-6.861,0.385,-6.861, 0.344, 0.275,-0.203,0.000,0.371,1.545,-0.590, 0.160, 0.203;
1.340,4.212,-7.836,4.212,-7.836, 0.346, 0.281,-0.222,0.190,0.570,-1.582,-0.601, 0.149, 0.222;
1.352,0.187,-6.919,0.187,-6.919, 0.346, 0.286,-0.222,0.000,0.379,0.000,-0.608, 0.140, 0.222;
1.363,1.818,-9.515,1.818,-9.515, 0.346, 0.292,-0.219,0.000,0.586,0.299,-0.616, 0.128, 0.219;
1.375,2.661,-5.452,2.661,-5.452, 0.348, 0.297,-0.222,0.196,0.393,-0.300,-0.626, 0.119, 0.222;
1.386,1.720,-9.578,1.720,-9.578, 0.348, 0.304,-0.222,0.000,0.595,0.000,-0.633, 0.107, 0.222;
1.397,2.588,-5.435,2.588,-5.435, 0.350, 0.308,-0.222,0.199,0.397,0.000,-0.643, 0.098, 0.222;
1.408,1.584,-9.521,1.584,-9.521, 0.350, 0.315,-0.222,0.000,0.595,0.000,-0.650, 0.086, 0.222;
1.420,1.354,-9.460,1.354,-9.460, 0.350, 0.321,-0.237,0.000,0.592,-1.352,-0.657, 0.074, 0.237;
1.431,2.322,-5.302,2.322,-5.302, 0.353, 0.326,-0.222,0.196,0.393,1.346,-0.666, 0.064, 0.222;
1.442,1.318,-9.556,1.318,-9.556, 0.353, 0.333,-0.237,0.000,0.605,-1.381,-0.673, 0.052, 0.237;
1.464,-0.587,-3.602,-0.587,-3.602, 0.355, 0.337,-0.241,0.104,0.208,-0.175,-0.688, 0.036, 0.241;
1.475,-0.474,-6.698,-0.474,-6.698, 0.355, 0.341,-0.222,0.000,0.386,1.648,-0.694, 0.026, 0.222;
1.487,0.652,-8.744,0.652,-8.744, 0.355, 0.348,-0.237,0.000,0.550,-1.256,-0.701, 0.012, 0.237;
1.500,-1.038,-6.057,-1.038,-6.057, 0.355, 0.353,-0.237,0.000,0.344,0.000,-0.709, 0.001, 0.237;
1.512,3.000,-7.375,3.000,-7.375, 0.357, 0.359,-0.241,0.188,0.563,-0.315,-0.717,-0.013, 0.241;
1.524,-0.884,-6.493,-0.884,-6.493, 0.357, 0.364,-0.241,0.000,0.384,0.000,-0.724,-0.024, 0.241;
1.536,0.344,-8.532,0.344,-8.532, 0.357, 0.371,-0.237,0.000,0.546,0.305,-0.730,-0.038, 0.237;
1.548,-1.073,-6.267,-1.073,-6.267, 0.357, 0.375,-0.237,0.000,0.373,0.000,-0.736,-0.049, 0.237;
1.560,1.318,-4.819,1.318,-4.819, 0.359, 0.379,-0.241,0.189,0.378,-0.317,-0.745,-0.061, 0.241;
1.572,-0.106,-8.239,-0.106,-8.239, 0.359, 0.386,-0.257,0.000,0.533,-1.226,-0.751,-0.075, 0.257;
1.583,-0.945,-6.715,-0.945,-6.715, 0.359, 0.391,-0.241,0.000,0.418,1.441,-0.756,-0.086, 0.241;
1.596,-1.475,-5.856,-1.475,-5.856, 0.359, 0.395,-0.237,0.000,0.354,0.297,-0.762,-0.098, 0.237;
1.608,-0.094,-8.366,-0.094,-8.366, 0.359, 0.402,-0.253,0.000,0.554,-1.255,-0.767,-0.113, 0.253;
1.619,-1.423,-6.173,-1.423,-6.173, 0.359, 0.406,-0.253,0.000,0.388,0.000,-0.773,-0.125, 0.253;
1.631,-1.441,-6.191,-1.441,-6.191, 0.359, 0.411,-0.253,0.000,0.393,0.000,-0.778,-0.137, 0.253;
1.642,1.143,-4.726,1.143,-4.726, 0.362, 0.415,-0.257,0.200,0.401,-0.356,-0.784,-0.148, 0.257;
1.653,-1.480,-6.279,-1.480,-6.279, 0.362, 0.420,-0.257,0.000,0.406,0.000,-0.789,-0.160, 0.257;
1.664,-0.116,-8.872,-0.116,-8.872, 0.362, 0.426,-0.272,0.000,0.610,-1.392,-0.793,-0.174, 0.272;
1.675,-1.697,-6.128,-1.697,-6.128, 0.362, 0.431,-0.272,0.000,0.405,0.000,-0.798,-0.186, 0.272;
1.696,-3.193,-3.513,-3.193,-3.513, 0.362, 0.435,-0.257,0.000,0.207,0.709,-0.806,-0.206, 0.257;
1.708,-2.032,-5.539,-2.032,-5.539, 0.362, 0.440,-0.257,0.000,0.367,0.000,-0.810,-0.219, 0.257;
1.720,-2.001,-5.631,-2.001,-5.631, 0.362, 0.444,-0.257,0.000,0.378,0.000,-0.814,-0.231, 0.257;
1.724,3.092,-14.723,3.092,-14.723, 0.362, 0.449,-0.272,0.000,1.076,-3.681,-0.815,-0.239, 0.272;
1.745,-4.795,-4.200,-4.795,-4.200, 0.359, 0.453,-0.272,-0.109,0.218,0.000,-0.820,-0.258, 0.272;
1.757,-2.202,-5.480,-2.202,-5.480, 0.359, 0.458,-0.272,0.000,0.381,0.000,-0.823,-0.271, 0.272;
1.768,-2.152,-5.495,-2.152,-5.495, 0.359, 0.462,-0.257,0.000,0.384,1.313,-0.827,-0.284, 0.257;
1.779,-4.770,-7.084,-4.770,-7.084, 0.357, 0.466,-0.272,-0.200,0.399,-1.366,-0.827,-0.297, 0.272;
1.791,-2.225,-5.503,-2.225,-5.503, 0.357, 0.471,-0.272,0.000,0.396,0.000,-0.830,-0.310, 0.272;
1.802,-4.855,-6.981,-4.855,-6.981, 0.355, 0.475,-0.272,-0.200,0.400,0.000,-0.831,-0.322, 0.272;
1.813,-4.856,-7.023,-4.856,-7.023, 0.353, 0.480,-0.268,-0.202,0.405,0.379,-0.831,-0.335, 0.268;
1.824,-3.829,-2.677,-3.829,-2.677, 0.353, 0.482,-0.272,0.000,0.193,-0.362,-0.834,-0.346, 0.272;
1.835,-4.952,-6.936,-4.952,-6.936, 0.350, 0.487,-0.272,-0.204,0.407,0.000,-0.834,-0.359, 0.272;
1.846,-5.083,-6.751,-5.083,-6.751, 0.348, 0.491,-0.287,-0.202,0.405,-1.373,-0.834,-0.372, 0.287;
1.868,-6.010,-2.005,-6.010,-2.005, 0.346, 0.493,-0.287,-0.105,0.105,0.000,-0.835,-0.390, 0.287;
1.880,-5.187,-6.021,-5.187,-6.021, 0.344, 0.498,-0.287,-0.185,0.370,0.000,-0.835,-0.404, 0.287;
1.892,-6.551,-3.530,-6.551,-3.530, 0.341, 0.500,-0.287,-0.186,0.186,0.000,-0.834,-0.415, 0.287;
1.903,-9.280,-5.180,-9.280,-5.180, 0.337, 0.502,-0.287,-0.398,0.199,0.000,-0.831,-0.426, 0.287;
1.914,-5.238,-6.063,-5.238,-6.063, 0.335, 0.507,-0.287,-0.192,0.384,0.000,-0.830,-0.440, 0.287;
1.926,-6.639,-3.453,-6.639,-3.453, 0.333, 0.509,-0.287,-0.191,0.191,0.000,-0.829,-0.451, 0.287;
1.938,-9.147,-4.720,-9.147,-4.720, 0.328, 0.511,-0.287,-0.379,0.189,0.000,-0.826,-0.462, 0.287;
1.950,-5.374,-5.816,-5.374,-5.816, 0.326, 0.516,-0.302,-0.192,0.385,-1.294,-0.824,-0.476, 0.302;
1.961,-9.383,-4.640,-9.383,-4.640, 0.321, 0.518,-0.302,-0.393,0.196,0.000,-0.820,-0.487, 0.302;
1.972,-6.799,-3.286,-6.799,-3.286, 0.319, 0.520,-0.302,-0.200,0.200,0.000,-0.819,-0.498, 0.302;
1.985,-8.979,-3.924,-8.979,-3.924, 0.315, 0.522,-0.302,-0.350,0.175,0.000,-0.815,-0.510, 0.302;
1.996,-9.478,-4.551,-9.478,-4.551, 0.310, 0.525,-0.302,-0.400,0.200,0.000,-0.810,-0.521, 0.302;
2.007,-5.500,-5.714,-5.500,-5.714, 0.308, 0.529,-0.317,-0.201,0.403,-1.342,-0.808,-0.535, 0.317;
2.018,-12.293,-5.763,-12.293,-5.763, 0.301, 0.531,-0.312,-0.607,0.202,0.433,-0.801,-0.545, 0.312;
2.029,-6.869,-2.855,-6.869,-2.855, 0.299, 0.533,-0.317,-0.201,0.201,-0.430,-0.799,-0.556, 0.317;
2.051,-7.588,-1.428,-7.588,-1.428, 0.295, 0.536,-0.317,-0.203,0.101,0.000,-0.793,-0.576, 0.317;
2.063,-11.965,-5.182,-11.965,-5.182, 0.288, 0.538,-0.312,-0.577,0.192,0.412,-0.785,-0.587, 0.312;
2.074,-10.821,-1.456,-10.821,-1.456, 0.283, 0.538,-0.297,-0.395,0.000,1.299,-0.780,-0.596, 0.297;
2.087,-8.919,-3.066,-8.919,-3.066, 0.279, 0.540,-0.317,-0.338,0.169,-1.474,-0.774,-0.609, 0.317;
2.100,-9.153,-3.308,-9.153,-3.308, 0.275, 0.542,-0.317,-0.361,0.181,0.000,-0.768,-0.620, 0.317;
2.111,-11.852,-4.828,-11.852,-4.828, 0.268, 0.545,-0.312,-0.570,0.190,0.407,-0.760,-0.632, 0.312;
2.123,-9.332,-3.441,-9.332,-3.441, 0.263, 0.547,-0.317,-0.382,0.191,-0.409,-0.754,-0.643, 0.317;
2.136,-11.555,-4.181,-11.555,-4.181, 0.257, 0.549,-0.327,-0.540,0.180,-0.787,-0.745,-0.655, 0.327;
2.147,-10.556,-0.758,-10.556,-0.758, 0.252, 0.549,-0.312,-0.379,0.000,1.234,-0.739,-0.664, 0.312;
2.159,-9.180,-3.088,-9.180,-3.088, 0.248, 0.551,-0.317,-0.371,0.186,-0.398,-0.732,-0.675, 0.317;
2.172,-11.254,-3.932,-11.254,-3.932, 0.241, 0.554,-0.312,-0.522,0.174,0.373,-0.723,-0.687, 0.312;
2.184,-11.741,-4.378,-11.741,-4.378, 0.234, 0.556,-0.312,-0.568,0.189,0.000,-0.714,-0.698, 0.312;
2.196,-10.554,-0.666,-10.554,-0.666, 0.230, 0.556,-0.297,-0.385,0.000,1.264,-0.706,-0.707, 0.297;
2.208,-11.582,-4.134,-11.582,-4.134, 0.223, 0.558,-0.312,-0.558,0.186,-1.223,-0.697,-0.718, 0.312;
2.219,-9.247,-2.953,-9.247,-2.953, 0.219, 0.560,-0.317,-0.388,0.194,-0.416,-0.689,-0.729, 0.317;
2.231,-12.979,-1.771,-12.979,-1.771, 0.212, 0.560,-0.297,-0.571,0.000,1.661,-0.680,-0.738, 0.297;
2.242,-11.635,-4.277,-11.635,-4.277, 0.205, 0.562,-0.297,-0.575,0.192,0.000,-0.670,-0.748, 0.297;
2.254,-9.121,-2.742,-9.121,-2.742, 0.201, 0.565,-0.312,-0.385,0.192,-1.265,-0.662,-0.759, 0.312;
2.266,-11.298,-3.593,-11.298,-3.593, 0.194, 0.567,-0.312,-0.543,0.181,0.000,-0.651,-0.770, 0.312;
2.278,-11.888,-4.150,-11.888,-4.150, 0.187, 0.569,-0.312,-0.599,0.200,0.000,-0.641,-0.780, 0.312;
2.289,-13.283,-1.698,-13.283,-1.698, 0.181, 0.569,-0.293,-0.605,0.000,1.728,-0.630,-0.788, 0.293;
2.300,-8.913,-2.501,-8.913,-2.501, 0.176, 0.571,-0.297,-0.379,0.189,-0.378,-0.622,-0.799, 0.297;
2.312,-11.630,-3.997,-11.630,-3.997, 0.170, 0.574,-0.297,-0.588,0.196,0.000,-0.611,-0.809, 0.297;
2.323,-11.786,-3.965,-11.786,-3.965, 0.163, 0.576,-0.307,-0.602,0.201,-0.902,-0.600,-0.819, 0.307;
2.344,-8.526,-0.524,-8.526,-0.524, 0.156, 0.578,-0.307,-0.311,0.104,0.000,-0.585,-0.836, 0.307;
2.356,-10.084,0.380,-10.084,0.380, 0.152, 0.578,-0.297,-0.375,0.000,0.844,-0.575,-0.844, 0.297;
2.368,-11.590,-3.830,-11.590,-3.830, 0.145, 0.580,-0.293,-0.598,0.199,0.398,-0.564,-0.853, 0.293;
2.379,-11.443,-3.429,-11.443,-3.429, 0.138, 0.583,-0.307,-0.584,0.195,-1.263,-0.552,-0.863, 0.307;
2.390,-11.372,-3.514,-11.372,-3.514, 0.132, 0.585,-0.293,-0.584,0.195,1.264,-0.541,-0.873, 0.293;
2.402,-8.697,-1.775,-8.697,-1.775, 0.127, 0.587,-0.312,-0.381,0.190,-1.632,-0.531,-0.882, 0.312;
2.414,-12.393,-0.624,-12.393,-0.624, 0.121, 0.587,-0.293,-0.562,0.000,1.606,-0.518,-0.890, 0.293;
2.426,-11.142,-3.181,-11.142,-3.181, 0.114, 0.589,-0.293,-0.574,0.191,0.000,-0.506,-0.899, 0.293;
2.439,-10.523,-2.487,-10.523,-2.487, 0.107, 0.591,-0.293,-0.521,0.174,0.000,-0.493,-0.909, 0.293;
2.450,-8.636,-1.815,-8.636,-1.815, 0.103, 0.594,-0.293,-0.393,0.197,0.000,-0.483,-0.918, 0.293;
2.461,-11.440,-3.182,-11.440,-3.182, 0.096, 0.596,-0.307,-0.607,0.202,-1.314,-0.471,-0.927, 0.307;
2.473,-12.332,-0.331,-12.332,-0.331, 0.089, 0.596,-0.293,-0.572,0.000,1.238,-0.458,-0.934, 0.293;
2.484,-11.198,-3.148,-11.198,-3.148, 0.083, 0.598,-0.289,-0.598,0.199,0.387,-0.445,-0.943, 0.289;
2.495,-11.250,-3.177,-11.250,-3.177, 0.076, 0.600,-0.289,-0.607,0.202,0.000,-0.432,-0.951, 0.289;
2.506,-8.551,-1.635,-8.551,-1.635, 0.071, 0.603,-0.293,-0.406,0.203,-0.393,-0.422,-0.959, 0.293;
2.527,-8.693,1.722,-8.693,1.722, 0.065, 0.603,-0.278,-0.310,0.000,0.678,-0.403,-0.971, 0.278;
2.539,-10.577,-2.372,-10.577,-2.372, 0.058, 0.605,-0.289,-0.559,0.186,-0.858,-0.389,-0.980, 0.289;
2.551,-10.834,-2.616,-10.834,-2.616, 0.051, 0.607,-0.289,-0.586,0.195,0.000,-0.376,-0.988, 0.289;
2.563,-7.873,-0.629,-7.873,-0.629, 0.047, 0.609,-0.293,-0.356,0.178,-0.345,-0.364,-0.996, 0.293;
2.575,-12.054,0.046,-12.054,0.046, 0.040, 0.609,-0.278,-0.579,0.000,1.263,-0.350,-1.002, 0.278;
2.588,-9.950,-1.780,-9.950,-1.780, 0.033, 0.612,-0.274,-0.520,0.173,0.321,-0.335,-1.010, 0.274;
2.599,-10.583,-2.458,-10.583,-2.458, 0.027, 0.614,-0.274,-0.584,0.195,0.000,-0.321,-1.018, 0.274;
2.612,-7.750,-0.460,-7.750,-0.460, 0.022, 0.616,-0.293,-0.364,0.182,-1.530,-0.309,-1.026, 0.293;
2.623,-12.142,0.123,-12.142,0.123, 0.016, 0.616,-0.274,-0.600,0.000,1.680,-0.295,-1.031, 0.274;
2.634,-10.359,-2.170,-10.359,-2.170, 0.009, 0.618,-0.274,-0.577,0.192,0.000,-0.281,-1.038, 0.274;
2.647,-9.925,-1.676,-9.925,-1.676, 0.002, 0.620,-0.274,-0.541,0.180,0.000,-0.266,-1.045, 0.274;
2.657,-10.864,-2.695,-10.864,-2.695,-0.004, 0.623,-0.274,-0.634,0.211,0.000,-0.252,-1.052, 0.274;
2.668,-9.288,1.870,-9.288,1.870,-0.009, 0.623,-0.274,-0.399,0.000,0.000,-0.240,-1.056, 0.274;
2.680,-9.988,-1.719,-9.988,-1.719,-0.016, 0.625,-0.274,-0.562,0.187,0.000,-0.225,-1.063, 0.274;
2.691,-10.426,-2.190,-10.426,-2.190,-0.022, 0.627,-0.274,-0.607,0.202,0.000,-0.211,-1.070, 0.274;
2.703,-9.983,-1.692,-9.983,-1.692,-0.029, 0.629,-0.274,-0.571,0.190,0.000,-0.196,-1.076, 0.274;
2.715,-9.000,2.069,-9.000,2.069,-0.033, 0.629,-0.260,-0.391,0.000,1.274,-0.183,-1.080, 0.260;
2.736,-7.039,1.552,-7.039,1.552,-0.040, 0.632,-0.274,-0.308,0.103,-0.670,-0.161,-1.089, 0.274;
2.741,-18.347,-10.882,-18.347,-10.882,-0.047, 0.634,-0.274,-1.369,0.456,0.000,-0.151,-1.093, 0.274;
2.752,-10.098,-1.802,-10.098,-1.802,-0.054, 0.636,-0.274,-0.603,0.201,0.000,-0.136,-1.099, 0.274;
2.763,-8.895,2.267,-8.895,2.267,-0.058, 0.636,-0.260,-0.400,0.000,1.304,-0.124,-1.102, 0.260;
2.785,-6.810,1.738,-6.810,1.738,-0.065, 0.638,-0.260,-0.307,0.102,0.000,-0.101,-1.110, 0.260;
2.797,-9.656,-1.332,-9.656,-1.332,-0.071, 0.641,-0.274,-0.581,0.194,-1.262,-0.086,-1.115, 0.274;
2.809,-8.405,2.650,-8.405,2.650,-0.076, 0.641,-0.260,-0.378,0.000,1.232,-0.072,-1.118, 0.260;
2.821,-8.997,-0.756,-8.997,-0.756,-0.083, 0.643,-0.260,-0.531,0.177,0.000,-0.056,-1.123, 0.260;
2.833,-8.462,2.659,-8.462,2.659,-0.087, 0.643,-0.260,-0.392,0.000,0.000,-0.043,-1.126, 0.260;
2.844,-9.267,-1.083,-9.267,-1.083,-0.094, 0.645,-0.260,-0.568,0.189,0.000,-0.027,-1.130, 0.260;
2.856,-10.911,1.103,-10.911,1.103,-0.100, 0.645,-0.241,-0.588,0.000,1.604,-0.012,-1.132, 0.241;
2.867,-6.724,0.292,-6.724,0.292,-0.105, 0.647,-0.245,-0.384,0.192,-0.311, 0.001,-1.136, 0.245;
2.879,-9.002,-0.864,-9.002,-0.864,-0.112, 0.650,-0.256,-0.561,0.187,-0.908, 0.017,-1.141, 0.256;
2.891,-8.002,2.944,-8.002,2.944,-0.116, 0.650,-0.245,-0.377,0.000,0.914, 0.031,-1.142, 0.245;
2.903,-10.508,1.412,-10.508,1.412,-0.123, 0.650,-0.241,-0.576,0.000,0.311, 0.047,-1.144, 0.241;
2.916,-7.502,3.179,-7.502,3.179,-0.127, 0.650,-0.230,-0.345,0.000,0.860, 0.061,-1.145, 0.230;
2.928,-8.743,-0.803,-8.743,-0.803,-0.134, 0.652,-0.241,-0.563,0.188,-0.936, 0.077,-1.149, 0.241;
2.940,-7.683,3.097,-7.683,3.097,-0.138, 0.652,-0.230,-0.369,0.000,0.920, 0.091,-1.150, 0.230;
2.952,-7.682,3.098,-7.682,3.098,-0.143, 0.652,-0.230,-0.374,0.000,0.000, 0.105,-1.150, 0.230;
2.964,-8.509,-0.606,-8.509,-0.606,-0.150, 0.654,-0.241,-0.558,0.186,-0.929, 0.121,-1.153, 0.241;
2.975,-7.966,2.950,-7.966,2.950,-0.154, 0.654,-0.230,-0.405,0.000,1.011, 0.134,-1.154, 0.230;
2.987,-9.792,1.786,-9.792,1.786,-0.161, 0.654,-0.227,-0.553,0.000,0.283, 0.150,-1.154, 0.227;
2.998,-7.786,3.039,-7.786,3.039,-0.165, 0.654,-0.227,-0.401,0.000,0.000, 0.163,-1.154, 0.227;
3.009,-10.374,1.421,-10.374,1.421,-0.172, 0.654,-0.227,-0.609,0.000,0.000, 0.179,-1.154, 0.227;
3.020,-7.540,3.191,-7.540,3.191,-0.176, 0.654,-0.227,-0.393,0.000,0.000, 0.192,-1.154, 0.227;
3.042,-5.125,4.666,-5.125,4.666,-0.181, 0.654,-0.212,-0.206,0.000,0.677, 0.214,-1.153, 0.212;
3.054,-7.186,3.345,-7.186,3.345,-0.185, 0.654,-0.215,-0.375,0.000,-0.270, 0.227,-1.152, 0.215;
3.066,-9.369,1.916,-9.369,1.916,-0.192, 0.654,-0.212,-0.552,0.000,0.265, 0.244,-1.151, 0.212;
3.078,-7.087,3.382,-7.087,3.382,-0.196, 0.654,-0.212,-0.377,0.000,0.000, 0.257,-1.150, 0.212;
3.090,-6.795,3.563,-6.795,3.563,-0.201, 0.654,-0.212,-0.360,0.000,0.000, 0.271,-1.149, 0.212;
3.102,-8.765,5.688,-8.765,5.688,-0.205, 0.652,-0.197,-0.389,-0.194,1.284, 0.285,-1.145, 0.197;
3.114,-9.214,1.850,-9.214,1.850,-0.212, 0.652,-0.197,-0.560,0.000,0.000, 0.301,-1.144, 0.197;
3.125,-6.854,3.413,-6.854,3.413,-0.217, 0.652,-0.197,-0.378,0.000,0.000, 0.314,-1.142, 0.197;
3.137,-6.884,3.382,-6.884,3.382,-0.221, 0.652,-0.197,-0.385,0.000,0.000, 0.328,-1.140, 0.197;
3.150,-6.346,3.780,-6.346,3.780,-0.225, 0.652,-0.212,-0.352,0.000,-1.164, 0.342,-1.138, 0.212;
3.162,-8.194,5.877,-8.194,5.877,-0.230, 0.650,-0.197,-0.376,-0.188,1.241, 0.355,-1.134, 0.197;
3.173,-6.619,3.501,-6.619,3.501,-0.234, 0.650,-0.197,-0.381,0.000,0.000, 0.369,-1.131, 0.197;
3.185,-6.485,3.575,-6.485,3.575,-0.239, 0.650,-0.197,-0.376,0.000,0.000, 0.382,-1.129, 0.197;
3.197,-10.424,4.206,-10.424,4.206,-0.246, 0.647,-0.180,-0.565,-0.188,1.479, 0.398,-1.124, 0.180;
3.209,-6.208,3.703,-6.208,3.703,-0.250, 0.647,-0.197,-0.366,0.000,-1.439, 0.411,-1.121, 0.197;
3.221,-7.737,5.914,-7.737,5.914,-0.254, 0.645,-0.183,-0.365,-0.183,1.214, 0.425,-1.115, 0.183;
3.233,-6.326,3.516,-6.326,3.516,-0.259, 0.645,-0.183,-0.383,0.000,0.000, 0.438,-1.112, 0.183;
3.244,-6.313,3.548,-6.313,3.548,-0.263, 0.645,-0.194,-0.391,0.000,-1.043, 0.451,-1.109, 0.194;
3.256,-7.721,5.936,-7.721,5.936,-0.268, 0.643,-0.180,-0.376,-0.188,1.232, 0.464,-1.103, 0.180;
3.268,-8.041,5.805,-8.041,5.805,-0.272, 0.641,-0.168,-0.395,-0.198,1.081, 0.476,-1.097, 0.168;
3.279,-6.234,3.454,-6.234,3.454,-0.277, 0.641,-0.183,-0.399,0.000,-1.332, 0.489,-1.093, 0.183;
3.291,-7.490,5.891,-7.490,5.891,-0.281, 0.638,-0.165,-0.370,-0.185,1.443, 0.502,-1.087, 0.165;
3.303,-7.498,5.884,-7.498,5.884,-0.286, 0.636,-0.165,-0.375,-0.188,0.000, 0.515,-1.081, 0.165;
3.314,-5.951,3.485,-5.951,3.485,-0.290, 0.636,-0.165,-0.389,0.000,0.000, 0.527,-1.076, 0.165;
3.325,-7.880,5.834,-7.880,5.834,-0.295, 0.634,-0.165,-0.407,-0.203,0.000, 0.539,-1.070, 0.165;
3.347,-3.119,7.272,-3.119,7.272,-0.297, 0.632,-0.168,-0.102,-0.102,-0.113, 0.556,-1.059, 0.168;
3.359,-5.610,3.635,-5.610,3.635,-0.301, 0.632,-0.183,-0.386,0.000,-1.291, 0.568,-1.054, 0.183;
3.371,-6.738,6.011,-6.738,6.011,-0.306, 0.629,-0.165,-0.353,-0.177,1.377, 0.581,-1.047, 0.165;
3.383,-7.139,5.937,-7.139,5.937,-0.310, 0.627,-0.165,-0.382,-0.191,0.000, 0.593,-1.039, 0.165;
3.395,-4.697,7.618,-4.697,7.618,-0.312, 0.625,-0.168,-0.190,-0.190,-0.213, 0.603,-1.032, 0.168;
3.407,-6.970,5.944,-6.970,5.944,-0.317, 0.623,-0.165,-0.380,-0.190,0.212, 0.615,-1.024, 0.165;
3.418,-7.047,5.922,-7.047,5.922,-0.321, 0.620,-0.165,-0.390,-0.195,0.000, 0.627,-1.016, 0.165;
3.430,-4.274,7.586,-4.274,7.586,-0.324, 0.618,-0.168,-0.181,-0.181,-0.202, 0.637,-1.008, 0.168;
3.442,-6.858,5.927,-6.858,5.927,-0.328, 0.616,-0.165,-0.387,-0.193,0.216, 0.648,-1.000, 0.165;
3.454,-6.487,5.896,-6.487,5.896,-0.333, 0.614,-0.150,-0.364,-0.182,1.205, 0.660,-0.992, 0.150;
3.466,-4.356,7.536,-4.356,7.536,-0.335, 0.612,-0.150,-0.189,-0.189,0.000, 0.669,-0.983, 0.150;
3.478,-6.497,5.859,-6.497,5.859,-0.339, 0.609,-0.150,-0.373,-0.187,0.000, 0.680,-0.975, 0.150;
3.489,-6.128,9.955,-6.128,9.955,-0.341, 0.605,-0.153,-0.197,-0.395,-0.201, 0.689,-0.964, 0.153;
3.501,-6.693,5.780,-6.693,5.780,-0.346, 0.603,-0.150,-0.394,-0.197,0.201, 0.700,-0.956, 0.150;
3.512,-4.134,7.516,-4.134,7.516,-0.348, 0.600,-0.150,-0.192,-0.192,0.000, 0.708,-0.947, 0.150;
3.523,-6.785,5.727,-6.785,5.727,-0.353, 0.598,-0.150,-0.408,-0.204,0.000, 0.719,-0.939, 0.150;
3.534,-4.122,7.522,-4.122,7.522,-0.355, 0.596,-0.150,-0.198,-0.198,0.000, 0.727,-0.930, 0.150;
3.547,-7.743,7.941,-7.743,7.941,-0.359, 0.591,-0.136,-0.368,-0.368,1.224, 0.738,-0.918, 0.136;
3.558,-4.226,7.452,-4.226,7.452,-0.362, 0.589,-0.136,-0.205,-0.205,0.000, 0.746,-0.909, 0.136;
3.579,-3.102,6.251,-3.102,6.251,-0.366, 0.587,-0.150,-0.206,-0.103,-0.684, 0.761,-0.894, 0.150;
3.583,-20.183,16.955,-20.183,16.955,-0.368, 0.583,-0.136,-0.676,-1.352,4.495, 0.765,-0.887, 0.136;
3.604,-1.888,7.111,-1.888,7.111,-0.371, 0.580,-0.136,-0.106,-0.106,0.000, 0.777,-0.872, 0.136;
3.616,-7.394,7.838,-7.394,7.838,-0.375, 0.576,-0.134,-0.370,-0.370,0.166, 0.787,-0.860, 0.134;
3.628,-3.389,7.298,-3.389,7.298,-0.377, 0.574,-0.136,-0.184,-0.184,-0.165, 0.794,-0.850, 0.136;
3.639,-5.438,9.553,-5.438,9.553,-0.379, 0.569,-0.121,-0.194,-0.388,1.295, 0.801,-0.838, 0.121;
3.651,-5.814,5.497,-5.814,5.497,-0.384, 0.567,-0.134,-0.389,-0.195,-1.125, 0.811,-0.828, 0.134;
3.662,-5.254,9.477,-5.254,9.477,-0.386, 0.562,-0.119,-0.192,-0.384,1.264, 0.817,-0.815, 0.119;
3.675,-3.048,7.196,-3.048,7.196,-0.388, 0.560,-0.136,-0.181,-0.181,-1.354, 0.825,-0.805, 0.136;
3.687,-4.630,9.211,-4.630,9.211,-0.391, 0.556,-0.121,-0.177,-0.353,1.180, 0.831,-0.792, 0.121;
3.699,-7.496,7.627,-7.496,7.627,-0.395, 0.551,-0.119,-0.393,-0.393,0.157, 0.840,-0.779, 0.119;
3.710,-3.138,7.092,-3.138,7.092,-0.397, 0.549,-0.119,-0.190,-0.190,0.000, 0.846,-0.769, 0.119;
3.722,-4.916,9.363,-4.916,9.363,-0.400, 0.545,-0.121,-0.193,-0.386,-0.154, 0.853,-0.756, 0.121;
3.734,-2.939,7.033,-2.939,7.033,-0.402, 0.542,-0.121,-0.187,-0.187,0.000, 0.859,-0.745, 0.121;
3.746,-7.077,7.505,-7.077,7.505,-0.406, 0.538,-0.119,-0.386,-0.386,0.154, 0.867,-0.733, 0.119;
3.757,-4.957,9.248,-4.957,9.248,-0.408, 0.533,-0.104,-0.196,-0.392,1.295, 0.872,-0.720, 0.104;
3.769,-4.753,9.146,-4.753,9.146,-0.411, 0.529,-0.104,-0.192,-0.383,0.000, 0.878,-0.707, 0.104;
3.780,-2.869,6.924,-2.869,6.924,-0.413, 0.527,-0.119,-0.196,-0.196,-1.296, 0.883,-0.696, 0.119;
3.791,-4.668,9.122,-4.668,9.122,-0.415, 0.522,-0.106,-0.194,-0.387,1.142, 0.889,-0.683, 0.106;
3.804,-4.296,8.940,-4.296,8.940,-0.417, 0.518,-0.106,-0.184,-0.367,0.000, 0.894,-0.670, 0.106;
3.815,-4.822,9.172,-4.822,9.172,-0.420, 0.513,-0.106,-0.203,-0.406,0.000, 0.899,-0.657, 0.106;
3.837,-2.837,6.687,-2.837,6.687,-0.424, 0.509,-0.089,-0.200,-0.200,0.733, 0.908,-0.636, 0.089;
3.841,-9.156,7.367,-9.156,7.367,-0.426, 0.507,-0.104,-0.504,-0.504,-3.338, 0.911,-0.630, 0.104;
3.852,-5.040,9.247,-5.040,9.247,-0.429, 0.502,-0.104,-0.216,-0.432,0.000, 0.915,-0.618, 0.104;
3.873,-1.541,7.638,-1.541,7.638,-0.431, 0.498,-0.104,-0.105,-0.211,0.000, 0.921,-0.597, 0.104;
3.885,-3.899,8.694,-3.899,8.694,-0.433, 0.493,-0.104,-0.184,-0.368,0.000, 0.925,-0.583, 0.104;
3.897,-4.190,8.697,-4.190,8.697,-0.435, 0.489,-0.089,-0.192,-0.383,1.269, 0.929,-0.570, 0.089;
3.908,-4.220,8.690,-4.220,8.690,-0.437, 0.484,-0.089,-0.195,-0.389,0.000, 0.932,-0.556, 0.089;
3.919,-4.212,8.671,-4.212,8.671,-0.440, 0.480,-0.089,-0.196,-0.393,0.000, 0.936,-0.543, 0.089;
3.931,-4.107,8.609,-4.107,8.609,-0.442, 0.475,-0.089,-0.195,-0.390,0.000, 0.939,-0.530, 0.089;
3.942,-1.800,10.442,-1.800,10.442,-0.442, 0.471,-0.089,0.000,-0.390,0.000, 0.940,-0.516, 0.089;
3.954,-5.819,6.588,-5.819,6.588,-0.446, 0.466,-0.088,-0.370,-0.370,0.108, 0.945,-0.502, 0.088;
3.966,-1.787,10.481,-1.787,10.481,-0.446, 0.462,-0.089,0.000,-0.401,-0.117, 0.946,-0.489, 0.089;
3.977,-3.975,8.464,-3.975,8.464,-0.449, 0.458,-0.089,-0.198,-0.396,0.000, 0.948,-0.476, 0.089;
3.989,-3.696,8.321,-3.696,8.321,-0.451, 0.453,-0.089,-0.191,-0.382,0.000, 0.951,-0.462, 0.089;
3.999,-4.363,8.593,-4.363,8.593,-0.453, 0.449,-0.089,-0.214,-0.429,0.000, 0.953,-0.449, 0.089;
4.010,-6.016,10.610,-6.016,10.610,-0.455, 0.442,-0.073,-0.202,-0.605,1.437, 0.955,-0.434, 0.073;
4.032,0.309,7.929,0.309,7.929,-0.455, 0.437,-0.074,0.000,-0.204,-0.050, 0.955,-0.412, 0.074;
4.044,-3.318,7.926,-3.318,7.926,-0.458, 0.433,-0.074,-0.183,-0.366,0.000, 0.956,-0.398, 0.074;
4.056,-3.451,7.956,-3.451,7.956,-0.460, 0.429,-0.074,-0.189,-0.378,0.000, 0.958,-0.385, 0.074;
4.069,-2.721,7.699,-2.721,7.699,-0.462, 0.424,-0.088,-0.171,-0.342,-1.035, 0.959,-0.370, 0.088;
4.072,-30.289,25.093,-30.289,25.093,-0.464, 0.417,-0.073,-0.802,-2.406,5.250, 0.961,-0.361, 0.073;
4.093,0.552,7.701,0.552,7.701,-0.464, 0.413,-0.074,0.000,-0.208,-0.051, 0.959,-0.340, 0.074;
4.105,-3.228,7.722,-3.228,7.722,-0.466, 0.408,-0.073,-0.189,-0.378,0.092, 0.960,-0.326, 0.073;
4.117,-3.285,7.716,-3.285,7.716,-0.469, 0.404,-0.073,-0.192,-0.385,0.000, 0.960,-0.313, 0.073;
4.128,-3.015,11.616,-3.015,11.616,-0.469, 0.397,-0.060,0.000,-0.570,1.171, 0.959,-0.297, 0.060;
4.140,-3.274,7.537,-3.274,7.537,-0.471, 0.393,-0.059,-0.192,-0.384,0.075, 0.959,-0.284, 0.059;
4.151,-3.179,7.555,-3.179,7.555,-0.473, 0.388,-0.073,-0.194,-0.388,-1.271, 0.959,-0.271, 0.073;
4.164,-0.716,9.179,-0.716,9.179,-0.473, 0.384,-0.074,0.000,-0.368,-0.090, 0.957,-0.257, 0.074;
4.175,-4.988,9.498,-4.988,9.498,-0.475, 0.377,-0.059,-0.190,-0.571,1.343, 0.957,-0.241, 0.059;
4.189,-2.278,6.984,-2.278,6.984,-0.478, 0.373,-0.059,-0.166,-0.333,0.000, 0.956,-0.227, 0.059;
4.201,-2.610,11.118,-2.610,11.118,-0.478, 0.366,-0.059,0.000,-0.558,0.000, 0.953,-0.211, 0.059;
4.213,-2.817,7.109,-2.817,7.109,-0.480, 0.362,-0.059,-0.187,-0.373,0.000, 0.952,-0.198, 0.059;
4.224,-0.904,9.177,-0.904,9.177,-0.480, 0.357,-0.059,0.000,-0.396,0.000, 0.949,-0.185, 0.059;
4.236,-0.683,8.913,-0.683,8.913,-0.480, 0.353,-0.060,0.000,-0.379,-0.074, 0.946,-0.172, 0.060;
4.248,-4.305,8.743,-4.305,8.743,-0.482, 0.346,-0.044,-0.177,-0.532,1.236, 0.945,-0.156, 0.044;
4.261,-0.402,8.549,-0.402,8.549,-0.482, 0.341,-0.059,0.000,-0.359,-1.178, 0.941,-0.142, 0.059;
4.273,-0.486,8.629,-0.486,8.629,-0.482, 0.337,-0.060,0.000,-0.371,-0.073, 0.937,-0.129, 0.060;
4.285,-2.554,6.716,-2.554,6.716,-0.484, 0.333,-0.059,-0.186,-0.372,0.073, 0.935,-0.116, 0.059;
4.297,-2.472,10.615,-2.472,10.615,-0.484, 0.326,-0.044,0.000,-0.562,1.231, 0.931,-0.101, 0.044;
4.308,-0.623,8.556,-0.623,8.556,-0.484, 0.321,-0.044,0.000,-0.383,0.000, 0.927,-0.089, 0.044;
4.320,-2.668,6.603,-2.668,6.603,-0.487, 0.317,-0.059,-0.193,-0.386,-1.269, 0.925,-0.076, 0.059;
4.331,-2.762,10.863,-2.762,10.863,-0.487, 0.310,-0.044,0.000,-0.601,1.317, 0.920,-0.062, 0.044;
4.343,-2.640,6.422,-2.640,6.422,-0.489, 0.306,-0.044,-0.192,-0.383,0.000, 0.918,-0.049, 0.044;
4.354,-2.552,10.577,-2.552,10.577,-0.489, 0.299,-0.044,0.000,-0.588,0.000, 0.913,-0.035, 0.044;
4.365,-0.553,8.359,-0.553,8.359,-0.489, 0.295,-0.044,0.000,-0.394,0.000, 0.909,-0.023, 0.044;
4.377,-4.469,8.343,-4.469,8.343,-0.491, 0.288,-0.044,-0.191,-0.574,0.000, 0.906,-0.009, 0.044;
4.399,1.433,6.104,1.433,6.104,-0.491, 0.283,-0.044,0.000,-0.207,0.000, 0.896, 0.010, 0.044;
4.410,-4.455,8.202,-4.455,8.202,-0.493, 0.277,-0.043,-0.193,-0.578,0.055, 0.893, 0.024, 0.043;
4.422,-0.175,7.802,-0.175,7.802,-0.493, 0.272,-0.044,0.000,-0.372,-0.053, 0.887, 0.036, 0.044;
4.434,-4.343,8.042,-4.343,8.042,-0.496, 0.266,-0.043,-0.192,-0.575,0.055, 0.884, 0.049, 0.043;
4.445,-2.700,10.306,-2.700,10.306,-0.496, 0.259,-0.029,0.000,-0.612,1.285, 0.878, 0.063, 0.029;
4.457,-2.259,5.749,-2.259,5.749,-0.498, 0.254,-0.043,-0.190,-0.379,-1.193, 0.875, 0.074, 0.043;
4.469,-1.730,9.201,-1.730,9.201,-0.498, 0.248,-0.029,0.000,-0.524,1.134, 0.868, 0.088, 0.029;
4.483,0.512,6.862,0.512,6.862,-0.498, 0.243,-0.044,0.000,-0.319,-1.081, 0.860, 0.101, 0.044;
4.495,-2.074,9.472,-2.074,9.472,-0.498, 0.237,-0.029,0.000,-0.563,1.235, 0.854, 0.114, 0.029;
4.508,-1.772,5.309,-1.772,5.309,-0.500, 0.232,-0.043,-0.177,-0.355,-1.117, 0.849, 0.126, 0.043;
4.520,-2.016,9.334,-2.016,9.334,-0.500, 0.225,-0.029,0.000,-0.563,1.181, 0.842, 0.139, 0.029;
4.533,-1.474,8.696,-1.474,8.696,-0.500, 0.219,-0.029,0.000,-0.513,0.000, 0.835, 0.153, 0.029;
4.545,0.028,7.052,0.028,7.052,-0.500, 0.214,-0.029,0.000,-0.369,0.000, 0.828, 0.163, 0.029;
4.557,0.065,6.960,0.065,6.960,-0.500, 0.210,-0.029,0.000,-0.367,0.000, 0.820, 0.174, 0.029;
4.569,-3.826,7.012,-3.826,7.012,-0.502, 0.203,-0.029,-0.184,-0.551,0.035, 0.815, 0.187, 0.029;
4.581,-0.103,7.054,-0.103,7.054,-0.502, 0.199,-0.029,0.000,-0.387,0.000, 0.808, 0.197, 0.029;
4.593,-1.789,8.786,-1.789,8.786,-0.502, 0.192,-0.029,0.000,-0.552,0.000, 0.801, 0.209, 0.029;
4.605,-1.968,8.770,-1.968,8.770,-0.502, 0.185,-0.015,0.000,-0.560,1.194, 0.793, 0.221, 0.015;
4.616,-2.363,4.907,-2.363,4.907,-0.504, 0.181,-0.029,-0.200,-0.400,-1.278, 0.788, 0.231, 0.029;
4.628,-1.920,8.634,-1.920,8.634,-0.504, 0.174,-0.014,0.000,-0.559,1.210, 0.780, 0.243, 0.014;
4.641,0.582,6.065,0.582,6.065,-0.504, 0.170,-0.029,0.000,-0.330,-1.071, 0.771, 0.253, 0.029;
4.653,-2.319,8.934,-2.319,8.934,-0.504, 0.163,-0.015,0.000,-0.600,1.280, 0.764, 0.264, 0.015;
4.665,-3.650,6.336,-3.650,6.336,-0.507, 0.156,-0.014,-0.181,-0.543,0.017, 0.758, 0.276, 0.014;
4.677,0.145,6.377,0.145,6.377,-0.507, 0.152,-0.029,0.000,-0.377,-1.224, 0.750, 0.285, 0.029;
4.688,-1.985,8.435,-1.985,8.435,-0.507, 0.145,-0.014,0.000,-0.573,1.240, 0.742, 0.296, 0.014;
4.700,-2.099,8.490,-2.099,8.490,-0.507, 0.138,-0.015,0.000,-0.585,-0.019, 0.734, 0.307, 0.015;
4.711,-4.453,6.514,-4.453,6.514,-0.509, 0.132,-0.014,-0.201,-0.604,0.019, 0.728, 0.318, 0.014;
4.723,0.216,6.093,0.216,6.093,-0.509, 0.127,-0.029,0.000,-0.376,-1.221, 0.720, 0.326, 0.029;
4.734,-2.097,8.344,-2.097,8.344,-0.509, 0.121,-0.014,0.000,-0.590,1.276, 0.712, 0.337, 0.014;
4.745,-2.153,8.338,-2.153,8.338,-0.509, 0.114,-0.015,0.000,-0.596,-0.019, 0.704, 0.347, 0.015;
4.757,-1.970,3.963,-1.970,3.963,-0.511, 0.109,-0.014,-0.191,-0.383,0.018, 0.697, 0.355, 0.014;
4.769,-1.595,7.660,-1.595,7.660,-0.511, 0.103,-0.014,0.000,-0.545,0.000, 0.688, 0.365, 0.014;
4.781,-2.082,8.102,-2.082,8.102,-0.511, 0.096,-0.014,0.000,-0.593,0.000, 0.680, 0.375, 0.014;
4.802,0.924,2.726,0.924,2.726,-0.513, 0.092,-0.029,-0.102,-0.205,-0.664, 0.666, 0.385, 0.029;
4.806,-14.241,20.591,-14.241,20.591,-0.513, 0.085,-0.014,0.000,-1.755,3.796, 0.663, 0.392, 0.014;
4.817,-2.600,8.467,-2.600,8.467,-0.513, 0.078,-0.014,0.000,-0.644,0.000, 0.655, 0.401, 0.014;
4.838,0.893,4.757,0.893,4.757,-0.513, 0.071,-0.014,0.000,-0.311,0.000, 0.639, 0.413, 0.014;
4.850,-1.658,3.375,-1.658,3.375,-0.516, 0.067,-0.014,-0.183,-0.366,0.000, 0.632, 0.419, 0.014;
4.863,-1.391,6.996,-1.391,6.996,-0.516, 0.060,-0.014,0.000,-0.529,0.000, 0.622, 0.428, 0.014;
4.875,-1.909,7.466,-1.909,7.466,-0.516, 0.054,-0.014,0.000,-0.579,0.000, 0.613, 0.437, 0.014;
4.887,-3.317,4.950,-3.317,4.950,-0.518, 0.047, 0.000,-0.176,-0.527,1.140, 0.606, 0.445, 0.000;
4.899,0.028,5.357,0.028,5.357,-0.518, 0.042,-0.014,0.000,-0.395,-1.283, 0.597, 0.451, 0.014;
4.910,-1.769,7.148,-1.769,7.148,-0.518, 0.036,-0.014,0.000,-0.567,0.000, 0.588, 0.459, 0.014;
4.922,-1.995,7.191,-1.995,7.191,-0.518, 0.029, 0.000,0.000,-0.579,1.253, 0.579, 0.467, 0.000;
4.934,-3.822,4.958,-3.822,4.958,-0.520, 0.022, 0.000,-0.188,-0.563,0.000, 0.572, 0.475, 0.000;
4.946,0.281,4.858,0.281,4.858,-0.520, 0.018,-0.014,0.000,-0.372,-1.208, 0.563, 0.480, 0.014;
4.958,-1.689,6.826,-1.689,6.826,-0.520, 0.011,-0.014,0.000,-0.560,0.000, 0.553, 0.488, 0.014;
4.969,-1.994,6.953,-1.994,6.953,-0.520, 0.004, 0.000,0.000,-0.579,1.254, 0.544, 0.495, 0.000;
4.981,-4.028,4.824,-4.028,4.824,-0.522,-0.002, 0.000,-0.193,-0.578,0.000, 0.537, 0.502, 0.000;
4.992,-0.060,4.974,-0.060,4.974,-0.522,-0.007,-0.014,0.000,-0.404,-1.313, 0.529, 0.507, 0.014;
5.003,-2.208,7.005,-2.208,7.005,-0.522,-0.013, 0.000,0.000,-0.600,1.298, 0.520, 0.513, 0.000;
5.015,-1.744,6.465,-1.744,6.465,-0.522,-0.020, 0.000,0.000,-0.556,0.000, 0.510, 0.520, 0.000;
5.026,-4.298,4.733,-4.298,4.733,-0.525,-0.027, 0.000,-0.199,-0.597,0.000, 0.504, 0.526, 0.000;
5.039,-1.651,6.266,-1.651,6.266,-0.525,-0.033, 0.000,0.000,-0.547,0.000, 0.494, 0.533, 0.000;
5.049,-2.537,6.967,-2.537,6.967,-0.525,-0.040, 0.014,0.000,-0.621,1.345, 0.486, 0.539,-0.014;
5.071,1.941,2.497,1.941,2.497,-0.525,-0.045, 0.000,0.000,-0.207,-0.671, 0.469, 0.542, 0.000;
5.084,-1.568,5.939,-1.568,5.939,-0.525,-0.051, 0.000,0.000,-0.535,0.000, 0.459, 0.547, 0.000;
5.096,-3.721,4.115,-3.721,4.115,-0.527,-0.058, 0.000,-0.184,-0.553,0.000, 0.452, 0.552, 0.000;
5.108,-1.638,5.898,-1.638,5.898,-0.527,-0.065, 0.000,0.000,-0.541,0.000, 0.442, 0.558, 0.000;
5.112,-16.981,20.781,-16.981,20.781,-0.527,-0.071, 0.014,0.000,-1.957,4.236, 0.440, 0.564,-0.014;
5.122,-0.200,4.377,-0.200,4.377,-0.527,-0.076, 0.000,0.000,-0.406,-1.320, 0.431, 0.567, 0.000;
5.144,0.779,3.290,0.779,3.290,-0.527,-0.083, 0.000,0.000,-0.311,0.000, 0.415, 0.570, 0.000;
5.156,-3.929,3.939,-3.929,3.939,-0.529,-0.089, 0.000,-0.188,-0.565,0.000, 0.408, 0.574, 0.000;
5.167,-2.039,6.004,-2.039,6.004,-0.529,-0.096, 0.000,0.000,-0.575,0.000, 0.399, 0.579, 0.000;
5.179,-2.228,6.023,-2.228,6.023,-0.529,-0.103, 0.014,0.000,-0.584,1.264, 0.390, 0.583,-0.014;
5.190,-2.241,5.967,-2.241,5.967,-0.529,-0.109, 0.014,0.000,-0.584,0.000, 0.382, 0.587,-0.014;
5.203,0.222,3.553,0.222,3.553,-0.529,-0.114, 0.000,0.000,-0.359,-1.166, 0.372, 0.589, 0.000;
5.215,-1.803,5.521,-1.803,5.521,-0.529,-0.121, 0.000,0.000,-0.548,0.000, 0.363, 0.592, 0.000;
5.227,-3.937,3.622,-3.937,3.622,-0.531,-0.127, 0.000,-0.187,-0.561,0.000, 0.357, 0.596, 0.000;
5.239,-1.920,5.536,-1.920,5.536,-0.531,-0.134, 0.000,0.000,-0.558,0.000, 0.348, 0.599, 0.000;
5.251,0.143,3.411,0.143,3.411,-0.531,-0.138, 0.000,0.000,-0.363,0.000, 0.339, 0.600, 0.000;
5.264,-1.716,5.208,-1.716,5.208,-0.531,-0.145, 0.000,0.000,-0.536,0.000, 0.330, 0.603, 0.000;
5.275,-2.322,5.758,-2.322,5.758,-0.531,-0.152, 0.000,0.000,-0.591,0.000, 0.322, 0.606, 0.000;
5.287,-0.147,7.415,-0.147,7.415,-0.529,-0.158, 0.014,0.188,-0.564,1.220, 0.311, 0.609,-0.014;
5.299,0.104,3.186,0.104,3.186,-0.529,-0.163, 0.000,0.000,-0.359,-1.167, 0.302, 0.609, 0.000;
5.312,-1.939,5.082,-1.939,5.082,-0.529,-0.170, 0.014,0.000,-0.543,1.176, 0.294, 0.611,-0.014;
5.324,-0.100,3.274,-0.100,3.274,-0.529,-0.174, 0.000,0.000,-0.375,-1.217, 0.286, 0.611, 0.000;
5.336,-1.791,4.911,-1.791,4.911,-0.529,-0.181, 0.000,0.000,-0.532,0.000, 0.277, 0.613, 0.000;
5.349,0.226,2.833,0.226,2.833,-0.529,-0.185, 0.000,0.000,-0.340,0.000, 0.268, 0.612, 0.000;
5.361,-2.292,5.197,-2.292,5.197,-0.529,-0.192, 0.014,0.000,-0.569,1.230, 0.260, 0.614,-0.014;
5.373,-0.150,3.094,-0.150,3.094,-0.529,-0.196, 0.000,0.000,-0.372,-1.207, 0.252, 0.613, 0.000;
5.385,-2.314,5.112,-2.314,5.112,-0.529,-0.203, 0.014,0.000,-0.567,1.227, 0.245, 0.614,-0.014;
5.397,-2.171,4.911,-2.171,4.911,-0.529,-0.210, 0.014,0.000,-0.552,0.000, 0.237, 0.616,-0.014;
5.410,0.015,2.767,0.015,2.767,-0.529,-0.214, 0.000,0.000,-0.351,-1.140, 0.229, 0.614, 0.000;
5.421,-2.539,5.174,-2.539,5.174,-0.529,-0.221, 0.014,0.000,-0.583,1.261, 0.222, 0.615,-0.014;
5.432,-0.613,3.296,-0.613,3.296,-0.529,-0.225, 0.000,0.000,-0.407,-1.320, 0.215, 0.615, 0.000;
5.443,-2.872,5.406,-2.872,5.406,-0.529,-0.232, 0.014,0.000,-0.611,1.322, 0.208, 0.616,-0.014;
5.455,-0.482,3.073,-0.482,3.073,-0.529,-0.237, 0.000,0.000,-0.391,-1.270, 0.202, 0.614, 0.000;
5.466,-2.779,5.225,-2.779,5.225,-0.529,-0.243, 0.014,0.000,-0.599,1.296, 0.195, 0.615,-0.014;
5.477,-0.611,3.111,-0.611,3.111,-0.529,-0.248, 0.000,0.000,-0.400,-1.299, 0.188, 0.614, 0.000;
5.499,0.273,2.125,0.273,2.125,-0.529,-0.254, 0.014,0.000,-0.310,0.661, 0.176, 0.609,-0.014;
5.510,1.513,4.952,1.513,4.952,-0.527,-0.259, 0.000,0.193,-0.386,-1.234, 0.168, 0.607, 0.000;
5.522,-2.341,4.560,-2.341,4.560,-0.527,-0.266, 0.014,0.000,-0.547,1.184, 0.161, 0.607,-0.014;
5.534,-0.509,2.771,-0.509,2.771,-0.527,-0.270, 0.000,0.000,-0.379,-1.229, 0.155, 0.604, 0.000;
5.546,-2.596,4.725,-2.596,4.725,-0.527,-0.277, 0.014,0.000,-0.567,1.227, 0.149, 0.604,-0.014;
5.558,-2.519,4.599,-2.519,4.599,-0.527,-0.283, 0.014,0.000,-0.558,0.000, 0.143, 0.603,-0.014;
5.570,-0.435,2.532,-0.435,2.532,-0.527,-0.288, 0.014,0.000,-0.363,0.000, 0.136, 0.600,-0.014;
5.582,-2.597,4.594,-2.597,4.594,-0.527,-0.295, 0.014,0.000,-0.562,0.000, 0.131, 0.600,-0.014;
5.594,-0.621,2.636,-0.621,2.636,-0.527,-0.299, 0.014,0.000,-0.377,0.000, 0.125, 0.597,-0.014;
5.606,-2.865,4.780,-2.865,4.780,-0.527,-0.306, 0.014,0.000,-0.583,0.000, 0.120, 0.596,-0.014;
5.617,-3.035,4.808,-3.035,4.808,-0.527,-0.312, 0.029,0.000,-0.592,1.280, 0.115, 0.596,-0.029;
5.628,-3.021,4.751,-3.021,4.751,-0.527,-0.319, 0.029,0.000,-0.589,0.000, 0.110, 0.595,-0.029;
5.639,-0.957,2.819,-0.957,2.819,-0.527,-0.324, 0.014,0.000,-0.402,-1.305, 0.105, 0.592,-0.014;
5.650,1.108,5.042,1.108,5.042,-0.525,-0.328, 0.014,0.203,-0.406,0.000, 0.098, 0.589,-0.014;
5.661,-3.284,4.897,-3.284,4.897,-0.525,-0.335, 0.029,0.000,-0.608,1.314, 0.094, 0.588,-0.029;
5.673,-0.898,2.649,-0.898,2.649,-0.525,-0.339, 0.014,0.000,-0.391,-1.269, 0.089, 0.585,-0.014;
5.695,1.015,2.828,1.015,2.828,-0.522,-0.346, 0.029,0.101,-0.304,0.657, 0.079, 0.577,-0.029;
5.707,-0.781,2.390,-0.781,2.390,-0.522,-0.350, 0.029,0.000,-0.369,0.000, 0.074, 0.573,-0.029;
5.719,-0.680,2.303,-0.680,2.303,-0.522,-0.355, 0.014,0.000,-0.361,-1.171, 0.070, 0.568,-0.014;
5.731,-0.999,6.421,-0.999,6.421,-0.520,-0.362, 0.029,0.188,-0.563,1.217, 0.064, 0.567,-0.029;
5.743,-0.993,2.534,-0.993,2.534,-0.520,-0.366, 0.014,0.000,-0.386,-1.252, 0.060, 0.563,-0.014;
5.755,-2.702,4.086,-2.702,4.086,-0.520,-0.373, 0.029,0.000,-0.538,1.163, 0.057, 0.560,-0.029;
5.766,-1.266,2.702,-1.266,2.702,-0.520,-0.377, 0.029,0.000,-0.405,0.000, 0.053, 0.557,-0.029;
5.778,1.064,4.328,1.064,4.328,-0.518,-0.382, 0.014,0.185,-0.369,-1.197, 0.048, 0.552,-0.014;
5.791,-2.839,4.130,-2.839,4.130,-0.518,-0.388, 0.029,0.000,-0.544,1.178, 0.045, 0.550,-0.029;
5.802,-3.085,4.335,-3.085,4.335,-0.518,-0.395, 0.029,0.000,-0.566,0.000, 0.042, 0.548,-0.029;
5.815,-0.898,2.252,-0.898,2.252,-0.518,-0.400, 0.029,0.000,-0.364,0.000, 0.039, 0.543,-0.029;
5.827,-2.959,4.179,-2.959,4.179,-0.518,-0.406, 0.029,0.000,-0.551,0.000, 0.036, 0.541,-0.029;
5.839,-1.090,2.399,-1.090,2.399,-0.518,-0.411, 0.029,0.000,-0.379,0.000, 0.034, 0.536,-0.029;
5.850,-3.126,4.305,-3.126,4.305,-0.518,-0.417, 0.029,0.000,-0.564,0.000, 0.032, 0.534,-0.029;
5.863,-2.897,4.074,-2.897,4.074,-0.518,-0.424, 0.029,0.000,-0.542,0.000, 0.029, 0.531,-0.029;
5.875,-3.043,4.200,-3.043,4.200,-0.518,-0.431, 0.029,0.000,-0.555,0.000, 0.027, 0.528,-0.029;
5.886,-1.345,2.586,-1.345,2.586,-0.518,-0.435, 0.029,0.000,-0.399,0.000, 0.026, 0.524,-0.029;
5.897,-3.520,4.628,-3.520,4.628,-0.518,-0.442, 0.029,0.000,-0.597,0.000, 0.024, 0.522,-0.029;
5.908,-3.564,4.661,-3.564,4.661,-0.518,-0.449, 0.029,0.000,-0.600,0.000, 0.023, 0.520,-0.029;
5.919,-3.706,4.787,-3.706,4.787,-0.518,-0.455, 0.029,0.000,-0.613,0.000, 0.022, 0.518,-0.029;
5.930,-1.463,2.663,-1.463,2.663,-0.518,-0.460, 0.029,0.000,-0.407,0.000, 0.021, 0.514,-0.029;
5.951,-0.500,1.743,-0.500,1.743,-0.518,-0.466, 0.029,0.000,-0.317,0.020, 0.019, 0.505,-0.029;
5.963,-3.624,4.685,-3.624,4.685,-0.518,-0.473, 0.029,0.000,-0.601,0.000, 0.019, 0.503,-0.029;
5.974,-3.619,4.571,-3.619,4.571,-0.518,-0.480, 0.044,0.000,-0.595,1.305, 0.018, 0.500,-0.044;
5.985,-1.376,2.554,-1.376,2.554,-0.518,-0.484, 0.029,0.000,-0.395,-1.299, 0.018, 0.496,-0.029;
5.996,-5.624,2.468,-5.624,2.468,-0.520,-0.491, 0.029,-0.199,-0.596,-0.038, 0.020, 0.494,-0.029;
6.008,-3.603,4.683,-3.603,4.683,-0.520,-0.498, 0.029,0.000,-0.599,0.000, 0.020, 0.492,-0.029;
6.018,-3.761,4.834,-3.761,4.834,-0.520,-0.504, 0.029,0.000,-0.614,0.000, 0.020, 0.490,-0.029;
6.029,-3.762,4.727,-3.762,4.727,-0.520,-0.511, 0.043,0.000,-0.608,1.315, 0.021, 0.488,-0.043;
6.040,-1.486,2.685,-1.486,2.685,-0.520,-0.516, 0.029,0.000,-0.406,-1.315, 0.021, 0.484,-0.029;
6.062,-0.517,1.786,-0.517,1.786,-0.520,-0.522, 0.029,0.000,-0.316,0.000, 0.022, 0.474,-0.029;
6.073,-3.593,4.590,-3.593,4.590,-0.520,-0.529, 0.043,0.000,-0.590,1.276, 0.023, 0.472,-0.043;
6.084,-3.583,4.579,-3.583,4.579,-0.520,-0.536, 0.043,0.000,-0.589,0.000, 0.024, 0.470,-0.043;
6.097,-0.960,2.222,-0.960,2.222,-0.520,-0.540, 0.029,0.000,-0.355,-1.153, 0.026, 0.464,-0.029;
6.109,-2.940,4.107,-2.940,4.107,-0.520,-0.547, 0.029,0.000,-0.536,0.000, 0.027, 0.461,-0.029;
6.121,-3.614,4.647,-3.614,4.647,-0.520,-0.554, 0.043,0.000,-0.593,1.281, 0.029, 0.459,-0.043;
6.132,-3.436,4.487,-3.436,4.487,-0.520,-0.560, 0.043,0.000,-0.577,0.000, 0.031, 0.457,-0.043;
6.145,-0.825,2.144,-0.825,2.144,-0.520,-0.565, 0.029,0.000,-0.344,-1.115, 0.033, 0.452,-0.029;
6.157,-3.225,4.331,-3.225,4.331,-0.520,-0.571, 0.043,0.000,-0.558,1.206, 0.035, 0.449,-0.043;
6.170,-2.946,4.084,-2.946,4.084,-0.520,-0.578, 0.043,0.000,-0.533,0.000, 0.038, 0.446,-0.043;
6.182,-3.240,4.370,-3.240,4.370,-0.520,-0.585, 0.043,0.000,-0.560,0.000, 0.040, 0.444,-0.043;
6.194,-1.102,2.429,-1.102,2.429,-0.520,-0.589, 0.043,0.000,-0.368,0.000, 0.043, 0.439,-0.043;
6.207,-2.892,4.090,-2.892,4.090,-0.520,-0.596, 0.043,0.000,-0.529,0.000, 0.046, 0.436,-0.043;
6.218,-3.527,4.692,-3.527,4.692,-0.520,-0.603, 0.043,0.000,-0.588,0.000, 0.049, 0.435,-0.043;
6.230,-3.459,4.646,-3.459,4.646,-0.520,-0.609, 0.044,0.000,-0.582,0.055, 0.052, 0.433,-0.044;
6.241,-1.325,2.713,-1.325,2.713,-0.520,-0.614, 0.044,0.000,-0.391,0.000, 0.055, 0.429,-0.044;
6.252,-3.534,4.762,-3.534,4.762,-0.520,-0.620, 0.043,0.000,-0.591,-0.056, 0.059, 0.427,-0.043;
6.263,-3.733,4.968,-3.733,4.968,-0.520,-0.627, 0.043,0.000,-0.610,0.000, 0.062, 0.426,-0.043;
6.275,-3.521,4.688,-3.521,4.688,-0.520,-0.634, 0.059,0.000,-0.586,1.340, 0.066, 0.425,-0.059