0.000,0.000,0.000,0.000,0.000, 0.000, 0.000, 0.000,0.000,0.000,0.000, 0.000, 0.000, 0.000;
0.011,1.064,0.588,1.075,0.577,-0.103,-0.051, 0.029,0.000,0.000,0.000, 0.603, 0.060,-0.029;
0.023,1.096,0.557,1.107,0.546,-0.103,-0.051, 0.029,0.000,0.000,0.000, 0.602, 0.069,-0.029;
0.035,1.128,0.526,1.138,0.515,-0.103,-0.051, 0.029,0.000,0.000,0.000, 0.602, 0.078,-0.029;
0.046,1.159,0.495,1.170,0.485,-0.103,-0.051, 0.029,0.000,0.000,0.000, 0.601, 0.087,-0.029;
0.057,1.189,0.465,1.200,0.455,-0.103,-0.051, 0.029,0.000,0.000,0.000, 0.601, 0.096,-0.029;
0.069,1.220,0.434,1.231,0.423,-0.103,-0.051, 0.029,0.000,0.000,0.000, 0.600, 0.105,-0.029;
0.080,1.250,0.404,1.261,0.393,-0.103,-0.051, 0.029,0.000,0.000,0.000, 0.599, 0.114,-0.029;
0.091,1.280,0.372,1.291,0.362,-0.103,-0.051, 0.029,0.000,0.000,0.000, 0.598, 0.123,-0.029;
0.102,1.310,0.342,1.320,0.331,-0.103,-0.051, 0.029,0.000,0.000,0.000, 0.596, 0.131,-0.029;
0.124,1.365,0.282,1.376,0.271,-0.103,-0.051, 0.029,0.000,0.000,0.000, 0.593, 0.148,-0.029;
0.135,1.396,0.249,1.406,0.239,-0.103,-0.051, 0.029,0.000,0.000,0.000, 0.591, 0.157,-0.029;
0.147,1.426,0.216,1.436,0.206,-0.103,-0.051, 0.029,0.000,0.000,0.000, 0.589, 0.166,-0.029;
0.160,1.456,0.182,1.467,0.171,-0.103,-0.051, 0.029,0.000,0.000,0.000, 0.587, 0.175,-0.029;
0.172,1.487,0.148,1.498,0.137,-0.103,-0.051, 0.029,0.000,0.000,0.000, 0.585, 0.185,-0.029;
0.184,1.516,0.115,1.526,0.104,-0.103,-0.051, 0.029,0.000,0.000,0.000, 0.582, 0.194,-0.029;
0.196,1.545,0.081,1.555,0.070,-0.103,-0.051, 0.029,0.000,0.000,0.000, 0.579, 0.203,-0.029;
0.208,1.573,0.048,1.584,0.037,-0.103,-0.051, 0.029,0.000,0.000,0.000, 0.576, 0.211,-0.029;
0.219,1.599,0.016,1.610,0.006,-0.103,-0.051, 0.029,0.000,0.000,0.000, 0.573, 0.220,-0.029;
0.230,1.626,-0.016,1.636,-0.026,-0.103,-0.051, 0.029,0.000,0.000,0.000, 0.570, 0.228,-0.029;
0.242,1.653,-0.049,1.664,-0.060,-0.103,-0.051, 0.029,0.000,0.000,0.000, 0.567, 0.237,-0.029;
0.253,1.678,-0.080,1.689,-0.091,-0.103,-0.051, 0.029,0.000,0.000,0.000, 0.564, 0.245,-0.029;
0.265,1.704,-0.113,1.715,-0.123,-0.103,-0.051, 0.029,0.000,0.000,0.000, 0.560, 0.253,-0.029;
0.276,1.728,-0.144,1.739,-0.154,-0.103,-0.051, 0.029,0.000,0.000,0.000, 0.556, 0.261,-0.029;
0.287,1.752,-0.174,1.762,-0.185,-0.103,-0.051, 0.029,0.000,0.000,0.000, 0.553, 0.269,-0.029;
0.298,1.775,-0.205,1.786,-0.216,-0.103,-0.051, 0.029,0.000,0.000,0.000, 0.549, 0.277,-0.029;
0.320,3.993,-0.257,3.998,-0.262,-0.100,-0.049, 0.014,0.103,0.103,-0.666, 0.539, 0.290,-0.014;
0.331,1.826,-0.322,1.831,-0.327,-0.100,-0.049, 0.014,0.000,0.000,0.000, 0.534, 0.298,-0.014;
0.342,3.938,1.799,3.943,1.794,-0.098,-0.049, 0.014,0.199,0.000,0.000, 0.528, 0.305,-0.014;
0.354,3.937,1.746,3.942,1.741,-0.096,-0.049, 0.015,0.198,0.000,0.019, 0.521, 0.313,-0.015;
0.366,1.884,-0.398,1.895,-0.409,-0.096,-0.049, 0.029,0.000,0.000,1.168, 0.516, 0.321,-0.029;
0.378,6.000,-0.393,6.006,-0.398,-0.094,-0.047, 0.014,0.193,0.193,-1.251, 0.508, 0.326,-0.014;
0.389,6.066,-0.421,6.072,-0.426,-0.092,-0.045, 0.014,0.196,0.196,0.000, 0.501, 0.331,-0.014;
0.400,4.018,1.658,4.023,1.652,-0.089,-0.045, 0.014,0.201,0.000,0.000, 0.494, 0.339,-0.014;
0.412,5.967,-0.484,5.972,-0.489,-0.087,-0.042, 0.015,0.190,0.190,0.018, 0.486, 0.344,-0.015;
0.423,4.041,1.691,4.052,1.680,-0.085,-0.042, 0.029,0.204,0.000,1.343, 0.479, 0.351,-0.029;
0.434,6.285,-0.535,6.291,-0.540,-0.083,-0.040, 0.015,0.204,0.204,-1.346, 0.471, 0.355,-0.015;
0.445,6.016,-0.570,6.021,-0.575,-0.080,-0.038, 0.014,0.192,0.192,-0.018, 0.463, 0.360,-0.014;
0.466,4.246,-0.645,4.251,-0.650,-0.078,-0.036, 0.014,0.108,0.108,0.000, 0.450, 0.370,-0.014;
0.478,5.993,-0.645,5.998,-0.651,-0.076,-0.033, 0.014,0.190,0.190,0.000, 0.442, 0.374,-0.014;
0.489,8.240,1.598,8.250,1.587,-0.071,-0.031, 0.029,0.397,0.199,1.326, 0.431, 0.379,-0.029;
0.501,6.041,-0.606,6.052,-0.617,-0.069,-0.029, 0.029,0.192,0.192,0.000, 0.422, 0.383,-0.029;
0.512,6.126,-0.630,6.136,-0.641,-0.067,-0.027, 0.029,0.196,0.196,-0.037, 0.414, 0.387,-0.029;
0.523,10.361,-0.670,10.366,-0.675,-0.062,-0.022, 0.015,0.395,0.395,-1.264, 0.403, 0.389,-0.015;
0.535,5.990,-0.766,5.996,-0.771,-0.060,-0.020, 0.014,0.191,0.191,-0.018, 0.394, 0.393,-0.014;
0.547,7.678,1.279,7.689,1.269,-0.056,-0.018, 0.029,0.363,0.182,1.213, 0.382, 0.397,-0.029;
0.558,6.230,-0.722,6.241,-0.733,-0.054,-0.016, 0.029,0.202,0.202,-0.039, 0.373, 0.400,-0.029;
0.569,8.368,1.492,8.379,1.481,-0.049,-0.013, 0.029,0.408,0.204,0.039, 0.362, 0.403,-0.029;
0.581,9.700,-0.803,9.705,-0.808,-0.045,-0.009, 0.015,0.366,0.366,-1.206, 0.350, 0.405,-0.015;
0.592,6.221,-0.793,6.231,-0.803,-0.042,-0.007, 0.029,0.203,0.203,1.299, 0.341, 0.408,-0.029;
0.603,8.297,1.411,8.308,1.400,-0.038,-0.004, 0.029,0.405,0.203,0.039, 0.330, 0.411,-0.029;
0.625,5.169,0.217,5.180,0.206,-0.033,-0.002, 0.029,0.208,0.104,0.000, 0.311, 0.418,-0.029;
0.636,8.241,-3.054,8.247,-3.060,-0.031, 0.002, 0.014,0.199,0.398,-1.328, 0.302, 0.418,-0.014;
0.648,7.879,1.178,7.890,1.167,-0.027, 0.004, 0.029,0.381,0.190,1.272, 0.289, 0.421,-0.029;
0.660,7.838,1.147,7.849,1.136,-0.022, 0.007, 0.029,0.379,0.189,0.000, 0.277, 0.424,-0.029;
0.671,6.025,-0.949,6.035,-0.960,-0.020, 0.009, 0.029,0.197,0.197,0.000, 0.267, 0.426,-0.029;
0.683,9.879,-0.992,9.884,-0.997,-0.016, 0.013, 0.015,0.379,0.379,-1.248, 0.255, 0.426,-0.015;
0.695,7.463,0.960,7.474,0.950,-0.011, 0.016, 0.029,0.358,0.179,1.179, 0.241, 0.428,-0.029;
0.707,5.975,-1.009,5.985,-1.020,-0.009, 0.018, 0.029,0.197,0.197,0.000, 0.231, 0.430,-0.029;
0.718,8.227,1.213,8.238,1.203,-0.004, 0.020, 0.029,0.408,0.204,0.000, 0.219, 0.432,-0.029;
0.729,8.017,1.120,8.028,1.109, 0.000, 0.022, 0.029,0.396,0.198,0.000, 0.207, 0.433,-0.029;
0.740,10.521,-1.078,10.526,-1.084, 0.004, 0.027, 0.015,0.413,0.413,-1.340, 0.194, 0.432,-0.015;
0.751,8.195,1.040,8.200,1.035, 0.009, 0.029, 0.015,0.409,0.204,0.000, 0.182, 0.433,-0.015;
0.772,3.929,-1.180,3.940,-1.191, 0.011, 0.031, 0.029,0.105,0.105,0.681, 0.164, 0.437,-0.029;
0.784,7.691,0.939,7.702,0.928, 0.016, 0.033, 0.029,0.380,0.190,0.000, 0.151, 0.438,-0.029;
0.796,7.346,0.798,7.357,0.787, 0.020, 0.036, 0.029,0.360,0.180,0.000, 0.137, 0.439,-0.029;
0.808,9.563,-1.202,9.568,-1.207, 0.025, 0.040, 0.015,0.373,0.373,-1.210, 0.124, 0.437,-0.015;
0.820,5.516,-1.284,5.521,-1.289, 0.027, 0.042, 0.015,0.184,0.184,-0.018, 0.113, 0.438,-0.015;
0.832,7.653,0.768,7.658,0.763, 0.031, 0.045, 0.015,0.382,0.191,0.000, 0.099, 0.438,-0.015;
0.843,7.859,0.832,7.864,0.827, 0.036, 0.047, 0.015,0.397,0.198,0.019, 0.086, 0.438,-0.015;
0.855,7.658,0.869,7.669,0.858, 0.040, 0.049, 0.030,0.386,0.193,1.291, 0.073, 0.438,-0.030;
0.866,7.900,-3.425,7.905,-3.431, 0.042, 0.054, 0.015,0.199,0.398,-1.351, 0.062, 0.435,-0.015;
0.877,7.786,0.797,7.791,0.791, 0.047, 0.056, 0.015,0.397,0.198,0.020, 0.049, 0.435,-0.015;
0.888,7.996,0.864,8.001,0.858, 0.051, 0.058, 0.015,0.412,0.206,0.000, 0.036, 0.434,-0.015;
0.899,5.702,-1.378,5.708,-1.383, 0.054, 0.060, 0.015,0.201,0.201,-0.020, 0.025, 0.433,-0.015;
0.912,6.771,0.527,6.782,0.516, 0.058, 0.062, 0.030,0.338,0.169,1.147, 0.011, 0.433,-0.030;
0.921,12.098,-1.289,12.103,-1.294, 0.062, 0.067, 0.015,0.503,0.503,-1.682,-0.001, 0.429,-0.015;
0.942,3.561,-1.447,3.567,-1.453, 0.065, 0.069, 0.015,0.105,0.105,0.000,-0.020, 0.429,-0.015;
0.954,7.605,0.712,7.610,0.706, 0.069, 0.071, 0.015,0.396,0.198,0.000,-0.033, 0.427,-0.015;
0.965,5.463,-1.439,5.469,-1.445, 0.071, 0.074, 0.015,0.196,0.196,0.000,-0.044, 0.426,-0.015;
0.977,9.042,-1.388,9.047,-1.393, 0.076, 0.078, 0.015,0.366,0.366,0.000,-0.058, 0.422,-0.015;
0.991,6.310,0.268,6.315,0.262, 0.080, 0.080, 0.015,0.320,0.160,0.000,-0.073, 0.420,-0.015;
1.003,7.410,0.654,7.416,0.649, 0.085, 0.083, 0.015,0.392,0.196,0.020,-0.087, 0.417,-0.015;
1.014,7.340,-3.613,7.340,-3.613, 0.087, 0.087, 0.000,0.194,0.389,-1.319,-0.098, 0.413, 0.000;
1.026,7.110,0.454,7.110,0.454, 0.092, 0.089, 0.000,0.376,0.188,0.000,-0.112, 0.410, 0.000;
1.038,5.194,-1.481,5.199,-1.487, 0.094, 0.092, 0.015,0.193,0.193,1.289,-0.123, 0.408,-0.015;
1.049,7.405,0.678,7.411,0.672, 0.098, 0.094, 0.015,0.399,0.200,0.000,-0.136, 0.405,-0.015;
1.060,9.105,-1.558,9.105,-1.558, 0.103, 0.098, 0.000,0.381,0.381,-1.272,-0.150, 0.400, 0.000;
1.071,5.399,-1.566,5.399,-1.566, 0.105, 0.100, 0.000,0.208,0.208,0.000,-0.161, 0.396, 0.000;
1.082,9.536,-1.702,9.530,-1.697, 0.109, 0.105,-0.015,0.405,0.405,-1.375,-0.174, 0.391, 0.015;
1.093,5.089,-1.566,5.089,-1.566, 0.112, 0.107, 0.000,0.197,0.197,1.339,-0.185, 0.387, 0.000;
1.105,6.946,0.466,6.946,0.466, 0.116, 0.109, 0.000,0.381,0.191,0.000,-0.198, 0.384, 0.000;
1.127,4.097,-2.741,4.091,-2.736, 0.118, 0.114,-0.015,0.105,0.209,-0.710,-0.217, 0.376, 0.015;
1.139,6.718,0.419,6.718,0.419, 0.123, 0.116, 0.000,0.373,0.186,1.265,-0.231, 0.372, 0.000;
1.151,4.468,-1.564,4.468,-1.564, 0.125, 0.118, 0.000,0.176,0.176,0.000,-0.243, 0.368, 0.000;
1.164,6.380,-3.567,6.375,-3.561, 0.127, 0.123,-0.015,0.180,0.360,-1.221,-0.254, 0.361, 0.015;
1.174,9.475,-1.689,9.470,-1.684, 0.132, 0.127,-0.015,0.416,0.416,0.000,-0.267, 0.354, 0.015;
1.186,4.732,-1.614,4.726,-1.608, 0.134, 0.129,-0.015,0.195,0.195,0.000,-0.278, 0.349, 0.015;
1.198,6.490,-3.626,6.484,-3.620, 0.136, 0.134,-0.015,0.187,0.375,0.000,-0.289, 0.342, 0.015;
1.209,4.701,-1.594,4.695,-1.588, 0.138, 0.136,-0.015,0.197,0.197,0.000,-0.300, 0.337, 0.015;
1.221,6.342,-3.580,6.337,-3.575, 0.141, 0.141,-0.015,0.185,0.371,0.000,-0.311, 0.330, 0.015;
1.233,6.246,-3.657,6.235,-3.646, 0.143, 0.145,-0.030,0.185,0.371,-1.257,-0.322, 0.322, 0.030;
1.246,4.003,-1.546,3.997,-1.541, 0.145, 0.147,-0.015,0.171,0.171,1.160,-0.334, 0.316, 0.015;
1.258,6.187,-3.530,6.181,-3.524, 0.147, 0.152,-0.015,0.185,0.369,0.000,-0.345, 0.308, 0.015;
1.270,6.187,-3.637,6.176,-3.626, 0.150, 0.156,-0.030,0.188,0.376,-1.274,-0.355, 0.299, 0.030;
1.282,6.133,-3.620,6.122,-3.609, 0.152, 0.161,-0.030,0.188,0.375,0.000,-0.366, 0.291, 0.030;
1.294,4.024,-1.482,4.019,-1.476, 0.154, 0.163,-0.015,0.181,0.181,1.226,-0.377, 0.285, 0.015;
1.305,6.909,-3.898,6.898,-3.887, 0.156, 0.167,-0.030,0.215,0.430,-1.457,-0.387, 0.276, 0.030;
1.316,6.292,-3.673,6.281,-3.662, 0.158, 0.172,-0.030,0.197,0.394,0.000,-0.397, 0.268, 0.030;
1.328,5.838,-3.502,5.827,-3.491, 0.161, 0.176,-0.030,0.184,0.368,0.000,-0.407, 0.259, 0.030;
1.339,6.387,-3.698,6.376,-3.687, 0.163, 0.181,-0.030,0.203,0.406,0.000,-0.417, 0.250, 0.030;
1.351,6.106,-3.704,6.089,-3.687, 0.165, 0.185,-0.046,0.197,0.395,-1.400,-0.427, 0.241, 0.046;
1.362,5.717,-3.554,5.701,-3.537, 0.167, 0.190,-0.046,0.187,0.374,0.000,-0.437, 0.231, 0.046;
1.374,3.830,-5.679,3.814,-5.662, 0.167, 0.194,-0.045,0.000,0.397,0.062,-0.444, 0.222, 0.045;
1.396,2.860,-2.486,2.838,-2.464, 0.170, 0.199,-0.061,0.101,0.202,-0.683,-0.461, 0.208, 0.061;
1.400,15.154,-7.438,15.132,-7.416, 0.172, 0.203,-0.061,0.495,0.990,-0.206,-0.466, 0.201, 0.061;
1.410,6.572,-3.973,6.550,-3.950, 0.174, 0.208,-0.061,0.222,0.444,0.000,-0.475, 0.192, 0.061;
1.432,1.620,-3.462,1.598,-3.439, 0.174, 0.212,-0.061,0.000,0.207,0.043,-0.488, 0.177, 0.061;
1.444,5.503,-3.508,5.481,-3.486, 0.176, 0.217,-0.061,0.192,0.384,0.000,-0.497, 0.167, 0.061;
1.457,4.769,-3.299,4.741,-3.271, 0.179, 0.221,-0.077,0.172,0.343,-1.249,-0.507, 0.156, 0.077;
1.469,5.042,-3.408,5.014,-3.380, 0.181, 0.225,-0.077,0.182,0.364,0.000,-0.517, 0.145, 0.077;
1.481,3.062,-5.331,3.035,-5.303, 0.181, 0.230,-0.076,0.000,0.380,0.099,-0.523, 0.134, 0.076;
1.492,5.496,-3.569,5.467,-3.541, 0.183, 0.234,-0.077,0.200,0.400,-0.104,-0.532, 0.124, 0.077;
1.504,2.955,-5.249,2.927,-5.222, 0.183, 0.239,-0.076,0.000,0.379,0.098,-0.539, 0.113, 0.076;
1.515,6.774,-5.577,6.740,-5.543, 0.185, 0.246,-0.092,0.188,0.564,-1.383,-0.547, 0.099, 0.092;
1.528,4.633,-3.247,4.600,-3.213, 0.187, 0.250,-0.092,0.179,0.358,0.000,-0.556, 0.088, 0.092;
1.539,2.856,-5.353,2.822,-5.319, 0.187, 0.254,-0.092,0.000,0.394,0.000,-0.562, 0.077, 0.092;
1.551,4.762,-3.269,4.729,-3.235, 0.190, 0.259,-0.092,0.187,0.373,0.000,-0.571, 0.065, 0.092;
1.564,2.331,-4.651,2.303,-4.623, 0.190, 0.263,-0.077,0.000,0.344,1.177,-0.577, 0.053, 0.077;
1.576,4.409,-7.253,4.375,-7.219, 0.190, 0.270,-0.091,0.000,0.571,-1.184,-0.583, 0.039, 0.091;
1.588,4.690,-3.170,4.656,-3.136, 0.192, 0.275,-0.092,0.189,0.379,-0.118,-0.591, 0.027, 0.092;
1.599,2.454,-4.968,2.420,-4.934, 0.192, 0.279,-0.092,0.000,0.380,0.000,-0.596, 0.015, 0.092;
1.611,6.487,-5.467,6.447,-5.428, 0.194, 0.286,-0.107,0.193,0.580,-1.320,-0.604, 0.001, 0.107;
1.622,2.531,-5.233,2.492,-5.193, 0.194, 0.290,-0.107,0.000,0.408,0.000,-0.609,-0.010, 0.107;
1.633,4.750,-3.205,4.711,-3.166, 0.196, 0.295,-0.107,0.200,0.400,0.000,-0.616,-0.022, 0.107;
1.645,4.124,-7.247,4.085,-7.207, 0.196, 0.301,-0.107,0.000,0.587,0.000,-0.620,-0.036, 0.107;
1.656,2.279,-4.968,2.240,-4.929, 0.196, 0.306,-0.107,0.000,0.398,0.000,-0.625,-0.048, 0.107;
1.678,1.560,-1.664,1.520,-1.624, 0.199, 0.310,-0.109,0.102,0.204,-0.076,-0.636,-0.068, 0.109;
1.682,13.110,-18.934,13.065,-18.889, 0.199, 0.317,-0.122,0.000,1.580,-3.190,-0.638,-0.077, 0.122;
1.692,2.642,-5.477,2.603,-5.437, 0.199, 0.321,-0.107,0.000,0.454,1.543,-0.641,-0.089, 0.107;
1.713,1.449,-1.531,1.409,-1.491, 0.201, 0.326,-0.109,0.104,0.207,-0.077,-0.651,-0.108, 0.109;
1.725,3.723,-7.051,3.677,-7.005, 0.201, 0.333,-0.124,0.000,0.593,-1.366,-0.655,-0.123, 0.124;
1.736,1.911,-4.619,1.872,-4.580, 0.201, 0.337,-0.107,0.000,0.396,1.514,-0.658,-0.135, 0.107;
1.747,5.726,-4.945,5.681,-4.899, 0.203, 0.344,-0.124,0.192,0.575,-1.467,-0.664,-0.151, 0.124;
1.759,1.735,-4.547,1.689,-4.501, 0.203, 0.348,-0.124,0.000,0.396,0.000,-0.668,-0.163, 0.124;
1.770,3.455,-6.918,3.404,-6.868, 0.203, 0.355,-0.138,0.000,0.597,-1.180,-0.671,-0.178, 0.138;
1.781,1.784,-4.620,1.739,-4.575, 0.203, 0.359,-0.122,0.000,0.412,1.396,-0.674,-0.191, 0.122;
1.792,5.955,-5.156,5.904,-5.105, 0.205, 0.366,-0.140,0.205,0.614,-1.581,-0.679,-0.205, 0.140;
1.804,1.301,-4.039,1.255,-3.993, 0.205, 0.371,-0.124,0.000,0.372,1.281,-0.682,-0.219, 0.124;
1.815,3.341,-6.811,3.291,-6.760, 0.205, 0.377,-0.138,0.000,0.607,-1.200,-0.684,-0.234, 0.138;
1.836,0.940,-1.022,0.889,-0.971, 0.208, 0.382,-0.140,0.106,0.212,-0.101,-0.691,-0.254, 0.140;
1.848,2.651,-5.962,2.600,-5.911, 0.208, 0.388,-0.140,0.000,0.548,0.000,-0.693,-0.270, 0.140;
1.860,1.103,-3.913,1.051,-3.862, 0.208, 0.393,-0.140,0.000,0.382,0.000,-0.695,-0.283, 0.140;
1.871,2.798,-6.168,2.747,-6.117, 0.208, 0.400,-0.140,0.000,0.575,0.000,-0.697,-0.299, 0.140;
1.883,0.970,-3.736,0.920,-3.685, 0.208, 0.404,-0.138,0.000,0.378,0.180,-0.699,-0.313, 0.138;
1.894,3.427,-2.085,3.376,-2.033, 0.210, 0.408,-0.140,0.197,0.394,-0.187,-0.703,-0.326, 0.140;
1.906,2.643,-5.988,2.592,-5.937, 0.210, 0.415,-0.140,0.000,0.575,0.000,-0.704,-0.342, 0.140;
1.918,0.839,-3.596,0.787,-3.545, 0.210, 0.420,-0.140,0.000,0.381,0.000,-0.706,-0.355, 0.140;
1.930,2.095,-5.397,2.038,-5.340, 0.210, 0.426,-0.155,0.000,0.534,-1.219,-0.707,-0.372, 0.155;
1.942,2.955,-1.708,2.904,-1.656, 0.212, 0.431,-0.140,0.188,0.377,1.290,-0.710,-0.385, 0.140;
1.953,2.510,-5.980,2.453,-5.923, 0.212, 0.437,-0.155,0.000,0.592,-1.352,-0.711,-0.401, 0.155;
1.964,0.898,-3.704,0.846,-3.653, 0.212, 0.442,-0.140,0.000,0.411,1.407,-0.711,-0.414, 0.140;
1.976,2.471,-5.929,2.414,-5.872, 0.212, 0.449,-0.155,0.000,0.598,-1.366,-0.712,-0.429, 0.155;
1.987,2.912,-1.598,2.854,-1.541, 0.214, 0.453,-0.157,0.194,0.388,-0.211,-0.714,-0.443, 0.157;
1.998,2.246,-5.648,2.189,-5.591, 0.214, 0.460,-0.155,0.000,0.585,0.212,-0.714,-0.459, 0.155;
2.010,0.518,-3.278,0.461,-3.221, 0.214, 0.464,-0.155,0.000,0.396,0.000,-0.714,-0.472, 0.155;
2.032,-0.381,-2.077,-0.444,-2.015, 0.214, 0.471,-0.170,0.000,0.306,-0.695,-0.714,-0.496, 0.170;
2.042,0.594,-3.389,0.537,-3.332, 0.214, 0.475,-0.155,0.000,0.418,1.424,-0.713,-0.509, 0.155;
2.054,2.749,-1.301,2.691,-1.243, 0.217, 0.480,-0.157,0.197,0.395,-0.214,-0.715,-0.522, 0.157;
2.065,1.808,-5.197,1.744,-5.134, 0.217, 0.487,-0.173,0.000,0.574,-1.324,-0.714,-0.538, 0.173;
2.076,0.281,-2.966,0.224,-2.909, 0.217, 0.491,-0.155,0.000,0.398,1.593,-0.713,-0.551, 0.155;
2.089,1.492,-4.722,1.430,-4.659, 0.217, 0.498,-0.170,0.000,0.547,-1.242,-0.712,-0.567, 0.170;
2.101,-0.220,-2.268,-0.277,-2.211, 0.217, 0.502,-0.155,0.000,0.352,1.201,-0.710,-0.582, 0.155;
2.113,3.817,-3.143,3.753,-3.079, 0.219, 0.509,-0.173,0.187,0.561,-1.497,-0.711,-0.597, 0.173;
2.125,0.011,-2.644,-0.053,-2.581, 0.219, 0.513,-0.173,0.000,0.394,0.000,-0.709,-0.611, 0.173;
2.136,1.554,-4.953,1.485,-4.884, 0.219, 0.520,-0.188,0.000,0.585,-1.341,-0.707,-0.626, 0.188;
2.147,-0.007,-2.609,-0.070,-2.546, 0.219, 0.525,-0.170,0.000,0.401,1.619,-0.705,-0.639, 0.170;
2.158,2.402,-0.796,2.338,-0.732, 0.221, 0.529,-0.173,0.200,0.400,-0.237,-0.706,-0.652, 0.173;
2.170,1.435,-4.660,1.371,-4.597, 0.221, 0.536,-0.173,0.000,0.578,0.000,-0.703,-0.668, 0.173;
2.182,-0.280,-2.213,-0.343,-2.150, 0.221, 0.540,-0.173,0.000,0.385,0.000,-0.701,-0.681, 0.173;
2.203,-0.989,-1.194,-1.058,-1.125, 0.221, 0.547,-0.188,0.000,0.312,-0.716,-0.696,-0.704, 0.188;
2.215,-0.563,-1.794,-0.627,-1.730, 0.221, 0.551,-0.173,0.000,0.364,1.254,-0.693,-0.717, 0.173;
2.220,4.311,-8.719,4.248,-8.656, 0.221, 0.556,-0.173,0.000,0.929,0.000,-0.691,-0.725, 0.173;
2.230,4.789,-3.534,4.726,-3.471, 0.223, 0.562,-0.173,0.224,0.671,0.000,-0.691,-0.739, 0.173;
2.251,-2.023,0.307,-2.086,0.371, 0.223, 0.567,-0.173,0.000,0.210,0.000,-0.685,-0.759, 0.173;
2.264,0.826,-3.736,0.762,-3.672, 0.223, 0.574,-0.173,0.000,0.544,0.000,-0.681,-0.775, 0.173;
2.275,-0.630,-1.653,-0.694,-1.589, 0.223, 0.578,-0.173,0.000,0.380,0.000,-0.677,-0.788, 0.173;
2.287,-0.651,-1.612,-0.715,-1.548, 0.223, 0.583,-0.173,0.000,0.381,0.000,-0.673,-0.800, 0.173;
2.299,0.860,-3.834,0.791,-3.765, 0.223, 0.589,-0.188,0.000,0.566,-1.299,-0.669,-0.816, 0.188;
2.312,-1.123,-0.920,-1.187,-0.857, 0.223, 0.594,-0.173,0.000,0.337,1.158,-0.664,-0.829, 0.173;
2.323,-0.401,-1.931,-0.464,-1.868, 0.223, 0.598,-0.173,0.000,0.423,0.000,-0.660,-0.841, 0.173;
2.335,-0.920,-1.179,-0.983,-1.115, 0.223, 0.603,-0.173,0.000,0.367,0.000,-0.656,-0.854, 0.173;
2.347,-0.995,-1.058,-1.059,-0.994, 0.223, 0.607,-0.176,0.000,0.363,-0.222,-0.651,-0.866, 0.176;
2.359,-3.198,-2.972,-3.262,-2.909, 0.221, 0.612,-0.173,-0.193,0.387,0.237,-0.644,-0.879, 0.173;
2.370,0.925,-3.750,0.862,-3.687, 0.221, 0.618,-0.173,0.000,0.591,0.000,-0.639,-0.893, 0.173;
2.381,-0.839,-1.230,-0.909,-1.160, 0.221, 0.623,-0.191,0.000,0.393,-1.614,-0.634,-0.905, 0.191;
2.393,-3.262,-3.029,-3.325,-2.966, 0.219, 0.627,-0.173,-0.201,0.401,1.648,-0.627,-0.916, 0.173;
2.404,-0.901,-1.095,-0.965,-1.032, 0.219, 0.632,-0.173,0.000,0.391,0.000,-0.621,-0.928, 0.173;
2.415,-0.830,-1.181,-0.895,-1.117, 0.219, 0.636,-0.176,0.000,0.402,-0.246,-0.616,-0.940, 0.176;
2.426,-3.317,-2.997,-3.381,-2.933, 0.217, 0.641,-0.173,-0.205,0.410,0.251,-0.609,-0.951, 0.173;
2.438,-3.400,-2.530,-3.463,-2.467, 0.214, 0.645,-0.173,-0.193,0.386,0.000,-0.601,-0.962, 0.173;
2.459,-2.560,1.382,-2.625,1.446, 0.214, 0.650,-0.176,0.000,0.212,-0.130,-0.590,-0.979, 0.176;
2.470,-3.469,-2.328,-3.532,-2.265, 0.212, 0.654,-0.173,-0.191,0.382,0.234,-0.582,-0.991, 0.173;
2.482,-2.814,1.794,-2.879,1.859, 0.212, 0.656,-0.176,0.000,0.187,-0.229,-0.575,-1.000, 0.176;
2.494,-3.517,-2.188,-3.581,-2.124, 0.210, 0.661,-0.176,-0.190,0.381,0.000,-0.567,-1.011, 0.176;
2.505,-3.453,-2.667,-3.517,-2.603, 0.208, 0.665,-0.173,-0.206,0.412,0.252,-0.558,-1.021, 0.173;
2.516,-3.508,-2.364,-3.572,-2.300, 0.205, 0.670,-0.173,-0.199,0.398,0.000,-0.550,-1.032, 0.173;
2.527,-5.254,0.083,-5.318,0.147, 0.203, 0.672,-0.173,-0.202,0.202,0.000,-0.541,-1.040, 0.173;
2.538,-3.509,-2.447,-3.573,-2.383, 0.201, 0.676,-0.173,-0.204,0.409,0.000,-0.533,-1.050, 0.173;
2.549,-1.094,-0.494,-1.159,-0.430, 0.201, 0.681,-0.176,0.000,0.399,-0.244,-0.526,-1.061, 0.176;
2.561,-5.279,0.397,-5.344,0.462, 0.199, 0.683,-0.176,-0.195,0.195,0.000,-0.517,-1.069, 0.176;
2.582,-6.288,1.371,-6.352,1.435, 0.194, 0.685,-0.173,-0.214,0.107,0.131,-0.500,-1.081, 0.173;
2.594,-3.703,-1.312,-3.767,-1.249, 0.192, 0.690,-0.173,-0.177,0.355,0.000,-0.490,-1.091, 0.173;
2.605,-5.382,0.164,-5.447,0.229, 0.190, 0.692,-0.176,-0.214,0.214,-0.262,-0.481,-1.099, 0.176;
2.616,-7.639,-0.935,-7.703,-0.872, 0.185, 0.694,-0.173,-0.379,0.190,0.232,-0.469,-1.106, 0.173;
2.629,-5.273,0.926,-5.336,0.989, 0.183, 0.696,-0.173,-0.182,0.182,0.000,-0.458,-1.114, 0.173;
2.640,-5.336,0.657,-5.395,0.715, 0.181, 0.699,-0.160,-0.193,0.193,1.121,-0.449,-1.121, 0.160;
2.652,-6.008,-3.134,-6.072,-3.070, 0.176, 0.703,-0.173,-0.380,0.380,-1.101,-0.436,-1.130, 0.173;
2.664,-5.292,1.063,-5.356,1.128, 0.174, 0.705,-0.176,-0.183,0.183,-0.224,-0.426,-1.137, 0.176;
2.676,-7.740,-0.840,-7.803,-0.777, 0.170, 0.708,-0.173,-0.389,0.194,0.238,-0.414,-1.144, 0.173;
2.687,-7.629,-0.594,-7.692,-0.531, 0.165, 0.710,-0.173,-0.375,0.188,0.000,-0.401,-1.151, 0.173;
2.698,-5.347,0.848,-5.418,0.919, 0.163, 0.712,-0.191,-0.203,0.203,-1.666,-0.391,-1.157, 0.191;
2.710,-9.495,1.629,-9.559,1.693, 0.158, 0.712,-0.173,-0.395,0.000,1.622,-0.379,-1.161, 0.173;
2.721,-7.819,-0.854,-7.883,-0.791, 0.154, 0.714,-0.173,-0.401,0.200,0.000,-0.366,-1.167, 0.173;
2.732,-7.841,-0.861,-7.905,-0.798, 0.150, 0.716,-0.173,-0.404,0.202,0.000,-0.354,-1.173, 0.173;
2.743,-9.532,1.579,-9.590,1.637, 0.145, 0.716,-0.157,-0.397,0.000,1.375,-0.341,-1.176, 0.157;
2.765,-6.259,2.124,-6.323,2.187, 0.141, 0.719,-0.173,-0.209,0.104,-0.723,-0.321,-1.185, 0.173;
2.776,-9.424,1.733,-9.481,1.791, 0.136, 0.719,-0.157,-0.390,0.000,1.350,-0.308,-1.188, 0.157;
2.789,-7.402,0.031,-7.466,0.094, 0.132, 0.721,-0.173,-0.355,0.177,-1.227,-0.295,-1.194, 0.173;
2.801,-9.035,2.071,-9.092,2.129, 0.127, 0.721,-0.157,-0.360,0.000,1.246,-0.281,-1.197, 0.157;
2.813,-7.567,-0.250,-7.631,-0.187, 0.123, 0.723,-0.173,-0.378,0.189,-1.308,-0.268,-1.202, 0.173;
2.824,-11.627,0.243,-11.684,0.301, 0.116, 0.723,-0.157,-0.575,0.000,1.325,-0.252,-1.204, 0.157;
2.836,-9.329,1.804,-9.381,1.856, 0.112, 0.723,-0.142,-0.385,0.000,1.339,-0.239,-1.207, 0.142;
2.849,-7.322,0.111,-7.380,0.169, 0.107, 0.725,-0.157,-0.353,0.176,-1.227,-0.225,-1.211, 0.157;
2.860,-12.105,-0.081,-12.162,-0.024, 0.100, 0.725,-0.155,-0.618,0.000,0.223,-0.210,-1.213, 0.155;
2.871,-9.228,1.936,-9.280,1.988, 0.096, 0.725,-0.142,-0.381,0.000,1.118,-0.196,-1.215, 0.142;
2.884,-10.840,0.713,-10.891,0.765, 0.089, 0.725,-0.140,-0.516,0.000,0.169,-0.180,-1.217, 0.140;
2.897,-8.899,2.185,-8.950,2.236, 0.085, 0.725,-0.140,-0.357,0.000,0.000,-0.166,-1.219, 0.140;
2.908,-9.330,1.884,-9.382,1.936, 0.080, 0.725,-0.142,-0.395,0.000,-0.194,-0.152,-1.220, 0.142;
2.920,-11.153,0.504,-11.205,0.555, 0.074, 0.725,-0.140,-0.548,0.000,0.179,-0.136,-1.221, 0.140;
2.932,-9.186,1.884,-9.231,1.930, 0.069, 0.725,-0.124,-0.383,0.000,1.318,-0.123,-1.223, 0.124;
2.944,-9.157,1.920,-9.203,1.966, 0.065, 0.725,-0.126,-0.383,0.000,-0.168,-0.109,-1.223, 0.126;
2.954,-9.533,1.633,-9.579,1.680, 0.060, 0.725,-0.126,-0.416,0.000,0.000,-0.096,-1.224, 0.126;
2.965,-11.679,-0.047,-11.725,-0.001, 0.054, 0.725,-0.124,-0.599,0.000,0.175,-0.081,-1.225, 0.124;
2.977,-9.165,1.910,-9.211,1.956, 0.049, 0.725,-0.124,-0.389,0.000,0.000,-0.067,-1.225, 0.124;
2.988,-11.245,4.024,-11.285,4.064, 0.045, 0.723,-0.109,-0.404,-0.202,1.394,-0.054,-1.223, 0.109;
3.009,-7.038,3.487,-7.078,3.527, 0.040, 0.723,-0.109,-0.211,0.000,0.000,-0.033,-1.223, 0.109;
3.020,-11.544,-0.132,-11.584,-0.092, 0.033, 0.723,-0.109,-0.597,0.000,0.000,-0.018,-1.223, 0.109;
3.032,-9.038,1.982,-9.084,2.028, 0.029, 0.723,-0.124,-0.389,0.000,-1.343,-0.004,-1.223, 0.124;
3.044,-10.383,4.253,-10.423,4.293, 0.025, 0.721,-0.109,-0.359,-0.179,1.239, 0.010,-1.220, 0.109;
3.056,-8.740,2.079,-8.779,2.119, 0.020, 0.721,-0.107,-0.365,0.000,0.136, 0.024,-1.219, 0.107;
3.068,-8.862,1.986,-8.902,2.026, 0.016, 0.721,-0.109,-0.378,0.000,-0.141, 0.038,-1.218, 0.109;
3.080,-10.596,4.077,-10.631,4.111, 0.011, 0.719,-0.093,-0.373,-0.187,1.292, 0.052,-1.215, 0.093;
3.092,-8.776,2.016,-8.816,2.056, 0.007, 0.719,-0.109,-0.376,0.000,-1.304, 0.065,-1.213, 0.109;
3.103,-10.828,4.026,-10.862,4.060, 0.002, 0.716,-0.093,-0.391,-0.195,1.354, 0.079,-1.210, 0.093;
3.115,-8.875,1.797,-8.909,1.831,-0.002, 0.716,-0.093,-0.387,0.000,0.000, 0.092,-1.208, 0.093;
3.126,-8.981,1.793,-9.020,1.832,-0.007, 0.716,-0.107,-0.401,0.000,-1.241, 0.105,-1.207, 0.107;
3.137,-11.018,3.972,-11.052,4.005,-0.011, 0.714,-0.092,-0.408,-0.204,1.391, 0.118,-1.203, 0.092;
3.148,-9.014,1.619,-9.047,1.653,-0.016, 0.714,-0.092,-0.407,0.000,0.000, 0.131,-1.201, 0.092;
3.159,-10.955,3.975,-10.989,4.009,-0.020, 0.712,-0.092,-0.408,-0.204,0.000, 0.144,-1.196, 0.092;
3.181,-6.451,5.649,-6.479,5.678,-0.022, 0.710,-0.078,-0.102,-0.102,0.643, 0.162,-1.190, 0.078;
3.193,-8.618,1.854,-8.653,1.889,-0.027, 0.710,-0.093,-0.384,0.000,-1.333, 0.176,-1.187, 0.093;
3.204,-10.525,3.910,-10.553,3.938,-0.031, 0.708,-0.077,-0.385,-0.193,1.441, 0.189,-1.182, 0.077;
3.216,-10.443,3.911,-10.471,3.939,-0.036, 0.705,-0.077,-0.383,-0.191,0.000, 0.202,-1.177, 0.077;
3.228,-8.473,1.776,-8.501,1.804,-0.040, 0.705,-0.077,-0.378,0.000,0.000, 0.215,-1.174, 0.077;
3.238,-11.044,3.746,-11.072,3.774,-0.045, 0.703,-0.077,-0.424,-0.212,0.000, 0.227,-1.168, 0.077;
3.249,-8.316,5.797,-8.345,5.825,-0.047, 0.701,-0.077,-0.199,-0.199,0.000, 0.238,-1.163, 0.077;
3.260,-10.697,3.658,-10.720,3.680,-0.051, 0.699,-0.061,-0.404,-0.202,1.384, 0.250,-1.157, 0.061;
3.271,-8.685,1.446,-8.713,1.474,-0.056, 0.699,-0.077,-0.409,0.000,-1.404, 0.263,-1.154, 0.077;
3.282,-10.550,3.814,-10.578,3.843,-0.060, 0.696,-0.077,-0.403,-0.201,0.000, 0.275,-1.148, 0.077;
3.293,-8.316,5.661,-8.338,5.684,-0.062, 0.694,-0.061,-0.202,-0.202,1.388, 0.285,-1.142, 0.061;
3.315,-7.391,4.461,-7.414,4.483,-0.067, 0.692,-0.061,-0.212,-0.106,0.000, 0.304,-1.132, 0.061;
3.327,-9.878,3.770,-9.900,3.792,-0.071, 0.690,-0.061,-0.367,-0.183,0.076, 0.317,-1.125, 0.061;
3.338,-8.117,5.618,-8.140,5.641,-0.074, 0.687,-0.061,-0.200,-0.200,-0.083, 0.327,-1.119, 0.061;
3.350,-10.032,3.682,-10.055,3.704,-0.078, 0.685,-0.061,-0.381,-0.191,0.079, 0.339,-1.112, 0.061;
3.363,-7.359,5.551,-7.381,5.573,-0.080, 0.683,-0.061,-0.169,-0.169,-0.070, 0.350,-1.104, 0.061;
3.374,-10.297,3.560,-10.319,3.582,-0.085, 0.681,-0.061,-0.403,-0.201,0.084, 0.362,-1.097, 0.061;
3.386,-7.710,5.550,-7.733,5.572,-0.087, 0.679,-0.061,-0.189,-0.189,-0.079, 0.372,-1.090, 0.061;
3.398,-9.418,3.741,-9.440,3.763,-0.092, 0.676,-0.061,-0.355,-0.177,0.074, 0.384,-1.082, 0.061;
3.410,-7.699,5.516,-7.721,5.539,-0.094, 0.674,-0.061,-0.193,-0.193,0.000, 0.394,-1.074, 0.061;
3.422,-7.592,5.501,-7.615,5.523,-0.096, 0.672,-0.061,-0.190,-0.190,-0.079, 0.403,-1.066, 0.061;
3.433,-11.823,5.555,-11.840,5.571,-0.100, 0.667,-0.045,-0.387,-0.387,1.389, 0.415,-1.056, 0.045;
3.446,-7.303,5.434,-7.325,5.456,-0.103, 0.665,-0.061,-0.181,-0.181,-1.223, 0.425,-1.048, 0.061;
3.457,-7.520,5.439,-7.542,5.462,-0.105, 0.663,-0.061,-0.193,-0.193,-0.080, 0.434,-1.039, 0.061;
3.468,-11.964,5.503,-11.981,5.520,-0.109, 0.658,-0.045,-0.400,-0.400,1.438, 0.445,-1.029, 0.045;
3.479,-7.689,5.284,-7.706,5.300,-0.112, 0.656,-0.045,-0.202,-0.202,0.000, 0.453,-1.021, 0.045;
3.492,-6.901,5.330,-6.923,5.352,-0.114, 0.654,-0.061,-0.171,-0.171,-1.156, 0.463,-1.012, 0.061;
3.504,-9.553,7.447,-9.570,7.464,-0.116, 0.650,-0.045,-0.199,-0.398,1.346, 0.472,-1.001, 0.045;
3.515,-7.530,5.206,-7.546,5.223,-0.118, 0.647,-0.045,-0.201,-0.201,0.000, 0.480,-0.993, 0.045;
3.527,-9.236,7.128,-9.247,7.139,-0.121, 0.643,-0.030,-0.188,-0.377,1.277, 0.489,-0.981, 0.030;
3.548,-5.373,5.040,-5.390,5.057,-0.123, 0.641,-0.045,-0.106,-0.106,-0.716, 0.502,-0.967, 0.045;
3.560,-8.702,6.910,-8.713,6.921,-0.125, 0.636,-0.031,-0.176,-0.351,1.154, 0.510,-0.955, 0.031;
3.564,-27.564,5.583,-27.575,5.594,-0.129, 0.632,-0.030,-1.147,-1.147,0.120, 0.517,-0.948, 0.030;
3.585,-5.383,4.870,-5.394,4.881,-0.132, 0.629,-0.030,-0.110,-0.110,0.022, 0.529,-0.933, 0.030;
3.597,-8.809,6.907,-8.820,6.918,-0.134, 0.625,-0.030,-0.184,-0.368,-0.037, 0.537,-0.921, 0.030;
3.609,-6.930,4.859,-6.941,4.870,-0.136, 0.623,-0.030,-0.188,-0.188,0.000, 0.545,-0.911, 0.030;
3.621,-6.750,8.813,-6.761,8.824,-0.136, 0.618,-0.030,0.000,-0.375,0.000, 0.550,-0.899, 0.030;
3.632,-10.886,4.746,-10.891,4.752,-0.141, 0.614,-0.015,-0.375,-0.375,1.291, 0.560,-0.887, 0.015;
3.645,-4.583,6.554,-4.594,6.566,-0.141, 0.612,-0.030,0.000,-0.175,-1.208, 0.565,-0.876, 0.030;
3.657,-8.894,6.696,-8.900,6.702,-0.143, 0.607,-0.015,-0.192,-0.384,1.303, 0.572,-0.864, 0.015;
3.669,-8.725,6.613,-8.730,6.619,-0.145, 0.603,-0.015,-0.188,-0.377,0.000, 0.579,-0.851, 0.015;
3.680,-6.789,4.545,-6.794,4.551,-0.147, 0.600,-0.015,-0.193,-0.193,0.000, 0.586,-0.841, 0.015;
3.692,-8.706,6.576,-8.711,6.582,-0.150, 0.596,-0.015,-0.191,-0.382,0.000, 0.592,-0.829, 0.015;
3.703,-8.697,6.554,-8.702,6.559,-0.152, 0.591,-0.015,-0.193,-0.385,0.000, 0.599,-0.816, 0.015;
3.716,-8.231,6.219,-8.231,6.219,-0.154, 0.587, 0.000,-0.177,-0.354,1.201, 0.605,-0.803, 0.000;
3.728,-8.338,6.230,-8.338,6.230,-0.156, 0.583, 0.000,-0.182,-0.364,0.000, 0.611,-0.790, 0.000;
3.740,-4.383,6.330,-4.388,6.336,-0.156, 0.580,-0.015,0.000,-0.189,-1.283, 0.615,-0.779, 0.015;
3.753,-7.980,6.219,-7.985,6.224,-0.158, 0.576,-0.015,-0.177,-0.355,0.000, 0.621,-0.765, 0.015;
3.764,-8.429,6.201,-8.429,6.201,-0.161, 0.571, 0.000,-0.190,-0.380,1.291, 0.627,-0.752, 0.000;
3.776,-6.440,8.273,-6.440,8.273,-0.161, 0.567, 0.000,0.000,-0.389,0.000, 0.630,-0.739, 0.000;
3.788,-8.368,6.126,-8.368,6.126,-0.163, 0.562, 0.000,-0.192,-0.384,0.000, 0.635,-0.726, 0.000;
3.799,-8.681,6.208,-8.681,6.208,-0.165, 0.558, 0.000,-0.203,-0.407,0.000, 0.640,-0.714, 0.000;
3.811,-5.920,7.793,-5.920,7.793,-0.165, 0.554, 0.000,0.000,-0.356,0.000, 0.643,-0.700, 0.000;
3.822,-8.575,6.120,-8.575,6.120,-0.167, 0.549, 0.000,-0.204,-0.407,0.000, 0.648,-0.687, 0.000;
3.833,-8.421,5.899,-8.416,5.893,-0.170, 0.545, 0.015,-0.198,-0.395,1.322, 0.653,-0.674,-0.015;
3.846,-5.929,7.637,-5.923,7.632,-0.170, 0.540, 0.015,0.000,-0.362,0.000, 0.655,-0.660,-0.015;
3.857,-8.387,5.828,-8.381,5.822,-0.172, 0.536, 0.015,-0.200,-0.400,0.000, 0.659,-0.647,-0.015;
3.868,-6.104,7.827,-6.098,7.821,-0.172, 0.531, 0.015,0.000,-0.389,0.000, 0.661,-0.634,-0.015;
3.890,-5.082,4.709,-5.077,4.704,-0.174, 0.527, 0.015,-0.102,-0.204,0.000, 0.667,-0.613,-0.015;
3.902,-5.723,7.479,-5.718,7.473,-0.174, 0.522, 0.015,0.000,-0.367,0.000, 0.668,-0.599,-0.015;
3.914,-8.052,5.592,-8.047,5.587,-0.176, 0.518, 0.015,-0.198,-0.396,0.000, 0.672,-0.585,-0.015;
3.925,-5.740,7.511,-5.735,7.505,-0.176, 0.513, 0.015,0.000,-0.379,0.000, 0.673,-0.572,-0.015;
3.939,-8.830,6.794,-8.819,6.783,-0.179, 0.507, 0.030,-0.167,-0.500,1.114, 0.676,-0.555,-0.030;
3.951,-5.476,7.085,-5.465,7.074,-0.179, 0.502, 0.030,0.000,-0.357,0.000, 0.677,-0.540,-0.030;
3.963,-7.499,5.283,-7.494,5.278,-0.181, 0.498, 0.015,-0.188,-0.376,-1.276, 0.680,-0.527,-0.015;
3.975,-5.624,7.243,-5.613,7.232,-0.181, 0.493, 0.030,0.000,-0.381,1.291, 0.680,-0.513,-0.030;
3.986,-5.501,7.300,-5.495,7.294,-0.181, 0.489, 0.015,0.000,-0.384,-1.284, 0.681,-0.499,-0.015;
3.998,-9.690,7.078,-9.679,7.067,-0.183, 0.482, 0.030,-0.193,-0.580,1.292, 0.683,-0.484,-0.030;
4.009,-5.581,7.207,-5.570,7.196,-0.183, 0.478, 0.030,0.000,-0.393,0.000, 0.683,-0.470,-0.030;
4.023,-4.776,6.448,-4.765,6.437,-0.183, 0.473, 0.030,0.000,-0.325,0.000, 0.683,-0.455,-0.030;
4.035,-7.326,8.627,-7.309,8.611,-0.183, 0.466, 0.045,0.000,-0.551,1.227, 0.682,-0.439,-0.045;
4.047,-7.156,4.798,-7.145,4.787,-0.185, 0.462, 0.030,-0.188,-0.376,-1.254, 0.684,-0.425,-0.030;
4.059,-5.089,6.749,-5.078,6.738,-0.185, 0.458, 0.030,0.000,-0.369,0.000, 0.683,-0.411,-0.030;
4.072,-4.811,6.484,-4.800,6.473,-0.185, 0.453, 0.030,0.000,-0.349,0.000, 0.682,-0.397,-0.030;
4.083,-9.547,6.647,-9.531,6.631,-0.187, 0.446, 0.044,-0.197,-0.592,1.259, 0.683,-0.381,-0.044;
4.095,-4.964,6.633,-4.953,6.622,-0.187, 0.442, 0.029,0.000,-0.374,-1.231, 0.682,-0.367,-0.029;
4.107,-7.475,8.772,-7.459,8.755,-0.187, 0.435, 0.045,0.000,-0.596,1.367, 0.681,-0.352,-0.045;
4.118,-4.949,6.448,-4.932,6.432,-0.187, 0.431, 0.045,0.000,-0.374,0.000, 0.679,-0.338,-0.045;
4.130,-4.872,6.374,-4.856,6.358,-0.187, 0.426, 0.045,0.000,-0.372,0.000, 0.677,-0.325,-0.045;
4.142,-8.796,6.160,-8.780,6.143,-0.190, 0.420, 0.044,-0.187,-0.560,-0.055, 0.677,-0.309,-0.044;
4.154,-5.039,6.534,-5.023,6.518,-0.190, 0.415, 0.044,0.000,-0.398,0.000, 0.675,-0.296,-0.044;
4.165,-7.354,8.650,-7.338,8.634,-0.190, 0.408, 0.044,0.000,-0.611,0.000, 0.673,-0.281,-0.044;
4.176,-4.907,6.404,-4.891,6.388,-0.190, 0.404, 0.044,0.000,-0.396,0.000, 0.671,-0.268,-0.044;
4.187,-7.104,8.194,-7.083,8.172,-0.190, 0.397, 0.060,0.000,-0.587,1.363, 0.668,-0.252,-0.060;
4.198,-4.848,6.325,-4.831,6.308,-0.190, 0.393, 0.045,0.000,-0.400,-1.332, 0.666,-0.239,-0.045;
4.220,-2.624,4.286,-2.607,4.269,-0.190, 0.388, 0.045,0.000,-0.207,0.000, 0.660,-0.219,-0.045;
4.232,-6.726,7.832,-6.704,7.810,-0.190, 0.382, 0.060,0.000,-0.570,1.267, 0.657,-0.204,-0.060;
4.245,-4.068,5.586,-4.051,5.569,-0.190, 0.377, 0.045,0.000,-0.346,-1.154, 0.653,-0.190,-0.045;
4.260,-5.237,6.489,-5.215,6.467,-0.190, 0.371, 0.060,0.000,-0.449,0.997, 0.649,-0.172,-0.060;
4.267,-9.807,4.711,-9.790,4.695,-0.192, 0.366, 0.044,-0.299,-0.598,-2.082, 0.649,-0.162,-0.044;
4.273,-8.661,16.815,-8.639,16.793,-0.190, 0.359, 0.060,0.360,-1.081,2.509, 0.644,-0.151,-0.060;
4.286,-5.729,3.392,-5.708,3.370,-0.192, 0.355, 0.059,-0.175,-0.350,-0.069, 0.642,-0.138,-0.059;
4.299,-5.807,6.981,-5.785,6.959,-0.192, 0.348, 0.059,0.000,-0.517,0.000, 0.638,-0.122,-0.059;
4.311,-6.220,7.338,-6.198,7.316,-0.192, 0.341, 0.059,0.000,-0.559,0.000, 0.633,-0.107,-0.059;
4.322,-4.260,5.587,-4.239,5.565,-0.192, 0.337, 0.059,0.000,-0.389,0.000, 0.629,-0.094,-0.059;
4.333,-6.789,7.637,-6.762,7.610,-0.192, 0.330, 0.073,0.000,-0.609,1.331, 0.625,-0.080,-0.073;
4.356,-2.008,3.554,-1.986,3.533,-0.192, 0.326, 0.059,0.000,-0.200,-0.658, 0.616,-0.061,-0.059;
4.358,-27.080,25.840,-27.059,25.818,-0.192, 0.319, 0.059,0.000,-2.427,0.000, 0.615,-0.052,-0.059;
4.369,-6.730,7.554,-6.703,7.527,-0.192, 0.312, 0.073,0.000,-0.618,1.351, 0.610,-0.038,-0.073;
4.391,-1.929,3.450,-1.908,3.429,-0.192, 0.308, 0.059,0.000,-0.207,-0.680, 0.601,-0.020,-0.059;
4.403,-5.950,6.847,-5.923,6.820,-0.192, 0.301, 0.073,0.000,-0.560,1.224, 0.595,-0.006,-0.073;
4.414,-6.161,7.022,-6.135,6.995,-0.192, 0.295, 0.072,0.000,-0.583,-0.092, 0.590, 0.008,-0.072;
4.426,-3.698,4.879,-3.672,4.853,-0.192, 0.290, 0.072,0.000,-0.371,0.000, 0.584, 0.020,-0.072;
4.439,-3.634,8.241,-3.607,8.214,-0.190, 0.283, 0.073,0.173,-0.519,0.082, 0.575, 0.035,-0.073;
4.451,-3.530,4.796,-3.508,4.774,-0.190, 0.279, 0.059,0.000,-0.370,-1.215, 0.569, 0.046,-0.059;
4.463,-5.882,6.714,-5.855,6.687,-0.190, 0.272, 0.073,0.000,-0.575,1.257, 0.563, 0.060,-0.073;
4.476,-5.313,6.200,-5.286,6.173,-0.190, 0.266, 0.073,0.000,-0.529,0.000, 0.557, 0.074,-0.073;
4.488,-5.650,6.324,-5.618,6.292,-0.190, 0.259, 0.088,0.000,-0.556,1.212, 0.550, 0.088,-0.088;
4.500,-3.389,4.506,-3.362,4.479,-0.190, 0.254, 0.073,0.000,-0.369,-1.207, 0.543, 0.099,-0.073;
4.512,-5.421,6.250,-5.394,6.223,-0.190, 0.248, 0.073,0.000,-0.551,0.000, 0.537, 0.112,-0.073;
4.524,-5.720,6.340,-5.688,6.307,-0.190, 0.241, 0.088,0.000,-0.574,1.252, 0.530, 0.125,-0.088;
4.536,-3.045,4.164,-3.018,4.137,-0.190, 0.237, 0.073,0.000,-0.351,-1.149, 0.523, 0.137,-0.073;
4.548,-5.615,6.372,-5.588,6.345,-0.190, 0.230, 0.073,0.000,-0.580,0.000, 0.516, 0.149,-0.073;
4.560,-5.146,5.811,-5.114,5.779,-0.190, 0.223, 0.088,0.000,-0.536,1.170, 0.508, 0.162,-0.088;
4.572,-3.162,4.224,-3.136,4.198,-0.190, 0.219, 0.072,0.000,-0.373,-1.310, 0.501, 0.173,-0.072;
4.584,-5.415,6.163,-5.388,6.136,-0.190, 0.212, 0.072,0.000,-0.575,0.000, 0.494, 0.185,-0.072;
4.596,-5.250,5.864,-5.218,5.832,-0.190, 0.205, 0.087,0.000,-0.557,1.198, 0.486, 0.197,-0.087;
4.608,-1.136,6.023,-1.109,5.996,-0.187, 0.201, 0.073,0.181,-0.362,-1.083, 0.476, 0.207,-0.073;
4.620,-5.006,5.738,-4.979,5.711,-0.187, 0.194, 0.073,0.000,-0.549,0.000, 0.468, 0.220,-0.073;
4.632,-5.539,6.035,-5.506,6.003,-0.187, 0.187, 0.088,0.000,-0.592,1.291, 0.461, 0.231,-0.088;
4.644,-4.902,5.475,-4.870,5.443,-0.187, 0.181, 0.088,0.000,-0.540,0.000, 0.453, 0.243,-0.088;
4.655,-3.220,4.141,-3.193,4.114,-0.187, 0.176, 0.073,0.000,-0.403,-1.318, 0.445, 0.252,-0.073;
4.666,-5.657,6.085,-5.625,6.053,-0.187, 0.170, 0.088,0.000,-0.612,1.336, 0.438, 0.263,-0.088;
4.678,-5.349,5.801,-5.317,5.769,-0.187, 0.163, 0.088,0.000,-0.589,0.000, 0.430, 0.274,-0.088;
4.688,-5.590,5.986,-5.557,5.954,-0.187, 0.156, 0.088,0.000,-0.613,0.000, 0.423, 0.285,-0.088;
4.701,-2.541,3.420,-2.509,3.388,-0.187, 0.152, 0.087,0.000,-0.353,-0.100, 0.414, 0.294,-0.087;
4.712,-5.461,5.856,-5.429,5.824,-0.187, 0.145, 0.087,0.000,-0.609,0.000, 0.406, 0.305,-0.087;
4.733,-1.018,4.149,-0.986,4.116,-0.185, 0.138, 0.088,0.105,-0.315,0.060, 0.389, 0.318,-0.088;
4.745,-2.941,3.673,-2.909,3.640,-0.185, 0.134, 0.088,0.000,-0.396,0.000, 0.380, 0.326,-0.088;
4.756,-5.245,5.585,-5.213,5.553,-0.185, 0.127, 0.088,0.000,-0.598,0.000, 0.372, 0.336,-0.088;
4.767,-5.319,5.509,-5.282,5.472,-0.185, 0.121, 0.101,0.000,-0.602,1.177, 0.364, 0.346,-0.101;
4.778,-0.946,5.849,-0.913,5.817,-0.183, 0.116, 0.088,0.199,-0.398,-1.167, 0.354, 0.354,-0.088;
4.789,-5.229,5.509,-5.197,5.477,-0.183, 0.109, 0.088,0.000,-0.605,0.000, 0.346, 0.363,-0.088;
4.800,-5.271,5.395,-5.234,5.357,-0.183, 0.103, 0.103,0.000,-0.605,1.317, 0.337, 0.373,-0.103;
4.811,-2.857,3.412,-2.819,3.374,-0.183, 0.098, 0.101,0.000,-0.401,-0.133, 0.329, 0.380,-0.101;
4.823,-5.205,5.310,-5.168,5.273,-0.183, 0.092, 0.101,0.000,-0.605,0.000, 0.321, 0.389,-0.101;
4.844,0.465,2.706,0.498,2.674,-0.181, 0.087, 0.088,0.105,-0.210,-0.616, 0.302, 0.398,-0.088;
4.856,-4.640,4.782,-4.603,4.744,-0.181, 0.080, 0.103,0.000,-0.560,1.219, 0.293, 0.407,-0.103;
4.867,-4.953,5.023,-4.916,4.985,-0.181, 0.074, 0.101,0.000,-0.590,-0.130, 0.284, 0.415,-0.101;
4.879,-2.415,2.997,-2.383,2.965,-0.181, 0.069, 0.087,0.000,-0.378,-1.217, 0.275, 0.422,-0.087;
4.890,-4.871,4.926,-4.833,4.889,-0.181, 0.062, 0.101,0.000,-0.588,1.261, 0.267, 0.430,-0.101;
4.902,-4.912,4.933,-4.875,4.896,-0.181, 0.056, 0.101,0.000,-0.593,0.000, 0.258, 0.438,-0.101;
4.913,-2.873,6.977,-2.835,6.939,-0.179, 0.049, 0.103,0.192,-0.577,0.127, 0.247, 0.446,-0.103;
4.925,-2.324,2.767,-2.287,2.730,-0.179, 0.045, 0.103,0.000,-0.375,0.000, 0.237, 0.452,-0.103;
4.936,-5.126,5.028,-5.088,4.990,-0.179, 0.038, 0.103,0.000,-0.617,0.000, 0.229, 0.460,-0.103;
4.947,-4.748,4.601,-4.706,4.559,-0.179, 0.031, 0.115,0.000,-0.582,1.117, 0.220, 0.467,-0.115;
4.959,-4.592,4.451,-4.550,4.408,-0.179, 0.025, 0.115,0.000,-0.571,0.000, 0.211, 0.474,-0.115;
4.970,-2.573,2.896,-2.536,2.859,-0.179, 0.020, 0.101,0.000,-0.405,-1.300, 0.202, 0.479,-0.101;
4.981,-4.731,4.643,-4.694,4.606,-0.179, 0.013, 0.101,0.000,-0.592,0.000, 0.193, 0.486,-0.101;
5.003,-0.476,3.090,-0.433,3.047,-0.176, 0.007, 0.117,0.103,-0.309,0.739, 0.174, 0.493,-0.117;
5.016,-4.155,3.990,-4.112,3.946,-0.176,-0.000, 0.117,0.000,-0.540,0.000, 0.164, 0.500,-0.117;
5.028,-1.862,2.210,-1.825,2.173,-0.176,-0.004, 0.101,0.000,-0.351,-1.257, 0.154, 0.504,-0.101;
5.031,-27.152,22.842,-27.115,22.805,-0.176,-0.011, 0.101,0.000,-2.516,0.000, 0.152, 0.511,-0.101;
5.052,-1.504,1.845,-1.462,1.802,-0.176,-0.018, 0.115,0.000,-0.322,0.688, 0.136, 0.516,-0.115;
5.063,-4.449,4.156,-4.407,4.114,-0.176,-0.025, 0.115,0.000,-0.572,0.000, 0.127, 0.522,-0.115;
5.075,-0.365,4.643,-0.328,4.605,-0.174,-0.029, 0.103,0.192,-0.385,-1.107, 0.115, 0.526,-0.103;
5.087,-4.272,3.963,-4.229,3.920,-0.174,-0.036, 0.117,0.000,-0.559,1.213, 0.106, 0.531,-0.117;
5.100,-3.936,3.680,-3.893,3.638,-0.174,-0.042, 0.115,0.000,-0.532,-0.134, 0.096, 0.536,-0.115;
5.112,-4.172,3.849,-4.130,3.806,-0.174,-0.049, 0.115,0.000,-0.554,0.000, 0.087, 0.541,-0.115;
5.123,-4.699,4.248,-4.657,4.206,-0.174,-0.056, 0.115,0.000,-0.600,0.000, 0.078, 0.547,-0.115;
5.135,-2.561,6.015,-2.512,5.967,-0.172,-0.062, 0.132,0.187,-0.561,1.353, 0.067, 0.551,-0.132;
5.147,-1.968,2.026,-1.925,1.983,-0.172,-0.067, 0.117,0.000,-0.370,-1.201, 0.058, 0.554,-0.117;
5.158,-4.529,4.046,-4.487,4.004,-0.172,-0.074, 0.115,0.000,-0.589,-0.148, 0.049, 0.558,-0.115;
5.170,-4.072,3.666,-4.030,3.624,-0.172,-0.080, 0.115,0.000,-0.552,0.000, 0.040, 0.563,-0.115;
5.183,-4.018,3.603,-3.976,3.561,-0.172,-0.087, 0.115,0.000,-0.548,0.000, 0.030, 0.567,-0.115;
5.196,-3.615,3.183,-3.567,3.135,-0.172,-0.094, 0.130,0.000,-0.511,1.090, 0.021, 0.570,-0.130;
5.207,-0.237,4.193,-0.194,4.150,-0.170,-0.098, 0.117,0.189,-0.378,-1.068, 0.010, 0.572,-0.117;
5.219,-4.164,3.651,-4.122,3.609,-0.170,-0.105, 0.115,0.000,-0.563,-0.141, 0.001, 0.576,-0.115;
5.231,-2.675,6.081,-2.627,6.032,-0.167,-0.112, 0.132,0.195,-0.584,1.408,-0.010, 0.579,-0.132;
5.242,-2.291,2.117,-2.248,2.075,-0.167,-0.116, 0.115,0.000,-0.405,-1.466,-0.018, 0.580,-0.115;
5.253,-4.747,3.951,-4.699,3.903,-0.167,-0.123, 0.130,0.000,-0.609,1.299,-0.026, 0.584,-0.130;
5.264,-2.858,6.297,-2.809,6.249,-0.165,-0.129, 0.132,0.202,-0.606,0.171,-0.036, 0.587,-0.132;
5.275,-2.225,2.006,-2.183,1.964,-0.165,-0.134, 0.115,0.000,-0.401,-1.453,-0.044, 0.588,-0.115;
5.296,-1.203,1.145,-1.156,1.097,-0.165,-0.141, 0.130,0.000,-0.313,0.667,-0.059, 0.587,-0.130;
5.308,-4.129,3.375,-4.081,3.328,-0.165,-0.147, 0.130,0.000,-0.558,0.000,-0.068, 0.590,-0.130;
5.321,-2.286,5.230,-2.233,5.176,-0.163,-0.154, 0.146,0.178,-0.535,1.302,-0.079, 0.592,-0.146;
5.333,-2.051,1.727,-2.003,1.679,-0.163,-0.158, 0.130,0.000,-0.384,-1.404,-0.087, 0.592,-0.130;
5.345,-3.863,3.110,-3.816,3.062,-0.163,-0.165, 0.130,0.000,-0.537,0.000,-0.095, 0.594,-0.130;
5.357,-2.534,5.677,-2.486,5.628,-0.161,-0.172, 0.132,0.190,-0.571,0.161,-0.105, 0.595,-0.132;
5.368,-4.553,3.491,-4.499,3.437,-0.161,-0.179, 0.146,0.000,-0.591,1.272,-0.113, 0.597,-0.146;
5.380,-2.018,1.627,-1.970,1.580,-0.161,-0.183, 0.130,0.000,-0.383,-1.398,-0.120, 0.597,-0.130;
5.392,-4.126,3.239,-4.078,3.191,-0.161,-0.190, 0.130,0.000,-0.560,0.000,-0.128, 0.598,-0.130;
5.404,-3.842,3.004,-3.794,2.956,-0.161,-0.196, 0.130,0.000,-0.536,0.000,-0.136, 0.599,-0.130;
5.416,-2.454,5.341,-2.400,5.288,-0.158,-0.203, 0.146,0.185,-0.556,1.354,-0.146, 0.600,-0.146;
5.428,-4.356,3.262,-4.304,3.209,-0.158,-0.210, 0.144,0.000,-0.576,-0.179,-0.153, 0.601,-0.144;
5.440,-2.019,1.542,-1.971,1.494,-0.158,-0.214, 0.130,0.000,-0.384,-1.222,-0.160, 0.600,-0.130;
5.451,-2.487,5.474,-2.438,5.426,-0.156,-0.221, 0.132,0.189,-0.568,0.160,-0.169, 0.601,-0.132;
5.463,-4.266,3.138,-4.212,3.084,-0.156,-0.228, 0.146,0.000,-0.568,1.223,-0.176, 0.601,-0.146;
5.474,-4.487,3.384,-4.439,3.336,-0.156,-0.234, 0.130,0.000,-0.590,-1.438,-0.183, 0.602,-0.130;
5.486,-4.676,3.431,-4.623,3.379,-0.156,-0.241, 0.144,0.000,-0.603,1.281,-0.189, 0.603,-0.144;
5.498,-2.465,5.238,-2.411,5.184,-0.154,-0.248, 0.146,0.186,-0.558,0.174,-0.198, 0.603,-0.146;
5.509,-4.323,3.110,-4.270,3.056,-0.154,-0.254, 0.146,0.000,-0.573,0.000,-0.205, 0.603,-0.146;
5.520,-2.267,1.574,-2.214,1.521,-0.154,-0.259, 0.144,0.000,-0.403,-0.188,-0.211, 0.601,-0.144;
5.532,-4.289,3.072,-4.236,3.019,-0.154,-0.266, 0.144,0.000,-0.570,0.000,-0.217, 0.601,-0.144;
5.544,-2.419,5.109,-2.366,5.055,-0.152,-0.272, 0.146,0.184,-0.552,0.172,-0.225, 0.600,-0.146;
5.556,-4.532,3.219,-4.479,3.166,-0.152,-0.279, 0.144,0.000,-0.590,-0.184,-0.231, 0.600,-0.144;
5.578,-1.042,0.591,-0.989,0.538,-0.152,-0.286, 0.144,0.000,-0.299,0.000,-0.242, 0.593,-0.144;
5.590,-2.604,5.164,-2.545,5.105,-0.150,-0.292, 0.160,0.187,-0.561,1.378,-0.250, 0.593,-0.160;
5.602,-2.034,1.289,-1.981,1.235,-0.150,-0.297, 0.146,0.000,-0.380,-1.222,-0.256, 0.590,-0.146;
5.613,-4.547,3.151,-4.493,3.098,-0.150,-0.304, 0.146,0.000,-0.587,0.000,-0.261, 0.589,-0.146;
5.625,-4.345,3.003,-4.293,2.951,-0.150,-0.310, 0.144,0.000,-0.571,-0.178,-0.266, 0.588,-0.144;
5.636,-2.649,5.298,-2.595,5.245,-0.147,-0.317, 0.146,0.191,-0.572,0.178,-0.273, 0.587,-0.146;
5.648,-4.416,2.928,-4.357,2.870,-0.147,-0.324, 0.160,0.000,-0.573,1.229,-0.278, 0.586,-0.160;
5.660,-4.276,2.810,-4.217,2.751,-0.147,-0.330, 0.160,0.000,-0.561,0.000,-0.283, 0.585,-0.160;
5.671,-2.193,1.342,-2.141,1.289,-0.147,-0.335, 0.144,0.000,-0.392,-1.443,-0.288, 0.582,-0.144;
5.683,-2.558,5.107,-2.504,5.054,-0.145,-0.341, 0.146,0.187,-0.560,0.175,-0.294, 0.580,-0.146;
5.696,-4.033,2.682,-3.979,2.629,-0.145,-0.348, 0.146,0.000,-0.543,0.000,-0.299, 0.578,-0.146;
5.707,-4.633,3.031,-4.574,2.972,-0.145,-0.355, 0.160,0.000,-0.589,1.263,-0.303, 0.577,-0.160;
5.719,-4.568,2.982,-4.510,2.924,-0.145,-0.362, 0.158,0.000,-0.584,-0.199,-0.307, 0.575,-0.158;
5.730,-2.759,5.199,-2.700,5.140,-0.143,-0.368, 0.160,0.191,-0.573,0.195,-0.313, 0.574,-0.160;
5.741,-4.841,3.141,-4.783,3.082,-0.143,-0.375, 0.160,0.000,-0.605,0.000,-0.316, 0.573,-0.160;
5.752,-2.374,1.401,-2.321,1.349,-0.143,-0.379, 0.144,0.000,-0.404,-1.490,-0.320, 0.569,-0.144;
5.763,-3.146,5.710,-3.087,5.651,-0.141,-0.386, 0.160,0.204,-0.613,1.507,-0.325, 0.568,-0.160;
5.785,-1.275,0.534,-1.216,0.475,-0.141,-0.393, 0.160,0.000,-0.310,0.000,-0.331, 0.559,-0.160;
5.797,-4.444,2.814,-4.385,2.756,-0.141,-0.400, 0.160,0.000,-0.568,0.000,-0.334, 0.556,-0.160;
5.809,-4.340,2.747,-4.282,2.688,-0.141,-0.406, 0.158,0.000,-0.560,-0.191,-0.337, 0.554,-0.158;
5.821,-0.251,3.027,-0.193,2.968,-0.138,-0.411, 0.160,0.175,-0.350,0.179,-0.342, 0.549,-0.160;
5.834,-3.905,2.399,-3.846,2.341,-0.138,-0.417, 0.160,0.000,-0.522,0.000,-0.345, 0.546,-0.160;
5.846,-4.349,2.715,-4.290,2.656,-0.138,-0.424, 0.160,0.000,-0.558,0.000,-0.347, 0.544,-0.160;
5.858,-4.696,2.975,-4.638,2.917,-0.138,-0.431, 0.158,0.000,-0.587,-0.200,-0.349, 0.542,-0.158;
5.869,-3.032,5.285,-2.968,5.221,-0.136,-0.437, 0.175,0.195,-0.584,1.447,-0.353, 0.540,-0.175;
5.881,-2.006,0.999,-1.947,0.940,-0.136,-0.442, 0.160,0.000,-0.364,-1.167,-0.355, 0.535,-0.160;
5.892,-5.291,3.371,-5.233,3.312,-0.136,-0.449, 0.160,0.000,-0.633,0.000,-0.357, 0.533,-0.160;
5.905,-3.755,2.259,-3.696,2.200,-0.136,-0.455, 0.160,0.000,-0.507,0.000,-0.358, 0.530,-0.160;
5.917,-2.757,4.871,-2.692,4.807,-0.134,-0.462, 0.175,0.184,-0.552,1.179,-0.362, 0.527,-0.175;
5.929,-4.623,2.778,-4.559,2.714,-0.134,-0.469, 0.175,0.000,-0.574,0.000,-0.363, 0.524,-0.175;
5.941,-2.081,1.031,-2.022,0.972,-0.134,-0.473, 0.160,0.000,-0.368,-1.179,-0.364, 0.519,-0.160;
5.953,-5.030,6.444,-4.966,6.380,-0.132,-0.482, 0.175,0.184,-0.735,1.177,-0.367, 0.519,-0.175;
5.964,-2.474,1.260,-2.410,1.196,-0.132,-0.487, 0.175,0.000,-0.398,0.000,-0.368, 0.514,-0.175;
5.976,-4.848,2.921,-4.784,2.857,-0.132,-0.493, 0.175,0.000,-0.590,0.000,-0.368, 0.512,-0.175;
5.987,-2.394,1.243,-2.335,1.184,-0.132,-0.498, 0.160,0.000,-0.392,-1.255,-0.368, 0.508,-0.160;
5.998,-3.210,5.549,-3.151,5.490,-0.129,-0.504, 0.163,0.201,-0.602,0.212,-0.371, 0.506,-0.163;
6.009,-5.057,3.065,-4.992,3.001,-0.129,-0.511, 0.175,0.000,-0.606,1.081,-0.370, 0.504,-0.175;
6.021,-4.908,2.954,-4.844,2.890,-0.129,-0.518, 0.175,0.000,-0.594,0.000,-0.370, 0.502,-0.175;
6.042,-0.571,1.826,-0.505,1.761,-0.127,-0.525, 0.177,0.104,-0.313,0.119,-0.372, 0.492,-0.177;
6.054,-2.093,0.971,-2.028,0.906,-0.127,-0.529, 0.177,0.000,-0.362,0.000,-0.371, 0.486,-0.177;
6.066,-4.575,2.716,-4.511,2.652,-0.127,-0.536, 0.175,0.000,-0.563,-0.215,-0.370, 0.484,-0.175;
6.079,-4.098,2.385,-4.034,2.321,-0.127,-0.542, 0.175,0.000,-0.524,0.000,-0.369, 0.480,-0.175;
6.091,-3.206,5.210,-3.136,5.140,-0.125,-0.549, 0.192,0.193,-0.580,1.470,-0.370, 0.478,-0.192;
6.102,-2.352,1.147,-2.287,1.082,-0.125,-0.554, 0.177,0.000,-0.381,-1.231,-0.369, 0.473,-0.177;
6.114,-4.594,2.731,-4.530,2.667,-0.125,-0.560, 0.175,0.000,-0.563,-0.215,-0.367, 0.471,-0.175;
6.126,-4.688,2.717,-4.618,2.647,-0.125,-0.567, 0.189,0.000,-0.567,1.205,-0.365, 0.469,-0.189;
6.138,-2.990,4.914,-2.920,4.843,-0.123,-0.574, 0.192,0.185,-0.555,0.228,-0.366, 0.466,-0.192;
6.150,-2.338,1.143,-2.273,1.078,-0.123,-0.578, 0.177,0.000,-0.379,-1.224,-0.363, 0.461,-0.177;
6.161,-5.094,2.996,-5.025,2.926,-0.123,-0.585, 0.189,0.000,-0.599,1.044,-0.361, 0.460,-0.189;
6.173,-2.938,4.843,-2.867,4.773,-0.121,-0.591, 0.192,0.183,-0.549,0.226,-0.361, 0.457,-0.192;
6.185,-2.563,1.305,-2.498,1.240,-0.121,-0.596, 0.177,0.000,-0.396,-1.280,-0.359, 0.453,-0.177;
6.196,-4.859,2.842,-4.790,2.773,-0.121,-0.603, 0.189,0.000,-0.579,1.010,-0.356, 0.451,-0.189;
6.208,-3.139,5.109,-3.068,5.038,-0.118,-0.609, 0.192,0.190,-0.569,0.234,-0.355, 0.449,-0.192;
6.219,-5.016,2.926,-4.945,2.855,-0.118,-0.616, 0.192,0.000,-0.591,0.000,-0.352, 0.447,-0.192;
6.231,-4.947,2.886,-4.877,2.815,-0.118,-0.623, 0.192,0.000,-0.586,0.000,-0.349, 0.446,-0.192;
6.242,-0.933,3.810,-0.863,3.740,-0.116,-0.627, 0.192,0.200,-0.399,0.000,-0.348, 0.442,-0.192;
6.253,-5.163,3.035,-5.093,2.965,-0.116,-0.634, 0.192,0.000,-0.603,0.000,-0.345, 0.440,-0.192;
6.274,-1.531,0.597,-1.461,0.527,-0.116,-0.641, 0.192,0.000,-0.311,0.000,-0.338, 0.432,-0.192;
6.287,-3.007,4.832,-2.931,4.756,-0.114,-0.647, 0.206,0.182,-0.547,1.172,-0.336, 0.430,-0.206;
6.299,-2.140,1.012,-2.069,0.941,-0.114,-0.652, 0.192,0.000,-0.359,-1.154,-0.332, 0.425,-0.192;
6.311,-4.937,2.912,-4.866,2.842,-0.114,-0.658, 0.192,0.000,-0.584,0.000,-0.328, 0.424,-0.192;
6.322,-4.982,2.952,-4.912,2.881,-0.114,-0.665, 0.192,0.000,-0.588,0.000,-0.324, 0.423,-0.192;
6.335,-0.551,3.160,-0.481,3.090,-0.112,-0.670, 0.192,0.176,-0.351,0.000,-0.321, 0.419,-0.192;
6.346,-4.945,2.937,-4.875,2.866,-0.112,-0.676, 0.192,0.000,-0.585,0.000,-0.316, 0.418,-0.192;
6.358,-3.182,5.200,-3.111,5.129,-0.109,-0.683, 0.194,0.191,-0.572,0.242,-0.314, 0.417,-0.194;
6.370,-4.721,2.710,-4.645,2.634,-0.109,-0.690, 0.206,0.000,-0.565,0.971,-0.309, 0.415,-0.206;
6.381,-2.345,1.198,-2.274,1.127,-0.109,-0.694, 0.192,0.000,-0.378,-1.213,-0.304, 0.412,-0.192;
6.393,-3.263,5.335,-3.192,5.264,-0.107,-0.701, 0.194,0.194,-0.581,0.246,-0.301, 0.411,-0.194;
6.404,-5.048,2.946,-4.972,2.871,-0.107,-0.708, 0.206,0.000,-0.592,1.018,-0.295, 0.411,-0.206;
6.415,-2.644,1.421,-2.573,1.351,-0.107,-0.712, 0.192,0.000,-0.403,-1.295,-0.290, 0.408,-0.192;
6.426,-3.449,5.612,-3.378,5.540,-0.105,-0.719, 0.194,0.201,-0.603,0.255,-0.287, 0.408,-0.194;
6.438,-5.158,3.042,-5.082,2.966,-0.105,-0.725, 0.206,0.000,-0.603,1.036,-0.282, 0.408,-0.206;
6.449,-2.679,1.468,-2.608,1.398,-0.105,-0.730, 0.192,0.000,-0.408,-1.310,-0.276, 0.406,-0.192;
6.470,-0.572,1.927,-0.500,1.856,-0.103,-0.737, 0.194,0.102,-0.307,0.130,-0.267, 0.400,-0.194;
6.483,-4.429,2.584,-4.352,2.507,-0.103,-0.743, 0.209,0.000,-0.545,1.183,-0.260, 0.399,-0.209;
6.495,-2.874,4.805,-2.797,4.728,-0.100,-0.750, 0.209,0.180,-0.539,0.000,-0.256, 0.399,-0.209;
6.507,-2.201,1.184,-2.130,1.112,-0.100,-0.754, 0.194,0.000,-0.371,-1.207,-0.249, 0.397,-0.194;
6.511,-19.376,12.385,-19.299,12.308,-0.100,-0.761, 0.209,0.000,-1.732,3.761,-0.247, 0.402,-0.209;
6.521,-5.644,3.422,-5.569,3.347,-0.100,-0.768, 0.206,0.000,-0.646,-0.292,-0.241, 0.403,-0.206;
6.543,0.740,1.128,0.816,1.052,-0.098,-0.772, 0.209,0.103,-0.207,0.140,-0.231, 0.396,-0.209;
6.556,-4.208,2.498,-4.131,2.421,-0.098,-0.779, 0.209,0.000,-0.532,0.000,-0.223, 0.396,-0.209;
6.568,-2.127,1.203,-2.057,1.132,-0.098,-0.783, 0.192,0.000,-0.370,-1.438,-0.216, 0.394,-0.192;
6.579,-3.141,5.278,-3.064,5.201,-0.096,-0.790, 0.209,0.191,-0.574,1.490,-0.211, 0.395,-0.209;
6.591,-4.897,2.980,-4.820,2.903,-0.096,-0.797, 0.209,0.000,-0.590,0.000,-0.204, 0.397,-0.209;
6.604,-3.952,2.382,-3.875,2.305,-0.096,-0.804, 0.209,0.000,-0.517,0.000,-0.196, 0.397,-0.209;
6.615,-0.662,3.674,-0.585,3.598,-0.094,-0.808, 0.209,0.190,-0.381,0.000,-0.190, 0.397,-0.209;
6.628,-4.298,2.628,-4.221,2.551,-0.094,-0.815, 0.209,0.000,-0.546,0.000,-0.182, 0.398,-0.209;
6.639,-2.409,1.415,-2.332,1.338,-0.094,-0.819, 0.209,0.000,-0.398,0.000,-0.175, 0.397,-0.209;
6.650,-3.143,5.399,-3.066,5.322,-0.092,-0.826, 0.209,0.195,-0.584,0.000,-0.170, 0.399,-0.209;
6.662,-4.639,2.886,-4.562,2.809,-0.092,-0.833, 0.209,0.000,-0.577,0.000,-0.162, 0.401,-0.209;
6.673,-2.276,1.366,-2.200,1.289,-0.092,-0.837, 0.209,0.000,-0.392,0.000,-0.154, 0.401,-0.209;
6.686,-2.708,4.902,-2.630,4.824,-0.089,-0.844, 0.212,0.181,-0.544,0.254,-0.148, 0.403,-0.212;
6.697,-2.104,1.277,-2.027,1.200,-0.089,-0.848, 0.209,0.000,-0.381,-0.266,-0.140, 0.404,-0.209;
6.709,-4.773,3.028,-4.696,2.951,-0.089,-0.855, 0.209,0.000,-0.594,0.000,-0.132, 0.406,-0.209;
6.720,-0.644,3.909,-0.566,3.831,-0.087,-0.859, 0.212,0.198,-0.396,0.277,-0.126, 0.407,-0.212;
6.731,-4.776,3.051,-4.699,2.974,-0.087,-0.866, 0.209,0.000,-0.597,-0.278,-0.118, 0.410,-0.209;
6.742,-4.752,2.967,-4.670,2.885,-0.087,-0.873, 0.223,0.000,-0.594,1.283,-0.110, 0.413,-0.223;
6.763,0.141,-0.099,0.218,-0.175,-0.087,-0.877, 0.209,0.000,-0.212,-0.686,-0.095, 0.411,-0.209;
6.775,-3.007,5.344,-2.924,5.261,-0.085,-0.884, 0.227,0.194,-0.582,1.544,-0.088, 0.415,-0.227;
6.787,-1.972,1.295,-1.895,1.218,-0.085,-0.888, 0.209,0.000,-0.382,-1.523,-0.080, 0.416,-0.209;
6.799,-2.721,5.051,-2.638,4.967,-0.083,-0.895, 0.227,0.186,-0.558,1.482,-0.073, 0.420,-0.227;
6.811,-1.622,1.062,-1.539,0.979,-0.083,-0.899, 0.227,0.000,-0.357,0.000,-0.064, 0.421,-0.227;
6.824,-3.869,2.485,-3.785,2.401,-0.083,-0.906, 0.227,0.000,-0.535,0.000,-0.054, 0.425,-0.227;
6.835,-0.436,3.822,-0.353,3.739,-0.080,-0.911, 0.227,0.195,-0.391,0.000,-0.048, 0.427,-0.227;
6.846,-4.592,2.962,-4.509,2.878,-0.080,-0.917, 0.227,0.000,-0.596,0.000,-0.039, 0.432,-0.227;
6.858,-1.614,1.118,-1.531,1.035,-0.080,-0.922, 0.227,0.000,-0.365,0.000,-0.030, 0.434,-0.227;
6.871,-2.388,4.795,-2.304,4.711,-0.078,-0.929, 0.230,0.180,-0.539,0.276,-0.023, 0.439,-0.230;
6.882,-1.812,1.268,-1.729,1.185,-0.078,-0.933, 0.227,0.000,-0.385,-0.295,-0.014, 0.441,-0.227;
6.894,-1.760,1.254,-1.677,1.171,-0.078,-0.937, 0.227,0.000,-0.383,0.000,-0.005, 0.444,-0.227;
6.906,0.788,-0.301,0.876,-0.390,-0.078,-0.940, 0.241,0.000,-0.185,1.209, 0.005, 0.445,-0.241;
6.918,0.744,-0.242,0.838,-0.336,-0.078,-0.942, 0.256,0.000,-0.190,1.231, 0.014, 0.446,-0.256;
6.929,4.714,0.991,4.814,0.890,-0.076,-0.942, 0.274,0.199,0.000,1.633, 0.020, 0.445,-0.274;
6.941,0.738,-0.180,0.844,-0.286,-0.076,-0.944, 0.289,0.000,-0.192,1.240, 0.029, 0.446,-0.289;
6.952,3.306,-1.497,3.417,-1.608,-0.076,-0.944, 0.303,0.000,0.000,1.300, 0.038, 0.446,-0.303;
6.963,1.941,2.719,2.064,2.596,-0.074,-0.946, 0.336,0.203,-0.203,3.012, 0.044, 0.447,-0.336;
6.974,3.367,-1.363,3.491,-1.487,-0.074,-0.946, 0.336,0.000,0.000,0.000, 0.053, 0.447,-0.336;
6.995,3.394,-1.287,3.523,-1.415,-0.074,-0.946, 0.350,0.000,0.000,0.664, 0.070, 0.446,-0.350;
7.007,0.803,-0.048,0.937,-0.182,-0.074,-0.949, 0.364,0.000,-0.191,1.191, 0.079, 0.449,-0.364;
7.019,6.008,-2.467,6.137,-2.595,-0.074,-0.946, 0.350,0.000,0.190,-1.186, 0.088, 0.447,-0.350;
7.030,7.326,0.225,7.456,0.094,-0.071,-0.944, 0.355,0.196,0.196,0.455, 0.095, 0.445,-0.355;
7.042,3.408,-1.235,3.537,-1.363,-0.071,-0.944, 0.350,0.000,0.000,-0.442, 0.104, 0.445,-0.350;
7.055,4.458,1.149,4.594,1.013,-0.069,-0.944, 0.369,0.167,0.000,1.444, 0.113, 0.446,-0.369;
7.067,6.054,-2.435,6.182,-2.563,-0.069,-0.942, 0.350,0.000,0.193,-1.667, 0.122, 0.445,-0.350;
7.080,6.940,0.128,7.070,-0.002,-0.067,-0.940, 0.355,0.176,0.176,0.409, 0.129, 0.444,-0.355;
7.091,6.058,-2.413,6.187,-2.541,-0.067,-0.937, 0.350,0.000,0.194,-0.450, 0.138, 0.443,-0.350;
7.103,4.631,1.592,4.767,1.456,-0.065,-0.937, 0.369,0.196,0.000,1.690, 0.145, 0.444,-0.369;
7.114,6.018,-2.268,6.152,-2.402,-0.065,-0.935, 0.364,0.000,0.188,-0.451, 0.154, 0.443,-0.364;
7.126,7.333,0.428,7.468,0.292,-0.062,-0.933, 0.369,0.196,0.196,0.470, 0.161, 0.443,-0.369;
7.137,6.159,-2.308,6.293,-2.441,-0.062,-0.931, 0.364,0.000,0.198,-0.476, 0.169, 0.442,-0.364;
7.148,7.377,0.323,7.506,0.194,-0.060,-0.929, 0.350,0.198,0.198,-1.235, 0.176, 0.442,-0.350;
7.160,8.436,-3.446,8.564,-3.575,-0.060,-0.924, 0.350,0.000,0.368,0.000, 0.185, 0.440,-0.350;
7.171,7.497,0.396,7.626,0.268,-0.058,-0.922, 0.350,0.204,0.204,0.000, 0.191, 0.440,-0.350;
7.183,7.406,0.409,7.536,0.279,-0.056,-0.920, 0.355,0.200,0.200,0.464, 0.197, 0.440,-0.355;
7.195,5.882,-2.227,6.011,-2.355,-0.056,-0.917, 0.350,0.000,0.181,-0.420, 0.207, 0.441,-0.350;
7.206,10.159,-0.873,10.287,-1.002,-0.054,-0.913, 0.350,0.200,0.401,0.000, 0.213, 0.439,-0.350;
7.228,4.817,-1.696,4.946,-1.824,-0.054,-0.911, 0.350,0.000,0.102,0.000, 0.229, 0.442,-0.350;
7.240,9.800,-0.991,9.923,-1.114,-0.051,-0.906, 0.336,0.190,0.379,-1.196, 0.235, 0.441,-0.336;
7.252,8.219,-3.394,8.342,-3.517,-0.051,-0.902, 0.336,0.000,0.355,0.000, 0.244, 0.440,-0.336;
7.264,5.935,-2.213,6.062,-2.340,-0.051,-0.899, 0.345,0.000,0.185,0.748, 0.253, 0.442,-0.345;
7.277,9.592,-0.955,9.715,-1.079,-0.049,-0.895, 0.336,0.183,0.367,-0.743, 0.260, 0.441,-0.336;
7.289,8.253,-3.371,8.376,-3.494,-0.049,-0.891, 0.336,0.000,0.357,0.000, 0.268, 0.441,-0.336;
7.301,8.634,-3.734,8.750,-3.850,-0.049,-0.886, 0.317,0.000,0.390,-1.652, 0.276, 0.441,-0.317;
7.312,7.364,0.368,7.488,0.245,-0.047,-0.884, 0.336,0.196,0.196,1.665, 0.282, 0.443,-0.336;
7.323,8.718,-3.559,8.842,-3.683,-0.047,-0.879, 0.336,0.000,0.391,0.000, 0.290, 0.443,-0.336;
7.335,8.527,-3.501,8.648,-3.623,-0.047,-0.875, 0.331,0.000,0.378,-0.413, 0.298, 0.443,-0.331;
7.347,9.596,-0.886,9.719,-1.009,-0.045,-0.870, 0.336,0.184,0.367,0.401, 0.304, 0.443,-0.336;
7.359,8.313,-3.514,8.429,-3.631,-0.045,-0.866, 0.317,0.000,0.366,-1.549, 0.312, 0.444,-0.317;
7.371,8.657,-3.680,8.774,-3.797,-0.045,-0.862, 0.317,0.000,0.391,0.000, 0.320, 0.444,-0.317;
7.383,8.411,-3.541,8.527,-3.658,-0.045,-0.857, 0.317,0.000,0.373,0.000, 0.328, 0.445,-0.317;
7.394,10.109,-1.027,10.226,-1.143,-0.042,-0.853, 0.317,0.199,0.398,0.000, 0.333, 0.445,-0.317;
7.406,8.550,-3.739,8.662,-3.850,-0.042,-0.848, 0.303,0.000,0.387,-1.228, 0.340, 0.446,-0.303;
7.417,8.444,-3.674,8.555,-3.785,-0.042,-0.844, 0.303,0.000,0.379,0.000, 0.347, 0.447,-0.303;
7.428,10.218,-1.147,10.329,-1.258,-0.040,-0.839, 0.303,0.203,0.405,0.000, 0.352, 0.448,-0.303;
7.440,8.691,-3.786,8.803,-3.898,-0.040,-0.835, 0.303,0.000,0.397,0.000, 0.359, 0.449,-0.303;
7.451,8.586,-3.718,8.697,-3.830,-0.040,-0.830, 0.303,0.000,0.389,0.000, 0.366, 0.451,-0.303;
7.473,6.190,-2.440,6.301,-2.551,-0.040,-0.826, 0.303,0.000,0.207,0.000, 0.378, 0.457,-0.303;
7.485,8.431,-3.646,8.541,-3.755,-0.040,-0.821, 0.298,0.000,0.375,-0.369, 0.385, 0.459,-0.298;
7.496,10.949,-5.156,11.054,-5.261,-0.040,-0.815, 0.284,0.000,0.569,-1.200, 0.392, 0.459,-0.284;
7.508,8.355,-3.730,8.459,-3.834,-0.040,-0.810, 0.284,0.000,0.373,0.000, 0.398, 0.461,-0.284;
7.520,8.330,-3.704,8.435,-3.809,-0.040,-0.806, 0.284,0.000,0.371,0.000, 0.405, 0.464,-0.284;
7.532,8.409,-3.735,8.513,-3.840,-0.040,-0.801, 0.284,0.000,0.376,0.000, 0.411, 0.466,-0.284;
7.545,8.195,-3.606,8.300,-3.711,-0.040,-0.797, 0.284,0.000,0.359,0.000, 0.418, 0.469,-0.284;
7.557,10.630,-5.115,10.729,-5.214,-0.040,-0.790, 0.270,0.000,0.548,-1.165, 0.424, 0.470,-0.270;
7.568,8.937,-3.996,9.041,-4.101,-0.040,-0.786, 0.284,0.000,0.415,1.322, 0.429, 0.472,-0.284;
7.579,8.606,-3.799,8.710,-3.903,-0.040,-0.781, 0.284,0.000,0.389,0.000, 0.435, 0.474,-0.284;
7.591,10.822,-5.192,10.921,-5.291,-0.040,-0.775, 0.270,0.000,0.561,-1.193, 0.441, 0.475,-0.270;
7.604,8.050,-3.617,8.149,-3.717,-0.040,-0.770, 0.270,0.000,0.349,0.000, 0.446, 0.479,-0.270;
7.616,8.236,-3.712,8.335,-3.812,-0.040,-0.766, 0.270,0.000,0.363,0.000, 0.452, 0.482,-0.270;
7.628,10.849,-5.182,10.948,-5.281,-0.040,-0.759, 0.270,0.000,0.562,0.000, 0.457, 0.483,-0.270;
7.640,6.996,-6.275,7.094,-6.373,-0.042,-0.754, 0.266,-0.188,0.375,-0.328, 0.465, 0.486,-0.266;
7.652,10.885,-5.372,10.979,-5.466,-0.042,-0.748, 0.256,0.000,0.569,-0.887, 0.469, 0.488,-0.256;
7.663,8.672,-3.919,8.771,-4.018,-0.042,-0.743, 0.270,0.000,0.394,1.266, 0.474, 0.491,-0.270;
7.675,7.153,-6.452,7.251,-6.550,-0.045,-0.739, 0.266,-0.195,0.389,-0.340, 0.481, 0.494,-0.266;
7.686,11.268,-5.615,11.361,-5.707,-0.045,-0.732, 0.252,0.000,0.598,-1.264, 0.485, 0.495,-0.252;
7.697,8.611,-4.006,8.705,-4.100,-0.045,-0.728, 0.256,0.000,0.391,0.326, 0.489, 0.499,-0.256;
7.709,10.919,-5.347,11.013,-5.441,-0.045,-0.721, 0.256,0.000,0.569,0.000, 0.493, 0.500,-0.256;
7.720,7.176,-6.665,7.269,-6.758,-0.047,-0.716, 0.252,-0.199,0.398,-0.331, 0.499, 0.504,-0.252;
7.742,7.537,-3.375,7.630,-3.467,-0.047,-0.710, 0.252,0.000,0.306,0.000, 0.506, 0.513,-0.252;
7.754,8.446,-3.865,8.540,-3.959,-0.047,-0.705, 0.256,0.000,0.374,0.311, 0.510, 0.517,-0.256;
7.766,9.255,-7.540,9.348,-7.632,-0.049,-0.699, 0.252,-0.181,0.543,-0.301, 0.516, 0.519,-0.252;
7.778,8.743,-4.018,8.837,-4.112,-0.049,-0.694, 0.256,0.000,0.395,0.329, 0.519, 0.523,-0.256;
7.790,9.429,-7.708,9.522,-7.801,-0.051,-0.687, 0.252,-0.186,0.558,-0.310, 0.524, 0.525,-0.252;
7.801,11.264,-5.730,11.352,-5.817,-0.051,-0.681, 0.238,0.000,0.595,-1.268, 0.527, 0.527,-0.238;
7.813,7.041,-6.301,7.134,-6.394,-0.054,-0.676, 0.252,-0.187,0.374,1.195, 0.532, 0.531,-0.252;
7.825,10.663,-5.346,10.751,-5.433,-0.054,-0.670, 0.238,0.000,0.547,-1.165, 0.535, 0.534,-0.238;
7.836,11.210,-5.681,11.297,-5.768,-0.054,-0.663, 0.238,0.000,0.590,0.000, 0.537, 0.536,-0.238;
7.848,7.134,-6.642,7.221,-6.729,-0.056,-0.658, 0.238,-0.196,0.391,0.000, 0.542, 0.540,-0.238;
7.860,10.694,-5.349,10.781,-5.437,-0.056,-0.652, 0.238,0.000,0.548,0.000, 0.544, 0.543,-0.238;
7.872,7.044,-6.459,7.131,-6.547,-0.058,-0.647, 0.238,-0.189,0.379,0.000, 0.548, 0.547,-0.238;
7.883,11.239,-5.667,11.327,-5.754,-0.058,-0.641, 0.238,0.000,0.589,0.000, 0.550, 0.549,-0.238;
7.895,9.273,-7.937,9.355,-8.019,-0.060,-0.634, 0.223,-0.186,0.557,-1.195, 0.553, 0.552,-0.223;
7.907,8.653,-4.080,8.740,-4.168,-0.060,-0.629, 0.238,0.000,0.387,1.244, 0.555, 0.556,-0.238;
7.918,9.652,-8.435,9.733,-8.516,-0.062,-0.623, 0.220,-0.198,0.595,-1.564, 0.558, 0.558,-0.220;
7.929,11.372,-5.940,11.455,-6.022,-0.062,-0.616, 0.223,0.000,0.604,0.291, 0.559, 0.560,-0.223;
7.941,7.016,-6.396,7.102,-6.482,-0.065,-0.612, 0.234,-0.187,0.373,0.915, 0.563, 0.565,-0.234;
7.953,10.768,-5.540,10.850,-5.622,-0.065,-0.605, 0.223,0.000,0.554,-0.906, 0.563, 0.568,-0.223;
7.964,9.822,-8.616,9.903,-8.697,-0.067,-0.598, 0.220,-0.203,0.610,-0.294, 0.566, 0.570,-0.220;
7.986,6.335,-2.743,6.417,-2.826,-0.067,-0.594, 0.223,0.000,0.204,0.147, 0.567, 0.583,-0.223;
7.990,20.179,-21.280,20.260,-21.361,-0.069,-0.587, 0.220,-0.546,1.637,-0.789, 0.569, 0.579,-0.220;
8.001,9.067,-4.290,9.154,-4.378,-0.069,-0.583, 0.238,0.000,0.414,1.630, 0.569, 0.583,-0.238;
8.023,6.803,-4.848,6.884,-4.929,-0.071,-0.576, 0.220,-0.101,0.302,-0.794, 0.571, 0.594,-0.220;
8.035,10.765,-5.563,10.846,-5.644,-0.071,-0.569, 0.220,0.000,0.549,0.000, 0.571, 0.597,-0.220;
8.047,9.516,-8.442,9.591,-8.517,-0.074,-0.562, 0.206,-0.194,0.583,-1.241, 0.572, 0.599,-0.206;
8.058,8.747,-4.282,8.828,-4.363,-0.074,-0.558, 0.220,0.000,0.390,1.245, 0.572, 0.604,-0.220;
8.070,9.616,-8.277,9.697,-8.358,-0.076,-0.551, 0.220,-0.193,0.580,0.000, 0.573, 0.606,-0.220;
8.082,10.647,-5.675,10.722,-5.751,-0.076,-0.545, 0.206,0.000,0.544,-1.159, 0.572, 0.609,-0.206;
8.094,9.244,-8.087,9.320,-8.163,-0.078,-0.538, 0.206,-0.185,0.554,0.000, 0.573, 0.612,-0.206;
8.106,8.467,-4.096,8.548,-4.177,-0.078,-0.533, 0.220,0.000,0.366,1.169, 0.571, 0.617,-0.220;
8.118,9.224,-8.038,9.299,-8.114,-0.080,-0.527, 0.206,-0.183,0.549,-1.170, 0.572, 0.619,-0.206;
8.130,10.858,-5.815,10.934,-5.891,-0.080,-0.520, 0.206,0.000,0.559,0.000, 0.570, 0.622,-0.206;
8.142,9.629,-8.616,9.704,-8.691,-0.083,-0.513, 0.203,-0.198,0.593,-0.261, 0.570, 0.624,-0.203;
8.153,8.827,-4.324,8.908,-4.405,-0.083,-0.509, 0.220,0.000,0.393,1.515, 0.568, 0.628,-0.220;
8.164,11.518,-6.242,11.594,-6.318,-0.083,-0.502, 0.206,0.000,0.611,-1.301, 0.566, 0.630,-0.206;
8.175,9.674,-8.616,9.750,-8.691,-0.085,-0.496, 0.206,-0.198,0.595,0.000, 0.566, 0.631,-0.206;
8.187,11.178,-6.029,11.254,-6.105,-0.085,-0.489, 0.206,0.000,0.584,0.000, 0.563, 0.633,-0.206;
8.198,9.766,-9.027,9.837,-9.098,-0.087,-0.482, 0.192,-0.206,0.617,-1.321, 0.563, 0.635,-0.192;
8.209,8.720,-4.428,8.796,-4.503,-0.087,-0.478, 0.206,0.000,0.389,1.251, 0.560, 0.639,-0.206;
8.230,6.939,-5.190,7.013,-5.265,-0.089,-0.471, 0.203,-0.105,0.316,-0.139, 0.557, 0.648,-0.203;
8.242,10.738,-5.958,10.809,-6.029,-0.089,-0.464, 0.192,0.000,0.553,-0.942, 0.553, 0.650,-0.192;
8.255,9.034,-8.133,9.104,-8.202,-0.092,-0.458, 0.189,-0.180,0.541,-0.222, 0.552, 0.652,-0.189;
8.266,8.810,-4.502,8.885,-4.578,-0.092,-0.453, 0.206,0.000,0.394,1.509, 0.548, 0.656,-0.206;
8.278,9.204,-8.077,9.278,-8.151,-0.094,-0.446, 0.203,-0.182,0.546,-0.240, 0.547, 0.658,-0.203;
8.290,10.960,-6.120,11.030,-6.191,-0.094,-0.440, 0.192,0.000,0.571,-0.972, 0.543, 0.660,-0.192;
8.302,10.872,-6.075,10.942,-6.146,-0.094,-0.433, 0.192,0.000,0.565,0.000, 0.539, 0.661,-0.192;
8.313,9.394,-8.632,9.463,-8.701,-0.096,-0.426, 0.189,-0.193,0.579,-0.238, 0.537, 0.663,-0.189;
8.325,8.599,-4.388,8.675,-4.464,-0.096,-0.422, 0.206,0.000,0.378,1.449, 0.532, 0.666,-0.206;
8.337,9.414,-8.656,9.484,-8.725,-0.098,-0.415, 0.189,-0.193,0.580,-1.482, 0.530, 0.668,-0.189;
8.349,10.889,-6.107,10.960,-6.177,-0.098,-0.408, 0.192,0.000,0.567,0.233, 0.525, 0.669,-0.192;
8.360,9.504,-8.803,9.573,-8.872,-0.100,-0.402, 0.189,-0.197,0.592,-0.243, 0.523, 0.670,-0.189;
8.372,10.596,-6.126,10.661,-6.191,-0.100,-0.395, 0.177,0.000,0.551,-0.961, 0.517, 0.671,-0.177;
8.383,9.456,-9.064,9.520,-9.128,-0.103,-0.388, 0.175,-0.200,0.601,-0.229, 0.515, 0.671,-0.175;
8.395,8.707,-4.692,8.776,-4.762,-0.103,-0.384, 0.189,0.000,0.395,1.260, 0.510, 0.674,-0.189;
