0.000,0.000,0.000,0.000,0.000, 0.000, 0.000, 0.000,0.000,0.000,0.000, 0.000, 0.000, 0.000;
0.012,0.499,0.309,0.499,0.309,-0.203,-0.071, 0.014,0.000,0.000,0.000, 0.703, 0.081,-0.014;
0.024,0.501,0.307,0.501,0.307,-0.203,-0.071, 0.014,0.000,0.000,0.000, 0.703, 0.090,-0.014;
0.036,0.504,0.304,0.504,0.304,-0.203,-0.071, 0.014,0.000,0.000,0.000, 0.702, 0.100,-0.014;
0.049,0.506,0.302,0.506,0.302,-0.203,-0.071, 0.014,0.000,0.000,0.016, 0.702, 0.110,-0.014;
0.060,0.508,0.299,0.508,0.299,-0.203,-0.071, 0.014,0.000,0.000,0.000, 0.701, 0.119,-0.014;
0.073,0.510,0.297,0.510,0.297,-0.203,-0.071, 0.014,0.000,0.000,0.000, 0.700, 0.128,-0.014;
0.085,0.512,0.294,0.512,0.294,-0.203,-0.071, 0.014,0.000,0.000,0.000, 0.699, 0.138,-0.014;
0.096,0.514,0.292,0.514,0.292,-0.203,-0.071, 0.014,0.000,0.000,0.000, 0.697, 0.147,-0.014;
0.107,0.516,0.289,0.516,0.289,-0.203,-0.071, 0.014,0.000,0.000,0.000, 0.696, 0.155,-0.014;
0.118,0.518,0.287,0.518,0.287,-0.203,-0.071, 0.014,0.000,0.000,0.000, 0.695, 0.164,-0.014;
0.130,0.519,0.284,0.519,0.284,-0.203,-0.071, 0.014,0.000,0.000,0.000, 0.693, 0.173,-0.014;
0.141,0.521,0.282,0.521,0.282,-0.203,-0.071, 0.014,0.000,0.000,0.000, 0.691, 0.181,-0.014;
0.152,0.523,0.279,0.523,0.279,-0.203,-0.071, 0.014,0.000,0.000,0.000, 0.689, 0.190,-0.014;
0.174,0.526,0.274,0.526,0.274,-0.203,-0.071, 0.014,0.000,0.000,0.000, 0.685, 0.206,-0.014;
0.186,0.527,0.271,0.527,0.271,-0.203,-0.071, 0.014,0.000,0.000,0.000, 0.682, 0.215,-0.014;
0.197,0.529,0.269,0.529,0.269,-0.203,-0.071, 0.014,0.000,0.000,0.000, 0.679, 0.224,-0.014;
0.208,0.530,0.266,0.530,0.266,-0.203,-0.071, 0.014,0.000,0.000,0.000, 0.677, 0.232,-0.014;
0.220,0.532,0.263,0.532,0.263,-0.203,-0.071, 0.014,0.000,0.000,-0.018, 0.674, 0.241,-0.014;
0.231,0.533,0.261,0.533,0.261,-0.203,-0.071, 0.014,0.000,0.000,0.019, 0.671, 0.249,-0.014;
0.242,0.534,0.258,0.534,0.258,-0.203,-0.071, 0.014,0.000,0.000,0.000, 0.667, 0.257,-0.014;
0.255,0.536,0.255,0.536,0.255,-0.203,-0.071, 0.014,0.000,0.000,0.000, 0.664, 0.266,-0.014;
0.266,0.537,0.252,0.537,0.252,-0.203,-0.071, 0.014,0.000,0.000,0.000, 0.660, 0.274,-0.014;
0.277,0.538,0.249,0.538,0.249,-0.203,-0.071, 0.014,0.000,0.000,0.000, 0.657, 0.282,-0.014;
0.288,0.539,0.246,0.539,0.246,-0.203,-0.071, 0.014,0.000,0.000,0.000, 0.653, 0.290,-0.014;
0.299,0.540,0.243,0.540,0.243,-0.203,-0.071, 0.014,0.000,0.000,0.000, 0.649, 0.298,-0.014;
0.320,0.542,0.238,0.542,0.238,-0.203,-0.071, 0.014,0.000,0.000,0.000, 0.641, 0.312,-0.014;
0.331,0.543,0.235,0.543,0.235,-0.203,-0.071, 0.014,0.000,0.000,0.000, 0.637, 0.320,-0.014;
0.343,0.543,0.232,0.543,0.232,-0.203,-0.071, 0.014,0.000,0.000,0.000, 0.632, 0.328,-0.014;
0.354,0.544,0.229,0.544,0.229,-0.203,-0.071, 0.014,0.000,0.000,0.000, 0.628, 0.335,-0.014;
0.365,0.545,0.226,0.545,0.226,-0.203,-0.071, 0.014,0.000,0.000,0.000, 0.623, 0.343,-0.014;
0.376,0.546,0.223,0.546,0.223,-0.203,-0.071, 0.014,0.000,0.000,0.000, 0.618, 0.350,-0.014;
0.387,0.546,0.220,0.546,0.220,-0.203,-0.071, 0.014,0.000,0.000,0.000, 0.613, 0.357,-0.014;
0.399,0.547,0.217,0.547,0.217,-0.203,-0.071, 0.014,0.000,0.000,0.000, 0.608, 0.364,-0.014;
0.410,0.547,0.214,0.547,0.214,-0.203,-0.071, 0.014,0.000,0.000,0.000, 0.603, 0.372,-0.014;
0.422,0.548,0.211,0.548,0.211,-0.203,-0.071, 0.014,0.000,0.000,0.000, 0.597, 0.379,-0.014;
0.445,0.548,0.205,0.548,0.205,-0.203,-0.071, 0.014,0.000,0.000,0.000, 0.586, 0.393,-0.014;
0.448,0.549,0.204,0.549,0.204,-0.203,-0.071, 0.014,0.000,0.000,0.000, 0.584, 0.395,-0.014;
0.459,0.549,0.201,0.549,0.201,-0.203,-0.071, 0.014,0.000,0.000,0.000, 0.579, 0.402,-0.014;
0.470,0.549,0.198,0.549,0.198,-0.203,-0.071, 0.014,0.000,0.000,0.000, 0.573, 0.408,-0.014;
0.493,0.549,0.192,0.549,0.192,-0.203,-0.071, 0.014,0.000,0.000,0.000, 0.561, 0.421,-0.014;
0.496,0.549,0.191,0.549,0.191,-0.203,-0.071, 0.014,0.000,0.000,0.000, 0.559, 0.423,-0.014;
0.508,0.549,0.188,0.549,0.188,-0.203,-0.071, 0.014,0.000,0.000,0.000, 0.552, 0.429,-0.014;
0.529,0.549,0.182,0.549,0.182,-0.203,-0.071, 0.014,0.000,0.000,0.000, 0.540, 0.441,-0.014;
0.541,0.549,0.178,0.549,0.178,-0.203,-0.071, 0.014,0.000,0.000,0.000, 0.533, 0.447,-0.014;
0.553,0.549,0.175,0.549,0.175,-0.203,-0.071, 0.014,0.000,0.000,0.000, 0.526, 0.453,-0.014;
0.566,0.549,0.172,0.549,0.172,-0.203,-0.071, 0.014,0.000,0.000,0.000, 0.518, 0.460,-0.014;
0.576,0.548,0.169,0.548,0.169,-0.203,-0.071, 0.014,0.000,0.000,0.000, 0.512, 0.465,-0.014;
0.588,0.548,0.166,0.548,0.166,-0.203,-0.071, 0.014,0.000,0.000,0.000, 0.505, 0.470,-0.014;
0.599,0.548,0.163,0.548,0.163,-0.203,-0.071, 0.014,0.000,0.000,-0.018, 0.498, 0.475,-0.014;
0.611,0.547,0.160,0.547,0.160,-0.203,-0.071, 0.014,0.000,0.000,0.018, 0.490, 0.481,-0.014;
0.622,0.547,0.157,0.547,0.157,-0.203,-0.071, 0.014,0.000,0.000,0.000, 0.483, 0.486,-0.014;
0.634,0.546,0.153,0.546,0.153,-0.203,-0.071, 0.014,0.000,0.000,0.000, 0.475, 0.491,-0.014;
0.646,0.545,0.150,0.545,0.150,-0.203,-0.071, 0.014,0.000,0.000,0.000, 0.467, 0.496,-0.014;
0.657,0.545,0.147,0.545,0.147,-0.203,-0.071, 0.014,0.000,0.000,0.000, 0.460, 0.500,-0.014;
0.668,0.544,0.144,0.544,0.144,-0.203,-0.071, 0.014,0.000,0.000,0.000, 0.452, 0.505,-0.014;
0.679,0.543,0.142,0.543,0.142,-0.203,-0.071, 0.014,0.000,0.000,0.000, 0.445, 0.509,-0.014;
0.700,0.542,0.136,0.542,0.136,-0.203,-0.071, 0.014,0.000,0.000,0.000, 0.430, 0.517,-0.014;
0.712,0.541,0.133,0.541,0.133,-0.203,-0.071, 0.014,0.000,0.000,0.000, 0.422, 0.521,-0.014;
0.723,0.540,0.130,0.540,0.130,-0.203,-0.071, 0.014,0.000,0.000,0.000, 0.414, 0.525,-0.014;
0.735,0.539,0.127,0.539,0.127,-0.203,-0.071, 0.014,0.000,0.000,0.000, 0.406, 0.529,-0.014;
0.746,0.537,0.124,0.537,0.124,-0.203,-0.071, 0.014,0.000,0.000,0.000, 0.397, 0.532,-0.014;
0.758,0.536,0.121,0.536,0.121,-0.203,-0.071, 0.014,0.000,0.000,0.000, 0.388, 0.536,-0.014;
0.771,0.535,0.118,0.535,0.118,-0.203,-0.071, 0.014,0.000,0.000,-0.016, 0.379, 0.539,-0.014;
0.783,0.534,0.115,0.534,0.115,-0.203,-0.071, 0.014,0.000,0.000,0.017, 0.370, 0.543,-0.014;
0.794,0.532,0.112,0.532,0.112,-0.203,-0.071, 0.014,0.000,0.000,0.000, 0.362, 0.546,-0.014;
0.806,0.531,0.109,0.531,0.109,-0.203,-0.071, 0.014,0.000,0.000,0.000, 0.353, 0.548,-0.014;
0.818,0.529,0.107,0.529,0.107,-0.203,-0.071, 0.014,0.000,0.000,0.000, 0.344, 0.551,-0.014;
0.828,0.528,0.104,0.528,0.104,-0.203,-0.071, 0.014,0.000,0.000,0.000, 0.336, 0.553,-0.014;
0.840,0.527,0.101,0.527,0.101,-0.203,-0.071, 0.014,0.000,0.000,0.000, 0.328, 0.556,-0.014;
0.851,0.525,0.099,0.525,0.099,-0.203,-0.071, 0.014,0.000,0.000,0.000, 0.319, 0.558,-0.014;
0.862,0.523,0.096,0.523,0.096,-0.203,-0.071, 0.014,0.000,0.000,0.000, 0.311, 0.560,-0.014;
0.874,0.522,0.093,0.522,0.093,-0.203,-0.071, 0.014,0.000,0.000,0.000, 0.302, 0.562,-0.014;
0.895,0.518,0.088,0.518,0.088,-0.203,-0.071, 0.014,0.000,0.000,0.000, 0.285, 0.565,-0.014;
0.907,0.517,0.086,0.517,0.086,-0.203,-0.071, 0.014,0.000,0.000,0.000, 0.276, 0.566,-0.014;
0.920,0.515,0.083,0.515,0.083,-0.203,-0.071, 0.014,0.000,0.000,0.000, 0.266, 0.567,-0.014;
0.932,0.512,0.080,0.512,0.080,-0.203,-0.071, 0.014,0.000,0.000,0.000, 0.256, 0.569,-0.014;
0.944,0.510,0.078,0.510,0.078,-0.203,-0.071, 0.014,0.000,0.000,0.000, 0.247, 0.570,-0.014;
0.956,0.508,0.075,0.508,0.075,-0.203,-0.071, 0.014,0.000,0.000,-0.017, 0.237, 0.570,-0.014;
0.968,0.506,0.073,0.506,0.073,-0.203,-0.071, 0.014,0.000,0.000,0.000, 0.228, 0.571,-0.014;
0.980,0.504,0.070,0.504,0.070,-0.203,-0.071, 0.014,0.000,0.000,0.016, 0.218, 0.571,-0.014;
0.993,0.502,0.068,0.502,0.068,-0.203,-0.071, 0.014,0.000,0.000,0.000, 0.208, 0.571,-0.014;
1.005,0.499,0.066,0.499,0.066,-0.203,-0.071, 0.014,0.000,0.000,0.000, 0.199, 0.571,-0.014;
1.017,0.497,0.063,0.497,0.063,-0.203,-0.071, 0.014,0.000,0.000,0.000, 0.190, 0.571,-0.014;
1.028,0.495,0.061,0.495,0.061,-0.203,-0.071, 0.014,0.000,0.000,0.000, 0.181, 0.571,-0.014;
1.040,0.492,0.059,0.492,0.059,-0.203,-0.071, 0.014,0.000,0.000,0.000, 0.171, 0.570,-0.014;
1.052,0.490,0.057,0.490,0.057,-0.203,-0.071, 0.014,0.000,0.000,0.000, 0.162, 0.570,-0.014;
1.064,0.488,0.055,0.488,0.055,-0.203,-0.071, 0.014,0.000,0.000,0.000, 0.153, 0.569,-0.014;
1.077,0.485,0.052,0.485,0.052,-0.203,-0.071, 0.014,0.000,0.000,0.000, 0.143, 0.568,-0.014;
1.089,0.482,0.050,0.482,0.050,-0.203,-0.071, 0.014,0.000,0.000,0.000, 0.134, 0.567,-0.014;
1.100,0.480,0.048,0.480,0.048,-0.203,-0.071, 0.014,0.000,0.000,0.000, 0.125, 0.565,-0.014;
1.112,0.477,0.047,0.477,0.047,-0.203,-0.071, 0.014,0.000,0.000,0.000, 0.115, 0.564,-0.014;
1.125,0.474,0.044,0.474,0.044,-0.203,-0.071, 0.014,0.000,0.000,-0.016, 0.106, 0.562,-0.014;
1.138,0.472,0.043,0.472,0.043,-0.203,-0.071, 0.014,0.000,0.000,0.000, 0.096, 0.560,-0.014;
1.149,0.469,0.041,0.469,0.041,-0.203,-0.071, 0.014,0.000,0.000,0.000, 0.087, 0.558,-0.014;
1.162,0.466,0.039,0.466,0.039,-0.203,-0.071, 0.014,0.000,0.000,0.016, 0.077, 0.555,-0.014;
1.174,0.463,0.037,0.463,0.037,-0.203,-0.071, 0.014,0.000,0.000,0.000, 0.068, 0.553,-0.014;
1.186,0.460,0.036,0.460,0.036,-0.203,-0.071, 0.014,0.000,0.000,0.000, 0.059, 0.550,-0.014;
1.198,0.458,0.034,0.458,0.034,-0.203,-0.071, 0.014,0.000,0.000,0.000, 0.050, 0.547,-0.014;
1.210,0.455,0.033,0.455,0.033,-0.203,-0.071, 0.014,0.000,0.000,0.000, 0.041, 0.545,-0.014;
1.222,0.452,0.031,0.452,0.031,-0.203,-0.071, 0.014,0.000,0.000,0.000, 0.032, 0.541,-0.014;
1.233,0.449,0.030,0.449,0.030,-0.203,-0.071, 0.014,0.000,0.000,0.000, 0.024, 0.538,-0.014;
1.244,0.446,0.029,0.446,0.029,-0.203,-0.071, 0.014,0.000,0.000,0.000, 0.016, 0.535,-0.014;
1.255,0.443,0.028,0.443,0.028,-0.203,-0.071, 0.014,0.000,0.000,0.000, 0.008, 0.532,-0.014;
1.267,0.440,0.026,0.440,0.026,-0.203,-0.071, 0.014,0.000,0.000,0.000,-0.001, 0.528,-0.014;
1.277,0.438,0.025,0.438,0.025,-0.203,-0.071, 0.014,0.000,0.000,0.000,-0.008, 0.525,-0.014;
1.299,0.432,0.023,0.432,0.023,-0.203,-0.071, 0.014,0.000,0.000,-0.010,-0.023, 0.517,-0.014;
1.310,0.430,0.022,0.430,0.022,-0.203,-0.071, 0.014,0.000,0.000,0.000,-0.031, 0.513,-0.014;
1.321,0.426,0.021,0.426,0.021,-0.203,-0.071, 0.014,0.000,0.000,0.000,-0.039, 0.509,-0.014;
1.333,0.424,0.020,0.424,0.020,-0.203,-0.071, 0.014,0.000,0.000,0.000,-0.047, 0.505,-0.014;
1.344,0.420,0.020,0.420,0.020,-0.203,-0.071, 0.014,0.000,0.000,0.000,-0.054, 0.500,-0.014;
1.356,0.417,0.019,0.417,0.019,-0.203,-0.071, 0.014,0.000,0.000,0.000,-0.062, 0.495,-0.014;
1.368,0.414,0.018,0.414,0.018,-0.203,-0.071, 0.014,0.000,0.000,0.018,-0.070, 0.490,-0.014;
1.379,0.411,0.018,0.411,0.018,-0.203,-0.071, 0.014,0.000,0.000,0.000,-0.077, 0.486,-0.014;
1.389,0.409,0.017,0.409,0.017,-0.203,-0.071, 0.014,0.000,0.000,0.000,-0.084, 0.481,-0.014;
1.401,0.406,0.016,0.406,0.016,-0.203,-0.071, 0.014,0.000,0.000,0.000,-0.091, 0.476,-0.014;
1.412,0.403,0.016,0.403,0.016,-0.203,-0.071, 0.014,0.000,0.000,0.000,-0.098, 0.471,-0.014;
1.433,0.397,0.015,0.397,0.015,-0.203,-0.071, 0.014,0.000,0.000,0.000,-0.111, 0.460,-0.014;
1.445,0.394,0.015,0.394,0.015,-0.203,-0.071, 0.014,0.000,0.000,0.000,-0.118, 0.454,-0.014;
1.457,0.390,0.015,0.390,0.015,-0.203,-0.071, 0.014,0.000,0.000,0.000,-0.126, 0.448,-0.014;
1.469,0.387,0.014,0.387,0.014,-0.203,-0.071, 0.014,0.000,0.000,0.000,-0.133, 0.442,-0.014;
1.480,0.384,0.014,0.384,0.014,-0.203,-0.071, 0.014,0.000,0.000,-0.018,-0.139, 0.436,-0.014;
1.492,0.381,0.014,0.381,0.014,-0.203,-0.071, 0.014,0.000,0.000,0.018,-0.146, 0.429,-0.014;
1.504,0.378,0.014,0.378,0.014,-0.203,-0.071, 0.014,0.000,0.000,-0.018,-0.153, 0.423,-0.014;
1.515,0.374,0.014,0.374,0.014,-0.203,-0.071, 0.014,0.000,0.000,0.000,-0.159, 0.416,-0.014;
1.526,0.372,0.014,0.372,0.014,-0.203,-0.071, 0.014,0.000,0.000,0.000,-0.165, 0.410,-0.014;
1.537,0.368,0.014,0.368,0.014,-0.203,-0.071, 0.014,0.000,0.000,0.000,-0.171, 0.404,-0.014;
1.549,0.365,0.014,0.365,0.014,-0.203,-0.071, 0.014,0.000,0.000,0.018,-0.177, 0.397,-0.014;
1.560,0.362,0.015,0.362,0.015,-0.203,-0.071, 0.014,0.000,0.000,0.000,-0.182, 0.390,-0.014;
1.571,0.359,0.015,0.359,0.015,-0.203,-0.071, 0.014,0.000,0.000,0.000,-0.188, 0.383,-0.014;
1.583,0.356,0.015,0.356,0.015,-0.203,-0.071, 0.014,0.000,0.000,0.000,-0.193, 0.376,-0.014;
1.604,0.350,0.016,0.350,0.016,-0.203,-0.071, 0.014,0.000,0.000,0.000,-0.203, 0.363,-0.014;
1.617,0.347,0.016,0.347,0.016,-0.203,-0.071, 0.014,0.000,0.000,0.000,-0.209, 0.354,-0.014;
1.620,0.346,0.017,0.346,0.017,-0.203,-0.071, 0.014,0.000,0.000,0.000,-0.211, 0.352,-0.014;
1.642,0.340,0.018,0.340,0.018,-0.203,-0.071, 0.014,0.000,0.000,0.000,-0.220, 0.338,-0.014;
1.653,0.337,0.018,0.337,0.018,-0.203,-0.071, 0.014,0.000,0.000,0.000,-0.225, 0.330,-0.014;
1.665,0.334,0.019,0.334,0.019,-0.203,-0.071, 0.014,0.000,0.000,0.000,-0.229, 0.322,-0.014;
1.677,0.331,0.020,0.331,0.020,-0.203,-0.071, 0.014,0.000,0.000,0.000,-0.234, 0.314,-0.014;
1.689,0.328,0.021,0.328,0.021,-0.203,-0.071, 0.014,0.000,0.000,0.000,-0.238, 0.306,-0.014;
1.700,0.325,0.022,0.325,0.022,-0.203,-0.071, 0.014,0.000,0.000,-0.018,-0.243, 0.298,-0.014;
1.713,0.322,0.023,0.322,0.023,-0.203,-0.071, 0.014,0.000,0.000,0.000,-0.247, 0.290,-0.014;
1.726,0.318,0.024,0.318,0.024,-0.203,-0.071, 0.014,0.000,0.000,0.000,-0.251, 0.280,-0.014;
1.737,0.315,0.025,0.315,0.025,-0.203,-0.071, 0.014,0.000,0.000,0.018,-0.255, 0.272,-0.014;
1.749,0.312,0.026,0.312,0.026,-0.203,-0.071, 0.014,0.000,0.000,0.000,-0.259, 0.263,-0.014;
1.761,0.309,0.027,0.309,0.027,-0.203,-0.071, 0.014,0.000,0.000,0.000,-0.262, 0.255,-0.014;
1.773,0.307,0.029,0.307,0.029,-0.203,-0.071, 0.014,0.000,0.000,0.000,-0.265, 0.246,-0.014;
1.784,0.304,0.030,0.304,0.030,-0.203,-0.071, 0.014,0.000,0.000,0.000,-0.268, 0.238,-0.014;
1.796,0.301,0.031,0.301,0.031,-0.203,-0.071, 0.014,0.000,0.000,0.000,-0.271, 0.229,-0.014;
1.807,0.298,0.033,0.298,0.033,-0.203,-0.071, 0.014,0.000,0.000,0.000,-0.274, 0.221,-0.014;
1.818,0.295,0.034,0.295,0.034,-0.203,-0.071, 0.014,0.000,0.000,0.000,-0.277, 0.213,-0.014;
1.829,0.293,0.035,0.293,0.035,-0.203,-0.071, 0.014,0.000,0.000,0.000,-0.279, 0.204,-0.014;
1.841,0.290,0.037,0.290,0.037,-0.203,-0.071, 0.014,0.000,0.000,0.000,-0.281, 0.195,-0.014;
1.852,0.287,0.038,0.287,0.038,-0.203,-0.071, 0.014,0.000,0.000,0.000,-0.283, 0.186,-0.014;
1.874,0.282,0.042,0.282,0.042,-0.203,-0.071, 0.014,0.000,0.000,0.000,-0.287, 0.170,-0.014;
1.879,0.281,0.042,0.281,0.042,-0.203,-0.071, 0.014,0.000,0.000,0.000,-0.288, 0.166,-0.014;
1.889,0.279,0.044,0.279,0.044,-0.203,-0.071, 0.014,0.000,0.000,-0.020,-0.289, 0.158,-0.014;
1.901,0.276,0.046,0.276,0.046,-0.203,-0.071, 0.014,0.000,0.000,0.000,-0.291, 0.149,-0.014;
1.922,0.271,0.049,0.271,0.049,-0.203,-0.071, 0.014,0.000,0.000,0.010,-0.293, 0.132,-0.014;
1.934,0.269,0.051,0.269,0.051,-0.203,-0.071, 0.014,0.000,0.000,0.000,-0.294, 0.123,-0.014;
1.946,0.266,0.053,0.266,0.053,-0.203,-0.071, 0.014,0.000,0.000,0.000,-0.295, 0.114,-0.014;
1.958,0.264,0.055,0.264,0.055,-0.203,-0.071, 0.014,0.000,0.000,0.000,-0.296, 0.105,-0.014;
1.970,0.261,0.057,0.261,0.057,-0.203,-0.071, 0.014,0.000,0.000,0.000,-0.296, 0.095,-0.014;
1.983,0.259,0.060,0.259,0.060,-0.203,-0.071, 0.014,0.000,0.000,0.000,-0.297, 0.085,-0.014;
1.994,0.257,0.062,0.257,0.062,-0.203,-0.071, 0.014,0.000,0.000,0.000,-0.297, 0.076,-0.014;
2.007,0.254,0.064,0.254,0.064,-0.203,-0.071, 0.014,0.000,0.000,0.000,-0.297, 0.066,-0.014;
2.019,0.252,0.067,0.252,0.067,-0.203,-0.071, 0.014,0.000,0.000,0.000,-0.297, 0.057,-0.014;
2.030,0.250,0.069,0.250,0.069,-0.203,-0.071, 0.014,0.000,0.000,0.000,-0.296, 0.048,-0.014;
2.042,0.248,0.071,0.248,0.071,-0.203,-0.071, 0.014,0.000,0.000,0.000,-0.296, 0.039,-0.014;
2.054,0.245,0.074,0.245,0.074,-0.203,-0.071, 0.014,0.000,0.000,0.000,-0.295, 0.029,-0.014;
2.065,0.243,0.076,0.243,0.076,-0.203,-0.071, 0.014,0.000,0.000,0.000,-0.294, 0.020,-0.014;
2.076,0.241,0.078,0.241,0.078,-0.203,-0.071, 0.014,0.000,0.000,-0.018,-0.293, 0.012,-0.014;
2.087,0.240,0.081,0.240,0.081,-0.203,-0.071, 0.014,0.000,0.000,0.000,-0.292, 0.003,-0.014;
2.098,0.238,0.083,0.238,0.083,-0.203,-0.071, 0.014,0.000,0.000,0.019,-0.291,-0.006,-0.014;
2.109,0.236,0.085,0.236,0.085,-0.203,-0.071, 0.014,0.000,0.000,0.000,-0.290,-0.014,-0.014;
2.120,0.234,0.088,0.234,0.088,-0.203,-0.071, 0.014,0.000,0.000,0.000,-0.288,-0.023,-0.014;
2.142,0.231,0.093,0.231,0.093,-0.203,-0.071, 0.014,0.000,0.000,0.000,-0.285,-0.039,-0.014;
2.153,0.229,0.095,0.229,0.095,-0.203,-0.071, 0.014,0.000,0.000,0.000,-0.282,-0.048,-0.014;
2.165,0.228,0.098,0.228,0.098,-0.203,-0.071, 0.014,0.000,0.000,0.000,-0.280,-0.057,-0.014;
2.176,0.226,0.101,0.226,0.101,-0.203,-0.071, 0.014,0.000,0.000,0.000,-0.278,-0.065,-0.014;
2.188,0.225,0.103,0.225,0.103,-0.203,-0.071, 0.014,0.000,0.000,0.000,-0.275,-0.074,-0.014;
2.202,0.223,0.107,0.223,0.107,-0.203,-0.071, 0.014,0.000,0.000,0.000,-0.272,-0.085,-0.014;
2.214,0.221,0.110,0.221,0.110,-0.203,-0.071, 0.014,0.000,0.000,0.000,-0.269,-0.093,-0.014;
2.226,0.220,0.113,0.220,0.113,-0.203,-0.071, 0.014,0.000,0.000,0.000,-0.266,-0.103,-0.014;
2.238,0.218,0.115,0.218,0.115,-0.203,-0.071, 0.014,0.000,0.000,0.000,-0.262,-0.111,-0.014;
2.249,0.217,0.118,0.217,0.118,-0.203,-0.071, 0.014,0.000,0.000,0.000,-0.259,-0.119,-0.014;
2.260,0.216,0.121,0.216,0.121,-0.203,-0.071, 0.014,0.000,0.000,-0.018,-0.256,-0.127,-0.014;
2.271,0.215,0.124,0.215,0.124,-0.203,-0.071, 0.014,0.000,0.000,0.019,-0.252,-0.135,-0.014;
2.284,0.214,0.127,0.214,0.127,-0.203,-0.071, 0.014,0.000,0.000,0.000,-0.248,-0.144,-0.014;
2.294,0.213,0.130,0.213,0.130,-0.203,-0.071, 0.014,0.000,0.000,0.000,-0.244,-0.152,-0.014;
2.305,0.212,0.133,0.212,0.133,-0.203,-0.071, 0.014,0.000,0.000,0.000,-0.241,-0.159,-0.014;
2.317,0.211,0.136,0.211,0.136,-0.203,-0.071, 0.014,0.000,0.000,0.000,-0.236,-0.167,-0.014;
2.338,0.209,0.141,0.209,0.141,-0.203,-0.071, 0.014,0.000,0.000,0.000,-0.228,-0.182,-0.014;
2.349,0.208,0.144,0.208,0.144,-0.203,-0.071, 0.014,0.000,0.000,0.000,-0.223,-0.189,-0.014;
2.361,0.208,0.147,0.208,0.147,-0.203,-0.071, 0.014,0.000,0.000,0.000,-0.219,-0.197,-0.014;
2.373,0.207,0.150,0.207,0.150,-0.203,-0.071, 0.014,0.000,0.000,0.000,-0.214,-0.205,-0.014;
2.384,0.206,0.153,0.206,0.153,-0.203,-0.071, 0.014,0.000,0.000,0.000,-0.208,-0.213,-0.014;
2.396,0.206,0.157,0.206,0.157,-0.203,-0.071, 0.014,0.000,0.000,0.000,-0.203,-0.220,-0.014;
2.407,0.205,0.160,0.205,0.160,-0.203,-0.071, 0.014,0.000,0.000,0.000,-0.198,-0.227,-0.014;
2.418,0.205,0.163,0.205,0.163,-0.203,-0.071, 0.014,0.000,0.000,0.000,-0.193,-0.234,-0.014;
2.429,0.204,0.165,0.204,0.165,-0.203,-0.071, 0.014,0.000,0.000,0.000,-0.187,-0.241,-0.014;
2.442,0.204,0.169,0.204,0.169,-0.203,-0.071, 0.014,0.000,0.000,0.000,-0.181,-0.248,-0.014;
2.453,0.204,0.172,0.204,0.172,-0.203,-0.071, 0.014,0.000,0.000,-0.019,-0.176,-0.255,-0.014;
2.464,0.203,0.175,0.203,0.175,-0.203,-0.071, 0.014,0.000,0.000,0.019,-0.170,-0.261,-0.014;
2.485,0.203,0.181,0.203,0.181,-0.203,-0.071, 0.014,0.000,0.000,0.000,-0.159,-0.274,-0.014;
2.496,0.203,0.184,0.203,0.184,-0.203,-0.071, 0.014,0.000,0.000,0.000,-0.152,-0.280,-0.014;
2.508,0.203,0.187,0.203,0.187,-0.203,-0.071, 0.014,0.000,0.000,0.000,-0.146,-0.286,-0.014;
2.519,0.203,0.190,0.203,0.190,-0.203,-0.071, 0.014,0.000,0.000,0.000,-0.140,-0.293,-0.014;
2.531,0.203,0.193,0.203,0.193,-0.203,-0.071, 0.014,0.000,0.000,0.000,-0.133,-0.299,-0.014;
2.542,0.203,0.196,0.203,0.196,-0.203,-0.071, 0.014,0.000,0.000,0.000,-0.126,-0.305,-0.014;
2.553,0.203,0.199,0.203,0.199,-0.203,-0.071, 0.014,0.000,0.000,0.000,-0.120,-0.310,-0.014;
2.565,0.204,0.202,0.204,0.202,-0.203,-0.071, 0.014,0.000,0.000,0.000,-0.113,-0.316,-0.014;
2.576,0.204,0.205,0.204,0.205,-0.203,-0.071, 0.014,0.000,0.000,0.000,-0.106,-0.322,-0.014;
2.587,0.204,0.208,0.204,0.208,-0.203,-0.071, 0.014,0.000,0.000,0.000,-0.099,-0.327,-0.014;
2.598,0.205,0.211,0.205,0.211,-0.203,-0.071, 0.014,0.000,0.000,0.000,-0.092,-0.332,-0.014;
2.620,0.206,0.217,0.206,0.217,-0.203,-0.071, 0.014,0.000,0.000,0.000,-0.078,-0.342,-0.014;
2.632,0.206,0.220,0.206,0.220,-0.203,-0.071, 0.014,0.000,0.000,-0.016,-0.070,-0.348,-0.014;
2.637,0.206,0.222,0.206,0.222,-0.203,-0.071, 0.014,0.000,0.000,0.050,-0.067,-0.349,-0.014;
2.647,0.207,0.224,0.207,0.224,-0.203,-0.071, 0.014,0.000,0.000,0.000,-0.060,-0.353,-0.014;
2.668,0.208,0.230,0.208,0.230,-0.203,-0.071, 0.014,0.000,0.000,0.000,-0.046,-0.362,-0.014;
2.680,0.209,0.233,0.209,0.233,-0.203,-0.071, 0.014,0.000,0.000,0.000,-0.038,-0.367,-0.014;
2.691,0.210,0.236,0.210,0.236,-0.203,-0.071, 0.014,0.000,0.000,0.000,-0.030,-0.371,-0.014;
2.702,0.211,0.239,0.211,0.239,-0.203,-0.071, 0.014,0.000,0.000,0.000,-0.022,-0.375,-0.014;
2.714,0.212,0.242,0.212,0.242,-0.203,-0.071, 0.014,0.000,0.000,0.000,-0.014,-0.379,-0.014;
2.726,0.213,0.245,0.213,0.245,-0.203,-0.071, 0.014,0.000,0.000,0.000,-0.005,-0.383,-0.014;
2.738,0.214,0.248,0.214,0.248,-0.203,-0.071, 0.014,0.000,0.000,0.000, 0.003,-0.387,-0.014;
2.750,0.215,0.251,0.215,0.251,-0.203,-0.071, 0.014,0.000,0.000,0.000, 0.012,-0.391,-0.014;
2.764,0.217,0.255,0.217,0.255,-0.203,-0.071, 0.014,0.000,0.000,0.000, 0.022,-0.394,-0.014;
2.776,0.218,0.258,0.218,0.258,-0.203,-0.071, 0.014,0.000,0.000,0.000, 0.031,-0.398,-0.014;
2.788,0.219,0.261,0.219,0.261,-0.203,-0.071, 0.014,0.000,0.000,0.000, 0.039,-0.401,-0.014;
2.800,0.221,0.263,0.221,0.263,-0.203,-0.071, 0.014,0.000,0.000,-0.017, 0.048,-0.404,-0.014;
2.812,0.222,0.267,0.222,0.267,-0.203,-0.071, 0.014,0.000,0.000,0.000, 0.058,-0.407,-0.014;
2.824,0.224,0.269,0.224,0.269,-0.203,-0.071, 0.014,0.000,0.000,0.000, 0.066,-0.410,-0.014;
2.836,0.225,0.272,0.225,0.272,-0.203,-0.071, 0.014,0.000,0.000,0.016, 0.076,-0.412,-0.014;
2.848,0.227,0.275,0.227,0.275,-0.203,-0.071, 0.014,0.000,0.000,0.000, 0.085,-0.414,-0.014;
2.860,0.229,0.278,0.229,0.278,-0.203,-0.071, 0.014,0.000,0.000,0.000, 0.094,-0.417,-0.014;
2.871,0.230,0.280,0.230,0.280,-0.203,-0.071, 0.014,0.000,0.000,0.000, 0.103,-0.418,-0.014;
2.883,0.232,0.283,0.232,0.283,-0.203,-0.071, 0.014,0.000,0.000,0.000, 0.112,-0.420,-0.014;
2.894,0.234,0.286,0.234,0.286,-0.203,-0.071, 0.014,0.000,0.000,0.000, 0.120,-0.422,-0.014;
2.906,0.235,0.288,0.235,0.288,-0.203,-0.071, 0.014,0.000,0.000,0.000, 0.129,-0.423,-0.014;
2.917,0.237,0.291,0.237,0.291,-0.203,-0.071, 0.014,0.000,0.000,0.000, 0.138,-0.424,-0.014;
2.928,0.239,0.293,0.239,0.293,-0.203,-0.071, 0.014,0.000,0.000,0.000, 0.147,-0.425,-0.014;
2.950,0.243,0.298,0.243,0.298,-0.203,-0.071, 0.014,0.000,0.000,0.000, 0.163,-0.427,-0.014;
2.961,0.245,0.300,0.245,0.300,-0.203,-0.071, 0.014,0.000,0.000,0.000, 0.173,-0.428,-0.014;
2.973,0.247,0.302,0.247,0.302,-0.203,-0.071, 0.014,0.000,0.000,0.000, 0.182,-0.428,-0.014;
2.985,0.249,0.305,0.249,0.305,-0.203,-0.071, 0.014,0.000,0.000,-0.017, 0.191,-0.428,-0.014;
2.997,0.251,0.307,0.251,0.307,-0.203,-0.071, 0.014,0.000,0.000,0.000, 0.201,-0.429,-0.014;
3.008,0.254,0.309,0.254,0.309,-0.203,-0.071, 0.014,0.000,0.000,0.000, 0.209,-0.429,-0.014;
3.020,0.256,0.312,0.256,0.312,-0.203,-0.071, 0.014,0.000,0.000,0.000, 0.219,-0.428,-0.014;
3.031,0.258,0.314,0.258,0.314,-0.203,-0.071, 0.014,0.000,0.000,0.000, 0.228,-0.428,-0.014;
3.043,0.260,0.316,0.260,0.316,-0.203,-0.071, 0.014,0.000,0.000,0.018, 0.237,-0.427,-0.014;
3.054,0.263,0.318,0.263,0.318,-0.203,-0.071, 0.014,0.000,0.000,0.000, 0.245,-0.427,-0.014;
3.065,0.265,0.320,0.265,0.320,-0.203,-0.071, 0.014,0.000,0.000,0.000, 0.254,-0.426,-0.014;
3.077,0.267,0.322,0.267,0.322,-0.203,-0.071, 0.014,0.000,0.000,0.000, 0.263,-0.425,-0.014;
3.088,0.270,0.324,0.270,0.324,-0.203,-0.071, 0.014,0.000,0.000,0.000, 0.272,-0.424,-0.014;
3.099,0.272,0.326,0.272,0.326,-0.203,-0.071, 0.014,0.000,0.000,0.000, 0.281,-0.423,-0.014;
3.121,0.277,0.329,0.277,0.329,-0.203,-0.071, 0.014,0.000,0.000,0.000, 0.298,-0.420,-0.014;
3.133,0.280,0.331,0.280,0.331,-0.203,-0.071, 0.014,0.000,0.000,0.000, 0.307,-0.418,-0.014;
3.145,0.282,0.333,0.282,0.333,-0.203,-0.071, 0.014,0.000,0.000,0.000, 0.316,-0.416,-0.014;
3.158,0.285,0.335,0.285,0.335,-0.203,-0.071, 0.014,0.000,0.000,0.000, 0.326,-0.413,-0.014;
3.170,0.288,0.336,0.288,0.336,-0.203,-0.071, 0.014,0.000,0.000,-0.017, 0.335,-0.411,-0.014;
3.182,0.291,0.338,0.291,0.338,-0.203,-0.071, 0.014,0.000,0.000,0.017, 0.344,-0.408,-0.014;
3.194,0.294,0.340,0.294,0.340,-0.203,-0.071, 0.014,0.000,0.000,0.000, 0.353,-0.406,-0.014;
3.206,0.297,0.341,0.297,0.341,-0.203,-0.071, 0.014,0.000,0.000,0.000, 0.362,-0.403,-0.014;
3.216,0.299,0.342,0.299,0.342,-0.203,-0.071, 0.014,0.000,0.000,-0.019, 0.370,-0.400,-0.014;
3.228,0.302,0.344,0.302,0.344,-0.203,-0.071, 0.014,0.000,0.000,0.018, 0.378,-0.397,-0.014;
3.240,0.305,0.345,0.305,0.345,-0.203,-0.071, 0.014,0.000,0.000,0.000, 0.387,-0.393,-0.014;
3.252,0.308,0.346,0.308,0.346,-0.203,-0.071, 0.014,0.000,0.000,0.000, 0.396,-0.390,-0.014;
3.264,0.311,0.348,0.311,0.348,-0.203,-0.071, 0.014,0.000,0.000,0.000, 0.405,-0.386,-0.014;
3.276,0.314,0.349,0.314,0.349,-0.203,-0.071, 0.014,0.000,0.000,0.000, 0.413,-0.382,-0.014;
3.288,0.317,0.350,0.317,0.350,-0.203,-0.071, 0.014,0.000,0.000,0.000, 0.422,-0.378,-0.014;
3.300,0.320,0.351,0.320,0.351,-0.203,-0.071, 0.014,0.000,0.000,0.000, 0.430,-0.374,-0.014;
3.311,0.323,0.352,0.323,0.352,-0.203,-0.071, 0.014,0.000,0.000,0.000, 0.438,-0.370,-0.014;
3.323,0.326,0.353,0.326,0.353,-0.203,-0.071, 0.014,0.000,0.000,0.000, 0.446,-0.366,-0.014;
3.335,0.329,0.354,0.329,0.354,-0.203,-0.071, 0.014,0.000,0.000,0.000, 0.454,-0.361,-0.014;
3.346,0.332,0.355,0.332,0.355,-0.203,-0.071, 0.014,0.000,0.000,0.000, 0.461,-0.357,-0.014;
3.356,0.335,0.355,0.335,0.355,-0.203,-0.071, 0.014,0.000,0.000,0.000, 0.469,-0.352,-0.014;
3.368,0.338,0.356,0.338,0.356,-0.203,-0.071, 0.014,0.000,0.000,0.000, 0.476,-0.347,-0.014;
3.390,0.344,0.357,0.344,0.357,-0.203,-0.071, 0.014,0.000,0.000,0.000, 0.490,-0.338,-0.014;
3.402,0.347,0.358,0.347,0.358,-0.203,-0.071, 0.014,0.000,0.000,-0.016, 0.499,-0.332,-0.014;
3.414,0.350,0.358,0.350,0.358,-0.203,-0.071, 0.014,0.000,0.000,0.017, 0.506,-0.326,-0.014;
3.426,0.354,0.359,0.354,0.359,-0.203,-0.071, 0.014,0.000,0.000,0.000, 0.513,-0.321,-0.014;
3.438,0.357,0.359,0.357,0.359,-0.203,-0.071, 0.014,0.000,0.000,0.000, 0.520,-0.315,-0.014;
3.449,0.360,0.360,0.360,0.360,-0.203,-0.071, 0.014,0.000,0.000,0.000, 0.527,-0.309,-0.014;
3.461,0.363,0.360,0.363,0.360,-0.203,-0.071, 0.014,0.000,0.000,0.000, 0.535,-0.303,-0.014;
3.474,0.367,0.360,0.367,0.360,-0.203,-0.071, 0.014,0.000,0.000,0.000, 0.542,-0.296,-0.014;
3.486,0.370,0.360,0.370,0.360,-0.203,-0.071, 0.014,0.000,0.000,0.000, 0.549,-0.290,-0.014;
3.498,0.373,0.360,0.373,0.360,-0.203,-0.071, 0.014,0.000,0.000,0.000, 0.556,-0.283,-0.014;
3.510,0.376,0.360,0.376,0.360,-0.203,-0.071, 0.014,0.000,0.000,0.000, 0.562,-0.277,-0.014;
3.522,0.379,0.360,0.379,0.360,-0.203,-0.071, 0.014,0.000,0.000,0.000, 0.568,-0.270,-0.014;
3.533,0.383,0.360,0.383,0.360,-0.203,-0.071, 0.014,0.000,0.000,0.000, 0.575,-0.263,-0.014;
3.546,0.386,0.360,0.386,0.360,-0.203,-0.071, 0.014,0.000,0.000,0.000, 0.581,-0.256,-0.014;
3.558,0.389,0.360,0.389,0.360,-0.203,-0.071, 0.014,0.000,0.000,0.000, 0.587,-0.249,-0.014;
3.570,0.393,0.360,0.393,0.360,-0.203,-0.071, 0.014,0.000,0.000,0.000, 0.594,-0.241,-0.014;
3.582,0.396,0.359,0.396,0.359,-0.203,-0.071, 0.014,0.000,0.000,-0.018, 0.599,-0.234,-0.014;
3.594,0.399,0.359,0.399,0.359,-0.203,-0.071, 0.014,0.000,0.000,0.017, 0.605,-0.226,-0.014;
3.606,0.402,0.358,0.402,0.358,-0.203,-0.071, 0.014,0.000,0.000,0.000, 0.611,-0.218,-0.014;
3.619,0.406,0.358,0.406,0.358,-0.203,-0.071, 0.014,0.000,0.000,0.000, 0.616,-0.210,-0.014;
3.630,0.409,0.357,0.409,0.357,-0.203,-0.071, 0.014,0.000,0.000,0.000, 0.621,-0.203,-0.014;
3.642,0.412,0.357,0.412,0.357,-0.203,-0.071, 0.014,0.000,0.000,0.000, 0.626,-0.195,-0.014;
3.654,0.415,0.356,0.415,0.356,-0.203,-0.071, 0.014,0.000,0.000,0.000, 0.631,-0.187,-0.014;
3.665,0.418,0.355,0.418,0.355,-0.203,-0.071, 0.014,0.000,0.000,0.000, 0.635,-0.180,-0.014;
3.676,0.421,0.354,0.421,0.354,-0.203,-0.071, 0.014,0.000,0.000,0.000, 0.640,-0.172,-0.014;
3.687,0.424,0.354,0.424,0.354,-0.203,-0.071, 0.014,0.000,0.000,0.000, 0.644,-0.164,-0.014;
3.699,0.427,0.353,0.427,0.353,-0.203,-0.071, 0.014,0.000,0.000,0.000, 0.648,-0.156,-0.014;
3.720,0.432,0.351,0.432,0.351,-0.203,-0.071, 0.014,0.000,0.000,0.000, 0.656,-0.141,-0.014;
3.732,0.436,0.350,0.436,0.350,-0.203,-0.071, 0.014,0.000,0.000,0.000, 0.660,-0.133,-0.014;
3.744,0.438,0.349,0.438,0.349,-0.203,-0.071, 0.014,0.000,0.000,0.000, 0.663,-0.125,-0.014;
3.755,0.441,0.348,0.441,0.348,-0.203,-0.071, 0.014,0.000,0.000,0.000, 0.667,-0.116,-0.014;
3.768,0.445,0.346,0.445,0.346,-0.203,-0.071, 0.014,0.000,0.000,0.000, 0.670,-0.107,-0.014;
3.780,0.448,0.345,0.448,0.345,-0.203,-0.071, 0.014,0.000,0.000,0.000, 0.674,-0.098,-0.014;
3.793,0.451,0.343,0.451,0.343,-0.203,-0.071, 0.014,0.000,0.000,0.000, 0.677,-0.088,-0.014;
3.805,0.454,0.342,0.454,0.342,-0.203,-0.071, 0.014,0.000,0.000,0.000, 0.680,-0.079,-0.014;
3.817,0.457,0.340,0.457,0.340,-0.203,-0.071, 0.014,0.000,0.000,0.000, 0.683,-0.070,-0.014;
3.829,0.460,0.339,0.460,0.339,-0.203,-0.071, 0.014,0.000,0.000,0.000, 0.685,-0.061,-0.014;
3.840,0.462,0.337,0.462,0.337,-0.203,-0.071, 0.014,0.000,0.000,0.000, 0.687,-0.053,-0.014;
3.852,0.465,0.336,0.465,0.336,-0.203,-0.071, 0.014,0.000,0.000,0.000, 0.690,-0.044,-0.014;
3.864,0.468,0.334,0.468,0.334,-0.203,-0.071, 0.014,0.000,0.000,0.000, 0.692,-0.035,-0.014;
3.875,0.470,0.333,0.470,0.333,-0.203,-0.071, 0.014,0.000,0.000,0.000, 0.694,-0.026,-0.014;
3.887,0.473,0.331,0.473,0.331,-0.203,-0.071, 0.014,0.000,0.000,0.000, 0.695,-0.017,-0.014;
3.900,0.476,0.329,0.476,0.329,-0.203,-0.071, 0.014,0.000,0.000,0.000, 0.697,-0.007,-0.014;
3.911,0.478,0.327,0.478,0.327,-0.203,-0.071, 0.014,0.000,0.000,0.000, 0.698, 0.002,-0.014;
3.923,0.481,0.325,0.481,0.325,-0.203,-0.071, 0.014,0.000,0.000,0.000, 0.699, 0.011,-0.014;
3.935,0.483,0.323,0.483,0.323,-0.203,-0.071, 0.014,0.000,0.000,0.000, 0.700, 0.020,-0.014;
3.946,0.486,0.321,0.486,0.321,-0.203,-0.071, 0.014,0.000,0.000,0.000, 0.701, 0.029,-0.014;
3.958,0.488,0.319,0.488,0.319,-0.203,-0.071, 0.014,0.000,0.000,0.000, 0.702, 0.038,-0.014;
3.969,0.491,0.317,0.491,0.317,-0.203,-0.071, 0.014,0.000,0.000,0.000, 0.703, 0.047,-0.014;
3.980,0.493,0.315,0.493,0.315,-0.203,-0.071, 0.014,0.000,0.000,0.000, 0.703, 0.056,-0.014;
3.991,0.495,0.313,0.495,0.313,-0.203,-0.071, 0.014,0.000,0.000,-0.018, 0.703, 0.065,-0.014;
4.013,0.499,0.309,0.499,0.309,-0.203,-0.071, 0.014,0.000,0.000,0.010, 0.703, 0.082,-0.014;
4.025,0.502,0.307,0.502,0.307,-0.203,-0.071, 0.014,0.000,0.000,0.000, 0.703, 0.091,-0.014;
4.037,0.504,0.304,0.504,0.304,-0.203,-0.071, 0.014,0.000,0.000,0.000, 0.702, 0.100,-0.014;
4.049,0.506,0.302,0.506,0.302,-0.203,-0.071, 0.014,0.000,0.000,0.000, 0.702, 0.110,-0.014;
4.061,0.508,0.299,0.508,0.299,-0.203,-0.071, 0.014,0.000,0.000,0.000, 0.701, 0.119,-0.014;
4.073,0.510,0.297,0.510,0.297,-0.203,-0.071, 0.014,0.000,0.000,0.000, 0.700, 0.128,-0.014;
4.085,0.512,0.294,0.512,0.294,-0.203,-0.071, 0.014,0.000,0.000,0.000, 0.699, 0.138,-0.014;
4.096,0.514,0.292,0.514,0.292,-0.203,-0.071, 0.014,0.000,0.000,0.000, 0.697, 0.147,-0.014;
4.108,0.516,0.289,0.516,0.289,-0.203,-0.071, 0.014,0.000,0.000,0.000, 0.696, 0.156,-0.014;
4.120,0.518,0.287,0.518,0.287,-0.203,-0.071, 0.014,0.000,0.000,0.000, 0.694, 0.165,-0.014;
4.132,0.520,0.284,0.520,0.284,-0.203,-0.071, 0.014,0.000,0.000,-0.017, 0.692, 0.174,-0.014;
4.143,0.522,0.281,0.522,0.281,-0.203,-0.071, 0.014,0.000,0.000,0.000, 0.690, 0.183,-0.014;
4.155,0.523,0.279,0.523,0.279,-0.203,-0.071, 0.014,0.000,0.000,0.000, 0.688, 0.192,-0.014;
4.167,0.525,0.276,0.525,0.276,-0.203,-0.071, 0.014,0.000,0.000,0.017, 0.686, 0.201,-0.014;
4.178,0.526,0.273,0.526,0.273,-0.203,-0.071, 0.014,0.000,0.000,0.000, 0.684, 0.209,-0.014;
4.189,0.528,0.271,0.528,0.271,-0.203,-0.071, 0.014,0.000,0.000,0.000, 0.681, 0.218,-0.014;
4.201,0.529,0.268,0.529,0.268,-0.203,-0.071, 0.014,0.000,0.000,0.000, 0.678, 0.227,-0.014;
4.212,0.531,0.265,0.531,0.265,-0.203,-0.071, 0.014,0.000,0.000,0.000, 0.676, 0.235,-0.014;
4.234,0.533,0.260,0.533,0.260,-0.203,-0.071, 0.014,0.000,0.000,0.000, 0.670, 0.251,-0.014;
4.246,0.535,0.257,0.535,0.257,-0.203,-0.071, 0.014,0.000,0.000,0.000, 0.666, 0.260,-0.014;
4.258,0.536,0.254,0.536,0.254,-0.203,-0.071, 0.014,0.000,0.000,0.000, 0.663, 0.268,-0.014;
4.269,0.537,0.251,0.537,0.251,-0.203,-0.071, 0.014,0.000,0.000,0.000, 0.659, 0.277,-0.014;
4.281,0.538,0.248,0.538,0.248,-0.203,-0.071, 0.014,0.000,0.000,0.000, 0.655, 0.285,-0.014;
4.293,0.539,0.245,0.539,0.245,-0.203,-0.071, 0.014,0.000,0.000,-0.018, 0.651, 0.293,-0.014;
4.306,0.541,0.242,0.541,0.242,-0.203,-0.071, 0.014,0.000,0.000,0.000, 0.647, 0.302,-0.014;
4.318,0.542,0.238,0.542,0.238,-0.203,-0.071, 0.014,0.000,0.000,0.017, 0.642, 0.311,-0.014;
4.329,0.543,0.235,0.543,0.235,-0.203,-0.071, 0.014,0.000,0.000,-0.018, 0.638, 0.319,-0.014;
4.341,0.543,0.232,0.543,0.232,-0.203,-0.071, 0.014,0.000,0.000,0.017, 0.633, 0.327,-0.014;
4.353,0.544,0.229,0.544,0.229,-0.203,-0.071, 0.014,0.000,0.000,0.000, 0.628, 0.335,-0.014;
4.365,0.545,0.226,0.545,0.226,-0.203,-0.071, 0.014,0.000,0.000,0.000, 0.623, 0.343,-0.014;
4.377,0.546,0.223,0.546,0.223,-0.203,-0.071, 0.014,0.000,0.000,0.000, 0.618, 0.350,-0.014;
4.389,0.546,0.220,0.546,0.220,-0.203,-0.071, 0.014,0.000,0.000,0.000, 0.613, 0.358,-0.014;
4.402,0.547,0.216,0.547,0.216,-0.203,-0.071, 0.014,0.000,0.000,0.000, 0.607, 0.366,-0.014;
4.414,0.547,0.213,0.547,0.213,-0.203,-0.071, 0.014,0.000,0.000,0.000, 0.601, 0.374,-0.014;
4.427,0.548,0.209,0.548,0.209,-0.203,-0.071, 0.014,0.000,0.000,0.000, 0.595, 0.382,-0.014;
4.440,0.548,0.206,0.548,0.206,-0.203,-0.071, 0.014,0.000,0.000,0.000, 0.588, 0.390,-0.014;
4.452,0.549,0.203,0.549,0.203,-0.203,-0.071, 0.014,0.000,0.000,0.000, 0.582, 0.397,-0.014;
4.464,0.549,0.199,0.549,0.199,-0.203,-0.071, 0.014,0.000,0.000,0.000, 0.576, 0.405,-0.014;
4.476,0.549,0.196,0.549,0.196,-0.203,-0.071, 0.014,0.000,0.000,0.000, 0.570, 0.411,-0.014;
4.488,0.549,0.193,0.549,0.193,-0.203,-0.071, 0.014,0.000,0.000,0.000, 0.563, 0.418,-0.014;
4.500,0.549,0.190,0.549,0.190,-0.203,-0.071, 0.014,0.000,0.000,0.000, 0.556, 0.425,-0.014;
4.512,0.549,0.186,0.549,0.186,-0.203,-0.071, 0.014,0.000,0.000,-0.017, 0.550, 0.432,-0.014;
4.524,0.549,0.183,0.549,0.183,-0.203,-0.071, 0.014,0.000,0.000,0.000, 0.543, 0.438,-0.014;
4.536,0.549,0.180,0.549,0.180,-0.203,-0.071, 0.014,0.000,0.000,0.017, 0.536, 0.444,-0.014;
4.548,0.549,0.177,0.549,0.177,-0.203,-0.071, 0.014,0.000,0.000,0.000, 0.529, 0.451,-0.014;
4.559,0.549,0.174,0.549,0.174,-0.203,-0.071, 0.014,0.000,0.000,0.000, 0.522, 0.456,-0.014;
4.571,0.549,0.171,0.549,0.171,-0.203,-0.071, 0.014,0.000,0.000,0.000, 0.515, 0.462,-0.014;
4.582,0.548,0.167,0.548,0.167,-0.203,-0.071, 0.014,0.000,0.000,0.000, 0.509, 0.467,-0.014;
4.593,0.548,0.165,0.548,0.165,-0.203,-0.071, 0.014,0.000,0.000,0.000, 0.502, 0.473,-0.014;
4.604,0.547,0.162,0.547,0.162,-0.203,-0.071, 0.014,0.000,0.000,0.000, 0.495, 0.478,-0.014;
4.625,0.546,0.156,0.546,0.156,-0.203,-0.071, 0.014,0.000,0.000,0.000, 0.481, 0.487,-0.014;
4.636,0.546,0.153,0.546,0.153,-0.203,-0.071, 0.014,0.000,0.000,0.000, 0.473, 0.492,-0.014;
4.641,0.546,0.152,0.546,0.152,-0.203,-0.071, 0.014,0.000,0.000,0.000, 0.470, 0.494,-0.014;
4.652,0.545,0.149,0.545,0.149,-0.203,-0.071, 0.014,0.000,0.000,0.000, 0.463, 0.499,-0.014;
4.674,0.544,0.143,0.544,0.143,-0.203,-0.071, 0.014,0.000,0.000,0.000, 0.448, 0.507,-0.014;
4.686,0.543,0.140,0.543,0.140,-0.203,-0.071, 0.014,0.000,0.000,0.000, 0.440, 0.512,-0.014;
4.697,0.542,0.137,0.542,0.137,-0.203,-0.071, 0.014,0.000,0.000,0.000, 0.432, 0.516,-0.014;
4.710,0.541,0.133,0.541,0.133,-0.203,-0.071, 0.014,0.000,0.000,-0.016, 0.423, 0.520,-0.014;
4.722,0.540,0.130,0.540,0.130,-0.203,-0.071, 0.014,0.000,0.000,0.000, 0.415, 0.524,-0.014;
4.734,0.539,0.127,0.539,0.127,-0.203,-0.071, 0.014,0.000,0.000,0.017, 0.406, 0.528,-0.014;
4.745,0.538,0.124,0.538,0.124,-0.203,-0.071, 0.014,0.000,0.000,0.000, 0.398, 0.532,-0.014;
4.757,0.536,0.122,0.536,0.122,-0.203,-0.071, 0.014,0.000,0.000,0.000, 0.390, 0.535,-0.014;
4.768,0.535,0.119,0.535,0.119,-0.203,-0.071, 0.014,0.000,0.000,0.000, 0.381, 0.539,-0.014;
4.780,0.534,0.116,0.534,0.116,-0.203,-0.071, 0.014,0.000,0.000,0.000, 0.372, 0.542,-0.014;
4.791,0.533,0.113,0.533,0.113,-0.203,-0.071, 0.014,0.000,0.000,0.000, 0.364, 0.545,-0.014;
4.803,0.531,0.110,0.531,0.110,-0.203,-0.071, 0.014,0.000,0.000,0.000, 0.356, 0.548,-0.014;
4.814,0.530,0.107,0.530,0.107,-0.203,-0.071, 0.014,0.000,0.000,0.000, 0.347, 0.550,-0.014;
4.825,0.529,0.105,0.529,0.105,-0.203,-0.071, 0.014,0.000,0.000,0.000, 0.339, 0.553,-0.014;
4.837,0.527,0.102,0.527,0.102,-0.203,-0.071, 0.014,0.000,0.000,0.000, 0.329, 0.555,-0.014;
4.848,0.525,0.099,0.525,0.099,-0.203,-0.071, 0.014,0.000,0.000,0.000, 0.321, 0.557,-0.014;
4.870,0.522,0.094,0.522,0.094,-0.203,-0.071, 0.014,0.000,0.000,0.000, 0.305, 0.561,-0.014;
4.874,0.522,0.093,0.522,0.093,-0.203,-0.071, 0.014,0.000,0.000,-0.045, 0.301, 0.562,-0.014;
4.884,0.520,0.091,0.520,0.091,-0.203,-0.071, 0.014,0.000,0.000,0.000, 0.294, 0.563,-0.014;
4.906,0.517,0.086,0.517,0.086,-0.203,-0.071, 0.014,0.000,0.000,0.010, 0.277, 0.566,-0.014;
4.918,0.515,0.083,0.515,0.083,-0.203,-0.071, 0.014,0.000,0.000,0.000, 0.267, 0.567,-0.014;
4.929,0.513,0.081,0.513,0.081,-0.203,-0.071, 0.014,0.000,0.000,0.000, 0.258, 0.568,-0.014;
4.941,0.511,0.079,0.511,0.079,-0.203,-0.071, 0.014,0.000,0.000,0.000, 0.250, 0.569,-0.014;
4.953,0.509,0.076,0.509,0.076,-0.203,-0.071, 0.014,0.000,0.000,0.000, 0.240, 0.570,-0.014;
4.965,0.507,0.074,0.507,0.074,-0.203,-0.071, 0.014,0.000,0.000,0.000, 0.231, 0.571,-0.014;
4.976,0.505,0.071,0.505,0.071,-0.203,-0.071, 0.014,0.000,0.000,0.000, 0.222, 0.571,-0.014;
4.988,0.503,0.069,0.503,0.069,-0.203,-0.071, 0.014,0.000,0.000,0.000, 0.212, 0.571,-0.014;
5.000,0.500,0.066,0.500,0.066,-0.203,-0.071, 0.014,0.000,0.000,0.000, 0.203, 0.571,-0.014;
5.012,0.498,0.064,0.498,0.064,-0.203,-0.071, 0.014,0.000,0.000,0.000, 0.194, 0.571,-0.014;
5.023,0.496,0.062,0.496,0.062,-0.203,-0.071, 0.014,0.000,0.000,0.000, 0.185, 0.571,-0.014;
5.034,0.494,0.060,0.494,0.060,-0.203,-0.071, 0.014,0.000,0.000,0.000, 0.176, 0.571,-0.014;
5.045,0.491,0.058,0.491,0.058,-0.203,-0.071, 0.014,0.000,0.000,0.000, 0.168, 0.570,-0.014;
5.056,0.489,0.056,0.489,0.056,-0.203,-0.071, 0.014,0.000,0.000,0.000, 0.159, 0.569,-0.014;
5.067,0.487,0.054,0.487,0.054,-0.203,-0.071, 0.014,0.000,0.000,-0.019, 0.150, 0.569,-0.014;
5.089,0.482,0.050,0.482,0.050,-0.203,-0.071, 0.014,0.000,0.000,0.010, 0.134, 0.567,-0.014;
5.101,0.480,0.048,0.480,0.048,-0.203,-0.071, 0.014,0.000,0.000,0.000, 0.124, 0.565,-0.014;
5.112,0.477,0.047,0.477,0.047,-0.203,-0.071, 0.014,0.000,0.000,0.000, 0.115, 0.564,-0.014;
5.125,0.475,0.045,0.475,0.045,-0.203,-0.071, 0.014,0.000,0.000,0.000, 0.106, 0.562,-0.014;
5.136,0.472,0.043,0.472,0.043,-0.203,-0.071, 0.014,0.000,0.000,0.000, 0.097, 0.560,-0.014;
5.148,0.469,0.041,0.469,0.041,-0.203,-0.071, 0.014,0.000,0.000,0.000, 0.088, 0.558,-0.014;
5.159,0.467,0.039,0.467,0.039,-0.203,-0.071, 0.014,0.000,0.000,0.000, 0.079, 0.556,-0.014;
5.172,0.464,0.038,0.464,0.038,-0.203,-0.071, 0.014,0.000,0.000,0.000, 0.070, 0.553,-0.014;
5.184,0.461,0.036,0.461,0.036,-0.203,-0.071, 0.014,0.000,0.000,0.000, 0.061, 0.551,-0.014;
5.195,0.458,0.035,0.458,0.035,-0.203,-0.071, 0.014,0.000,0.000,0.000, 0.052, 0.548,-0.014;
5.206,0.455,0.033,0.455,0.033,-0.203,-0.071, 0.014,0.000,0.000,0.000, 0.044, 0.545,-0.014;
5.217,0.453,0.032,0.453,0.032,-0.203,-0.071, 0.014,0.000,0.000,0.000, 0.036, 0.543,-0.014;
5.229,0.450,0.031,0.450,0.031,-0.203,-0.071, 0.014,0.000,0.000,0.000, 0.027, 0.539,-0.014;
5.240,0.447,0.029,0.447,0.029,-0.203,-0.071, 0.014,0.000,0.000,0.000, 0.019, 0.536,-0.014;
5.252,0.444,0.028,0.444,0.028,-0.203,-0.071, 0.014,0.000,0.000,0.000, 0.010, 0.533,-0.014;
5.263,0.441,0.027,0.441,0.027,-0.203,-0.071, 0.014,0.000,0.000,-0.019, 0.002, 0.529,-0.014;
5.285,0.436,0.024,0.436,0.024,-0.203,-0.071, 0.014,0.000,0.000,0.000,-0.014, 0.522,-0.014;
5.290,0.434,0.024,0.434,0.024,-0.203,-0.071, 0.014,0.000,0.000,0.040,-0.017, 0.520,-0.014;
5.300,0.432,0.023,0.432,0.023,-0.203,-0.071, 0.014,0.000,0.000,-0.021,-0.024, 0.517,-0.014;
5.322,0.426,0.021,0.426,0.021,-0.203,-0.071, 0.014,0.000,0.000,0.009,-0.039, 0.509,-0.014;
5.333,0.423,0.021,0.423,0.021,-0.203,-0.071, 0.014,0.000,0.000,0.000,-0.047, 0.504,-0.014;
5.345,0.420,0.020,0.420,0.020,-0.203,-0.071, 0.014,0.000,0.000,0.000,-0.055, 0.500,-0.014;
5.357,0.417,0.019,0.417,0.019,-0.203,-0.071, 0.014,0.000,0.000,0.000,-0.063, 0.495,-0.014;
5.368,0.414,0.018,0.414,0.018,-0.203,-0.071, 0.014,0.000,0.000,0.000,-0.070, 0.490,-0.014;
5.381,0.411,0.017,0.411,0.017,-0.203,-0.071, 0.014,0.000,0.000,0.000,-0.078, 0.485,-0.014;
5.394,0.407,0.017,0.407,0.017,-0.203,-0.071, 0.014,0.000,0.000,0.000,-0.087, 0.479,-0.014;
5.405,0.404,0.016,0.404,0.016,-0.203,-0.071, 0.014,0.000,0.000,0.000,-0.094, 0.473,-0.014;
5.417,0.401,0.016,0.401,0.016,-0.203,-0.071, 0.014,0.000,0.000,0.000,-0.102, 0.468,-0.014;
5.429,0.398,0.015,0.398,0.015,-0.203,-0.071, 0.014,0.000,0.000,0.000,-0.109, 0.462,-0.014;
5.441,0.395,0.015,0.395,0.015,-0.203,-0.071, 0.014,0.000,0.000,0.000,-0.116, 0.456,-0.014;
5.452,0.392,0.015,0.392,0.015,-0.203,-0.071, 0.014,0.000,0.000,-0.018,-0.123, 0.451,-0.014;
5.463,0.389,0.014,0.389,0.014,-0.203,-0.071, 0.014,0.000,0.000,0.000,-0.129, 0.445,-0.014;
5.474,0.386,0.014,0.386,0.014,-0.203,-0.071, 0.014,0.000,0.000,0.019,-0.136, 0.439,-0.014;
5.486,0.383,0.014,0.383,0.014,-0.203,-0.071, 0.014,0.000,0.000,0.000,-0.142, 0.433,-0.014;
5.496,0.380,0.014,0.380,0.014,-0.203,-0.071, 0.014,0.000,0.000,0.000,-0.148, 0.427,-0.014;
5.507,0.377,0.014,0.377,0.014,-0.203,-0.071, 0.014,0.000,0.000,0.000,-0.155, 0.421,-0.014;
5.528,0.371,0.014,0.371,0.014,-0.203,-0.071, 0.014,0.000,0.000,0.000,-0.166, 0.409,-0.014;
5.540,0.368,0.014,0.368,0.014,-0.203,-0.071, 0.014,0.000,0.000,0.000,-0.172, 0.402,-0.014;
5.551,0.365,0.014,0.365,0.014,-0.203,-0.071, 0.014,0.000,0.000,0.000,-0.178, 0.395,-0.014;
5.563,0.362,0.015,0.362,0.015,-0.203,-0.071, 0.014,0.000,0.000,0.000,-0.183, 0.389,-0.014;
5.574,0.358,0.015,0.358,0.015,-0.203,-0.071, 0.014,0.000,0.000,0.000,-0.189, 0.381,-0.014;
5.586,0.355,0.015,0.355,0.015,-0.203,-0.071, 0.014,0.000,0.000,0.000,-0.195, 0.374,-0.014;
5.598,0.352,0.016,0.352,0.016,-0.203,-0.071, 0.014,0.000,0.000,0.000,-0.201, 0.366,-0.014;
5.609,0.349,0.016,0.349,0.016,-0.203,-0.071, 0.014,0.000,0.000,0.000,-0.206, 0.359,-0.014;
5.620,0.346,0.017,0.346,0.017,-0.203,-0.071, 0.014,0.000,0.000,0.000,-0.211, 0.352,-0.014;
5.632,0.343,0.017,0.343,0.017,-0.203,-0.071, 0.014,0.000,0.000,-0.018,-0.216, 0.345,-0.014;
5.643,0.340,0.018,0.340,0.018,-0.203,-0.071, 0.014,0.000,0.000,0.000,-0.220, 0.338,-0.014;
5.664,0.334,0.019,0.334,0.019,-0.203,-0.071, 0.014,0.000,0.000,0.000,-0.229, 0.323,-0.014;
5.676,0.331,0.020,0.331,0.020,-0.203,-0.071, 0.014,0.000,0.000,0.017,-0.234, 0.315,-0.014;
5.688,0.328,0.021,0.328,0.021,-0.203,-0.071, 0.014,0.000,0.000,0.000,-0.238, 0.307,-0.014;
5.700,0.325,0.022,0.325,0.022,-0.203,-0.071, 0.014,0.000,0.000,0.000,-0.242, 0.299,-0.014;
5.713,0.322,0.023,0.322,0.023,-0.203,-0.071, 0.014,0.000,0.000,0.000,-0.247, 0.289,-0.014;
5.726,0.318,0.024,0.318,0.024,-0.203,-0.071, 0.014,0.000,0.000,0.000,-0.251, 0.280,-0.014;
5.728,0.318,0.024,0.318,0.024,-0.203,-0.071, 0.014,0.000,0.000,0.000,-0.252, 0.278,-0.014;
5.749,0.312,0.026,0.312,0.026,-0.203,-0.071, 0.014,0.000,0.000,0.000,-0.259, 0.263,-0.014;
5.754,0.311,0.027,0.311,0.027,-0.203,-0.071, 0.014,0.000,0.000,0.000,-0.260, 0.260,-0.014;
5.765,0.308,0.028,0.308,0.028,-0.203,-0.071, 0.014,0.000,0.000,0.000,-0.263, 0.252,-0.014;
5.787,0.303,0.030,0.303,0.030,-0.203,-0.071, 0.014,0.000,0.000,0.000,-0.269, 0.236,-0.014;
5.790,0.302,0.031,0.302,0.031,-0.203,-0.071, 0.014,0.000,0.000,0.000,-0.270, 0.233,-0.014;
5.801,0.299,0.032,0.299,0.032,-0.203,-0.071, 0.014,0.000,0.000,0.000,-0.273, 0.225,-0.014;
5.823,0.294,0.035,0.294,0.035,-0.203,-0.071, 0.014,0.000,0.000,-0.010,-0.278, 0.209,-0.014;
5.835,0.291,0.036,0.291,0.036,-0.203,-0.071, 0.014,0.000,0.000,0.000,-0.280, 0.200,-0.014;
5.847,0.289,0.038,0.289,0.038,-0.203,-0.071, 0.014,0.000,0.000,0.018,-0.282, 0.191,-0.014;
5.858,0.286,0.039,0.286,0.039,-0.203,-0.071, 0.014,0.000,0.000,0.000,-0.285, 0.182,-0.014;
5.870,0.283,0.041,0.283,0.041,-0.203,-0.071, 0.014,0.000,0.000,0.000,-0.287, 0.172,-0.014;
5.883,0.280,0.043,0.280,0.043,-0.203,-0.071, 0.014,0.000,0.000,0.000,-0.288, 0.163,-0.014;
5.895,0.278,0.045,0.278,0.045,-0.203,-0.071, 0.014,0.000,0.000,0.000,-0.290, 0.154,-0.014;
5.907,0.275,0.047,0.275,0.047,-0.203,-0.071, 0.014,0.000,0.000,0.000,-0.292, 0.145,-0.014;
5.919,0.272,0.049,0.272,0.049,-0.203,-0.071, 0.014,0.000,0.000,0.000,-0.293, 0.135,-0.014;
5.930,0.270,0.050,0.270,0.050,-0.203,-0.071, 0.014,0.000,0.000,0.000,-0.294, 0.126,-0.014;
5.942,0.267,0.052,0.267,0.052,-0.203,-0.071, 0.014,0.000,0.000,0.000,-0.295, 0.117,-0.014;
5.954,0.265,0.055,0.265,0.055,-0.203,-0.071, 0.014,0.000,0.000,0.000,-0.296, 0.108,-0.014;
5.966,0.262,0.057,0.262,0.057,-0.203,-0.071, 0.014,0.000,0.000,0.000,-0.296, 0.098,-0.014;
5.977,0.260,0.059,0.260,0.059,-0.203,-0.071, 0.014,0.000,0.000,0.000,-0.297, 0.089,-0.014;
5.988,0.258,0.061,0.258,0.061,-0.203,-0.071, 0.014,0.000,0.000,0.000,-0.297, 0.081,-0.014;
5.999,0.256,0.063,0.256,0.063,-0.203,-0.071, 0.014,0.000,0.000,-0.018,-0.297, 0.072,-0.014;
6.010,0.253,0.065,0.253,0.065,-0.203,-0.071, 0.014,0.000,0.000,0.000,-0.297, 0.063,-0.014;
6.021,0.251,0.067,0.251,0.067,-0.203,-0.071, 0.014,0.000,0.000,0.000,-0.297, 0.055,-0.014;
6.043,0.247,0.071,0.247,0.071,-0.203,-0.071, 0.014,0.000,0.000,0.010,-0.296, 0.038,-0.014;
6.045,0.247,0.072,0.247,0.072,-0.203,-0.071, 0.014,0.000,0.000,0.000,-0.296, 0.036,-0.014;
6.067,0.243,0.076,0.243,0.076,-0.203,-0.071, 0.014,0.000,0.000,-0.010,-0.294, 0.019,-0.014;
6.078,0.241,0.079,0.241,0.079,-0.203,-0.071, 0.014,0.000,0.000,0.018,-0.293, 0.010,-0.014;
6.090,0.239,0.081,0.239,0.081,-0.203,-0.071, 0.014,0.000,0.000,0.000,-0.292, 0.001,-0.014;
6.101,0.237,0.084,0.237,0.084,-0.203,-0.071, 0.014,0.000,0.000,0.000,-0.291,-0.008,-0.014;
6.113,0.235,0.086,0.235,0.086,-0.203,-0.071, 0.014,0.000,0.000,0.000,-0.289,-0.017,-0.014;
6.124,0.234,0.089,0.234,0.089,-0.203,-0.071, 0.014,0.000,0.000,0.000,-0.287,-0.025,-0.014;
6.136,0.232,0.091,0.232,0.091,-0.203,-0.071, 0.014,0.000,0.000,0.000,-0.286,-0.035,-0.014;
6.147,0.230,0.094,0.230,0.094,-0.203,-0.071, 0.014,0.000,0.000,0.000,-0.284,-0.043,-0.014;
6.158,0.229,0.096,0.229,0.096,-0.203,-0.071, 0.014,0.000,0.000,0.000,-0.282,-0.051,-0.014;
6.169,0.227,0.099,0.227,0.099,-0.203,-0.071, 0.014,0.000,0.000,0.000,-0.279,-0.060,-0.014;
6.180,0.226,0.102,0.226,0.102,-0.203,-0.071, 0.014,0.000,0.000,0.000,-0.277,-0.068,-0.014;
6.202,0.223,0.107,0.223,0.107,-0.203,-0.071, 0.014,0.000,0.000,0.000,-0.272,-0.084,-0.014;
6.214,0.221,0.110,0.221,0.110,-0.203,-0.071, 0.014,0.000,0.000,0.000,-0.269,-0.093,-0.014;
6.226,0.220,0.113,0.220,0.113,-0.203,-0.071, 0.014,0.000,0.000,0.000,-0.266,-0.102,-0.014;
6.239,0.218,0.116,0.218,0.116,-0.203,-0.071, 0.014,0.000,0.000,0.000,-0.262,-0.112,-0.014;
6.251,0.217,0.119,0.217,0.119,-0.203,-0.071, 0.014,0.000,0.000,0.000,-0.259,-0.121,-0.014;
6.263,0.216,0.122,0.216,0.122,-0.203,-0.071, 0.014,0.000,0.000,0.000,-0.255,-0.129,-0.014;
6.274,0.215,0.125,0.215,0.125,-0.203,-0.071, 0.014,0.000,0.000,0.000,-0.251,-0.137,-0.014;
6.286,0.213,0.128,0.213,0.128,-0.203,-0.071, 0.014,0.000,0.000,0.000,-0.247,-0.146,-0.014;
6.298,0.212,0.131,0.212,0.131,-0.203,-0.071, 0.014,0.000,0.000,0.000,-0.243,-0.154,-0.014;
6.309,0.211,0.134,0.211,0.134,-0.203,-0.071, 0.014,0.000,0.000,0.000,-0.239,-0.162,-0.014;
6.321,0.210,0.137,0.210,0.137,-0.203,-0.071, 0.014,0.000,0.000,0.000,-0.235,-0.170,-0.014;
6.332,0.210,0.140,0.210,0.140,-0.203,-0.071, 0.014,0.000,0.000,0.000,-0.230,-0.178,-0.014;
6.343,0.209,0.142,0.209,0.142,-0.203,-0.071, 0.014,0.000,0.000,0.000,-0.226,-0.185,-0.014;
6.355,0.208,0.145,0.208,0.145,-0.203,-0.071, 0.014,0.000,0.000,-0.018,-0.221,-0.193,-0.014;
6.366,0.207,0.148,0.207,0.148,-0.203,-0.071, 0.014,0.000,0.000,0.000,-0.217,-0.200,-0.014;
6.377,0.207,0.151,0.207,0.151,-0.203,-0.071, 0.014,0.000,0.000,0.000,-0.212,-0.207,-0.014;
6.389,0.206,0.155,0.206,0.155,-0.203,-0.071, 0.014,0.000,0.000,0.017,-0.207,-0.215,-0.014;
6.410,0.205,0.160,0.205,0.160,-0.203,-0.071, 0.014,0.000,0.000,0.000,-0.197,-0.229,-0.014;
6.421,0.205,0.163,0.205,0.163,-0.203,-0.071, 0.014,0.000,0.000,0.000,-0.191,-0.236,-0.014;
6.433,0.204,0.166,0.204,0.166,-0.203,-0.071, 0.014,0.000,0.000,0.000,-0.186,-0.243,-0.014;
6.445,0.204,0.170,0.204,0.170,-0.203,-0.071, 0.014,0.000,0.000,0.000,-0.180,-0.250,-0.014;
6.457,0.203,0.173,0.203,0.173,-0.203,-0.071, 0.014,0.000,0.000,0.000,-0.173,-0.258,-0.014;
6.469,0.203,0.176,0.203,0.176,-0.203,-0.071, 0.014,0.000,0.000,0.000,-0.167,-0.264,-0.014;
6.481,0.203,0.179,0.203,0.179,-0.203,-0.071, 0.014,0.000,0.000,0.000,-0.161,-0.271,-0.014;
6.492,0.203,0.183,0.203,0.183,-0.203,-0.071, 0.014,0.000,0.000,0.000,-0.155,-0.278,-0.014;
6.504,0.203,0.186,0.203,0.186,-0.203,-0.071, 0.014,0.000,0.000,0.000,-0.148,-0.284,-0.014;
6.516,0.203,0.189,0.203,0.189,-0.203,-0.071, 0.014,0.000,0.000,0.000,-0.142,-0.291,-0.014;
6.527,0.203,0.192,0.203,0.192,-0.203,-0.071, 0.014,0.000,0.000,0.000,-0.135,-0.297,-0.014;
6.538,0.203,0.195,0.203,0.195,-0.203,-0.071, 0.014,0.000,0.000,0.000,-0.128,-0.303,-0.014;
6.549,0.203,0.198,0.203,0.198,-0.203,-0.071, 0.014,0.000,0.000,0.000,-0.122,-0.308,-0.014;
6.561,0.203,0.201,0.203,0.201,-0.203,-0.071, 0.014,0.000,0.000,0.000,-0.115,-0.314,-0.014;
6.573,0.204,0.204,0.204,0.204,-0.203,-0.071, 0.014,0.000,0.000,-0.017,-0.108,-0.320,-0.014;
6.584,0.204,0.207,0.204,0.207,-0.203,-0.071, 0.014,0.000,0.000,0.000,-0.101,-0.325,-0.014;
6.606,0.205,0.213,0.205,0.213,-0.203,-0.071, 0.014,0.000,0.000,0.010,-0.087,-0.336,-0.014;
6.618,0.205,0.217,0.205,0.217,-0.203,-0.071, 0.014,0.000,0.000,0.000,-0.079,-0.341,-0.014;
6.629,0.206,0.220,0.206,0.220,-0.203,-0.071, 0.014,0.000,0.000,0.000,-0.072,-0.346,-0.014;
6.641,0.207,0.223,0.207,0.223,-0.203,-0.071, 0.014,0.000,0.000,0.000,-0.064,-0.351,-0.014;
6.653,0.207,0.226,0.207,0.226,-0.203,-0.071, 0.014,0.000,0.000,0.000,-0.056,-0.356,-0.014;
6.666,0.208,0.229,0.208,0.229,-0.203,-0.071, 0.014,0.000,0.000,0.000,-0.047,-0.361,-0.014;
6.678,0.209,0.233,0.209,0.233,-0.203,-0.071, 0.014,0.000,0.000,0.000,-0.039,-0.366,-0.014;
6.690,0.210,0.236,0.210,0.236,-0.203,-0.071, 0.014,0.000,0.000,0.000,-0.031,-0.370,-0.014;
6.702,0.211,0.239,0.211,0.239,-0.203,-0.071, 0.014,0.000,0.000,0.000,-0.023,-0.375,-0.014;
6.714,0.212,0.242,0.212,0.242,-0.203,-0.071, 0.014,0.000,0.000,-0.017,-0.014,-0.379,-0.014;
6.726,0.213,0.245,0.213,0.245,-0.203,-0.071, 0.014,0.000,0.000,0.017,-0.006,-0.383,-0.014;
6.738,0.214,0.248,0.214,0.248,-0.203,-0.071, 0.014,0.000,0.000,0.000, 0.003,-0.387,-0.014;
6.750,0.215,0.251,0.215,0.251,-0.203,-0.071, 0.014,0.000,0.000,-0.018, 0.012,-0.390,-0.014;
6.761,0.216,0.254,0.216,0.254,-0.203,-0.071, 0.014,0.000,0.000,0.018, 0.020,-0.394,-0.014;
6.775,0.218,0.257,0.218,0.257,-0.203,-0.071, 0.014,0.000,0.000,-0.016, 0.030,-0.398,-0.014;
6.787,0.219,0.260,0.219,0.260,-0.203,-0.071, 0.014,0.000,0.000,0.018, 0.039,-0.401,-0.014;
6.799,0.221,0.263,0.221,0.263,-0.203,-0.071, 0.014,0.000,0.000,0.000, 0.048,-0.404,-0.014;
6.810,0.222,0.266,0.222,0.266,-0.203,-0.071, 0.014,0.000,0.000,0.000, 0.056,-0.407,-0.014;
6.823,0.223,0.269,0.223,0.269,-0.203,-0.071, 0.014,0.000,0.000,0.000, 0.066,-0.409,-0.014;
6.835,0.225,0.272,0.225,0.272,-0.203,-0.071, 0.014,0.000,0.000,0.000, 0.075,-0.412,-0.014;
6.846,0.227,0.275,0.227,0.275,-0.203,-0.071, 0.014,0.000,0.000,0.000, 0.083,-0.414,-0.014;
6.859,0.228,0.278,0.228,0.278,-0.203,-0.071, 0.014,0.000,0.000,0.000, 0.093,-0.416,-0.014;
6.871,0.230,0.280,0.230,0.280,-0.203,-0.071, 0.014,0.000,0.000,0.000, 0.103,-0.418,-0.014;
6.883,0.232,0.283,0.232,0.283,-0.203,-0.071, 0.014,0.000,0.000,0.000, 0.112,-0.420,-0.014;
6.894,0.234,0.286,0.234,0.286,-0.203,-0.071, 0.014,0.000,0.000,0.000, 0.121,-0.422,-0.014;
6.906,0.235,0.288,0.235,0.288,-0.203,-0.071, 0.014,0.000,0.000,0.000, 0.130,-0.423,-0.014;
6.917,0.237,0.291,0.237,0.291,-0.203,-0.071, 0.014,0.000,0.000,0.000, 0.138,-0.424,-0.014;
6.928,0.239,0.293,0.239,0.293,-0.203,-0.071, 0.014,0.000,0.000,0.000, 0.147,-0.425,-0.014;
6.939,0.241,0.295,0.241,0.295,-0.203,-0.071, 0.014,0.000,0.000,-0.019, 0.156,-0.426,-0.014;
6.951,0.243,0.298,0.243,0.298,-0.203,-0.071, 0.014,0.000,0.000,0.000, 0.165,-0.427,-0.014;
6.963,0.245,0.300,0.245,0.300,-0.203,-0.071, 0.014,0.000,0.000,0.019, 0.174,-0.428,-0.014;
6.984,0.249,0.305,0.249,0.305,-0.203,-0.071, 0.014,0.000,0.000,0.000, 0.190,-0.428,-0.014;
6.995,0.251,0.307,0.251,0.307,-0.203,-0.071, 0.014,0.000,0.000,0.000, 0.199,-0.429,-0.014;
7.007,0.253,0.309,0.253,0.309,-0.203,-0.071, 0.014,0.000,0.000,0.000, 0.209,-0.429,-0.014;
7.018,0.255,0.311,0.255,0.311,-0.203,-0.071, 0.014,0.000,0.000,0.000, 0.218,-0.428,-0.014;
7.030,0.258,0.314,0.258,0.314,-0.203,-0.071, 0.014,0.000,0.000,0.000, 0.226,-0.428,-0.014;
7.041,0.260,0.316,0.260,0.316,-0.203,-0.071, 0.014,0.000,0.000,0.000, 0.235,-0.428,-0.014;
7.052,0.262,0.318,0.262,0.318,-0.203,-0.071, 0.014,0.000,0.000,0.000, 0.244,-0.427,-0.014;
7.064,0.265,0.320,0.265,0.320,-0.203,-0.071, 0.014,0.000,0.000,0.000, 0.253,-0.426,-0.014;
7.075,0.267,0.322,0.267,0.322,-0.203,-0.071, 0.014,0.000,0.000,0.000, 0.262,-0.425,-0.014;
7.087,0.269,0.324,0.269,0.324,-0.203,-0.071, 0.014,0.000,0.000,0.000, 0.271,-0.424,-0.014;
7.098,0.272,0.325,0.272,0.325,-0.203,-0.071, 0.014,0.000,0.000,0.000, 0.280,-0.423,-0.014;
7.110,0.274,0.327,0.274,0.327,-0.203,-0.071, 0.014,0.000,0.000,0.000, 0.289,-0.421,-0.014;
7.122,0.277,0.329,0.277,0.329,-0.203,-0.071, 0.014,0.000,0.000,-0.018, 0.298,-0.419,-0.014;
7.143,0.282,0.332,0.282,0.332,-0.203,-0.071, 0.014,0.000,0.000,0.000, 0.315,-0.416,-0.014;
7.155,0.285,0.334,0.285,0.334,-0.203,-0.071, 0.014,0.000,0.000,0.000, 0.324,-0.414,-0.014;
7.167,0.287,0.336,0.287,0.336,-0.203,-0.071, 0.014,0.000,0.000,0.017, 0.333,-0.411,-0.014;
7.179,0.290,0.338,0.290,0.338,-0.203,-0.071, 0.014,0.000,0.000,0.000, 0.342,-0.409,-0.014;
7.190,0.293,0.339,0.293,0.339,-0.203,-0.071, 0.014,0.000,0.000,0.000, 0.350,-0.406,-0.014;
7.202,0.296,0.341,0.296,0.341,-0.203,-0.071, 0.014,0.000,0.000,0.000, 0.359,-0.404,-0.014;
7.214,0.299,0.342,0.299,0.342,-0.203,-0.071, 0.014,0.000,0.000,0.000, 0.368,-0.401,-0.014;
7.225,0.301,0.343,0.301,0.343,-0.203,-0.071, 0.014,0.000,0.000,0.000, 0.376,-0.398,-0.014;
7.237,0.304,0.345,0.304,0.345,-0.203,-0.071, 0.014,0.000,0.000,0.000, 0.385,-0.394,-0.014;
7.250,0.307,0.346,0.307,0.346,-0.203,-0.071, 0.014,0.000,0.000,0.000, 0.394,-0.391,-0.014;
7.261,0.310,0.347,0.310,0.347,-0.203,-0.071, 0.014,0.000,0.000,0.000, 0.403,-0.387,-0.014;
7.273,0.313,0.349,0.313,0.349,-0.203,-0.071, 0.014,0.000,0.000,0.000, 0.411,-0.383,-0.014;
7.284,0.316,0.350,0.316,0.350,-0.203,-0.071, 0.014,0.000,0.000,0.000, 0.419,-0.380,-0.014;
7.295,0.319,0.351,0.319,0.351,-0.203,-0.071, 0.014,0.000,0.000,0.000, 0.426,-0.376,-0.014;
7.306,0.322,0.352,0.322,0.352,-0.203,-0.071, 0.014,0.000,0.000,0.000, 0.434,-0.372,-0.014;
7.328,0.327,0.353,0.327,0.353,-0.203,-0.071, 0.014,0.000,0.000,0.000, 0.449,-0.364,-0.014;
7.339,0.330,0.354,0.330,0.354,-0.203,-0.071, 0.014,0.000,0.000,0.000, 0.457,-0.359,-0.014;
7.351,0.334,0.355,0.334,0.355,-0.203,-0.071, 0.014,0.000,0.000,0.000, 0.465,-0.354,-0.014;
7.363,0.337,0.356,0.337,0.356,-0.203,-0.071, 0.014,0.000,0.000,0.000, 0.473,-0.350,-0.014;
7.375,0.340,0.357,0.340,0.357,-0.203,-0.071, 0.014,0.000,0.000,0.000, 0.481,-0.344,-0.014;
7.387,0.343,0.357,0.343,0.357,-0.203,-0.071, 0.014,0.000,0.000,0.000, 0.488,-0.339,-0.014;
7.398,0.346,0.358,0.346,0.358,-0.203,-0.071, 0.014,0.000,0.000,0.000, 0.496,-0.334,-0.014;
7.410,0.349,0.358,0.349,0.358,-0.203,-0.071, 0.014,0.000,0.000,0.000, 0.503,-0.328,-0.014;
7.422,0.352,0.359,0.352,0.359,-0.203,-0.071, 0.014,0.000,0.000,0.000, 0.511,-0.323,-0.014;
7.434,0.356,0.359,0.356,0.359,-0.203,-0.071, 0.014,0.000,0.000,0.000, 0.518,-0.317,-0.014;
7.446,0.359,0.360,0.359,0.360,-0.203,-0.071, 0.014,0.000,0.000,0.000, 0.525,-0.311,-0.014;
7.457,0.362,0.360,0.362,0.360,-0.203,-0.071, 0.014,0.000,0.000,0.000, 0.532,-0.305,-0.014;
7.468,0.365,0.360,0.365,0.360,-0.203,-0.071, 0.014,0.000,0.000,0.000, 0.539,-0.299,-0.014;
7.480,0.368,0.360,0.368,0.360,-0.203,-0.071, 0.014,0.000,0.000,0.000, 0.545,-0.293,-0.014;
7.491,0.371,0.360,0.371,0.360,-0.203,-0.071, 0.014,0.000,0.000,0.000, 0.552,-0.287,-0.014;
7.503,0.374,0.360,0.374,0.360,-0.203,-0.071, 0.014,0.000,0.000,0.000, 0.558,-0.281,-0.014;
7.514,0.377,0.360,0.377,0.360,-0.203,-0.071, 0.014,0.000,0.000,0.000, 0.564,-0.274,-0.014;
7.526,0.381,0.360,0.381,0.360,-0.203,-0.071, 0.014,0.000,0.000,0.000, 0.571,-0.268,-0.014;
7.547,0.387,0.360,0.387,0.360,-0.203,-0.071, 0.014,0.000,0.000,0.000, 0.582,-0.255,-0.014;
7.552,0.388,0.360,0.388,0.360,-0.203,-0.071, 0.014,0.000,0.000,0.000, 0.584,-0.252,-0.014;
7.572,0.393,0.360,0.393,0.360,-0.203,-0.071, 0.014,0.000,0.000,0.000, 0.594,-0.240,-0.014;
7.583,0.396,0.359,0.396,0.359,-0.203,-0.071, 0.014,0.000,0.000,0.000, 0.600,-0.233,-0.014;
7.594,0.399,0.359,0.399,0.359,-0.203,-0.071, 0.014,0.000,0.000,0.000, 0.605,-0.226,-0.014;
7.607,0.403,0.358,0.403,0.358,-0.203,-0.071, 0.014,0.000,0.000,0.000, 0.611,-0.218,-0.014;
7.619,0.406,0.358,0.406,0.358,-0.203,-0.071, 0.014,0.000,0.000,0.000, 0.616,-0.210,-0.014;
7.630,0.409,0.357,0.409,0.357,-0.203,-0.071, 0.014,0.000,0.000,0.000, 0.621,-0.203,-0.014;
7.643,0.412,0.357,0.412,0.357,-0.203,-0.071, 0.014,0.000,0.000,0.000, 0.626,-0.195,-0.014;
7.655,0.415,0.356,0.415,0.356,-0.203,-0.071, 0.014,0.000,0.000,0.000, 0.631,-0.187,-0.014;
7.666,0.418,0.355,0.418,0.355,-0.203,-0.071, 0.014,0.000,0.000,0.000, 0.636,-0.179,-0.014;
7.678,0.421,0.354,0.421,0.354,-0.203,-0.071, 0.014,0.000,0.000,0.000, 0.640,-0.171,-0.014;
7.690,0.425,0.353,0.425,0.353,-0.203,-0.071, 0.014,0.000,0.000,0.000, 0.645,-0.163,-0.014;
7.702,0.428,0.352,0.428,0.352,-0.203,-0.071, 0.014,0.000,0.000,-0.018, 0.649,-0.154,-0.014;
7.713,0.431,0.352,0.431,0.352,-0.203,-0.071, 0.014,0.000,0.000,0.000, 0.653,-0.147,-0.014;
7.724,0.433,0.351,0.433,0.351,-0.203,-0.071, 0.014,0.000,0.000,0.019, 0.657,-0.139,-0.014;
7.736,0.437,0.349,0.437,0.349,-0.203,-0.071, 0.014,0.000,0.000,0.000, 0.661,-0.130,-0.014;
7.747,0.439,0.348,0.439,0.348,-0.203,-0.071, 0.014,0.000,0.000,0.000, 0.664,-0.122,-0.014;
7.759,0.442,0.347,0.442,0.347,-0.203,-0.071, 0.014,0.000,0.000,0.000, 0.668,-0.114,-0.014;
7.770,0.445,0.346,0.445,0.346,-0.203,-0.071, 0.014,0.000,0.000,0.000, 0.671,-0.105,-0.014;
7.792,0.451,0.344,0.451,0.344,-0.203,-0.071, 0.014,0.000,0.000,0.000, 0.677,-0.089,-0.014;
7.795,0.451,0.343,0.451,0.343,-0.203,-0.071, 0.014,0.000,0.000,0.000, 0.677,-0.087,-0.014;
7.816,0.456,0.341,0.456,0.341,-0.203,-0.071, 0.014,0.000,0.000,0.000, 0.682,-0.071,-0.014;
7.828,0.459,0.339,0.459,0.339,-0.203,-0.071, 0.014,0.000,0.000,0.000, 0.685,-0.062,-0.014;
7.840,0.462,0.338,0.462,0.338,-0.203,-0.071, 0.014,0.000,0.000,0.000, 0.687,-0.053,-0.014;
7.852,0.465,0.336,0.465,0.336,-0.203,-0.071, 0.014,0.000,0.000,0.000, 0.690,-0.044,-0.014;
7.864,0.468,0.334,0.468,0.334,-0.203,-0.071, 0.014,0.000,0.000,-0.017, 0.692,-0.035,-0.014;
7.875,0.470,0.333,0.470,0.333,-0.203,-0.071, 0.014,0.000,0.000,0.018, 0.694,-0.026,-0.014;
7.888,0.473,0.331,0.473,0.331,-0.203,-0.071, 0.014,0.000,0.000,-0.016, 0.695,-0.016,-0.014;
7.900,0.476,0.329,0.476,0.329,-0.203,-0.071, 0.014,0.000,0.000,0.000, 0.697,-0.006,-0.014;
7.912,0.479,0.327,0.479,0.327,-0.203,-0.071, 0.014,0.000,0.000,0.018, 0.698, 0.003,-0.014;
7.924,0.481,0.325,0.481,0.325,-0.203,-0.071, 0.014,0.000,0.000,0.000, 0.700, 0.012,-0.014;
7.936,0.484,0.323,0.484,0.323,-0.203,-0.071, 0.014,0.000,0.000,0.000, 0.701, 0.021,-0.014;
7.948,0.486,0.321,0.486,0.321,-0.203,-0.071, 0.014,0.000,0.000,-0.018, 0.701, 0.031,-0.014;
7.960,0.489,0.319,0.489,0.319,-0.203,-0.071, 0.014,0.000,0.000,0.017, 0.702, 0.040,-0.014;
7.972,0.491,0.317,0.491,0.317,-0.203,-0.071, 0.014,0.000,0.000,0.000, 0.703, 0.050,-0.014;
7.984,0.494,0.314,0.494,0.314,-0.203,-0.071, 0.014,0.000,0.000,0.000, 0.703, 0.059,-0.014;
7.996,0.496,0.312,0.496,0.312,-0.203,-0.071, 0.014,0.000,0.000,0.000, 0.703, 0.068,-0.014;
8.007,0.498,0.310,0.498,0.310,-0.203,-0.071, 0.014,0.000,0.000,0.000, 0.703, 0.077,-0.014;
8.018,0.500,0.308,0.500,0.308,-0.203,-0.071, 0.014,0.000,0.000,0.000, 0.703, 0.086,-0.014;
8.029,0.502,0.306,0.502,0.306,-0.203,-0.071, 0.014,0.000,0.000,0.000, 0.703, 0.095,-0.014;
8.041,0.505,0.303,0.505,0.303,-0.203,-0.071, 0.014,0.000,0.000,0.000, 0.702, 0.104,-0.014;
8.052,0.507,0.301,0.507,0.301,-0.203,-0.071, 0.014,0.000,0.000,0.000, 0.701, 0.113,-0.014;
8.063,0.509,0.299,0.509,0.299,-0.203,-0.071, 0.014,0.000,0.000,0.000, 0.701, 0.121,-0.014;
8.085,0.512,0.294,0.512,0.294,-0.203,-0.071, 0.014,0.000,0.000,-0.010, 0.699, 0.138,-0.014;
8.097,0.514,0.292,0.514,0.292,-0.203,-0.071, 0.014,0.000,0.000,0.018, 0.697, 0.147,-0.014;
8.109,0.516,0.289,0.516,0.289,-0.203,-0.071, 0.014,0.000,0.000,0.000, 0.696, 0.156,-0.014;
8.120,0.518,0.287,0.518,0.287,-0.203,-0.071, 0.014,0.000,0.000,0.000, 0.694, 0.165,-0.014;
8.131,0.520,0.284,0.520,0.284,-0.203,-0.071, 0.014,0.000,0.000,0.000, 0.693, 0.174,-0.014;
8.143,0.521,0.281,0.521,0.281,-0.203,-0.071, 0.014,0.000,0.000,0.000, 0.691, 0.183,-0.014;
8.156,0.523,0.278,0.523,0.278,-0.203,-0.071, 0.014,0.000,0.000,0.000, 0.688, 0.193,-0.014;
8.167,0.525,0.276,0.525,0.276,-0.203,-0.071, 0.014,0.000,0.000,0.000, 0.686, 0.201,-0.014;
8.179,0.527,0.273,0.527,0.273,-0.203,-0.071, 0.014,0.000,0.000,0.000, 0.683, 0.210,-0.014;
8.191,0.528,0.270,0.528,0.270,-0.203,-0.071, 0.014,0.000,0.000,0.000, 0.681, 0.219,-0.014;
8.202,0.530,0.267,0.530,0.267,-0.203,-0.071, 0.014,0.000,0.000,0.000, 0.678, 0.228,-0.014;
8.214,0.531,0.265,0.531,0.265,-0.203,-0.071, 0.014,0.000,0.000,0.000, 0.675, 0.236,-0.014;
8.226,0.532,0.262,0.532,0.262,-0.203,-0.071, 0.014,0.000,0.000,0.000, 0.672, 0.245,-0.014;
8.238,0.534,0.259,0.534,0.259,-0.203,-0.071, 0.014,0.000,0.000,0.000, 0.669, 0.254,-0.014;
8.249,0.535,0.256,0.535,0.256,-0.203,-0.071, 0.014,0.000,0.000,-0.018, 0.665, 0.262,-0.014;
8.260,0.536,0.253,0.536,0.253,-0.203,-0.071, 0.014,0.000,0.000,0.000, 0.662, 0.270,-0.014;
8.272,0.538,0.250,0.538,0.250,-0.203,-0.071, 0.014,0.000,0.000,0.000, 0.658, 0.279,-0.014;
8.284,0.539,0.247,0.539,0.247,-0.203,-0.071, 0.014,0.000,0.000,0.017, 0.654, 0.287,-0.014;
8.306,0.541,0.242,0.541,0.242,-0.203,-0.071, 0.014,0.000,0.000,0.000, 0.647, 0.302,-0.014;
8.318,0.542,0.238,0.542,0.238,-0.203,-0.071, 0.014,0.000,0.000,0.000, 0.642, 0.311,-0.014;
8.321,0.542,0.238,0.542,0.238,-0.203,-0.071, 0.014,0.000,0.000,0.000, 0.641, 0.313,-0.014;
8.342,0.543,0.232,0.543,0.232,-0.203,-0.071, 0.014,0.000,0.000,0.000, 0.633, 0.327,-0.014;
8.354,0.544,0.229,0.544,0.229,-0.203,-0.071, 0.014,0.000,0.000,0.000, 0.628, 0.335,-0.014;
8.365,0.545,0.226,0.545,0.226,-0.203,-0.071, 0.014,0.000,0.000,0.000, 0.623, 0.343,-0.014;
8.378,0.546,0.223,0.546,0.223,-0.203,-0.071, 0.014,0.000,0.000,0.000, 0.618, 0.351,-0.014;
8.390,0.546,0.219,0.546,0.219,-0.203,-0.071, 0.014,0.000,0.000,0.000, 0.612, 0.359,-0.014;
8.403,0.547,0.216,0.547,0.216,-0.203,-0.071, 0.014,0.000,0.000,0.000, 0.606, 0.367,-0.014;
8.406,0.547,0.215,0.547,0.215,-0.203,-0.071, 0.014,0.000,0.000,0.000, 0.605, 0.369,-0.014;
8.417,0.548,0.212,0.548,0.212,-0.203,-0.071, 0.014,0.000,0.000,0.000, 0.599, 0.376,-0.014;
8.439,0.548,0.206,0.548,0.206,-0.203,-0.071, 0.014,0.000,0.000,0.000, 0.589, 0.389,-0.014;
8.451,0.549,0.203,0.549,0.203,-0.203,-0.071, 0.014,0.000,0.000,0.000, 0.583, 0.397,-0.014;
8.462,0.549,0.200,0.549,0.200,-0.203,-0.071, 0.014,0.000,0.000,0.000, 0.577, 0.403,-0.014;
8.474,0.549,0.197,0.549,0.197,-0.203,-0.071, 0.014,0.000,0.000,0.000, 0.571, 0.410,-0.014;
8.485,0.549,0.194,0.549,0.194,-0.203,-0.071, 0.014,0.000,0.000,0.000, 0.565, 0.417,-0.014;
8.497,0.549,0.191,0.549,0.191,-0.203,-0.071, 0.014,0.000,0.000,0.000, 0.559, 0.423,-0.014;
8.508,0.549,0.187,0.549,0.187,-0.203,-0.071, 0.014,0.000,0.000,0.000, 0.552, 0.430,-0.014;
8.520,0.549,0.184,0.549,0.184,-0.203,-0.071, 0.014,0.000,0.000,0.000, 0.545, 0.436,-0.014;
8.531,0.549,0.181,0.549,0.181,-0.203,-0.071, 0.014,0.000,0.000,0.000, 0.539, 0.442,-0.014;
8.542,0.549,0.178,0.549,0.178,-0.203,-0.071, 0.014,0.000,0.000,0.000, 0.533, 0.448,-0.014;
8.553,0.549,0.175,0.549,0.175,-0.203,-0.071, 0.014,0.000,0.000,0.000, 0.526, 0.453,-0.014;
8.565,0.549,0.172,0.549,0.172,-0.203,-0.071, 0.014,0.000,0.000,0.000, 0.519, 0.459,-0.014;
8.587,0.548,0.166,0.548,0.166,-0.203,-0.071, 0.014,0.000,0.000,0.000, 0.505, 0.470,-0.014;
8.599,0.548,0.163,0.548,0.163,-0.203,-0.071, 0.014,0.000,0.000,0.000, 0.497, 0.476,-0.014;
8.602,0.548,0.162,0.548,0.162,-0.203,-0.071, 0.014,0.000,0.000,0.000, 0.496, 0.477,-0.014;
8.624,0.547,0.156,0.547,0.156,-0.203,-0.071, 0.014,0.000,0.000,0.000, 0.482, 0.487,-0.014;
8.627,0.546,0.155,0.546,0.155,-0.203,-0.071, 0.014,0.000,0.000,0.000, 0.480, 0.488,-0.014;
8.639,0.546,0.152,0.546,0.152,-0.203,-0.071, 0.014,0.000,0.000,0.000, 0.472, 0.493,-0.014;
8.650,0.545,0.149,0.545,0.149,-0.203,-0.071, 0.014,0.000,0.000,0.000, 0.464, 0.498,-0.014;
8.671,0.544,0.144,0.544,0.144,-0.203,-0.071, 0.014,0.000,0.000,0.000, 0.450, 0.506,-0.014;
8.683,0.543,0.141,0.543,0.141,-0.203,-0.071, 0.014,0.000,0.000,0.000, 0.442, 0.511,-0.014;
8.695,0.542,0.137,0.542,0.137,-0.203,-0.071, 0.014,0.000,0.000,0.000, 0.434, 0.515,-0.014;
8.706,0.541,0.134,0.541,0.134,-0.203,-0.071, 0.014,0.000,0.000,0.000, 0.426, 0.519,-0.014;
8.718,0.540,0.131,0.540,0.131,-0.203,-0.071, 0.014,0.000,0.000,0.000, 0.417, 0.523,-0.014;
8.732,0.539,0.128,0.539,0.128,-0.203,-0.071, 0.014,0.000,0.000,0.000, 0.408, 0.528,-0.014;
8.742,0.538,0.125,0.538,0.125,-0.203,-0.071, 0.014,0.000,0.000,0.000, 0.400, 0.531,-0.014;
8.755,0.537,0.122,0.537,0.122,-0.203,-0.071, 0.014,0.000,0.000,0.000, 0.391, 0.535,-0.014;
8.767,0.535,0.119,0.535,0.119,-0.203,-0.071, 0.014,0.000,0.000,0.000, 0.382, 0.538,-0.014;
8.778,0.534,0.116,0.534,0.116,-0.203,-0.071, 0.014,0.000,0.000,0.000, 0.374, 0.541,-0.014;
8.790,0.533,0.113,0.533,0.113,-0.203,-0.071, 0.014,0.000,0.000,0.000, 0.365, 0.544,-0.014;
8.802,0.531,0.110,0.531,0.110,-0.203,-0.071, 0.014,0.000,0.000,0.000, 0.356, 0.547,-0.014;
8.813,0.530,0.108,0.530,0.108,-0.203,-0.071, 0.014,0.000,0.000,-0.019, 0.348, 0.550,-0.014;
8.823,0.529,0.105,0.529,0.105,-0.203,-0.071, 0.014,0.000,0.000,0.019, 0.340, 0.552,-0.014;
8.835,0.527,0.102,0.527,0.102,-0.203,-0.071, 0.014,0.000,0.000,0.000, 0.331, 0.555,-0.014;
8.847,0.526,0.100,0.526,0.100,-0.203,-0.071, 0.014,0.000,0.000,0.000, 0.322, 0.557,-0.014;
8.858,0.524,0.097,0.524,0.097,-0.203,-0.071, 0.014,0.000,0.000,0.000, 0.314, 0.559,-0.014;
8.880,0.521,0.092,0.521,0.092,-0.203,-0.071, 0.014,0.000,0.000,0.000, 0.297, 0.563,-0.014;
8.892,0.519,0.089,0.519,0.089,-0.203,-0.071, 0.014,0.000,0.000,0.000, 0.288, 0.564,-0.014;
8.903,0.517,0.087,0.517,0.087,-0.203,-0.071, 0.014,0.000,0.000,0.000, 0.279, 0.566,-0.014;
8.915,0.515,0.084,0.515,0.084,-0.203,-0.071, 0.014,0.000,0.000,0.000, 0.269, 0.567,-0.014;
8.927,0.513,0.081,0.513,0.081,-0.203,-0.071, 0.014,0.000,0.000,0.000, 0.260, 0.568,-0.014;
8.939,0.511,0.079,0.511,0.079,-0.203,-0.071, 0.014,0.000,0.000,0.000, 0.251, 0.569,-0.014;
8.951,0.509,0.076,0.509,0.076,-0.203,-0.071, 0.014,0.000,0.000,0.000, 0.242, 0.570,-0.014;
8.964,0.507,0.074,0.507,0.074,-0.203,-0.071, 0.014,0.000,0.000,0.000, 0.232, 0.571,-0.014;
8.977,0.505,0.071,0.505,0.071,-0.203,-0.071, 0.014,0.000,0.000,0.000, 0.221, 0.571,-0.014;
8.988,0.503,0.069,0.503,0.069,-0.203,-0.071, 0.014,0.000,0.000,0.000, 0.212, 0.571,-0.014;
9.000,0.500,0.067,0.500,0.067,-0.203,-0.071, 0.014,0.000,0.000,0.000, 0.203, 0.571,-0.014;
9.013,0.498,0.064,0.498,0.064,-0.203,-0.071, 0.014,0.000,0.000,-0.015, 0.193, 0.571,-0.014;
9.025,0.495,0.062,0.495,0.062,-0.203,-0.071, 0.014,0.000,0.000,0.017, 0.183, 0.571,-0.014;
9.038,0.493,0.059,0.493,0.059,-0.203,-0.071, 0.014,0.000,0.000,0.000, 0.173, 0.571,-0.014;
9.050,0.491,0.057,0.491,0.057,-0.203,-0.071, 0.014,0.000,0.000,0.000, 0.164, 0.570,-0.014;
9.061,0.488,0.055,0.488,0.055,-0.203,-0.071, 0.014,0.000,0.000,0.000, 0.155, 0.569,-0.014;
9.073,0.486,0.053,0.486,0.053,-0.203,-0.071, 0.014,0.000,0.000,0.000, 0.146, 0.568,-0.014;
9.085,0.483,0.051,0.483,0.051,-0.203,-0.071, 0.014,0.000,0.000,0.000, 0.136, 0.567,-0.014;
9.097,0.481,0.049,0.481,0.049,-0.203,-0.071, 0.014,0.000,0.000,0.000, 0.127, 0.566,-0.014;
9.109,0.478,0.047,0.478,0.047,-0.203,-0.071, 0.014,0.000,0.000,0.000, 0.118, 0.564,-0.014;
9.120,0.475,0.045,0.475,0.045,-0.203,-0.071, 0.014,0.000,0.000,0.000, 0.109, 0.562,-0.014;
9.132,0.473,0.043,0.473,0.043,-0.203,-0.071, 0.014,0.000,0.000,0.000, 0.100, 0.561,-0.014;
9.144,0.470,0.042,0.470,0.042,-0.203,-0.071, 0.014,0.000,0.000,0.000, 0.091, 0.559,-0.014;
9.156,0.467,0.040,0.467,0.040,-0.203,-0.071, 0.014,0.000,0.000,0.000, 0.082, 0.557,-0.014;
9.167,0.465,0.038,0.465,0.038,-0.203,-0.071, 0.014,0.000,0.000,0.000, 0.073, 0.554,-0.014;
9.178,0.462,0.037,0.462,0.037,-0.203,-0.071, 0.014,0.000,0.000,0.000, 0.065, 0.552,-0.014;
9.190,0.459,0.035,0.459,0.035,-0.203,-0.071, 0.014,0.000,0.000,-0.018, 0.056, 0.549,-0.014;
9.202,0.457,0.034,0.457,0.034,-0.203,-0.071, 0.014,0.000,0.000,0.000, 0.047, 0.547,-0.014;
9.213,0.454,0.032,0.454,0.032,-0.203,-0.071, 0.014,0.000,0.000,0.019, 0.039, 0.544,-0.014;
9.234,0.449,0.030,0.449,0.030,-0.203,-0.071, 0.014,0.000,0.000,0.000, 0.023, 0.538,-0.014;
9.246,0.446,0.029,0.446,0.029,-0.203,-0.071, 0.014,0.000,0.000,0.000, 0.015, 0.535,-0.014;
9.257,0.443,0.027,0.443,0.027,-0.203,-0.071, 0.014,0.000,0.000,0.000, 0.007, 0.531,-0.014;
9.269,0.440,0.026,0.440,0.026,-0.203,-0.071, 0.014,0.000,0.000,0.000,-0.002, 0.528,-0.014;
9.281,0.437,0.025,0.437,0.025,-0.203,-0.071, 0.014,0.000,0.000,0.000,-0.010, 0.524,-0.014;
9.293,0.434,0.024,0.434,0.024,-0.203,-0.071, 0.014,0.000,0.000,0.000,-0.019, 0.519,-0.014;
9.304,0.431,0.023,0.431,0.023,-0.203,-0.071, 0.014,0.000,0.000,0.000,-0.027, 0.515,-0.014;
9.317,0.428,0.022,0.428,0.022,-0.203,-0.071, 0.014,0.000,0.000,0.000,-0.036, 0.511,-0.014;
9.327,0.425,0.021,0.425,0.021,-0.203,-0.071, 0.014,0.000,0.000,0.000,-0.043, 0.507,-0.014;
9.339,0.422,0.020,0.422,0.020,-0.203,-0.071, 0.014,0.000,0.000,0.000,-0.051, 0.502,-0.014;
9.351,0.419,0.019,0.419,0.019,-0.203,-0.071, 0.014,0.000,0.000,0.000,-0.059, 0.497,-0.014;
9.362,0.416,0.019,0.416,0.019,-0.203,-0.071, 0.014,0.000,0.000,0.000,-0.066, 0.493,-0.014;
9.373,0.413,0.018,0.413,0.018,-0.203,-0.071, 0.014,0.000,0.000,0.000,-0.073, 0.488,-0.014;
9.384,0.410,0.017,0.410,0.017,-0.203,-0.071, 0.014,0.000,0.000,0.000,-0.081, 0.483,-0.014;
9.406,0.404,0.016,0.404,0.016,-0.203,-0.071, 0.014,0.000,0.000,0.000,-0.094, 0.473,-0.014;
9.418,0.401,0.016,0.401,0.016,-0.203,-0.071, 0.014,0.000,0.000,0.000,-0.102, 0.467,-0.014;
9.430,0.398,0.015,0.398,0.015,-0.203,-0.071, 0.014,0.000,0.000,0.000,-0.110, 0.462,-0.014;
9.442,0.394,0.015,0.394,0.015,-0.203,-0.071, 0.014,0.000,0.000,0.000,-0.117, 0.456,-0.014;
9.454,0.391,0.015,0.391,0.015,-0.203,-0.071, 0.014,0.000,0.000,0.000,-0.124, 0.449,-0.014;
9.467,0.388,0.014,0.388,0.014,-0.203,-0.071, 0.014,0.000,0.000,0.000,-0.131, 0.443,-0.014;
9.480,0.384,0.014,0.384,0.014,-0.203,-0.071, 0.014,0.000,0.000,0.000,-0.139, 0.436,-0.014;
9.492,0.381,0.014,0.381,0.014,-0.203,-0.071, 0.014,0.000,0.000,0.000,-0.146, 0.430,-0.014;
9.503,0.378,0.014,0.378,0.014,-0.203,-0.071, 0.014,0.000,0.000,0.000,-0.152, 0.423,-0.014;
9.516,0.374,0.014,0.374,0.014,-0.203,-0.071, 0.014,0.000,0.000,0.000,-0.159, 0.416,-0.014;
9.527,0.371,0.014,0.371,0.014,-0.203,-0.071, 0.014,0.000,0.000,0.000,-0.165, 0.410,-0.014;
9.539,0.368,0.014,0.368,0.014,-0.203,-0.071, 0.014,0.000,0.000,0.000,-0.171, 0.403,-0.014;
9.551,0.365,0.014,0.365,0.014,-0.203,-0.071, 0.014,0.000,0.000,0.000,-0.177, 0.396,-0.014;
9.563,0.361,0.015,0.361,0.015,-0.203,-0.071, 0.014,0.000,0.000,-0.017,-0.184, 0.388,-0.014;
9.575,0.358,0.015,0.358,0.015,-0.203,-0.071, 0.014,0.000,0.000,0.000,-0.190, 0.381,-0.014;
9.588,0.355,0.015,0.355,0.015,-0.203,-0.071, 0.014,0.000,0.000,0.000,-0.196, 0.373,-0.014;
9.599,0.352,0.016,0.352,0.016,-0.203,-0.071, 0.014,0.000,0.000,0.018,-0.201, 0.366,-0.014;
9.611,0.349,0.016,0.349,0.016,-0.203,-0.071, 0.014,0.000,0.000,0.000,-0.206, 0.358,-0.014;
9.622,0.346,0.017,0.346,0.017,-0.203,-0.071, 0.014,0.000,0.000,-0.018,-0.211, 0.351,-0.014;
9.634,0.342,0.017,0.342,0.017,-0.203,-0.071, 0.014,0.000,0.000,0.018,-0.217, 0.343,-0.014;
9.645,0.339,0.018,0.339,0.018,-0.203,-0.071, 0.014,0.000,0.000,0.000,-0.221, 0.336,-0.014;
9.656,0.336,0.019,0.336,0.019,-0.203,-0.071, 0.014,0.000,0.000,0.000,-0.226, 0.328,-0.014;
9.668,0.333,0.019,0.333,0.019,-0.203,-0.071, 0.014,0.000,0.000,0.000,-0.230, 0.321,-0.014;
9.679,0.331,0.020,0.331,0.020,-0.203,-0.071, 0.014,0.000,0.000,0.000,-0.235, 0.313,-0.014;
9.690,0.328,0.021,0.328,0.021,-0.203,-0.071, 0.014,0.000,0.000,0.000,-0.239, 0.305,-0.014;
9.702,0.324,0.022,0.324,0.022,-0.203,-0.071, 0.014,0.000,0.000,0.000,-0.243, 0.297,-0.014;
9.724,0.319,0.024,0.319,0.024,-0.203,-0.071, 0.014,0.000,0.000,0.000,-0.251, 0.282,-0.014;
9.736,0.316,0.025,0.316,0.025,-0.203,-0.071, 0.014,0.000,0.000,0.000,-0.254, 0.273,-0.014;
9.748,0.313,0.026,0.313,0.026,-0.203,-0.071, 0.014,0.000,0.000,-0.018,-0.258, 0.265,-0.014;
9.760,0.310,0.027,0.310,0.027,-0.203,-0.071, 0.014,0.000,0.000,0.000,-0.262, 0.256,-0.014;
9.771,0.307,0.028,0.307,0.028,-0.203,-0.071, 0.014,0.000,0.000,0.018,-0.265, 0.247,-0.014;
9.784,0.304,0.030,0.304,0.030,-0.203,-0.071, 0.014,0.000,0.000,-0.017,-0.268, 0.238,-0.014;
9.796,0.301,0.031,0.301,0.031,-0.203,-0.071, 0.014,0.000,0.000,0.017,-0.271, 0.229,-0.014;
9.808,0.298,0.033,0.298,0.033,-0.203,-0.071, 0.014,0.000,0.000,0.000,-0.274, 0.220,-0.014;
9.821,0.295,0.034,0.295,0.034,-0.203,-0.071, 0.014,0.000,0.000,0.000,-0.277, 0.210,-0.014;
9.833,0.292,0.036,0.292,0.036,-0.203,-0.071, 0.014,0.000,0.000,0.000,-0.280, 0.201,-0.014;
9.844,0.289,0.037,0.289,0.037,-0.203,-0.071, 0.014,0.000,0.000,0.000,-0.282, 0.192,-0.014;
9.856,0.286,0.039,0.286,0.039,-0.203,-0.071, 0.014,0.000,0.000,0.000,-0.284, 0.184,-0.014;
9.867,0.284,0.041,0.284,0.041,-0.203,-0.071, 0.014,0.000,0.000,0.000,-0.286, 0.175,-0.014;
9.879,0.281,0.042,0.281,0.042,-0.203,-0.071, 0.014,0.000,0.000,0.000,-0.288, 0.166,-0.014;
9.892,0.278,0.044,0.278,0.044,-0.203,-0.071, 0.014,0.000,0.000,0.000,-0.290, 0.156,-0.014;
9.904,0.276,0.046,0.276,0.046,-0.203,-0.071, 0.014,0.000,0.000,0.000,-0.291, 0.147,-0.014;
9.915,0.273,0.048,0.273,0.048,-0.203,-0.071, 0.014,0.000,0.000,0.000,-0.292, 0.138,-0.014;
9.926,0.271,0.050,0.271,0.050,-0.203,-0.071, 0.014,0.000,0.000,0.000,-0.293, 0.130,-0.014;
9.937,0.268,0.052,0.268,0.052,-0.203,-0.071, 0.014,0.000,0.000,0.000,-0.294, 0.121,-0.014;
9.948,0.266,0.053,0.266,0.053,-0.203,-0.071, 0.014,0.000,0.000,-0.019,-0.295, 0.112,-0.014;
9.959,0.264,0.055,0.264,0.055,-0.203,-0.071, 0.014,0.000,0.000,0.000,-0.296, 0.104,-0.014;
9.980,0.259,0.059,0.259,0.059,-0.203,-0.071, 0.014,0.000,0.000,0.010,-0.297, 0.087,-0.014;
9.992,0.257,0.061,0.257,0.061,-0.203,-0.071, 0.014,0.000,0.000,0.000,-0.297, 0.078,-0.014;
10.004,0.255,0.064,0.255,0.064,-0.203,-0.071, 0.014,0.000,0.000,0.000,-0.297, 0.068,-0.014;
10.015,0.252,0.066,0.252,0.066,-0.203,-0.071, 0.014,0.000,0.000,0.000,-0.297, 0.059,-0.014;
10.027,0.250,0.068,0.250,0.068,-0.203,-0.071, 0.014,0.000,0.000,0.000,-0.296, 0.051,-0.014;
10.038,0.248,0.070,0.248,0.070,-0.203,-0.071, 0.014,0.000,0.000,0.000,-0.296, 0.041,-0.014;
10.051,0.246,0.073,0.246,0.073,-0.203,-0.071, 0.014,0.000,0.000,0.000,-0.295, 0.032,-0.014;
10.063,0.244,0.075,0.244,0.075,-0.203,-0.071, 0.014,0.000,0.000,0.000,-0.294, 0.022,-0.014;
10.074,0.242,0.078,0.242,0.078,-0.203,-0.071, 0.014,0.000,0.000,0.000,-0.294, 0.013,-0.014;
10.085,0.240,0.080,0.240,0.080,-0.203,-0.071, 0.014,0.000,0.000,0.000,-0.292, 0.005,-0.014;
10.096,0.238,0.083,0.238,0.083,-0.203,-0.071, 0.014,0.000,0.000,0.000,-0.291,-0.004,-0.014;
10.108,0.236,0.085,0.236,0.085,-0.203,-0.071, 0.014,0.000,0.000,0.000,-0.290,-0.013,-0.014;
10.119,0.234,0.088,0.234,0.088,-0.203,-0.071, 0.014,0.000,0.000,0.000,-0.288,-0.022,-0.014;
10.130,0.233,0.090,0.233,0.090,-0.203,-0.071, 0.014,0.000,0.000,0.000,-0.286,-0.030,-0.014;
10.152,0.230,0.095,0.230,0.095,-0.203,-0.071, 0.014,0.000,0.000,0.000,-0.283,-0.046,-0.014;
10.163,0.228,0.098,0.228,0.098,-0.203,-0.071, 0.014,0.000,0.000,0.000,-0.281,-0.055,-0.014;
10.175,0.226,0.100,0.226,0.100,-0.203,-0.071, 0.014,0.000,0.000,0.000,-0.278,-0.064,-0.014;
10.187,0.225,0.103,0.225,0.103,-0.203,-0.071, 0.014,0.000,0.000,0.000,-0.276,-0.073,-0.014;
10.198,0.223,0.106,0.223,0.106,-0.203,-0.071, 0.014,0.000,0.000,0.000,-0.273,-0.082,-0.014;
10.210,0.222,0.109,0.222,0.109,-0.203,-0.071, 0.014,0.000,0.000,0.000,-0.270,-0.090,-0.014;
10.221,0.220,0.111,0.220,0.111,-0.203,-0.071, 0.014,0.000,0.000,0.000,-0.267,-0.099,-0.014;
10.232,0.219,0.114,0.219,0.114,-0.203,-0.071, 0.014,0.000,0.000,0.000,-0.264,-0.107,-0.014;
10.243,0.218,0.117,0.218,0.117,-0.203,-0.071, 0.014,0.000,0.000,0.000,-0.261,-0.115,-0.014;
10.254,0.217,0.120,0.217,0.120,-0.203,-0.071, 0.014,0.000,0.000,0.000,-0.258,-0.123,-0.014;
10.265,0.215,0.122,0.215,0.122,-0.203,-0.071, 0.014,0.000,0.000,0.000,-0.254,-0.131,-0.014;
10.277,0.214,0.125,0.214,0.125,-0.203,-0.071, 0.014,0.000,0.000,0.000,-0.250,-0.139,-0.014;
10.299,0.212,0.131,0.212,0.131,-0.203,-0.071, 0.014,0.000,0.000,0.000,-0.243,-0.155,-0.014;
10.303,0.212,0.132,0.212,0.132,-0.203,-0.071, 0.014,0.000,0.000,0.000,-0.241,-0.158,-0.014;
10.313,0.211,0.135,0.211,0.135,-0.203,-0.071, 0.014,0.000,0.000,0.000,-0.237,-0.165,-0.014;
10.336,0.209,0.141,0.209,0.141,-0.203,-0.071, 0.014,0.000,0.000,-0.009,-0.229,-0.180,-0.014;
10.339,0.209,0.141,0.209,0.141,-0.203,-0.071, 0.014,0.000,0.000,0.070,-0.228,-0.182,-0.014;
10.350,0.208,0.144,0.208,0.144,-0.203,-0.071, 0.014,0.000,0.000,0.000,-0.223,-0.190,-0.014;
10.371,0.207,0.150,0.207,0.150,-0.203,-0.071, 0.014,0.000,0.000,0.000,-0.214,-0.204,-0.014;
10.383,0.206,0.153,0.206,0.153,-0.203,-0.071, 0.014,0.000,0.000,0.000,-0.209,-0.212,-0.014;
10.395,0.206,0.156,0.206,0.156,-0.203,-0.071, 0.014,0.000,0.000,0.000,-0.204,-0.219,-0.014;
10.407,0.205,0.159,0.205,0.159,-0.203,-0.071, 0.014,0.000,0.000,0.000,-0.198,-0.227,-0.014;
10.419,0.205,0.163,0.205,0.163,-0.203,-0.071, 0.014,0.000,0.000,0.000,-0.193,-0.234,-0.014;
10.431,0.204,0.166,0.204,0.166,-0.203,-0.071, 0.014,0.000,0.000,0.000,-0.187,-0.242,-0.014;
10.442,0.204,0.169,0.204,0.169,-0.203,-0.071, 0.014,0.000,0.000,0.000,-0.181,-0.249,-0.014;
10.454,0.204,0.172,0.204,0.172,-0.203,-0.071, 0.014,0.000,0.000,0.000,-0.175,-0.256,-0.014;
10.467,0.203,0.176,0.203,0.176,-0.203,-0.071, 0.014,0.000,0.000,0.000,-0.168,-0.263,-0.014;
10.479,0.203,0.179,0.203,0.179,-0.203,-0.071, 0.014,0.000,0.000,0.000,-0.162,-0.270,-0.014;
10.490,0.203,0.182,0.203,0.182,-0.203,-0.071, 0.014,0.000,0.000,0.000,-0.156,-0.277,-0.014;
10.502,0.203,0.185,0.203,0.185,-0.203,-0.071, 0.014,0.000,0.000,0.000,-0.149,-0.283,-0.014;
10.514,0.203,0.189,0.203,0.189,-0.203,-0.071, 0.014,0.000,0.000,0.000,-0.142,-0.290,-0.014;
10.526,0.203,0.192,0.203,0.192,-0.203,-0.071, 0.014,0.000,0.000,0.000,-0.136,-0.296,-0.014;
10.537,0.203,0.195,0.203,0.195,-0.203,-0.071, 0.014,0.000,0.000,0.000,-0.129,-0.302,-0.014;
10.548,0.203,0.198,0.203,0.198,-0.203,-0.071, 0.014,0.000,0.000,0.000,-0.123,-0.308,-0.014;
10.559,0.203,0.201,0.203,0.201,-0.203,-0.071, 0.014,0.000,0.000,0.000,-0.116,-0.313,-0.014;
10.570,0.204,0.204,0.204,0.204,-0.203,-0.071, 0.014,0.000,0.000,0.000,-0.109,-0.319,-0.014;
10.592,0.204,0.210,0.204,0.210,-0.203,-0.071, 0.014,0.000,0.000,0.000,-0.096,-0.329,-0.014;
10.603,0.205,0.213,0.205,0.213,-0.203,-0.071, 0.014,0.000,0.000,0.000,-0.089,-0.335,-0.014;
10.617,0.205,0.216,0.205,0.216,-0.203,-0.071, 0.014,0.000,0.000,0.000,-0.080,-0.341,-0.014;
10.620,0.206,0.217,0.206,0.217,-0.203,-0.071, 0.014,0.000,0.000,0.000,-0.078,-0.342,-0.014;
10.631,0.206,0.220,0.206,0.220,-0.203,-0.071, 0.014,0.000,0.000,0.000,-0.071,-0.347,-0.014;
10.652,0.207,0.226,0.207,0.226,-0.203,-0.071, 0.014,0.000,0.000,0.000,-0.057,-0.356,-0.014;
10.664,0.208,0.229,0.208,0.229,-0.203,-0.071, 0.014,0.000,0.000,0.000,-0.049,-0.361,-0.014;
10.676,0.209,0.232,0.209,0.232,-0.203,-0.071, 0.014,0.000,0.000,0.000,-0.041,-0.365,-0.014;
10.688,0.210,0.235,0.210,0.235,-0.203,-0.071, 0.014,0.000,0.000,0.000,-0.033,-0.370,-0.014;
10.700,0.211,0.238,0.211,0.238,-0.203,-0.071, 0.014,0.000,0.000,0.000,-0.024,-0.374,-0.014;
10.711,0.212,0.241,0.212,0.241,-0.203,-0.071, 0.014,0.000,0.000,0.000,-0.016,-0.378,-0.014;
10.724,0.213,0.245,0.213,0.245,-0.203,-0.071, 0.014,0.000,0.000,0.000,-0.007,-0.382,-0.014;
10.737,0.214,0.248,0.214,0.248,-0.203,-0.071, 0.014,0.000,0.000,0.000, 0.002,-0.386,-0.014;
10.748,0.215,0.251,0.215,0.251,-0.203,-0.071, 0.014,0.000,0.000,0.000, 0.010,-0.390,-0.014;
10.759,0.216,0.253,0.216,0.253,-0.203,-0.071, 0.014,0.000,0.000,0.000, 0.019,-0.393,-0.014;
10.771,0.217,0.256,0.217,0.256,-0.203,-0.071, 0.014,0.000,0.000,0.000, 0.027,-0.397,-0.014;
10.784,0.219,0.260,0.219,0.260,-0.203,-0.071, 0.014,0.000,0.000,0.000, 0.036,-0.400,-0.014;
10.795,0.220,0.262,0.220,0.262,-0.203,-0.071, 0.014,0.000,0.000,0.000, 0.045,-0.403,-0.014;
10.807,0.221,0.265,0.221,0.265,-0.203,-0.071, 0.014,0.000,0.000,0.000, 0.054,-0.406,-0.014;
10.818,0.223,0.268,0.223,0.268,-0.203,-0.071, 0.014,0.000,0.000,0.000, 0.062,-0.408,-0.014;
10.829,0.224,0.271,0.224,0.271,-0.203,-0.071, 0.014,0.000,0.000,0.000, 0.071,-0.411,-0.014;
10.841,0.226,0.273,0.226,0.273,-0.203,-0.071, 0.014,0.000,0.000,-0.018, 0.079,-0.413,-0.014;
10.853,0.228,0.276,0.228,0.276,-0.203,-0.071, 0.014,0.000,0.000,0.017, 0.088,-0.415,-0.014;
10.864,0.229,0.279,0.229,0.279,-0.203,-0.071, 0.014,0.000,0.000,0.000, 0.097,-0.417,-0.014;
10.886,0.232,0.284,0.232,0.284,-0.203,-0.071, 0.014,0.000,0.000,-0.009, 0.114,-0.421,-0.014;
10.889,0.233,0.284,0.233,0.284,-0.203,-0.071, 0.014,0.000,0.000,0.000, 0.117,-0.421,-0.014;
10.910,0.236,0.289,0.236,0.289,-0.203,-0.071, 0.014,0.000,0.000,0.010, 0.133,-0.424,-0.014;
10.922,0.238,0.292,0.238,0.292,-0.203,-0.071, 0.014,0.000,0.000,0.000, 0.142,-0.425,-0.014;
10.934,0.240,0.294,0.240,0.294,-0.203,-0.071, 0.014,0.000,0.000,0.000, 0.151,-0.426,-0.014;
10.946,0.242,0.297,0.242,0.297,-0.203,-0.071, 0.014,0.000,0.000,0.000, 0.161,-0.427,-0.014;
10.958,0.244,0.299,0.244,0.299,-0.203,-0.071, 0.014,0.000,0.000,0.000, 0.170,-0.427,-0.014;
10.970,0.246,0.302,0.246,0.302,-0.203,-0.071, 0.014,0.000,0.000,0.000, 0.179,-0.428,-0.014;
10.982,0.248,0.304,0.248,0.304,-0.203,-0.071, 0.014,0.000,0.000,0.000, 0.189,-0.428,-0.014;
10.993,0.251,0.306,0.251,0.306,-0.203,-0.071, 0.014,0.000,0.000,0.000, 0.198,-0.429,-0.014;
11.005,0.253,0.309,0.253,0.309,-0.203,-0.071, 0.014,0.000,0.000,0.000, 0.207,-0.429,-0.014;
11.017,0.255,0.311,0.255,0.311,-0.203,-0.071, 0.014,0.000,0.000,0.000, 0.217,-0.428,-0.014;
11.029,0.258,0.313,0.258,0.313,-0.203,-0.071, 0.014,0.000,0.000,-0.018, 0.226,-0.428,-0.014;
11.040,0.260,0.315,0.260,0.315,-0.203,-0.071, 0.014,0.000,0.000,0.018, 0.235,-0.428,-0.014;
11.052,0.262,0.318,0.262,0.318,-0.203,-0.071, 0.014,0.000,0.000,-0.018, 0.244,-0.427,-0.014;
11.063,0.264,0.320,0.264,0.320,-0.203,-0.071, 0.014,0.000,0.000,0.018, 0.253,-0.426,-0.014;
11.075,0.267,0.322,0.267,0.322,-0.203,-0.071, 0.014,0.000,0.000,0.000, 0.262,-0.425,-0.014;
11.086,0.269,0.323,0.269,0.323,-0.203,-0.071, 0.014,0.000,0.000,0.000, 0.270,-0.424,-0.014;
11.097,0.272,0.325,0.272,0.325,-0.203,-0.071, 0.014,0.000,0.000,0.000, 0.279,-0.423,-0.014;
11.108,0.274,0.327,0.274,0.327,-0.203,-0.071, 0.014,0.000,0.000,0.000, 0.288,-0.421,-0.014;
11.130,0.279,0.331,0.279,0.331,-0.203,-0.071, 0.014,0.000,0.000,0.000, 0.304,-0.418,-0.014;
11.142,0.282,0.332,0.282,0.332,-0.203,-0.071, 0.014,0.000,0.000,0.000, 0.314,-0.416,-0.014;
11.154,0.284,0.334,0.284,0.334,-0.203,-0.071, 0.014,0.000,0.000,0.000, 0.323,-0.414,-0.014;
11.167,0.287,0.336,0.287,0.336,-0.203,-0.071, 0.014,0.000,0.000,0.000, 0.333,-0.412,-0.014;
11.170,0.288,0.336,0.288,0.336,-0.203,-0.071, 0.014,0.000,0.000,0.000, 0.335,-0.411,-0.014;
11.182,0.291,0.338,0.291,0.338,-0.203,-0.071, 0.014,0.000,0.000,0.000, 0.344,-0.408,-0.014;
11.193,0.294,0.339,0.294,0.339,-0.203,-0.071, 0.014,0.000,0.000,0.000, 0.353,-0.406,-0.014;
11.215,0.299,0.342,0.299,0.342,-0.203,-0.071, 0.014,0.000,0.000,0.000, 0.369,-0.400,-0.014;
11.227,0.302,0.344,0.302,0.344,-0.203,-0.071, 0.014,0.000,0.000,0.000, 0.377,-0.397,-0.014;
11.238,0.305,0.345,0.305,0.345,-0.203,-0.071, 0.014,0.000,0.000,0.000, 0.386,-0.394,-0.014;
11.250,0.307,0.346,0.307,0.346,-0.203,-0.071, 0.014,0.000,0.000,0.000, 0.394,-0.391,-0.014;
11.262,0.311,0.348,0.311,0.348,-0.203,-0.071, 0.014,0.000,0.000,0.000, 0.403,-0.387,-0.014;
11.274,0.314,0.349,0.314,0.349,-0.203,-0.071, 0.014,0.000,0.000,-0.018, 0.412,-0.383,-0.014;
11.285,0.316,0.350,0.316,0.350,-0.203,-0.071, 0.014,0.000,0.000,0.018, 0.420,-0.379,-0.014;
11.297,0.319,0.351,0.319,0.351,-0.203,-0.071, 0.014,0.000,0.000,0.000, 0.428,-0.375,-0.014;
11.309,0.323,0.352,0.323,0.352,-0.203,-0.071, 0.014,0.000,0.000,0.000, 0.436,-0.371,-0.014;
11.321,0.326,0.353,0.326,0.353,-0.203,-0.071, 0.014,0.000,0.000,0.000, 0.445,-0.366,-0.014;
11.334,0.329,0.354,0.329,0.354,-0.203,-0.071, 0.014,0.000,0.000,0.000, 0.453,-0.361,-0.014;
11.346,0.332,0.355,0.332,0.355,-0.203,-0.071, 0.014,0.000,0.000,0.000, 0.462,-0.356,-0.014;
11.358,0.335,0.355,0.335,0.355,-0.203,-0.071, 0.014,0.000,0.000,0.000, 0.469,-0.352,-0.014;
11.369,0.338,0.356,0.338,0.356,-0.203,-0.071, 0.014,0.000,0.000,0.000, 0.477,-0.347,-0.014;
11.380,0.341,0.357,0.341,0.357,-0.203,-0.071, 0.014,0.000,0.000,0.000, 0.484,-0.342,-0.014;
11.391,0.344,0.357,0.344,0.357,-0.203,-0.071, 0.014,0.000,0.000,0.000, 0.491,-0.337,-0.014;
11.403,0.347,0.358,0.347,0.358,-0.203,-0.071, 0.014,0.000,0.000,0.000, 0.499,-0.332,-0.014;
11.414,0.350,0.358,0.350,0.358,-0.203,-0.071, 0.014,0.000,0.000,0.000, 0.506,-0.327,-0.014;
11.436,0.356,0.359,0.356,0.359,-0.203,-0.071, 0.014,0.000,0.000,-0.009, 0.520,-0.316,-0.014;
11.440,0.358,0.359,0.358,0.359,-0.203,-0.071, 0.014,0.000,0.000,0.000, 0.522,-0.314,-0.014;
11.450,0.360,0.360,0.360,0.360,-0.203,-0.071, 0.014,0.000,0.000,0.000, 0.528,-0.309,-0.014;
11.472,0.366,0.360,0.366,0.360,-0.203,-0.071, 0.014,0.000,0.000,0.010, 0.541,-0.297,-0.014;
11.484,0.369,0.360,0.369,0.360,-0.203,-0.071, 0.014,0.000,0.000,0.000, 0.548,-0.291,-0.014;
11.496,0.372,0.360,0.372,0.360,-0.203,-0.071, 0.014,0.000,0.000,0.000, 0.554,-0.285,-0.014;
11.508,0.376,0.360,0.376,0.360,-0.203,-0.071, 0.014,0.000,0.000,0.000, 0.561,-0.278,-0.014;
11.520,0.379,0.360,0.379,0.360,-0.203,-0.071, 0.014,0.000,0.000,0.000, 0.567,-0.271,-0.014;
11.532,0.382,0.360,0.382,0.360,-0.203,-0.071, 0.014,0.000,0.000,0.000, 0.574,-0.264,-0.014;
11.544,0.386,0.360,0.386,0.360,-0.203,-0.071, 0.014,0.000,0.000,0.000, 0.580,-0.257,-0.014;
11.556,0.389,0.360,0.389,0.360,-0.203,-0.071, 0.014,0.000,0.000,0.000, 0.586,-0.250,-0.014;
11.568,0.392,0.360,0.392,0.360,-0.203,-0.071, 0.014,0.000,0.000,0.000, 0.592,-0.242,-0.014;
11.580,0.395,0.359,0.395,0.359,-0.203,-0.071, 0.014,0.000,0.000,0.000, 0.598,-0.235,-0.014;
11.591,0.398,0.359,0.398,0.359,-0.203,-0.071, 0.014,0.000,0.000,0.000, 0.604,-0.228,-0.014;
11.603,0.402,0.359,0.402,0.359,-0.203,-0.071, 0.014,0.000,0.000,0.000, 0.609,-0.221,-0.014;
11.615,0.405,0.358,0.405,0.358,-0.203,-0.071, 0.014,0.000,0.000,0.000, 0.614,-0.213,-0.014;
11.626,0.408,0.357,0.408,0.357,-0.203,-0.071, 0.014,0.000,0.000,0.000, 0.619,-0.205,-0.014;
11.637,0.411,0.357,0.411,0.357,-0.203,-0.071, 0.014,0.000,0.000,0.000, 0.624,-0.198,-0.014;
11.650,0.414,0.356,0.414,0.356,-0.203,-0.071, 0.014,0.000,0.000,-0.017, 0.629,-0.190,-0.014;
11.660,0.417,0.356,0.417,0.356,-0.203,-0.071, 0.014,0.000,0.000,0.019, 0.634,-0.183,-0.014;
11.671,0.420,0.355,0.420,0.355,-0.203,-0.071, 0.014,0.000,0.000,0.000, 0.638,-0.175,-0.014;
11.683,0.423,0.354,0.423,0.354,-0.203,-0.071, 0.014,0.000,0.000,0.000, 0.642,-0.167,-0.014;
11.704,0.428,0.352,0.428,0.352,-0.203,-0.071, 0.014,0.000,0.000,0.000, 0.650,-0.153,-0.014;
11.716,0.432,0.351,0.432,0.351,-0.203,-0.071, 0.014,0.000,0.000,0.000, 0.654,-0.144,-0.014;
11.727,0.434,0.350,0.434,0.350,-0.203,-0.071, 0.014,0.000,0.000,0.000, 0.658,-0.136,-0.014;
11.739,0.437,0.349,0.437,0.349,-0.203,-0.071, 0.014,0.000,0.000,0.000, 0.662,-0.128,-0.014;
11.750,0.440,0.348,0.440,0.348,-0.203,-0.071, 0.014,0.000,0.000,0.000, 0.665,-0.120,-0.014;
11.762,0.443,0.347,0.443,0.347,-0.203,-0.071, 0.014,0.000,0.000,0.000, 0.668,-0.112,-0.014;
11.773,0.446,0.346,0.446,0.346,-0.203,-0.071, 0.014,0.000,0.000,0.000, 0.672,-0.103,-0.014;
11.785,0.449,0.344,0.449,0.344,-0.203,-0.071, 0.014,0.000,0.000,0.000, 0.675,-0.095,-0.014;
11.796,0.452,0.343,0.452,0.343,-0.203,-0.071, 0.014,0.000,0.000,0.000, 0.678,-0.086,-0.014;
11.807,0.454,0.342,0.454,0.342,-0.203,-0.071, 0.014,0.000,0.000,0.000, 0.680,-0.078,-0.014;
11.819,0.457,0.340,0.457,0.340,-0.203,-0.071, 0.014,0.000,0.000,0.000, 0.683,-0.069,-0.014;
11.830,0.460,0.339,0.460,0.339,-0.203,-0.071, 0.014,0.000,0.000,0.000, 0.685,-0.060,-0.014;
11.842,0.463,0.337,0.463,0.337,-0.203,-0.071, 0.014,0.000,0.000,-0.018, 0.688,-0.052,-0.014;
11.864,0.468,0.334,0.468,0.334,-0.203,-0.071, 0.014,0.000,0.000,0.010, 0.692,-0.035,-0.014;
11.876,0.470,0.332,0.470,0.332,-0.203,-0.071, 0.014,0.000,0.000,0.000, 0.694,-0.026,-0.014;
11.887,0.473,0.331,0.473,0.331,-0.203,-0.071, 0.014,0.000,0.000,0.000, 0.695,-0.017,-0.014;
11.900,0.476,0.329,0.476,0.329,-0.203,-0.071, 0.014,0.000,0.000,0.000, 0.697,-0.007,-0.014;
11.911,0.478,0.327,0.478,0.327,-0.203,-0.071, 0.014,0.000,0.000,0.000, 0.698, 0.002,-0.014;
11.924,0.481,0.325,0.481,0.325,-0.203,-0.071, 0.014,0.000,0.000,0.000, 0.700, 0.011,-0.014;
11.935,0.484,0.323,0.484,0.323,-0.203,-0.071, 0.014,0.000,0.000,0.000, 0.701, 0.021,-0.014;
11.948,0.486,0.321,0.486,0.321,-0.203,-0.071, 0.014,0.000,0.000,0.000, 0.701, 0.031,-0.014;
11.961,0.489,0.319,0.489,0.319,-0.203,-0.071, 0.014,0.000,0.000,0.000, 0.702, 0.041,-0.014;
11.973,0.491,0.316,0.491,0.316,-0.203,-0.071, 0.014,0.000,0.000,0.000, 0.703, 0.050,-0.014;
11.985,0.494,0.314,0.494,0.314,-0.203,-0.071, 0.014,0.000,0.000,0.000, 0.703, 0.060,-0.014;
11.997,0.496,0.312,0.496,0.312,-0.203,-0.071, 0.014,0.000,0.000,0.000, 0.703, 0.069,-0.014;
12.009,0.499,0.310,0.499,0.310,-0.203,-0.071, 0.014,0.000,0.000,0.000, 0.703, 0.078,-0.014;
12.022,0.501,0.307,0.501,0.307,-0.203,-0.071, 0.014,0.000,0.000,-0.016, 0.703, 0.088,-0.014;
12.033,0.503,0.305,0.503,0.305,-0.203,-0.071, 0.014,0.000,0.000,0.000, 0.702, 0.097,-0.014;
12.044,0.505,0.303,0.505,0.303,-0.203,-0.071, 0.014,0.000,0.000,0.000, 0.702, 0.106,-0.014;
12.056,0.507,0.300,0.507,0.300,-0.203,-0.071, 0.014,0.000,0.000,0.018, 0.701, 0.115,-0.014;
12.068,0.509,0.298,0.509,0.298,-0.203,-0.071, 0.014,0.000,0.000,0.000, 0.700, 0.125,-0.014;
12.080,0.512,0.295,0.512,0.295,-0.203,-0.071, 0.014,0.000,0.000,0.000, 0.699, 0.134,-0.014;
12.092,0.513,0.293,0.513,0.293,-0.203,-0.071, 0.014,0.000,0.000,0.000, 0.698, 0.143,-0.014;
12.104,0.515,0.290,0.515,0.290,-0.203,-0.071, 0.014,0.000,0.000,0.000, 0.696, 0.153,-0.014;
12.117,0.517,0.287,0.517,0.287,-0.203,-0.071, 0.014,0.000,0.000,0.000, 0.695, 0.163,-0.014;
12.128,0.519,0.285,0.519,0.285,-0.203,-0.071, 0.014,0.000,0.000,0.000, 0.693, 0.172,-0.014;
12.140,0.521,0.282,0.521,0.282,-0.203,-0.071, 0.014,0.000,0.000,0.000, 0.691, 0.181,-0.014;
12.152,0.523,0.279,0.523,0.279,-0.203,-0.071, 0.014,0.000,0.000,0.000, 0.689, 0.190,-0.014;
12.163,0.524,0.277,0.524,0.277,-0.203,-0.071, 0.014,0.000,0.000,0.000, 0.687, 0.198,-0.014;
12.174,0.526,0.274,0.526,0.274,-0.203,-0.071, 0.014,0.000,0.000,0.000, 0.685, 0.206,-0.014;
12.186,0.527,0.271,0.527,0.271,-0.203,-0.071, 0.014,0.000,0.000,0.000, 0.682, 0.215,-0.014;
12.197,0.529,0.269,0.529,0.269,-0.203,-0.071, 0.014,0.000,0.000,0.000, 0.679, 0.224,-0.014;
12.208,0.530,0.266,0.530,0.266,-0.203,-0.071, 0.014,0.000,0.000,-0.019, 0.677, 0.232,-0.014;
12.229,0.533,0.261,0.533,0.261,-0.203,-0.071, 0.014,0.000,0.000,0.010, 0.671, 0.248,-0.014;
12.241,0.534,0.258,0.534,0.258,-0.203,-0.071, 0.014,0.000,0.000,0.000, 0.668, 0.256,-0.014;
12.253,0.535,0.255,0.535,0.255,-0.203,-0.071, 0.014,0.000,0.000,0.000, 0.664, 0.265,-0.014;
12.264,0.537,0.252,0.537,0.252,-0.203,-0.071, 0.014,0.000,0.000,-0.018, 0.661, 0.273,-0.014;
12.276,0.538,0.249,0.538,0.249,-0.203,-0.071, 0.014,0.000,0.000,0.017, 0.657, 0.281,-0.014;
12.287,0.539,0.246,0.539,0.246,-0.203,-0.071, 0.014,0.000,0.000,0.000, 0.653, 0.289,-0.014;
12.300,0.540,0.243,0.540,0.243,-0.203,-0.071, 0.014,0.000,0.000,0.000, 0.649, 0.298,-0.014;
12.311,0.541,0.240,0.541,0.240,-0.203,-0.071, 0.014,0.000,0.000,0.000, 0.645, 0.306,-0.014;
12.322,0.542,0.237,0.542,0.237,-0.203,-0.071, 0.014,0.000,0.000,0.000, 0.641, 0.314,-0.014;
12.333,0.543,0.235,0.543,0.235,-0.203,-0.071, 0.014,0.000,0.000,0.000, 0.636, 0.321,-0.014;
12.344,0.544,0.232,0.544,0.232,-0.203,-0.071, 0.014,0.000,0.000,0.000, 0.632, 0.329,-0.014;
12.355,0.544,0.229,0.544,0.229,-0.203,-0.071, 0.014,0.000,0.000,0.000, 0.627, 0.336,-0.014;
12.376,0.546,0.223,0.546,0.223,-0.203,-0.071, 0.014,0.000,0.000,-0.010, 0.618, 0.350,-0.014;
12.388,0.546,0.220,0.546,0.220,-0.203,-0.071, 0.014,0.000,0.000,0.017, 0.613, 0.358,-0.014;
12.400,0.547,0.217,0.547,0.217,-0.203,-0.071, 0.014,0.000,0.000,0.000, 0.608, 0.365,-0.014;
12.411,0.547,0.214,0.547,0.214,-0.203,-0.071, 0.014,0.000,0.000,0.000, 0.602, 0.372,-0.014;
12.423,0.548,0.210,0.548,0.210,-0.203,-0.071, 0.014,0.000,0.000,0.000, 0.597, 0.380,-0.014;
12.435,0.548,0.207,0.548,0.207,-0.203,-0.071, 0.014,0.000,0.000,0.000, 0.591, 0.387,-0.014;
12.446,0.548,0.204,0.548,0.204,-0.203,-0.071, 0.014,0.000,0.000,0.000, 0.585, 0.394,-0.014;
12.458,0.549,0.201,0.549,0.201,-0.203,-0.071, 0.014,0.000,0.000,0.000, 0.579, 0.401,-0.014;
12.469,0.549,0.198,0.549,0.198,-0.203,-0.071, 0.014,0.000,0.000,0.000, 0.573, 0.407,-0.014;
12.482,0.549,0.195,0.549,0.195,-0.203,-0.071, 0.014,0.000,0.000,0.000, 0.567, 0.415,-0.014;
12.493,0.549,0.192,0.549,0.192,-0.203,-0.071, 0.014,0.000,0.000,0.000, 0.561, 0.421,-0.014;
12.504,0.549,0.189,0.549,0.189,-0.203,-0.071, 0.014,0.000,0.000,0.000, 0.555, 0.427,-0.014;
12.516,0.549,0.185,0.549,0.185,-0.203,-0.071, 0.014,0.000,0.000,0.000, 0.548, 0.434,-0.014;
12.527,0.549,0.182,0.549,0.182,-0.203,-0.071, 0.014,0.000,0.000,0.000, 0.542, 0.440,-0.014;
12.549,0.549,0.176,0.549,0.176,-0.203,-0.071, 0.014,0.000,0.000,0.000, 0.528, 0.451,-0.014;
12.553,0.549,0.175,0.549,0.175,-0.203,-0.071, 0.014,0.000,0.000,0.000, 0.526, 0.453,-0.014;
12.563,0.549,0.172,0.549,0.172,-0.203,-0.071, 0.014,0.000,0.000,-0.019, 0.520, 0.458,-0.014;
12.585,0.548,0.167,0.548,0.167,-0.203,-0.071, 0.014,0.000,0.000,0.000, 0.507, 0.469,-0.014;
12.596,0.548,0.164,0.548,0.164,-0.203,-0.071, 0.014,0.000,0.000,0.018, 0.499, 0.474,-0.014;
12.608,0.547,0.160,0.547,0.160,-0.203,-0.071, 0.014,0.000,0.000,-0.017, 0.492, 0.480,-0.014;
12.621,0.547,0.157,0.547,0.157,-0.203,-0.071, 0.014,0.000,0.000,0.016, 0.484, 0.485,-0.014;
12.633,0.546,0.154,0.546,0.154,-0.203,-0.071, 0.014,0.000,0.000,0.000, 0.476, 0.491,-0.014;
12.645,0.545,0.151,0.545,0.151,-0.203,-0.071, 0.014,0.000,0.000,0.000, 0.468, 0.496,-0.014;
12.656,0.545,0.148,0.545,0.148,-0.203,-0.071, 0.014,0.000,0.000,0.000, 0.460, 0.500,-0.014;
12.667,0.544,0.145,0.544,0.145,-0.203,-0.071, 0.014,0.000,0.000,0.000, 0.453, 0.505,-0.014;
12.680,0.543,0.141,0.543,0.141,-0.203,-0.071, 0.014,0.000,0.000,0.000, 0.444, 0.509,-0.014;
12.690,0.542,0.139,0.542,0.139,-0.203,-0.071, 0.014,0.000,0.000,0.000, 0.437, 0.513,-0.014;
12.701,0.542,0.136,0.542,0.136,-0.203,-0.071, 0.014,0.000,0.000,0.000, 0.429, 0.517,-0.014;
12.713,0.541,0.133,0.541,0.133,-0.203,-0.071, 0.014,0.000,0.000,0.000, 0.421, 0.521,-0.014;
12.724,0.540,0.130,0.540,0.130,-0.203,-0.071, 0.014,0.000,0.000,-0.018, 0.413, 0.525,-0.014;
12.735,0.539,0.127,0.539,0.127,-0.203,-0.071, 0.014,0.000,0.000,0.018, 0.405, 0.529,-0.014;
12.746,0.537,0.124,0.537,0.124,-0.203,-0.071, 0.014,0.000,0.000,0.000, 0.397, 0.532,-0.014;
12.768,0.535,0.119,0.535,0.119,-0.203,-0.071, 0.014,0.000,0.000,0.000, 0.381, 0.539,-0.014;
12.781,0.534,0.115,0.534,0.115,-0.203,-0.071, 0.014,0.000,0.000,-0.016, 0.372, 0.542,-0.014;
12.784,0.534,0.115,0.534,0.115,-0.203,-0.071, 0.014,0.000,0.000,0.000, 0.370, 0.543,-0.014;
12.805,0.531,0.110,0.531,0.110,-0.203,-0.071, 0.014,0.000,0.000,0.010, 0.354, 0.548,-0.014;
12.817,0.529,0.107,0.529,0.107,-0.203,-0.071, 0.014,0.000,0.000,0.000, 0.345, 0.551,-0.014;
12.829,0.528,0.104,0.528,0.104,-0.203,-0.071, 0.014,0.000,0.000,0.000, 0.336, 0.553,-0.014;
12.840,0.526,0.101,0.526,0.101,-0.203,-0.071, 0.014,0.000,0.000,0.000, 0.327, 0.556,-0.014;
12.852,0.525,0.098,0.525,0.098,-0.203,-0.071, 0.014,0.000,0.000,0.000, 0.318, 0.558,-0.014;
12.864,0.523,0.096,0.523,0.096,-0.203,-0.071, 0.014,0.000,0.000,0.000, 0.309, 0.560,-0.014;
12.877,0.521,0.093,0.521,0.093,-0.203,-0.071, 0.014,0.000,0.000,0.000, 0.299, 0.562,-0.014;
12.888,0.520,0.090,0.520,0.090,-0.203,-0.071, 0.014,0.000,0.000,0.000, 0.290, 0.564,-0.014;
12.900,0.518,0.087,0.518,0.087,-0.203,-0.071, 0.014,0.000,0.000,0.000, 0.281, 0.565,-0.014;
12.913,0.516,0.085,0.516,0.085,-0.203,-0.071, 0.014,0.000,0.000,0.000, 0.272, 0.567,-0.014;
