0.000,0.000,0.000,0.000,0.000, 0.000, 0.000, 0.000,0.000,0.000,0.000, 0.000, 0.000, 0.000, 0.000, 0.000, 0.000, 0.000, 0.000, 0.000;
0.013,2.702,-5.725,-10.159,7.136, 0.433,-0.114, 1.541,0.000,0.000,0.000, 0.067, 0.124, 0.050,-0.160, 0.851, 0.673, 0.145,-0.066, 0.898;
0.024,6.769,-7.409,-16.621,15.981, 0.433,-0.114, 1.541,0.000,0.000,0.000, 0.067, 0.133, 0.068,-0.293, 0.907,-0.010, 0.263,-0.122, 1.581;
0.036,7.280,-10.035,-23.691,20.935, 0.433,-0.114, 1.541,0.000,0.000,0.000, 0.066, 0.142, 0.086,-0.415, 0.960,-0.591, 0.371,-0.176, 2.162;
0.048,7.448,-12.195,-29.815,25.068, 0.433,-0.114, 1.541,0.000,0.000,0.000, 0.066, 0.151, 0.105,-0.527, 1.009,-1.075, 0.468,-0.226, 2.646;
0.059,7.339,-13.921,-34.987,28.405, 0.433,-0.114, 1.541,0.000,0.000,0.000, 0.065, 0.160, 0.123,-0.625, 1.054,-1.466, 0.552,-0.272, 3.036;
0.072,6.961,-15.478,-39.984,31.467, 0.433,-0.114, 1.541,0.000,0.000,0.000, 0.064, 0.170, 0.143,-0.723, 1.101,-1.818, 0.635,-0.320, 3.389;
0.085,6.386,-16.731,-44.256,33.911, 0.433,-0.114, 1.541,0.000,0.000,0.000, 0.063, 0.180, 0.163,-0.813, 1.144,-2.103, 0.709,-0.366, 3.674;
0.097,7.752,-15.766,-45.777,37.763, 0.433,-0.114, 1.541,0.000,0.000,0.000, 0.061, 0.190, 0.182,-0.892, 1.099,-2.326, 0.773,-0.323, 3.897;
0.108,8.657,-14.940,-47.052,40.769, 0.433,-0.114, 1.541,0.000,0.000,0.000, 0.060, 0.198, 0.200,-0.961, 1.056,-2.495, 0.828,-0.282, 4.066;
0.120,9.490,-13.937,-48.095,43.647, 0.433,-0.114, 1.541,0.000,0.000,0.000, 0.058, 0.208, 0.219,-1.028, 1.011,-2.639, 0.880,-0.239, 4.210;
0.133,10.243,-12.801,-48.880,46.322, 0.433,-0.114, 1.541,0.000,0.000,0.000, 0.056, 0.217, 0.239,-1.092, 0.963,-2.757, 0.930,-0.195, 4.328;
0.145,10.854,-11.692,-49.368,48.530, 0.433,-0.114, 1.541,0.000,0.000,0.000, 0.054, 0.226, 0.257,-1.149, 0.919,-2.843, 0.972,-0.154, 4.413;
0.157,13.448,-12.542,-47.718,48.623, 0.433,-0.114, 1.541,0.000,0.000,0.000, 0.052, 0.236, 0.277,-1.119, 0.871,-2.915, 0.927,-0.109, 4.486;
0.170,14.810,-12.173,-45.262,47.899, 0.433,-0.114, 1.541,0.000,0.000,0.000, 0.049, 0.246, 0.296,-1.087, 0.823,-2.844, 0.880,-0.065, 4.414;
0.190,17.331,-11.339,-40.808,46.801, 0.431,-0.114, 1.526,-0.110,0.000,-0.736, 0.047, 0.261, 0.343,-1.034, 0.745,-2.703, 0.804, 0.006, 4.274;
0.194,16.354,-12.271,-41.553,45.636, 0.433,-0.114, 1.556,0.608,0.000,8.121, 0.044, 0.264, 0.319,-1.025, 0.756,-2.675, 0.790,-0.007, 4.246;
0.203,17.741,-11.612,-39.042,45.170, 0.431,-0.114, 1.541,-0.226,0.000,-1.509, 0.044, 0.271, 0.349,-0.998, 0.718,-2.595, 0.752, 0.028, 4.166;
0.214,16.745,-13.113,-38.834,42.466, 0.431,-0.114, 1.556,0.000,0.000,1.360, 0.041, 0.279, 0.352,-0.969, 0.752,-2.504, 0.710,-0.011, 4.075;
0.226,15.983,-14.422,-38.353,39.914, 0.431,-0.114, 1.571,0.000,0.000,1.341, 0.038, 0.287, 0.354,-0.939, 0.786,-2.410, 0.667,-0.050, 3.981;
0.237,17.113,-13.838,-35.931,39.206, 0.431,-0.114, 1.586,0.000,0.000,1.329, 0.035, 0.296, 0.357,-0.909, 0.741,-2.313, 0.623,-0.010, 3.884;
0.248,16.341,-15.142,-35.385,36.585, 0.429,-0.114, 1.586,-0.202,0.000,0.000, 0.034, 0.304, 0.374,-0.879, 0.775,-2.214, 0.581,-0.048, 3.784;
0.270,15.009,-17.716,-34.156,31.449, 0.429,-0.116, 1.616,0.000,-0.104,1.374, 0.027, 0.321, 0.379,-0.822, 0.840,-2.027, 0.499,-0.124, 3.598;
0.281,16.292,-16.788,-31.528,31.032, 0.429,-0.116, 1.630,0.000,0.000,1.247, 0.023, 0.330, 0.383,-0.790, 0.792,-1.918, 0.454,-0.082, 3.489;
0.293,17.137,-16.341,-29.411,30.207, 0.429,-0.116, 1.660,0.000,0.000,2.643, 0.020, 0.338, 0.370,-0.761, 0.746,-1.821, 0.412,-0.042, 3.392;
0.304,18.092,-15.717,-27.166,29.542, 0.429,-0.116, 1.675,0.000,0.000,1.307, 0.016, 0.346, 0.373,-0.731, 0.700,-1.724, 0.371,-0.003, 3.295;
0.315,17.400,-17.127,-26.578,26.852, 0.429,-0.116, 1.690,0.000,0.000,1.299, 0.011, 0.354, 0.377,-0.702, 0.733,-1.627, 0.329,-0.042, 3.198;
0.327,18.551,-16.231,-24.189,26.510, 0.429,-0.116, 1.719,0.000,0.000,2.528, 0.007, 0.362, 0.365,-0.673, 0.686,-1.533, 0.287,-0.002, 3.104;
0.339,17.976,-17.684,-23.511,23.803, 0.429,-0.116, 1.734,0.000,0.000,1.239, 0.002, 0.370, 0.369,-0.643, 0.720,-1.438, 0.244,-0.043, 3.009;
0.350,19.164,-16.653,-21.130,23.641, 0.426,-0.116, 1.736,-0.204,0.000,0.221, 0.000, 0.377, 0.384,-0.615, 0.674,-1.348, 0.205,-0.004, 2.919;
0.361,18.667,-18.012,-20.512,21.166, 0.426,-0.116, 1.765,0.000,0.000,2.681,-0.004, 0.384, 0.372,-0.587, 0.705,-1.263, 0.166,-0.043, 2.834;
0.372,19.912,-16.892,-18.080,21.100, 0.426,-0.116, 1.780,0.000,0.000,1.250,-0.009, 0.392, 0.376,-0.558, 0.657,-1.173, 0.124,-0.002, 2.744;
0.383,19.553,-18.238,-17.394,18.709, 0.426,-0.116, 1.809,0.000,0.000,2.609,-0.014, 0.399, 0.364,-0.530, 0.688,-1.094, 0.085,-0.041, 2.664;
0.404,21.845,-16.172,-13.050,18.723, 0.426,-0.116, 1.827,0.000,0.000,0.850,-0.024, 0.413, 0.379,-0.477, 0.599,-0.944, 0.011, 0.034, 2.515;
0.408,20.921,-16.364,-13.824,18.381, 0.426,-0.116, 1.841,0.000,0.000,4.656,-0.025, 0.415, 0.370,-0.491, 0.607,-0.922, 0.022, 0.023, 2.493;
0.429,16.573,-16.324,-16.197,16.446, 0.426,-0.116, 1.869,0.000,0.000,1.344,-0.035, 0.428, 0.375,-0.585, 0.665,-0.783, 0.096,-0.051, 2.353;
0.440,18.366,-15.198,-13.438,16.606, 0.426,-0.116, 1.888,0.000,0.000,1.584,-0.041, 0.435, 0.375,-0.555, 0.615,-0.705, 0.054,-0.010, 2.275;
0.452,18.269,-16.664,-12.484,14.089, 0.426,-0.116, 1.902,0.000,0.000,1.162,-0.047, 0.442, 0.380,-0.524, 0.648,-0.625, 0.012,-0.052, 2.196;
0.456,17.898,-15.745,-12.597,14.750, 0.426,-0.116, 1.916,0.000,0.000,3.730,-0.049, 0.444, 0.371,-0.541, 0.631,-0.601, 0.025,-0.039, 2.172;
0.477,20.298,-13.588,-8.442,15.152, 0.426,-0.116, 1.949,0.000,0.000,1.539,-0.060, 0.457, 0.372,-0.486, 0.539,-0.477,-0.049, 0.035, 2.047;
0.489,17.789,-14.051,-10.108,13.846, 0.426,-0.116, 1.962,0.000,0.000,1.207,-0.067, 0.463, 0.376,-0.536, 0.569,-0.408,-0.010,-0.004, 1.979;
0.500,19.301,-12.742,-7.708,14.266, 0.426,-0.116, 1.982,0.000,0.000,1.678,-0.073, 0.470, 0.375,-0.505, 0.519,-0.341,-0.050, 0.036, 1.912;
0.512,16.806,-13.172,-9.277,12.912, 0.426,-0.116, 1.995,0.000,0.000,1.119,-0.080, 0.476, 0.380,-0.558, 0.551,-0.271,-0.008,-0.006, 1.842;
0.524,18.374,-11.768,-6.827,13.434, 0.426,-0.116, 2.015,0.000,0.000,1.638,-0.086, 0.483, 0.380,-0.526, 0.498,-0.204,-0.050, 0.036, 1.775;
0.536,15.940,-12.287,-8.383,12.035, 0.426,-0.116, 2.028,0.000,0.000,1.111,-0.093, 0.489, 0.385,-0.578, 0.529,-0.137,-0.008,-0.006, 1.708;
0.549,17.576,-10.741,-5.835,12.671, 0.426,-0.116, 2.048,0.000,0.000,1.552,-0.101, 0.496, 0.385,-0.544, 0.472,-0.069,-0.053, 0.039, 1.640;
0.561,16.007,-12.232,-8.382,12.156, 0.426,-0.116, 2.081,0.000,0.000,2.643,-0.108, 0.502, 0.372,-0.598, 0.505,-0.132,-0.009,-0.005, 1.702;
0.575,17.605,-10.495,-5.724,12.834, 0.426,-0.116, 2.094,0.000,0.000,0.962,-0.117, 0.509, 0.380,-0.561, 0.445,-0.063,-0.055, 0.041, 1.633;
0.587,15.276,-11.198,-7.259,11.337, 0.426,-0.116, 2.114,0.000,0.000,1.690,-0.124, 0.514, 0.379,-0.612, 0.475,-0.002,-0.013,-0.001, 1.573;
0.598,16.727,-9.665,-5.011,12.073, 0.426,-0.116, 2.126,0.000,0.000,1.071,-0.131, 0.520, 0.385,-0.580, 0.423, 0.058,-0.054, 0.040, 1.512;
0.611,14.416,-10.425,-6.515,10.507, 0.426,-0.116, 2.147,0.000,0.000,1.664,-0.139, 0.525, 0.383,-0.631, 0.453, 0.120,-0.012,-0.002, 1.451;
0.623,16.853,-9.540,-5.095,12.408, 0.426,-0.114, 2.175,0.000,0.176,2.274,-0.147, 0.529, 0.374,-0.596, 0.395, 0.053,-0.056, 0.043, 1.518;
0.635,15.405,-11.214,-7.361,11.552, 0.426,-0.114, 2.196,0.000,0.000,1.722,-0.155, 0.534, 0.373,-0.647, 0.426,-0.009,-0.013, 0.000, 1.580;
0.647,16.658,-9.527,-5.216,12.347, 0.426,-0.114, 2.208,0.000,0.000,1.068,-0.163, 0.539, 0.378,-0.615, 0.374, 0.048,-0.053, 0.040, 1.522;
0.658,15.393,-11.196,-7.422,11.619, 0.429,-0.114, 2.241,0.193,0.000,2.810,-0.173, 0.544, 0.364,-0.663, 0.403,-0.013,-0.012,-0.001, 1.584;
0.671,13.432,-11.915,-8.373,9.889, 0.429,-0.116, 2.241,0.000,-0.177,0.000,-0.181, 0.551, 0.384,-0.715, 0.434, 0.053, 0.032,-0.045, 1.518;
0.684,15.834,-10.847,-7.008,11.995, 0.429,-0.114, 2.271,0.000,0.171,2.322,-0.190, 0.553, 0.374,-0.677, 0.373,-0.014,-0.014, 0.001, 1.585;
0.696,14.729,-9.901,-8.898,13.727, 0.429,-0.114, 2.292,0.000,0.000,1.776,-0.199, 0.558, 0.371,-0.726, 0.319,-0.074, 0.028, 0.043, 1.645;
0.708,16.597,-11.936,-7.830,12.491, 0.429,-0.114, 2.314,0.000,0.000,1.766,-0.207, 0.562, 0.369,-0.690, 0.347,-0.135,-0.014, 0.000, 1.706;
0.720,14.567,-9.814,-8.885,13.637, 0.429,-0.114, 2.325,0.000,0.000,0.897,-0.216, 0.566, 0.377,-0.739, 0.291,-0.072, 0.029, 0.043, 1.642;
0.733,15.726,-11.048,-6.892,11.570, 0.429,-0.114, 2.346,0.000,0.000,1.687,-0.225, 0.570, 0.376,-0.702, 0.321,-0.008,-0.015,-0.001, 1.579;
0.745,14.557,-9.881,-9.029,13.705, 0.429,-0.114, 2.367,0.000,0.000,1.683,-0.234, 0.574, 0.374,-0.752, 0.263,-0.071, 0.029, 0.043, 1.642;
0.757,16.545,-11.810,-7.831,12.566, 0.429,-0.114, 2.388,0.000,0.000,1.755,-0.242, 0.578, 0.372,-0.716, 0.291,-0.131,-0.013, 0.001, 1.702;
0.770,14.366,-9.779,-9.021,13.608, 0.429,-0.114, 2.399,0.000,0.000,0.883,-0.251, 0.581, 0.381,-0.765, 0.233,-0.067, 0.030, 0.045, 1.638;
0.781,15.585,-10.842,-7.023,11.765, 0.429,-0.114, 2.420,0.000,0.000,1.806,-0.260, 0.585, 0.378,-0.729, 0.261,-0.007,-0.011, 0.003, 1.578;
0.793,14.362,-9.855,-9.169,13.677, 0.429,-0.114, 2.441,0.000,0.000,1.779,-0.269, 0.588, 0.376,-0.775, 0.206,-0.067, 0.031, 0.045, 1.638;
0.805,16.369,-11.583,-7.924,12.709, 0.429,-0.114, 2.462,0.000,0.000,1.836,-0.277, 0.590, 0.373,-0.739, 0.232,-0.125,-0.010, 0.005, 1.696;
0.817,14.966,-10.563,-10.202,14.606, 0.429,-0.114, 2.495,0.000,0.000,2.641,-0.287, 0.593, 0.359,-0.787, 0.174,-0.191, 0.034, 0.048, 1.761;
0.829,16.258,-11.476,-7.927,12.709, 0.429,-0.114, 2.495,0.000,0.000,0.000,-0.296, 0.596, 0.378,-0.749, 0.202,-0.127,-0.008, 0.006, 1.698;
0.842,14.845,-10.561,-10.329,14.613, 0.429,-0.114, 2.528,0.000,0.000,2.653,-0.305, 0.598, 0.364,-0.797, 0.143,-0.191, 0.036, 0.050, 1.762;
0.854,17.101,-12.252,-8.878,13.727, 0.429,-0.114, 2.549,0.000,0.000,1.714,-0.315, 0.601, 0.363,-0.758, 0.171,-0.252,-0.007, 0.007, 1.823;
0.866,14.786,-10.578,-10.274,14.482, 0.429,-0.114, 2.570,0.000,0.000,1.763,-0.324, 0.603, 0.360,-0.803, 0.116,-0.193, 0.035, 0.049, 1.764;
0.878,16.273,-11.395,-7.940,12.818, 0.429,-0.114, 2.583,0.000,0.000,1.032,-0.333, 0.605, 0.367,-0.762, 0.144,-0.129,-0.009, 0.005, 1.700;
0.890,13.887,-9.784,-9.500,13.603, 0.429,-0.114, 2.604,0.000,0.000,1.680,-0.343, 0.606, 0.366,-0.808, 0.086,-0.067, 0.035, 0.049, 1.637;
0.902,16.232,-11.314,-8.112,13.030, 0.429,-0.114, 2.637,0.000,0.000,2.855,-0.352, 0.608, 0.351,-0.769, 0.113,-0.129,-0.007, 0.007, 1.699;
0.914,14.645,-10.659,-10.501,14.486, 0.429,-0.114, 2.651,0.000,0.000,1.092,-0.362, 0.609, 0.356,-0.814, 0.055,-0.190, 0.036, 0.050, 1.760;
0.926,16.097,-11.212,-8.144,13.030, 0.429,-0.114, 2.671,0.000,0.000,1.753,-0.371, 0.610, 0.354,-0.775, 0.082,-0.131,-0.005, 0.009, 1.702;
0.938,13.720,-9.845,-9.715,13.590, 0.429,-0.114, 2.685,0.000,0.000,1.142,-0.380, 0.611, 0.359,-0.818, 0.026,-0.070, 0.037, 0.051, 1.641;
0.949,16.025,-11.151,-8.321,13.194, 0.429,-0.114, 2.719,0.000,0.000,3.033,-0.389, 0.612, 0.343,-0.780, 0.051,-0.129,-0.003, 0.011, 1.700;
0.962,14.304,-10.653,-10.890,14.541, 0.429,-0.114, 2.733,0.000,0.000,1.095,-0.399, 0.613, 0.349,-0.826,-0.009,-0.193, 0.042, 0.056, 1.764;
0.973,15.822,-11.051,-8.468,13.240, 0.429,-0.114, 2.753,0.000,0.000,1.731,-0.408, 0.613, 0.347,-0.786, 0.017,-0.135, 0.001, 0.015, 1.706;
0.985,14.284,-10.713,-10.911,14.482, 0.429,-0.114, 2.781,0.000,0.000,2.502,-0.417, 0.614, 0.337,-0.826,-0.036,-0.194, 0.041, 0.055, 1.764;
0.996,16.621,-11.824,-9.333,14.130, 0.429,-0.114, 2.801,0.000,0.000,1.720,-0.426, 0.614, 0.335,-0.787,-0.010,-0.251, 0.001, 0.015, 1.822;
1.008,14.114,-10.678,-10.922,14.358, 0.429,-0.114, 2.815,0.000,0.000,1.234,-0.435, 0.614, 0.339,-0.827,-0.066,-0.192, 0.042, 0.056, 1.762;
1.019,16.581,-11.780,-9.374,14.174, 0.429,-0.114, 2.844,0.000,0.000,2.522,-0.444, 0.614, 0.328,-0.786,-0.039,-0.251, 0.001, 0.015, 1.822;
1.031,14.911,-11.563,-11.793,15.142, 0.429,-0.114, 2.863,0.000,0.000,1.673,-0.453, 0.613, 0.327,-0.826,-0.093,-0.308, 0.041, 0.055, 1.879;
1.053,17.758,-11.781,-7.267,13.245, 0.429,-0.114, 2.878,0.000,0.000,0.671,-0.470, 0.612, 0.346,-0.747,-0.043,-0.195,-0.036,-0.022, 1.766;
1.057,16.659,-11.377,-8.201,13.483, 0.429,-0.114, 2.908,0.000,0.000,7.531,-0.473, 0.612, 0.323,-0.760,-0.062,-0.175,-0.022,-0.008, 1.746;
1.068,15.334,-11.363,-10.340,14.311, 0.429,-0.114, 2.926,0.000,0.000,1.681,-0.482, 0.611, 0.322,-0.798,-0.114,-0.230, 0.017, 0.031, 1.801;
1.090,19.848,-12.864,-7.409,14.394, 0.429,-0.114, 2.956,0.000,0.000,1.367,-0.499, 0.609, 0.326,-0.717,-0.064,-0.345,-0.060,-0.047, 1.916;
1.094,18.555,-12.435,-8.243,14.364, 0.429,-0.114, 2.971,0.000,0.000,3.575,-0.502, 0.608, 0.318,-0.731,-0.084,-0.322,-0.045,-0.032, 1.893;
1.105,16.276,-11.673,-9.668,14.271, 0.429,-0.114, 2.987,0.000,0.000,1.312,-0.511, 0.607, 0.321,-0.770,-0.139,-0.261,-0.005, 0.009, 1.832;
1.117,18.763,-12.333,-8.062,14.492, 0.429,-0.114, 3.017,0.000,0.000,2.716,-0.520, 0.605, 0.308,-0.728,-0.113,-0.317,-0.044,-0.030, 1.888;
1.139,14.054,-11.059,-11.096,14.091, 0.429,-0.114, 3.033,0.000,0.000,0.702,-0.537, 0.602, 0.327,-0.800,-0.216,-0.205, 0.033, 0.047, 1.776;
1.143,15.160,-11.116,-9.757,13.801, 0.429,-0.114, 3.050,0.000,0.000,3.652,-0.540, 0.601, 0.317,-0.782,-0.206,-0.180, 0.017, 0.030, 1.751;
1.154,17.106,-11.552,-8.584,14.138, 0.429,-0.114, 3.080,0.000,0.000,2.979,-0.548, 0.599, 0.303,-0.743,-0.182,-0.232,-0.019,-0.006, 1.803;
1.165,14.560,-10.999,-10.245,13.806, 0.429,-0.114, 3.095,0.000,0.000,1.344,-0.557, 0.597, 0.305,-0.780,-0.235,-0.174, 0.021, 0.034, 1.745;
1.187,19.267,-11.930,-7.262,14.598, 0.429,-0.114, 3.126,0.000,0.000,1.384,-0.573, 0.592, 0.309,-0.694,-0.184,-0.290,-0.057,-0.044, 1.861;
1.190,18.165,-11.734,-7.987,14.417, 0.429,-0.114, 3.142,0.000,0.000,4.834,-0.576, 0.592, 0.299,-0.704,-0.199,-0.273,-0.046,-0.033, 1.844;
1.211,13.893,-10.965,-10.697,13.625, 0.429,-0.114, 3.157,0.000,0.000,0.733,-0.592, 0.587, 0.317,-0.770,-0.297,-0.163, 0.028, 0.041, 1.733;
1.223,15.831,-10.544,-8.046,13.333, 0.429,-0.114, 3.188,0.000,0.000,2.771,-0.600, 0.584, 0.303,-0.726,-0.270,-0.104,-0.012, 0.001, 1.675;
1.235,13.215,-10.268,-9.846,12.792, 0.429,-0.114, 3.204,0.000,0.000,1.305,-0.609, 0.580, 0.306,-0.762,-0.326,-0.043, 0.030, 0.043, 1.614;
1.247,15.927,-10.556,-8.111,13.482, 0.429,-0.114, 3.235,0.000,0.000,2.536,-0.618, 0.577, 0.294,-0.714,-0.297,-0.106,-0.013, 0.000, 1.677;
1.260,13.003,-10.310,-10.018,12.711, 0.429,-0.114, 3.251,0.000,0.000,1.177,-0.627, 0.573, 0.300,-0.753,-0.358,-0.040, 0.033, 0.046, 1.611;
1.272,14.835,-9.668,-7.376,12.543, 0.429,-0.114, 3.266,0.000,0.000,1.276,-0.636, 0.569, 0.303,-0.705,-0.329, 0.021,-0.010, 0.004, 1.549;
1.284,13.138,-10.411,-10.006,12.733, 0.429,-0.114, 3.297,0.000,0.000,2.642,-0.644, 0.565, 0.291,-0.740,-0.383,-0.039, 0.031, 0.044, 1.610;
1.296,15.709,-10.465,-8.239,13.483, 0.429,-0.114, 3.314,0.000,0.000,1.491,-0.653, 0.561, 0.292,-0.691,-0.354,-0.100,-0.011, 0.002, 1.671;
1.307,13.089,-10.412,-9.936,12.612, 0.429,-0.114, 3.330,0.000,0.000,1.304,-0.661, 0.557, 0.295,-0.726,-0.408,-0.040, 0.030, 0.044, 1.611;
1.320,15.813,-10.427,-8.212,13.598, 0.429,-0.114, 3.360,0.000,0.000,2.435,-0.669, 0.552, 0.284,-0.675,-0.378,-0.105,-0.014,-0.000, 1.676;
1.332,14.079,-11.305,-10.709,13.484, 0.429,-0.114, 3.379,0.000,0.000,1.617,-0.677, 0.548, 0.283,-0.708,-0.431,-0.164, 0.027, 0.040, 1.735;
1.346,16.075,-10.111,-7.578,13.542, 0.429,-0.114, 3.394,0.000,0.000,1.034,-0.687, 0.542, 0.291,-0.647,-0.395,-0.089,-0.025,-0.011, 1.660;
1.350,15.314,-10.511,-8.730,13.533, 0.429,-0.114, 3.424,0.000,0.000,7.134,-0.690, 0.540, 0.268,-0.659,-0.414,-0.111,-0.010, 0.003, 1.681;
1.361,14.048,-11.375,-10.786,13.458, 0.429,-0.114, 3.444,0.000,0.000,1.807,-0.697, 0.536, 0.265,-0.690,-0.463,-0.168, 0.028, 0.041, 1.738;
1.383,18.401,-11.000,-7.961,15.362, 0.429,-0.114, 3.458,0.000,0.000,0.685,-0.711, 0.526, 0.285,-0.599,-0.409,-0.279,-0.048,-0.035, 1.850;
1.394,15.698,-11.235,-9.702,14.166, 0.429,-0.114, 3.493,0.000,0.000,3.007,-0.719, 0.521, 0.268,-0.631,-0.461,-0.220,-0.008, 0.005, 1.791;
1.406,17.343,-10.045,-7.231,14.529, 0.429,-0.114, 3.508,0.000,0.000,1.215,-0.727, 0.515, 0.272,-0.581,-0.431,-0.158,-0.050,-0.037, 1.729;
1.418,14.933,-10.424,-8.870,13.379, 0.429,-0.114, 3.528,0.000,0.000,1.756,-0.734, 0.510, 0.270,-0.613,-0.483,-0.099,-0.010, 0.004, 1.670;
1.430,16.540,-9.180,-6.456,13.816, 0.429,-0.114, 3.542,0.000,0.000,1.216,-0.741, 0.504, 0.274,-0.562,-0.453,-0.038,-0.051,-0.038, 1.609;
1.442,14.882,-10.544,-9.128,13.466, 0.429,-0.114, 3.577,0.000,0.000,2.788,-0.749, 0.498, 0.259,-0.596,-0.509,-0.105,-0.007, 0.006, 1.675;
1.455,17.379,-9.970,-7.455,14.864, 0.429,-0.114, 3.591,0.000,0.000,1.121,-0.756, 0.492, 0.265,-0.542,-0.477,-0.167,-0.051,-0.038, 1.738;
1.468,14.729,-10.508,-9.115,13.336, 0.429,-0.114, 3.612,0.000,0.000,1.627,-0.764, 0.485, 0.264,-0.577,-0.534,-0.103,-0.006, 0.007, 1.674;
1.479,17.056,-9.899,-7.729,14.886, 0.429,-0.114, 3.647,0.000,0.000,3.033,-0.770, 0.479, 0.247,-0.527,-0.504,-0.164,-0.047,-0.033, 1.735;
1.491,15.521,-11.371,-10.048,14.197, 0.429,-0.114, 3.661,0.000,0.000,1.143,-0.777, 0.472, 0.252,-0.558,-0.556,-0.223,-0.005, 0.008, 1.794;
1.503,15.032,-9.911,-11.399,16.520, 0.429,-0.112, 3.695,0.000,0.182,2.808,-0.784, 0.463, 0.237,-0.504,-0.610,-0.288,-0.048, 0.052, 1.859;
1.508,15.697,-10.928,-11.010,15.779, 0.429,-0.112, 3.717,0.000,0.000,4.462,-0.787, 0.461, 0.223,-0.517,-0.597,-0.313,-0.031, 0.035, 1.883;
1.519,17.043,-12.791,-10.492,14.744, 0.429,-0.112, 3.738,0.000,0.000,1.920,-0.793, 0.454, 0.219,-0.546,-0.567,-0.372, 0.008,-0.005, 1.943;
1.542,15.517,-10.372,-13.659,18.803, 0.429,-0.112, 3.764,0.000,0.000,1.121,-0.805, 0.441, 0.230,-0.446,-0.666,-0.492,-0.071, 0.075, 2.062;
1.545,15.921,-11.016,-12.878,17.783, 0.429,-0.114, 3.773,0.000,-0.740,3.000,-0.806, 0.441, 0.225,-0.454,-0.657,-0.474,-0.060, 0.064, 2.045;
1.557,16.546,-12.089,-11.400,15.857, 0.429,-0.112, 3.807,0.000,0.187,2.843,-0.812, 0.432, 0.210,-0.485,-0.625,-0.414,-0.018, 0.022, 1.984;
1.569,14.781,-10.045,-12.392,17.128, 0.429,-0.112, 3.828,0.000,0.000,1.880,-0.818, 0.425, 0.206,-0.434,-0.674,-0.355,-0.059, 0.062, 1.926;
1.590,16.388,-12.227,-9.247,13.408, 0.429,-0.112, 3.840,0.000,0.000,0.553,-0.828, 0.412, 0.228,-0.488,-0.615,-0.243, 0.016,-0.013, 1.814;
1.602,14.394,-9.982,-10.420,14.832, 0.429,-0.112, 3.862,0.000,0.000,1.758,-0.834, 0.404, 0.226,-0.432,-0.667,-0.177,-0.027, 0.030, 1.748;
1.615,15.498,-11.289,-8.441,12.650, 0.429,-0.112, 3.884,0.000,0.000,1.712,-0.840, 0.396, 0.224,-0.464,-0.632,-0.111, 0.018,-0.014, 1.682;
1.618,15.010,-10.725,-8.818,13.103, 0.429,-0.112, 3.905,0.000,0.000,8.642,-0.841, 0.394, 0.206,-0.453,-0.643,-0.098, 0.009,-0.005, 1.669;
1.639,13.240,-8.993,-12.257,16.504, 0.429,-0.112, 3.927,0.000,0.000,0.990,-0.850, 0.380, 0.219,-0.353,-0.734,-0.214,-0.068, 0.072, 1.785;
1.652,14.481,-10.273,-9.943,14.152, 0.429,-0.112, 3.949,0.000,0.000,1.739,-0.856, 0.372, 0.217,-0.384,-0.699,-0.148,-0.024, 0.028, 1.719;
1.664,13.264,-9.252,-12.092,16.103, 0.429,-0.112, 3.981,0.000,0.000,2.699,-0.860, 0.364, 0.204,-0.330,-0.748,-0.208,-0.066, 0.069, 1.779;
1.669,13.892,-9.809,-10.975,15.058, 0.429,-0.114, 3.982,0.000,-0.411,0.217,-0.863, 0.362, 0.211,-0.343,-0.732,-0.178,-0.047, 0.050, 1.749;
1.678,15.210,-11.030,-10.349,14.529, 0.429,-0.114, 4.014,0.000,0.000,3.558,-0.866, 0.356, 0.193,-0.365,-0.706,-0.224,-0.015, 0.018, 1.795;
1.700,16.539,-7.309,-7.378,16.608, 0.429,-0.114, 4.026,0.000,0.000,0.536,-0.874, 0.341, 0.216,-0.264,-0.641,-0.114,-0.093,-0.059, 1.684;
1.713,14.530,-8.835,-8.608,14.303, 0.429,-0.112, 4.057,0.000,0.181,2.522,-0.878, 0.330, 0.204,-0.293,-0.691,-0.050,-0.049,-0.015, 1.621;
1.725,15.862,-9.457,-6.438,12.842, 0.429,-0.114, 4.069,0.000,-0.183,1.002,-0.883, 0.323, 0.211,-0.323,-0.655, 0.013,-0.007,-0.058, 1.558;
1.737,14.497,-8.593,-8.734,14.638, 0.429,-0.112, 4.099,0.000,0.191,2.591,-0.886, 0.313, 0.199,-0.268,-0.702,-0.047,-0.047,-0.017, 1.618;
1.748,15.809,-9.375,-6.504,12.938, 0.429,-0.114, 4.112,0.000,-0.191,1.070,-0.890, 0.306, 0.205,-0.296,-0.667, 0.012,-0.007,-0.058, 1.559;
1.761,14.259,-8.521,-9.080,14.818, 0.429,-0.114, 4.133,0.000,0.000,1.592,-0.894, 0.297, 0.205,-0.234,-0.720,-0.055,-0.053,-0.011, 1.626;
1.774,16.557,-10.117,-7.632,14.072, 0.429,-0.114, 4.167,0.000,0.000,2.759,-0.897, 0.288, 0.190,-0.263,-0.682,-0.119,-0.010,-0.054, 1.690;
1.785,14.250,-8.576,-9.036,14.710, 0.429,-0.114, 4.180,0.000,0.000,1.143,-0.900, 0.279, 0.195,-0.210,-0.727,-0.061,-0.050,-0.014, 1.632;
1.797,16.507,-10.074,-7.676,14.110, 0.429,-0.114, 4.201,0.000,0.000,1.819,-0.903, 0.271, 0.192,-0.237,-0.692,-0.120,-0.010,-0.054, 1.690;
1.809,14.960,-9.407,-10.003,15.556, 0.429,-0.114, 4.222,0.000,0.000,1.766,-0.906, 0.262, 0.190,-0.182,-0.737,-0.179,-0.051,-0.013, 1.749;
1.820,16.392,-9.965,-7.645,14.072, 0.429,-0.114, 4.235,0.000,0.000,1.156,-0.909, 0.253, 0.195,-0.209,-0.700,-0.118,-0.010,-0.054, 1.689;
1.832,14.027,-8.585,-9.230,14.673, 0.429,-0.114, 4.256,0.000,0.000,1.748,-0.911, 0.244, 0.193,-0.154,-0.745,-0.059,-0.051,-0.013, 1.630;
1.843,16.372,-9.952,-7.782,14.202, 0.429,-0.114, 4.276,0.000,0.000,1.748,-0.914, 0.236, 0.191,-0.181,-0.708,-0.117,-0.010,-0.053, 1.688;
1.856,14.694,-9.417,-10.307,15.584, 0.429,-0.114, 4.309,0.000,0.000,2.797,-0.916, 0.226, 0.176,-0.124,-0.754,-0.181,-0.052,-0.011, 1.752;
1.867,17.086,-10.668,-8.691,15.108, 0.429,-0.114, 4.323,0.000,0.000,1.180,-0.918, 0.217, 0.181,-0.152,-0.716,-0.240,-0.011,-0.052, 1.811;
1.879,14.668,-9.447,-10.232,15.453, 0.429,-0.114, 4.343,0.000,0.000,1.743,-0.919, 0.209, 0.179,-0.098,-0.758,-0.184,-0.050,-0.013, 1.754;
1.890,16.224,-9.820,-7.907,14.311, 0.429,-0.114, 4.357,0.000,0.000,1.242,-0.921, 0.200, 0.182,-0.125,-0.721,-0.125,-0.011,-0.053, 1.696;
1.901,13.906,-8.757,-9.477,14.627, 0.429,-0.114, 4.371,0.000,0.000,1.293,-0.923, 0.191, 0.185,-0.073,-0.762,-0.069,-0.049,-0.014, 1.640;
1.912,13.911,-11.019,-10.390,13.281, 0.429,-0.112, 4.410,0.000,0.200,3.415,-0.924, 0.180, 0.165,-0.098,-0.803,-0.128,-0.010, 0.025, 1.699;
1.923,14.885,-9.432,-10.169,15.621, 0.429,-0.112, 4.424,0.000,0.000,1.272,-0.925, 0.172, 0.168,-0.045,-0.766,-0.186,-0.049,-0.014, 1.757;
1.945,14.550,-13.859,-11.990,12.681, 0.429,-0.112, 4.442,0.000,0.000,0.855,-0.927, 0.155, 0.184,-0.094,-0.844,-0.294, 0.026, 0.062, 1.865;
1.958,14.693,-10.845,-10.695,14.543, 0.429,-0.112, 4.457,0.000,0.000,1.095,-0.927, 0.145, 0.190,-0.032,-0.799,-0.222,-0.020, 0.016, 1.792;
1.961,14.450,-11.478,-10.804,13.776, 0.429,-0.112, 4.486,0.000,0.000,10.101,-0.928, 0.142, 0.165,-0.039,-0.810,-0.207,-0.010, 0.026, 1.778;
1.972,16.712,-12.242,-9.390,13.860, 0.429,-0.112, 4.503,0.000,0.000,1.546,-0.928, 0.133, 0.166,-0.065,-0.770,-0.265, 0.031,-0.015, 1.836;
1.994,16.343,-7.828,-8.093,16.607, 0.429,-0.112, 4.518,0.000,0.000,0.665,-0.929, 0.116, 0.186, 0.039,-0.694,-0.153,-0.046,-0.091, 1.724;
2.007,15.471,-9.873,-8.126,13.723, 0.429,-0.112, 4.533,0.000,0.000,1.185,-0.929, 0.106, 0.190, 0.011,-0.737,-0.086,-0.003,-0.048, 1.657;
2.019,12.963,-8.847,-9.790,13.906, 0.429,-0.112, 4.564,0.000,0.000,2.502,-0.928, 0.096, 0.179, 0.071,-0.782,-0.022,-0.047,-0.003, 1.592;
2.024,13.810,-8.875,-8.684,13.619, 0.429,-0.112, 4.579,0.000,0.000,3.274,-0.928, 0.093, 0.171, 0.061,-0.766, 0.001,-0.031,-0.019, 1.570;
2.034,13.870,-11.001,-9.418,12.287, 0.429,-0.112, 4.594,0.000,0.000,1.385,-0.928, 0.085, 0.173, 0.036,-0.802,-0.053, 0.006, 0.018, 1.623;
2.046,14.452,-9.307,-9.635,14.780, 0.429,-0.112, 4.623,0.000,0.000,2.597,-0.927, 0.076, 0.161, 0.090,-0.762,-0.112,-0.034,-0.022, 1.683;
2.058,14.663,-11.945,-10.230,12.948, 0.429,-0.112, 4.638,0.000,0.000,1.228,-0.926, 0.066, 0.165, 0.063,-0.803,-0.174, 0.008, 0.020, 1.744;
2.080,14.053,-7.310,-9.175,15.918, 0.429,-0.112, 4.653,0.000,0.000,0.681,-0.925, 0.049, 0.185, 0.166,-0.723,-0.062,-0.068,-0.056, 1.633;
2.091,13.554,-9.296,-8.964,13.222, 0.429,-0.112, 4.683,0.000,0.000,2.642,-0.923, 0.040, 0.172, 0.140,-0.762,-0.003,-0.028,-0.016, 1.574;
2.103,15.074,-8.733,-6.658,12.999, 0.429,-0.112, 4.698,0.000,0.000,1.266,-0.922, 0.031, 0.176, 0.113,-0.719, 0.056, 0.013,-0.056, 1.515;
2.114,12.535,-8.339,-8.421,12.618, 0.429,-0.112, 4.712,0.000,0.000,1.274,-0.921, 0.022, 0.179, 0.168,-0.757, 0.114,-0.028,-0.016, 1.456;
2.127,14.403,-7.911,-5.705,12.197, 0.429,-0.112, 4.727,0.000,0.000,1.167,-0.919, 0.013, 0.185, 0.139,-0.710, 0.178, 0.017,-0.060, 1.392;
2.139,12.623,-8.422,-8.448,12.649, 0.429,-0.112, 4.756,0.000,0.000,2.467,-0.917, 0.003, 0.174, 0.195,-0.749, 0.116,-0.025,-0.018, 1.455;
2.151,15.249,-8.725,-6.630,13.154, 0.429,-0.112, 4.771,0.000,0.000,1.210,-0.915,-0.006, 0.178, 0.167,-0.703, 0.055, 0.017,-0.061, 1.516;
2.162,12.637,-8.424,-8.341,12.554, 0.429,-0.112, 4.787,0.000,0.000,1.362,-0.912,-0.015, 0.181, 0.221,-0.740, 0.113,-0.023,-0.020, 1.458;
2.174,15.156,-8.661,-6.745,13.239, 0.429,-0.112, 4.816,0.000,0.000,2.597,-0.910,-0.023, 0.169, 0.195,-0.696, 0.053, 0.017,-0.060, 1.518;
2.185,13.408,-9.291,-9.262,13.379, 0.429,-0.112, 4.831,0.000,0.000,1.280,-0.908,-0.032, 0.172, 0.249,-0.733,-0.005,-0.023,-0.020, 1.576;
2.197,15.019,-8.606,-6.778,13.192, 0.429,-0.112, 4.846,0.000,0.000,1.312,-0.905,-0.040, 0.175, 0.223,-0.689, 0.051, 0.016,-0.059, 1.520;
2.208,13.300,-9.364,-9.443,13.379, 0.429,-0.112, 4.875,0.000,0.000,2.482,-0.902,-0.049, 0.164, 0.278,-0.726,-0.011,-0.025,-0.018, 1.581;
2.220,15.753,-9.399,-7.744,14.098, 0.429,-0.112, 4.890,0.000,0.000,1.270,-0.899,-0.058, 0.168, 0.251,-0.682,-0.068, 0.015,-0.057, 1.639;
2.231,13.193,-9.350,-9.412,13.256, 0.429,-0.112, 4.907,0.000,0.000,1.499,-0.896,-0.066, 0.169, 0.305,-0.717,-0.010,-0.026,-0.017, 1.581;
2.243,14.885,-8.551,-6.947,13.281, 0.429,-0.112, 4.921,0.000,0.000,1.260,-0.893,-0.074, 0.172, 0.278,-0.671, 0.048, 0.015,-0.058, 1.523;
2.254,13.258,-9.434,-9.476,13.300, 0.429,-0.112, 4.950,0.000,0.000,2.567,-0.889,-0.083, 0.161, 0.330,-0.706,-0.010,-0.025,-0.018, 1.581;
2.276,17.687,-9.273,-6.576,14.990, 0.429,-0.112, 4.968,0.000,0.000,0.825,-0.882,-0.098, 0.177, 0.278,-0.618,-0.122, 0.052,-0.094, 1.692;
2.281,16.213,-9.350,-7.524,14.387, 0.429,-0.112, 4.983,0.000,0.000,2.759,-0.881,-0.102, 0.171, 0.302,-0.634,-0.093, 0.034,-0.076, 1.664;
2.292,14.864,-10.196,-9.724,14.393, 0.429,-0.112, 5.015,0.000,0.000,2.914,-0.877,-0.110, 0.156, 0.354,-0.667,-0.151,-0.006,-0.037, 1.721;
2.304,15.200,-11.499,-8.491,12.192, 0.429,-0.112, 5.029,0.000,0.000,1.238,-0.873,-0.118, 0.160, 0.326,-0.701,-0.093, 0.034, 0.003, 1.663;
2.315,14.135,-9.115,-8.781,13.801, 0.429,-0.112, 5.043,0.000,0.000,1.225,-0.869,-0.126, 0.164, 0.379,-0.654,-0.034,-0.006,-0.037, 1.605;
2.327,14.458,-10.759,-7.681,11.380, 0.429,-0.112, 5.062,0.000,0.000,1.621,-0.864,-0.134, 0.163, 0.351,-0.688, 0.025, 0.035, 0.004, 1.546;
2.349,12.321,-6.438,-8.297,14.180, 0.429,-0.112, 5.076,0.000,0.000,0.639,-0.855,-0.149, 0.184, 0.450,-0.599, 0.136,-0.041,-0.072, 1.435;
2.360,13.660,-9.149,-7.938,12.449, 0.429,-0.112, 5.109,0.000,0.000,2.804,-0.851,-0.157, 0.169, 0.421,-0.632, 0.076, 0.000,-0.031, 1.495;
2.373,12.252,-6.581,-8.371,14.043, 0.429,-0.112, 5.123,0.000,0.000,1.096,-0.845,-0.165, 0.175, 0.478,-0.580, 0.139,-0.044,-0.074, 1.432;
2.384,13.551,-9.016,-7.975,12.510, 0.429,-0.112, 5.143,0.000,0.000,1.695,-0.840,-0.172, 0.174, 0.449,-0.613, 0.081,-0.003,-0.034, 1.490;
2.396,12.040,-10.086,-10.293,12.248, 0.429,-0.112, 5.163,0.000,0.000,1.651,-0.835,-0.180, 0.173, 0.503,-0.647, 0.020,-0.045, 0.009, 1.551;
2.408,12.667,-11.324,-8.730,10.073, 0.429,-0.112, 5.176,0.000,0.000,1.128,-0.829,-0.188, 0.178, 0.473,-0.680, 0.081,-0.003, 0.050, 1.490;
2.421,12.104,-9.773,-10.268,12.600, 0.429,-0.112, 5.196,0.000,0.000,1.595,-0.823,-0.195, 0.178, 0.530,-0.626, 0.018,-0.048, 0.006, 1.553;
2.434,13.661,-12.256,-9.587,10.992, 0.429,-0.112, 5.230,0.000,0.000,2.678,-0.817,-0.203, 0.164, 0.498,-0.660,-0.048,-0.004, 0.050, 1.619;
2.446,12.050,-9.826,-10.235,12.459, 0.429,-0.112, 5.243,0.000,0.000,1.044,-0.811,-0.211, 0.170, 0.553,-0.607, 0.014,-0.047, 0.006, 1.557;
2.459,13.777,-12.383,-9.502,10.895, 0.429,-0.112, 5.263,0.000,0.000,1.593,-0.804,-0.218, 0.170, 0.520,-0.642,-0.051,-0.002, 0.051, 1.622;
2.471,12.070,-9.953,-10.237,12.354, 0.429,-0.112, 5.284,0.000,0.000,1.648,-0.798,-0.226, 0.169, 0.576,-0.587, 0.012,-0.046, 0.007, 1.559;
2.476,12.808,-10.967,-9.879,11.721, 0.429,-0.112, 5.305,0.000,0.000,4.825,-0.795,-0.228, 0.155, 0.564,-0.599,-0.010,-0.031, 0.022, 1.581;
2.486,14.618,-10.276,-8.841,13.184, 0.429,-0.112, 5.317,0.000,0.000,1.141,-0.790,-0.234, 0.160, 0.536,-0.551,-0.066, 0.007,-0.016, 1.636;
2.498,13.308,-11.854,-10.910,12.364, 0.429,-0.112, 5.338,0.000,0.000,1.866,-0.783,-0.241, 0.156, 0.585,-0.581,-0.123,-0.032, 0.024, 1.694;
2.520,17.132,-10.353,-8.615,15.394, 0.429,-0.112, 5.359,0.000,0.000,0.961,-0.771,-0.253, 0.170, 0.527,-0.485,-0.234, 0.045,-0.053, 1.805;
2.531,14.742,-11.313,-9.975,13.404, 0.429,-0.112, 5.380,0.000,0.000,1.790,-0.764,-0.259, 0.167, 0.579,-0.516,-0.170, 0.003,-0.012, 1.741;
2.543,15.963,-9.615,-7.989,14.337, 0.429,-0.112, 5.401,0.000,0.000,1.903,-0.758,-0.265, 0.163, 0.549,-0.466,-0.112, 0.042,-0.051, 1.683;
2.555,13.834,-10.627,-9.305,12.511, 0.429,-0.112, 5.423,0.000,0.000,1.764,-0.750,-0.271, 0.161, 0.601,-0.498,-0.051,-0.000,-0.008, 1.622;
2.566,15.918,-9.635,-8.136,14.419, 0.429,-0.112, 5.444,0.000,0.000,1.818,-0.743,-0.277, 0.158, 0.569,-0.445,-0.110, 0.041,-0.049, 1.681;
2.578,13.820,-10.659,-9.287,12.448, 0.429,-0.112, 5.454,0.000,0.000,0.867,-0.736,-0.283, 0.166, 0.620,-0.475,-0.049,-0.000,-0.008, 1.619;
2.590,15.021,-8.740,-7.291,13.572, 0.429,-0.112, 5.476,0.000,0.000,1.813,-0.729,-0.288, 0.163, 0.587,-0.421, 0.012, 0.042,-0.050, 1.559;
2.603,13.849,-10.812,-9.427,12.464, 0.429,-0.112, 5.498,0.000,0.000,1.755,-0.721,-0.294, 0.161, 0.639,-0.453,-0.051,-0.002,-0.006, 1.622;
2.614,15.765,-9.628,-8.294,14.431, 0.429,-0.112, 5.520,0.000,0.000,1.840,-0.713,-0.299, 0.158, 0.606,-0.399,-0.111, 0.040,-0.048, 1.681;
2.627,14.613,-11.671,-10.260,13.202, 0.429,-0.112, 5.541,0.000,0.000,1.780,-0.705,-0.305, 0.155, 0.657,-0.430,-0.172,-0.003,-0.005, 1.743;
2.639,16.520,-10.384,-9.165,15.301, 0.429,-0.112, 5.563,0.000,0.000,1.766,-0.697,-0.310, 0.153, 0.623,-0.374,-0.233, 0.040,-0.048, 1.804;
2.651,14.609,-11.589,-10.128,13.148, 0.429,-0.112, 5.575,0.000,0.000,0.988,-0.689,-0.315, 0.160, 0.672,-0.403,-0.172,-0.002,-0.007, 1.743;
2.663,15.622,-9.466,-8.304,14.460, 0.429,-0.112, 5.596,0.000,0.000,1.802,-0.681,-0.320, 0.157, 0.637,-0.348,-0.111, 0.041,-0.049, 1.681;
2.675,14.689,-11.625,-10.150,13.214, 0.429,-0.112, 5.618,0.000,0.000,1.841,-0.673,-0.324, 0.154, 0.686,-0.377,-0.170,-0.001,-0.008, 1.740;
2.686,15.562,-9.436,-8.332,14.457, 0.429,-0.112, 5.630,0.000,0.000,1.031,-0.665,-0.329, 0.160, 0.651,-0.322,-0.108, 0.041,-0.049, 1.679;
2.699,13.799,-10.821,-9.290,12.268, 0.429,-0.112, 5.652,0.000,0.000,1.797,-0.657,-0.333, 0.158, 0.700,-0.351,-0.047,-0.001,-0.007, 1.618;
2.709,15.395,-9.587,-8.544,14.352, 0.429,-0.112, 5.674,0.000,0.000,1.992,-0.649,-0.337, 0.153, 0.668,-0.301,-0.102, 0.037,-0.045, 1.673;
2.721,13.771,-10.870,-9.284,12.185, 0.429,-0.112, 5.687,0.000,0.000,1.138,-0.641,-0.341, 0.158, 0.714,-0.328,-0.045,-0.003,-0.005, 1.615;
2.733,15.456,-9.448,-8.591,14.600, 0.429,-0.112, 5.721,0.000,0.000,2.843,-0.632,-0.345, 0.142, 0.677,-0.272,-0.109, 0.040,-0.048, 1.680;
2.745,14.693,-11.705,-10.152,13.140, 0.429,-0.112, 5.743,0.000,0.000,1.829,-0.624,-0.349, 0.139, 0.724,-0.300,-0.170,-0.001,-0.007, 1.741;
2.756,15.329,-9.432,-8.614,14.510, 0.429,-0.112, 5.756,0.000,0.000,1.169,-0.615,-0.352, 0.144, 0.689,-0.246,-0.112, 0.039,-0.047, 1.683;
2.768,14.703,-11.737,-10.137,13.103, 0.429,-0.112, 5.778,0.000,0.000,1.849,-0.607,-0.355, 0.141, 0.735,-0.274,-0.170,-0.001,-0.007, 1.741;
2.779,16.036,-10.270,-9.561,15.327, 0.429,-0.112, 5.805,0.000,0.000,2.492,-0.599,-0.359, 0.131, 0.701,-0.222,-0.227, 0.038,-0.046, 1.798;
2.801,15.053,-14.438,-12.055,12.669, 0.429,-0.112, 5.827,0.000,0.000,0.982,-0.583,-0.364, 0.143, 0.785,-0.272,-0.337,-0.038, 0.030, 1.908;
2.812,15.618,-11.808,-10.425,14.235, 0.429,-0.112, 5.841,0.000,0.000,1.197,-0.574,-0.367, 0.148, 0.748,-0.217,-0.271, 0.004,-0.012, 1.842;
2.825,14.260,-13.425,-10.920,11.754, 0.429,-0.112, 5.862,0.000,0.000,1.726,-0.565,-0.370, 0.146, 0.795,-0.245,-0.206,-0.039, 0.031, 1.777;
2.837,14.778,-10.817,-9.538,13.500, 0.429,-0.112, 5.891,0.000,0.000,2.262,-0.555,-0.372, 0.137, 0.754,-0.184,-0.141, 0.006,-0.014, 1.712;
2.849,13.607,-12.454,-9.947,11.101, 0.429,-0.112, 5.911,0.000,0.000,1.789,-0.546,-0.374, 0.134, 0.798,-0.211,-0.083,-0.034, 0.026, 1.653;
2.860,13.997,-10.083,-8.777,12.691, 0.429,-0.112, 5.926,0.000,0.000,1.278,-0.537,-0.376, 0.138, 0.760,-0.156,-0.024, 0.006,-0.014, 1.594;
2.873,13.742,-12.654,-9.999,11.088, 0.429,-0.112, 5.956,0.000,0.000,2.489,-0.528,-0.378, 0.127, 0.806,-0.184,-0.087,-0.036, 0.028, 1.657;
2.884,14.829,-10.992,-9.695,13.532, 0.429,-0.112, 5.977,0.000,0.000,1.724,-0.519,-0.380, 0.125, 0.767,-0.129,-0.146, 0.005,-0.013, 1.717;
2.895,13.790,-12.565,-9.854,11.080, 0.429,-0.112, 5.992,0.000,0.000,1.357,-0.510,-0.382, 0.127, 0.809,-0.155,-0.089,-0.034, 0.026, 1.660;
2.907,14.849,-10.958,-9.726,13.617, 0.429,-0.112, 6.023,0.000,0.000,2.665,-0.501,-0.383, 0.115, 0.771,-0.100,-0.150, 0.006,-0.014, 1.721;
2.919,14.718,-13.459,-10.644,11.904, 0.429,-0.112, 6.042,0.000,0.000,1.664,-0.492,-0.384, 0.114, 0.814,-0.127,-0.210,-0.035, 0.027, 1.781;
2.930,14.781,-11.058,-9.720,13.443, 0.429,-0.112, 6.058,0.000,0.000,1.416,-0.484,-0.385, 0.115, 0.777,-0.075,-0.154, 0.004,-0.012, 1.725;
2.941,14.811,-13.454,-10.570,11.927, 0.429,-0.112, 6.089,0.000,0.000,2.873,-0.475,-0.386, 0.101, 0.817,-0.100,-0.212,-0.035, 0.027, 1.782;
2.952,15.578,-11.820,-10.541,14.298, 0.429,-0.112, 6.105,0.000,0.000,1.426,-0.466,-0.387, 0.103, 0.779,-0.047,-0.268, 0.004,-0.012, 1.838;
2.963,14.818,-13.408,-10.441,11.851, 0.429,-0.112, 6.121,0.000,0.000,1.451,-0.458,-0.388, 0.104, 0.818,-0.072,-0.212,-0.034, 0.026, 1.783;
2.984,16.157,-10.529,-10.755,16.382, 0.429,-0.112, 6.153,0.000,0.000,1.510,-0.441,-0.388, 0.105, 0.745, 0.029,-0.323, 0.041,-0.048, 1.894;
2.995,15.411,-12.332,-10.509,13.587, 0.429,-0.112, 6.171,0.000,0.000,1.599,-0.432,-0.388, 0.105, 0.784, 0.003,-0.262, 0.001,-0.009, 1.833;
3.007,15.215,-9.788,-9.875,15.302, 0.429,-0.112, 6.187,0.000,0.000,1.365,-0.423,-0.388, 0.107, 0.743, 0.058,-0.200, 0.042,-0.050, 1.770;
3.019,15.478,-12.527,-10.577,13.528, 0.429,-0.112, 6.219,0.000,0.000,2.577,-0.413,-0.388, 0.095, 0.787, 0.030,-0.262,-0.002,-0.006, 1.833;
3.031,15.150,-9.988,-10.005,15.166, 0.429,-0.112, 6.235,0.000,0.000,1.427,-0.405,-0.388, 0.096, 0.747, 0.083,-0.204, 0.038,-0.046, 1.775;
3.043,15.523,-12.633,-10.582,13.472, 0.429,-0.112, 6.267,0.000,0.000,2.701,-0.395,-0.387, 0.083, 0.788, 0.056,-0.266,-0.004,-0.004, 1.837;
3.055,15.047,-9.821,-10.072,15.298, 0.429,-0.112, 6.283,0.000,0.000,1.270,-0.385,-0.387, 0.087, 0.742, 0.116,-0.202, 0.040,-0.048, 1.773;
3.067,14.665,-11.643,-9.660,12.683, 0.429,-0.112, 6.299,0.000,0.000,1.369,-0.376,-0.386, 0.089, 0.782, 0.089,-0.142,-0.001,-0.007, 1.713;
3.079,15.048,-9.868,-10.249,15.429, 0.429,-0.112, 6.332,0.000,0.000,2.724,-0.367,-0.385, 0.075, 0.738, 0.147,-0.205, 0.042,-0.049, 1.776;
3.091,14.706,-11.626,-9.666,12.746, 0.429,-0.112, 6.349,0.000,0.000,1.374,-0.357,-0.383, 0.078, 0.778, 0.119,-0.146,-0.000,-0.007, 1.716;
3.103,14.116,-8.945,-9.419,14.590, 0.429,-0.112, 6.365,0.000,0.000,1.315,-0.348,-0.382, 0.081, 0.732, 0.178,-0.083, 0.043,-0.051, 1.653;
3.115,14.762,-11.542,-9.709,12.930, 0.429,-0.112, 6.397,0.000,0.000,2.805,-0.339,-0.380, 0.066, 0.770, 0.151,-0.143, 0.003,-0.010, 1.714;
3.127,14.881,-9.809,-10.358,15.430, 0.429,-0.112, 6.414,0.000,0.000,1.391,-0.330,-0.379, 0.068, 0.727, 0.206,-0.201, 0.043,-0.051, 1.772;
3.138,14.719,-11.467,-9.628,12.880, 0.429,-0.112, 6.430,0.000,0.000,1.416,-0.321,-0.377, 0.070, 0.764, 0.180,-0.144, 0.003,-0.011, 1.714;
3.150,14.778,-9.791,-10.551,15.539, 0.429,-0.114, 6.477,0.000,-0.193,4.138,-0.312,-0.372, 0.041, 0.720, 0.235,-0.208, 0.044,-0.052, 1.779;
3.161,15.573,-12.243,-10.480,13.811, 0.429,-0.112, 6.481,0.000,0.200,0.283,-0.304,-0.373, 0.055, 0.756, 0.209,-0.264, 0.005,-0.012, 1.834;
3.172,15.482,-10.603,-11.337,16.216, 0.429,-0.114, 6.512,0.000,-0.203,2.893,-0.295,-0.368, 0.040, 0.714, 0.260,-0.321, 0.043,-0.051, 1.892;
3.183,16.342,-13.025,-11.224,14.541, 0.429,-0.114, 6.528,0.000,0.000,1.392,-0.287,-0.366, 0.042, 0.750, 0.234,-0.378, 0.004,-0.011, 1.949;
3.205,16.051,-10.097,-13.109,19.062, 0.429,-0.114, 6.564,0.000,0.000,1.620,-0.270,-0.360, 0.041, 0.665, 0.337,-0.494, 0.080,-0.088, 2.064;
3.216,16.208,-11.856,-11.922,16.273, 0.429,-0.114, 6.579,0.000,0.000,1.371,-0.262,-0.358, 0.044, 0.700, 0.310,-0.431, 0.040,-0.048, 2.001;
3.229,16.301,-13.174,-10.916,14.043, 0.429,-0.114, 6.595,0.000,0.000,1.241,-0.253,-0.354, 0.048, 0.738, 0.281,-0.362,-0.003,-0.005, 1.933;
3.242,15.073,-10.446,-11.215,15.842, 0.429,-0.114, 6.615,0.000,0.000,1.576,-0.243,-0.351, 0.048, 0.687, 0.341,-0.292, 0.042,-0.050, 1.863;
3.245,15.245,-11.135,-10.854,14.965, 0.429,-0.114, 6.646,0.000,0.000,8.383,-0.241,-0.349, 0.023, 0.698, 0.333,-0.273, 0.030,-0.038, 1.844;
3.257,16.302,-13.227,-10.658,13.733, 0.429,-0.114, 6.667,0.000,0.000,1.853,-0.232,-0.346, 0.020, 0.732, 0.306,-0.332,-0.010, 0.002, 1.903;
3.268,15.083,-10.884,-11.005,15.204, 0.429,-0.114, 6.682,0.000,0.000,1.337,-0.224,-0.343, 0.022, 0.688, 0.358,-0.276, 0.029,-0.037, 1.847;
3.290,17.514,-15.284,-10.320,12.550, 0.429,-0.114, 6.718,0.000,0.000,1.634,-0.209,-0.335, 0.021, 0.754, 0.305,-0.394,-0.048, 0.040, 1.964;
3.294,16.965,-14.158,-10.453,13.261, 0.429,-0.114, 6.732,0.000,0.000,4.021,-0.206,-0.334, 0.012, 0.739, 0.322,-0.374,-0.036, 0.028, 1.944;
3.305,15.700,-12.032,-10.878,14.546, 0.429,-0.114, 6.754,0.000,0.000,1.852,-0.198,-0.330, 0.009, 0.691, 0.376,-0.313, 0.005,-0.013, 1.884;
3.327,16.719,-14.636,-8.371,10.455, 0.429,-0.114, 6.776,0.000,0.000,1.025,-0.183,-0.322, 0.021, 0.754, 0.324,-0.205,-0.070, 0.062, 1.776;
3.340,15.151,-12.007,-9.066,12.210, 0.429,-0.114, 6.790,0.000,0.000,1.123,-0.174,-0.317, 0.026, 0.701, 0.382,-0.136,-0.025, 0.017, 1.706;
3.352,16.816,-14.362,-8.351,10.804, 0.429,-0.114, 6.826,0.000,0.000,2.969,-0.166,-0.312, 0.009, 0.736, 0.352,-0.196,-0.067, 0.060, 1.767;
3.363,15.241,-12.027,-8.985,12.198, 0.429,-0.114, 6.840,0.000,0.000,1.163,-0.158,-0.307, 0.014, 0.687, 0.406,-0.136,-0.026, 0.018, 1.706;
3.376,16.090,-13.493,-7.322,9.919, 0.429,-0.114, 6.862,0.000,0.000,1.811,-0.150,-0.302, 0.011, 0.721, 0.376,-0.074,-0.069, 0.061, 1.645;
3.388,15.337,-12.032,-9.045,12.350, 0.429,-0.114, 6.885,0.000,0.000,1.794,-0.142,-0.296, 0.008, 0.669, 0.432,-0.137,-0.025, 0.017, 1.708;
3.400,17.102,-14.278,-8.097,10.921, 0.429,-0.114, 6.907,0.000,0.000,1.831,-0.134,-0.290, 0.005, 0.703, 0.402,-0.199,-0.068, 0.061, 1.770;
3.405,16.432,-13.329,-8.392,11.496, 0.429,-0.114, 6.920,0.000,0.000,3.161,-0.132,-0.289,-0.001, 0.686, 0.420,-0.178,-0.054, 0.046, 1.748;
3.415,15.840,-12.329,-9.828,13.339, 0.429,-0.114, 6.955,0.000,0.000,3.327,-0.125,-0.284,-0.020, 0.641, 0.468,-0.235,-0.017, 0.009, 1.806;
3.437,19.125,-16.127,-8.174,11.171, 0.429,-0.114, 6.978,0.000,0.000,1.014,-0.111,-0.273,-0.008, 0.702, 0.412,-0.354,-0.094, 0.087, 1.924;
3.449,17.125,-13.716,-9.127,12.535, 0.429,-0.114, 7.001,0.000,0.000,1.867,-0.104,-0.267,-0.011, 0.649, 0.466,-0.289,-0.052, 0.044, 1.860;
3.452,16.953,-13.413,-9.158,12.698, 0.429,-0.114, 7.023,0.000,0.000,7.926,-0.102,-0.265,-0.029, 0.637, 0.478,-0.275,-0.042, 0.034, 1.845;
3.474,15.327,-11.652,-12.395,16.070, 0.429,-0.114, 7.046,0.000,0.000,1.060,-0.090,-0.254,-0.019, 0.545, 0.573,-0.386, 0.033,-0.041, 1.957;
3.477,15.834,-12.147,-11.535,15.222, 0.429,-0.114, 7.069,0.000,0.000,7.498,-0.088,-0.252,-0.036, 0.553, 0.565,-0.370, 0.023,-0.030, 1.941;
3.488,16.704,-13.024,-9.822,13.503, 0.429,-0.114, 7.080,0.000,0.000,0.978,-0.082,-0.246,-0.030, 0.583, 0.535,-0.310,-0.018, 0.010, 1.881;
3.511,13.079,-9.572,-11.896,15.403, 0.429,-0.114, 7.102,0.000,0.000,1.010,-0.069,-0.234,-0.017, 0.486, 0.633,-0.197, 0.060,-0.068, 1.768;
