0.000,0.000,0.000,0.000,0.000, 0.000, 0.000, 0.000,0.000,0.000,0.000, 0.000, 0.000, 0.000;
0.022,-0.505,-0.684,-0.505,-0.684, 0.163,-0.076,-0.256,0.000,0.000,0.000, 0.337, 0.090, 1.512;
0.034,-0.511,-0.678,-0.511,-0.678, 0.163,-0.076,-0.256,0.000,0.000,0.000, 0.337, 0.097, 1.512;
0.046,-0.516,-0.672,-0.516,-0.672, 0.163,-0.076,-0.256,0.000,0.000,0.000, 0.336, 0.105, 1.512;
0.059,-0.522,-0.666,-0.522,-0.666, 0.163,-0.076,-0.256,0.000,0.000,0.000, 0.336, 0.113, 1.512;
0.062,-0.523,-0.664,-0.523,-0.664, 0.163,-0.076,-0.256,0.000,0.000,0.000, 0.336, 0.115, 1.512;
0.073,-0.528,-0.658,-0.528,-0.658, 0.163,-0.076,-0.256,0.000,0.000,0.000, 0.335, 0.122, 1.512;
0.095,-0.537,-0.647,-0.537,-0.647, 0.163,-0.076,-0.256,0.000,0.000,0.000, 0.334, 0.135, 1.512;
0.107,-0.542,-0.640,-0.542,-0.640, 0.163,-0.076,-0.256,0.000,0.000,0.000, 0.333, 0.143, 1.512;
0.118,-0.547,-0.634,-0.547,-0.634, 0.163,-0.076,-0.256,0.000,0.000,0.000, 0.332, 0.150, 1.512;
0.131,-0.552,-0.627,-0.552,-0.627, 0.163,-0.076,-0.256,0.000,0.000,0.000, 0.330, 0.158, 1.512;
0.142,-0.557,-0.621,-0.557,-0.621, 0.163,-0.076,-0.256,0.000,0.000,0.000, 0.329, 0.165, 1.512;
0.154,-0.561,-0.614,-0.561,-0.614, 0.163,-0.076,-0.256,0.000,0.000,0.000, 0.328, 0.172, 1.512;
0.167,-0.566,-0.607,-0.566,-0.607, 0.163,-0.076,-0.256,0.000,0.000,0.000, 0.326, 0.180, 1.512;
0.180,-0.571,-0.600,-0.571,-0.600, 0.163,-0.076,-0.256,0.000,0.000,0.000, 0.324, 0.188, 1.512;
0.192,-0.575,-0.593,-0.575,-0.593, 0.163,-0.076,-0.256,0.000,0.000,0.000, 0.323, 0.195, 1.512;
0.204,-0.579,-0.586,-0.579,-0.586, 0.163,-0.076,-0.256,0.000,0.000,0.000, 0.321, 0.202, 1.512;
0.216,-0.583,-0.579,-0.583,-0.579, 0.163,-0.076,-0.256,0.000,0.000,0.000, 0.319, 0.210, 1.512;
0.227,-0.587,-0.572,-0.587,-0.572, 0.163,-0.076,-0.256,0.000,0.000,0.000, 0.317, 0.217, 1.512;
0.239,-0.591,-0.565,-0.591,-0.565, 0.163,-0.076,-0.256,0.000,0.000,0.000, 0.315, 0.224, 1.512;
0.251,-0.594,-0.558,-0.594,-0.558, 0.163,-0.076,-0.256,0.000,0.000,0.000, 0.312, 0.231, 1.512;
0.264,-0.598,-0.550,-0.598,-0.550, 0.163,-0.076,-0.256,0.000,0.000,0.000, 0.310, 0.239, 1.512;
0.277,-0.602,-0.542,-0.602,-0.542, 0.163,-0.076,-0.256,0.000,0.000,0.000, 0.307, 0.246, 1.512;
0.289,-0.605,-0.535,-0.605,-0.535, 0.163,-0.076,-0.256,0.000,0.000,0.000, 0.305, 0.253, 1.512;
0.300,-0.608,-0.528,-0.608,-0.528, 0.163,-0.076,-0.256,0.000,0.000,0.000, 0.302, 0.260, 1.512;
0.311,-0.611,-0.521,-0.611,-0.521, 0.163,-0.076,-0.256,0.000,0.000,0.000, 0.299, 0.267, 1.512;
0.323,-0.614,-0.513,-0.614,-0.513, 0.163,-0.076,-0.256,0.000,0.000,0.000, 0.296, 0.273, 1.512;
0.335,-0.617,-0.506,-0.617,-0.506, 0.163,-0.076,-0.256,0.000,0.000,0.000, 0.293, 0.280, 1.512;
0.346,-0.620,-0.499,-0.620,-0.499, 0.163,-0.076,-0.256,0.000,0.000,0.000, 0.291, 0.286, 1.512;
0.358,-0.623,-0.491,-0.623,-0.491, 0.163,-0.076,-0.256,0.000,0.000,0.000, 0.287, 0.293, 1.512;
0.370,-0.625,-0.484,-0.625,-0.484, 0.163,-0.076,-0.256,0.000,0.000,0.000, 0.284, 0.300, 1.512;
0.381,-0.627,-0.477,-0.627,-0.477, 0.163,-0.076,-0.256,0.000,0.000,0.000, 0.281, 0.306, 1.512;
0.392,-0.630,-0.470,-0.630,-0.470, 0.163,-0.076,-0.256,0.000,0.000,0.000, 0.278, 0.312, 1.512;
0.413,-0.634,-0.456,-0.634,-0.456, 0.163,-0.076,-0.256,0.000,0.000,0.000, 0.271, 0.324, 1.512;
0.417,-0.634,-0.453,-0.634,-0.453, 0.163,-0.076,-0.256,0.000,0.000,0.000, 0.270, 0.326, 1.512;
0.437,-0.638,-0.440,-0.638,-0.440, 0.163,-0.076,-0.256,0.000,0.000,0.000, 0.263, 0.337, 1.512;
0.449,-0.640,-0.432,-0.640,-0.432, 0.163,-0.076,-0.256,0.000,0.000,0.000, 0.260, 0.343, 1.512;
0.460,-0.641,-0.425,-0.641,-0.425, 0.163,-0.076,-0.256,0.000,0.000,0.000, 0.256, 0.349, 1.512;
0.472,-0.643,-0.417,-0.643,-0.417, 0.163,-0.076,-0.256,0.000,0.000,0.000, 0.252, 0.355, 1.512;
0.483,-0.644,-0.409,-0.644,-0.409, 0.163,-0.076,-0.256,0.000,0.000,0.000, 0.248, 0.361, 1.512;
0.495,-0.645,-0.402,-0.645,-0.402, 0.163,-0.076,-0.256,0.000,0.000,0.000, 0.244, 0.367, 1.512;
0.506,-0.647,-0.394,-0.647,-0.394, 0.163,-0.076,-0.256,0.000,0.000,0.000, 0.239, 0.373, 1.512;
0.517,-0.648,-0.387,-0.648,-0.387, 0.163,-0.076,-0.256,0.000,0.000,0.000, 0.235, 0.378, 1.512;
0.528,-0.649,-0.380,-0.649,-0.380, 0.163,-0.076,-0.256,0.000,0.000,0.000, 0.231, 0.384, 1.512;
0.539,-0.649,-0.372,-0.649,-0.372, 0.163,-0.076,-0.256,0.000,0.000,0.000, 0.227, 0.389, 1.512;
0.550,-0.650,-0.364,-0.650,-0.364, 0.163,-0.076,-0.256,0.000,0.000,0.000, 0.222, 0.395, 1.512;
0.571,-0.651,-0.350,-0.651,-0.350, 0.163,-0.076,-0.256,0.000,0.000,0.000, 0.214, 0.405, 1.512;
0.583,-0.652,-0.342,-0.652,-0.342, 0.163,-0.076,-0.256,0.000,0.000,0.000, 0.209, 0.411, 1.512;
0.596,-0.652,-0.334,-0.652,-0.334, 0.163,-0.076,-0.256,0.000,0.000,0.000, 0.203, 0.416, 1.512;
0.609,-0.653,-0.325,-0.653,-0.325, 0.163,-0.076,-0.256,0.000,0.000,0.000, 0.198, 0.422, 1.512;
0.619,-0.653,-0.318,-0.653,-0.318, 0.163,-0.076,-0.256,0.000,0.000,0.000, 0.193, 0.427, 1.512;
0.631,-0.653,-0.310,-0.653,-0.310, 0.163,-0.076,-0.256,0.000,0.000,0.000, 0.188, 0.432, 1.512;
0.642,-0.653,-0.302,-0.653,-0.302, 0.163,-0.076,-0.256,0.000,0.000,0.000, 0.183, 0.437, 1.512;
0.654,-0.652,-0.294,-0.652,-0.294, 0.163,-0.076,-0.256,0.000,0.000,0.000, 0.177, 0.442, 1.512;
0.666,-0.652,-0.286,-0.652,-0.286, 0.163,-0.076,-0.256,0.000,0.000,0.000, 0.172, 0.447, 1.512;
0.677,-0.652,-0.279,-0.652,-0.279, 0.163,-0.076,-0.256,0.000,0.000,0.000, 0.167, 0.452, 1.512;
0.688,-0.651,-0.271,-0.651,-0.271, 0.163,-0.076,-0.256,0.000,0.000,0.000, 0.162, 0.456, 1.512;
0.699,-0.650,-0.264,-0.650,-0.264, 0.163,-0.076,-0.256,0.000,0.000,0.000, 0.156, 0.461, 1.512;
0.710,-0.650,-0.257,-0.650,-0.257, 0.163,-0.076,-0.256,0.000,0.000,0.000, 0.151, 0.465, 1.512;
0.721,-0.649,-0.249,-0.649,-0.249, 0.163,-0.076,-0.256,0.000,0.000,0.000, 0.146, 0.469, 1.512;
0.743,-0.647,-0.235,-0.647,-0.235, 0.163,-0.076,-0.256,0.000,0.000,0.000, 0.135, 0.478, 1.512;
0.754,-0.646,-0.227,-0.646,-0.227, 0.163,-0.076,-0.256,0.000,0.000,0.000, 0.129, 0.482, 1.512;
0.766,-0.644,-0.219,-0.644,-0.219, 0.163,-0.076,-0.256,0.000,0.000,0.000, 0.123, 0.486, 1.512;
0.777,-0.643,-0.211,-0.643,-0.211, 0.163,-0.076,-0.256,0.000,0.000,0.000, 0.117, 0.490, 1.512;
0.790,-0.641,-0.203,-0.641,-0.203, 0.163,-0.076,-0.256,0.000,0.000,0.000, 0.110, 0.495, 1.512;
0.801,-0.640,-0.196,-0.640,-0.196, 0.163,-0.076,-0.256,0.000,0.000,0.000, 0.104, 0.498, 1.512;
0.812,-0.638,-0.188,-0.638,-0.188, 0.163,-0.076,-0.256,0.000,0.000,0.000, 0.098, 0.502, 1.512;
0.824,-0.636,-0.181,-0.636,-0.181, 0.163,-0.076,-0.256,0.000,0.000,0.000, 0.092, 0.506, 1.512;
0.835,-0.634,-0.174,-0.634,-0.174, 0.163,-0.076,-0.256,0.000,0.000,0.000, 0.086, 0.509, 1.512;
0.846,-0.632,-0.167,-0.632,-0.167, 0.163,-0.076,-0.256,0.000,0.000,0.000, 0.080, 0.513, 1.512;
0.857,-0.630,-0.159,-0.630,-0.159, 0.163,-0.076,-0.256,0.000,0.000,0.000, 0.074, 0.516, 1.512;
0.868,-0.628,-0.152,-0.628,-0.152, 0.163,-0.076,-0.256,0.000,0.000,0.000, 0.068, 0.520, 1.512;
0.892,-0.623,-0.137,-0.623,-0.137, 0.163,-0.076,-0.256,0.000,0.000,0.000, 0.055, 0.526, 1.512;
0.896,-0.622,-0.134,-0.622,-0.134, 0.163,-0.076,-0.256,0.000,0.000,0.000, 0.052, 0.527, 1.512;
0.908,-0.619,-0.127,-0.619,-0.127, 0.163,-0.076,-0.256,0.000,0.000,0.000, 0.046, 0.530, 1.512;
0.919,-0.616,-0.120,-0.616,-0.120, 0.163,-0.076,-0.256,0.000,0.000,0.000, 0.039, 0.533, 1.512;
0.930,-0.614,-0.113,-0.614,-0.113, 0.163,-0.076,-0.256,0.000,0.000,0.000, 0.033, 0.536, 1.512;
0.942,-0.610,-0.105,-0.610,-0.105, 0.163,-0.076,-0.256,0.000,0.000,0.000, 0.026, 0.539, 1.512;
0.954,-0.607,-0.098,-0.607,-0.098, 0.163,-0.076,-0.256,0.000,0.000,0.000, 0.019, 0.542, 1.512;
0.976,-0.601,-0.084,-0.601,-0.084, 0.163,-0.076,-0.256,0.000,0.000,0.000, 0.006, 0.546, 1.512;
0.988,-0.598,-0.077,-0.598,-0.077, 0.163,-0.076,-0.256,0.000,0.000,0.000,-0.001, 0.549, 1.512;
0.993,-0.596,-0.074,-0.596,-0.074, 0.163,-0.076,-0.256,0.000,0.000,0.000,-0.004, 0.550, 1.512;
1.002,-0.593,-0.068,-0.593,-0.068, 0.163,-0.076,-0.256,0.000,0.000,0.000,-0.010, 0.552, 1.512;
1.024,-0.586,-0.055,-0.586,-0.055, 0.163,-0.076,-0.256,0.000,0.000,0.000,-0.023, 0.556, 1.512;
1.037,-0.582,-0.047,-0.582,-0.047, 0.163,-0.076,-0.256,0.000,0.000,0.000,-0.031, 0.558, 1.512;
1.040,-0.581,-0.046,-0.581,-0.046, 0.163,-0.076,-0.256,0.000,0.000,0.000,-0.032, 0.559, 1.512;
1.051,-0.577,-0.039,-0.577,-0.039, 0.163,-0.076,-0.256,0.000,0.000,0.000,-0.039, 0.560, 1.512;
1.073,-0.570,-0.027,-0.570,-0.027, 0.163,-0.076,-0.256,0.000,0.000,0.000,-0.053, 0.564, 1.512;
1.086,-0.565,-0.019,-0.565,-0.019, 0.163,-0.076,-0.256,0.000,0.000,0.000,-0.061, 0.565, 1.512;
1.091,-0.563,-0.017,-0.563,-0.017, 0.163,-0.076,-0.256,0.000,0.000,0.000,-0.063, 0.566, 1.512;
1.100,-0.559,-0.011,-0.559,-0.011, 0.163,-0.076,-0.256,0.000,0.000,0.000,-0.069, 0.567, 1.512;
1.122,-0.551,0.001,-0.551,0.001, 0.163,-0.076,-0.256,0.000,0.000,0.000,-0.083, 0.569, 1.512;
1.135,-0.546,0.008,-0.546,0.008, 0.163,-0.076,-0.256,0.000,0.000,0.000,-0.091, 0.571, 1.512;
1.147,-0.541,0.014,-0.541,0.014, 0.163,-0.076,-0.256,0.000,0.000,0.000,-0.098, 0.572, 1.512;
1.158,-0.536,0.020,-0.536,0.020, 0.163,-0.076,-0.256,0.000,0.000,0.000,-0.106, 0.573, 1.512;
1.171,-0.531,0.027,-0.531,0.027, 0.163,-0.076,-0.256,0.000,0.000,0.000,-0.113, 0.573, 1.512;
1.183,-0.526,0.033,-0.526,0.033, 0.163,-0.076,-0.256,0.000,0.000,0.000,-0.121, 0.574, 1.512;
1.195,-0.520,0.040,-0.520,0.040, 0.163,-0.076,-0.256,0.000,0.000,0.000,-0.128, 0.575, 1.512;
1.207,-0.515,0.045,-0.515,0.045, 0.163,-0.076,-0.256,0.000,0.000,0.000,-0.136, 0.575, 1.512;
1.219,-0.510,0.051,-0.510,0.051, 0.163,-0.076,-0.256,0.000,0.000,0.000,-0.143, 0.576, 1.512;
1.231,-0.504,0.057,-0.504,0.057, 0.163,-0.076,-0.256,0.000,0.000,0.000,-0.151, 0.576, 1.512;
1.243,-0.498,0.064,-0.498,0.064, 0.163,-0.076,-0.256,0.000,0.000,0.000,-0.159, 0.576, 1.512;
1.256,-0.492,0.070,-0.492,0.070, 0.163,-0.076,-0.256,0.000,0.000,0.000,-0.167, 0.576, 1.512;
1.267,-0.487,0.075,-0.487,0.075, 0.163,-0.076,-0.256,0.000,0.000,0.000,-0.174, 0.576, 1.512;
1.279,-0.481,0.080,-0.481,0.080, 0.163,-0.076,-0.256,0.000,0.000,0.000,-0.181, 0.576, 1.512;
1.292,-0.474,0.086,-0.474,0.086, 0.163,-0.076,-0.256,0.000,0.000,0.000,-0.189, 0.575, 1.512;
1.304,-0.468,0.092,-0.468,0.092, 0.163,-0.076,-0.256,0.000,0.000,0.000,-0.197, 0.575, 1.512;
1.316,-0.462,0.097,-0.462,0.097, 0.163,-0.076,-0.256,0.000,0.000,0.000,-0.204, 0.574, 1.512;
1.328,-0.456,0.102,-0.456,0.102, 0.163,-0.076,-0.256,0.000,0.000,0.000,-0.212, 0.573, 1.512;
1.340,-0.450,0.107,-0.450,0.107, 0.163,-0.076,-0.256,0.000,0.000,0.000,-0.219, 0.573, 1.512;
1.351,-0.444,0.112,-0.444,0.112, 0.163,-0.076,-0.256,0.000,0.000,0.000,-0.227, 0.572, 1.512;
1.363,-0.437,0.117,-0.437,0.117, 0.163,-0.076,-0.256,0.000,0.000,0.000,-0.234, 0.571, 1.512;
1.375,-0.431,0.122,-0.431,0.122, 0.163,-0.076,-0.256,0.000,0.000,0.000,-0.241, 0.570, 1.512;
1.387,-0.424,0.126,-0.424,0.126, 0.163,-0.076,-0.256,0.000,0.000,0.000,-0.248, 0.569, 1.512;
1.398,-0.418,0.131,-0.418,0.131, 0.163,-0.076,-0.256,0.000,0.000,0.000,-0.256, 0.567, 1.512;
1.411,-0.411,0.136,-0.411,0.136, 0.163,-0.076,-0.256,0.000,0.000,0.000,-0.264, 0.566, 1.512;
1.423,-0.404,0.140,-0.404,0.140, 0.163,-0.076,-0.256,0.000,0.000,0.000,-0.271, 0.564, 1.512;
1.434,-0.398,0.144,-0.398,0.144, 0.163,-0.076,-0.256,0.000,0.000,0.000,-0.277, 0.563, 1.512;
1.446,-0.391,0.148,-0.391,0.148, 0.163,-0.076,-0.256,0.000,0.000,0.000,-0.285, 0.561, 1.512;
1.458,-0.384,0.152,-0.384,0.152, 0.163,-0.076,-0.256,0.000,0.000,0.000,-0.292, 0.559, 1.512;
1.469,-0.377,0.156,-0.377,0.156, 0.163,-0.076,-0.256,0.000,0.000,0.000,-0.299, 0.557, 1.512;
1.480,-0.371,0.159,-0.371,0.159, 0.163,-0.076,-0.256,0.000,0.000,0.000,-0.305, 0.555, 1.512;
1.502,-0.358,0.166,-0.358,0.166, 0.163,-0.076,-0.256,0.000,0.000,0.000,-0.318, 0.551, 1.512;
1.514,-0.350,0.170,-0.350,0.170, 0.163,-0.076,-0.256,0.000,0.000,0.000,-0.326, 0.549, 1.512;
1.526,-0.343,0.173,-0.343,0.173, 0.163,-0.076,-0.256,0.000,0.000,0.000,-0.333, 0.546, 1.512;
1.538,-0.336,0.177,-0.336,0.177, 0.163,-0.076,-0.256,0.000,0.000,0.000,-0.340, 0.544, 1.512;
1.550,-0.328,0.180,-0.328,0.180, 0.163,-0.076,-0.256,0.000,0.000,0.000,-0.347, 0.541, 1.512;
1.562,-0.321,0.183,-0.321,0.183, 0.163,-0.076,-0.256,0.000,0.000,0.000,-0.354, 0.538, 1.512;
1.574,-0.313,0.186,-0.313,0.186, 0.163,-0.076,-0.256,0.000,0.000,0.000,-0.361, 0.535, 1.512;
1.586,-0.306,0.189,-0.306,0.189, 0.163,-0.076,-0.256,0.000,0.000,0.000,-0.368, 0.532, 1.512;
1.597,-0.298,0.192,-0.298,0.192, 0.163,-0.076,-0.256,0.000,0.000,0.000,-0.374, 0.529, 1.512;
1.609,-0.291,0.195,-0.291,0.195, 0.163,-0.076,-0.256,0.000,0.000,0.000,-0.381, 0.526, 1.512;
1.622,-0.283,0.197,-0.283,0.197, 0.163,-0.076,-0.256,0.000,0.000,0.000,-0.388, 0.522, 1.512;
1.634,-0.275,0.200,-0.275,0.200, 0.163,-0.076,-0.256,0.000,0.000,0.000,-0.395, 0.519, 1.512;
1.647,-0.267,0.202,-0.267,0.202, 0.163,-0.076,-0.256,0.000,0.000,0.000,-0.402, 0.515, 1.512;
1.658,-0.259,0.204,-0.259,0.204, 0.163,-0.076,-0.256,0.000,0.000,0.000,-0.408, 0.512, 1.512;
1.671,-0.251,0.207,-0.251,0.207, 0.163,-0.076,-0.256,0.000,0.000,0.000,-0.415, 0.508, 1.512;
1.683,-0.243,0.209,-0.243,0.209, 0.163,-0.076,-0.256,0.000,0.000,0.000,-0.422, 0.504, 1.512;
1.694,-0.236,0.210,-0.236,0.210, 0.163,-0.076,-0.256,0.000,0.000,0.000,-0.428, 0.500, 1.512;
1.705,-0.228,0.212,-0.228,0.212, 0.163,-0.076,-0.256,0.000,0.000,0.000,-0.434, 0.496, 1.512;
1.717,-0.221,0.214,-0.221,0.214, 0.163,-0.076,-0.256,0.000,0.000,0.000,-0.440, 0.492, 1.512;
1.728,-0.213,0.215,-0.213,0.215, 0.163,-0.076,-0.256,0.000,0.000,0.000,-0.445, 0.488, 1.512;
1.739,-0.206,0.216,-0.206,0.216, 0.163,-0.076,-0.256,0.000,0.000,0.000,-0.451, 0.484, 1.512;
1.750,-0.199,0.218,-0.199,0.218, 0.163,-0.076,-0.256,0.000,0.000,0.000,-0.457, 0.480, 1.512;
1.762,-0.191,0.219,-0.191,0.219, 0.163,-0.076,-0.256,0.000,0.000,0.000,-0.463, 0.476, 1.512;
1.773,-0.183,0.220,-0.183,0.220, 0.163,-0.076,-0.256,0.000,0.000,0.000,-0.468, 0.472, 1.512;
1.796,-0.168,0.222,-0.168,0.222, 0.163,-0.076,-0.256,0.000,0.000,0.000,-0.480, 0.463, 1.512;
1.799,-0.166,0.222,-0.166,0.222, 0.163,-0.076,-0.256,0.000,0.000,0.000,-0.481, 0.461, 1.512;
1.811,-0.158,0.223,-0.158,0.223, 0.163,-0.076,-0.256,0.000,0.000,0.000,-0.487, 0.457, 1.512;
1.823,-0.150,0.223,-0.150,0.223, 0.163,-0.076,-0.256,0.000,0.000,0.000,-0.492, 0.452, 1.512;
1.834,-0.142,0.224,-0.142,0.224, 0.163,-0.076,-0.256,0.000,0.000,0.000,-0.498, 0.447, 1.512;
1.846,-0.134,0.224,-0.134,0.224, 0.163,-0.076,-0.256,0.000,0.000,0.000,-0.504, 0.442, 1.512;
1.868,-0.119,0.224,-0.119,0.224, 0.163,-0.076,-0.256,0.000,0.000,0.000,-0.513, 0.433, 1.512;
1.879,-0.112,0.224,-0.112,0.224, 0.163,-0.076,-0.256,0.000,0.000,0.000,-0.518, 0.428, 1.512;
1.892,-0.103,0.224,-0.103,0.224, 0.163,-0.076,-0.256,0.000,0.000,0.000,-0.524, 0.422, 1.512;
1.904,-0.095,0.224,-0.095,0.224, 0.163,-0.076,-0.256,0.000,0.000,0.000,-0.529, 0.416, 1.512;
1.915,-0.087,0.224,-0.087,0.224, 0.163,-0.076,-0.256,0.000,0.000,0.000,-0.534, 0.411, 1.512;
1.928,-0.079,0.223,-0.079,0.223, 0.163,-0.076,-0.256,0.000,0.000,0.000,-0.539, 0.405, 1.512;
1.940,-0.071,0.223,-0.071,0.223, 0.163,-0.076,-0.256,0.000,0.000,0.000,-0.544, 0.400, 1.512;
1.952,-0.063,0.222,-0.063,0.222, 0.163,-0.076,-0.256,0.000,0.000,0.000,-0.549, 0.394, 1.512;
1.964,-0.055,0.221,-0.055,0.221, 0.163,-0.076,-0.256,0.000,0.000,0.000,-0.554, 0.388, 1.512;
1.975,-0.047,0.220,-0.047,0.220, 0.163,-0.076,-0.256,0.000,0.000,0.000,-0.558, 0.382, 1.512;
1.987,-0.039,0.219,-0.039,0.219, 0.163,-0.076,-0.256,0.000,0.000,0.000,-0.563, 0.376, 1.512;
1.999,-0.031,0.218,-0.031,0.218, 0.163,-0.076,-0.256,0.000,0.000,0.000,-0.567, 0.370, 1.512;
2.011,-0.023,0.217,-0.023,0.217, 0.163,-0.076,-0.256,0.000,0.000,0.000,-0.571, 0.364, 1.512;
2.024,-0.014,0.215,-0.014,0.215, 0.163,-0.076,-0.256,0.000,0.000,0.000,-0.576, 0.357, 1.512;
2.037,-0.006,0.213,-0.006,0.213, 0.163,-0.076,-0.256,0.000,0.000,0.000,-0.581, 0.351, 1.512;
2.049,0.002,0.212,0.002,0.212, 0.163,-0.076,-0.256,0.000,0.000,0.000,-0.585, 0.345, 1.512;
2.062,0.011,0.210,0.011,0.210, 0.163,-0.076,-0.256,0.000,0.000,0.000,-0.589, 0.338, 1.512;
2.074,0.019,0.208,0.019,0.208, 0.163,-0.076,-0.256,0.000,0.000,0.000,-0.593, 0.331, 1.512;
2.087,0.027,0.205,0.027,0.205, 0.163,-0.076,-0.256,0.000,0.000,0.000,-0.597, 0.324, 1.512;
2.098,0.035,0.203,0.035,0.203, 0.163,-0.076,-0.256,0.000,0.000,0.000,-0.601, 0.318, 1.512;
2.110,0.042,0.201,0.042,0.201, 0.163,-0.076,-0.256,0.000,0.000,0.000,-0.604, 0.311, 1.512;
2.121,0.049,0.199,0.049,0.199, 0.163,-0.076,-0.256,0.000,0.000,0.000,-0.607, 0.305, 1.512;
2.134,0.058,0.196,0.058,0.196, 0.163,-0.076,-0.256,0.000,0.000,0.000,-0.611, 0.298, 1.512;
2.147,0.066,0.193,0.066,0.193, 0.163,-0.076,-0.256,0.000,0.000,0.000,-0.615, 0.290, 1.512;
2.160,0.074,0.190,0.074,0.190, 0.163,-0.076,-0.256,0.000,0.000,0.000,-0.618, 0.283, 1.512;
2.173,0.082,0.187,0.082,0.187, 0.163,-0.076,-0.256,0.000,0.000,0.000,-0.621, 0.276, 1.512;
2.185,0.090,0.184,0.090,0.184, 0.163,-0.076,-0.256,0.000,0.000,0.000,-0.624, 0.268, 1.512;
2.198,0.098,0.181,0.098,0.181, 0.163,-0.076,-0.256,0.000,0.000,0.000,-0.627, 0.261, 1.512;
2.210,0.106,0.177,0.106,0.177, 0.163,-0.076,-0.256,0.000,0.000,0.000,-0.630, 0.254, 1.512;
2.215,0.108,0.176,0.108,0.176, 0.163,-0.076,-0.256,0.000,0.000,0.000,-0.631, 0.251, 1.512;
2.225,0.115,0.173,0.115,0.173, 0.163,-0.076,-0.256,0.000,0.000,0.000,-0.633, 0.245, 1.512;
2.247,0.128,0.167,0.128,0.167, 0.163,-0.076,-0.256,0.000,0.000,0.000,-0.638, 0.232, 1.512;
2.259,0.135,0.163,0.135,0.163, 0.163,-0.076,-0.256,0.000,0.000,0.000,-0.640, 0.225, 1.512;
2.272,0.143,0.159,0.143,0.159, 0.163,-0.076,-0.256,0.000,0.000,0.000,-0.642, 0.217, 1.512;
2.283,0.150,0.155,0.150,0.155, 0.163,-0.076,-0.256,0.000,0.000,0.000,-0.644, 0.211, 1.512;
2.295,0.157,0.151,0.157,0.151, 0.163,-0.076,-0.256,0.000,0.000,0.000,-0.646, 0.203, 1.512;
2.308,0.164,0.147,0.164,0.147, 0.163,-0.076,-0.256,0.000,0.000,0.000,-0.648, 0.195, 1.512;
2.312,0.166,0.145,0.166,0.145, 0.163,-0.076,-0.256,0.000,0.000,0.000,-0.649, 0.193, 1.512;
2.324,0.173,0.141,0.173,0.141, 0.163,-0.076,-0.256,0.000,0.000,0.000,-0.651, 0.186, 1.512;
2.335,0.180,0.137,0.180,0.137, 0.163,-0.076,-0.256,0.000,0.000,0.000,-0.652, 0.179, 1.512;
2.358,0.192,0.128,0.192,0.128, 0.163,-0.076,-0.256,0.000,0.000,0.000,-0.655, 0.165, 1.512;
2.360,0.194,0.127,0.194,0.127, 0.163,-0.076,-0.256,0.000,0.000,0.000,-0.655, 0.163, 1.512;
2.373,0.201,0.122,0.201,0.122, 0.163,-0.076,-0.256,0.000,0.000,0.000,-0.657, 0.155, 1.512;
2.384,0.207,0.118,0.207,0.118, 0.163,-0.076,-0.256,0.000,0.000,0.000,-0.658, 0.148, 1.512;
2.407,0.219,0.109,0.219,0.109, 0.163,-0.076,-0.256,0.000,0.000,0.000,-0.660, 0.134, 1.512;
2.411,0.221,0.107,0.221,0.107, 0.163,-0.076,-0.256,0.000,0.000,0.000,-0.660, 0.132, 1.512;
2.422,0.227,0.102,0.227,0.102, 0.163,-0.076,-0.256,0.000,0.000,0.000,-0.661, 0.125, 1.512;
2.434,0.234,0.097,0.234,0.097, 0.163,-0.076,-0.256,0.000,0.000,0.000,-0.661, 0.117, 1.512;
2.446,0.239,0.092,0.239,0.092, 0.163,-0.076,-0.256,0.000,0.000,0.000,-0.662, 0.110, 1.512;
2.468,0.251,0.081,0.251,0.081, 0.163,-0.076,-0.256,0.000,0.000,0.000,-0.663, 0.096, 1.512;
2.474,0.253,0.079,0.253,0.079, 0.163,-0.076,-0.256,0.000,0.000,0.000,-0.663, 0.092, 1.512;
2.485,0.259,0.074,0.259,0.074, 0.163,-0.076,-0.256,0.000,0.000,0.000,-0.663, 0.085, 1.512;
2.497,0.265,0.068,0.265,0.068, 0.163,-0.076,-0.256,0.000,0.000,0.000,-0.663, 0.078, 1.512;
2.508,0.270,0.063,0.270,0.063, 0.163,-0.076,-0.256,0.000,0.000,0.000,-0.663, 0.071, 1.512;
2.520,0.275,0.057,0.275,0.057, 0.163,-0.076,-0.256,0.000,0.000,0.000,-0.663, 0.064, 1.512;
2.533,0.282,0.051,0.282,0.051, 0.163,-0.076,-0.256,0.000,0.000,0.000,-0.663, 0.055, 1.512;
2.544,0.287,0.045,0.287,0.045, 0.163,-0.076,-0.256,0.000,0.000,0.000,-0.662, 0.048, 1.512;
2.555,0.292,0.039,0.292,0.039, 0.163,-0.076,-0.256,0.000,0.000,0.000,-0.662, 0.041, 1.512;
2.577,0.301,0.028,0.301,0.028, 0.163,-0.076,-0.256,0.000,0.000,0.000,-0.661, 0.027, 1.512;
2.581,0.303,0.026,0.303,0.026, 0.163,-0.076,-0.256,0.000,0.000,0.000,-0.660, 0.025, 1.512;
2.592,0.307,0.020,0.307,0.020, 0.163,-0.076,-0.256,0.000,0.000,0.000,-0.660, 0.018, 1.512;
2.614,0.316,0.009,0.316,0.009, 0.163,-0.076,-0.256,0.000,0.000,0.000,-0.658, 0.005, 1.512;
2.626,0.321,0.002,0.321,0.002, 0.163,-0.076,-0.256,0.000,0.000,0.000,-0.657,-0.003, 1.512;
2.631,0.323,-0.001,0.323,-0.001, 0.163,-0.076,-0.256,0.000,0.000,0.000,-0.656,-0.006, 1.512;
2.642,0.328,-0.007,0.328,-0.007, 0.163,-0.076,-0.256,0.000,0.000,0.000,-0.655,-0.013, 1.512;
2.653,0.332,-0.013,0.332,-0.013, 0.163,-0.076,-0.256,0.000,0.000,0.000,-0.654,-0.020, 1.512;
2.675,0.340,-0.025,0.340,-0.025, 0.163,-0.076,-0.256,0.000,0.000,0.000,-0.651,-0.033, 1.512;
2.687,0.344,-0.033,0.344,-0.033, 0.163,-0.076,-0.256,0.000,0.000,0.000,-0.649,-0.041, 1.512;
2.699,0.348,-0.039,0.348,-0.039, 0.163,-0.076,-0.256,0.000,0.000,0.000,-0.647,-0.048, 1.512;
2.710,0.352,-0.046,0.352,-0.046, 0.163,-0.076,-0.256,0.000,0.000,0.000,-0.646,-0.055, 1.512;
2.723,0.357,-0.054,0.357,-0.054, 0.163,-0.076,-0.256,0.000,0.000,0.000,-0.643,-0.063, 1.512;
2.737,0.361,-0.061,0.361,-0.061, 0.163,-0.076,-0.256,0.000,0.000,0.000,-0.641,-0.071, 1.512;
2.740,0.362,-0.063,0.362,-0.063, 0.163,-0.076,-0.256,0.000,0.000,0.000,-0.640,-0.072, 1.512;
2.751,0.365,-0.070,0.365,-0.070, 0.163,-0.076,-0.256,0.000,0.000,0.000,-0.638,-0.079, 1.512;
2.774,0.372,-0.084,0.372,-0.084, 0.163,-0.076,-0.256,0.000,0.000,0.000,-0.634,-0.093, 1.512;
2.778,0.373,-0.086,0.373,-0.086, 0.163,-0.076,-0.256,0.000,0.000,0.000,-0.633,-0.095, 1.512;
2.788,0.376,-0.093,0.376,-0.093, 0.163,-0.076,-0.256,0.000,0.000,0.000,-0.631,-0.101, 1.512;
2.810,0.382,-0.106,0.382,-0.106, 0.163,-0.076,-0.256,0.000,0.000,0.000,-0.626,-0.114, 1.512;
2.823,0.385,-0.114,0.385,-0.114, 0.163,-0.076,-0.256,0.000,0.000,0.000,-0.622,-0.121, 1.512;
2.826,0.386,-0.117,0.386,-0.117, 0.163,-0.076,-0.256,0.000,0.000,0.000,-0.621,-0.123, 1.512;
2.837,0.389,-0.123,0.389,-0.123, 0.163,-0.076,-0.256,0.000,0.000,0.000,-0.619,-0.130, 1.512;
2.859,0.394,-0.137,0.394,-0.137, 0.163,-0.076,-0.256,0.000,0.000,0.000,-0.613,-0.142, 1.512;
2.871,0.397,-0.145,0.397,-0.145, 0.163,-0.076,-0.256,0.000,0.000,0.000,-0.610,-0.149, 1.512;
2.874,0.397,-0.147,0.397,-0.147, 0.163,-0.076,-0.256,0.000,0.000,0.000,-0.609,-0.151, 1.512;
2.895,0.402,-0.161,0.402,-0.161, 0.163,-0.076,-0.256,0.000,0.000,0.000,-0.602,-0.163, 1.512;
2.908,0.404,-0.169,0.404,-0.169, 0.163,-0.076,-0.256,0.000,0.000,0.000,-0.599,-0.169, 1.512;
2.913,0.405,-0.172,0.405,-0.172, 0.163,-0.076,-0.256,0.000,0.000,0.000,-0.597,-0.172, 1.512;
2.925,0.407,-0.180,0.407,-0.180, 0.163,-0.076,-0.256,0.000,0.000,0.000,-0.593,-0.178, 1.512;
2.936,0.409,-0.187,0.409,-0.187, 0.163,-0.076,-0.256,0.000,0.000,0.000,-0.590,-0.184, 1.512;
2.948,0.411,-0.195,0.411,-0.195, 0.163,-0.076,-0.256,0.000,0.000,0.000,-0.586,-0.191, 1.512;
2.959,0.412,-0.203,0.412,-0.203, 0.163,-0.076,-0.256,0.000,0.000,0.000,-0.582,-0.197, 1.512;
2.981,0.415,-0.217,0.415,-0.217, 0.163,-0.076,-0.256,0.000,0.000,0.000,-0.574,-0.209, 1.512;
2.985,0.416,-0.220,0.416,-0.220, 0.163,-0.076,-0.256,0.000,0.000,0.000,-0.573,-0.210, 1.512;
2.996,0.417,-0.227,0.417,-0.227, 0.163,-0.076,-0.256,0.000,0.000,0.000,-0.569,-0.216, 1.512;
3.008,0.418,-0.235,0.418,-0.235, 0.163,-0.076,-0.256,0.000,0.000,0.000,-0.564,-0.222, 1.512;
3.030,0.420,-0.250,0.420,-0.250, 0.163,-0.076,-0.256,0.000,0.000,0.000,-0.556,-0.233, 1.512;
3.033,0.420,-0.252,0.420,-0.252, 0.163,-0.076,-0.256,0.000,0.000,0.000,-0.555,-0.235, 1.512;
3.045,0.421,-0.260,0.421,-0.260, 0.163,-0.076,-0.256,0.000,0.000,0.000,-0.550,-0.241, 1.512;
3.058,0.422,-0.268,0.422,-0.268, 0.163,-0.076,-0.256,0.000,0.000,0.000,-0.545,-0.247, 1.512;
3.069,0.423,-0.276,0.423,-0.276, 0.163,-0.076,-0.256,0.000,0.000,0.000,-0.540,-0.252, 1.512;
3.090,0.423,-0.290,0.423,-0.290, 0.163,-0.076,-0.256,0.000,0.000,0.000,-0.532,-0.262, 1.512;
3.102,0.424,-0.299,0.424,-0.299, 0.163,-0.076,-0.256,0.000,0.000,0.000,-0.526,-0.267, 1.512;
3.113,0.424,-0.306,0.424,-0.306, 0.163,-0.076,-0.256,0.000,0.000,0.000,-0.522,-0.272, 1.512;
3.126,0.424,-0.314,0.424,-0.314, 0.163,-0.076,-0.256,0.000,0.000,0.000,-0.516,-0.278, 1.512;
3.138,0.424,-0.323,0.424,-0.323, 0.163,-0.076,-0.256,0.000,0.000,0.000,-0.511,-0.283, 1.512;
3.150,0.424,-0.331,0.424,-0.331, 0.163,-0.076,-0.256,0.000,0.000,0.000,-0.505,-0.289, 1.512;
3.162,0.423,-0.339,0.423,-0.339, 0.163,-0.076,-0.256,0.000,0.000,0.000,-0.500,-0.294, 1.512;
3.175,0.423,-0.348,0.423,-0.348, 0.163,-0.076,-0.256,0.000,0.000,0.000,-0.494,-0.299, 1.512;
3.187,0.422,-0.356,0.422,-0.356, 0.163,-0.076,-0.256,0.000,0.000,0.000,-0.488,-0.304, 1.512;
3.199,0.421,-0.364,0.421,-0.364, 0.163,-0.076,-0.256,0.000,0.000,0.000,-0.482,-0.309, 1.512;
3.212,0.421,-0.372,0.421,-0.372, 0.163,-0.076,-0.256,0.000,0.000,0.000,-0.476,-0.314, 1.512;
3.223,0.420,-0.380,0.420,-0.380, 0.163,-0.076,-0.256,0.000,0.000,0.000,-0.470,-0.319, 1.512;
3.236,0.419,-0.388,0.419,-0.388, 0.163,-0.076,-0.256,0.000,0.000,0.000,-0.464,-0.323, 1.512;
3.248,0.417,-0.397,0.417,-0.397, 0.163,-0.076,-0.256,0.000,0.000,0.000,-0.458,-0.328, 1.512;
3.260,0.416,-0.405,0.416,-0.405, 0.163,-0.076,-0.256,0.000,0.000,0.000,-0.452,-0.332, 1.512;
3.273,0.415,-0.414,0.415,-0.414, 0.163,-0.076,-0.256,0.000,0.000,0.000,-0.445,-0.337, 1.512;
3.285,0.413,-0.422,0.413,-0.422, 0.163,-0.076,-0.256,0.000,0.000,0.000,-0.439,-0.341, 1.512;
3.299,0.411,-0.431,0.411,-0.431, 0.163,-0.076,-0.256,0.000,0.000,0.000,-0.431,-0.346, 1.512;
3.311,0.409,-0.439,0.409,-0.439, 0.163,-0.076,-0.256,0.000,0.000,0.000,-0.425,-0.350, 1.512;
3.323,0.407,-0.446,0.407,-0.446, 0.163,-0.076,-0.256,0.000,0.000,0.000,-0.419,-0.354, 1.512;
3.335,0.405,-0.454,0.405,-0.454, 0.163,-0.076,-0.256,0.000,0.000,0.000,-0.412,-0.358, 1.512;
3.339,0.405,-0.457,0.405,-0.457, 0.163,-0.076,-0.256,0.000,0.000,0.000,-0.410,-0.359, 1.512;
3.361,0.400,-0.471,0.400,-0.471, 0.163,-0.076,-0.256,0.000,0.000,0.000,-0.398,-0.366, 1.512;
3.366,0.399,-0.474,0.399,-0.474, 0.163,-0.076,-0.256,0.000,0.000,0.000,-0.395,-0.367, 1.512;
3.377,0.397,-0.481,0.397,-0.481, 0.163,-0.076,-0.256,0.000,0.000,0.000,-0.389,-0.370, 1.512;
3.388,0.395,-0.489,0.395,-0.489, 0.163,-0.076,-0.256,0.000,0.000,0.000,-0.382,-0.373, 1.512;
3.399,0.392,-0.496,0.392,-0.496, 0.163,-0.076,-0.256,0.000,0.000,0.000,-0.376,-0.376, 1.512;
3.421,0.387,-0.510,0.387,-0.510, 0.163,-0.076,-0.256,0.000,0.000,0.000,-0.364,-0.382, 1.512;
3.433,0.384,-0.517,0.384,-0.517, 0.163,-0.076,-0.256,0.000,0.000,0.000,-0.357,-0.385, 1.512;
3.445,0.381,-0.525,0.381,-0.525, 0.163,-0.076,-0.256,0.000,0.000,0.000,-0.350,-0.388, 1.512;
3.459,0.377,-0.533,0.377,-0.533, 0.163,-0.076,-0.256,0.000,0.000,0.000,-0.342,-0.391, 1.512;
3.463,0.376,-0.536,0.376,-0.536, 0.163,-0.076,-0.256,0.000,0.000,0.000,-0.339,-0.392, 1.512;
3.473,0.373,-0.542,0.373,-0.542, 0.163,-0.076,-0.256,0.000,0.000,0.000,-0.333,-0.394, 1.512;
3.485,0.370,-0.549,0.370,-0.549, 0.163,-0.076,-0.256,0.000,0.000,0.000,-0.327,-0.397, 1.512;
3.507,0.363,-0.562,0.363,-0.562, 0.163,-0.076,-0.256,0.000,0.000,0.000,-0.313,-0.401, 1.512;
3.519,0.359,-0.570,0.359,-0.570, 0.163,-0.076,-0.256,0.000,0.000,0.000,-0.306,-0.403, 1.512;
3.531,0.355,-0.577,0.355,-0.577, 0.163,-0.076,-0.256,0.000,0.000,0.000,-0.299,-0.405, 1.512;
3.542,0.351,-0.583,0.351,-0.583, 0.163,-0.076,-0.256,0.000,0.000,0.000,-0.292,-0.407, 1.512;
3.554,0.347,-0.590,0.347,-0.590, 0.163,-0.076,-0.256,0.000,0.000,0.000,-0.285,-0.409, 1.512;
3.566,0.343,-0.597,0.343,-0.597, 0.163,-0.076,-0.256,0.000,0.000,0.000,-0.277,-0.411, 1.512;
3.578,0.339,-0.604,0.339,-0.604, 0.163,-0.076,-0.256,0.000,0.000,0.000,-0.270,-0.413, 1.512;
3.591,0.334,-0.612,0.334,-0.612, 0.163,-0.076,-0.256,0.000,0.000,0.000,-0.262,-0.414, 1.512;
3.605,0.329,-0.619,0.329,-0.619, 0.163,-0.076,-0.256,0.000,0.000,0.000,-0.254,-0.416, 1.512;
3.608,0.328,-0.621,0.328,-0.621, 0.163,-0.076,-0.256,0.000,0.000,0.000,-0.252,-0.416, 1.512;
3.620,0.323,-0.628,0.323,-0.628, 0.163,-0.076,-0.256,0.000,0.000,0.000,-0.244,-0.417, 1.512;
3.631,0.319,-0.634,0.319,-0.634, 0.163,-0.076,-0.256,0.000,0.000,0.000,-0.237,-0.419, 1.512;
3.654,0.309,-0.646,0.309,-0.646, 0.163,-0.076,-0.256,0.000,0.000,0.000,-0.223,-0.421, 1.512;
3.659,0.307,-0.649,0.307,-0.649, 0.163,-0.076,-0.256,0.000,0.000,0.000,-0.220,-0.421, 1.512;
3.669,0.303,-0.654,0.303,-0.654, 0.163,-0.076,-0.256,0.000,0.000,0.000,-0.213,-0.422, 1.512;
3.681,0.298,-0.660,0.298,-0.660, 0.163,-0.076,-0.256,0.000,0.000,0.000,-0.206,-0.422, 1.512;
3.692,0.293,-0.666,0.293,-0.666, 0.163,-0.076,-0.256,0.000,0.000,0.000,-0.199,-0.423, 1.512;
3.714,0.283,-0.677,0.283,-0.677, 0.163,-0.076,-0.256,0.000,0.000,0.000,-0.186,-0.424, 1.512;
3.726,0.278,-0.683,0.278,-0.683, 0.163,-0.076,-0.256,0.000,0.000,0.000,-0.178,-0.424, 1.512;
3.738,0.272,-0.689,0.272,-0.689, 0.163,-0.076,-0.256,0.000,0.000,0.000,-0.170,-0.424, 1.512;
3.750,0.266,-0.695,0.266,-0.695, 0.163,-0.076,-0.256,0.000,0.000,0.000,-0.163,-0.424, 1.512;
3.764,0.260,-0.701,0.260,-0.701, 0.163,-0.076,-0.256,0.000,0.000,0.000,-0.154,-0.424, 1.512;
3.777,0.253,-0.707,0.253,-0.707, 0.163,-0.076,-0.256,0.000,0.000,0.000,-0.146,-0.424, 1.512;
3.789,0.247,-0.713,0.247,-0.713, 0.163,-0.076,-0.256,0.000,0.000,0.000,-0.139,-0.424, 1.512;
3.792,0.246,-0.714,0.246,-0.714, 0.163,-0.076,-0.256,0.000,0.000,0.000,-0.137,-0.423, 1.512;
3.803,0.240,-0.719,0.240,-0.719, 0.163,-0.076,-0.256,0.000,0.000,0.000,-0.130,-0.423, 1.512;
3.825,0.229,-0.729,0.229,-0.729, 0.163,-0.076,-0.256,0.000,0.000,0.000,-0.116,-0.422, 1.512;
3.828,0.227,-0.730,0.227,-0.730, 0.163,-0.076,-0.256,0.000,0.000,0.000,-0.114,-0.422, 1.512;
3.839,0.221,-0.735,0.221,-0.735, 0.163,-0.076,-0.256,0.000,0.000,0.000,-0.107,-0.421, 1.512;
3.861,0.210,-0.744,0.210,-0.744, 0.163,-0.076,-0.256,0.000,0.000,0.000,-0.093,-0.419, 1.512;
3.873,0.203,-0.749,0.203,-0.749, 0.163,-0.076,-0.256,0.000,0.000,0.000,-0.086,-0.418, 1.512;
3.886,0.196,-0.754,0.196,-0.754, 0.163,-0.076,-0.256,0.000,0.000,0.000,-0.078,-0.417, 1.512;
3.889,0.194,-0.755,0.194,-0.755, 0.163,-0.076,-0.256,0.000,0.000,0.000,-0.076,-0.416, 1.512;
3.900,0.188,-0.759,0.188,-0.759, 0.163,-0.076,-0.256,0.000,0.000,0.000,-0.069,-0.415, 1.512;
3.922,0.176,-0.767,0.176,-0.767, 0.163,-0.076,-0.256,0.000,0.000,0.000,-0.055,-0.412, 1.512;
3.934,0.169,-0.772,0.169,-0.772, 0.163,-0.076,-0.256,0.000,0.000,0.000,-0.048,-0.411, 1.512;
3.947,0.161,-0.776,0.161,-0.776, 0.163,-0.076,-0.256,0.000,0.000,0.000,-0.041,-0.409, 1.512;
3.959,0.154,-0.780,0.154,-0.780, 0.163,-0.076,-0.256,0.000,0.000,0.000,-0.033,-0.407, 1.512;
3.971,0.147,-0.784,0.147,-0.784, 0.163,-0.076,-0.256,0.000,0.000,0.000,-0.026,-0.405, 1.512;
3.983,0.140,-0.788,0.140,-0.788, 0.163,-0.076,-0.256,0.000,0.000,0.000,-0.019,-0.403, 1.512;
3.994,0.133,-0.792,0.133,-0.792, 0.163,-0.076,-0.256,0.000,0.000,0.000,-0.012,-0.401, 1.512;
4.007,0.126,-0.795,0.126,-0.795, 0.163,-0.076,-0.256,0.000,0.000,0.000,-0.004,-0.398, 1.512;
4.018,0.119,-0.799,0.119,-0.799, 0.163,-0.076,-0.256,0.000,0.000,0.000, 0.002,-0.396, 1.512;
4.030,0.112,-0.802,0.112,-0.802, 0.163,-0.076,-0.256,0.000,0.000,0.000, 0.009,-0.393, 1.512;
4.043,0.104,-0.806,0.104,-0.806, 0.163,-0.076,-0.256,0.000,0.000,0.000, 0.017,-0.391, 1.512;
4.055,0.096,-0.809,0.096,-0.809, 0.163,-0.076,-0.256,0.000,0.000,0.000, 0.024,-0.388, 1.512;
4.066,0.089,-0.812,0.089,-0.812, 0.163,-0.076,-0.256,0.000,0.000,0.000, 0.031,-0.385, 1.512;
4.079,0.081,-0.815,0.081,-0.815, 0.163,-0.076,-0.256,0.000,0.000,0.000, 0.038,-0.382, 1.512;
4.091,0.074,-0.818,0.074,-0.818, 0.163,-0.076,-0.256,0.000,0.000,0.000, 0.045,-0.379, 1.512;
4.103,0.066,-0.821,0.066,-0.821, 0.163,-0.076,-0.256,0.000,0.000,0.000, 0.051,-0.376, 1.512;
4.115,0.059,-0.824,0.059,-0.824, 0.163,-0.076,-0.256,0.000,0.000,0.000, 0.058,-0.373, 1.512;
4.126,0.051,-0.826,0.051,-0.826, 0.163,-0.076,-0.256,0.000,0.000,0.000, 0.065,-0.369, 1.512;
4.138,0.043,-0.829,0.043,-0.829, 0.163,-0.076,-0.256,0.000,0.000,0.000, 0.072,-0.366, 1.512;
4.150,0.036,-0.831,0.036,-0.831, 0.163,-0.076,-0.256,0.000,0.000,0.000, 0.078,-0.362, 1.512;
4.161,0.029,-0.833,0.029,-0.833, 0.163,-0.076,-0.256,0.000,0.000,0.000, 0.084,-0.359, 1.512;
4.173,0.021,-0.835,0.021,-0.835, 0.163,-0.076,-0.256,0.000,0.000,0.000, 0.090,-0.355, 1.512;
4.184,0.013,-0.837,0.013,-0.837, 0.163,-0.076,-0.256,0.000,0.000,0.000, 0.097,-0.351, 1.512;
4.196,0.006,-0.839,0.006,-0.839, 0.163,-0.076,-0.256,0.000,0.000,0.000, 0.103,-0.348, 1.512;
4.208,-0.002,-0.840,-0.002,-0.840, 0.163,-0.076,-0.256,0.000,0.000,0.000, 0.109,-0.344, 1.512;
4.219,-0.010,-0.842,-0.010,-0.842, 0.163,-0.076,-0.256,0.000,0.000,0.000, 0.115,-0.340, 1.512;
4.230,-0.017,-0.843,-0.017,-0.843, 0.163,-0.076,-0.256,0.000,0.000,0.000, 0.121,-0.336, 1.512;
4.252,-0.032,-0.846,-0.032,-0.846, 0.163,-0.076,-0.256,0.000,0.000,0.000, 0.132,-0.328, 1.512;
4.264,-0.040,-0.847,-0.040,-0.847, 0.163,-0.076,-0.256,0.000,0.000,0.000, 0.138,-0.323, 1.512;
4.276,-0.048,-0.848,-0.048,-0.848, 0.163,-0.076,-0.256,0.000,0.000,0.000, 0.144,-0.319, 1.512;
4.288,-0.056,-0.849,-0.056,-0.849, 0.163,-0.076,-0.256,0.000,0.000,0.000, 0.150,-0.314, 1.512;
4.302,-0.065,-0.850,-0.065,-0.850, 0.163,-0.076,-0.256,0.000,0.000,0.000, 0.157,-0.309, 1.512;
4.307,-0.069,-0.850,-0.069,-0.850, 0.163,-0.076,-0.256,0.000,0.000,0.000, 0.159,-0.306, 1.512;
4.317,-0.075,-0.851,-0.075,-0.851, 0.163,-0.076,-0.256,0.000,0.000,0.000, 0.164,-0.303, 1.512;
4.339,-0.090,-0.852,-0.090,-0.852, 0.163,-0.076,-0.256,0.000,0.000,0.000, 0.174,-0.293, 1.512;
4.341,-0.092,-0.852,-0.092,-0.852, 0.163,-0.076,-0.256,0.000,0.000,0.000, 0.175,-0.292, 1.512;
4.353,-0.099,-0.852,-0.099,-0.852, 0.163,-0.076,-0.256,0.000,0.000,0.000, 0.181,-0.287, 1.512;
4.374,-0.114,-0.852,-0.114,-0.852, 0.163,-0.076,-0.256,0.000,0.000,0.000, 0.190,-0.278, 1.512;
4.386,-0.122,-0.852,-0.122,-0.852, 0.163,-0.076,-0.256,0.000,0.000,0.000, 0.195,-0.273, 1.512;
4.399,-0.130,-0.852,-0.130,-0.852, 0.163,-0.076,-0.256,0.000,0.000,0.000, 0.201,-0.267, 1.512;
4.411,-0.139,-0.852,-0.139,-0.852, 0.163,-0.076,-0.256,0.000,0.000,0.000, 0.206,-0.261, 1.512;
4.423,-0.147,-0.851,-0.147,-0.851, 0.163,-0.076,-0.256,0.000,0.000,0.000, 0.211,-0.256, 1.512;
4.436,-0.155,-0.851,-0.155,-0.851, 0.163,-0.076,-0.256,0.000,0.000,0.000, 0.217,-0.250, 1.512;
4.447,-0.163,-0.850,-0.163,-0.850, 0.163,-0.076,-0.256,0.000,0.000,0.000, 0.221,-0.244, 1.512;
4.459,-0.171,-0.849,-0.171,-0.849, 0.163,-0.076,-0.256,0.000,0.000,0.000, 0.226,-0.238, 1.512;
4.471,-0.179,-0.848,-0.179,-0.848, 0.163,-0.076,-0.256,0.000,0.000,0.000, 0.231,-0.232, 1.512;
4.483,-0.188,-0.847,-0.188,-0.847, 0.163,-0.076,-0.256,0.000,0.000,0.000, 0.235,-0.226, 1.512;
4.495,-0.195,-0.846,-0.195,-0.846, 0.163,-0.076,-0.256,0.000,0.000,0.000, 0.240,-0.220, 1.512;
4.507,-0.203,-0.845,-0.203,-0.845, 0.163,-0.076,-0.256,0.000,0.000,0.000, 0.244,-0.214, 1.512;
4.519,-0.211,-0.843,-0.211,-0.843, 0.163,-0.076,-0.256,0.000,0.000,0.000, 0.248,-0.208, 1.512;
4.531,-0.219,-0.842,-0.219,-0.842, 0.163,-0.076,-0.256,0.000,0.000,0.000, 0.253,-0.202, 1.512;
4.544,-0.228,-0.840,-0.228,-0.840, 0.163,-0.076,-0.256,0.000,0.000,0.000, 0.257,-0.195, 1.512;
4.556,-0.236,-0.838,-0.236,-0.838, 0.163,-0.076,-0.256,0.000,0.000,0.000, 0.261,-0.189, 1.512;
4.569,-0.244,-0.836,-0.244,-0.836, 0.163,-0.076,-0.256,0.000,0.000,0.000, 0.265,-0.182, 1.512;
4.581,-0.252,-0.834,-0.252,-0.834, 0.163,-0.076,-0.256,0.000,0.000,0.000, 0.269,-0.175, 1.512;
4.594,-0.261,-0.832,-0.261,-0.832, 0.163,-0.076,-0.256,0.000,0.000,0.000, 0.273,-0.168, 1.512;
4.607,-0.269,-0.829,-0.269,-0.829, 0.163,-0.076,-0.256,0.000,0.000,0.000, 0.277,-0.161, 1.512;
4.619,-0.277,-0.827,-0.277,-0.827, 0.163,-0.076,-0.256,0.000,0.000,0.000, 0.281,-0.155, 1.512;
4.630,-0.284,-0.825,-0.284,-0.825, 0.163,-0.076,-0.256,0.000,0.000,0.000, 0.284,-0.148, 1.512;
4.642,-0.292,-0.822,-0.292,-0.822, 0.163,-0.076,-0.256,0.000,0.000,0.000, 0.287,-0.141, 1.512;
4.654,-0.300,-0.819,-0.300,-0.819, 0.163,-0.076,-0.256,0.000,0.000,0.000, 0.291,-0.134, 1.512;
4.666,-0.307,-0.817,-0.307,-0.817, 0.163,-0.076,-0.256,0.000,0.000,0.000, 0.294,-0.128, 1.512;
4.677,-0.314,-0.814,-0.314,-0.814, 0.163,-0.076,-0.256,0.000,0.000,0.000, 0.297,-0.121, 1.512;
4.689,-0.321,-0.811,-0.321,-0.811, 0.163,-0.076,-0.256,0.000,0.000,0.000, 0.299,-0.115, 1.512;
4.700,-0.328,-0.808,-0.328,-0.808, 0.163,-0.076,-0.256,0.000,0.000,0.000, 0.302,-0.108, 1.512;
4.711,-0.335,-0.805,-0.335,-0.805, 0.163,-0.076,-0.256,0.000,0.000,0.000, 0.304,-0.102, 1.512;
4.722,-0.342,-0.802,-0.342,-0.802, 0.163,-0.076,-0.256,0.000,0.000,0.000, 0.307,-0.095, 1.512;
4.733,-0.348,-0.799,-0.348,-0.799, 0.163,-0.076,-0.256,0.000,0.000,0.000, 0.309,-0.089, 1.512;
4.754,-0.361,-0.792,-0.361,-0.792, 0.163,-0.076,-0.256,0.000,0.000,0.000, 0.313,-0.076, 1.512;
4.765,-0.368,-0.789,-0.368,-0.789, 0.163,-0.076,-0.256,0.000,0.000,0.000, 0.315,-0.070, 1.512;
4.776,-0.375,-0.785,-0.375,-0.785, 0.163,-0.076,-0.256,0.000,0.000,0.000, 0.317,-0.063, 1.512;
4.790,-0.382,-0.781,-0.382,-0.781, 0.163,-0.076,-0.256,0.000,0.000,0.000, 0.320,-0.055, 1.512;
4.801,-0.389,-0.777,-0.389,-0.777, 0.163,-0.076,-0.256,0.000,0.000,0.000, 0.321,-0.048, 1.512;
4.812,-0.395,-0.773,-0.395,-0.773, 0.163,-0.076,-0.256,0.000,0.000,0.000, 0.323,-0.041, 1.512;
4.823,-0.402,-0.769,-0.402,-0.769, 0.163,-0.076,-0.256,0.000,0.000,0.000, 0.325,-0.034, 1.512;
4.834,-0.408,-0.765,-0.408,-0.765, 0.163,-0.076,-0.256,0.000,0.000,0.000, 0.326,-0.028, 1.512;
4.846,-0.415,-0.761,-0.415,-0.761, 0.163,-0.076,-0.256,0.000,0.000,0.000, 0.328,-0.020, 1.512;
4.857,-0.421,-0.756,-0.421,-0.756, 0.163,-0.076,-0.256,0.000,0.000,0.000, 0.329,-0.013, 1.512;
4.868,-0.427,-0.752,-0.427,-0.752, 0.163,-0.076,-0.256,0.000,0.000,0.000, 0.330,-0.007, 1.512;
4.879,-0.433,-0.748,-0.433,-0.748, 0.163,-0.076,-0.256,0.000,0.000,0.000, 0.331, 0.000, 1.512;
4.901,-0.445,-0.739,-0.445,-0.739, 0.163,-0.076,-0.256,0.000,0.000,0.000, 0.333, 0.014, 1.512;
4.913,-0.451,-0.734,-0.451,-0.734, 0.163,-0.076,-0.256,0.000,0.000,0.000, 0.334, 0.021, 1.512;
4.924,-0.457,-0.729,-0.457,-0.729, 0.163,-0.076,-0.256,0.000,0.000,0.000, 0.335, 0.028, 1.512;
4.936,-0.463,-0.724,-0.463,-0.724, 0.163,-0.076,-0.256,0.000,0.000,0.000, 0.335, 0.036, 1.512;
4.948,-0.469,-0.719,-0.469,-0.719, 0.163,-0.076,-0.256,0.000,0.000,0.000, 0.336, 0.043, 1.512;
4.960,-0.475,-0.713,-0.475,-0.713, 0.163,-0.076,-0.256,0.000,0.000,0.000, 0.336, 0.051, 1.512;
4.973,-0.482,-0.707,-0.482,-0.707, 0.163,-0.076,-0.256,0.000,0.000,0.000, 0.337, 0.059, 1.512;
4.987,-0.489,-0.701,-0.489,-0.701, 0.163,-0.076,-0.256,0.000,0.000,0.000, 0.337, 0.068, 1.512;
4.991,-0.490,-0.699,-0.490,-0.699, 0.163,-0.076,-0.256,0.000,0.000,0.000, 0.337, 0.070, 1.512;
5.002,-0.496,-0.694,-0.496,-0.694, 0.163,-0.076,-0.256,0.000,0.000,0.000, 0.337, 0.077, 1.512;
5.013,-0.501,-0.688,-0.501,-0.688, 0.163,-0.076,-0.256,0.000,0.000,0.000, 0.337, 0.084, 1.512;
5.035,-0.511,-0.677,-0.511,-0.677, 0.163,-0.076,-0.256,0.000,0.000,0.000, 0.337, 0.098, 1.512;
5.047,-0.517,-0.671,-0.517,-0.671, 0.163,-0.076,-0.256,0.000,0.000,0.000, 0.336, 0.105, 1.512;
5.058,-0.522,-0.666,-0.522,-0.666, 0.163,-0.076,-0.256,0.000,0.000,0.000, 0.336, 0.112, 1.512;
5.070,-0.527,-0.659,-0.527,-0.659, 0.163,-0.076,-0.256,0.000,0.000,0.000, 0.335, 0.120, 1.512;
5.083,-0.532,-0.653,-0.532,-0.653, 0.163,-0.076,-0.256,0.000,0.000,0.000, 0.334, 0.128, 1.512;
5.095,-0.538,-0.647,-0.538,-0.647, 0.163,-0.076,-0.256,0.000,0.000,0.000, 0.334, 0.135, 1.512;
5.107,-0.543,-0.640,-0.543,-0.640, 0.163,-0.076,-0.256,0.000,0.000,0.000, 0.333, 0.143, 1.512;
5.120,-0.548,-0.633,-0.548,-0.633, 0.163,-0.076,-0.256,0.000,0.000,0.000, 0.331, 0.151, 1.512;
5.132,-0.553,-0.626,-0.553,-0.626, 0.163,-0.076,-0.256,0.000,0.000,0.000, 0.330, 0.159, 1.512;
5.144,-0.557,-0.620,-0.557,-0.620, 0.163,-0.076,-0.256,0.000,0.000,0.000, 0.329, 0.166, 1.512;
5.155,-0.562,-0.613,-0.562,-0.613, 0.163,-0.076,-0.256,0.000,0.000,0.000, 0.328, 0.173, 1.512;
5.167,-0.566,-0.607,-0.566,-0.607, 0.163,-0.076,-0.256,0.000,0.000,0.000, 0.326, 0.180, 1.512;
5.178,-0.570,-0.601,-0.570,-0.601, 0.163,-0.076,-0.256,0.000,0.000,0.000, 0.325, 0.187, 1.512;
5.189,-0.574,-0.594,-0.574,-0.594, 0.163,-0.076,-0.256,0.000,0.000,0.000, 0.323, 0.193, 1.512;
5.200,-0.578,-0.588,-0.578,-0.588, 0.163,-0.076,-0.256,0.000,0.000,0.000, 0.321, 0.200, 1.512;
5.211,-0.581,-0.582,-0.581,-0.582, 0.163,-0.076,-0.256,0.000,0.000,0.000, 0.320, 0.207, 1.512;
5.222,-0.585,-0.575,-0.585,-0.575, 0.163,-0.076,-0.256,0.000,0.000,0.000, 0.318, 0.213, 1.512;
5.243,-0.592,-0.563,-0.592,-0.563, 0.163,-0.076,-0.256,0.000,0.000,0.000, 0.314, 0.226, 1.512;
5.254,-0.595,-0.556,-0.595,-0.556, 0.163,-0.076,-0.256,0.000,0.000,0.000, 0.312, 0.233, 1.512;
5.265,-0.599,-0.549,-0.599,-0.549, 0.163,-0.076,-0.256,0.000,0.000,0.000, 0.310, 0.239, 1.512;
5.277,-0.602,-0.542,-0.602,-0.542, 0.163,-0.076,-0.256,0.000,0.000,0.000, 0.307, 0.246, 1.512;
5.288,-0.605,-0.535,-0.605,-0.535, 0.163,-0.076,-0.256,0.000,0.000,0.000, 0.305, 0.253, 1.512;
5.300,-0.608,-0.528,-0.608,-0.528, 0.163,-0.076,-0.256,0.000,0.000,0.000, 0.302, 0.260, 1.512;
5.311,-0.611,-0.521,-0.611,-0.521, 0.163,-0.076,-0.256,0.000,0.000,0.000, 0.299, 0.266, 1.512;
5.322,-0.614,-0.514,-0.614,-0.514, 0.163,-0.076,-0.256,0.000,0.000,0.000, 0.297, 0.273, 1.512;
5.334,-0.617,-0.506,-0.617,-0.506, 0.163,-0.076,-0.256,0.000,0.000,0.000, 0.294, 0.280, 1.512;
5.345,-0.620,-0.500,-0.620,-0.500, 0.163,-0.076,-0.256,0.000,0.000,0.000, 0.291, 0.286, 1.512;
5.356,-0.622,-0.493,-0.622,-0.493, 0.163,-0.076,-0.256,0.000,0.000,0.000, 0.288, 0.292, 1.512;
5.377,-0.627,-0.479,-0.627,-0.479, 0.163,-0.076,-0.256,0.000,0.000,0.000, 0.282, 0.304, 1.512;
5.389,-0.629,-0.471,-0.629,-0.471, 0.163,-0.076,-0.256,0.000,0.000,0.000, 0.279, 0.311, 1.512;
5.400,-0.631,-0.464,-0.631,-0.464, 0.163,-0.076,-0.256,0.000,0.000,0.000, 0.275, 0.317, 1.512;
5.411,-0.633,-0.457,-0.633,-0.457, 0.163,-0.076,-0.256,0.000,0.000,0.000, 0.272, 0.323, 1.512;
5.423,-0.635,-0.449,-0.635,-0.449, 0.163,-0.076,-0.256,0.000,0.000,0.000, 0.268, 0.329, 1.512;
5.435,-0.637,-0.441,-0.637,-0.441, 0.163,-0.076,-0.256,0.000,0.000,0.000, 0.264, 0.336, 1.512;
5.448,-0.639,-0.433,-0.639,-0.433, 0.163,-0.076,-0.256,0.000,0.000,0.000, 0.260, 0.343, 1.512;
5.460,-0.641,-0.425,-0.641,-0.425, 0.163,-0.076,-0.256,0.000,0.000,0.000, 0.256, 0.349, 1.512;
5.472,-0.643,-0.417,-0.643,-0.417, 0.163,-0.076,-0.256,0.000,0.000,0.000, 0.252, 0.355, 1.512;
5.484,-0.644,-0.409,-0.644,-0.409, 0.163,-0.076,-0.256,0.000,0.000,0.000, 0.247, 0.362, 1.512;
5.498,-0.646,-0.400,-0.646,-0.400, 0.163,-0.076,-0.256,0.000,0.000,0.000, 0.242, 0.369, 1.512;
5.510,-0.647,-0.391,-0.647,-0.391, 0.163,-0.076,-0.256,0.000,0.000,0.000, 0.238, 0.375, 1.512;
5.523,-0.648,-0.383,-0.648,-0.383, 0.163,-0.076,-0.256,0.000,0.000,0.000, 0.233, 0.381, 1.512;
5.535,-0.649,-0.375,-0.649,-0.375, 0.163,-0.076,-0.256,0.000,0.000,0.000, 0.228, 0.387, 1.512;
5.547,-0.650,-0.367,-0.650,-0.367, 0.163,-0.076,-0.256,0.000,0.000,0.000, 0.224, 0.393, 1.512;
5.560,-0.651,-0.358,-0.651,-0.358, 0.163,-0.076,-0.256,0.000,0.000,0.000, 0.218, 0.399, 1.512;
5.573,-0.652,-0.349,-0.652,-0.349, 0.163,-0.076,-0.256,0.000,0.000,0.000, 0.213, 0.406, 1.512;
5.585,-0.652,-0.341,-0.652,-0.341, 0.163,-0.076,-0.256,0.000,0.000,0.000, 0.208, 0.411, 1.512;
5.597,-0.652,-0.333,-0.652,-0.333, 0.163,-0.076,-0.256,0.000,0.000,0.000, 0.203, 0.417, 1.512;
5.608,-0.653,-0.325,-0.653,-0.325, 0.163,-0.076,-0.256,0.000,0.000,0.000, 0.198, 0.422, 1.512;
5.620,-0.653,-0.317,-0.653,-0.317, 0.163,-0.076,-0.256,0.000,0.000,0.000, 0.193, 0.427, 1.512;
5.632,-0.653,-0.309,-0.653,-0.309, 0.163,-0.076,-0.256,0.000,0.000,0.000, 0.187, 0.433, 1.512;
5.644,-0.653,-0.301,-0.653,-0.301, 0.163,-0.076,-0.256,0.000,0.000,0.000, 0.182, 0.438, 1.512;
5.655,-0.652,-0.294,-0.652,-0.294, 0.163,-0.076,-0.256,0.000,0.000,0.000, 0.177, 0.442, 1.512;
5.666,-0.652,-0.286,-0.652,-0.286, 0.163,-0.076,-0.256,0.000,0.000,0.000, 0.172, 0.447, 1.512;
5.678,-0.651,-0.278,-0.651,-0.278, 0.163,-0.076,-0.256,0.000,0.000,0.000, 0.166, 0.452, 1.512;
5.689,-0.651,-0.271,-0.651,-0.271, 0.163,-0.076,-0.256,0.000,0.000,0.000, 0.161, 0.457, 1.512;
5.700,-0.650,-0.264,-0.650,-0.264, 0.163,-0.076,-0.256,0.000,0.000,0.000, 0.156, 0.461, 1.512;
5.711,-0.650,-0.256,-0.650,-0.256, 0.163,-0.076,-0.256,0.000,0.000,0.000, 0.151, 0.465, 1.512;
5.732,-0.648,-0.242,-0.648,-0.242, 0.163,-0.076,-0.256,0.000,0.000,0.000, 0.140, 0.474, 1.512;
5.743,-0.647,-0.234,-0.647,-0.234, 0.163,-0.076,-0.256,0.000,0.000,0.000, 0.135, 0.478, 1.512;
5.754,-0.646,-0.227,-0.646,-0.227, 0.163,-0.076,-0.256,0.000,0.000,0.000, 0.129, 0.482, 1.512;
5.766,-0.644,-0.219,-0.644,-0.219, 0.163,-0.076,-0.256,0.000,0.000,0.000, 0.123, 0.486, 1.512;
5.778,-0.643,-0.211,-0.643,-0.211, 0.163,-0.076,-0.256,0.000,0.000,0.000, 0.117, 0.490, 1.512;
5.789,-0.641,-0.204,-0.641,-0.204, 0.163,-0.076,-0.256,0.000,0.000,0.000, 0.111, 0.494, 1.512;
5.800,-0.640,-0.196,-0.640,-0.196, 0.163,-0.076,-0.256,0.000,0.000,0.000, 0.105, 0.498, 1.512;
5.811,-0.638,-0.189,-0.638,-0.189, 0.163,-0.076,-0.256,0.000,0.000,0.000, 0.099, 0.502, 1.512;
5.822,-0.636,-0.182,-0.636,-0.182, 0.163,-0.076,-0.256,0.000,0.000,0.000, 0.093, 0.505, 1.512;
5.833,-0.634,-0.175,-0.634,-0.175, 0.163,-0.076,-0.256,0.000,0.000,0.000, 0.087, 0.509, 1.512;
5.845,-0.632,-0.167,-0.632,-0.167, 0.163,-0.076,-0.256,0.000,0.000,0.000, 0.080, 0.513, 1.512;
5.856,-0.630,-0.160,-0.630,-0.160, 0.163,-0.076,-0.256,0.000,0.000,0.000, 0.074, 0.516, 1.512;
5.878,-0.626,-0.146,-0.626,-0.146, 0.163,-0.076,-0.256,0.000,0.000,0.000, 0.063, 0.522, 1.512;
5.889,-0.623,-0.138,-0.623,-0.138, 0.163,-0.076,-0.256,0.000,0.000,0.000, 0.056, 0.525, 1.512;
5.901,-0.621,-0.131,-0.621,-0.131, 0.163,-0.076,-0.256,0.000,0.000,0.000, 0.049, 0.529, 1.512;
5.913,-0.618,-0.123,-0.618,-0.123, 0.163,-0.076,-0.256,0.000,0.000,0.000, 0.042, 0.532, 1.512;
5.925,-0.615,-0.116,-0.615,-0.116, 0.163,-0.076,-0.256,0.000,0.000,0.000, 0.036, 0.535, 1.512;
5.937,-0.612,-0.108,-0.612,-0.108, 0.163,-0.076,-0.256,0.000,0.000,0.000, 0.029, 0.538, 1.512;
5.949,-0.609,-0.101,-0.609,-0.101, 0.163,-0.076,-0.256,0.000,0.000,0.000, 0.022, 0.541, 1.512;
5.964,-0.605,-0.092,-0.605,-0.092, 0.163,-0.076,-0.256,0.000,0.000,0.000, 0.013, 0.544, 1.512;
5.977,-0.601,-0.083,-0.601,-0.083, 0.163,-0.076,-0.256,0.000,0.000,0.000, 0.005, 0.547, 1.512;
5.980,-0.600,-0.082,-0.600,-0.082, 0.163,-0.076,-0.256,0.000,0.000,0.000, 0.004, 0.547, 1.512;
6.002,-0.594,-0.069,-0.594,-0.069, 0.163,-0.076,-0.256,0.000,0.000,0.000,-0.009, 0.552, 1.512;
6.005,-0.593,-0.067,-0.593,-0.067, 0.163,-0.076,-0.256,0.000,0.000,0.000,-0.011, 0.552, 1.512;
6.026,-0.586,-0.054,-0.586,-0.054, 0.163,-0.076,-0.256,0.000,0.000,0.000,-0.024, 0.556, 1.512;
6.038,-0.582,-0.047,-0.582,-0.047, 0.163,-0.076,-0.256,0.000,0.000,0.000,-0.031, 0.558, 1.512;
6.050,-0.578,-0.040,-0.578,-0.040, 0.163,-0.076,-0.256,0.000,0.000,0.000,-0.038, 0.560, 1.512;
6.061,-0.574,-0.033,-0.574,-0.033, 0.163,-0.076,-0.256,0.000,0.000,0.000,-0.045, 0.562, 1.512;
6.073,-0.570,-0.027,-0.570,-0.027, 0.163,-0.076,-0.256,0.000,0.000,0.000,-0.053, 0.564, 1.512;
6.086,-0.565,-0.019,-0.565,-0.019, 0.163,-0.076,-0.256,0.000,0.000,0.000,-0.060, 0.565, 1.512;
6.097,-0.561,-0.013,-0.561,-0.013, 0.163,-0.076,-0.256,0.000,0.000,0.000,-0.068, 0.567, 1.512;
6.110,-0.556,-0.006,-0.556,-0.006, 0.163,-0.076,-0.256,0.000,0.000,0.000,-0.075, 0.568, 1.512;
6.122,-0.551,0.001,-0.551,0.001, 0.163,-0.076,-0.256,0.000,0.000,0.000,-0.083, 0.569, 1.512;
6.134,-0.546,0.007,-0.546,0.007, 0.163,-0.076,-0.256,0.000,0.000,0.000,-0.090, 0.571, 1.512;
6.145,-0.542,0.014,-0.542,0.014, 0.163,-0.076,-0.256,0.000,0.000,0.000,-0.097, 0.572, 1.512;
6.157,-0.537,0.020,-0.537,0.020, 0.163,-0.076,-0.256,0.000,0.000,0.000,-0.105, 0.572, 1.512;
6.169,-0.532,0.026,-0.532,0.026, 0.163,-0.076,-0.256,0.000,0.000,0.000,-0.112, 0.573, 1.512;
6.182,-0.526,0.033,-0.526,0.033, 0.163,-0.076,-0.256,0.000,0.000,0.000,-0.120, 0.574, 1.512;
6.193,-0.521,0.039,-0.521,0.039, 0.163,-0.076,-0.256,0.000,0.000,0.000,-0.127, 0.575, 1.512;
6.206,-0.516,0.045,-0.516,0.045, 0.163,-0.076,-0.256,0.000,0.000,0.000,-0.135, 0.575, 1.512;
6.216,-0.524,0.051,-0.524,0.051, 0.163,-0.076,-0.241,0.000,0.000,1.433,-0.141, 0.575, 1.498;
6.227,-0.506,0.056,-0.506,0.056, 0.163,-0.076,-0.256,0.000,0.000,-1.262,-0.149, 0.576, 1.512;
6.239,-0.500,0.061,-0.500,0.061, 0.163,-0.076,-0.256,0.000,0.000,0.000,-0.156, 0.576, 1.512;
6.250,-0.495,0.067,-0.495,0.067, 0.163,-0.076,-0.256,0.000,0.000,0.000,-0.163, 0.576, 1.512;
6.261,-0.490,0.072,-0.490,0.072, 0.163,-0.076,-0.256,0.000,0.000,0.000,-0.170, 0.576, 1.512;
6.273,-0.484,0.077,-0.484,0.077, 0.163,-0.076,-0.256,0.000,0.000,0.000,-0.177, 0.576, 1.512;
6.294,-0.473,0.087,-0.473,0.087, 0.163,-0.076,-0.256,0.000,0.000,0.000,-0.191, 0.575, 1.512;
6.305,-0.468,0.092,-0.468,0.092, 0.163,-0.076,-0.256,0.000,0.000,0.000,-0.198, 0.575, 1.512;
6.317,-0.462,0.097,-0.462,0.097, 0.163,-0.076,-0.256,0.000,0.000,0.000,-0.205, 0.574, 1.512;
6.329,-0.456,0.102,-0.456,0.102, 0.163,-0.076,-0.256,0.000,0.000,0.000,-0.212, 0.573, 1.512;
6.340,-0.449,0.107,-0.449,0.107, 0.163,-0.076,-0.256,0.000,0.000,0.000,-0.220, 0.573, 1.512;
6.353,-0.443,0.113,-0.443,0.113, 0.163,-0.076,-0.256,0.000,0.000,0.000,-0.227, 0.572, 1.512;
6.365,-0.436,0.118,-0.436,0.118, 0.163,-0.076,-0.256,0.000,0.000,0.000,-0.235, 0.571, 1.512;
6.377,-0.430,0.122,-0.430,0.122, 0.163,-0.076,-0.256,0.000,0.000,0.000,-0.242, 0.570, 1.512;
6.389,-0.423,0.127,-0.423,0.127, 0.163,-0.076,-0.256,0.000,0.000,0.000,-0.250, 0.568, 1.512;
6.401,-0.416,0.132,-0.416,0.132, 0.163,-0.076,-0.256,0.000,0.000,0.000,-0.257, 0.567, 1.512;
6.414,-0.409,0.136,-0.409,0.136, 0.163,-0.076,-0.256,0.000,0.000,0.000,-0.265, 0.565, 1.512;
6.426,-0.402,0.141,-0.402,0.141, 0.163,-0.076,-0.256,0.000,0.000,0.000,-0.272, 0.564, 1.512;
6.439,-0.395,0.146,-0.395,0.146, 0.163,-0.076,-0.256,0.000,0.000,0.000,-0.281, 0.562, 1.512;
6.451,-0.388,0.150,-0.388,0.150, 0.163,-0.076,-0.256,0.000,0.000,0.000,-0.288, 0.560, 1.512;
6.463,-0.381,0.154,-0.381,0.154, 0.163,-0.076,-0.256,0.000,0.000,0.000,-0.295, 0.558, 1.512;
6.475,-0.374,0.158,-0.374,0.158, 0.163,-0.076,-0.256,0.000,0.000,0.000,-0.303, 0.556, 1.512;
6.488,-0.366,0.162,-0.366,0.162, 0.163,-0.076,-0.256,0.000,0.000,0.000,-0.310, 0.554, 1.512;
6.499,-0.360,0.165,-0.360,0.165, 0.163,-0.076,-0.256,0.000,0.000,0.000,-0.317, 0.552, 1.512;
6.510,-0.352,0.169,-0.352,0.169, 0.163,-0.076,-0.256,0.000,0.000,0.000,-0.324, 0.549, 1.512;
6.523,-0.345,0.172,-0.345,0.172, 0.163,-0.076,-0.256,0.000,0.000,0.000,-0.331, 0.547, 1.512;
6.535,-0.338,0.176,-0.338,0.176, 0.163,-0.076,-0.256,0.000,0.000,0.000,-0.338, 0.544, 1.512;
6.546,-0.331,0.179,-0.331,0.179, 0.163,-0.076,-0.256,0.000,0.000,0.000,-0.345, 0.542, 1.512;
6.557,-0.324,0.182,-0.324,0.182, 0.163,-0.076,-0.256,0.000,0.000,0.000,-0.351, 0.539, 1.512;
6.568,-0.317,0.185,-0.317,0.185, 0.163,-0.076,-0.256,0.000,0.000,0.000,-0.358, 0.536, 1.512;
6.579,-0.310,0.188,-0.310,0.188, 0.163,-0.076,-0.256,0.000,0.000,0.000,-0.364, 0.534, 1.512;
6.590,-0.303,0.190,-0.303,0.190, 0.163,-0.076,-0.256,0.000,0.000,0.000,-0.370, 0.531, 1.512;
6.612,-0.289,0.195,-0.289,0.195, 0.163,-0.076,-0.256,0.000,0.000,0.000,-0.383, 0.525, 1.512;
6.624,-0.281,0.198,-0.281,0.198, 0.163,-0.076,-0.256,0.000,0.000,0.000,-0.389, 0.522, 1.512;
6.636,-0.273,0.200,-0.273,0.200, 0.163,-0.076,-0.256,0.000,0.000,0.000,-0.396, 0.518, 1.512;
6.648,-0.266,0.203,-0.266,0.203, 0.163,-0.076,-0.256,0.000,0.000,0.000,-0.403, 0.515, 1.512;
6.661,-0.258,0.205,-0.258,0.205, 0.163,-0.076,-0.256,0.000,0.000,0.000,-0.410, 0.511, 1.512;
6.673,-0.249,0.207,-0.249,0.207, 0.163,-0.076,-0.256,0.000,0.000,0.000,-0.417, 0.507, 1.512;
6.686,-0.241,0.209,-0.241,0.209, 0.163,-0.076,-0.256,0.000,0.000,0.000,-0.423, 0.503, 1.512;
6.697,-0.234,0.211,-0.234,0.211, 0.163,-0.076,-0.256,0.000,0.000,0.000,-0.429, 0.499, 1.512;
6.710,-0.225,0.213,-0.225,0.213, 0.163,-0.076,-0.256,0.000,0.000,0.000,-0.436, 0.495, 1.512;
6.720,-0.218,0.214,-0.218,0.214, 0.163,-0.076,-0.256,0.000,0.000,0.000,-0.441, 0.491, 1.512;
6.732,-0.210,0.216,-0.210,0.216, 0.163,-0.076,-0.256,0.000,0.000,0.000,-0.448, 0.487, 1.512;
6.744,-0.203,0.217,-0.203,0.217, 0.163,-0.076,-0.256,0.000,0.000,0.000,-0.454, 0.483, 1.512;
6.756,-0.195,0.218,-0.195,0.218, 0.163,-0.076,-0.256,0.000,0.000,0.000,-0.460, 0.478, 1.512;
6.768,-0.187,0.219,-0.187,0.219, 0.163,-0.076,-0.256,0.000,0.000,0.000,-0.466, 0.474, 1.512;
6.781,-0.178,0.221,-0.178,0.221, 0.163,-0.076,-0.256,0.000,0.000,0.000,-0.472, 0.469, 1.512;
6.795,-0.169,0.222,-0.169,0.222, 0.163,-0.076,-0.256,0.000,0.000,0.000,-0.479, 0.463, 1.512;
6.807,-0.160,0.222,-0.160,0.222, 0.163,-0.076,-0.256,0.000,0.000,0.000,-0.485, 0.458, 1.512;
6.820,-0.152,0.223,-0.152,0.223, 0.163,-0.076,-0.256,0.000,0.000,0.000,-0.491, 0.453, 1.512;
6.832,-0.143,0.224,-0.143,0.224, 0.163,-0.076,-0.256,0.000,0.000,0.000,-0.497, 0.448, 1.512;
6.837,-0.140,0.224,-0.140,0.224, 0.163,-0.076,-0.256,0.000,0.000,0.000,-0.499, 0.446, 1.512;
6.848,-0.133,0.224,-0.133,0.224, 0.163,-0.076,-0.256,0.000,0.000,0.000,-0.504, 0.441, 1.512;
6.859,-0.125,0.224,-0.125,0.224, 0.163,-0.076,-0.256,0.000,0.000,0.000,-0.509, 0.436, 1.512;
6.881,-0.110,0.224,-0.110,0.224, 0.163,-0.076,-0.256,0.000,0.000,0.000,-0.519, 0.427, 1.512;
6.894,-0.102,0.224,-0.102,0.224, 0.163,-0.076,-0.256,0.000,0.000,0.000,-0.525, 0.421, 1.512;
6.906,-0.094,0.224,-0.094,0.224, 0.163,-0.076,-0.256,0.000,0.000,0.000,-0.530, 0.415, 1.512;
6.918,-0.085,0.224,-0.085,0.224, 0.163,-0.076,-0.256,0.000,0.000,0.000,-0.535, 0.410, 1.512;
6.930,-0.077,0.223,-0.077,0.223, 0.163,-0.076,-0.256,0.000,0.000,0.000,-0.540, 0.404, 1.512;
6.942,-0.069,0.222,-0.069,0.222, 0.163,-0.076,-0.256,0.000,0.000,0.000,-0.545, 0.398, 1.512;
6.955,-0.060,0.222,-0.060,0.222, 0.163,-0.076,-0.256,0.000,0.000,0.000,-0.550, 0.392, 1.512;
6.968,-0.052,0.221,-0.052,0.221, 0.163,-0.076,-0.256,0.000,0.000,0.000,-0.555, 0.386, 1.512;
6.973,-0.048,0.220,-0.048,0.220, 0.163,-0.076,-0.256,0.000,0.000,0.000,-0.557, 0.383, 1.512;
6.982,-0.042,0.219,-0.042,0.219, 0.163,-0.076,-0.256,0.000,0.000,0.000,-0.561, 0.379, 1.512;
6.994,-0.034,0.218,-0.034,0.218, 0.163,-0.076,-0.256,0.000,0.000,0.000,-0.565, 0.373, 1.512;
7.016,-0.019,0.216,-0.019,0.216, 0.163,-0.076,-0.256,0.000,0.000,0.000,-0.573, 0.361, 1.512;
7.020,-0.017,0.215,-0.017,0.215, 0.163,-0.076,-0.256,0.000,0.000,0.000,-0.575, 0.360, 1.512;
7.031,-0.009,0.214,-0.009,0.214, 0.163,-0.076,-0.256,0.000,0.000,0.000,-0.579, 0.354, 1.512;
7.052,0.005,0.211,0.005,0.211, 0.163,-0.076,-0.256,0.000,0.000,0.000,-0.586, 0.343, 1.512;
7.064,0.012,0.209,0.012,0.209, 0.163,-0.076,-0.256,0.000,0.000,0.000,-0.590, 0.336, 1.512;
7.075,0.020,0.207,0.020,0.207, 0.163,-0.076,-0.256,0.000,0.000,0.000,-0.593, 0.330, 1.512;
7.088,0.028,0.205,0.028,0.205, 0.163,-0.076,-0.256,0.000,0.000,0.000,-0.597, 0.324, 1.512;
7.100,0.035,0.203,0.035,0.203, 0.163,-0.076,-0.256,0.000,0.000,0.000,-0.601, 0.317, 1.512;
7.111,0.043,0.201,0.043,0.201, 0.163,-0.076,-0.256,0.000,0.000,0.000,-0.604, 0.310, 1.512;
7.124,0.051,0.198,0.051,0.198, 0.163,-0.076,-0.256,0.000,0.000,0.000,-0.608, 0.304, 1.512;
7.136,0.059,0.196,0.059,0.196, 0.163,-0.076,-0.256,0.000,0.000,0.000,-0.612, 0.297, 1.512;
7.148,0.067,0.193,0.067,0.193, 0.163,-0.076,-0.256,0.000,0.000,0.000,-0.615, 0.290, 1.512;
7.160,0.074,0.190,0.074,0.190, 0.163,-0.076,-0.256,0.000,0.000,0.000,-0.618, 0.283, 1.512;
7.172,0.082,0.187,0.082,0.187, 0.163,-0.076,-0.256,0.000,0.000,0.000,-0.621, 0.276, 1.512;
7.184,0.089,0.184,0.089,0.184, 0.163,-0.076,-0.256,0.000,0.000,0.000,-0.624, 0.269, 1.512;
7.196,0.097,0.181,0.097,0.181, 0.163,-0.076,-0.256,0.000,0.000,0.000,-0.627, 0.262, 1.512;
7.208,0.104,0.178,0.104,0.178, 0.163,-0.076,-0.256,0.000,0.000,0.000,-0.630, 0.255, 1.512;
7.220,0.111,0.175,0.111,0.175, 0.163,-0.076,-0.256,0.000,0.000,0.000,-0.632, 0.248, 1.512;
7.231,0.118,0.171,0.118,0.171, 0.163,-0.076,-0.256,0.000,0.000,0.000,-0.635, 0.242, 1.512;
7.242,0.125,0.168,0.125,0.168, 0.163,-0.076,-0.256,0.000,0.000,0.000,-0.637, 0.235, 1.512;
7.253,0.132,0.165,0.132,0.165, 0.163,-0.076,-0.256,0.000,0.000,0.000,-0.639, 0.229, 1.512;
7.264,0.139,0.161,0.139,0.161, 0.163,-0.076,-0.256,0.000,0.000,0.000,-0.641, 0.222, 1.512;
7.275,0.145,0.158,0.145,0.158, 0.163,-0.076,-0.256,0.000,0.000,0.000,-0.643, 0.215, 1.512;
7.288,0.152,0.154,0.152,0.154, 0.163,-0.076,-0.256,0.000,0.000,0.000,-0.645, 0.208, 1.512;
7.309,0.165,0.146,0.165,0.146, 0.163,-0.076,-0.256,0.000,0.000,0.000,-0.649, 0.194, 1.512;
7.313,0.167,0.145,0.167,0.145, 0.163,-0.076,-0.256,0.000,0.000,0.000,-0.649, 0.192, 1.512;
7.325,0.174,0.141,0.174,0.141, 0.163,-0.076,-0.256,0.000,0.000,0.000,-0.651, 0.185, 1.512;
7.347,0.186,0.133,0.186,0.133, 0.163,-0.076,-0.256,0.000,0.000,0.000,-0.654, 0.172, 1.512;
7.358,0.193,0.128,0.193,0.128, 0.163,-0.076,-0.256,0.000,0.000,0.000,-0.655, 0.165, 1.512;
7.369,0.199,0.124,0.199,0.124, 0.163,-0.076,-0.256,0.000,0.000,0.000,-0.656, 0.158, 1.512;
7.381,0.205,0.119,0.205,0.119, 0.163,-0.076,-0.256,0.000,0.000,0.000,-0.657, 0.151, 1.512;
7.392,0.211,0.115,0.211,0.115, 0.163,-0.076,-0.256,0.000,0.000,0.000,-0.658, 0.144, 1.512;
7.404,0.217,0.110,0.217,0.110, 0.163,-0.076,-0.256,0.000,0.000,0.000,-0.659, 0.136, 1.512;
7.415,0.223,0.105,0.223,0.105, 0.163,-0.076,-0.256,0.000,0.000,0.000,-0.660, 0.129, 1.512;
7.426,0.229,0.100,0.229,0.100, 0.163,-0.076,-0.256,0.000,0.000,0.000,-0.661, 0.122, 1.512;
7.437,0.235,0.096,0.235,0.096, 0.163,-0.076,-0.256,0.000,0.000,0.000,-0.661, 0.116, 1.512;
7.448,0.240,0.091,0.240,0.091, 0.163,-0.076,-0.256,0.000,0.000,0.000,-0.662, 0.109, 1.512;
7.459,0.246,0.086,0.246,0.086, 0.163,-0.076,-0.256,0.000,0.000,0.000,-0.662, 0.102, 1.512;
7.480,0.256,0.076,0.256,0.076, 0.163,-0.076,-0.256,0.000,0.000,0.000,-0.663, 0.089, 1.512;
7.491,0.262,0.071,0.262,0.071, 0.163,-0.076,-0.256,0.000,0.000,0.000,-0.663, 0.081, 1.512;
7.502,0.267,0.066,0.267,0.066, 0.163,-0.076,-0.256,0.000,0.000,0.000,-0.663, 0.074, 1.512;
7.514,0.273,0.060,0.273,0.060, 0.163,-0.076,-0.256,0.000,0.000,0.000,-0.663, 0.067, 1.512;
7.525,0.278,0.055,0.278,0.055, 0.163,-0.076,-0.256,0.000,0.000,0.000,-0.663, 0.060, 1.512;
7.537,0.283,0.049,0.283,0.049, 0.163,-0.076,-0.256,0.000,0.000,0.000,-0.662, 0.053, 1.512;
7.548,0.288,0.043,0.288,0.043, 0.163,-0.076,-0.256,0.000,0.000,0.000,-0.662, 0.046, 1.512;
7.559,0.293,0.038,0.293,0.038, 0.163,-0.076,-0.256,0.000,0.000,0.000,-0.662, 0.039, 1.512;
7.570,0.298,0.032,0.298,0.032, 0.163,-0.076,-0.256,0.000,0.000,0.000,-0.661, 0.032, 1.512;
7.581,0.303,0.026,0.303,0.026, 0.163,-0.076,-0.256,0.000,0.000,0.000,-0.660, 0.025, 1.512;
7.602,0.312,0.015,0.312,0.015, 0.163,-0.076,-0.256,0.000,0.000,0.000,-0.659, 0.012, 1.512;
7.614,0.317,0.008,0.317,0.008, 0.163,-0.076,-0.256,0.000,0.000,0.000,-0.658, 0.005, 1.512;
7.625,0.321,0.002,0.321,0.002, 0.163,-0.076,-0.256,0.000,0.000,0.000,-0.657,-0.002, 1.512;
7.637,0.326,-0.004,0.326,-0.004, 0.163,-0.076,-0.256,0.000,0.000,0.000,-0.656,-0.010, 1.512;
7.649,0.330,-0.011,0.330,-0.011, 0.163,-0.076,-0.256,0.000,0.000,0.000,-0.654,-0.017, 1.512;
7.660,0.335,-0.017,0.335,-0.017, 0.163,-0.076,-0.256,0.000,0.000,0.000,-0.653,-0.024, 1.512;
7.672,0.339,-0.024,0.339,-0.024, 0.163,-0.076,-0.256,0.000,0.000,0.000,-0.651,-0.031, 1.512;
7.684,0.343,-0.031,0.343,-0.031, 0.163,-0.076,-0.256,0.000,0.000,0.000,-0.650,-0.039, 1.512;
7.696,0.348,-0.038,0.348,-0.038, 0.163,-0.076,-0.256,0.000,0.000,0.000,-0.648,-0.046, 1.512;
7.707,0.351,-0.044,0.351,-0.044, 0.163,-0.076,-0.256,0.000,0.000,0.000,-0.646,-0.053, 1.512;
7.718,0.355,-0.050,0.355,-0.050, 0.163,-0.076,-0.256,0.000,0.000,0.000,-0.644,-0.059, 1.512;
7.730,0.359,-0.057,0.359,-0.057, 0.163,-0.076,-0.256,0.000,0.000,0.000,-0.642,-0.067, 1.512;
7.741,0.362,-0.064,0.362,-0.064, 0.163,-0.076,-0.256,0.000,0.000,0.000,-0.640,-0.073, 1.512;
7.753,0.366,-0.071,0.366,-0.071, 0.163,-0.076,-0.256,0.000,0.000,0.000,-0.638,-0.080, 1.512;
7.774,0.372,-0.084,0.372,-0.084, 0.163,-0.076,-0.256,0.000,0.000,0.000,-0.634,-0.093, 1.512;
7.786,0.376,-0.091,0.376,-0.091, 0.163,-0.076,-0.256,0.000,0.000,0.000,-0.631,-0.100, 1.512;
7.798,0.379,-0.099,0.379,-0.099, 0.163,-0.076,-0.256,0.000,0.000,0.000,-0.628,-0.107, 1.512;
7.810,0.382,-0.106,0.382,-0.106, 0.163,-0.076,-0.256,0.000,0.000,0.000,-0.626,-0.114, 1.512;
7.823,0.386,-0.115,0.386,-0.115, 0.163,-0.076,-0.256,0.000,0.000,0.000,-0.622,-0.122, 1.512;
7.827,0.387,-0.117,0.387,-0.117, 0.163,-0.076,-0.256,0.000,0.000,0.000,-0.621,-0.124, 1.512;
7.838,0.389,-0.124,0.389,-0.124, 0.163,-0.076,-0.256,0.000,0.000,0.000,-0.619,-0.130, 1.512;
7.859,0.394,-0.137,0.394,-0.137, 0.163,-0.076,-0.256,0.000,0.000,0.000,-0.613,-0.142, 1.512;
7.871,0.397,-0.145,0.397,-0.145, 0.163,-0.076,-0.256,0.000,0.000,0.000,-0.610,-0.149, 1.512;
7.882,0.399,-0.152,0.399,-0.152, 0.163,-0.076,-0.256,0.000,0.000,0.000,-0.607,-0.155, 1.512;
7.893,0.401,-0.159,0.401,-0.159, 0.163,-0.076,-0.256,0.000,0.000,0.000,-0.603,-0.161, 1.512;
7.904,0.403,-0.166,0.403,-0.166, 0.163,-0.076,-0.256,0.000,0.000,0.000,-0.600,-0.167, 1.512;
7.916,0.405,-0.174,0.405,-0.174, 0.163,-0.076,-0.256,0.000,0.000,0.000,-0.596,-0.174, 1.512;
7.928,0.407,-0.182,0.407,-0.182, 0.163,-0.076,-0.256,0.000,0.000,0.000,-0.592,-0.180, 1.512;
7.939,0.409,-0.189,0.409,-0.189, 0.163,-0.076,-0.256,0.000,0.000,0.000,-0.589,-0.186, 1.512;
7.950,0.411,-0.196,0.411,-0.196, 0.163,-0.076,-0.256,0.000,0.000,0.000,-0.585,-0.192, 1.512;
7.961,0.412,-0.204,0.412,-0.204, 0.163,-0.076,-0.256,0.000,0.000,0.000,-0.581,-0.198, 1.512;
7.973,0.414,-0.212,0.414,-0.212, 0.163,-0.076,-0.256,0.000,0.000,0.000,-0.577,-0.204, 1.512;
7.985,0.416,-0.220,0.416,-0.220, 0.163,-0.076,-0.256,0.000,0.000,0.000,-0.573,-0.210, 1.512;
8.007,0.418,-0.234,0.418,-0.234, 0.163,-0.076,-0.256,0.000,0.000,0.000,-0.565,-0.221, 1.512;
8.019,0.419,-0.242,0.419,-0.242, 0.163,-0.076,-0.256,0.000,0.000,0.000,-0.560,-0.228, 1.512;
8.022,0.419,-0.244,0.419,-0.244, 0.163,-0.076,-0.256,0.000,0.000,0.000,-0.559,-0.229, 1.512;
8.044,0.421,-0.259,0.421,-0.259, 0.163,-0.076,-0.256,0.000,0.000,0.000,-0.551,-0.240, 1.512;
8.048,0.421,-0.262,0.421,-0.262, 0.163,-0.076,-0.256,0.000,0.000,0.000,-0.549,-0.242, 1.512;
8.058,0.422,-0.269,0.422,-0.269, 0.163,-0.076,-0.256,0.000,0.000,0.000,-0.545,-0.247, 1.512;
8.080,0.423,-0.283,0.423,-0.283, 0.163,-0.076,-0.256,0.000,0.000,0.000,-0.536,-0.257, 1.512;
8.092,0.423,-0.292,0.423,-0.292, 0.163,-0.076,-0.256,0.000,0.000,0.000,-0.531,-0.263, 1.512;
8.105,0.424,-0.300,0.424,-0.300, 0.163,-0.076,-0.256,0.000,0.000,0.000,-0.525,-0.269, 1.512;
8.116,0.424,-0.308,0.424,-0.308, 0.163,-0.076,-0.256,0.000,0.000,0.000,-0.520,-0.274, 1.512;
8.129,0.424,-0.316,0.424,-0.316, 0.163,-0.076,-0.256,0.000,0.000,0.000,-0.515,-0.279, 1.512;
8.141,0.424,-0.325,0.424,-0.325, 0.163,-0.076,-0.256,0.000,0.000,0.000,-0.509,-0.285, 1.512;
8.144,0.424,-0.327,0.424,-0.327, 0.163,-0.076,-0.256,0.000,0.000,0.000,-0.508,-0.286, 1.512;
8.165,0.423,-0.341,0.423,-0.341, 0.163,-0.076,-0.256,0.000,0.000,0.000,-0.498,-0.295, 1.512;
8.177,0.423,-0.349,0.423,-0.349, 0.163,-0.076,-0.256,0.000,0.000,0.000,-0.493,-0.300, 1.512;
8.189,0.422,-0.357,0.422,-0.357, 0.163,-0.076,-0.256,0.000,0.000,0.000,-0.487,-0.305, 1.512;
8.200,0.421,-0.364,0.421,-0.364, 0.163,-0.076,-0.256,0.000,0.000,0.000,-0.482,-0.309, 1.512;
8.213,0.421,-0.373,0.421,-0.373, 0.163,-0.076,-0.256,0.000,0.000,0.000,-0.476,-0.314, 1.512;
8.226,0.420,-0.382,0.420,-0.382, 0.163,-0.076,-0.256,0.000,0.000,0.000,-0.469,-0.319, 1.512;
8.238,0.418,-0.390,0.418,-0.390, 0.163,-0.076,-0.256,0.000,0.000,0.000,-0.463,-0.324, 1.512;
8.251,0.417,-0.399,0.417,-0.399, 0.163,-0.076,-0.256,0.000,0.000,0.000,-0.456,-0.329, 1.512;
8.255,0.417,-0.401,0.417,-0.401, 0.163,-0.076,-0.256,0.000,0.000,0.000,-0.454,-0.330, 1.512;
8.266,0.415,-0.409,0.415,-0.409, 0.163,-0.076,-0.256,0.000,0.000,0.000,-0.449,-0.334, 1.512;
8.288,0.413,-0.423,0.413,-0.423, 0.163,-0.076,-0.256,0.000,0.000,0.000,-0.437,-0.342, 1.512;
8.301,0.411,-0.432,0.411,-0.432, 0.163,-0.076,-0.256,0.000,0.000,0.000,-0.430,-0.347, 1.512;
8.304,0.410,-0.434,0.410,-0.434, 0.163,-0.076,-0.256,0.000,0.000,0.000,-0.429,-0.348, 1.512;
8.324,0.407,-0.447,0.407,-0.447, 0.163,-0.076,-0.256,0.000,0.000,0.000,-0.418,-0.354, 1.512;
8.336,0.405,-0.455,0.405,-0.455, 0.163,-0.076,-0.256,0.000,0.000,0.000,-0.412,-0.358, 1.512;
8.347,0.403,-0.462,0.403,-0.462, 0.163,-0.076,-0.256,0.000,0.000,0.000,-0.405,-0.361, 1.512;
8.358,0.401,-0.470,0.401,-0.470, 0.163,-0.076,-0.256,0.000,0.000,0.000,-0.399,-0.365, 1.512;
8.370,0.399,-0.477,0.399,-0.477, 0.163,-0.076,-0.256,0.000,0.000,0.000,-0.393,-0.368, 1.512;
8.382,0.396,-0.485,0.396,-0.485, 0.163,-0.076,-0.256,0.000,0.000,0.000,-0.386,-0.372, 1.512;
8.394,0.393,-0.492,0.393,-0.492, 0.163,-0.076,-0.256,0.000,0.000,0.000,-0.379,-0.375, 1.512;
8.405,0.391,-0.500,0.391,-0.500, 0.163,-0.076,-0.256,0.000,0.000,0.000,-0.373,-0.378, 1.512;
8.417,0.388,-0.507,0.388,-0.507, 0.163,-0.076,-0.256,0.000,0.000,0.000,-0.366,-0.381, 1.512;
8.428,0.385,-0.514,0.385,-0.514, 0.163,-0.076,-0.256,0.000,0.000,0.000,-0.360,-0.384, 1.512;
8.439,0.382,-0.521,0.382,-0.521, 0.163,-0.076,-0.256,0.000,0.000,0.000,-0.353,-0.386, 1.512;
8.450,0.379,-0.528,0.379,-0.528, 0.163,-0.076,-0.256,0.000,0.000,0.000,-0.347,-0.389, 1.512;
8.461,0.376,-0.535,0.376,-0.535, 0.163,-0.076,-0.256,0.000,0.000,0.000,-0.340,-0.392, 1.512;
8.484,0.370,-0.548,0.370,-0.548, 0.163,-0.076,-0.256,0.000,0.000,0.000,-0.327,-0.396, 1.512;
8.486,0.369,-0.550,0.369,-0.550, 0.163,-0.076,-0.256,0.000,0.000,0.000,-0.326,-0.397, 1.512;
8.507,0.363,-0.563,0.363,-0.563, 0.163,-0.076,-0.256,0.000,0.000,0.000,-0.313,-0.401, 1.512;
8.519,0.359,-0.570,0.359,-0.570, 0.163,-0.076,-0.256,0.000,0.000,0.000,-0.306,-0.403, 1.512;
8.530,0.356,-0.576,0.356,-0.576, 0.163,-0.076,-0.256,0.000,0.000,0.000,-0.299,-0.405, 1.512;
8.542,0.352,-0.583,0.352,-0.583, 0.163,-0.076,-0.256,0.000,0.000,0.000,-0.292,-0.407, 1.512;
8.553,0.348,-0.590,0.348,-0.590, 0.163,-0.076,-0.256,0.000,0.000,0.000,-0.286,-0.409, 1.512;
8.564,0.344,-0.596,0.344,-0.596, 0.163,-0.076,-0.256,0.000,0.000,0.000,-0.279,-0.411, 1.512;
8.575,0.340,-0.602,0.340,-0.602, 0.163,-0.076,-0.256,0.000,0.000,0.000,-0.272,-0.412, 1.512;
8.587,0.336,-0.609,0.336,-0.609, 0.163,-0.076,-0.256,0.000,0.000,0.000,-0.265,-0.414, 1.512;
8.598,0.340,-0.630,0.340,-0.630, 0.163,-0.076,-0.241,0.000,0.000,1.316,-0.258,-0.415, 1.498;
8.610,0.327,-0.622,0.327,-0.622, 0.163,-0.076,-0.256,0.000,0.000,-1.260,-0.251,-0.416, 1.512;
8.621,0.323,-0.628,0.323,-0.628, 0.163,-0.076,-0.256,0.000,0.000,0.000,-0.244,-0.418, 1.512;
8.632,0.318,-0.634,0.318,-0.634, 0.163,-0.076,-0.256,0.000,0.000,0.000,-0.237,-0.419, 1.512;
8.654,0.309,-0.646,0.309,-0.646, 0.163,-0.076,-0.256,0.000,0.000,0.000,-0.223,-0.420, 1.512;
8.666,0.304,-0.652,0.304,-0.652, 0.163,-0.076,-0.256,0.000,0.000,0.000,-0.216,-0.421, 1.512;
8.678,0.299,-0.658,0.299,-0.658, 0.163,-0.076,-0.256,0.000,0.000,0.000,-0.208,-0.422, 1.512;
8.690,0.294,-0.665,0.294,-0.665, 0.163,-0.076,-0.256,0.000,0.000,0.000,-0.201,-0.423, 1.512;
8.702,0.288,-0.671,0.288,-0.671, 0.163,-0.076,-0.256,0.000,0.000,0.000,-0.193,-0.423, 1.512;
8.714,0.283,-0.677,0.283,-0.677, 0.163,-0.076,-0.256,0.000,0.000,0.000,-0.185,-0.424, 1.512;
8.726,0.277,-0.683,0.277,-0.683, 0.163,-0.076,-0.256,0.000,0.000,0.000,-0.178,-0.424, 1.512;
8.739,0.272,-0.689,0.272,-0.689, 0.163,-0.076,-0.256,0.000,0.000,0.000,-0.170,-0.424, 1.512;
8.753,0.265,-0.696,0.265,-0.696, 0.163,-0.076,-0.256,0.000,0.000,0.000,-0.161,-0.424, 1.512;
8.755,0.264,-0.697,0.264,-0.697, 0.163,-0.076,-0.256,0.000,0.000,0.000,-0.160,-0.424, 1.512;
8.777,0.253,-0.707,0.253,-0.707, 0.163,-0.076,-0.256,0.000,0.000,0.000,-0.146,-0.424, 1.512;
8.780,0.251,-0.709,0.251,-0.709, 0.163,-0.076,-0.256,0.000,0.000,0.000,-0.144,-0.424, 1.512;
8.792,0.246,-0.714,0.246,-0.714, 0.163,-0.076,-0.256,0.000,0.000,0.000,-0.137,-0.423, 1.512;
8.814,0.235,-0.724,0.235,-0.724, 0.163,-0.076,-0.256,0.000,0.000,0.000,-0.123,-0.423, 1.512;
8.818,0.232,-0.726,0.232,-0.726, 0.163,-0.076,-0.256,0.000,0.000,0.000,-0.120,-0.422, 1.512;
8.828,0.227,-0.730,0.227,-0.730, 0.163,-0.076,-0.256,0.000,0.000,0.000,-0.114,-0.422, 1.512;
8.850,0.215,-0.739,0.215,-0.739, 0.163,-0.076,-0.256,0.000,0.000,0.000,-0.100,-0.420, 1.512;
8.862,0.209,-0.744,0.209,-0.744, 0.163,-0.076,-0.256,0.000,0.000,0.000,-0.093,-0.419, 1.512;
8.873,0.203,-0.749,0.203,-0.749, 0.163,-0.076,-0.256,0.000,0.000,0.000,-0.086,-0.418, 1.512;
8.885,0.196,-0.753,0.196,-0.753, 0.163,-0.076,-0.256,0.000,0.000,0.000,-0.078,-0.417, 1.512;
8.897,0.190,-0.758,0.190,-0.758, 0.163,-0.076,-0.256,0.000,0.000,0.000,-0.071,-0.416, 1.512;
8.908,0.184,-0.762,0.184,-0.762, 0.163,-0.076,-0.256,0.000,0.000,0.000,-0.064,-0.414, 1.512;
8.920,0.177,-0.766,0.177,-0.766, 0.163,-0.076,-0.256,0.000,0.000,0.000,-0.057,-0.413, 1.512;
8.932,0.170,-0.771,0.170,-0.771, 0.163,-0.076,-0.256,0.000,0.000,0.000,-0.050,-0.411, 1.512;
8.944,0.163,-0.775,0.163,-0.775, 0.163,-0.076,-0.256,0.000,0.000,0.000,-0.042,-0.409, 1.512;
8.955,0.157,-0.779,0.157,-0.779, 0.163,-0.076,-0.256,0.000,0.000,0.000,-0.035,-0.408, 1.512;
8.966,0.150,-0.783,0.150,-0.783, 0.163,-0.076,-0.256,0.000,0.000,0.000,-0.029,-0.406, 1.512;
8.977,0.144,-0.786,0.144,-0.786, 0.163,-0.076,-0.256,0.000,0.000,0.000,-0.022,-0.404, 1.512;
8.989,0.137,-0.790,0.137,-0.790, 0.163,-0.076,-0.256,0.000,0.000,0.000,-0.015,-0.402, 1.512;
9.000,0.130,-0.794,0.130,-0.794, 0.163,-0.076,-0.256,0.000,0.000,0.000,-0.008,-0.400, 1.512;
9.011,0.123,-0.797,0.123,-0.797, 0.163,-0.076,-0.256,0.000,0.000,0.000,-0.002,-0.397, 1.512;
9.033,0.110,-0.803,0.110,-0.803, 0.163,-0.076,-0.256,0.000,0.000,0.000, 0.011,-0.393, 1.512;
9.044,0.103,-0.806,0.103,-0.806, 0.163,-0.076,-0.256,0.000,0.000,0.000, 0.018,-0.390, 1.512;
9.056,0.096,-0.809,0.096,-0.809, 0.163,-0.076,-0.256,0.000,0.000,0.000, 0.024,-0.388, 1.512;
9.069,0.087,-0.813,0.087,-0.813, 0.163,-0.076,-0.256,0.000,0.000,0.000, 0.032,-0.384, 1.512;
9.081,0.080,-0.816,0.080,-0.816, 0.163,-0.076,-0.256,0.000,0.000,0.000, 0.039,-0.381, 1.512;
9.093,0.073,-0.819,0.073,-0.819, 0.163,-0.076,-0.256,0.000,0.000,0.000, 0.046,-0.379, 1.512;
9.104,0.065,-0.821,0.065,-0.821, 0.163,-0.076,-0.256,0.000,0.000,0.000, 0.052,-0.375, 1.512;
9.117,0.057,-0.824,0.057,-0.824, 0.163,-0.076,-0.256,0.000,0.000,0.000, 0.060,-0.372, 1.512;
9.129,0.049,-0.827,0.049,-0.827, 0.163,-0.076,-0.256,0.000,0.000,0.000, 0.066,-0.368, 1.512;
9.141,0.041,-0.829,0.041,-0.829, 0.163,-0.076,-0.256,0.000,0.000,0.000, 0.073,-0.365, 1.512;
9.153,0.034,-0.831,0.034,-0.831, 0.163,-0.076,-0.256,0.000,0.000,0.000, 0.079,-0.361, 1.512;
9.164,0.026,-0.833,0.026,-0.833, 0.163,-0.076,-0.256,0.000,0.000,0.000, 0.086,-0.358, 1.512;
9.177,0.018,-0.835,0.018,-0.835, 0.163,-0.076,-0.256,0.000,0.000,0.000, 0.092,-0.354, 1.512;
9.189,0.010,-0.837,0.010,-0.837, 0.163,-0.076,-0.256,0.000,0.000,0.000, 0.099,-0.350, 1.512;
9.200,0.003,-0.839,0.003,-0.839, 0.163,-0.076,-0.256,0.000,0.000,0.000, 0.105,-0.346, 1.512;
9.211,-0.004,-0.841,-0.004,-0.841, 0.163,-0.076,-0.256,0.000,0.000,0.000, 0.111,-0.343, 1.512;
9.222,-0.011,-0.842,-0.011,-0.842, 0.163,-0.076,-0.256,0.000,0.000,0.000, 0.116,-0.339, 1.512;
9.233,-0.019,-0.844,-0.019,-0.844, 0.163,-0.076,-0.256,0.000,0.000,0.000, 0.122,-0.335, 1.512;
9.244,-0.026,-0.845,-0.026,-0.845, 0.163,-0.076,-0.256,0.000,0.000,0.000, 0.128,-0.331, 1.512;
9.266,-0.041,-0.847,-0.041,-0.847, 0.163,-0.076,-0.256,0.000,0.000,0.000, 0.139,-0.322, 1.512;
9.271,-0.044,-0.848,-0.044,-0.848, 0.163,-0.076,-0.256,0.000,0.000,0.000, 0.141,-0.321, 1.512;
9.280,-0.050,-0.848,-0.050,-0.848, 0.163,-0.076,-0.256,0.000,0.000,0.000, 0.146,-0.317, 1.512;
9.302,-0.065,-0.850,-0.065,-0.850, 0.163,-0.076,-0.256,0.000,0.000,0.000, 0.157,-0.308, 1.512;
9.314,-0.073,-0.851,-0.073,-0.851, 0.163,-0.076,-0.256,0.000,0.000,0.000, 0.163,-0.304, 1.512;
9.319,-0.077,-0.851,-0.077,-0.851, 0.163,-0.076,-0.256,0.000,0.000,0.000, 0.165,-0.302, 1.512;
9.330,-0.084,-0.851,-0.084,-0.851, 0.163,-0.076,-0.256,0.000,0.000,0.000, 0.170,-0.297, 1.512;
9.351,-0.098,-0.852,-0.098,-0.852, 0.163,-0.076,-0.256,0.000,0.000,0.000, 0.180,-0.288, 1.512;
9.363,-0.106,-0.852,-0.106,-0.852, 0.163,-0.076,-0.256,0.000,0.000,0.000, 0.185,-0.283, 1.512;
9.374,-0.114,-0.852,-0.114,-0.852, 0.163,-0.076,-0.256,0.000,0.000,0.000, 0.190,-0.278, 1.512;
9.385,-0.121,-0.852,-0.121,-0.852, 0.163,-0.076,-0.256,0.000,0.000,0.000, 0.195,-0.273, 1.512;
9.396,-0.129,-0.852,-0.129,-0.852, 0.163,-0.076,-0.256,0.000,0.000,0.000, 0.200,-0.268, 1.512;
9.407,-0.136,-0.852,-0.136,-0.852, 0.163,-0.076,-0.256,0.000,0.000,0.000, 0.205,-0.263, 1.512;
9.418,-0.144,-0.851,-0.144,-0.851, 0.163,-0.076,-0.256,0.000,0.000,0.000, 0.209,-0.258, 1.512;
9.429,-0.151,-0.851,-0.151,-0.851, 0.163,-0.076,-0.256,0.000,0.000,0.000, 0.214,-0.253, 1.512;
9.440,-0.159,-0.850,-0.159,-0.850, 0.163,-0.076,-0.256,0.000,0.000,0.000, 0.218,-0.247, 1.512;
9.451,-0.166,-0.850,-0.166,-0.850, 0.163,-0.076,-0.256,0.000,0.000,0.000, 0.223,-0.242, 1.512;
9.473,-0.180,-0.848,-0.180,-0.848, 0.163,-0.076,-0.256,0.000,0.000,0.000, 0.231,-0.232, 1.512;
9.485,-0.188,-0.847,-0.188,-0.847, 0.163,-0.076,-0.256,0.000,0.000,0.000, 0.236,-0.226, 1.512;
9.497,-0.196,-0.846,-0.196,-0.846, 0.163,-0.076,-0.256,0.000,0.000,0.000, 0.240,-0.220, 1.512;
9.508,-0.204,-0.845,-0.204,-0.845, 0.163,-0.076,-0.256,0.000,0.000,0.000, 0.245,-0.214, 1.512;
9.521,-0.213,-0.843,-0.213,-0.843, 0.163,-0.076,-0.256,0.000,0.000,0.000, 0.249,-0.207, 1.512;
9.533,-0.221,-0.842,-0.221,-0.842, 0.163,-0.076,-0.256,0.000,0.000,0.000, 0.254,-0.201, 1.512;
9.546,-0.229,-0.840,-0.229,-0.840, 0.163,-0.076,-0.256,0.000,0.000,0.000, 0.258,-0.194, 1.512;
9.558,-0.237,-0.838,-0.237,-0.838, 0.163,-0.076,-0.256,0.000,0.000,0.000, 0.262,-0.188, 1.512;
9.570,-0.245,-0.836,-0.245,-0.836, 0.163,-0.076,-0.256,0.000,0.000,0.000, 0.266,-0.181, 1.512;
9.582,-0.253,-0.834,-0.253,-0.834, 0.163,-0.076,-0.256,0.000,0.000,0.000, 0.270,-0.175, 1.512;
9.595,-0.261,-0.832,-0.261,-0.832, 0.163,-0.076,-0.256,0.000,0.000,0.000, 0.274,-0.168, 1.512;
9.608,-0.269,-0.829,-0.269,-0.829, 0.163,-0.076,-0.256,0.000,0.000,0.000, 0.277,-0.161, 1.512;
9.619,-0.277,-0.827,-0.277,-0.827, 0.163,-0.076,-0.256,0.000,0.000,0.000, 0.281,-0.154, 1.512;
9.632,-0.285,-0.824,-0.285,-0.824, 0.163,-0.076,-0.256,0.000,0.000,0.000, 0.284,-0.147, 1.512;
9.645,-0.293,-0.821,-0.293,-0.821, 0.163,-0.076,-0.256,0.000,0.000,0.000, 0.288,-0.140, 1.512;
