0.000,0.000,0.000,0.000,0.000, 0.000, 0.000, 0.000,0.000,0.000,0.000, 0.000, 0.000, 0.000;
0.011,0.032,-0.211,0.032,-0.211, 0.000,-0.007,-0.015,0.000,0.000,0.000, 0.000, 0.007, 0.643;
0.022,0.031,-0.210,0.031,-0.210, 0.000,-0.007,-0.015,0.000,0.000,0.000, 0.000, 0.007, 0.643;
0.044,0.031,-0.210,0.031,-0.210, 0.000,-0.007,-0.015,0.000,0.000,0.000, 0.000, 0.007, 0.643;
0.057,0.030,-0.209,0.030,-0.209, 0.000,-0.007,-0.015,0.000,0.000,0.000, 0.000, 0.007, 0.643;
0.069,0.030,-0.209,0.030,-0.209, 0.000,-0.007,-0.015,0.000,0.000,0.000, 0.000, 0.007, 0.643;
0.081,0.030,-0.209,0.030,-0.209, 0.000,-0.007,-0.015,0.000,0.000,0.000, 0.000, 0.007, 0.643;
0.093,0.029,-0.208,0.029,-0.208, 0.000,-0.007,-0.015,0.000,0.000,0.000, 0.000, 0.007, 0.643;
0.105,0.029,-0.208,0.029,-0.208, 0.000,-0.007,-0.015,0.000,0.000,0.000, 0.000, 0.007, 0.643;
0.116,0.029,-0.207,0.029,-0.207, 0.000,-0.007,-0.015,0.000,0.000,0.000, 0.000, 0.007, 0.643;
0.127,0.028,-0.207,0.028,-0.207, 0.000,-0.007,-0.015,0.000,0.000,0.000, 0.000, 0.007, 0.643;
0.139,0.028,-0.207,0.028,-0.207, 0.000,-0.007,-0.015,0.000,0.000,0.000, 0.000, 0.007, 0.643;
0.151,0.028,-0.206,0.028,-0.206, 0.000,-0.007,-0.015,0.000,0.000,0.000, 0.000, 0.007, 0.643;
0.165,0.027,-0.206,0.027,-0.206, 0.000,-0.007,-0.015,0.000,0.000,0.000, 0.000, 0.007, 0.643;
0.176,0.027,-0.206,0.027,-0.206, 0.000,-0.007,-0.015,0.000,0.000,0.000, 0.000, 0.007, 0.643;
0.187,0.027,-0.205,0.027,-0.205, 0.000,-0.007,-0.015,0.000,0.000,0.000, 0.000, 0.007, 0.643;
0.199,0.027,-0.205,0.027,-0.205, 0.000,-0.007,-0.015,0.000,0.000,0.000, 0.000, 0.007, 0.643;
0.211,0.026,-0.205,0.026,-0.205, 0.000,-0.007,-0.015,0.000,0.000,0.000, 0.000, 0.007, 0.643;
0.223,0.026,-0.204,0.026,-0.204, 0.000,-0.007,-0.015,0.000,0.000,0.000, 0.000, 0.007, 0.643;
0.234,0.026,-0.204,0.026,-0.204, 0.000,-0.007,-0.015,0.000,0.000,0.000, 0.000, 0.007, 0.643;
0.245,0.025,-0.204,0.025,-0.204, 0.000,-0.007,-0.015,0.000,0.000,0.000, 0.000, 0.007, 0.643;
0.257,0.025,-0.203,0.025,-0.203, 0.000,-0.007,-0.015,0.000,0.000,0.000, 0.000, 0.007, 0.643;
0.268,0.025,-0.203,0.025,-0.203, 0.000,-0.007,-0.015,0.000,0.000,0.000, 0.000, 0.007, 0.643;
0.279,0.024,-0.203,0.024,-0.203, 0.000,-0.007,-0.015,0.000,0.000,0.000, 0.000, 0.007, 0.643;
0.300,0.024,-0.202,0.024,-0.202, 0.000,-0.007,-0.015,0.000,0.000,0.000, 0.000, 0.007, 0.643;
0.312,0.024,-0.202,0.024,-0.202, 0.000,-0.007,-0.015,0.000,0.000,0.000, 0.000, 0.007, 0.643;
0.324,0.023,-0.201,0.023,-0.201, 0.000,-0.007,-0.015,0.000,0.000,0.000, 0.000, 0.007, 0.643;
0.335,0.023,-0.201,0.023,-0.201, 0.000,-0.007,-0.015,0.000,0.000,0.000, 0.000, 0.007, 0.643;
0.347,0.023,-0.201,0.023,-0.201, 0.000,-0.007,-0.015,0.000,0.000,0.000, 0.000, 0.007, 0.643;
0.359,0.022,-0.200,0.022,-0.200, 0.000,-0.007,-0.015,0.000,0.000,0.000, 0.000, 0.007, 0.643;
0.372,0.022,-0.200,0.022,-0.200, 0.000,-0.007,-0.015,0.000,0.000,0.000, 0.000, 0.007, 0.643;
0.383,0.022,-0.199,0.022,-0.199, 0.000,-0.007,-0.015,0.000,0.000,0.000, 0.000, 0.007, 0.643;
0.395,0.022,-0.199,0.022,-0.199, 0.000,-0.007,-0.015,0.000,0.000,0.000, 0.000, 0.007, 0.643;
0.407,0.021,-0.199,0.021,-0.199, 0.000,-0.007,-0.015,0.000,0.000,0.000, 0.000, 0.007, 0.643;
0.419,0.021,-0.198,0.021,-0.198, 0.000,-0.007,-0.015,0.000,0.000,0.000, 0.000, 0.007, 0.643;
0.431,0.021,-0.198,0.021,-0.198, 0.000,-0.007,-0.015,0.000,0.000,0.000, 0.000, 0.007, 0.643;
0.442,0.020,-0.198,0.020,-0.198, 0.000,-0.007,-0.015,0.000,0.000,0.000, 0.000, 0.007, 0.643;
0.453,0.020,-0.197,0.020,-0.197, 0.000,-0.007,-0.015,0.000,0.000,0.000, 0.000, 0.007, 0.643;
0.464,0.020,-0.197,0.020,-0.197, 0.000,-0.007,-0.015,0.000,0.000,0.000, 0.000, 0.007, 0.643;
0.475,0.020,-0.197,0.020,-0.197, 0.000,-0.007,-0.015,0.000,0.000,0.000, 0.000, 0.007, 0.643;
0.487,0.019,-0.196,0.019,-0.196, 0.000,-0.007,-0.015,0.000,0.000,0.000, 0.000, 0.007, 0.643;
0.509,0.019,-0.195,0.019,-0.195, 0.000,-0.007,-0.015,0.000,0.000,0.000, 0.000, 0.007, 0.643;
0.515,0.019,-0.195,0.019,-0.195, 0.000,-0.007,-0.015,0.000,0.000,0.000, 0.000, 0.007, 0.643;
0.525,0.018,-0.195,0.018,-0.195, 0.000,-0.007,-0.015,0.000,0.000,0.000, 0.000, 0.007, 0.643;
0.536,0.018,-0.195,0.018,-0.195, 0.000,-0.007,-0.015,0.000,0.000,0.000, 0.000, 0.007, 0.643;
0.558,0.018,-0.194,0.018,-0.194, 0.000,-0.007,-0.015,0.000,0.000,0.000, 0.000, 0.007, 0.643;
0.570,0.017,-0.193,0.017,-0.193, 0.000,-0.007,-0.015,0.000,0.000,0.000, 0.000, 0.007, 0.643;
0.581,0.017,-0.193,0.017,-0.193, 0.000,-0.007,-0.015,0.000,0.000,0.000, 0.000, 0.007, 0.643;
0.593,0.017,-0.193,0.017,-0.193, 0.000,-0.007,-0.015,0.000,0.000,0.000, 0.000, 0.007, 0.643;
0.605,0.017,-0.192,0.017,-0.192, 0.000,-0.007,-0.015,0.000,0.000,0.000, 0.000, 0.007, 0.643;
0.616,0.016,-0.192,0.016,-0.192, 0.000,-0.007,-0.015,0.000,0.000,0.000, 0.000, 0.007, 0.643;
0.628,0.016,-0.192,0.016,-0.192, 0.000,-0.007,-0.015,0.000,0.000,0.000, 0.000, 0.007, 0.643;
0.641,0.016,-0.191,0.016,-0.191, 0.000,-0.007,-0.015,0.000,0.000,0.000, 0.000, 0.007, 0.643;
0.654,0.016,-0.191,0.016,-0.191, 0.000,-0.007,-0.015,0.000,0.000,0.000, 0.000, 0.007, 0.643;
0.666,0.015,-0.190,0.015,-0.190, 0.000,-0.007,-0.015,0.000,0.000,0.000, 0.000, 0.007, 0.643;
0.678,0.015,-0.190,0.015,-0.190, 0.000,-0.007,-0.015,0.000,0.000,0.000, 0.000, 0.007, 0.643;
0.690,0.015,-0.189,0.015,-0.189, 0.000,-0.007,-0.015,0.000,0.000,0.000, 0.000, 0.007, 0.643;
0.703,0.015,-0.189,0.015,-0.189, 0.000,-0.007,-0.015,0.000,0.000,0.000, 0.000, 0.007, 0.643;
0.715,0.014,-0.189,0.014,-0.189, 0.000,-0.007,-0.015,0.000,0.000,0.000, 0.000, 0.007, 0.643;
0.726,0.014,-0.188,0.014,-0.188, 0.000,-0.007,-0.015,0.000,0.000,0.000, 0.000, 0.007, 0.643;
0.739,0.014,-0.188,0.014,-0.188, 0.000,-0.007,-0.015,0.000,0.000,0.000, 0.000, 0.007, 0.643;
0.752,0.013,-0.187,0.013,-0.187, 0.000,-0.007,-0.015,0.000,0.000,0.000, 0.000, 0.007, 0.643;
0.764,0.013,-0.187,0.013,-0.187, 0.000,-0.007,-0.015,0.000,0.000,0.000, 0.000, 0.007, 0.643;
0.776,0.013,-0.187,0.013,-0.187, 0.000,-0.007,-0.015,0.000,0.000,0.000, 0.000, 0.007, 0.643;
0.788,0.013,-0.186,0.013,-0.186, 0.000,-0.007,-0.015,0.000,0.000,0.000, 0.000, 0.007, 0.643;
0.802,0.012,-0.186,0.012,-0.186, 0.000,-0.007,-0.015,0.000,0.000,0.000, 0.000, 0.007, 0.643;
0.814,0.012,-0.185,0.012,-0.185, 0.000,-0.007,-0.015,0.000,0.000,0.000, 0.000, 0.007, 0.643;
0.826,0.012,-0.185,0.012,-0.185, 0.000,-0.007,-0.015,0.000,0.000,0.000, 0.000, 0.007, 0.643;
0.838,0.012,-0.184,0.012,-0.184, 0.000,-0.007,-0.015,0.000,0.000,0.000, 0.000, 0.007, 0.643;
0.850,0.011,-0.184,0.011,-0.184, 0.000,-0.007,-0.015,0.000,0.000,0.000, 0.000, 0.007, 0.643;
0.862,0.011,-0.184,0.011,-0.184, 0.000,-0.007,-0.015,0.000,0.000,0.000, 0.000, 0.007, 0.643;
0.876,0.011,-0.183,0.011,-0.183, 0.000,-0.007,-0.015,0.000,0.000,0.000, 0.000, 0.007, 0.643;
0.878,0.011,-0.183,0.011,-0.183, 0.000,-0.007,-0.015,0.000,0.000,0.000, 0.000, 0.007, 0.643;
0.900,0.011,-0.182,0.011,-0.182, 0.000,-0.007,-0.015,0.000,0.000,0.000, 0.000, 0.007, 0.643;
0.904,0.010,-0.182,0.010,-0.182, 0.000,-0.007,-0.015,0.000,0.000,0.000, 0.000, 0.007, 0.643;
0.915,0.010,-0.182,0.010,-0.182, 0.000,-0.007,-0.015,0.000,0.000,0.000, 0.000, 0.007, 0.643;
0.936,0.010,-0.181,0.010,-0.181, 0.000,-0.007,-0.015,0.000,0.000,0.000, 0.000, 0.007, 0.643;
0.948,0.010,-0.181,0.010,-0.181, 0.000,-0.007,-0.015,0.000,0.000,0.000, 0.000, 0.007, 0.643;
0.960,0.009,-0.180,0.009,-0.180, 0.000,-0.007,-0.015,0.000,0.000,0.000, 0.000, 0.007, 0.643;
0.965,0.009,-0.180,0.009,-0.180, 0.000,-0.007,-0.015,0.000,0.000,0.000, 0.000, 0.007, 0.643;
0.976,0.009,-0.180,0.009,-0.180, 0.000,-0.007,-0.015,0.000,0.000,0.000, 0.000, 0.007, 0.643;
0.998,0.009,-0.179,0.009,-0.179, 0.000,-0.007,-0.015,0.000,0.000,0.000, 0.000, 0.007, 0.643;
1.001,0.009,-0.179,0.009,-0.179, 0.000,-0.007,-0.015,0.000,0.000,0.000, 0.000, 0.007, 0.643;
1.012,0.008,-0.178,0.008,-0.178, 0.000,-0.007,-0.015,0.000,0.000,0.000, 0.000, 0.007, 0.643;
1.034,0.008,-0.178,0.008,-0.178, 0.000,-0.007,-0.015,0.000,0.000,0.000, 0.000, 0.007, 0.643;
1.046,0.008,-0.177,0.008,-0.177, 0.000,-0.007,-0.015,0.000,0.000,0.000, 0.000, 0.007, 0.643;
1.059,0.008,-0.177,0.008,-0.177, 0.000,-0.007,-0.015,0.000,0.000,0.000, 0.000, 0.007, 0.643;
1.070,0.007,-0.176,0.007,-0.176, 0.000,-0.007,-0.015,0.000,0.000,0.000, 0.000, 0.007, 0.643;
1.082,0.007,-0.176,0.007,-0.176, 0.000,-0.007,-0.015,0.000,0.000,0.000, 0.000, 0.007, 0.643;
1.094,0.007,-0.175,0.007,-0.175, 0.000,-0.007,-0.015,0.000,0.000,0.000, 0.000, 0.007, 0.643;
1.105,0.007,-0.175,0.007,-0.175, 0.000,-0.007,-0.015,0.000,0.000,0.000, 0.000, 0.007, 0.643;
1.118,0.007,-0.175,0.007,-0.175, 0.000,-0.007,-0.015,0.000,0.000,0.000, 0.000, 0.007, 0.643;
1.129,0.006,-0.174,0.006,-0.174, 0.000,-0.007,-0.015,0.000,0.000,0.000, 0.000, 0.007, 0.643;
1.140,0.006,-0.174,0.006,-0.174, 0.000,-0.007,-0.015,0.000,0.000,0.000, 0.000, 0.007, 0.643;
1.152,0.006,-0.173,0.006,-0.173, 0.000,-0.007,-0.015,0.000,0.000,0.000, 0.000, 0.007, 0.643;
1.164,0.006,-0.173,0.006,-0.173, 0.000,-0.007,-0.015,0.000,0.000,0.000, 0.000, 0.007, 0.643;
1.175,0.006,-0.173,0.006,-0.173, 0.000,-0.007,-0.015,0.000,0.000,0.000, 0.000, 0.007, 0.643;
1.186,0.005,-0.172,0.005,-0.172, 0.000,-0.007,-0.015,0.000,0.000,0.000, 0.000, 0.007, 0.643;
1.197,0.005,-0.172,0.005,-0.172, 0.000,-0.007,-0.015,0.000,0.000,0.000, 0.000, 0.007, 0.643;
1.208,0.005,-0.171,0.005,-0.171, 0.000,-0.007,-0.015,0.000,0.000,0.000, 0.000, 0.007, 0.643;
1.229,0.005,-0.171,0.005,-0.171, 0.000,-0.007,-0.015,0.000,0.000,0.000, 0.000, 0.007, 0.643;
1.241,0.005,-0.170,0.005,-0.170, 0.000,-0.007,-0.015,0.000,0.000,0.000, 0.000, 0.007, 0.643;
1.252,0.004,-0.170,0.004,-0.170, 0.000,-0.007,-0.015,0.000,0.000,0.000, 0.000, 0.007, 0.643;
1.264,0.004,-0.169,0.004,-0.169, 0.000,-0.007,-0.015,0.000,0.000,0.000, 0.000, 0.007, 0.643;
1.275,0.004,-0.169,0.004,-0.169, 0.000,-0.007,-0.015,0.000,0.000,0.000, 0.000, 0.007, 0.643;
1.287,0.004,-0.168,0.004,-0.168, 0.000,-0.007,-0.015,0.000,0.000,0.000, 0.000, 0.007, 0.643;
1.299,0.004,-0.168,0.004,-0.168, 0.000,-0.007,-0.015,0.000,0.000,0.000, 0.000, 0.007, 0.643;
1.311,0.004,-0.168,0.004,-0.168, 0.000,-0.007,-0.015,0.000,0.000,0.000, 0.000, 0.007, 0.643;
1.323,0.003,-0.167,0.003,-0.167, 0.000,-0.007,-0.015,0.000,0.000,0.000, 0.000, 0.007, 0.643;
1.334,0.003,-0.167,0.003,-0.167, 0.000,-0.007,-0.015,0.000,0.000,0.000, 0.000, 0.007, 0.643;
1.345,0.003,-0.166,0.003,-0.166, 0.000,-0.007,-0.015,0.000,0.000,0.000, 0.000, 0.007, 0.643;
1.357,0.003,-0.166,0.003,-0.166, 0.000,-0.007,-0.015,0.000,0.000,0.000, 0.000, 0.007, 0.643;
1.368,0.003,-0.165,0.003,-0.165, 0.000,-0.007,-0.015,0.000,0.000,0.000, 0.000, 0.007, 0.643;
1.379,0.003,-0.165,0.003,-0.165, 0.000,-0.007,-0.015,0.000,0.000,0.000, 0.000, 0.007, 0.643;
1.401,0.002,-0.164,0.002,-0.164, 0.000,-0.007,-0.015,0.000,0.000,0.000, 0.000, 0.007, 0.643;
1.413,0.002,-0.164,0.002,-0.164, 0.000,-0.007,-0.015,0.000,0.000,0.000, 0.000, 0.007, 0.643;
1.426,0.002,-0.163,0.002,-0.163, 0.000,-0.007,-0.015,0.000,0.000,0.000, 0.000, 0.007, 0.643;
1.438,0.002,-0.163,0.002,-0.163, 0.000,-0.007,-0.015,0.000,0.000,0.000, 0.000, 0.007, 0.643;
1.449,0.002,-0.162,0.002,-0.162, 0.000,-0.007,-0.015,0.000,0.000,0.000, 0.000, 0.007, 0.643;
1.462,0.002,-0.162,0.002,-0.162, 0.000,-0.007,-0.015,0.000,0.000,0.000, 0.000, 0.007, 0.643;
1.476,0.001,-0.161,0.001,-0.161, 0.000,-0.007,-0.015,0.000,0.000,0.000, 0.000, 0.007, 0.643;
1.478,0.001,-0.161,0.001,-0.161, 0.000,-0.007,-0.015,0.000,0.000,0.000, 0.000, 0.007, 0.643;
1.490,0.001,-0.161,0.001,-0.161, 0.000,-0.007,-0.015,0.000,0.000,0.000, 0.000, 0.007, 0.643;
1.502,0.001,-0.160,0.001,-0.160, 0.000,-0.007,-0.015,0.000,0.000,0.000, 0.000, 0.007, 0.643;
1.524,0.001,-0.160,0.001,-0.160, 0.000,-0.007,-0.015,0.000,0.000,0.000, 0.000, 0.007, 0.643;
1.528,0.001,-0.159,0.001,-0.159, 0.000,-0.007,-0.015,0.000,0.000,0.000, 0.000, 0.007, 0.643;
1.539,0.001,-0.159,0.001,-0.159, 0.000,-0.007,-0.015,0.000,0.000,0.000, 0.000, 0.007, 0.643;
1.551,0.000,-0.159,0.000,-0.159, 0.000,-0.007,-0.015,0.000,0.000,0.000, 0.000, 0.007, 0.643;
1.573,0.000,-0.158,0.000,-0.158, 0.000,-0.007,-0.015,0.000,0.000,0.000, 0.000, 0.007, 0.643;
1.577,0.000,-0.158,0.000,-0.158, 0.000,-0.007,-0.015,0.000,0.000,0.000, 0.000, 0.007, 0.643;
1.589,0.000,-0.157,0.000,-0.157, 0.000,-0.007,-0.015,0.000,0.000,0.000, 0.000, 0.007, 0.643;
1.600,-0.000,-0.157,-0.000,-0.157, 0.000,-0.007,-0.015,0.000,0.000,0.000, 0.000, 0.007, 0.643;
1.612,-0.000,-0.156,-0.000,-0.156, 0.000,-0.007,-0.015,0.000,0.000,0.000, 0.000, 0.007, 0.643;
1.634,-0.000,-0.155,-0.000,-0.155, 0.000,-0.007,-0.015,0.000,0.000,0.000, 0.000, 0.007, 0.643;
1.638,-0.001,-0.155,-0.001,-0.155, 0.000,-0.007,-0.015,0.000,0.000,0.000, 0.000, 0.007, 0.643;
1.649,-0.001,-0.155,-0.001,-0.155, 0.000,-0.007,-0.015,0.000,0.000,0.000, 0.000, 0.007, 0.643;
1.661,-0.001,-0.154,-0.001,-0.154, 0.000,-0.007,-0.015,0.000,0.000,0.000, 0.000, 0.007, 0.643;
1.683,-0.001,-0.153,-0.001,-0.153, 0.000,-0.007,-0.015,0.000,0.000,0.000, 0.000, 0.007, 0.643;
1.686,-0.001,-0.153,-0.001,-0.153, 0.000,-0.007,-0.015,0.000,0.000,0.000, 0.000, 0.007, 0.643;
1.697,-0.001,-0.153,-0.001,-0.153, 0.000,-0.007,-0.015,0.000,0.000,0.000, 0.000, 0.007, 0.643;
1.719,-0.001,-0.152,-0.001,-0.152, 0.000,-0.007,-0.015,0.000,0.000,0.000, 0.000, 0.007, 0.643;
1.732,-0.001,-0.152,-0.001,-0.152, 0.000,-0.007,-0.015,0.000,0.000,0.000, 0.000, 0.007, 0.643;
1.737,-0.002,-0.151,-0.002,-0.151, 0.000,-0.007,-0.015,0.000,0.000,0.000, 0.000, 0.007, 0.643;
1.746,-0.002,-0.151,-0.002,-0.151, 0.000,-0.007,-0.015,0.000,0.000,0.000, 0.000, 0.007, 0.643;
1.768,-0.002,-0.150,-0.002,-0.150, 0.000,-0.007,-0.015,0.000,0.000,0.000, 0.000, 0.007, 0.643;
1.774,-0.002,-0.150,-0.002,-0.150, 0.000,-0.007,-0.015,0.000,0.000,0.000, 0.000, 0.007, 0.643;
1.786,-0.002,-0.150,-0.002,-0.150, 0.000,-0.007,-0.015,0.000,0.000,0.000, 0.000, 0.007, 0.643;
1.797,-0.002,-0.149,-0.002,-0.149, 0.000,-0.007,-0.015,0.000,0.000,0.000, 0.000, 0.007, 0.643;
1.809,-0.002,-0.149,-0.002,-0.149, 0.000,-0.007,-0.015,0.000,0.000,0.000, 0.000, 0.007, 0.643;
1.820,-0.002,-0.148,-0.002,-0.148, 0.000,-0.007,-0.015,0.000,0.000,0.000, 0.000, 0.007, 0.643;
1.842,-0.002,-0.147,-0.002,-0.147, 0.000,-0.007,-0.015,0.000,0.000,0.000, 0.000, 0.007, 0.643;
1.854,-0.003,-0.147,-0.003,-0.147, 0.000,-0.007,-0.015,0.000,0.000,0.000, 0.000, 0.007, 0.643;
1.865,-0.003,-0.146,-0.003,-0.146, 0.000,-0.007,-0.015,0.000,0.000,0.000, 0.000, 0.007, 0.643;
1.877,-0.003,-0.146,-0.003,-0.146, 0.000,-0.007,-0.015,0.000,0.000,0.000, 0.000, 0.007, 0.643;
1.890,-0.003,-0.145,-0.003,-0.145, 0.000,-0.007,-0.015,0.000,0.000,0.000, 0.000, 0.007, 0.643;
1.903,-0.003,-0.145,-0.003,-0.145, 0.000,-0.007,-0.015,0.000,0.000,0.000, 0.000, 0.007, 0.643;
1.914,-0.003,-0.145,-0.003,-0.145, 0.000,-0.007,-0.015,0.000,0.000,0.000, 0.000, 0.007, 0.643;
1.926,-0.003,-0.144,-0.003,-0.144, 0.000,-0.007,-0.015,0.000,0.000,0.000, 0.000, 0.007, 0.643;
1.938,-0.003,-0.144,-0.003,-0.144, 0.000,-0.007,-0.015,0.000,0.000,0.000, 0.000, 0.007, 0.643;
1.951,-0.003,-0.143,-0.003,-0.143, 0.000,-0.007,-0.015,0.000,0.000,0.000, 0.000, 0.007, 0.643;
1.963,-0.003,-0.143,-0.003,-0.143, 0.000,-0.007,-0.015,0.000,0.000,0.000, 0.000, 0.007, 0.643;
1.975,-0.003,-0.142,-0.003,-0.142, 0.000,-0.007,-0.015,0.000,0.000,0.000, 0.000, 0.007, 0.643;
1.987,-0.003,-0.142,-0.003,-0.142, 0.000,-0.007,-0.015,0.000,0.000,0.000, 0.000, 0.007, 0.643;
1.999,-0.004,-0.141,-0.004,-0.141, 0.000,-0.007,-0.015,0.000,0.000,0.000, 0.000, 0.007, 0.643;
2.012,-0.004,-0.141,-0.004,-0.141, 0.000,-0.007,-0.015,0.000,0.000,0.000, 0.000, 0.007, 0.643;
2.025,-0.004,-0.140,-0.004,-0.140, 0.000,-0.007,-0.015,0.000,0.000,0.000, 0.000, 0.007, 0.643;
2.037,-0.004,-0.140,-0.004,-0.140, 0.000,-0.007,-0.015,0.000,0.000,0.000, 0.000, 0.007, 0.643;
2.041,-0.004,-0.140,-0.004,-0.140, 0.000,-0.007,-0.015,0.000,0.000,0.000, 0.000, 0.007, 0.643;
2.052,-0.004,-0.139,-0.004,-0.139, 0.000,-0.007,-0.015,0.000,0.000,0.000, 0.000, 0.007, 0.643;
2.074,-0.004,-0.138,-0.004,-0.138, 0.000,-0.007,-0.015,0.000,0.000,0.000, 0.000, 0.007, 0.643;
2.087,-0.004,-0.138,-0.004,-0.138, 0.000,-0.007,-0.015,0.000,0.000,0.000, 0.000, 0.007, 0.643;
2.090,-0.004,-0.138,-0.004,-0.138, 0.000,-0.007,-0.015,0.000,0.000,0.000, 0.000, 0.007, 0.643;
2.101,-0.004,-0.137,-0.004,-0.137, 0.000,-0.007,-0.015,0.000,0.000,0.000, 0.000, 0.007, 0.643;
2.124,-0.004,-0.136,-0.004,-0.136, 0.000,-0.007,-0.015,0.000,0.000,0.000, 0.000, 0.007, 0.643;
2.127,-0.004,-0.136,-0.004,-0.136, 0.000,-0.007,-0.015,0.000,0.000,0.000, 0.000, 0.007, 0.643;
2.138,-0.004,-0.136,-0.004,-0.136, 0.000,-0.007,-0.015,0.000,0.000,0.000, 0.000, 0.007, 0.643;
2.149,-0.004,-0.135,-0.004,-0.135, 0.000,-0.007,-0.015,0.000,0.000,0.000, 0.000, 0.007, 0.643;
2.171,-0.004,-0.134,-0.004,-0.134, 0.000,-0.007,-0.015,0.000,0.000,0.000, 0.000, 0.007, 0.643;
2.174,-0.004,-0.134,-0.004,-0.134, 0.000,-0.007,-0.015,0.000,0.000,0.000, 0.000, 0.007, 0.643;
2.196,-0.005,-0.133,-0.005,-0.133, 0.000,-0.007,-0.015,0.000,0.000,0.000, 0.000, 0.007, 0.643;
2.200,-0.005,-0.133,-0.005,-0.133, 0.000,-0.007,-0.015,0.000,0.000,0.000, 0.000, 0.007, 0.643;
2.211,-0.005,-0.133,-0.005,-0.133, 0.000,-0.007,-0.015,0.000,0.000,0.000, 0.000, 0.007, 0.643;
2.233,-0.005,-0.132,-0.005,-0.132, 0.000,-0.007,-0.015,0.000,0.000,0.000, 0.000, 0.007, 0.643;
2.237,-0.005,-0.132,-0.005,-0.132, 0.000,-0.007,-0.015,0.000,0.000,0.000, 0.000, 0.007, 0.643;
2.248,-0.005,-0.131,-0.005,-0.131, 0.000,-0.007,-0.015,0.000,0.000,0.000, 0.000, 0.007, 0.643;
2.270,-0.005,-0.131,-0.005,-0.131, 0.000,-0.007,-0.015,0.000,0.000,0.000, 0.000, 0.007, 0.643;
2.283,-0.005,-0.130,-0.005,-0.130, 0.000,-0.007,-0.015,0.000,0.000,0.000, 0.000, 0.007, 0.643;
2.285,-0.005,-0.130,-0.005,-0.130, 0.000,-0.007,-0.015,0.000,0.000,0.000, 0.000, 0.007, 0.643;
2.306,-0.005,-0.129,-0.005,-0.129, 0.000,-0.007,-0.015,0.000,0.000,0.000, 0.000, 0.007, 0.643;
2.317,-0.005,-0.129,-0.005,-0.129, 0.000,-0.007,-0.015,0.000,0.000,0.000, 0.000, 0.007, 0.643;
2.329,-0.005,-0.128,-0.005,-0.128, 0.000,-0.007,-0.015,0.000,0.000,0.000, 0.000, 0.007, 0.643;
2.341,-0.005,-0.128,-0.005,-0.128, 0.000,-0.007,-0.015,0.000,0.000,0.000, 0.000, 0.007, 0.643;
2.354,-0.005,-0.127,-0.005,-0.127, 0.000,-0.007,-0.015,0.000,0.000,0.000, 0.000, 0.007, 0.643;
2.366,-0.005,-0.127,-0.005,-0.127, 0.000,-0.007,-0.015,0.000,0.000,0.000, 0.000, 0.007, 0.643;
2.377,-0.005,-0.126,-0.005,-0.126, 0.000,-0.007,-0.015,0.000,0.000,0.000, 0.000, 0.007, 0.643;
2.388,-0.005,-0.126,-0.005,-0.126, 0.000,-0.007,-0.015,0.000,0.000,0.000, 0.000, 0.007, 0.643;
2.399,-0.005,-0.125,-0.005,-0.125, 0.000,-0.007,-0.015,0.000,0.000,0.000, 0.000, 0.007, 0.643;
2.410,-0.005,-0.125,-0.005,-0.125, 0.000,-0.007,-0.015,0.000,0.000,0.000, 0.000, 0.007, 0.643;
2.421,-0.005,-0.124,-0.005,-0.124, 0.000,-0.007,-0.015,0.000,0.000,0.000, 0.000, 0.007, 0.643;
2.432,-0.005,-0.124,-0.005,-0.124, 0.000,-0.007,-0.015,0.000,0.000,0.000, 0.000, 0.007, 0.643;
2.443,-0.005,-0.124,-0.005,-0.124, 0.000,-0.007,-0.015,0.000,0.000,0.000, 0.000, 0.007, 0.643;
2.465,-0.005,-0.123,-0.005,-0.123, 0.000,-0.007,-0.015,0.000,0.000,0.000, 0.000, 0.007, 0.643;
2.476,-0.005,-0.122,-0.005,-0.122, 0.000,-0.007,-0.015,0.000,0.000,0.000, 0.000, 0.007, 0.643;
2.488,-0.005,-0.122,-0.005,-0.122, 0.000,-0.007,-0.015,0.000,0.000,0.000, 0.000, 0.007, 0.643;
2.500,-0.005,-0.121,-0.005,-0.121, 0.000,-0.007,-0.015,0.000,0.000,0.000, 0.000, 0.007, 0.643;
2.512,-0.005,-0.121,-0.005,-0.121, 0.000,-0.007,-0.015,0.000,0.000,0.000, 0.000, 0.007, 0.643;
2.523,-0.005,-0.120,-0.005,-0.120, 0.000,-0.007,-0.015,0.000,0.000,0.000, 0.000, 0.007, 0.643;
2.535,-0.005,-0.120,-0.005,-0.120, 0.000,-0.007,-0.015,0.000,0.000,0.000, 0.000, 0.007, 0.643;
2.546,-0.005,-0.120,-0.005,-0.120, 0.000,-0.007,-0.015,0.000,0.000,0.000, 0.000, 0.007, 0.643;
2.557,-0.005,-0.119,-0.005,-0.119, 0.000,-0.007,-0.015,0.000,0.000,0.000, 0.000, 0.007, 0.643;
2.570,-0.005,-0.119,-0.005,-0.119, 0.000,-0.007,-0.015,0.000,0.000,0.000, 0.000, 0.007, 0.643;
2.581,-0.005,-0.118,-0.005,-0.118, 0.000,-0.007,-0.015,0.000,0.000,0.000, 0.000, 0.007, 0.643;
2.593,-0.005,-0.118,-0.005,-0.118, 0.000,-0.007,-0.015,0.000,0.000,0.000, 0.000, 0.007, 0.643;
2.604,-0.005,-0.117,-0.005,-0.117, 0.000,-0.007,-0.015,0.000,0.000,0.000, 0.000, 0.007, 0.643;
2.615,-0.005,-0.117,-0.005,-0.117, 0.000,-0.007,-0.015,0.000,0.000,0.000, 0.000, 0.007, 0.643;
2.627,-0.005,-0.116,-0.005,-0.116, 0.000,-0.007,-0.015,0.000,0.000,0.000, 0.000, 0.007, 0.643;
2.640,-0.005,-0.116,-0.005,-0.116, 0.000,-0.007,-0.015,0.000,0.000,0.000, 0.000, 0.007, 0.643;
2.651,-0.005,-0.115,-0.005,-0.115, 0.000,-0.007,-0.015,0.000,0.000,0.000, 0.000, 0.007, 0.643;
2.673,-0.005,-0.114,-0.005,-0.114, 0.000,-0.007,-0.015,0.000,0.000,0.000, 0.000, 0.007, 0.643;
2.677,-0.005,-0.114,-0.005,-0.114, 0.000,-0.007,-0.015,0.000,0.000,0.000, 0.000, 0.007, 0.643;
2.698,-0.005,-0.114,-0.005,-0.114, 0.000,-0.007,-0.015,0.000,0.000,0.000, 0.000, 0.007, 0.643;
2.710,-0.005,-0.113,-0.005,-0.113, 0.000,-0.007,-0.015,0.000,0.000,0.000, 0.000, 0.007, 0.643;
2.713,-0.005,-0.113,-0.005,-0.113, 0.000,-0.007,-0.015,0.000,0.000,0.000, 0.000, 0.007, 0.643;
2.724,-0.005,-0.112,-0.005,-0.112, 0.000,-0.007,-0.015,0.000,0.000,0.000, 0.000, 0.007, 0.643;
2.746,-0.005,-0.112,-0.005,-0.112, 0.000,-0.007,-0.015,0.000,0.000,0.000, 0.000, 0.007, 0.643;
2.759,-0.005,-0.111,-0.005,-0.111, 0.000,-0.007,-0.015,0.000,0.000,0.000, 0.000, 0.007, 0.643;
2.762,-0.005,-0.111,-0.005,-0.111, 0.000,-0.007,-0.015,0.000,0.000,0.000, 0.000, 0.007, 0.643;
2.774,-0.005,-0.111,-0.005,-0.111, 0.000,-0.007,-0.015,0.000,0.000,0.000, 0.000, 0.007, 0.643;
2.795,-0.005,-0.110,-0.005,-0.110, 0.000,-0.007,-0.015,0.000,0.000,0.000, 0.000, 0.007, 0.643;
2.807,-0.005,-0.109,-0.005,-0.109, 0.000,-0.007,-0.015,0.000,0.000,0.000, 0.000, 0.007, 0.643;
2.820,-0.004,-0.109,-0.004,-0.109, 0.000,-0.007,-0.015,0.000,0.000,0.000, 0.000, 0.007, 0.643;
2.832,-0.004,-0.108,-0.004,-0.108, 0.000,-0.007,-0.015,0.000,0.000,0.000, 0.000, 0.007, 0.643;
2.835,-0.004,-0.108,-0.004,-0.108, 0.000,-0.007,-0.015,0.000,0.000,0.000, 0.000, 0.007, 0.643;
2.857,-0.004,-0.107,-0.004,-0.107, 0.000,-0.007,-0.015,0.000,0.000,0.000, 0.000, 0.007, 0.643;
2.862,-0.004,-0.107,-0.004,-0.107, 0.000,-0.007,-0.015,0.000,0.000,0.000, 0.000, 0.007, 0.643;
2.872,-0.004,-0.107,-0.004,-0.107, 0.000,-0.007,-0.015,0.000,0.000,0.000, 0.000, 0.007, 0.643;
2.884,-0.004,-0.106,-0.004,-0.106, 0.000,-0.007,-0.015,0.000,0.000,0.000, 0.000, 0.007, 0.643;
2.906,-0.004,-0.105,-0.004,-0.105, 0.000,-0.007,-0.015,0.000,0.000,0.000, 0.000, 0.007, 0.643;
2.909,-0.004,-0.105,-0.004,-0.105, 0.000,-0.007,-0.015,0.000,0.000,0.000, 0.000, 0.007, 0.643;
2.920,-0.004,-0.105,-0.004,-0.105, 0.000,-0.007,-0.015,0.000,0.000,0.000, 0.000, 0.007, 0.643;
2.941,-0.004,-0.104,-0.004,-0.104, 0.000,-0.007,-0.015,0.000,0.000,0.000, 0.000, 0.007, 0.643;
2.953,-0.004,-0.103,-0.004,-0.103, 0.000,-0.007,-0.015,0.000,0.000,0.000, 0.000, 0.007, 0.643;
2.966,-0.004,-0.103,-0.004,-0.103, 0.000,-0.007,-0.015,0.000,0.000,0.000, 0.000, 0.007, 0.643;
2.978,-0.004,-0.102,-0.004,-0.102, 0.000,-0.007,-0.015,0.000,0.000,0.000, 0.000, 0.007, 0.643;
2.990,-0.004,-0.102,-0.004,-0.102, 0.000,-0.007,-0.015,0.000,0.000,0.000, 0.000, 0.007, 0.643;
3.002,-0.004,-0.101,-0.004,-0.101, 0.000,-0.007,-0.015,0.000,0.000,0.000, 0.000, 0.007, 0.643;
3.015,-0.003,-0.101,-0.003,-0.101, 0.000,-0.007,-0.015,0.000,0.000,0.000, 0.000, 0.007, 0.643;
3.028,-0.003,-0.100,-0.003,-0.100, 0.000,-0.007,-0.015,0.000,0.000,0.000, 0.000, 0.007, 0.643;
3.031,-0.003,-0.100,-0.003,-0.100, 0.000,-0.007,-0.015,0.000,0.000,0.000, 0.000, 0.007, 0.643;
3.042,-0.003,-0.100,-0.003,-0.100, 0.000,-0.007,-0.015,0.000,0.000,0.000, 0.000, 0.007, 0.643;
3.064,-0.003,-0.099,-0.003,-0.099, 0.000,-0.007,-0.015,0.000,0.000,0.000, 0.000, 0.007, 0.643;
3.076,-0.003,-0.099,-0.003,-0.099, 0.000,-0.007,-0.015,0.000,0.000,0.000, 0.000, 0.007, 0.643;
3.088,-0.003,-0.098,-0.003,-0.098, 0.000,-0.007,-0.015,0.000,0.000,0.000, 0.000, 0.007, 0.643;
3.101,-0.003,-0.098,-0.003,-0.098, 0.000,-0.007,-0.015,0.000,0.000,0.000, 0.000, 0.007, 0.643;
3.113,-0.003,-0.097,-0.003,-0.097, 0.000,-0.007,-0.015,0.000,0.000,0.000, 0.000, 0.007, 0.643;
3.118,-0.003,-0.097,-0.003,-0.097, 0.000,-0.007,-0.015,0.000,0.000,0.000, 0.000, 0.007, 0.643;
3.129,-0.003,-0.097,-0.003,-0.097, 0.000,-0.007,-0.015,0.000,0.000,0.000, 0.000, 0.007, 0.643;
3.140,-0.003,-0.096,-0.003,-0.096, 0.000,-0.007,-0.015,0.000,0.000,0.000, 0.000, 0.007, 0.643;
3.162,-0.002,-0.095,-0.002,-0.095, 0.000,-0.007,-0.015,0.000,0.000,0.000, 0.000, 0.007, 0.643;
3.166,-0.002,-0.095,-0.002,-0.095, 0.000,-0.007,-0.015,0.000,0.000,0.000, 0.000, 0.007, 0.643;
3.177,-0.002,-0.095,-0.002,-0.095, 0.000,-0.007,-0.015,0.000,0.000,0.000, 0.000, 0.007, 0.643;
3.189,-0.002,-0.094,-0.002,-0.094, 0.000,-0.007,-0.015,0.000,0.000,0.000, 0.000, 0.007, 0.643;
3.211,-0.002,-0.093,-0.002,-0.093, 0.000,-0.007,-0.015,0.000,0.000,0.000, 0.000, 0.007, 0.643;
3.215,-0.002,-0.093,-0.002,-0.093, 0.000,-0.007,-0.015,0.000,0.000,0.000, 0.000, 0.007, 0.643;
3.226,-0.002,-0.093,-0.002,-0.093, 0.000,-0.007,-0.015,0.000,0.000,0.000, 0.000, 0.007, 0.643;
3.248,-0.002,-0.092,-0.002,-0.092, 0.000,-0.007,-0.015,0.000,0.000,0.000, 0.000, 0.007, 0.643;
3.260,-0.002,-0.091,-0.002,-0.091, 0.000,-0.007,-0.015,0.000,0.000,0.000, 0.000, 0.007, 0.643;
3.264,-0.002,-0.091,-0.002,-0.091, 0.000,-0.007,-0.015,0.000,0.000,0.000, 0.000, 0.007, 0.643;
3.275,-0.001,-0.091,-0.001,-0.091, 0.000,-0.007,-0.015,0.000,0.000,0.000, 0.000, 0.007, 0.643;
3.296,-0.001,-0.090,-0.001,-0.090, 0.000,-0.007,-0.015,0.000,0.000,0.000, 0.000, 0.007, 0.643;
3.309,-0.001,-0.090,-0.001,-0.090, 0.000,-0.007,-0.015,0.000,0.000,0.000, 0.000, 0.007, 0.643;
3.312,-0.001,-0.089,-0.001,-0.089, 0.000,-0.007,-0.015,0.000,0.000,0.000, 0.000, 0.007, 0.643;
3.334,-0.001,-0.089,-0.001,-0.089, 0.000,-0.007,-0.015,0.000,0.000,0.000, 0.000, 0.007, 0.643;
3.337,-0.001,-0.089,-0.001,-0.089, 0.000,-0.007,-0.015,0.000,0.000,0.000, 0.000, 0.007, 0.643;
3.348,-0.001,-0.088,-0.001,-0.088, 0.000,-0.007,-0.015,0.000,0.000,0.000, 0.000, 0.007, 0.643;
3.369,-0.000,-0.087,-0.000,-0.087, 0.000,-0.007,-0.015,0.000,0.000,0.000, 0.000, 0.007, 0.643;
3.381,-0.000,-0.087,-0.000,-0.087, 0.000,-0.007,-0.015,0.000,0.000,0.000, 0.000, 0.007, 0.643;
3.393,-0.000,-0.086,-0.000,-0.086, 0.000,-0.007,-0.015,0.000,0.000,0.000, 0.000, 0.007, 0.643;
3.406,-0.000,-0.086,-0.000,-0.086, 0.000,-0.007,-0.015,0.000,0.000,0.000, 0.000, 0.007, 0.643;
3.410,0.000,-0.086,0.000,-0.086, 0.000,-0.007,-0.015,0.000,0.000,0.000, 0.000, 0.007, 0.643;
3.422,0.000,-0.085,0.000,-0.085, 0.000,-0.007,-0.015,0.000,0.000,0.000, 0.000, 0.007, 0.643;
3.443,0.000,-0.084,0.000,-0.084, 0.000,-0.007,-0.015,0.000,0.000,0.000, 0.000, 0.007, 0.643;
3.455,0.001,-0.084,0.001,-0.084, 0.000,-0.007,-0.015,0.000,0.000,0.000, 0.000, 0.007, 0.643;
3.468,0.001,-0.083,0.001,-0.083, 0.000,-0.007,-0.015,0.000,0.000,0.000, 0.000, 0.007, 0.643;
3.473,0.001,-0.083,0.001,-0.083, 0.000,-0.007,-0.015,0.000,0.000,0.000, 0.000, 0.007, 0.643;
3.484,0.001,-0.083,0.001,-0.083, 0.000,-0.007,-0.015,0.000,0.000,0.000, 0.000, 0.007, 0.643;
3.495,0.001,-0.082,0.001,-0.082, 0.000,-0.007,-0.015,0.000,0.000,0.000, 0.000, 0.007, 0.643;
3.507,0.001,-0.082,0.001,-0.082, 0.000,-0.007,-0.015,0.000,0.000,0.000, 0.000, 0.007, 0.643;
3.529,0.001,-0.081,0.001,-0.081, 0.000,-0.007,-0.015,0.000,0.000,0.000, 0.000, 0.007, 0.643;
3.541,0.002,-0.081,0.002,-0.081, 0.000,-0.007,-0.015,0.000,0.000,0.000, 0.000, 0.007, 0.643;
3.553,0.002,-0.080,0.002,-0.080, 0.000,-0.007,-0.015,0.000,0.000,0.000, 0.000, 0.007, 0.643;
3.557,0.002,-0.080,0.002,-0.080, 0.000,-0.007,-0.015,0.000,0.000,0.000, 0.000, 0.007, 0.643;
3.569,0.002,-0.080,0.002,-0.080, 0.000,-0.007,-0.015,0.000,0.000,0.000, 0.000, 0.007, 0.643;
3.580,0.002,-0.079,0.002,-0.079, 0.000,-0.007,-0.015,0.000,0.000,0.000, 0.000, 0.007, 0.643;
3.602,0.002,-0.078,0.002,-0.078, 0.000,-0.007,-0.015,0.000,0.000,0.000, 0.000, 0.007, 0.643;
3.614,0.003,-0.078,0.003,-0.078, 0.000,-0.007,-0.015,0.000,0.000,0.000, 0.000, 0.007, 0.643;
3.626,0.003,-0.078,0.003,-0.078, 0.000,-0.007,-0.015,0.000,0.000,0.000, 0.000, 0.007, 0.643;
3.639,0.003,-0.077,0.003,-0.077, 0.000,-0.007,-0.015,0.000,0.000,0.000, 0.000, 0.007, 0.643;
3.651,0.003,-0.077,0.003,-0.077, 0.000,-0.007,-0.015,0.000,0.000,0.000, 0.000, 0.007, 0.643;
3.663,0.003,-0.076,0.003,-0.076, 0.000,-0.007,-0.015,0.000,0.000,0.000, 0.000, 0.007, 0.643;
3.675,0.003,-0.076,0.003,-0.076, 0.000,-0.007,-0.015,0.000,0.000,0.000, 0.000, 0.007, 0.643;
3.687,0.004,-0.075,0.004,-0.075, 0.000,-0.007,-0.015,0.000,0.000,0.000, 0.000, 0.007, 0.643;
3.699,0.004,-0.075,0.004,-0.075, 0.000,-0.007,-0.015,0.000,0.000,0.000, 0.000, 0.007, 0.643;
3.711,0.004,-0.074,0.004,-0.074, 0.000,-0.007,-0.015,0.000,0.000,0.000, 0.000, 0.007, 0.643;
3.726,0.004,-0.074,0.004,-0.074, 0.000,-0.007,-0.015,0.000,0.000,0.000, 0.000, 0.007, 0.643;
3.729,0.004,-0.074,0.004,-0.074, 0.000,-0.007,-0.015,0.000,0.000,0.000, 0.000, 0.007, 0.643;
3.740,0.004,-0.073,0.004,-0.073, 0.000,-0.007,-0.015,0.000,0.000,0.000, 0.000, 0.007, 0.643;
3.752,0.005,-0.073,0.005,-0.073, 0.000,-0.007,-0.015,0.000,0.000,0.000, 0.000, 0.007, 0.643;
3.773,0.005,-0.072,0.005,-0.072, 0.000,-0.007,-0.015,0.000,0.000,0.000, 0.000, 0.007, 0.643;
3.785,0.005,-0.072,0.005,-0.072, 0.000,-0.007,-0.015,0.000,0.000,0.000, 0.000, 0.007, 0.643;
3.797,0.005,-0.071,0.005,-0.071, 0.000,-0.007,-0.015,0.000,0.000,0.000, 0.000, 0.007, 0.643;
3.809,0.005,-0.071,0.005,-0.071, 0.000,-0.007,-0.015,0.000,0.000,0.000, 0.000, 0.007, 0.643;
3.821,0.006,-0.070,0.006,-0.070, 0.000,-0.007,-0.015,0.000,0.000,0.000, 0.000, 0.007, 0.643;
3.834,0.006,-0.070,0.006,-0.070, 0.000,-0.007,-0.015,0.000,0.000,0.000, 0.000, 0.007, 0.643;
3.846,0.006,-0.069,0.006,-0.069, 0.000,-0.007,-0.015,0.000,0.000,0.000, 0.000, 0.007, 0.643;
3.859,0.006,-0.069,0.006,-0.069, 0.000,-0.007,-0.015,0.000,0.000,0.000, 0.000, 0.007, 0.643;
3.871,0.006,-0.069,0.006,-0.069, 0.000,-0.007,-0.015,0.000,0.000,0.000, 0.000, 0.007, 0.643;
3.884,0.007,-0.068,0.007,-0.068, 0.000,-0.007,-0.015,0.000,0.000,0.000, 0.000, 0.007, 0.643;
3.895,0.007,-0.068,0.007,-0.068, 0.000,-0.007,-0.015,0.000,0.000,0.000, 0.000, 0.007, 0.643;
3.908,0.007,-0.067,0.007,-0.067, 0.000,-0.007,-0.015,0.000,0.000,0.000, 0.000, 0.007, 0.643;
3.920,0.007,-0.067,0.007,-0.067, 0.000,-0.007,-0.015,0.000,0.000,0.000, 0.000, 0.007, 0.643;
3.924,0.007,-0.067,0.007,-0.067, 0.000,-0.007,-0.015,0.000,0.000,0.000, 0.000, 0.007, 0.643;
3.935,0.008,-0.066,0.008,-0.066, 0.000,-0.007,-0.015,0.000,0.000,0.000, 0.000, 0.007, 0.643;
3.957,0.008,-0.065,0.008,-0.065, 0.000,-0.007,-0.015,0.000,0.000,0.000, 0.000, 0.007, 0.643;
3.969,0.008,-0.065,0.008,-0.065, 0.000,-0.007,-0.015,0.000,0.000,0.000, 0.000, 0.007, 0.643;
3.973,0.008,-0.065,0.008,-0.065, 0.000,-0.007,-0.015,0.000,0.000,0.000, 0.000, 0.007, 0.643;
3.984,0.008,-0.065,0.008,-0.065, 0.000,-0.007,-0.015,0.000,0.000,0.000, 0.000, 0.007, 0.643;
4.005,0.009,-0.064,0.009,-0.064, 0.000,-0.007,-0.015,0.000,0.000,0.000, 0.000, 0.007, 0.643;
4.018,0.009,-0.063,0.009,-0.063, 0.000,-0.007,-0.015,0.000,0.000,0.000, 0.000, 0.007, 0.643;
4.023,0.009,-0.063,0.009,-0.063, 0.000,-0.007,-0.015,0.000,0.000,0.000, 0.000, 0.007, 0.643;
4.034,0.009,-0.063,0.009,-0.063, 0.000,-0.007,-0.015,0.000,0.000,0.000, 0.000, 0.007, 0.643;
4.046,0.009,-0.062,0.009,-0.062, 0.000,-0.007,-0.015,0.000,0.000,0.000, 0.000, 0.007, 0.643;
4.057,0.010,-0.062,0.010,-0.062, 0.000,-0.007,-0.015,0.000,0.000,0.000, 0.000, 0.007, 0.643;
4.079,0.010,-0.061,0.010,-0.061, 0.000,-0.007,-0.015,0.000,0.000,0.000, 0.000, 0.007, 0.643;
4.083,0.010,-0.061,0.010,-0.061, 0.000,-0.007,-0.015,0.000,0.000,0.000, 0.000, 0.007, 0.643;
4.094,0.010,-0.061,0.010,-0.061, 0.000,-0.007,-0.015,0.000,0.000,0.000, 0.000, 0.007, 0.643;
4.116,0.011,-0.060,0.011,-0.060, 0.000,-0.007,-0.015,0.000,0.000,0.000, 0.000, 0.007, 0.643;
4.121,0.011,-0.060,0.011,-0.060, 0.000,-0.007,-0.015,0.000,0.000,0.000, 0.000, 0.007, 0.643;
4.130,0.011,-0.059,0.011,-0.059, 0.000,-0.007,-0.015,0.000,0.000,0.000, 0.000, 0.007, 0.643;
4.152,0.012,-0.059,0.012,-0.059, 0.000,-0.007,-0.015,0.000,0.000,0.000, 0.000, 0.007, 0.643;
4.165,0.012,-0.058,0.012,-0.058, 0.000,-0.007,-0.015,0.000,0.000,0.000, 0.000, 0.007, 0.643;
4.168,0.012,-0.058,0.012,-0.058, 0.000,-0.007,-0.015,0.000,0.000,0.000, 0.000, 0.007, 0.643;
4.180,0.012,-0.058,0.012,-0.058, 0.000,-0.007,-0.015,0.000,0.000,0.000, 0.000, 0.007, 0.643;
4.201,0.013,-0.057,0.013,-0.057, 0.000,-0.007,-0.015,0.000,0.000,0.000, 0.000, 0.007, 0.643;
4.214,0.013,-0.057,0.013,-0.057, 0.000,-0.007,-0.015,0.000,0.000,0.000, 0.000, 0.007, 0.643;
4.217,0.013,-0.056,0.013,-0.056, 0.000,-0.007,-0.015,0.000,0.000,0.000, 0.000, 0.007, 0.643;
4.238,0.013,-0.056,0.013,-0.056, 0.000,-0.007,-0.015,0.000,0.000,0.000, 0.000, 0.007, 0.643;
4.243,0.013,-0.055,0.013,-0.055, 0.000,-0.007,-0.015,0.000,0.000,0.000, 0.000, 0.007, 0.643;
4.254,0.014,-0.055,0.014,-0.055, 0.000,-0.007,-0.015,0.000,0.000,0.000, 0.000, 0.007, 0.643;
4.266,0.014,-0.055,0.014,-0.055, 0.000,-0.007,-0.015,0.000,0.000,0.000, 0.000, 0.007, 0.643;
4.278,0.014,-0.054,0.014,-0.054, 0.000,-0.007,-0.015,0.000,0.000,0.000, 0.000, 0.007, 0.643;
4.299,0.015,-0.054,0.015,-0.054, 0.000,-0.007,-0.015,0.000,0.000,0.000, 0.000, 0.007, 0.643;
4.312,0.015,-0.053,0.015,-0.053, 0.000,-0.007,-0.015,0.000,0.000,0.000, 0.000, 0.007, 0.643;
4.323,0.015,-0.053,0.015,-0.053, 0.000,-0.007,-0.015,0.000,0.000,0.000, 0.000, 0.007, 0.643;
4.336,0.015,-0.052,0.015,-0.052, 0.000,-0.007,-0.015,0.000,0.000,0.000, 0.000, 0.007, 0.643;
4.348,0.016,-0.052,0.016,-0.052, 0.000,-0.007,-0.015,0.000,0.000,0.000, 0.000, 0.007, 0.643;
4.360,0.016,-0.052,0.016,-0.052, 0.000,-0.007,-0.015,0.000,0.000,0.000, 0.000, 0.007, 0.643;
4.373,0.016,-0.051,0.016,-0.051, 0.000,-0.007,-0.015,0.000,0.000,0.000, 0.000, 0.007, 0.643;
4.376,0.016,-0.051,0.016,-0.051, 0.000,-0.007,-0.015,0.000,0.000,0.000, 0.000, 0.007, 0.643;
4.387,0.016,-0.051,0.016,-0.051, 0.000,-0.007,-0.015,0.000,0.000,0.000, 0.000, 0.007, 0.643;
4.410,0.017,-0.050,0.017,-0.050, 0.000,-0.007,-0.015,0.000,0.000,0.000, 0.000, 0.007, 0.643;
4.413,0.017,-0.050,0.017,-0.050, 0.000,-0.007,-0.015,0.000,0.000,0.000, 0.000, 0.007, 0.643;
4.425,0.017,-0.049,0.017,-0.049, 0.000,-0.007,-0.015,0.000,0.000,0.000, 0.000, 0.007, 0.643;
4.437,0.018,-0.049,0.018,-0.049, 0.000,-0.007,-0.015,0.000,0.000,0.000, 0.000, 0.007, 0.643;
4.458,0.018,-0.048,0.018,-0.048, 0.000,-0.007,-0.015,0.000,0.000,0.000, 0.000, 0.007, 0.643;
4.463,0.018,-0.048,0.018,-0.048, 0.000,-0.007,-0.015,0.000,0.000,0.000, 0.000, 0.007, 0.643;
4.474,0.018,-0.048,0.018,-0.048, 0.000,-0.007,-0.015,0.000,0.000,0.000, 0.000, 0.007, 0.643;
4.486,0.019,-0.047,0.019,-0.047, 0.000,-0.007,-0.015,0.000,0.000,0.000, 0.000, 0.007, 0.643;
4.498,0.019,-0.047,0.019,-0.047, 0.000,-0.007,-0.015,0.000,0.000,0.000, 0.000, 0.007, 0.643;
4.520,0.020,-0.046,0.020,-0.046, 0.000,-0.007,-0.015,0.000,0.000,0.000, 0.000, 0.007, 0.643;
4.524,0.020,-0.046,0.020,-0.046, 0.000,-0.007,-0.015,0.000,0.000,0.000, 0.000, 0.007, 0.643;
4.536,0.020,-0.046,0.020,-0.046, 0.000,-0.007,-0.015,0.000,0.000,0.000, 0.000, 0.007, 0.643;
4.548,0.020,-0.045,0.020,-0.045, 0.000,-0.007,-0.015,0.000,0.000,0.000, 0.000, 0.007, 0.643;
4.559,0.020,-0.045,0.020,-0.045, 0.000,-0.007,-0.015,0.000,0.000,0.000, 0.000, 0.007, 0.643;
4.572,0.021,-0.045,0.021,-0.045, 0.000,-0.007,-0.015,0.000,0.000,0.000, 0.000, 0.007, 0.643;
4.583,0.021,-0.044,0.021,-0.044, 0.000,-0.007,-0.015,0.000,0.000,0.000, 0.000, 0.007, 0.643;
4.605,0.022,-0.044,0.022,-0.044, 0.000,-0.007,-0.015,0.000,0.000,0.000, 0.000, 0.007, 0.643;
4.609,0.022,-0.044,0.022,-0.044, 0.000,-0.007,-0.015,0.000,0.000,0.000, 0.000, 0.007, 0.643;
4.620,0.022,-0.043,0.022,-0.043, 0.000,-0.007,-0.015,0.000,0.000,0.000, 0.000, 0.007, 0.643;
4.633,0.022,-0.043,0.022,-0.043, 0.000,-0.007,-0.015,0.000,0.000,0.000, 0.000, 0.007, 0.643;
4.644,0.022,-0.042,0.022,-0.042, 0.000,-0.007,-0.015,0.000,0.000,0.000, 0.000, 0.007, 0.643;
4.666,0.023,-0.042,0.023,-0.042, 0.000,-0.007,-0.015,0.000,0.000,0.000, 0.000, 0.007, 0.643;
4.678,0.023,-0.041,0.023,-0.041, 0.000,-0.007,-0.015,0.000,0.000,0.000, 0.000, 0.007, 0.643;
4.691,0.024,-0.041,0.024,-0.041, 0.000,-0.007,-0.015,0.000,0.000,0.000, 0.000, 0.007, 0.643;
4.703,0.024,-0.041,0.024,-0.041, 0.000,-0.007,-0.015,0.000,0.000,0.000, 0.000, 0.007, 0.643;
4.707,0.024,-0.041,0.024,-0.041, 0.000,-0.007,-0.015,0.000,0.000,0.000, 0.000, 0.007, 0.643;
4.728,0.025,-0.040,0.025,-0.040, 0.000,-0.007,-0.015,0.000,0.000,0.000, 0.000, 0.007, 0.643;
4.732,0.025,-0.040,0.025,-0.040, 0.000,-0.007,-0.015,0.000,0.000,0.000, 0.000, 0.007, 0.643;
4.743,0.025,-0.039,0.025,-0.039, 0.000,-0.007,-0.015,0.000,0.000,0.000, 0.000, 0.007, 0.643;
4.754,0.025,-0.039,0.025,-0.039, 0.000,-0.007,-0.015,0.000,0.000,0.000, 0.000, 0.007, 0.643;
4.775,0.026,-0.038,0.026,-0.038, 0.000,-0.007,-0.015,0.000,0.000,0.000, 0.000, 0.007, 0.643;
4.786,0.026,-0.038,0.026,-0.038, 0.000,-0.007,-0.015,0.000,0.000,0.000, 0.000, 0.007, 0.643;
4.797,0.026,-0.038,0.026,-0.038, 0.000,-0.007,-0.015,0.000,0.000,0.000, 0.000, 0.007, 0.643;
4.809,0.027,-0.037,0.027,-0.037, 0.000,-0.007,-0.015,0.000,0.000,0.000, 0.000, 0.007, 0.643;
4.821,0.027,-0.037,0.027,-0.037, 0.000,-0.007,-0.015,0.000,0.000,0.000, 0.000, 0.007, 0.643;
4.832,0.027,-0.037,0.027,-0.037, 0.000,-0.007,-0.015,0.000,0.000,0.000, 0.000, 0.007, 0.643;
4.843,0.028,-0.036,0.028,-0.036, 0.000,-0.007,-0.015,0.000,0.000,0.000, 0.000, 0.007, 0.643;
4.854,0.028,-0.036,0.028,-0.036, 0.000,-0.007,-0.015,0.000,0.000,0.000, 0.000, 0.007, 0.643;
4.865,0.028,-0.036,0.028,-0.036, 0.000,-0.007,-0.015,0.000,0.000,0.000, 0.000, 0.007, 0.643;
4.876,0.029,-0.035,0.029,-0.035, 0.000,-0.007,-0.015,0.000,0.000,0.000, 0.000, 0.007, 0.643;
4.897,0.029,-0.035,0.029,-0.035, 0.000,-0.007,-0.015,0.000,0.000,0.000, 0.000, 0.007, 0.643;
4.909,0.029,-0.035,0.029,-0.035, 0.000,-0.007,-0.015,0.000,0.000,0.000, 0.000, 0.007, 0.643;
4.920,0.030,-0.034,0.030,-0.034, 0.000,-0.007,-0.015,0.000,0.000,0.000, 0.000, 0.007, 0.643;
4.932,0.030,-0.034,0.030,-0.034, 0.000,-0.007,-0.015,0.000,0.000,0.000, 0.000, 0.007, 0.643;
4.943,0.030,-0.034,0.030,-0.034, 0.000,-0.007,-0.015,0.000,0.000,0.000, 0.000, 0.007, 0.643;
4.955,0.031,-0.033,0.031,-0.033, 0.000,-0.007,-0.015,0.000,0.000,0.000, 0.000, 0.007, 0.643;
4.966,0.031,-0.033,0.031,-0.033, 0.000,-0.007,-0.015,0.000,0.000,0.000, 0.000, 0.007, 0.643;
4.977,0.031,-0.033,0.031,-0.033, 0.000,-0.007,-0.015,0.000,0.000,0.000, 0.000, 0.007, 0.643;
4.988,0.032,-0.032,0.032,-0.032, 0.000,-0.007,-0.015,0.000,0.000,0.000, 0.000, 0.007, 0.643;
4.999,0.032,-0.032,0.032,-0.032, 0.000,-0.007,-0.015,0.000,0.000,0.000, 0.000, 0.007, 0.643;
5.020,0.032,-0.031,0.032,-0.031, 0.000,-0.007,-0.015,0.000,0.000,0.000, 0.000, 0.007, 0.643;
5.032,0.033,-0.031,0.033,-0.031, 0.000,-0.007,-0.015,0.000,0.000,0.000, 0.000, 0.007, 0.643;
5.043,0.033,-0.031,0.033,-0.031, 0.000,-0.007,-0.015,0.000,0.000,0.000, 0.000, 0.007, 0.643;
5.054,0.033,-0.030,0.033,-0.030, 0.000,-0.007,-0.015,0.000,0.000,0.000, 0.000, 0.007, 0.643;
5.066,0.034,-0.030,0.034,-0.030, 0.000,-0.007,-0.015,0.000,0.000,0.000, 0.000, 0.007, 0.643;
5.077,0.034,-0.030,0.034,-0.030, 0.000,-0.007,-0.015,0.000,0.000,0.000, 0.000, 0.007, 0.643;
5.089,0.034,-0.029,0.034,-0.029, 0.000,-0.007,-0.015,0.000,0.000,0.000, 0.000, 0.007, 0.643;
5.100,0.035,-0.029,0.035,-0.029, 0.000,-0.007,-0.015,0.000,0.000,0.000, 0.000, 0.007, 0.643;
5.111,0.035,-0.029,0.035,-0.029, 0.000,-0.007,-0.015,0.000,0.000,0.000, 0.000, 0.007, 0.643;
5.122,0.035,-0.029,0.035,-0.029, 0.000,-0.007,-0.015,0.000,0.000,0.000, 0.000, 0.007, 0.643;
5.133,0.036,-0.028,0.036,-0.028, 0.000,-0.007,-0.015,0.000,0.000,0.000, 0.000, 0.007, 0.643;
5.154,0.036,-0.028,0.036,-0.028, 0.000,-0.007,-0.015,0.000,0.000,0.000, 0.000, 0.007, 0.643;
5.165,0.037,-0.027,0.037,-0.027, 0.000,-0.007,-0.015,0.000,0.000,0.000, 0.000, 0.007, 0.643;
5.177,0.037,-0.027,0.037,-0.027, 0.000,-0.007,-0.015,0.000,0.000,0.000, 0.000, 0.007, 0.643;
5.188,0.037,-0.027,0.037,-0.027, 0.000,-0.007,-0.015,0.000,0.000,0.000, 0.000, 0.007, 0.643;
5.201,0.038,-0.026,0.038,-0.026, 0.000,-0.007,-0.015,0.000,0.000,0.000, 0.000, 0.007, 0.643;
5.214,0.038,-0.026,0.038,-0.026, 0.000,-0.007,-0.015,0.000,0.000,0.000, 0.000, 0.007, 0.643;
5.225,0.038,-0.026,0.038,-0.026, 0.000,-0.007,-0.015,0.000,0.000,0.000, 0.000, 0.007, 0.643;
5.237,0.039,-0.026,0.039,-0.026, 0.000,-0.007,-0.015,0.000,0.000,0.000, 0.000, 0.007, 0.643;
5.249,0.039,-0.025,0.039,-0.025, 0.000,-0.007,-0.015,0.000,0.000,0.000, 0.000, 0.007, 0.643;
5.261,0.040,-0.025,0.040,-0.025, 0.000,-0.007,-0.015,0.000,0.000,0.000, 0.000, 0.007, 0.643;
5.273,0.040,-0.025,0.040,-0.025, 0.000,-0.007,-0.015,0.000,0.000,0.000, 0.000, 0.007, 0.643;
5.285,0.040,-0.024,0.040,-0.024, 0.000,-0.007,-0.015,0.000,0.000,0.000, 0.000, 0.007, 0.643;
5.297,0.041,-0.024,0.041,-0.024, 0.000,-0.007,-0.015,0.000,0.000,0.000, 0.000, 0.007, 0.643;
5.309,0.041,-0.024,0.041,-0.024, 0.000,-0.007,-0.015,0.000,0.000,0.000, 0.000, 0.007, 0.643;
5.320,0.041,-0.023,0.041,-0.023, 0.000,-0.007,-0.015,0.000,0.000,0.000, 0.000, 0.007, 0.643;
5.334,0.042,-0.023,0.042,-0.023, 0.000,-0.007,-0.015,0.000,0.000,0.000, 0.000, 0.007, 0.643;
5.345,0.042,-0.023,0.042,-0.023, 0.000,-0.007,-0.015,0.000,0.000,0.000, 0.000, 0.007, 0.643;
5.356,0.042,-0.022,0.042,-0.022, 0.000,-0.007,-0.015,0.000,0.000,0.000, 0.000, 0.007, 0.643;
