0.000,0.000,0.000,0.000,0.000, 0.000, 0.000, 0.000,0.000,0.000,0.000, 0.000, 0.000, 0.000;
0.003,2.027,1.757,1.839,1.944, 0.496, 0.141,-1.957,0.000,0.000,0.000, 0.004,-0.139, 5.103;
0.025,2.075,1.707,1.887,1.895, 0.496, 0.141,-1.957,0.000,0.000,0.000, 0.004,-0.125, 5.130;
0.030,2.085,1.696,1.897,1.884, 0.496, 0.141,-1.957,0.000,0.000,0.000, 0.004,-0.122, 5.136;
0.040,2.106,1.673,1.917,1.862, 0.496, 0.141,-1.957,0.000,0.000,0.000, 0.004,-0.116, 5.148;
0.061,2.152,1.621,1.962,1.811, 0.496, 0.141,-1.957,0.000,0.000,0.000, 0.003,-0.102, 5.176;
0.073,2.177,1.592,1.986,1.783, 0.496, 0.141,-1.957,0.000,0.000,0.000, 0.002,-0.095, 5.191;
0.085,2.200,1.563,2.009,1.754, 0.496, 0.141,-1.957,0.000,0.000,0.000, 0.002,-0.087, 5.206;
0.098,12.126,-8.369,11.934,-8.177, 0.496, 0.138,-1.957,0.000,-0.178,0.000, 0.001,-0.077, 5.221;
0.110,2.249,1.501,2.056,1.693, 0.496, 0.138,-1.957,0.000,0.000,0.000,-0.000,-0.069, 5.237;
0.122,12.737,-8.995,12.544,-8.802, 0.496, 0.136,-1.957,0.000,-0.188,0.000,-0.001,-0.060, 5.252;
0.129,2.285,1.452,2.092,1.645, 0.496, 0.136,-1.957,0.000,0.000,0.000,-0.002,-0.055, 5.261;
0.146,9.865,-6.141,9.671,-5.947, 0.496, 0.134,-1.957,0.000,-0.136,0.000,-0.004,-0.043, 5.282;
0.158,23.510,1.354,23.316,1.548, 0.493, 0.132,-1.943,-0.192,-0.192,1.256,-0.003,-0.033, 5.282;
0.169,12.983,-9.304,12.789,-9.109, 0.493, 0.129,-1.943,0.000,-0.193,0.000,-0.005,-0.024, 5.297;
0.181,12.698,-9.045,12.503,-8.850, 0.493, 0.127,-1.937,0.000,-0.188,0.475,-0.006,-0.014, 5.306;
0.193,23.510,-19.842,23.314,-19.646, 0.493, 0.123,-1.943,0.000,-0.382,-0.484,-0.008,-0.003, 5.326;
0.204,13.133,-9.505,12.937,-9.309, 0.493, 0.121,-1.937,0.000,-0.195,0.494,-0.010, 0.006, 5.335;
0.216,13.012,-9.431,12.816,-9.235, 0.493, 0.118,-1.922,0.000,-0.194,1.270,-0.012, 0.016, 5.335;
0.227,24.711,-21.128,24.515,-20.931, 0.493, 0.114,-1.922,0.000,-0.407,0.000,-0.013, 0.027, 5.349;
0.238,35.434,-9.900,35.238,-9.704, 0.491, 0.109,-1.907,-0.202,-0.405,1.340,-0.013, 0.038, 5.348;
0.249,13.523,-10.008,13.326,-9.811, 0.491, 0.107,-1.902,0.000,-0.205,0.470,-0.015, 0.046, 5.356;
0.260,24.468,-20.962,24.271,-20.765, 0.491, 0.103,-1.902,0.000,-0.406,0.000,-0.017, 0.058, 5.370;
0.281,13.959,-10.483,13.761,-10.285, 0.491, 0.098,-1.902,0.000,-0.212,0.000,-0.022, 0.074, 5.397;
0.292,24.102,-20.643,23.903,-20.444, 0.491, 0.094,-1.902,0.000,-0.399,0.000,-0.024, 0.086, 5.411;
0.303,13.311,-9.884,13.112,-9.685, 0.491, 0.092,-1.897,0.000,-0.200,0.446,-0.027, 0.094, 5.420;
0.315,23.045,-19.687,22.846,-19.488, 0.491, 0.087,-1.883,0.000,-0.383,1.248,-0.030, 0.105, 5.420;
0.326,23.075,-19.706,22.876,-19.507, 0.491, 0.083,-1.883,0.000,-0.383,0.000,-0.032, 0.117, 5.434;
0.338,23.415,-20.066,23.215,-19.866, 0.491, 0.078,-1.883,0.000,-0.389,0.000,-0.035, 0.128, 5.449;
0.350,22.700,-19.373,22.500,-19.172, 0.491, 0.074,-1.883,0.000,-0.376,0.000,-0.039, 0.139, 5.464;
0.362,22.605,-19.300,22.404,-19.099, 0.491, 0.069,-1.883,0.000,-0.374,0.000,-0.042, 0.150, 5.479;
0.371,14.636,-35.562,14.435,-35.360, 0.493, 0.065,-1.883,0.225,-0.451,0.000,-0.047, 0.160, 5.491;
0.383,22.685,-19.421,22.482,-19.218, 0.493, 0.060,-1.883,0.000,-0.375,0.000,-0.050, 0.171, 5.506;
0.394,13.574,-32.233,13.371,-32.030, 0.496, 0.056,-1.897,0.203,-0.406,-1.322,-0.056, 0.182, 5.534;
0.415,14.021,-10.799,13.816,-10.595, 0.496, 0.051,-1.897,0.000,-0.211,0.000,-0.062, 0.198, 5.561;
0.427,24.407,-42.979,24.202,-42.774, 0.498, 0.045,-1.902,0.201,-0.603,-0.448,-0.068, 0.211, 5.580;
0.438,24.263,-21.081,24.057,-20.876, 0.498, 0.040,-1.902,0.000,-0.399,0.000,-0.071, 0.221, 5.594;
0.449,13.025,-30.690,12.819,-30.484, 0.500, 0.036,-1.902,0.192,-0.384,0.000,-0.078, 0.232, 5.609;
0.461,23.602,-20.473,23.395,-20.267, 0.500, 0.031,-1.902,0.000,-0.387,0.000,-0.082, 0.242, 5.623;
0.472,13.350,-31.691,13.143,-31.484, 0.502, 0.027,-1.902,0.198,-0.395,0.000,-0.088, 0.253, 5.637;
0.483,13.861,-33.091,13.653,-32.883, 0.504, 0.022,-1.917,0.205,-0.409,-1.337,-0.094, 0.263, 5.666;
0.494,13.374,-31.735,13.165,-31.526, 0.507, 0.018,-1.917,0.196,-0.392,0.000,-0.100, 0.273, 5.680;
0.506,23.351,-20.363,23.143,-20.154, 0.507, 0.013,-1.902,0.000,-0.382,1.248,-0.104, 0.284, 5.680;
0.518,12.874,-30.204,12.664,-29.994, 0.509, 0.009,-1.917,0.186,-0.373,-1.218,-0.111, 0.294, 5.710;
0.530,12.639,-29.595,12.429,-29.384, 0.511, 0.004,-1.917,0.182,-0.365,0.000,-0.118, 0.305, 5.725;
0.542,2.664,-21.394,2.454,-21.184, 0.513, 0.002,-1.912,0.199,-0.199,0.459,-0.125, 0.312, 5.734;
0.563,8.327,-16.748,8.116,-16.536, 0.516,-0.002,-1.912,0.104,-0.207,0.000,-0.136, 0.327, 5.761;
0.576,12.315,-28.700,12.103,-28.488, 0.518,-0.007,-1.917,0.176,-0.352,-0.407,-0.143, 0.338, 5.782;
0.581,24.248,-64.535,24.035,-64.323, 0.520,-0.011,-1.917,0.395,-0.789,0.000,-0.148, 0.345, 5.789;
0.590,16.469,-41.219,16.256,-41.006, 0.522,-0.016,-1.917,0.252,-0.505,0.000,-0.154, 0.353, 5.800;
0.613,8.116,-16.223,7.902,-16.009, 0.525,-0.020,-1.917,0.099,-0.199,0.000,-0.166, 0.368, 5.829;
0.617,2.688,-59.667,2.474,-59.453, 0.527,-0.022,-1.917,0.546,-0.546,0.000,-0.170, 0.372, 5.834;
0.628,13.761,-33.202,13.546,-32.988, 0.529,-0.027,-1.917,0.203,-0.405,0.000,-0.177, 0.382, 5.848;
0.640,2.734,-40.376,2.518,-40.160, 0.533,-0.031,-1.931,0.367,-0.367,-1.186,-0.187, 0.391, 5.877;
0.651,13.790,-33.309,13.573,-33.093, 0.536,-0.036,-1.931,0.202,-0.403,0.000,-0.194, 0.401, 5.891;
0.674,8.041,-16.117,7.823,-15.900, 0.538,-0.040,-1.937,0.097,-0.193,-0.238,-0.207, 0.415, 5.926;
0.678,-31.698,-103.021,-31.916,-102.803, 0.542,-0.042,-1.931,1.247,-0.624,1.534,-0.213, 0.419, 5.925;
0.688,14.277,-34.901,14.059,-34.683, 0.545,-0.047,-1.931,0.211,-0.421,0.000,-0.220, 0.427, 5.938;
0.700,13.645,-33.000,13.426,-32.781, 0.547,-0.051,-1.937,0.198,-0.397,-0.488,-0.228, 0.436, 5.958;
0.721,-2.959,-17.202,-3.179,-16.982, 0.551,-0.054,-1.931,0.205,-0.103,0.253,-0.243, 0.447, 5.979;
0.734,12.556,-29.920,12.336,-29.700, 0.554,-0.058,-1.931,0.179,-0.359,0.000,-0.251, 0.456, 5.995;
0.745,-8.065,-32.571,-8.286,-32.350, 0.558,-0.060,-1.931,0.391,-0.195,0.000,-0.262, 0.463, 6.009;
0.757,12.705,-30.470,12.484,-30.248, 0.560,-0.065,-1.931,0.182,-0.365,0.000,-0.270, 0.472, 6.025;
0.770,2.727,-39.848,2.504,-39.626, 0.565,-0.069,-1.951,0.355,-0.355,-1.587,-0.281, 0.481, 6.061;
0.782,2.640,-20.819,2.417,-20.597, 0.567,-0.071,-1.931,0.185,-0.185,1.655,-0.290, 0.487, 6.056;
0.794,2.720,-43.518,2.496,-43.294, 0.571,-0.076,-1.951,0.388,-0.388,-1.732,-0.300, 0.496, 6.090;
0.805,2.656,-21.489,2.432,-21.265, 0.574,-0.078,-1.946,0.189,-0.189,0.481,-0.309, 0.502, 6.099;
0.817,2.672,-42.830,2.447,-42.606, 0.578,-0.083,-1.951,0.381,-0.381,-0.484,-0.319, 0.510, 6.120;
0.831,2.638,-18.475,2.413,-18.250, 0.580,-0.085,-1.946,0.162,-0.162,0.410,-0.329, 0.517, 6.131;
0.842,2.653,-44.193,2.427,-43.967, 0.585,-0.089,-1.951,0.393,-0.393,-0.498,-0.340, 0.525, 6.151;
0.856,-6.606,-28.479,-6.833,-28.252, 0.589,-0.092,-1.966,0.332,-0.166,-1.063,-0.352, 0.531, 6.183;
0.868,2.604,-21.055,2.377,-20.828, 0.591,-0.094,-1.951,0.183,-0.183,1.174,-0.361, 0.537, 6.184;
0.881,-6.867,-29.270,-7.095,-29.041, 0.596,-0.096,-1.966,0.341,-0.170,-1.090,-0.372, 0.543, 6.214;
0.893,-7.890,-32.279,-8.119,-32.050, 0.600,-0.098,-1.966,0.376,-0.188,0.000,-0.383, 0.549, 6.229;
0.905,2.598,-21.858,2.368,-21.629, 0.603,-0.100,-1.966,0.189,-0.189,0.000,-0.392, 0.554, 6.244;
0.917,-7.834,-32.156,-8.064,-31.926, 0.607,-0.103,-1.972,0.373,-0.186,-0.502,-0.404, 0.559, 6.265;
0.929,-7.387,-30.894,-7.619,-30.663, 0.612,-0.105,-1.986,0.355,-0.178,-1.137,-0.415, 0.565, 6.295;
0.942,-7.473,-10.929,-7.704,-10.698, 0.614,-0.105,-1.966,0.180,0.000,1.631,-0.425, 0.568, 6.291;
0.954,-7.718,-31.906,-7.951,-31.674, 0.618,-0.107,-1.986,0.367,-0.183,-1.665,-0.436, 0.573, 6.326;
0.966,-7.682,-31.684,-7.915,-31.451, 0.623,-0.109,-1.986,0.364,-0.182,0.000,-0.448, 0.578, 6.342;
0.978,-8.212,-11.772,-8.445,-11.538, 0.625,-0.109,-1.986,0.191,0.000,0.000,-0.457, 0.580, 6.356;
0.990,-8.144,-33.164,-8.378,-32.930, 0.629,-0.112,-2.000,0.378,-0.189,-1.195,-0.469, 0.585, 6.385;
1.001,-8.273,-11.852,-8.508,-11.617, 0.632,-0.112,-1.986,0.191,0.000,1.209,-0.478, 0.587, 6.386;
1.013,-8.232,-33.453,-8.468,-33.217, 0.636,-0.114,-2.006,0.380,-0.190,-1.753,-0.489, 0.592, 6.421;
1.026,-7.355,-11.008,-7.591,-10.772, 0.638,-0.114,-2.006,0.174,0.000,0.000,-0.499, 0.594, 6.437;
1.038,-18.423,-22.139,-18.661,-21.902, 0.643,-0.114,-2.021,0.367,0.000,-1.157,-0.511, 0.596, 6.467;
1.051,-7.759,-11.444,-7.996,-11.207, 0.645,-0.114,-2.013,0.180,0.000,0.594,-0.521, 0.598, 6.475;
1.063,-17.849,-21.601,-18.088,-21.362, 0.650,-0.114,-2.027,0.355,0.000,-1.133,-0.533, 0.600, 6.505;
1.076,-16.922,-1.306,-17.162,-1.067, 0.652,-0.112,-2.021,0.170,0.170,0.520,-0.543, 0.600, 6.515;
1.088,-8.473,-12.233,-8.714,-11.993, 0.654,-0.112,-2.027,0.190,0.000,-0.584,-0.553, 0.601, 6.536;
1.100,-19.033,-22.867,-19.274,-22.625, 0.658,-0.112,-2.049,0.373,0.000,-1.773,-0.565, 0.603, 6.572;
1.112,-19.035,-1.409,-19.277,-1.167, 0.661,-0.109,-2.041,0.187,0.187,0.601,-0.574, 0.602, 6.580;
1.124,-28.527,-11.775,-28.770,-11.532, 0.665,-0.107,-2.055,0.357,0.179,-1.108,-0.587, 0.601, 6.610;
1.137,-7.968,-11.812,-8.212,-11.568, 0.667,-0.107,-2.063,0.179,0.000,-0.586,-0.597, 0.602, 6.633;
1.149,-19.011,-1.523,-19.255,-1.279, 0.670,-0.105,-2.063,0.185,0.185,0.000,-0.606, 0.601, 6.648;
1.162,-17.393,-1.557,-17.638,-1.312, 0.672,-0.103,-2.063,0.170,0.170,0.000,-0.617, 0.600, 6.664;
1.173,-34.615,-13.881,-34.860,-13.636, 0.676,-0.100,-2.063,0.426,0.213,0.000,-0.628, 0.598, 6.678;
1.185,-18.767,-1.625,-19.014,-1.379, 0.679,-0.098,-2.070,0.182,0.182,-0.613,-0.638, 0.597, 6.701;
1.197,-18.780,-1.649,-19.027,-1.402, 0.681,-0.096,-2.070,0.181,0.181,0.000,-0.648, 0.595, 6.716;
1.209,-30.815,9.330,-31.062,9.577, 0.683,-0.092,-2.070,0.190,0.380,0.000,-0.657, 0.591, 6.731;
1.221,-18.837,-1.709,-19.085,-1.461, 0.685,-0.089,-2.070,0.181,0.181,0.000,-0.667, 0.589, 6.746;
1.233,-40.320,-1.773,-40.569,-1.524, 0.690,-0.085,-2.084,0.365,0.365,-1.138,-0.679, 0.585, 6.776;
1.245,-20.155,-1.785,-20.405,-1.536, 0.692,-0.083,-2.092,0.191,0.191,-0.676,-0.689, 0.583, 6.798;
1.257,-29.327,8.676,-29.578,8.927, 0.694,-0.078,-2.092,0.180,0.360,0.000,-0.699, 0.578, 6.814;
1.270,-29.346,8.644,-29.597,8.895, 0.696,-0.074,-2.092,0.180,0.360,0.000,-0.709, 0.573, 6.829;
1.282,-19.013,-1.876,-19.265,-1.624, 0.699,-0.071,-2.100,0.181,0.181,-0.656,-0.719, 0.571, 6.853;
1.294,-30.911,9.089,-31.163,9.342, 0.701,-0.067,-2.100,0.188,0.376,0.000,-0.729, 0.566, 6.868;
1.307,-28.388,8.210,-28.641,8.462, 0.703,-0.062,-2.100,0.174,0.347,0.000,-0.739, 0.561, 6.884;
1.320,-39.244,18.683,-39.498,18.936, 0.705,-0.056,-2.092,0.177,0.531,0.643,-0.749, 0.554, 6.892;
1.332,-18.885,-1.987,-19.139,-1.733, 0.708,-0.054,-2.100,0.178,0.178,-0.648,-0.759, 0.551, 6.916;
1.344,-40.778,19.368,-41.032,19.622, 0.710,-0.047,-2.092,0.183,0.550,0.666,-0.769, 0.543, 6.923;
1.356,-31.636,9.150,-31.891,9.405, 0.712,-0.042,-2.092,0.192,0.384,0.000,-0.778, 0.538, 6.937;
1.367,-33.177,9.612,-33.433,9.868, 0.714,-0.038,-2.100,0.200,0.400,-0.727,-0.788, 0.533, 6.960;
1.378,-32.950,9.520,-33.206,9.777, 0.716,-0.033,-2.100,0.199,0.397,0.000,-0.797, 0.527, 6.974;
1.390,-44.697,21.204,-44.953,21.460, 0.719,-0.027,-2.086,0.200,0.600,1.270,-0.806, 0.519, 6.974;
1.400,-34.240,9.857,-34.497,10.114, 0.721,-0.022,-2.100,0.206,0.411,-1.305,-0.815, 0.513, 7.001;
1.413,-29.529,8.313,-29.787,8.570, 0.723,-0.018,-2.086,0.179,0.358,1.138,-0.825, 0.507, 7.003;
1.424,-33.974,9.741,-34.231,9.999, 0.725,-0.013,-2.086,0.205,0.409,0.000,-0.834, 0.502, 7.017;
1.435,-46.041,21.689,-46.299,21.947, 0.728,-0.007,-2.086,0.205,0.615,0.000,-0.843, 0.493, 7.030;
1.446,-45.750,-2.239,-46.009,-1.980, 0.732,-0.002,-2.100,0.406,0.406,-1.289,-0.854, 0.487, 7.058;
1.467,-16.955,3.948,-17.216,4.209, 0.734, 0.002,-2.100,0.106,0.212,0.000,-0.869, 0.479, 7.085;
1.479,-30.148,8.314,-30.409,8.575, 0.737, 0.007,-2.100,0.181,0.362,0.000,-0.878, 0.473, 7.100;
1.490,-45.124,21.055,-45.385,21.316, 0.739, 0.013,-2.100,0.200,0.599,0.000,-0.887, 0.464, 7.114;
1.501,-33.580,9.402,-33.841,9.663, 0.741, 0.018,-2.100,0.200,0.401,0.000,-0.896, 0.457, 7.128;
1.513,-31.155,8.596,-31.417,8.857, 0.743, 0.022,-2.086,0.187,0.374,1.188,-0.906, 0.451, 7.129;
1.525,-31.940,8.803,-32.202,9.066, 0.745, 0.027,-2.086,0.191,0.383,0.000,-0.915, 0.444, 7.144;
1.536,-33.600,9.330,-33.863,9.593, 0.748, 0.031,-2.086,0.201,0.401,0.000,-0.924, 0.437, 7.158;
1.547,-34.262,9.504,-34.526,9.767, 0.750, 0.036,-2.094,0.204,0.408,-0.749,-0.932, 0.430, 7.180;
1.558,-22.264,21.279,-22.527,21.543, 0.750, 0.040,-2.080,0.000,0.407,1.326,-0.939, 0.423, 7.179;
1.569,-57.214,9.299,-57.478,9.564, 0.754, 0.047,-2.086,0.402,0.604,-0.572,-0.950, 0.413, 7.199;
1.580,-34.284,9.456,-34.549,9.721, 0.757, 0.051,-2.086,0.204,0.408,0.000,-0.958, 0.406, 7.213;
1.602,-16.625,3.522,-16.891,3.788, 0.759, 0.056,-2.086,0.102,0.205,0.000,-0.973, 0.396, 7.240;
1.614,-32.116,8.641,-32.383,8.908, 0.761, 0.060,-2.094,0.190,0.381,-0.700,-0.982, 0.388, 7.263;
1.625,-33.071,8.950,-33.338,9.218, 0.763, 0.065,-2.094,0.196,0.391,0.000,-0.990, 0.381, 7.278;
1.638,-29.804,7.835,-30.072,8.103, 0.766, 0.069,-2.094,0.177,0.354,0.000,-1.000, 0.373, 7.294;
1.649,-42.727,19.448,-42.995,19.716, 0.768, 0.076,-2.086,0.188,0.565,0.692,-1.008, 0.362, 7.300;
1.661,-21.406,19.999,-21.674,20.267, 0.768, 0.080,-2.071,0.000,0.388,1.251,-1.015, 0.354, 7.300;
1.673,-31.788,8.439,-32.056,8.708, 0.770, 0.085,-2.071,0.189,0.377,0.000,-1.023, 0.346, 7.315;
1.685,-31.586,8.330,-31.855,8.600, 0.772, 0.089,-2.080,0.187,0.374,-0.675,-1.032, 0.338, 7.338;
1.697,-31.417,8.267,-31.687,8.537, 0.775, 0.094,-2.080,0.186,0.371,0.000,-1.041, 0.330, 7.353;
1.708,-32.253,8.525,-32.524,8.795, 0.777, 0.098,-2.080,0.190,0.381,0.000,-1.049, 0.321, 7.368;
1.722,-18.236,16.587,-18.506,16.858, 0.777, 0.103,-2.065,0.000,0.330,1.094,-1.056, 0.312, 7.370;
1.737,-33.893,14.833,-34.164,15.104, 0.779, 0.109,-2.057,0.150,0.451,0.533,-1.066, 0.300, 7.381;
1.749,-20.991,19.222,-21.262,19.493, 0.779, 0.114,-2.057,0.000,0.377,0.000,-1.072, 0.291, 7.396;
1.760,-33.122,8.741,-33.394,9.013, 0.781, 0.118,-2.057,0.196,0.391,0.000,-1.080, 0.282, 7.410;
1.772,-21.387,19.554,-21.659,19.826, 0.781, 0.123,-2.050,0.000,0.384,0.612,-1.086, 0.274, 7.418;
1.784,-31.851,8.248,-32.124,8.522, 0.783, 0.127,-2.065,0.187,0.375,-1.262,-1.094, 0.265, 7.448;
1.796,-19.791,17.884,-20.065,18.157, 0.783, 0.132,-2.050,0.000,0.355,1.195,-1.100, 0.255, 7.448;
1.808,-20.758,18.779,-21.032,19.053, 0.783, 0.136,-2.050,0.000,0.371,0.000,-1.106, 0.246, 7.464;
1.820,-20.694,18.672,-20.969,18.947, 0.783, 0.141,-2.050,0.000,0.369,0.000,-1.112, 0.236, 7.479;
1.833,-28.981,7.259,-29.256,7.534, 0.786, 0.145,-2.050,0.171,0.342,0.000,-1.120, 0.226, 7.495;
1.846,-19.496,17.387,-19.772,17.663, 0.786, 0.150,-2.050,0.000,0.347,0.000,-1.126, 0.217, 7.511;
1.858,-20.619,18.468,-20.895,18.745, 0.786, 0.154,-2.050,0.000,0.366,0.000,-1.132, 0.207, 7.527;
1.870,-21.830,19.688,-22.107,19.965, 0.786, 0.158,-2.034,0.000,0.388,1.328,-1.137, 0.197, 7.526;
1.881,-21.953,19.738,-22.230,20.015, 0.786, 0.163,-2.034,0.000,0.389,0.000,-1.142, 0.188, 7.540;
1.894,-20.818,18.565,-21.096,18.842, 0.786, 0.167,-2.034,0.000,0.369,0.000,-1.147, 0.178, 7.556;
1.907,-28.398,6.956,-28.676,7.235, 0.788, 0.172,-2.050,0.166,0.332,-1.135,-1.155, 0.167, 7.588;
1.919,-21.727,41.493,-22.005,41.771, 0.786, 0.179,-2.027,-0.193,0.578,1.972,-1.158, 0.155, 7.579;
1.931,-10.137,7.789,-10.416,8.068, 0.786, 0.181,-2.019,0.000,0.181,0.644,-1.163, 0.147, 7.587;
1.943,-20.504,18.111,-20.783,18.390, 0.786, 0.185,-2.019,0.000,0.363,0.000,-1.168, 0.137, 7.602;
1.955,-21.001,18.574,-21.281,18.853, 0.786, 0.190,-2.019,0.000,0.371,0.000,-1.173, 0.126, 7.618;
1.967,-21.594,19.086,-21.875,19.367, 0.786, 0.194,-2.034,0.000,0.378,-1.314,-1.178, 0.116, 7.648;
1.980,-19.543,17.032,-19.824,17.313, 0.786, 0.199,-2.034,0.000,0.342,0.000,-1.183, 0.105, 7.664;
1.993,-10.020,27.608,-10.302,27.890, 0.783, 0.203,-2.019,-0.176,0.353,1.225,-1.185, 0.094, 7.665;
2.004,-21.842,19.277,-22.124,19.559, 0.783, 0.208,-2.019,0.000,0.383,0.000,-1.190, 0.084, 7.679;
2.016,-21.290,18.694,-21.573,18.976, 0.783, 0.212,-2.019,0.000,0.373,0.000,-1.194, 0.073, 7.694;
2.029,-10.300,28.153,-10.583,28.436, 0.781, 0.217,-2.003,-0.180,0.361,1.272,-1.196, 0.063, 7.694;
2.041,-21.326,18.682,-21.609,18.965, 0.781, 0.221,-2.003,0.000,0.374,0.000,-1.200, 0.052, 7.709;
2.052,-22.098,19.375,-22.382,19.659, 0.781, 0.225,-2.019,0.000,0.384,-1.355,-1.204, 0.041, 7.740;
2.064,-10.629,28.883,-10.913,29.167, 0.779, 0.230,-1.996,-0.185,0.370,1.901,-1.206, 0.030, 7.732;
2.076,-21.269,18.545,-21.553,18.830, 0.779, 0.234,-1.996,0.000,0.372,0.000,-1.210, 0.019, 7.747;
2.088,-10.683,28.725,-10.968,29.010, 0.777, 0.239,-1.996,-0.184,0.368,0.000,-1.211, 0.008, 7.762;
2.101,-10.625,7.831,-10.911,8.117, 0.777, 0.241,-2.003,0.000,0.182,-0.587,-1.215,-0.001, 7.785;
2.113,-10.988,29.541,-11.274,29.827, 0.775, 0.246,-1.987,-0.189,0.379,1.354,-1.216,-0.012, 7.784;
2.124,-21.626,18.754,-21.913,19.041, 0.775, 0.250,-2.003,0.000,0.375,-1.340,-1.220,-0.023, 7.814;
2.137,-10.615,28.267,-10.901,28.554, 0.772, 0.254,-1.980,-0.182,0.364,1.874,-1.221,-0.034, 7.807;
2.148,-11.204,29.830,-11.492,30.117, 0.770, 0.259,-1.980,-0.191,0.383,0.000,-1.222,-0.045, 7.822;
2.160,-21.526,18.640,-21.814,18.928, 0.770, 0.263,-1.980,0.000,0.375,0.000,-1.225,-0.056, 7.837;
2.172,-11.299,29.935,-11.588,30.223, 0.768, 0.268,-1.980,-0.192,0.384,0.000,-1.226,-0.068, 7.851;
2.183,-11.420,30.207,-11.709,30.496, 0.766, 0.272,-1.980,-0.193,0.387,0.000,-1.227,-0.079, 7.866;
2.195,-11.417,8.452,-11.707,8.742, 0.766, 0.275,-1.987,0.000,0.192,-0.603,-1.229,-0.088, 7.887;
2.206,-11.850,31.372,-12.140,31.662, 0.763, 0.279,-1.980,-0.200,0.400,0.628,-1.230,-0.099, 7.894;
2.218,-11.608,30.518,-11.898,30.809, 0.761, 0.283,-1.980,-0.195,0.390,0.000,-1.230,-0.110, 7.909;
2.230,-10.781,27.948,-11.072,28.239, 0.759, 0.288,-1.980,-0.180,0.359,0.000,-1.230,-0.122, 7.924;
2.242,-11.464,30.030,-11.755,30.321, 0.757, 0.292,-1.964,-0.193,0.386,1.383,-1.231,-0.133, 7.923;
2.254,-11.244,29.200,-11.535,29.492, 0.754, 0.297,-1.964,-0.188,0.376,0.000,-1.231,-0.144, 7.938;
2.265,-0.785,19.703,-1.077,19.995, 0.752, 0.299,-1.964,-0.197,0.197,0.000,-1.231,-0.154, 7.952;
2.288,-6.320,14.196,-6.613,14.489, 0.750, 0.304,-1.964,-0.098,0.196,0.000,-1.232,-0.172, 7.981;
2.292,-31.307,89.128,-31.600,89.421, 0.748, 0.308,-1.964,-0.546,1.092,0.000,-1.231,-0.179, 7.986;
2.303,-12.430,32.428,-12.723,32.722, 0.745, 0.312,-1.964,-0.207,0.414,0.000,-1.230,-0.190, 7.999;
2.314,-0.915,20.139,-1.210,20.434, 0.743, 0.315,-1.964,-0.200,0.200,0.000,-1.230,-0.199, 8.013;
2.335,-6.884,15.588,-7.180,15.883, 0.741, 0.319,-1.964,-0.106,0.212,0.000,-1.230,-0.216, 8.040;
2.347,-10.881,27.500,-11.177,27.796, 0.739, 0.324,-1.964,-0.177,0.354,0.000,-1.230,-0.228, 8.056;
2.360,-0.995,38.324,-1.291,38.620, 0.734, 0.328,-1.948,-0.365,0.365,1.324,-1.227,-0.240, 8.055;
2.371,-1.057,19.116,-1.353,19.412, 0.732, 0.330,-1.948,-0.191,0.191,0.000,-1.226,-0.250, 8.069;
2.383,-11.610,29.511,-11.906,29.808, 0.730, 0.335,-1.948,-0.190,0.380,0.000,-1.224,-0.262, 8.084;
2.395,-1.115,18.486,-1.413,18.783, 0.728, 0.337,-1.948,-0.185,0.185,0.000,-1.223,-0.271, 8.099;
2.406,-12.133,30.952,-12.431,31.251, 0.725, 0.341,-1.948,-0.198,0.397,0.000,-1.222,-0.283, 8.113;
2.418,-1.152,42.015,-1.450,42.313, 0.721, 0.346,-1.942,-0.398,0.398,0.567,-1.218,-0.294, 8.121;
2.429,-1.177,19.495,-1.475,19.793, 0.719, 0.348,-1.932,-0.195,0.195,0.879,-1.217,-0.304, 8.126;
2.440,-1.243,20.668,-1.543,20.967, 0.716, 0.350,-1.948,-0.204,0.204,-1.501,-1.215,-0.313, 8.156;
2.451,-12.521,31.938,-12.821,32.237, 0.714, 0.355,-1.942,-0.204,0.409,0.582,-1.213,-0.324, 8.163;
2.462,10.014,31.870,9.714,32.170, 0.710, 0.357,-1.932,-0.409,0.205,0.922,-1.209,-0.333, 8.167;
2.474,-1.292,18.019,-1.593,18.320, 0.708, 0.359,-1.932,-0.181,0.181,0.000,-1.207,-0.343, 8.182;
2.485,-12.539,31.869,-12.840,32.170, 0.705, 0.364,-1.926,-0.205,0.410,0.563,-1.205,-0.354, 8.190;
2.507,4.239,14.947,3.938,15.248, 0.701, 0.366,-1.909,-0.205,0.103,0.752,-1.201,-0.370, 8.201;
2.519,-1.374,18.260,-1.676,18.562, 0.699, 0.368,-1.909,-0.184,0.184,0.000,-1.198,-0.380, 8.216;
2.530,-12.374,31.096,-12.677,31.399, 0.696, 0.373,-1.920,-0.200,0.400,-0.937,-1.196,-0.392, 8.240;
2.541,9.387,30.645,9.084,30.948, 0.692, 0.375,-1.909,-0.396,0.198,0.928,-1.191,-0.401, 8.244;
2.552,-1.444,20.011,-1.747,20.314, 0.690, 0.377,-1.909,-0.199,0.199,0.000,-1.189,-0.410, 8.258;
2.564,9.240,30.329,8.936,30.632, 0.685, 0.379,-1.893,-0.395,0.198,1.467,-1.184,-0.419, 8.256;
2.575,-11.927,29.629,-12.231,29.933, 0.683, 0.384,-1.903,-0.192,0.384,-0.935,-1.181,-0.431, 8.281;
2.586,9.640,31.694,9.336,31.998, 0.679, 0.386,-1.887,-0.412,0.206,1.509,-1.176,-0.440, 8.279;
2.598,8.625,28.879,8.320,29.184, 0.674, 0.388,-1.893,-0.376,0.188,-0.460,-1.170,-0.450, 8.299;
2.609,-1.540,20.282,-1.846,20.587, 0.672, 0.391,-1.893,-0.202,0.202,0.000,-1.167,-0.459, 8.313;
2.620,-1.488,42.416,-1.793,42.721, 0.667, 0.395,-1.871,-0.411,0.411,2.025,-1.162,-0.470, 8.304;
2.641,-1.597,9.881,-1.904,10.187, 0.665, 0.397,-1.887,-0.105,0.105,-0.780,-1.157,-0.485, 8.348;
2.653,-1.596,40.148,-1.903,40.455, 0.661, 0.402,-1.882,-0.387,0.387,0.459,-1.152,-0.497, 8.357;
2.664,9.015,30.378,8.708,30.685, 0.656, 0.404,-1.866,-0.398,0.199,1.451,-1.146,-0.506, 8.355;
2.675,9.089,30.812,8.781,31.120, 0.652, 0.406,-1.871,-0.402,0.201,-0.454,-1.140,-0.515, 8.374;
2.686,-1.652,19.988,-1.960,20.296, 0.650, 0.408,-1.871,-0.200,0.200,0.000,-1.136,-0.524, 8.388;
2.697,9.058,30.850,8.749,31.159, 0.645, 0.411,-1.871,-0.402,0.201,0.000,-1.130,-0.533, 8.402;
2.708,-1.687,20.554,-1.996,20.863, 0.643, 0.413,-1.871,-0.205,0.205,0.000,-1.126,-0.542, 8.415;
2.719,9.207,31.451,8.897,31.760, 0.638, 0.415,-1.871,-0.409,0.204,0.000,-1.120,-0.551, 8.429;
2.730,9.125,31.145,8.816,31.454, 0.634, 0.417,-1.854,-0.408,0.204,1.525,-1.113,-0.560, 8.426;
2.751,3.884,15.661,3.574,15.971, 0.629, 0.420,-1.854,-0.212,0.106,0.000,-1.105,-0.575, 8.453;
2.762,8.786,30.440,8.475,30.751, 0.625, 0.422,-1.854,-0.398,0.199,0.000,-1.098,-0.584, 8.467;
2.773,-1.692,40.569,-2.002,40.879, 0.620, 0.426,-1.833,-0.399,0.399,1.910,-1.091,-0.595, 8.459;
2.785,-1.789,19.741,-2.100,20.053, 0.618, 0.429,-1.849,-0.197,0.197,-1.467,-1.087,-0.604, 8.490;
2.797,8.163,28.776,7.850,29.089, 0.614, 0.431,-1.849,-0.377,0.189,0.000,-1.079,-0.613, 8.505;
2.809,7.350,26.417,7.037,26.730, 0.609, 0.433,-1.849,-0.347,0.173,0.000,-1.072,-0.623, 8.521;
2.823,6.734,24.654,6.421,24.967, 0.605, 0.435,-1.849,-0.324,0.162,0.000,-1.064,-0.633, 8.538;
2.835,7.903,28.104,7.589,28.417, 0.600, 0.437,-1.833,-0.371,0.185,1.377,-1.057,-0.642, 8.537;
2.847,8.120,28.904,7.806,29.218, 0.596, 0.440,-1.833,-0.380,0.190,0.000,-1.049,-0.651, 8.552;
2.859,-1.835,38.606,-2.150,38.920, 0.591, 0.444,-1.833,-0.378,0.378,0.000,-1.042,-0.662, 8.567;
2.871,7.726,27.854,7.411,28.170, 0.587, 0.446,-1.833,-0.366,0.183,0.000,-1.034,-0.671, 8.582;
2.883,7.555,27.408,7.239,27.724, 0.583, 0.449,-1.833,-0.360,0.180,0.000,-1.026,-0.680, 8.597;
2.895,7.850,28.358,7.534,28.675, 0.578, 0.451,-1.833,-0.372,0.186,0.000,-1.018,-0.689, 8.613;
2.907,8.164,29.324,7.848,29.641, 0.574, 0.453,-1.828,-0.385,0.192,0.378,-1.010,-0.698, 8.623;
2.920,16.637,17.800,16.320,18.118, 0.569, 0.453,-1.833,-0.354,0.000,-0.349,-1.001,-0.705, 8.643;
2.934,6.338,23.906,6.021,24.224, 0.565, 0.455,-1.816,-0.317,0.158,1.188,-0.992,-0.715, 8.644;
2.947,7.083,26.228,6.765,26.546, 0.560, 0.458,-1.812,-0.347,0.174,0.321,-0.984,-0.724, 8.656;
2.959,16.955,18.239,16.637,18.558, 0.556, 0.458,-1.816,-0.364,0.000,-0.337,-0.975,-0.730, 8.675;
2.970,17.963,19.279,17.644,19.598, 0.551, 0.458,-1.816,-0.384,0.000,0.000,-0.966,-0.736, 8.690;
2.982,-1.902,18.842,-2.222,19.162, 0.549, 0.460,-1.812,-0.188,0.188,0.348,-0.960,-0.745, 8.701;
2.995,16.609,17.954,16.289,18.274, 0.545, 0.460,-1.795,-0.362,0.000,1.346,-0.951,-0.751, 8.700;
3.007,7.492,8.940,7.172,9.261, 0.542, 0.460,-1.812,-0.182,0.000,-1.358,-0.944,-0.757, 8.732;
3.019,17.406,18.816,17.085,19.136, 0.538, 0.460,-1.791,-0.378,0.000,1.724,-0.935,-0.763, 8.726;
3.030,27.186,9.255,26.866,9.576, 0.533, 0.458,-1.778,-0.383,-0.192,1.116,-0.926,-0.767, 8.728;
3.042,8.131,9.668,7.809,9.989, 0.531, 0.458,-1.791,-0.197,0.000,-1.147,-0.920,-0.772, 8.755;
3.053,7.798,9.357,7.476,9.679, 0.529, 0.458,-1.791,-0.190,0.000,0.000,-0.913,-0.778, 8.770;
3.065,27.104,9.329,26.781,9.651, 0.525, 0.455,-1.778,-0.382,-0.191,1.113,-0.904,-0.781, 8.772;
3.077,7.809,9.417,7.486,9.739, 0.522, 0.455,-1.775,-0.192,0.000,0.300,-0.897,-0.787, 8.783;
3.088,18.085,-0.253,17.762,0.070, 0.520, 0.453,-1.775,-0.198,-0.198,0.000,-0.890,-0.790, 8.797;
3.099,18.754,-0.222,18.431,0.102, 0.518, 0.451,-1.775,-0.205,-0.205,0.000,-0.883,-0.793, 8.811;
3.110,8.187,9.890,7.863,10.214, 0.516, 0.451,-1.771,-0.200,0.000,0.302,-0.876,-0.798, 8.821;
3.121,27.869,9.727,27.545,10.051, 0.511, 0.449,-1.755,-0.398,-0.199,1.457,-0.866,-0.800, 8.819;
3.143,3.310,-5.302,2.985,-4.976, 0.511, 0.446,-1.771,0.000,-0.103,-0.757,-0.857,-0.808, 8.862;
3.155,34.143,-0.117,33.818,0.208, 0.507, 0.442,-1.742,-0.365,-0.365,2.446,-0.847,-0.809, 8.848;
3.167,7.713,-9.607,7.387,-9.281, 0.507, 0.440,-1.758,0.000,-0.192,-1.437,-0.841,-0.811, 8.879;
3.179,16.670,-0.001,16.343,0.326, 0.504, 0.437,-1.755,-0.186,-0.186,0.259,-0.833,-0.814, 8.891;
3.190,16.802,0.017,16.475,0.344, 0.502, 0.435,-1.739,-0.189,-0.189,1.395,-0.826,-0.817, 8.889;
3.203,24.953,-8.866,24.626,-8.539, 0.500, 0.431,-1.739,-0.182,-0.363,0.000,-0.817,-0.817, 8.905;
3.215,15.708,0.085,15.381,0.412, 0.498, 0.429,-1.722,-0.180,-0.180,1.334,-0.809,-0.820, 8.904;
3.228,15.488,-17.165,15.160,-16.837, 0.498, 0.424,-1.739,0.000,-0.352,-1.302,-0.803,-0.820, 8.936;
3.239,16.711,0.147,16.383,0.475, 0.496, 0.422,-1.720,-0.191,-0.191,1.624,-0.795,-0.822, 8.932;
3.251,26.249,-9.155,25.921,-8.826, 0.493, 0.417,-1.720,-0.193,-0.385,0.000,-0.787,-0.822, 8.947;
3.263,16.198,-17.769,15.868,-17.440, 0.493, 0.413,-1.720,0.000,-0.371,0.000,-0.780,-0.822, 8.962;
3.275,25.708,-8.906,25.378,-8.576, 0.491, 0.408,-1.720,-0.189,-0.378,0.000,-0.772,-0.822, 8.977;
3.287,7.519,-9.015,7.188,-8.685, 0.491, 0.406,-1.717,0.000,-0.192,0.207,-0.766,-0.824, 8.989;
3.298,35.493,-18.341,35.163,-18.011, 0.489, 0.400,-1.703,-0.194,-0.583,1.213,-0.758,-0.821, 8.989;
3.310,16.190,-17.594,15.859,-17.263, 0.489, 0.395,-1.703,0.000,-0.374,0.000,-0.751,-0.821, 9.004;
3.322,15.998,-17.362,15.667,-17.031, 0.489, 0.391,-1.703,0.000,-0.370,0.000,-0.745,-0.820, 9.019;
3.334,15.746,-17.069,15.414,-16.737, 0.489, 0.386,-1.703,0.000,-0.365,0.000,-0.738,-0.819, 9.035;
3.347,15.127,-16.409,14.794,-16.077, 0.489, 0.382,-1.701,0.000,-0.352,0.169,-0.731,-0.819, 9.049;
3.359,16.280,-17.519,15.947,-17.186, 0.489, 0.377,-1.701,0.000,-0.376,0.000,-0.725,-0.818, 9.064;
3.371,16.361,-17.559,16.027,-17.226, 0.489, 0.373,-1.701,0.000,-0.377,0.000,-0.718,-0.817, 9.078;
3.382,17.166,-18.328,16.832,-17.994, 0.489, 0.368,-1.699,0.000,-0.395,0.184,-0.712,-0.816, 9.091;
3.393,26.567,-27.682,26.232,-27.347, 0.489, 0.362,-1.701,0.000,-0.590,-0.183,-0.706,-0.812, 9.107;
3.405,16.635,-17.716,16.300,-17.381, 0.489, 0.357,-1.701,0.000,-0.383,0.000,-0.699,-0.811, 9.122;
3.416,17.259,-18.320,16.924,-17.985, 0.489, 0.353,-1.685,0.000,-0.400,1.448,-0.693,-0.809, 9.119;
3.427,17.181,-36.947,16.845,-36.611, 0.491, 0.346,-1.701,0.196,-0.589,-1.422,-0.688,-0.805, 9.150;
3.439,16.873,-17.833,16.536,-17.496, 0.491, 0.341,-1.701,0.000,-0.387,0.000,-0.682,-0.804, 9.164;
3.461,3.325,-14.145,2.986,-13.806, 0.493, 0.337,-1.717,0.103,-0.205,-0.739,-0.671,-0.804, 9.208;
3.474,14.403,-15.261,14.065,-14.923, 0.493, 0.333,-1.699,0.000,-0.335,1.364,-0.663,-0.803, 9.206;
3.479,20.360,-64.742,20.021,-64.403, 0.496, 0.328,-1.715,0.452,-0.904,-3.206,-0.663,-0.799, 9.228;
3.489,20.069,-20.888,19.730,-20.549, 0.496, 0.324,-1.699,0.000,-0.454,1.609,-0.657,-0.797, 9.225;
3.500,17.541,-37.343,17.201,-37.003, 0.498, 0.317,-1.717,0.197,-0.592,-1.604,-0.652,-0.793, 9.257;
3.512,16.057,-16.780,15.717,-16.441, 0.498, 0.312,-1.699,0.000,-0.369,1.502,-0.645,-0.790, 9.254;
3.534,3.432,-14.013,3.090,-13.671, 0.500, 0.308,-1.715,0.103,-0.206,-0.731,-0.634,-0.790, 9.297;
3.546,7.218,-25.313,6.876,-24.971, 0.502, 0.304,-1.715,0.181,-0.362,0.000,-0.629,-0.787, 9.313;
3.558,16.493,-17.019,16.150,-16.677, 0.502, 0.299,-1.715,0.000,-0.373,0.000,-0.622,-0.785, 9.328;
3.570,7.772,-26.817,7.429,-26.474, 0.504, 0.295,-1.715,0.192,-0.384,0.000,-0.617,-0.782, 9.343;
3.582,7.416,-25.669,7.072,-25.325, 0.507, 0.290,-1.715,0.184,-0.368,0.000,-0.611,-0.779, 9.358;
3.594,7.462,-25.698,7.118,-25.354, 0.509, 0.286,-1.731,0.183,-0.365,-1.289,-0.606,-0.776, 9.389;
3.607,15.704,-16.070,15.359,-15.725, 0.509, 0.281,-1.715,0.000,-0.355,1.253,-0.598,-0.773, 9.389;
3.619,7.385,-25.322,7.040,-24.977, 0.511, 0.277,-1.715,0.182,-0.365,0.000,-0.593,-0.770, 9.404;
3.631,7.590,-25.819,7.243,-25.472, 0.513, 0.272,-1.731,0.184,-0.368,-1.299,-0.588,-0.767, 9.435;
3.643,7.733,-26.232,7.386,-25.885, 0.516, 0.268,-1.731,0.187,-0.374,0.000,-0.583,-0.763, 9.450;
3.655,7.631,-25.837,7.283,-25.489, 0.518, 0.263,-1.731,0.184,-0.369,0.000,-0.577,-0.760, 9.466;
3.668,7.171,-24.363,6.823,-24.015, 0.520, 0.259,-1.731,0.175,-0.349,0.000,-0.572,-0.756, 9.482;
3.681,-1.350,-15.580,-1.698,-15.231, 0.522, 0.257,-1.728,0.173,-0.173,0.193,-0.566,-0.755, 9.495;
3.693,7.770,-25.960,7.420,-25.610, 0.525, 0.252,-1.731,0.186,-0.372,-0.208,-0.560,-0.751, 9.513;
3.705,7.774,-25.854,7.424,-25.504, 0.527, 0.248,-1.746,0.183,-0.367,-1.289,-0.555,-0.747, 9.544;
3.717,7.595,-25.288,7.244,-24.937, 0.529, 0.243,-1.746,0.180,-0.359,0.000,-0.549,-0.743, 9.559;
3.730,7.670,-25.417,7.319,-25.065, 0.531, 0.239,-1.746,0.181,-0.362,0.000,-0.544,-0.739, 9.575;
3.733,-1.313,-76.021,-1.665,-75.669, 0.533, 0.237,-1.744,0.784,-0.784,0.960,-0.544,-0.736, 9.576;
3.744,8.166,-26.776,7.814,-26.424, 0.536, 0.232,-1.746,0.190,-0.380,-0.233,-0.539,-0.732, 9.593;
3.767,3.742,-13.337,3.388,-12.983, 0.538, 0.228,-1.746,0.100,-0.200,0.000,-0.527,-0.728, 9.621;
3.770,32.023,-98.151,31.669,-97.797, 0.540, 0.223,-1.746,0.671,-1.343,0.000,-0.528,-0.723, 9.626;
3.782,-1.174,-17.375,-1.528,-17.021, 0.542, 0.221,-1.744,0.191,-0.191,0.234,-0.522,-0.721, 9.638;
3.794,7.985,-25.835,7.631,-25.480, 0.545, 0.217,-1.746,0.185,-0.369,-0.226,-0.517,-0.716, 9.655;
3.815,4.027,-13.796,3.672,-13.440, 0.547, 0.212,-1.746,0.104,-0.207,0.000,-0.506,-0.710, 9.682;
3.828,-1.063,-32.790,-1.420,-32.433, 0.551, 0.208,-1.762,0.344,-0.344,-1.202,-0.502,-0.705, 9.714;
3.831,-1.289,-71.023,-1.646,-70.667, 0.554, 0.205,-1.746,0.734,-0.734,5.128,-0.503,-0.703, 9.703;
3.843,8.490,-26.952,8.133,-26.596, 0.556, 0.201,-1.746,0.193,-0.385,0.000,-0.497,-0.697, 9.717;
3.855,-10.606,-27.114,-10.964,-26.756, 0.560, 0.199,-1.759,0.385,-0.192,-1.088,-0.495,-0.694, 9.744;
3.876,4.297,-14.106,3.938,-13.747, 0.562, 0.194,-1.762,0.106,-0.211,-0.140,-0.484,-0.688, 9.774;
3.887,8.459,-26.553,8.100,-26.194, 0.565, 0.190,-1.746,0.190,-0.381,1.330,-0.479,-0.682, 9.773;
3.899,-10.341,-26.554,-10.701,-26.194, 0.569, 0.187,-1.762,0.377,-0.189,-1.318,-0.476,-0.679, 9.804;
3.911,-0.903,-17.208,-1.263,-16.848, 0.571, 0.185,-1.744,0.192,-0.192,1.576,-0.471,-0.675, 9.800;
3.923,8.001,-24.780,7.640,-24.420, 0.574, 0.181,-1.746,0.179,-0.358,-0.219,-0.466,-0.669, 9.818;
3.936,-9.415,-23.970,-9.777,-23.608, 0.578, 0.179,-1.762,0.344,-0.172,-1.201,-0.462,-0.665, 9.850;
3.949,-0.811,-16.359,-1.173,-15.998, 0.580, 0.176,-1.746,0.184,-0.184,1.283,-0.457,-0.661, 9.850;
3.963,-0.751,-29.648,-1.114,-29.285, 0.585, 0.172,-1.762,0.315,-0.315,-1.100,-0.453,-0.654, 9.883;
3.966,-0.764,-65.384,-1.127,-65.020, 0.587, 0.170,-1.762,0.672,-0.672,0.000,-0.453,-0.651, 9.887;
3.987,-0.712,-8.850,-1.076,-8.485, 0.589, 0.167,-1.762,0.107,-0.107,0.000,-0.443,-0.645, 9.913;
3.998,-10.438,-27.383,-10.804,-27.017, 0.594, 0.165,-1.777,0.387,-0.193,-1.343,-0.440,-0.641, 9.943;
4.010,-0.659,-17.458,-1.025,-17.092, 0.596, 0.163,-1.781,0.192,-0.192,-0.283,-0.436,-0.636, 9.961;
4.022,-10.155,-7.539,-10.522,-7.173, 0.598, 0.163,-1.793,0.187,0.000,-1.012,-0.431,-0.634, 9.989;
4.034,-0.604,-17.280,-0.971,-16.912, 0.600, 0.161,-1.796,0.189,-0.189,-0.297,-0.426,-0.629,10.007;
4.046,-10.304,-7.692,-10.673,-7.323, 0.603, 0.161,-1.812,0.188,0.000,-1.310,-0.421,-0.627,10.037;
4.058,-0.539,-16.776,-0.909,-16.406, 0.605, 0.158,-1.831,0.181,-0.181,-1.576,-0.416,-0.621,10.072;
4.069,-10.674,-8.050,-11.045,-7.680, 0.607, 0.158,-1.831,0.194,0.000,0.000,-0.412,-0.619,10.087;
4.081,-10.420,-7.816,-10.791,-7.445, 0.609, 0.158,-1.831,0.190,0.000,0.000,-0.407,-0.616,10.102;
4.093,-10.380,-7.787,-10.752,-7.415, 0.612, 0.158,-1.847,0.188,0.000,-1.307,-0.403,-0.613,10.132;
4.105,-10.025,-7.439,-10.398,-7.067, 0.614, 0.158,-1.847,0.182,0.000,0.000,-0.398,-0.609,10.147;
4.117,-10.185,-7.613,-10.559,-7.239, 0.616, 0.158,-1.862,0.184,0.000,-1.268,-0.393,-0.606,10.178;
4.129,-10.324,-7.760,-10.698,-7.386, 0.618, 0.158,-1.862,0.187,0.000,0.000,-0.389,-0.603,10.193;
4.141,-10.446,-7.896,-10.822,-7.521, 0.620, 0.158,-1.882,0.188,0.000,-1.696,-0.384,-0.599,10.228;
4.154,-10.011,-7.460,-10.388,-7.083, 0.623, 0.158,-1.898,0.180,0.000,-1.229,-0.380,-0.596,10.259;
4.165,-10.682,-8.142,-11.059,-7.764, 0.625, 0.158,-1.898,0.192,0.000,0.000,-0.376,-0.592,10.273;
4.177,-10.858,-8.337,-11.236,-7.959, 0.627, 0.158,-1.918,0.195,0.000,-1.792,-0.372,-0.588,10.308;
4.188,-10.957,-8.441,-11.337,-8.062, 0.629, 0.158,-1.918,0.197,0.000,0.000,-0.368,-0.585,10.323;
4.199,-21.796,2.326,-22.176,2.706, 0.632, 0.161,-1.933,0.196,0.196,-1.334,-0.364,-0.583,10.352;
4.211,-10.648,-8.168,-11.029,-7.788, 0.634, 0.161,-1.933,0.191,0.000,0.000,-0.360,-0.579,10.367;
4.222,-0.095,2.364,-0.476,2.746, 0.634, 0.161,-1.939,0.000,0.000,-0.520,-0.354,-0.575,10.387;
4.234,-21.541,2.371,-21.923,2.753, 0.636, 0.163,-1.939,0.195,0.195,0.000,-0.351,-0.573,10.401;
4.256,-5.612,-3.223,-5.996,-2.839, 0.638, 0.163,-1.961,0.101,0.000,-0.966,-0.342,-0.565,10.450;
4.260,-55.571,2.311,-55.956,2.696, 0.641, 0.165,-1.976,0.496,0.496,-3.374,-0.341,-0.566,10.471;
4.271,-22.882,2.424,-23.268,2.810, 0.643, 0.167,-1.991,0.203,0.203,-1.366,-0.338,-0.564,10.500;
4.282,-11.226,13.767,-11.612,14.153, 0.643, 0.170,-1.991,0.000,0.201,0.000,-0.333,-0.562,10.514;
4.305,-11.218,2.458,-11.606,2.845, 0.645, 0.172,-1.997,0.101,0.101,-0.304,-0.324,-0.555,10.548;
4.317,-20.309,2.462,-20.697,2.851, 0.647, 0.174,-2.012,0.181,0.181,-1.210,-0.320,-0.552,10.579;
4.329,-21.614,2.474,-22.004,2.864, 0.650, 0.176,-2.034,0.191,0.191,-1.886,-0.317,-0.550,10.616;
4.340,-10.609,13.396,-10.999,13.787, 0.650, 0.179,-2.034,0.000,0.190,0.000,-0.312,-0.547,10.630;
4.352,-31.742,13.191,-32.133,13.582, 0.652, 0.183,-2.034,0.187,0.373,0.000,-0.308,-0.547,10.645;
4.364,-10.581,13.448,-10.972,13.840, 0.652, 0.185,-2.034,0.000,0.191,0.000,-0.303,-0.544,10.660;
4.376,-20.468,2.497,-20.861,2.890, 0.654, 0.187,-2.057,0.181,0.181,-1.815,-0.300,-0.540,10.698;
4.389,-30.810,12.939,-31.204,13.333, 0.656, 0.192,-2.057,0.181,0.361,0.000,-0.297,-0.539,10.713;
4.401,-9.845,12.856,-10.240,13.250, 0.656, 0.194,-2.057,0.000,0.179,0.000,-0.291,-0.536,10.729;
4.414,-29.379,12.476,-29.774,12.871, 0.658, 0.199,-2.071,0.172,0.344,-1.128,-0.288,-0.534,10.760;
4.427,-9.191,12.297,-9.587,12.693, 0.658, 0.201,-2.065,0.000,0.169,0.510,-0.282,-0.530,10.770;
4.431,-104.654,37.334,-105.051,37.730, 0.661, 0.205,-2.080,0.604,1.207,-4.000,-0.283,-0.533,10.789;
4.441,-12.045,15.202,-12.442,15.599, 0.661, 0.208,-2.080,0.000,0.218,0.000,-0.279,-0.531,10.802;
4.463,-11.184,14.401,-11.582,14.798, 0.661, 0.212,-2.065,0.000,0.206,0.681,-0.270,-0.524,10.815;
4.477,-17.890,21.137,-18.288,21.534, 0.661, 0.217,-2.065,0.000,0.322,0.000,-0.265,-0.522,10.832;
4.479,-142.814,49.851,-143.213,50.250, 0.663, 0.221,-2.080,0.823,1.647,-5.455,-0.266,-0.525,10.850;
4.491,-22.433,25.734,-22.832,26.133, 0.663, 0.225,-2.080,0.000,0.400,0.000,-0.262,-0.524,10.864;
4.513,-10.604,13.960,-11.003,14.360, 0.663, 0.230,-2.065,0.000,0.199,0.658,-0.254,-0.517,10.878;
4.516,-90.905,94.561,-91.305,94.960, 0.663, 0.234,-2.057,0.000,1.594,2.824,-0.253,-0.520,10.873;
4.528,-20.478,23.848,-20.879,24.249, 0.663, 0.239,-2.065,0.000,0.370,-0.656,-0.248,-0.518,10.896;
4.540,-9.282,33.265,-9.682,33.665, 0.661, 0.243,-2.042,-0.179,0.358,1.826,-0.242,-0.516,10.889;
4.551,-22.359,25.779,-22.759,26.180, 0.661, 0.248,-2.042,0.000,0.407,0.000,-0.238,-0.515,10.903;
4.574,-10.057,13.533,-10.459,13.935, 0.661, 0.252,-2.042,0.000,0.194,0.000,-0.230,-0.507,10.932;
4.580,-45.663,49.151,-46.064,49.553, 0.661, 0.257,-2.042,0.000,0.814,0.000,-0.229,-0.509,10.939;
4.589,-26.940,30.449,-27.342,30.851, 0.661, 0.261,-2.042,0.000,0.489,0.000,-0.226,-0.508,10.950;
4.600,1.145,25.408,0.742,25.811, 0.658, 0.263,-2.050,-0.200,0.200,-0.694,-0.220,-0.504,10.972;
4.622,-16.198,19.786,-16.602,20.190, 0.658, 0.270,-2.042,0.000,0.304,0.351,-0.214,-0.499,10.992;
4.634,-9.694,13.300,-10.099,13.704, 0.658, 0.272,-2.050,0.000,0.190,-0.661,-0.210,-0.494,11.015;
4.647,-8.824,32.759,-9.229,33.164, 0.656, 0.277,-2.034,-0.177,0.354,1.211,-0.205,-0.492,11.015;
4.658,-20.401,24.044,-20.806,24.450, 0.656, 0.281,-2.034,0.000,0.380,0.000,-0.202,-0.489,11.030;
4.671,-18.935,22.592,-19.342,22.998, 0.656, 0.286,-2.050,0.000,0.353,-1.206,-0.198,-0.487,11.061;
4.675,-28.345,92.119,-28.751,92.525, 0.654, 0.290,-2.034,-0.523,1.045,3.574,-0.195,-0.489,11.051;
4.686,-22.893,26.585,-23.299,26.992, 0.654, 0.295,-2.034,0.000,0.425,0.000,-0.192,-0.487,11.064;
4.708,-4.397,19.890,-4.804,20.297, 0.652, 0.299,-2.034,-0.103,0.205,0.000,-0.185,-0.479,11.092;
4.719,-20.552,24.299,-20.960,24.707, 0.652, 0.304,-2.034,0.000,0.385,0.000,-0.183,-0.476,11.106;
4.731,-8.794,33.287,-9.202,33.695, 0.650, 0.308,-2.027,-0.181,0.363,0.616,-0.178,-0.474,11.114;
4.745,-7.944,30.827,-8.353,31.235, 0.647, 0.312,-2.012,-0.168,0.336,1.154,-0.173,-0.470,11.116;
4.757,-19.670,23.429,-20.079,23.838, 0.647, 0.317,-2.027,0.000,0.373,-1.279,-0.170,-0.467,11.146;
4.769,1.663,22.424,1.253,22.834, 0.645, 0.319,-2.034,-0.177,0.177,-0.601,-0.166,-0.462,11.169;
4.773,-29.965,97.776,-30.375,98.185, 0.643, 0.324,-2.019,-0.559,1.119,3.884,-0.163,-0.464,11.159;
4.784,-9.772,36.542,-10.182,36.952, 0.641, 0.328,-2.019,-0.201,0.403,0.000,-0.159,-0.462,11.173;
4.806,-10.010,13.860,-10.422,14.272, 0.641, 0.333,-2.034,0.000,0.206,-0.715,-0.155,-0.453,11.216;
4.810,-28.454,93.746,-28.865,94.158, 0.638, 0.337,-2.012,-0.537,1.075,5.512,-0.153,-0.455,11.198;
4.822,-9.393,35.638,-9.805,36.050, 0.636, 0.341,-2.012,-0.197,0.394,0.000,-0.149,-0.453,11.212;
4.833,-9.046,34.672,-9.459,35.084, 0.634, 0.346,-2.012,-0.192,0.383,0.000,-0.145,-0.450,11.227;
4.845,-8.817,34.060,-9.230,34.473, 0.632, 0.350,-2.012,-0.188,0.376,0.000,-0.141,-0.447,11.242;
4.867,1.935,13.383,1.521,13.798, 0.629, 0.353,-2.019,-0.100,0.100,-0.332,-0.136,-0.436,11.277;
4.879,-8.751,34.130,-9.165,34.545, 0.627, 0.357,-2.003,-0.190,0.379,1.336,-0.133,-0.433,11.276;
4.891,-8.775,34.164,-9.190,34.579, 0.625, 0.362,-2.012,-0.189,0.379,-0.708,-0.130,-0.430,11.299;
4.895,-27.980,92.474,-28.395,92.888, 0.623, 0.366,-1.996,-0.534,1.068,3.720,-0.127,-0.432,11.289;
4.915,-4.206,20.613,-4.622,21.029, 0.620, 0.371,-2.012,-0.110,0.220,-0.767,-0.123,-0.424,11.330;
4.927,2.092,23.148,1.676,23.565, 0.618, 0.373,-2.003,-0.188,0.188,0.704,-0.120,-0.418,11.336;
4.939,2.122,44.912,1.706,45.329, 0.614, 0.377,-1.996,-0.382,0.382,0.616,-0.115,-0.416,11.344;
4.951,-8.072,32.383,-8.489,32.801, 0.612, 0.382,-1.996,-0.181,0.361,0.000,-0.113,-0.412,11.359;
4.964,2.165,22.266,1.747,22.684, 0.609, 0.384,-2.003,-0.181,0.181,-0.585,-0.110,-0.407,11.382;
4.977,-7.382,30.469,-7.800,30.887, 0.607, 0.388,-1.996,-0.170,0.340,0.548,-0.107,-0.403,11.391;
4.989,-8.035,32.456,-8.454,32.875, 0.605, 0.393,-1.996,-0.182,0.363,0.000,-0.105,-0.400,11.407;
5.000,13.346,34.882,12.927,35.301, 0.600, 0.395,-1.987,-0.394,0.197,0.773,-0.100,-0.395,11.412;
5.012,-8.332,33.436,-8.751,33.855, 0.598, 0.400,-1.980,-0.189,0.378,0.593,-0.098,-0.392,11.420;
5.025,-7.806,31.852,-8.227,32.272, 0.596, 0.404,-1.996,-0.179,0.357,-1.262,-0.096,-0.389,11.452;
5.036,2.335,23.096,1.914,23.517, 0.594, 0.406,-1.996,-0.191,0.191,0.000,-0.094,-0.383,11.466;
5.048,13.178,33.921,12.757,34.342, 0.589, 0.408,-1.980,-0.385,0.192,1.360,-0.090,-0.378,11.465;
5.060,-7.899,32.295,-8.320,32.717, 0.587, 0.413,-1.980,-0.183,0.366,0.000,-0.088,-0.375,11.481;
5.072,2.399,22.360,1.977,22.782, 0.585, 0.415,-1.973,-0.187,0.187,0.567,-0.087,-0.370,11.489;
5.084,12.722,32.336,12.300,32.758, 0.580, 0.417,-1.973,-0.368,0.184,0.000,-0.083,-0.365,11.504;
5.096,13.422,12.362,12.999,12.785, 0.578, 0.417,-1.964,-0.197,0.000,0.812,-0.082,-0.358,11.509;
5.107,2.451,23.289,2.028,23.712, 0.576, 0.420,-1.964,-0.197,0.197,0.000,-0.080,-0.353,11.523;
5.118,2.474,23.361,2.051,23.785, 0.574, 0.422,-1.958,-0.198,0.198,0.584,-0.079,-0.348,11.531;
5.130,23.823,22.592,23.399,23.016, 0.569, 0.422,-1.942,-0.386,0.000,1.383,-0.076,-0.341,11.529;
5.141,2.493,22.747,2.069,23.171, 0.567, 0.424,-1.942,-0.195,0.195,0.000,-0.075,-0.336,11.544;
5.153,12.584,11.274,12.160,11.698, 0.565, 0.424,-1.926,-0.184,0.000,1.332,-0.074,-0.328,11.543;
5.164,2.516,23.711,2.092,24.135, 0.562, 0.426,-1.920,-0.206,0.206,0.548,-0.073,-0.324,11.551;
5.175,24.116,22.699,23.692,23.123, 0.558, 0.426,-1.903,-0.398,0.000,1.439,-0.070,-0.317,11.549;
5.188,12.092,10.658,11.668,11.083, 0.556, 0.426,-1.903,-0.176,0.000,0.000,-0.070,-0.309,11.564;
5.210,8.139,6.614,7.714,7.040, 0.554, 0.426,-1.898,-0.103,0.000,0.255,-0.071,-0.296,11.586;
5.215,25.482,23.863,25.057,24.288, 0.551, 0.426,-1.882,-0.426,0.000,3.075,-0.069,-0.293,11.577;
5.224,16.231,14.658,15.805,15.084, 0.549, 0.426,-1.882,-0.255,0.000,0.000,-0.069,-0.288,11.588;
5.245,13.493,0.912,13.067,1.338, 0.547, 0.424,-1.866,-0.103,-0.103,0.748,-0.070,-0.272,11.599;
5.257,12.673,10.974,12.246,11.400, 0.545, 0.424,-1.866,-0.189,0.000,0.000,-0.071,-0.265,11.614;
5.262,28.184,26.342,27.757,26.768, 0.542, 0.424,-1.844,-0.485,0.000,4.583,-0.069,-0.263,11.598;
5.272,24.967,0.831,24.540,1.258, 0.540, 0.422,-1.844,-0.213,-0.213,0.000,-0.069,-0.254,11.611;
5.294,8.042,6.224,7.615,6.651, 0.538, 0.422,-1.824,-0.105,0.000,0.969,-0.072,-0.242,11.618;
5.305,22.839,0.730,22.412,1.157, 0.536, 0.420,-1.824,-0.195,-0.195,0.000,-0.072,-0.233,11.632;
5.316,23.041,0.673,22.614,1.100, 0.533, 0.417,-1.808,-0.199,-0.199,1.444,-0.072,-0.224,11.630;
5.327,12.901,-9.655,12.474,-9.227, 0.533, 0.415,-1.808,0.000,-0.200,0.000,-0.075,-0.215,11.644;
5.338,23.187,0.604,22.760,1.032, 0.531, 0.413,-1.791,-0.202,-0.202,1.481,-0.076,-0.207,11.641;
5.349,12.980,-9.805,12.552,-9.377, 0.531, 0.411,-1.791,0.000,-0.204,0.000,-0.079,-0.198,11.655;
5.360,23.187,0.531,22.759,0.959, 0.529, 0.408,-1.771,-0.205,-0.205,1.821,-0.079,-0.190,11.649;
5.371,23.142,-20.032,22.713,-19.603, 0.529, 0.404,-1.775,0.000,-0.408,-0.307,-0.082,-0.179,11.666;
5.392,13.078,0.453,12.649,0.882, 0.527, 0.402,-1.755,-0.106,-0.106,0.932,-0.086,-0.165,11.673;
5.404,12.444,-9.444,12.015,-9.014, 0.527, 0.400,-1.755,0.000,-0.198,0.000,-0.090,-0.157,11.687;
5.415,31.952,-9.437,31.523,-9.007, 0.525, 0.395,-1.739,-0.199,-0.398,1.466,-0.091,-0.146,11.685;
5.426,12.028,-9.116,11.599,-8.686, 0.525, 0.393,-1.736,0.000,-0.193,0.237,-0.095,-0.138,11.697;
5.439,19.792,-16.903,19.361,-16.473, 0.525, 0.388,-1.736,0.000,-0.351,0.000,-0.099,-0.126,11.713;
5.451,20.823,0.270,20.393,0.700, 0.522, 0.386,-1.717,-0.189,-0.189,1.578,-0.100,-0.118,11.709;
5.463,21.274,-18.464,20.843,-18.034, 0.522, 0.382,-1.720,0.000,-0.386,-0.208,-0.104,-0.107,11.726;
5.474,21.527,-18.747,21.096,-18.315, 0.522, 0.377,-1.720,0.000,-0.391,0.000,-0.108,-0.097,11.740;
5.486,20.916,-18.162,20.485,-17.730, 0.522, 0.373,-1.720,0.000,-0.378,0.000,-0.113,-0.086,11.755;
5.497,21.502,-18.839,21.070,-18.407, 0.522, 0.368,-1.703,0.000,-0.396,1.449,-0.117,-0.076,11.753;
5.509,11.744,-27.318,11.311,-26.886, 0.525, 0.364,-1.720,0.189,-0.377,-1.380,-0.123,-0.065,11.784;
5.520,12.522,-9.852,12.088,-9.418, 0.525, 0.362,-1.717,0.000,-0.205,0.221,-0.127,-0.058,11.795;
5.531,30.191,-27.613,29.757,-27.179, 0.525, 0.355,-1.703,0.000,-0.577,1.200,-0.132,-0.045,11.796;
5.543,20.279,-17.690,19.845,-17.256, 0.525, 0.350,-1.703,0.000,-0.370,0.000,-0.137,-0.035,11.811;
5.555,2.590,-19.382,2.156,-18.947, 0.527, 0.348,-1.717,0.200,-0.200,-1.249,-0.143,-0.027,11.839;
5.577,11.995,-9.502,11.559,-9.066, 0.527, 0.344,-1.701,0.000,-0.197,0.711,-0.153,-0.012,11.851;
5.582,52.577,-99.507,52.141,-99.071, 0.529, 0.337,-1.717,0.514,-1.541,-3.701,-0.157,-0.003,11.873;
5.591,24.020,-21.596,23.584,-21.160, 0.529, 0.333,-1.701,0.000,-0.449,1.617,-0.161, 0.006,11.869;
5.604,2.589,-17.357,2.152,-16.920, 0.531, 0.330,-1.715,0.178,-0.178,-1.098,-0.168, 0.014,11.899;
5.615,12.523,-29.982,12.085,-29.544, 0.533, 0.326,-1.715,0.206,-0.411,0.000,-0.175, 0.023,11.912;
5.638,16.633,-14.260,16.194,-13.821, 0.533, 0.319,-1.717,0.000,-0.290,-0.101,-0.186, 0.040,11.944;
5.644,2.570,-34.181,2.131,-33.742, 0.536, 0.317,-1.715,0.351,-0.351,0.366,-0.191, 0.045,11.949;
5.652,16.526,-42.095,16.086,-41.656, 0.538, 0.312,-1.715,0.288,-0.577,0.000,-0.197, 0.053,11.959;
5.674,7.575,-15.206,7.134,-14.765, 0.540, 0.308,-1.731,0.101,-0.203,-0.717,-0.209, 0.067,12.003;
5.686,11.951,-28.370,11.509,-27.929, 0.542, 0.304,-1.733,0.191,-0.381,-0.220,-0.217, 0.076,12.020;
5.698,11.683,-27.620,11.241,-27.178, 0.545, 0.299,-1.733,0.185,-0.371,0.000,-0.225, 0.085,12.035;
5.710,20.066,-17.927,19.624,-17.485, 0.545, 0.295,-1.717,0.000,-0.361,1.296,-0.231, 0.095,12.034;
5.722,11.986,-28.542,11.543,-28.099, 0.547, 0.290,-1.733,0.191,-0.382,-1.371,-0.239, 0.104,12.065;
5.735,11.087,-25.968,10.643,-25.524, 0.549, 0.286,-1.733,0.173,-0.347,0.000,-0.247, 0.113,12.081;
5.747,2.576,-18.202,2.132,-17.758, 0.551, 0.283,-1.731,0.181,-0.181,0.209,-0.256, 0.120,12.094;
