0.000,0.000,0.000,0.000,0.000, 0.000, 0.000, 0.000,0.000,0.000,0.000, 0.000, 0.000, 0.000;
0.011,1.564,1.187,1.571,1.181,-0.203,-0.071, 0.014,0.000,0.000,0.000, 0.703, 0.080,-0.014;
0.023,1.579,1.172,1.585,1.166,-0.203,-0.071, 0.014,0.000,0.000,0.000, 0.703, 0.089,-0.014;
0.035,1.594,1.156,1.601,1.149,-0.203,-0.071, 0.014,0.000,0.000,0.000, 0.702, 0.099,-0.014;
0.047,1.609,1.140,1.615,1.133,-0.203,-0.071, 0.014,0.000,0.000,-0.017, 0.702, 0.109,-0.014;
0.059,1.622,1.124,1.629,1.117,-0.203,-0.071, 0.014,0.000,0.000,0.000, 0.701, 0.118,-0.014;
0.071,1.636,1.108,1.643,1.101,-0.203,-0.071, 0.014,0.000,0.000,0.017, 0.700, 0.127,-0.014;
0.083,1.650,1.091,1.656,1.084,-0.203,-0.071, 0.014,0.000,0.000,0.000, 0.699, 0.136,-0.014;
0.094,1.662,1.074,1.669,1.068,-0.203,-0.071, 0.014,0.000,0.000,0.000, 0.698, 0.145,-0.014;
0.106,1.675,1.057,1.682,1.050,-0.203,-0.071, 0.014,0.000,0.000,0.000, 0.696, 0.155,-0.014;
0.118,1.687,1.041,1.694,1.034,-0.203,-0.071, 0.014,0.000,0.000,0.000, 0.695, 0.163,-0.014;
0.130,1.700,1.022,1.706,1.016,-0.203,-0.071, 0.014,0.000,0.000,0.000, 0.693, 0.173,-0.014;
0.141,1.711,1.006,1.718,0.999,-0.203,-0.071, 0.014,0.000,0.000,0.000, 0.691, 0.181,-0.014;
0.153,1.722,0.988,1.729,0.981,-0.203,-0.071, 0.014,0.000,0.000,-0.018, 0.689, 0.190,-0.014;
0.164,1.733,0.970,1.740,0.963,-0.203,-0.071, 0.014,0.000,0.000,0.000, 0.687, 0.199,-0.014;
0.175,1.744,0.953,1.750,0.946,-0.203,-0.071, 0.014,0.000,0.000,0.000, 0.684, 0.207,-0.014;
0.187,3.741,3.084,3.754,3.071,-0.201,-0.071, 0.029,0.194,0.000,1.276, 0.680, 0.216,-0.029;
0.208,1.749,0.924,1.763,0.910,-0.201,-0.071, 0.029,0.000,0.000,0.000, 0.674, 0.232,-0.029;
0.221,3.607,2.862,3.620,2.848,-0.199,-0.071, 0.029,0.179,0.000,0.000, 0.669, 0.241,-0.029;
0.232,3.819,-1.062,3.833,-1.076,-0.199,-0.069, 0.029,0.000,0.188,0.000, 0.666, 0.248,-0.029;
0.243,4.036,3.275,4.050,3.262,-0.196,-0.069, 0.029,0.220,0.000,0.000, 0.661, 0.255,-0.029;
0.255,3.786,-1.065,3.799,-1.078,-0.196,-0.067, 0.029,0.000,0.184,-0.034, 0.657, 0.262,-0.029;
0.270,3.224,2.449,3.244,2.429,-0.194,-0.067, 0.043,0.144,0.000,0.963, 0.650, 0.273,-0.043;
0.281,6.352,0.934,6.366,0.921,-0.192,-0.065, 0.029,0.215,0.215,-1.396, 0.644, 0.278,-0.029;
0.291,6.135,0.906,6.149,0.892,-0.190,-0.062, 0.029,0.205,0.205,0.000, 0.638, 0.283,-0.029;
0.303,3.662,2.872,3.682,2.852,-0.187,-0.062, 0.043,0.188,0.000,1.220, 0.632, 0.292,-0.043;
0.315,5.858,0.940,5.878,0.920,-0.185,-0.060, 0.043,0.193,0.193,0.000, 0.625, 0.298,-0.043;
0.326,5.863,0.920,5.883,0.900,-0.183,-0.058, 0.043,0.194,0.194,0.000, 0.619, 0.303,-0.043;
0.339,5.380,0.877,5.400,0.857,-0.181,-0.056, 0.043,0.171,0.171,0.000, 0.611, 0.310,-0.043;
0.351,5.952,0.882,5.972,0.862,-0.179,-0.054, 0.043,0.198,0.198,0.000, 0.605, 0.315,-0.043;
0.363,5.716,0.851,5.736,0.831,-0.176,-0.051, 0.043,0.188,0.188,0.000, 0.597, 0.321,-0.043;
0.374,6.043,0.845,6.063,0.825,-0.174,-0.049, 0.043,0.203,0.203,0.000, 0.590, 0.326,-0.043;
0.385,5.983,0.819,6.003,0.800,-0.172,-0.047, 0.043,0.201,0.201,-0.056, 0.583, 0.331,-0.043;
0.396,8.082,3.190,8.109,3.163,-0.167,-0.045, 0.058,0.409,0.204,1.381, 0.574, 0.336,-0.058;
0.407,5.932,0.865,5.958,0.839,-0.165,-0.042, 0.058,0.200,0.200,0.000, 0.567, 0.341,-0.058;
0.428,4.963,1.894,4.989,1.867,-0.161,-0.040, 0.058,0.211,0.106,0.000, 0.552, 0.351,-0.058;
0.439,5.700,0.871,5.733,0.837,-0.158,-0.038, 0.072,0.191,0.191,1.235, 0.544, 0.356,-0.072;
0.451,10.011,1.023,10.038,0.996,-0.154,-0.033, 0.058,0.394,0.394,-1.273, 0.534, 0.359,-0.058;
0.462,5.865,0.756,5.891,0.729,-0.152,-0.031, 0.058,0.200,0.200,0.000, 0.526, 0.363,-0.058;
0.474,7.502,2.962,7.535,2.929,-0.147,-0.029, 0.072,0.380,0.190,1.227, 0.515, 0.368,-0.072;
0.485,7.809,3.084,7.842,3.050,-0.143,-0.027, 0.073,0.401,0.200,0.095, 0.505, 0.372,-0.073;
0.496,7.987,-1.291,8.014,-1.318,-0.141,-0.022, 0.058,0.197,0.394,-1.368, 0.496, 0.374,-0.058;
0.508,7.370,2.856,7.404,2.823,-0.136,-0.020, 0.072,0.374,0.187,1.210, 0.485, 0.378,-0.072;
0.521,7.108,2.738,7.142,2.704,-0.132,-0.018, 0.073,0.359,0.179,0.085, 0.474, 0.383,-0.073;
0.532,8.134,-1.418,8.161,-1.445,-0.129,-0.013, 0.058,0.203,0.407,-1.411, 0.465, 0.384,-0.058;
0.543,7.768,2.842,7.794,2.815,-0.125,-0.011, 0.058,0.400,0.200,0.000, 0.454, 0.388,-0.058;
0.554,7.526,2.850,7.560,2.816,-0.121,-0.009, 0.072,0.389,0.194,1.257, 0.443, 0.391,-0.072;
0.565,7.780,2.950,7.814,2.916,-0.116,-0.007, 0.073,0.407,0.203,0.097, 0.432, 0.395,-0.073;
0.588,4.667,-0.624,4.694,-0.651,-0.114,-0.002, 0.058,0.099,0.198,-0.689, 0.415, 0.401,-0.058;
0.590,28.454,11.025,28.480,10.998,-0.109,-0.000, 0.058,1.725,0.863,0.000, 0.409, 0.400,-0.058;
0.602,7.272,2.681,7.305,2.647,-0.105, 0.002, 0.073,0.378,0.189,1.311, 0.397, 0.403,-0.073;
0.624,4.607,1.538,4.640,1.504,-0.100, 0.004, 0.073,0.208,0.104,0.000, 0.379, 0.411,-0.073;
0.637,6.708,2.392,6.741,2.359,-0.096, 0.007, 0.073,0.344,0.172,0.000, 0.366, 0.414,-0.073;
0.640,19.773,7.835,19.807,7.802,-0.092, 0.009, 0.073,1.185,0.592,0.000, 0.359, 0.413,-0.073;
0.660,4.821,1.567,4.855,1.533,-0.087, 0.011, 0.073,0.226,0.113,0.000, 0.342, 0.419,-0.073;
0.672,7.139,2.634,7.179,2.594,-0.083, 0.013, 0.088,0.379,0.189,1.239, 0.329, 0.422,-0.088;
0.684,7.131,2.606,7.171,2.566,-0.078, 0.016, 0.087,0.379,0.190,-0.108, 0.317, 0.424,-0.087;
0.695,8.959,4.787,8.999,4.746,-0.071, 0.018, 0.088,0.571,0.190,0.108, 0.302, 0.426,-0.088;
0.707,6.973,2.506,7.014,2.466,-0.067, 0.020, 0.088,0.373,0.186,0.000, 0.289, 0.428,-0.088;
0.720,6.781,2.403,6.821,2.363,-0.062, 0.022, 0.088,0.362,0.181,0.000, 0.276, 0.430,-0.088;
0.732,8.695,4.592,8.736,4.551,-0.056, 0.025, 0.089,0.557,0.186,0.109, 0.260, 0.432,-0.089;
0.744,6.922,2.425,6.963,2.384,-0.051, 0.027, 0.088,0.374,0.187,-0.110, 0.247, 0.433,-0.088;
0.756,4.647,4.237,4.694,4.190,-0.047, 0.027, 0.103,0.371,0.000,1.212, 0.234, 0.437,-0.103;
0.767,8.720,4.715,8.767,4.668,-0.040, 0.029, 0.103,0.569,0.190,0.000, 0.219, 0.438,-0.103;
0.779,8.974,4.880,9.022,4.832,-0.033, 0.031, 0.104,0.591,0.197,0.134, 0.204, 0.439,-0.104;
0.790,4.633,4.220,4.681,4.173,-0.029, 0.031, 0.103,0.378,0.000,-0.129, 0.191, 0.442,-0.103;
0.802,8.850,4.764,8.898,4.716,-0.022, 0.033, 0.104,0.585,0.195,0.133, 0.175, 0.443,-0.104;
0.813,7.084,2.490,7.131,2.443,-0.018, 0.036, 0.103,0.397,0.199,-0.135, 0.162, 0.443,-0.103;
0.824,6.640,6.708,6.688,6.660,-0.011, 0.036, 0.104,0.598,0.000,0.136, 0.147, 0.445,-0.104;
0.836,6.680,2.263,6.727,2.216,-0.007, 0.038, 0.103,0.374,0.187,-0.127, 0.134, 0.446,-0.103;
0.848,6.538,6.579,6.586,6.531, 0.000, 0.038, 0.104,0.593,0.000,0.135, 0.119, 0.448,-0.104;
0.859,8.478,4.446,8.525,4.398, 0.007, 0.040, 0.104,0.567,0.189,0.000, 0.103, 0.448,-0.104;
0.871,4.460,4.016,4.508,3.968, 0.011, 0.040, 0.104,0.380,0.000,0.000, 0.089, 0.450,-0.104;
0.893,5.004,2.189,5.052,2.141, 0.018, 0.042, 0.104,0.313,0.104,0.000, 0.066, 0.450,-0.104;
0.904,8.398,4.180,8.439,4.139, 0.025, 0.045, 0.089,0.564,0.188,-1.245, 0.050, 0.450,-0.089;
0.916,6.222,6.186,6.270,6.138, 0.031, 0.045, 0.104,0.576,0.000,1.272, 0.035, 0.451,-0.104;
0.928,6.050,6.000,6.099,5.951, 0.038, 0.045, 0.106,0.562,0.000,0.131, 0.019, 0.452,-0.106;
0.939,6.610,2.062,6.658,2.015, 0.042, 0.047, 0.104,0.385,0.193,-0.135, 0.005, 0.451,-0.104;
0.951,6.001,5.926,6.049,5.878, 0.049, 0.047, 0.104,0.562,0.000,0.000,-0.011, 0.452,-0.104;
0.963,8.517,4.192,8.559,4.150, 0.056, 0.049, 0.091,0.584,0.195,-1.173,-0.027, 0.450,-0.091;
0.974,6.271,6.280,6.319,6.232, 0.062, 0.049, 0.106,0.598,0.000,1.339,-0.042, 0.450,-0.106;
0.986,5.944,5.886,5.992,5.837, 0.069, 0.049, 0.106,0.567,0.000,0.000,-0.058, 0.451,-0.106;
0.997,4.447,4.019,4.495,3.971, 0.074, 0.049, 0.104,0.411,0.000,-0.144,-0.071, 0.451,-0.104;
1.008,8.519,4.282,8.567,4.235, 0.080, 0.051, 0.104,0.597,0.199,0.000,-0.087, 0.449,-0.104;
1.020,5.750,5.640,5.798,5.593, 0.087, 0.051, 0.104,0.555,0.000,0.000,-0.103, 0.448,-0.104;
1.031,6.234,6.259,6.282,6.211, 0.094, 0.051, 0.106,0.610,0.000,0.143,-0.118, 0.448,-0.106;
1.042,8.640,4.172,8.682,4.130, 0.100, 0.054, 0.091,0.610,0.203,-1.366,-0.133, 0.445,-0.091;
1.064,3.317,2.567,3.359,2.525, 0.107, 0.054, 0.091,0.307,0.000,0.000,-0.157, 0.444,-0.091;
1.076,5.630,5.529,5.679,5.480, 0.114, 0.054, 0.106,0.558,0.000,1.250,-0.173, 0.443,-0.106;
1.088,5.473,5.348,5.521,5.299, 0.121, 0.054, 0.106,0.545,0.000,0.000,-0.190, 0.442,-0.106;
1.100,8.088,3.789,8.131,3.747, 0.127, 0.056, 0.092,0.580,0.193,-1.180,-0.205, 0.438,-0.092;
1.112,5.576,5.327,5.618,5.285, 0.134, 0.056, 0.092,0.555,0.000,0.000,-0.221, 0.437,-0.092;
1.124,3.841,3.235,3.883,3.193, 0.138, 0.056, 0.091,0.378,0.000,-0.117,-0.235, 0.435,-0.091;
1.135,5.640,5.581,5.688,5.533, 0.145, 0.056, 0.106,0.576,0.000,1.290,-0.250, 0.433,-0.106;
1.147,7.496,3.381,7.538,3.339, 0.152, 0.058, 0.092,0.546,0.182,-1.111,-0.267, 0.429,-0.092;
1.159,5.584,5.379,5.627,5.337, 0.158, 0.058, 0.092,0.570,0.000,0.000,-0.282, 0.426,-0.092;
1.171,5.707,5.536,5.750,5.493, 0.165, 0.058, 0.092,0.586,0.000,0.000,-0.298, 0.424,-0.092;
1.182,5.753,5.599,5.795,5.557, 0.172, 0.058, 0.092,0.595,0.000,0.000,-0.313, 0.422,-0.092;
1.193,3.853,3.430,3.901,3.381, 0.176, 0.058, 0.106,0.405,0.000,1.236,-0.325, 0.419,-0.106;
1.204,9.889,5.940,9.931,5.898, 0.185, 0.060, 0.092,0.793,0.198,-1.210,-0.343, 0.414,-0.092;
1.215,3.758,3.241,3.800,3.199, 0.190, 0.060, 0.092,0.398,0.000,0.000,-0.356, 0.411,-0.092;
1.227,5.654,5.533,5.696,5.491, 0.196, 0.060, 0.092,0.599,0.000,0.000,-0.371, 0.408,-0.092;
1.238,5.555,5.426,5.597,5.384, 0.203, 0.060, 0.092,0.592,0.000,0.000,-0.386, 0.405,-0.092;
1.259,4.003,1.071,4.039,1.035, 0.210, 0.062, 0.078,0.311,0.104,-0.653,-0.408, 0.397,-0.078;
1.272,5.011,4.665,5.047,4.629, 0.217, 0.062, 0.078,0.538,0.000,0.000,-0.424, 0.393,-0.078;
1.275,20.811,23.757,20.854,23.714, 0.223, 0.062, 0.093,2.181,0.000,5.053,-0.432, 0.392,-0.093;
1.287,3.314,2.799,3.356,2.756, 0.228, 0.062, 0.092,0.375,0.000,-0.120,-0.445, 0.388,-0.092;
1.308,3.894,0.993,3.930,0.957, 0.234, 0.065, 0.078,0.314,0.105,-0.659,-0.467, 0.378,-0.078;
1.321,4.792,4.483,4.828,4.448, 0.241, 0.065, 0.078,0.531,0.000,0.000,-0.482, 0.373,-0.078;
1.332,5.511,5.520,5.554,5.477, 0.248, 0.065, 0.093,0.616,0.000,1.428,-0.497, 0.369,-0.093;
1.343,5.081,5.030,5.124,4.987, 0.254, 0.065, 0.093,0.576,0.000,0.000,-0.511, 0.364,-0.093;
1.355,3.249,2.837,3.292,2.794, 0.259, 0.065, 0.093,0.389,0.000,0.000,-0.523, 0.360,-0.093;
1.366,7.226,2.993,7.262,2.957, 0.266, 0.067, 0.078,0.572,0.191,-1.324,-0.538, 0.352,-0.078;
1.379,4.562,4.312,4.597,4.276, 0.272, 0.067, 0.078,0.527,0.000,0.000,-0.553, 0.347,-0.078;
1.390,5.191,5.066,5.227,5.030, 0.279, 0.067, 0.078,0.594,0.000,0.000,-0.567, 0.342,-0.078;
1.403,4.639,4.452,4.675,4.416, 0.286, 0.067, 0.079,0.543,0.000,0.100,-0.581, 0.336,-0.079;
1.416,6.331,2.458,6.367,2.421, 0.292, 0.069, 0.079,0.518,0.173,0.000,-0.596, 0.328,-0.079;
1.428,2.933,2.501,2.968,2.465, 0.297, 0.069, 0.078,0.376,0.000,-0.104,-0.608, 0.322,-0.078;
1.439,4.826,4.747,4.862,4.711, 0.304, 0.069, 0.079,0.574,0.000,0.106,-0.622, 0.316,-0.079;
1.451,4.823,4.765,4.859,4.729, 0.310, 0.069, 0.079,0.577,0.000,0.000,-0.635, 0.311,-0.079;
1.462,7.388,2.963,7.417,2.934, 0.317, 0.071, 0.063,0.603,0.201,-1.422,-0.649, 0.303,-0.063;
1.473,5.170,5.044,5.200,5.015, 0.324, 0.071, 0.063,0.612,0.000,0.000,-0.662, 0.297,-0.063;
1.484,2.919,2.602,2.956,2.565, 0.328, 0.071, 0.079,0.394,0.000,1.393,-0.673, 0.291,-0.079;
1.496,4.729,4.753,4.765,4.717, 0.335, 0.071, 0.079,0.583,0.000,0.000,-0.686, 0.285,-0.079;
1.507,7.363,2.972,7.393,2.942, 0.341, 0.074, 0.064,0.612,0.204,-1.351,-0.699, 0.276,-0.064;
1.529,1.910,1.466,1.939,1.437, 0.348, 0.074, 0.064,0.303,0.000,0.000,-0.717, 0.264,-0.064;
1.532,13.150,14.240,13.179,14.210, 0.353, 0.074, 0.063,1.432,0.000,-0.327,-0.723, 0.262,-0.063;
1.553,1.917,1.583,1.953,1.547, 0.359, 0.074, 0.079,0.313,0.000,0.739,-0.741, 0.249,-0.079;
1.565,4.479,4.628,4.516,4.591, 0.366, 0.074, 0.080,0.579,0.000,0.110,-0.754, 0.242,-0.080;
1.577,6.558,2.540,6.587,2.511, 0.373, 0.076, 0.064,0.569,0.190,-1.364,-0.766, 0.233,-0.064;
1.589,4.181,4.199,4.211,4.169, 0.379, 0.076, 0.065,0.551,0.000,0.087,-0.779, 0.225,-0.065;
1.601,2.315,2.094,2.345,2.065, 0.384, 0.076, 0.064,0.366,0.000,-0.086,-0.789, 0.217,-0.064;
1.613,4.238,4.455,4.275,4.418, 0.391, 0.076, 0.080,0.570,0.000,1.366,-0.801, 0.210,-0.080;
1.625,3.889,4.094,3.926,4.057, 0.397, 0.076, 0.082,0.539,0.000,0.106,-0.813, 0.202,-0.082;
1.637,6.370,2.479,6.400,2.449, 0.404, 0.078, 0.065,0.570,0.190,-1.388,-0.825, 0.192,-0.065;
1.649,2.303,2.207,2.333,2.177, 0.408, 0.078, 0.065,0.381,0.000,0.000,-0.834, 0.184,-0.065;
1.660,4.059,4.237,4.089,4.207, 0.415, 0.078, 0.065,0.561,0.000,0.000,-0.846, 0.176,-0.065;
1.673,2.099,2.026,2.129,1.997, 0.420, 0.078, 0.064,0.367,0.000,-0.087,-0.855, 0.168,-0.064;
1.685,3.847,4.191,3.884,4.153, 0.426, 0.078, 0.082,0.554,0.000,1.435,-0.866, 0.160,-0.082;
1.696,6.344,2.514,6.374,2.484, 0.433, 0.080, 0.065,0.582,0.194,-1.417,-0.877, 0.149,-0.065;
1.708,4.078,4.396,4.109,4.365, 0.440, 0.080, 0.067,0.579,0.000,0.094,-0.888, 0.141,-0.067;
1.720,1.960,2.001,1.990,1.971, 0.444, 0.080, 0.065,0.369,0.000,-0.090,-0.897, 0.133,-0.065;
1.731,4.375,4.782,4.405,4.752, 0.451, 0.080, 0.065,0.615,0.000,0.000,-0.907, 0.125,-0.065;
1.742,4.296,4.730,4.327,4.699, 0.458, 0.080, 0.067,0.611,0.000,0.099,-0.917, 0.117,-0.067;
1.753,4.343,0.228,4.366,0.205, 0.462, 0.083, 0.049,0.394,0.197,-1.539,-0.925, 0.107,-0.049;
1.764,4.251,4.735,4.282,4.704, 0.469, 0.083, 0.067,0.614,0.000,1.597,-0.935, 0.099,-0.067;
1.786,1.080,1.182,1.111,1.151, 0.475, 0.083, 0.067,0.301,0.000,0.000,-0.947, 0.082,-0.067;
1.797,2.169,2.454,2.200,2.424, 0.480, 0.083, 0.067,0.413,0.000,0.000,-0.955, 0.074,-0.067;
1.808,3.961,4.532,3.992,4.501, 0.487, 0.083, 0.067,0.597,0.000,0.000,-0.964, 0.066,-0.067;
1.819,3.880,4.478,3.911,4.447, 0.493, 0.083, 0.068,0.593,0.000,0.100,-0.973, 0.057,-0.068;
1.831,4.111,0.189,4.134,0.166, 0.498, 0.085, 0.050,0.394,0.197,-1.565,-0.980, 0.046,-0.050;
1.843,3.654,4.143,3.677,4.120, 0.504, 0.085, 0.051,0.570,0.000,0.072,-0.989, 0.038,-0.051;
1.854,1.810,2.199,1.840,2.169, 0.509, 0.085, 0.067,0.394,0.000,1.392,-0.996, 0.029,-0.067;
1.865,3.924,4.662,3.955,4.631, 0.516, 0.085, 0.068,0.611,0.000,0.103,-1.004, 0.021,-0.068;
1.876,3.851,4.609,3.882,4.578, 0.522, 0.085, 0.068,0.608,0.000,0.000,-1.013, 0.012,-0.068;
1.887,1.812,2.304,1.843,2.273, 0.527, 0.085, 0.068,0.405,0.000,0.000,-1.019, 0.004,-0.068;
1.898,6.170,2.518,6.193,2.494, 0.533, 0.087, 0.051,0.611,0.204,-1.540,-1.027,-0.007,-0.051;
1.920,0.773,1.173,0.797,1.150, 0.540, 0.087, 0.052,0.307,0.000,0.040,-1.036,-0.024,-0.052;
1.931,1.578,2.093,1.601,2.070, 0.545, 0.087, 0.051,0.389,0.000,-0.076,-1.042,-0.033,-0.051;
1.942,3.476,4.371,3.507,4.340, 0.551, 0.087, 0.069,0.588,0.000,1.585,-1.049,-0.042,-0.069;
1.954,1.406,2.039,1.437,2.008, 0.556, 0.087, 0.069,0.383,0.000,0.000,-1.054,-0.051,-0.069;
1.966,5.564,2.277,5.588,2.253, 0.562, 0.089, 0.052,0.580,0.193,-1.488,-1.062,-0.062,-0.052;
1.978,1.298,1.925,1.322,1.901, 0.567, 0.089, 0.052,0.375,0.000,0.000,-1.067,-0.072,-0.052;
1.989,3.321,4.199,3.344,4.175, 0.574, 0.089, 0.052,0.578,0.000,0.000,-1.074,-0.081,-0.052;
2.001,1.400,2.100,1.424,2.076, 0.578, 0.089, 0.052,0.391,0.000,0.000,-1.078,-0.090,-0.052;
2.012,3.374,4.320,3.398,4.296, 0.585, 0.089, 0.052,0.590,0.000,0.000,-1.085,-0.099,-0.052;
2.023,5.562,2.354,5.586,2.330, 0.591, 0.092, 0.053,0.591,0.197,0.080,-1.091,-0.110,-0.053;
2.034,1.442,2.254,1.466,2.230, 0.596, 0.092, 0.053,0.405,0.000,0.000,-1.095,-0.118,-0.053;
2.045,3.389,4.448,3.413,4.424, 0.603, 0.092, 0.053,0.601,0.000,0.000,-1.101,-0.127,-0.053;
2.067,-0.635,0.034,-0.611,0.010, 0.607, 0.092, 0.053,0.206,0.000,0.000,-1.104,-0.144,-0.053;
2.073,9.668,11.496,9.692,11.472, 0.614, 0.092, 0.053,1.229,0.000,0.000,-1.111,-0.148,-0.053;
2.083,1.453,2.398,1.477,2.373, 0.618, 0.092, 0.053,0.418,0.000,0.000,-1.114,-0.157,-0.053;
2.094,5.476,2.417,5.500,2.393, 0.625, 0.094, 0.054,0.598,0.199,0.084,-1.119,-0.168,-0.054;
2.106,1.124,2.105,1.148,2.081, 0.629, 0.094, 0.053,0.391,0.000,-0.082,-1.123,-0.176,-0.053;
2.128,0.250,1.193,0.274,1.169, 0.636, 0.094, 0.054,0.309,0.000,0.043,-1.126,-0.193,-0.054;
2.140,0.655,1.678,0.680,1.654, 0.641, 0.094, 0.054,0.352,0.000,0.000,-1.129,-0.203,-0.054;
2.152,0.864,1.940,0.888,1.915, 0.645, 0.094, 0.053,0.375,0.000,-0.079,-1.131,-0.212,-0.053;
2.164,4.746,2.118,4.771,2.093, 0.652, 0.096, 0.054,0.557,0.186,0.078,-1.135,-0.223,-0.054;
2.176,2.703,4.072,2.728,4.047, 0.658, 0.096, 0.054,0.564,0.000,0.082,-1.139,-0.232,-0.054;
2.188,0.785,1.961,0.809,1.936, 0.663, 0.096, 0.054,0.376,0.000,-0.082,-1.141,-0.241,-0.054;
2.202,0.270,1.422,0.294,1.397, 0.667, 0.096, 0.054,0.327,0.000,0.000,-1.143,-0.252,-0.054;
2.213,3.015,4.514,3.040,4.489, 0.674, 0.096, 0.054,0.602,0.000,0.087,-1.146,-0.260,-0.054;
2.224,2.864,0.053,2.881,0.037, 0.679, 0.098, 0.036,0.379,0.189,-1.594,-1.148,-0.271,-0.036;
2.237,2.452,3.949,2.477,3.924, 0.685, 0.098, 0.054,0.551,0.000,1.547,-1.151,-0.280,-0.054;
2.248,0.860,2.213,0.885,2.188, 0.690, 0.098, 0.054,0.396,0.000,0.000,-1.152,-0.288,-0.054;
2.260,0.670,2.028,0.694,2.003, 0.694, 0.098, 0.054,0.379,0.000,-0.082,-1.153,-0.297,-0.054;
2.271,2.593,4.203,2.618,4.178, 0.701, 0.098, 0.054,0.573,0.000,0.083,-1.156,-0.305,-0.054;
2.283,0.787,2.218,0.812,2.193, 0.705, 0.098, 0.054,0.395,0.000,0.000,-1.157,-0.313,-0.054;
2.295,0.440,1.908,0.473,1.875, 0.710, 0.098, 0.073,0.366,0.000,1.486,-1.157,-0.322,-0.073;
2.307,4.224,2.064,4.249,2.038, 0.716, 0.100, 0.055,0.541,0.180,-1.382,-1.159,-0.332,-0.055;
2.320,0.217,1.688,0.243,1.663, 0.721, 0.100, 0.055,0.346,0.000,0.000,-1.159,-0.341,-0.055;
2.331,0.814,2.381,0.840,2.356, 0.725, 0.100, 0.055,0.407,0.000,0.000,-1.159,-0.349,-0.055;
2.342,0.738,2.384,0.772,2.350, 0.730, 0.100, 0.074,0.406,0.000,1.676,-1.159,-0.356,-0.074;
2.354,2.218,4.148,2.252,4.113, 0.737, 0.100, 0.075,0.559,0.000,0.116,-1.161,-0.364,-0.075;
2.365,0.738,2.453,0.773,2.419, 0.741, 0.100, 0.075,0.411,0.000,0.000,-1.161,-0.372,-0.075;
2.376,0.710,2.441,0.744,2.407, 0.745, 0.100, 0.074,0.409,0.000,-0.127,-1.161,-0.379,-0.074;
2.387,0.524,2.251,0.558,2.217, 0.750, 0.100, 0.074,0.392,0.000,0.000,-1.160,-0.386,-0.074;
2.409,-0.129,-0.843,-0.103,-0.869, 0.754, 0.103, 0.055,0.209,0.104,-0.862,-1.155,-0.402,-0.055;
2.421,1.951,3.874,1.977,3.848, 0.761, 0.103, 0.057,0.534,0.000,0.083,-1.156,-0.410,-0.057;
2.433,0.399,2.216,0.434,2.181, 0.766, 0.103, 0.075,0.386,0.000,1.623,-1.154,-0.417,-0.075;
2.444,0.384,2.231,0.418,2.196, 0.770, 0.103, 0.075,0.386,0.000,0.000,-1.153,-0.424,-0.075;
2.456,2.021,4.170,2.056,4.135, 0.777, 0.103, 0.077,0.555,0.000,0.120,-1.154,-0.431,-0.077;
2.469,0.124,1.980,0.158,1.945, 0.781, 0.103, 0.075,0.363,0.000,-0.117,-1.152,-0.438,-0.075;
2.481,0.224,2.120,0.258,2.085, 0.786, 0.103, 0.075,0.375,0.000,0.000,-1.150,-0.445,-0.075;
2.492,4.538,2.534,4.564,2.508, 0.792, 0.105, 0.058,0.585,0.195,-1.545,-1.150,-0.454,-0.058;
2.504,0.355,2.270,0.381,2.243, 0.797, 0.105, 0.058,0.387,0.000,0.000,-1.148,-0.460,-0.058;
2.516,0.089,2.042,0.124,2.007, 0.801, 0.105, 0.077,0.366,0.000,1.570,-1.146,-0.467,-0.077;
2.528,-0.039,1.924,-0.004,1.889, 0.806, 0.105, 0.077,0.355,0.000,0.000,-1.143,-0.474,-0.077;
2.540,0.324,2.369,0.359,2.334, 0.810, 0.105, 0.077,0.393,0.000,0.000,-1.141,-0.480,-0.077;
2.552,-0.006,2.006,0.029,1.971, 0.815, 0.105, 0.077,0.360,0.000,0.000,-1.138,-0.486,-0.077;
2.565,-0.257,1.737,-0.222,1.702, 0.819, 0.105, 0.077,0.336,0.000,0.000,-1.135,-0.493,-0.077;
2.577,2.027,4.433,2.063,4.397, 0.826, 0.105, 0.078,0.571,0.000,0.128,-1.134,-0.499,-0.078;
2.589,0.196,2.311,0.232,2.275, 0.830, 0.105, 0.078,0.385,0.000,0.000,-1.131,-0.504,-0.078;
2.601,-0.001,2.100,0.035,2.064, 0.835, 0.105, 0.078,0.366,0.000,0.000,-1.128,-0.510,-0.078;
2.613,0.061,2.192,0.097,2.156, 0.839, 0.105, 0.078,0.373,0.000,0.000,-1.125,-0.515,-0.078;
2.624,0.138,2.300,0.173,2.264, 0.844, 0.105, 0.078,0.382,0.000,0.000,-1.122,-0.520,-0.078;
2.636,0.228,2.423,0.264,2.387, 0.848, 0.105, 0.078,0.392,0.000,0.000,-1.119,-0.525,-0.078;
2.647,0.277,2.497,0.313,2.461, 0.853, 0.105, 0.078,0.398,0.000,0.000,-1.116,-0.530,-0.078;
2.658,0.295,2.533,0.330,2.498, 0.857, 0.105, 0.078,0.401,0.000,0.000,-1.113,-0.535,-0.078;
2.671,-2.231,3.848,-2.186,3.803, 0.862, 0.103, 0.098,0.363,-0.182,1.583,-1.109,-0.537,-0.098;
2.681,0.407,2.694,0.443,2.658, 0.866, 0.103, 0.078,0.414,0.000,-1.802,-1.106,-0.541,-0.078;
2.692,2.587,0.542,2.614,0.515, 0.870, 0.105, 0.059,0.401,0.200,-1.753,-1.103,-0.548,-0.059;
2.714,-1.657,0.339,-1.630,0.312, 0.875, 0.105, 0.059,0.203,0.000,0.000,-1.092,-0.555,-0.059;
2.727,1.570,4.114,1.607,4.077, 0.882, 0.105, 0.080,0.534,0.000,1.682,-1.090,-0.560,-0.080;
2.738,-2.095,4.343,-2.058,4.306, 0.886, 0.103, 0.080,0.388,-0.194,0.000,-1.086,-0.561,-0.080;
2.750,2.472,0.549,2.499,0.522, 0.891, 0.105, 0.060,0.395,0.198,-1.761,-1.082,-0.567,-0.060;
2.761,-2.092,4.380,-2.055,4.344, 0.895, 0.103, 0.080,0.390,-0.195,1.739,-1.078,-0.568,-0.080;
2.773,0.135,2.476,0.172,2.440, 0.899, 0.103, 0.080,0.390,0.000,0.000,-1.074,-0.571,-0.080;
2.786,-0.394,1.867,-0.358,1.830, 0.904, 0.103, 0.080,0.336,0.000,0.000,-1.069,-0.575,-0.080;
2.797,0.253,2.638,0.290,2.601, 0.908, 0.103, 0.080,0.403,0.000,0.000,-1.065,-0.577,-0.080;
2.809,1.897,4.589,1.935,4.551, 0.915, 0.103, 0.081,0.572,0.000,0.139,-1.063,-0.580,-0.081;
2.821,0.048,-1.669,0.067,-1.687, 0.917, 0.105, 0.040,0.179,0.179,-3.323,-1.056,-0.585,-0.040;
2.833,2.057,4.492,2.075,4.473, 0.924, 0.105, 0.041,0.570,0.000,0.069,-1.054,-0.588,-0.041;
2.845,0.155,2.439,0.174,2.420, 0.929, 0.105, 0.042,0.384,0.000,0.073,-1.049,-0.590,-0.042;
2.856,0.218,2.575,0.246,2.547, 0.933, 0.105, 0.061,0.396,0.000,1.729,-1.045,-0.592,-0.061;
2.867,0.282,2.667,0.311,2.639, 0.937, 0.105, 0.062,0.403,0.000,0.115,-1.041,-0.594,-0.062;
2.878,0.269,2.723,0.306,2.685, 0.942, 0.105, 0.081,0.407,0.000,1.735,-1.037,-0.596,-0.081;
2.889,0.242,2.643,0.270,2.614, 0.946, 0.105, 0.062,0.400,0.000,-1.704,-1.033,-0.597,-0.062;
2.901,0.013,2.439,0.051,2.401, 0.951, 0.105, 0.083,0.381,0.000,1.771,-1.028,-0.599,-0.083;
2.922,-2.678,-0.661,-2.649,-0.690, 0.953, 0.105, 0.062,0.105,0.000,-0.979,-1.014,-0.601,-0.062;
2.935,-0.273,2.123,-0.233,2.083, 0.958, 0.105, 0.087,0.351,0.000,1.914,-1.009,-0.602,-0.087;
2.938,2.401,23.347,2.440,23.308, 0.962, 0.103, 0.085,1.542,-0.771,-0.634,-1.011,-0.600,-0.085;
2.958,-1.389,-1.717,-1.351,-1.756, 0.964, 0.105, 0.085,0.108,0.108,0.000,-0.997,-0.604,-0.085;
2.970,-2.200,4.195,-2.161,4.156, 0.969, 0.103, 0.085,0.372,-0.186,0.000,-0.992,-0.602,-0.085;
2.981,0.332,2.919,0.381,2.870, 0.973, 0.103, 0.106,0.418,0.000,1.974,-0.988,-0.602,-0.106;
2.993,-1.804,0.337,-1.774,0.307, 0.975, 0.103, 0.064,0.191,0.000,-3.611,-0.981,-0.603,-0.064;
3.005,-2.215,4.018,-2.177,3.980, 0.980, 0.100, 0.083,0.361,-0.180,1.568,-0.976,-0.600,-0.083;
3.017,0.088,2.531,0.126,2.493, 0.984, 0.100, 0.083,0.384,0.000,0.000,-0.971,-0.600,-0.083;
3.028,-1.755,0.373,-1.727,0.345, 0.987, 0.100, 0.062,0.193,0.000,-1.794,-0.964,-0.600,-0.062;
3.039,-2.115,4.732,-2.067,4.683, 0.991, 0.098, 0.106,0.407,-0.203,3.970,-0.960,-0.597,-0.106;
3.050,-1.641,0.491,-1.611,0.462, 0.993, 0.098, 0.064,0.203,0.000,-3.849,-0.954,-0.597,-0.064;
3.061,2.401,5.105,2.432,5.074, 1.000, 0.098, 0.068,0.611,0.000,0.395,-0.952,-0.596,-0.068;
3.072,-5.936,0.077,-5.897,0.038, 1.000, 0.096, 0.085,0.000,-0.202,1.521,-0.943,-0.593,-0.085;
3.093,0.449,2.961,0.492,2.917, 1.009, 0.096, 0.095,0.420,0.000,0.473,-0.936,-0.591,-0.095;
3.105,-7.607,-2.232,-7.567,-2.272, 1.007, 0.094, 0.087,-0.190,-0.190,-0.698,-0.924,-0.587,-0.087;
3.117,4.182,2.931,4.226,2.887, 1.013, 0.096, 0.095,0.574,0.191,0.704,-0.922,-0.588,-0.095;
3.129,-7.945,1.810,-7.905,1.770, 1.013, 0.092, 0.087,0.000,-0.380,-0.699,-0.913,-0.581,-0.087;
3.140,3.740,6.889,3.784,6.846, 1.022, 0.092, 0.095,0.757,0.000,0.697,-0.913,-0.579,-0.095;
3.153,-10.732,-2.730,-10.683,-2.779, 1.018, 0.087, 0.108,-0.342,-0.342,1.020,-0.898,-0.573,-0.108;
3.165,1.674,4.677,1.738,4.613, 1.024, 0.087, 0.139,0.559,0.000,2.536,-0.896,-0.570,-0.139;
3.177,-5.699,-0.243,-5.641,-0.301, 1.024, 0.085, 0.127,0.000,-0.191,-0.998,-0.887,-0.566,-0.127;
3.189,-3.973,1.747,-3.896,1.670, 1.027, 0.083, 0.169,0.184,-0.184,3.438,-0.880,-0.561,-0.169;
3.202,-3.953,1.650,-3.874,1.571, 1.029, 0.080, 0.172,0.180,-0.180,0.290,-0.873,-0.556,-0.172;
3.213,-3.963,1.866,-3.886,1.789, 1.031, 0.078, 0.169,0.190,-0.190,-0.306,-0.867,-0.550,-0.169;
3.225,1.757,5.095,1.841,5.010, 1.038, 0.078, 0.184,0.586,0.000,1.342,-0.865,-0.547,-0.184;
3.236,-9.716,-0.953,-9.648,-1.021, 1.036, 0.074, 0.148,-0.193,-0.387,-3.129,-0.854,-0.540,-0.148;
3.250,1.030,3.968,1.114,3.883, 1.042, 0.074, 0.184,0.495,0.000,2.669,-0.851,-0.536,-0.184;
3.262,-10.960,-3.034,-10.901,-3.093, 1.038, 0.069, 0.130,-0.364,-0.364,-4.418,-0.838,-0.527,-0.130;
3.273,0.345,2.707,0.408,2.644, 1.042, 0.069, 0.139,0.394,0.000,0.790,-0.834,-0.524,-0.139;
3.286,-7.528,1.269,-7.468,1.208, 1.042, 0.065, 0.133,0.000,-0.359,-0.490,-0.825,-0.515,-0.133;
3.297,0.292,2.579,0.355,2.515, 1.047, 0.065, 0.139,0.384,0.000,0.524,-0.822,-0.511,-0.139;
3.309,-7.206,-2.534,-7.146,-2.594, 1.045, 0.062, 0.130,-0.190,-0.190,-0.760,-0.811,-0.505,-0.130;
3.320,2.958,0.990,3.021,0.928, 1.049, 0.065, 0.136,0.405,0.203,0.529,-0.808,-0.503,-0.136;
3.331,-12.380,1.011,-12.313,0.944, 1.047, 0.058, 0.145,-0.204,-0.613,0.851,-0.798,-0.492,-0.145;
3.342,4.755,3.360,4.818,3.298, 1.054, 0.060, 0.136,0.601,0.200,-0.833,-0.797,-0.490,-0.136;
3.354,-13.710,-2.010,-13.625,-2.095, 1.049, 0.054, 0.185,-0.394,-0.591,4.398,-0.785,-0.478,-0.185;
3.375,-2.520,1.234,-2.422,1.136, 1.054, 0.051, 0.214,0.208,-0.104,1.335,-0.776,-0.467,-0.214;
3.387,-2.213,4.270,-2.111,4.167, 1.058, 0.049, 0.223,0.390,-0.195,0.823,-0.773,-0.460,-0.223;
3.398,-6.825,-3.295,-6.715,-3.405, 1.056, 0.047, 0.240,-0.194,-0.194,1.416,-0.763,-0.452,-0.240;
3.410,-2.777,-2.305,-2.667,-2.415, 1.056, 0.047, 0.240,0.000,0.000,0.000,-0.755,-0.447,-0.240;
3.422,-12.658,-2.439,-12.558,-2.539, 1.051, 0.040, 0.217,-0.363,-0.545,-1.888,-0.743,-0.434,-0.217;
3.434,2.703,0.912,2.786,0.828, 1.056, 0.042, 0.182,0.375,0.188,-2.935,-0.740,-0.430,-0.182;
3.447,-10.775,0.073,-10.688,-0.014, 1.054, 0.036, 0.190,-0.174,-0.522,0.651,-0.730,-0.417,-0.190;
3.459,0.396,2.494,0.485,2.405, 1.058, 0.036, 0.194,0.374,0.000,0.305,-0.728,-0.411,-0.194;
3.472,-9.887,-3.881,-9.784,-3.983, 1.054, 0.031, 0.223,-0.348,-0.348,2.261,-0.716,-0.400,-0.223;
3.484,2.554,0.846,2.649,0.750, 1.058, 0.033, 0.208,0.359,0.180,-1.143,-0.713,-0.396,-0.208;
3.487,-51.789,2.701,-51.686,2.598, 1.054, 0.025, 0.224,-1.465,-2.930,5.176,-0.707,-0.385,-0.224;
3.509,-0.889,0.405,-0.784,0.300, 1.058, 0.025, 0.228,0.210,0.000,0.182,-0.700,-0.373,-0.228;
3.520,-10.493,-4.056,-10.391,-4.158, 1.054, 0.020, 0.222,-0.383,-0.383,-0.516,-0.689,-0.362,-0.222;
3.532,0.608,2.743,0.716,2.636, 1.058, 0.020, 0.234,0.392,0.000,1.024,-0.687,-0.356,-0.234;
3.544,-13.951,-5.470,-13.829,-5.592, 1.051, 0.013, 0.265,-0.562,-0.562,2.627,-0.674,-0.342,-0.265;
3.556,0.423,2.560,0.550,2.432, 1.056, 0.013, 0.278,0.375,0.000,1.113,-0.673,-0.335,-0.278;
3.568,-6.966,-0.020,-6.822,-0.163, 1.056, 0.009, 0.313,0.000,-0.354,2.774,-0.666,-0.323,-0.313;
3.580,-10.630,-7.524,-10.475,-7.679, 1.049, 0.004, 0.338,-0.546,-0.364,2.006,-0.654,-0.311,-0.338;
3.592,1.433,5.153,1.600,4.986, 1.056, 0.004, 0.363,0.560,0.000,2.132,-0.655,-0.303,-0.363;
3.604,-11.648,-10.743,-11.473,-10.917, 1.047,-0.000, 0.381,-0.753,-0.376,1.443,-0.640,-0.291,-0.381;
3.616,-0.824,0.012,-0.640,-0.173, 1.049,-0.000, 0.402,0.185,0.000,1.751,-0.637,-0.283,-0.402;
3.628,-12.586,-7.656,-12.386,-7.857, 1.042,-0.007, 0.437,-0.561,-0.561,2.935,-0.625,-0.269,-0.437;
3.640,0.198,2.858,0.410,2.645, 1.047,-0.007, 0.464,0.386,0.000,2.335,-0.625,-0.261,-0.464;
3.652,-9.369,-8.758,-9.154,-8.973, 1.040,-0.011, 0.469,-0.545,-0.364,0.433,-0.613,-0.249,-0.469;
3.666,-0.790,-0.295,-0.565,-0.520, 1.042,-0.011, 0.491,0.165,0.000,1.603,-0.610,-0.240,-0.491;
3.678,-11.365,-8.301,-11.128,-8.538, 1.036,-0.018, 0.515,-0.536,-0.536,1.939,-0.598,-0.224,-0.515;
3.690,0.050,2.740,0.299,2.491, 1.040,-0.018, 0.542,0.373,0.000,2.300,-0.598,-0.216,-0.542;
3.703,-8.837,-11.798,-8.583,-12.052, 1.031,-0.022, 0.554,-0.703,-0.352,0.900,-0.585,-0.203,-0.554;
3.715,-0.021,2.669,0.246,2.402, 1.036,-0.022, 0.582,0.365,0.000,2.274,-0.585,-0.194,-0.582;
3.727,-9.071,-13.034,-8.800,-13.305, 1.027,-0.027, 0.591,-0.774,-0.387,0.814,-0.572,-0.181,-0.591;
3.738,-3.799,-2.224,-3.517,-2.506, 1.027,-0.029, 0.615,0.000,-0.189,2.050,-0.568,-0.171,-0.615;
3.750,-6.842,-4.681,-6.548,-4.976, 1.024,-0.033, 0.641,-0.186,-0.372,2.184,-0.562,-0.158,-0.641;
3.763,-4.358,-7.690,-4.065,-7.983, 1.020,-0.036, 0.637,-0.362,-0.181,-0.334,-0.554,-0.146,-0.637;
3.775,-3.734,-4.948,-3.433,-5.249, 1.018,-0.038, 0.654,-0.174,-0.174,1.295,-0.549,-0.135,-0.654;
3.787,-4.397,-8.116,-4.095,-8.418, 1.013,-0.040, 0.658,-0.389,-0.195,0.324,-0.541,-0.124,-0.658;
3.799,-0.091,2.717,0.223,2.403, 1.018,-0.040, 0.684,0.360,0.000,2.159,-0.542,-0.115,-0.684;
3.811,-5.429,-16.353,-5.131,-16.651, 1.007,-0.042, 0.649,-0.943,-0.189,-2.960,-0.528,-0.104,-0.649;
3.823,0.033,3.140,0.343,2.830, 1.011,-0.042, 0.675,0.386,0.000,2.205,-0.530,-0.095,-0.675;
3.834,-7.918,-13.375,-7.618,-13.674, 1.002,-0.047, 0.653,-0.770,-0.385,-1.889,-0.519,-0.082,-0.653;
3.845,0.113,3.433,0.424,3.122, 1.007,-0.047, 0.678,0.404,0.000,2.252,-0.521,-0.073,-0.678;
3.857,-7.925,-15.849,-7.623,-16.151, 0.995,-0.051, 0.658,-0.934,-0.373,-1.658,-0.508,-0.060,-0.658;
3.869,0.123,3.116,0.436,2.803, 1.000,-0.051, 0.682,0.381,0.000,2.047,-0.510,-0.051,-0.682;
3.880,-5.921,-20.098,-5.622,-20.397, 0.987,-0.054, 0.650,-1.200,-0.200,-2.819,-0.495,-0.040,-0.650;
3.892,-0.471,-2.547,-0.166,-2.851, 0.987,-0.054, 0.663,0.000,0.000,1.050,-0.494,-0.031,-0.663;
3.903,-4.592,-11.008,-4.292,-11.308, 0.980,-0.056, 0.654,-0.593,-0.198,-0.791,-0.486,-0.020,-0.654;
3.925,-2.103,-3.846,-1.799,-4.150, 0.978,-0.058, 0.662,-0.102,-0.102,0.371,-0.481,-0.001,-0.662;
3.936,-1.117,-8.294,-0.815,-8.597, 0.973,-0.058, 0.658,-0.387,0.000,-0.311,-0.476, 0.008,-0.658;
3.948,-3.575,-5.073,-3.267,-5.381, 0.971,-0.060, 0.671,-0.195,-0.195,1.115,-0.473, 0.019,-0.671;
3.960,-0.940,-7.880,-0.634,-8.186, 0.966,-0.060, 0.667,-0.361,0.000,-0.295,-0.467, 0.029,-0.667;
3.972,-3.402,-4.912,-3.097,-5.217, 0.964,-0.062, 0.664,-0.186,-0.186,-0.294,-0.465, 0.041,-0.664;
3.984,-3.356,-4.973,-3.045,-5.284, 0.962,-0.065, 0.676,-0.188,-0.188,1.027,-0.462, 0.052,-0.676;
3.997,-0.555,-5.104,-0.251,-5.408, 0.960,-0.065, 0.662,-0.177,0.000,-1.128,-0.460, 0.062,-0.662;
4.009,-3.282,-4.930,-2.973,-5.240, 0.958,-0.067, 0.674,-0.187,-0.187,0.991,-0.458, 0.074,-0.674;
4.021,-0.955,-7.993,-0.657,-8.291, 0.953,-0.067, 0.649,-0.371,0.000,-2.011,-0.453, 0.083,-0.649;
4.032,-3.433,-4.987,-3.129,-5.291, 0.951,-0.069, 0.661,-0.195,-0.195,1.018,-0.451, 0.094,-0.661;
4.044,-1.005,-8.050,-0.713,-8.343, 0.946,-0.069, 0.638,-0.377,0.000,-1.965,-0.448, 0.104,-0.638;
4.055,-3.477,-4.964,-3.179,-5.262, 0.944,-0.071, 0.649,-0.197,-0.197,1.011,-0.446, 0.115,-0.649;
4.068,-3.642,-7.455,-3.349,-7.748, 0.940,-0.074, 0.638,-0.365,-0.182,-0.918,-0.442, 0.127,-0.638;
4.081,-0.440,-4.955,-0.145,-5.251, 0.937,-0.074, 0.644,-0.171,0.000,0.423,-0.441, 0.137,-0.644;
4.093,-3.562,-7.515,-3.265,-7.812, 0.933,-0.076, 0.646,-0.368,-0.184,0.223,-0.438, 0.149,-0.646;
4.105,-0.834,-8.086,-0.539,-8.381, 0.929,-0.076, 0.644,-0.382,0.000,-0.231,-0.435, 0.158,-0.644;
4.116,-3.316,-4.920,-3.018,-5.218, 0.926,-0.078, 0.650,-0.197,-0.197,0.579,-0.435, 0.169,-0.650;
4.127,-0.789,-8.339,-0.492,-8.636, 0.922,-0.078, 0.647,-0.399,0.000,-0.240,-0.432, 0.177,-0.647;
4.138,-0.771,-8.206,-0.475,-8.502, 0.917,-0.078, 0.645,-0.391,0.000,-0.229,-0.429, 0.186,-0.645;
4.150,-3.254,-4.889,-2.956,-5.186, 0.915,-0.080, 0.647,-0.196,-0.196,0.219,-0.429, 0.197,-0.647;
4.161,-0.715,-8.359,-0.417,-8.657, 0.911,-0.080, 0.648,-0.402,0.000,0.109,-0.427, 0.205,-0.648;
4.172,-0.747,-8.180,-0.454,-8.473, 0.906,-0.080, 0.639,-0.391,0.000,-0.862,-0.424, 0.214,-0.639;
4.195,-1.758,-5.142,-1.462,-5.438, 0.902,-0.083, 0.645,-0.201,-0.101,0.274,-0.425, 0.233,-0.645;
4.206,-0.692,-8.081,-0.400,-8.372, 0.897,-0.083, 0.635,-0.385,0.000,-0.812,-0.423, 0.242,-0.635;
4.210,-0.997,-10.413,-0.703,-10.706, 0.895,-0.083, 0.640,-0.541,0.000,1.142,-0.422, 0.245,-0.640;
4.221,-3.731,-8.027,-3.436,-8.321, 0.891,-0.085, 0.642,-0.411,-0.206,0.217,-0.420, 0.255,-0.642;
4.243,-0.162,-5.325,0.133,-5.620, 0.886,-0.085, 0.644,-0.201,0.000,0.052,-0.422, 0.271,-0.644;
4.255,-1.013,-10.770,-0.721,-11.061, 0.879,-0.085, 0.635,-0.566,0.000,-0.757,-0.419, 0.280,-0.635;
4.267,-0.584,-8.112,-0.292,-8.404, 0.875,-0.085, 0.636,-0.389,0.000,0.103,-0.418, 0.288,-0.636;
4.278,-3.485,-7.742,-3.192,-8.035, 0.870,-0.087, 0.638,-0.393,-0.197,0.203,-0.417, 0.299,-0.638;
4.290,-0.503,-7.904,-0.211,-8.196, 0.866,-0.087, 0.636,-0.375,0.000,-0.176,-0.417, 0.307,-0.636;
4.302,-0.513,-7.990,-0.222,-8.281, 0.862,-0.087, 0.634,-0.382,0.000,-0.175,-0.417, 0.315,-0.634;
4.313,-0.505,-7.958,-0.215,-8.248, 0.857,-0.087, 0.632,-0.380,0.000,-0.170,-0.416, 0.323,-0.632;
4.326,-0.472,-7.773,-0.183,-8.062, 0.853,-0.087, 0.630,-0.368,0.000,-0.161,-0.417, 0.332,-0.630;
4.337,-0.519,-8.094,-0.231,-8.383, 0.848,-0.087, 0.628,-0.389,0.000,-0.166,-0.417, 0.340,-0.628;
4.350,-0.379,-7.386,-0.090,-7.674, 0.844,-0.087, 0.629,-0.342,0.000,0.087,-0.417, 0.348,-0.629;
4.363,-0.442,-7.555,-0.157,-7.840, 0.839,-0.087, 0.621,-0.354,0.000,-0.614,-0.418, 0.357,-0.621;
4.375,2.282,-8.339,2.566,-8.623, 0.835,-0.085, 0.619,-0.375,0.188,-0.244,-0.419, 0.362,-0.619;
4.386,-1.048,-10.792,-0.767,-11.073, 0.828,-0.085, 0.612,-0.572,0.000,-0.529,-0.417, 0.370,-0.612;
4.398,-0.040,-5.219,0.243,-5.502, 0.826,-0.085, 0.616,-0.197,0.000,0.351,-0.420, 0.377,-0.616;
4.409,-1.201,-11.317,-0.923,-11.594, 0.819,-0.085, 0.604,-0.608,0.000,-1.140,-0.419, 0.384,-0.604;
4.420,-0.573,-8.006,-0.295,-8.284, 0.815,-0.085, 0.605,-0.386,0.000,0.104,-0.420, 0.391,-0.605;
4.431,2.278,-8.785,2.551,-9.058, 0.810,-0.083, 0.594,-0.400,0.200,-0.943,-0.421, 0.396,-0.594;
4.442,-0.669,-8.241,-0.395,-8.514, 0.806,-0.083, 0.596,-0.402,0.000,0.111,-0.422, 0.403,-0.596;
4.454,-0.630,-8.070,-0.357,-8.343, 0.801,-0.083, 0.594,-0.390,0.000,-0.117,-0.423, 0.410,-0.594;
4.466,-0.576,-7.823,-0.304,-8.095, 0.797,-0.083, 0.593,-0.374,0.000,-0.110,-0.425, 0.417,-0.593;
4.487,-0.072,-5.350,0.200,-5.622, 0.792,-0.083, 0.592,-0.206,0.000,-0.059,-0.432, 0.429,-0.592;
4.500,2.159,-8.330,2.429,-8.599, 0.788,-0.080, 0.587,-0.370,0.185,-0.410,-0.434, 0.434,-0.587;
4.503,-3.234,-20.883,-2.966,-21.152, 0.783,-0.080, 0.586,-1.257,0.000,-0.339,-0.432, 0.436,-0.586;
4.525,-0.079,-5.391,0.189,-5.659, 0.779,-0.080, 0.584,-0.208,0.000,-0.055,-0.439, 0.447,-0.584;
4.536,2.206,-8.532,2.473,-8.800, 0.775,-0.078, 0.582,-0.381,0.191,-0.204,-0.442, 0.451,-0.582;
4.547,-0.718,-8.431,-0.452,-8.697, 0.770,-0.078, 0.580,-0.414,0.000,-0.208,-0.444, 0.457,-0.580;
4.559,2.155,-8.427,2.420,-8.692, 0.766,-0.076, 0.577,-0.374,0.187,-0.194,-0.446, 0.461,-0.577;
4.570,-0.045,-5.237,0.220,-5.502, 0.763,-0.076, 0.578,-0.197,0.000,0.014,-0.451, 0.466,-0.578;
4.582,2.220,-8.701,2.484,-8.965, 0.759,-0.074, 0.575,-0.390,0.195,-0.198,-0.453, 0.470,-0.575;
4.594,2.068,-8.280,2.329,-8.541, 0.754,-0.071, 0.570,-0.364,0.182,-0.445,-0.457, 0.473,-0.570;
4.607,2.538,-5.428,2.799,-5.689, 0.752,-0.069, 0.570,-0.172,0.172,0.000,-0.463, 0.477,-0.570;
4.619,-0.663,-8.010,-0.402,-8.272, 0.748,-0.069, 0.570,-0.384,0.000,0.023,-0.466, 0.482,-0.570;
4.631,2.108,-8.454,2.369,-8.715, 0.743,-0.067, 0.568,-0.373,0.187,-0.181,-0.469, 0.485,-0.568;
4.642,2.153,-8.780,2.411,-9.038, 0.739,-0.065, 0.564,-0.392,0.196,-0.377,-0.472, 0.488,-0.564;
4.654,2.610,-5.599,2.869,-5.858, 0.737,-0.062, 0.564,-0.179,0.179,0.000,-0.478, 0.491,-0.564;
4.666,2.819,-5.965,3.077,-6.223, 0.734,-0.060, 0.562,-0.199,0.199,-0.189,-0.484, 0.493,-0.562;
4.677,2.126,-8.927,2.382,-9.183, 0.730,-0.058, 0.557,-0.399,0.200,-0.376,-0.487, 0.495,-0.557;
4.689,2.692,-5.824,2.947,-6.079, 0.728,-0.056, 0.557,-0.190,0.190,0.000,-0.493, 0.497,-0.557;
4.700,2.042,-8.626,2.297,-8.881, 0.723,-0.054, 0.557,-0.380,0.190,-0.070,-0.496, 0.499,-0.557;
4.711,2.830,-6.069,3.086,-6.325, 0.721,-0.051, 0.557,-0.202,0.202,0.000,-0.502, 0.501,-0.557;
4.723,2.652,-5.806,2.907,-6.061, 0.719,-0.049, 0.556,-0.187,0.187,-0.067,-0.508, 0.503,-0.556;
4.735,2.724,-5.935,2.979,-6.191, 0.716,-0.047, 0.556,-0.194,0.194,0.000,-0.514, 0.504,-0.556;
4.757,1.333,-5.819,1.587,-6.073, 0.712,-0.045, 0.553,-0.205,0.103,-0.129,-0.525, 0.509,-0.553;
4.769,5.195,-6.391,5.447,-6.643, 0.710,-0.040, 0.550,-0.181,0.362,-0.265,-0.532, 0.508,-0.550;
4.780,2.724,-6.083,2.976,-6.335, 0.708,-0.038, 0.549,-0.199,0.199,-0.065,-0.538, 0.508,-0.549;
4.792,2.605,-5.907,2.857,-6.159, 0.705,-0.036, 0.549,-0.188,0.188,0.000,-0.545, 0.509,-0.549;
4.804,5.218,-6.522,5.468,-6.772, 0.703,-0.031, 0.544,-0.184,0.368,-0.432,-0.552, 0.508,-0.544;
4.817,2.461,-5.785,2.711,-6.035, 0.701,-0.029, 0.544,-0.180,0.180,0.000,-0.559, 0.508,-0.544;
4.829,5.045,-6.450,5.294,-6.698, 0.699,-0.025, 0.540,-0.179,0.358,-0.262,-0.566, 0.507,-0.540;
4.842,2.404,-5.785,2.652,-6.034, 0.696,-0.022, 0.540,-0.178,0.178,0.000,-0.573, 0.507,-0.540;
4.853,5.923,-3.928,6.170,-4.175, 0.696,-0.018, 0.539,0.000,0.375,-0.110,-0.582, 0.505,-0.539;
4.865,2.594,-6.211,2.841,-6.458, 0.694,-0.016, 0.537,-0.199,0.199,-0.175,-0.589, 0.504,-0.537;
4.876,5.996,-4.003,6.242,-4.249, 0.694,-0.011, 0.536,0.000,0.383,-0.114,-0.598, 0.502,-0.536;
4.887,2.628,-6.339,2.875,-6.585, 0.692,-0.009, 0.537,-0.205,0.205,0.122,-0.604, 0.501,-0.537;
4.898,5.456,-7.012,5.701,-7.257, 0.690,-0.004, 0.534,-0.200,0.399,-0.294,-0.610, 0.498,-0.534;
4.910,6.223,-4.119,6.468,-4.364, 0.690,-0.000, 0.534,0.000,0.402,0.000,-0.619, 0.495,-0.534;
4.921,5.473,-7.119,5.716,-7.363, 0.687, 0.004, 0.531,-0.203,0.405,-0.300,-0.625, 0.492,-0.531;
4.932,6.221,-4.175,6.464,-4.419, 0.687, 0.009, 0.531,0.000,0.405,0.000,-0.634, 0.488,-0.531;
4.944,5.338,-3.978,5.581,-4.221, 0.687, 0.013, 0.529,0.000,0.346,-0.107,-0.644, 0.485,-0.529;
4.957,5.581,-4.065,5.824,-4.308, 0.687, 0.018, 0.529,0.000,0.365,0.000,-0.653, 0.481,-0.529;
4.968,5.438,-7.272,5.679,-7.514, 0.685, 0.022, 0.526,-0.206,0.411,-0.307,-0.660, 0.477,-0.526;
4.989,3.269,-3.532,3.510,-3.772, 0.685, 0.027, 0.524,0.000,0.210,-0.066,-0.676, 0.473,-0.524;
5.000,5.951,-4.279,6.191,-4.519, 0.685, 0.031, 0.523,0.000,0.396,-0.126,-0.685, 0.469,-0.523;
5.012,5.727,-4.251,5.966,-4.490, 0.685, 0.036, 0.522,0.000,0.383,-0.123,-0.694, 0.464,-0.522;
5.023,5.639,-4.260,5.878,-4.498, 0.685, 0.040, 0.520,0.000,0.379,-0.123,-0.704, 0.459,-0.520;
5.035,5.832,-4.344,6.071,-4.582, 0.685, 0.045, 0.519,0.000,0.394,-0.130,-0.713, 0.455,-0.519;
5.047,5.586,-4.309,5.824,-4.547, 0.685, 0.049, 0.517,0.000,0.379,-0.126,-0.722, 0.450,-0.517;
5.058,8.681,-5.231,8.917,-5.466, 0.685, 0.056, 0.512,0.000,0.596,-0.445,-0.731, 0.442,-0.512;
5.070,5.321,-4.338,5.554,-4.571, 0.685, 0.060, 0.509,0.000,0.367,-0.289,-0.740, 0.437,-0.509;
5.081,5.744,-4.491,5.977,-4.724, 0.685, 0.065, 0.507,0.000,0.398,-0.140,-0.749, 0.431,-0.507;
5.092,9.600,-2.453,9.832,-2.685, 0.687, 0.071, 0.506,0.203,0.609,-0.144,-0.760, 0.423,-0.506;
5.103,5.698,-4.551,5.930,-4.782, 0.687, 0.076, 0.504,0.000,0.400,-0.143,-0.768, 0.418,-0.504;
5.115,5.334,-4.481,5.564,-4.712, 0.687, 0.080, 0.502,0.000,0.378,-0.167,-0.777, 0.411,-0.502;
5.126,8.648,-5.520,8.876,-5.748, 0.687, 0.087, 0.497,0.000,0.611,-0.477,-0.786, 0.403,-0.497;
5.148,3.190,-2.337,3.417,-2.565, 0.690, 0.092, 0.495,0.103,0.206,-0.077,-0.805, 0.395,-0.495;
5.160,5.171,-4.583,5.398,-4.810, 0.690, 0.096, 0.493,0.000,0.376,-0.142,-0.814, 0.388,-0.493;
5.171,8.179,-5.544,8.404,-5.769, 0.690, 0.103, 0.490,0.000,0.588,-0.322,-0.822, 0.379,-0.490;
5.183,4.995,-4.609,5.219,-4.833, 0.690, 0.107, 0.488,0.000,0.370,-0.143,-0.832, 0.372,-0.488;
5.195,8.325,-2.825,8.547,-3.047, 0.692, 0.114, 0.483,0.183,0.548,-0.448,-0.843, 0.363,-0.483;
5.209,4.247,-4.479,4.468,-4.699, 0.692, 0.118, 0.481,0.000,0.325,-0.130,-0.853, 0.355,-0.481;
5.221,7.325,-5.519,7.543,-5.737, 0.692, 0.125, 0.475,0.000,0.544,-0.455,-0.862, 0.345,-0.475;
5.226,12.222,-7.151,12.438,-7.367, 0.692, 0.129, 0.471,0.000,0.888,-0.758,-0.866, 0.339,-0.471;
5.236,7.042,-1.889,7.258,-2.105, 0.694, 0.134, 0.471,0.228,0.455,0.008,-0.875, 0.332,-0.471;
5.258,3.884,-4.555,4.097,-4.768, 0.694, 0.141, 0.464,0.000,0.315,-0.364,-0.891, 0.319,-0.464;
5.269,4.865,-4.916,5.077,-5.128, 0.694, 0.145, 0.462,0.000,0.386,-0.169,-0.899, 0.311,-0.462;
5.280,8.640,-3.112,8.852,-3.323, 0.696, 0.152, 0.460,0.196,0.588,-0.173,-0.910, 0.300,-0.460;
5.292,4.735,-4.948,4.945,-5.158, 0.696, 0.156, 0.458,0.000,0.384,-0.172,-0.918, 0.292,-0.458;
5.304,7.082,-5.802,7.290,-6.010, 0.696, 0.163, 0.454,0.000,0.552,-0.328,-0.926, 0.281,-0.454;
5.316,5.729,-2.236,5.937,-2.444, 0.699, 0.167, 0.454,0.196,0.392,-0.009,-0.936, 0.272,-0.454;
5.328,6.970,-5.886,7.175,-6.091, 0.699, 0.174, 0.446,0.000,0.553,-0.666,-0.945, 0.261,-0.446;
5.340,4.272,-4.969,4.475,-5.173, 0.699, 0.179, 0.443,0.000,0.366,-0.175,-0.953, 0.252,-0.443;
5.352,8.106,-3.329,8.309,-3.532, 0.701, 0.185, 0.441,0.191,0.572,-0.184,-0.963, 0.240,-0.441;
5.364,4.181,-5.012,4.383,-5.214, 0.701, 0.190, 0.439,0.000,0.367,-0.179,-0.971, 0.231,-0.439;
5.376,4.301,-5.100,4.501,-5.300, 0.701, 0.194, 0.435,0.000,0.379,-0.352,-0.979, 0.221,-0.435;
5.388,6.756,-6.074,6.953,-6.271, 0.701, 0.201, 0.429,0.000,0.558,-0.536,-0.987, 0.209,-0.429;
5.399,5.116,-2.477,5.313,-2.674, 0.703, 0.205, 0.428,0.187,0.375,-0.031,-0.997, 0.199,-0.428;
5.411,7.149,-6.334,7.342,-6.528, 0.703, 0.212, 0.422,0.000,0.594,-0.586,-1.004, 0.187,-0.422;
5.423,4.001,-5.171,4.193,-5.364, 0.703, 0.217, 0.419,0.000,0.374,-0.200,-1.011, 0.177,-0.419;
5.434,4.311,-5.335,4.502,-5.526, 0.703, 0.221, 0.415,0.000,0.400,-0.389,-1.018, 0.167,-0.415;
5.445,8.131,-3.660,8.320,-3.848, 0.705, 0.228, 0.410,0.200,0.599,-0.440,-1.027, 0.155,-0.410;
5.456,4.206,-5.398,4.392,-5.584, 0.705, 0.232, 0.406,0.000,0.402,-0.397,-1.034, 0.145,-0.406;
5.478,2.808,-4.907,2.991,-5.090, 0.705, 0.239, 0.399,0.000,0.309,-0.323,-1.046, 0.127,-0.399;
5.490,4.794,-2.683,4.976,-2.865, 0.708, 0.243, 0.396,0.189,0.377,-0.220,-1.055, 0.116,-0.396;
5.502,6.136,-6.392,6.315,-6.570, 0.708, 0.250, 0.389,0.000,0.557,-0.598,-1.062, 0.103,-0.389;
5.514,3.528,-5.345,3.705,-5.521, 0.708, 0.254, 0.384,0.000,0.374,-0.383,-1.069, 0.092,-0.384;
5.526,5.973,-6.462,6.146,-6.635, 0.708, 0.261, 0.377,0.000,0.557,-0.612,-1.075, 0.078,-0.377;
5.537,4.638,-2.794,4.810,-2.965, 0.710, 0.266, 0.374,0.191,0.381,-0.240,-1.083, 0.067,-0.374;
5.549,5.817,-6.528,5.985,-6.696, 0.710, 0.272, 0.366,0.000,0.556,-0.627,-1.090, 0.053,-0.366;
5.562,3.047,-5.329,3.214,-5.496, 0.710, 0.277, 0.364,0.000,0.359,-0.235,-1.096, 0.041,-0.364;
5.573,4.435,-2.854,4.602,-3.021, 0.712, 0.281, 0.362,0.189,0.378,-0.097,-1.104, 0.029,-0.362;
5.585,5.650,-6.614,5.813,-6.776, 0.712, 0.288, 0.355,0.000,0.559,-0.655,-1.110, 0.015,-0.355;
5.598,2.987,-5.424,3.148,-5.585, 0.712, 0.292, 0.351,0.000,0.368,-0.254,-1.115, 0.003,-0.351;
5.609,7.097,-4.171,7.255,-4.330, 0.714, 0.299, 0.345,0.195,0.584,-0.548,-1.123,-0.011,-0.345;
5.621,3.098,-5.560,3.255,-5.717, 0.714, 0.304, 0.343,0.000,0.386,-0.154,-1.128,-0.023,-0.343;
5.632,5.634,-6.844,5.788,-6.998, 0.714, 0.310, 0.335,0.000,0.579,-0.709,-1.133,-0.037,-0.335;
5.644,3.065,-5.619,3.219,-5.773, 0.714, 0.315, 0.335,0.000,0.393,0.000,-1.138,-0.049,-0.335;
5.654,4.609,-2.956,4.763,-3.110, 0.716, 0.319, 0.334,0.205,0.410,-0.141,-1.145,-0.061,-0.334;
5.666,5.693,-6.980,5.844,-7.131, 0.716, 0.326, 0.329,0.000,0.595,-0.452,-1.149,-0.075,-0.329;
5.678,3.935,-2.984,4.085,-3.134, 0.719, 0.330, 0.327,0.188,0.376,-0.138,-1.156,-0.088,-0.327;
5.688,5.826,-7.143,5.974,-7.290, 0.719, 0.337, 0.322,0.000,0.615,-0.474,-1.160,-0.102,-0.322;
5.712,0.060,-4.292,0.206,-4.438, 0.719, 0.341, 0.318,0.000,0.193,-0.150,-1.168,-0.123,-0.318;
5.723,2.785,-5.676,2.931,-5.822, 0.719, 0.346, 0.318,0.000,0.398,0.000,-1.172,-0.135,-0.318;
5.734,3.929,-3.000,4.074,-3.146, 0.721, 0.350, 0.316,0.194,0.388,-0.157,-1.178,-0.148,-0.316;
5.747,4.550,-6.692,4.690,-6.833, 0.721, 0.357, 0.306,0.000,0.541,-0.857,-1.182,-0.163,-0.306;
