0.000,0.000,0.000,0.000,0.000, 0.000, 0.000, 0.000,0.000,0.000,0.000, 0.000, 0.000, 0.000;
0.011,61.072,48.032,61.072,48.032,-0.047,-0.033, 0.000,0.000,0.000,0.000, 0.547, 0.042, 0.000;
0.022,61.888,47.093,61.888,47.093,-0.047,-0.033, 0.000,0.000,0.000,0.000, 0.547, 0.051, 0.000;
0.044,63.389,45.275,63.389,45.275,-0.047,-0.033, 0.000,0.000,0.000,0.000, 0.546, 0.068, 0.000;
0.055,64.158,44.294,64.158,44.294,-0.047,-0.033, 0.000,0.000,0.000,0.000, 0.545, 0.077, 0.000;
0.066,64.925,43.279,64.925,43.279,-0.047,-0.033, 0.000,0.000,0.000,0.000, 0.544, 0.086, 0.000;
0.078,65.704,42.206,65.704,42.206,-0.047,-0.033, 0.000,0.000,0.000,0.000, 0.543, 0.095, 0.000;
0.090,66.417,41.186,66.417,41.186,-0.047,-0.033, 0.000,0.000,0.000,0.000, 0.542, 0.104, 0.000;
0.101,67.132,40.123,67.132,40.123,-0.047,-0.033, 0.000,0.000,0.000,0.000, 0.541, 0.113, 0.000;
0.113,72.100,43.299,72.100,43.299,-0.045,-0.033, 0.000,0.190,0.000,0.000, 0.537, 0.122, 0.000;
0.124,68.256,37.748,68.256,37.748,-0.045,-0.033, 0.000,0.000,0.000,0.000, 0.535, 0.130, 0.000;
0.136,73.208,40.934,73.208,40.934,-0.042,-0.033, 0.000,0.191,0.000,0.000, 0.531, 0.139, 0.000;
0.147,69.294,35.339,69.294,35.339,-0.042,-0.033, 0.000,0.000,0.000,0.000, 0.529, 0.148, 0.000;
0.159,73.428,39.668,73.743,39.353,-0.040,-0.033, 0.015,0.189,0.000,1.245, 0.525, 0.157,-0.015;
0.170,79.432,32.899,79.432,32.899,-0.038,-0.031, 0.000,0.204,0.204,-1.344, 0.520, 0.163, 0.000;
0.182,73.705,36.890,74.020,36.575,-0.036,-0.031, 0.015,0.179,0.000,1.176, 0.515, 0.172,-0.015;
0.193,73.909,37.428,74.539,36.798,-0.033,-0.031, 0.029,0.204,0.000,1.343, 0.511, 0.181,-0.029;
0.215,75.261,29.184,75.576,28.868,-0.031,-0.029, 0.015,0.103,0.103,-0.678, 0.503, 0.195,-0.015;
0.227,74.496,33.529,75.127,32.898,-0.029,-0.029, 0.029,0.191,0.000,1.258, 0.498, 0.203,-0.029;
0.238,74.218,33.370,75.149,32.438,-0.027,-0.029, 0.043,0.193,0.000,1.216, 0.492, 0.212,-0.043;
0.250,83.003,32.333,83.949,31.388,-0.022,-0.027, 0.044,0.383,0.191,0.055, 0.484, 0.218,-0.044;
0.261,73.725,31.907,74.985,30.647,-0.020,-0.027, 0.059,0.197,0.000,1.292, 0.479, 0.226,-0.059;
0.272,77.495,36.523,79.069,34.949,-0.016,-0.027, 0.073,0.395,0.000,1.297, 0.471, 0.234,-0.073;
0.285,81.870,28.999,83.149,27.720,-0.011,-0.025, 0.060,0.367,0.184,-1.132, 0.462, 0.241,-0.060;
0.297,72.778,27.861,74.352,26.287,-0.009,-0.025, 0.073,0.175,0.000,1.082, 0.455, 0.250,-0.073;
0.309,81.795,27.378,83.369,25.804,-0.004,-0.022, 0.073,0.380,0.190,0.000, 0.447, 0.256,-0.073;
0.320,76.646,31.633,78.562,29.718, 0.000,-0.022, 0.089,0.395,0.000,1.409, 0.438, 0.263,-0.089;
0.332,80.695,25.529,82.610,23.614, 0.004,-0.020, 0.089,0.373,0.187,0.000, 0.429, 0.269,-0.089;
0.344,71.862,24.702,74.061,22.502, 0.007,-0.020, 0.103,0.198,0.000,1.177, 0.422, 0.277,-0.103;
0.354,75.689,29.779,78.200,27.268, 0.011,-0.020, 0.117,0.409,0.000,1.331, 0.413, 0.284,-0.117;
0.366,80.939,22.765,83.171,20.533, 0.016,-0.018, 0.104,0.403,0.201,-1.173, 0.404, 0.289,-0.104;
0.377,75.111,26.587,77.659,24.039, 0.020,-0.018, 0.119,0.403,0.000,1.330, 0.395, 0.297,-0.119;
0.398,73.769,16.745,76.318,14.197, 0.025,-0.016, 0.119,0.209,0.105,0.000, 0.381, 0.308,-0.119;
0.410,77.045,27.080,79.951,24.174, 0.031,-0.016, 0.136,0.544,0.000,1.355, 0.368, 0.316,-0.136;
0.415,96.814,26.940,99.677,24.077, 0.036,-0.013, 0.134,0.932,0.466,-0.417, 0.362, 0.317,-0.134;
0.434,70.259,15.146,73.122,12.282, 0.040,-0.013, 0.134,0.231,0.000,0.000, 0.348, 0.329,-0.134;
0.446,77.622,13.478,80.485,10.615, 0.045,-0.011, 0.134,0.372,0.186,0.000, 0.337, 0.334,-0.134;
0.459,75.157,20.928,78.381,17.703, 0.051,-0.011, 0.150,0.536,0.000,1.347, 0.324, 0.341,-0.150;
0.470,77.304,10.021,80.168,7.157, 0.056,-0.009, 0.134,0.388,0.194,-1.463, 0.314, 0.346,-0.134;
0.482,71.747,13.596,74.924,10.418, 0.060,-0.009, 0.148,0.395,0.000,1.294, 0.303, 0.352,-0.148;
0.493,79.793,13.004,83.018,9.779, 0.067,-0.007, 0.150,0.577,0.192,0.191, 0.290, 0.357,-0.150;
0.507,69.593,8.337,72.817,5.113, 0.071,-0.007, 0.150,0.336,0.000,0.000, 0.278, 0.364,-0.150;
0.518,78.457,8.854,81.682,5.629, 0.078,-0.004, 0.150,0.565,0.188,0.000, 0.265, 0.368,-0.150;
0.530,73.005,12.631,76.600,9.036, 0.085,-0.004, 0.168,0.588,0.000,1.517, 0.252, 0.374,-0.168;
0.542,73.759,0.183,76.984,-3.041, 0.089,-0.002, 0.150,0.381,0.190,-1.472, 0.240, 0.378,-0.150;
0.553,76.625,3.317,79.850,0.092, 0.096,-0.000, 0.150,0.567,0.189,0.000, 0.227, 0.382,-0.150;
0.565,70.882,6.633,74.477,3.038, 0.103,-0.000, 0.168,0.575,0.000,1.484, 0.213, 0.388,-0.168;
0.577,71.582,-5.519,74.807,-8.743, 0.107, 0.002, 0.150,0.377,0.188,-1.457, 0.201, 0.391,-0.150;
0.588,70.032,3.437,73.627,-0.158, 0.114, 0.002, 0.168,0.594,0.000,1.533, 0.188, 0.397,-0.168;
0.600,73.412,-3.165,77.007,-6.760, 0.121, 0.004, 0.168,0.555,0.185,0.000, 0.173, 0.400,-0.168;
0.611,70.138,-10.644,73.362,-13.868, 0.125, 0.007, 0.150,0.401,0.200,-1.551, 0.162, 0.403,-0.150;
0.623,67.713,-2.278,71.308,-5.873, 0.132, 0.007, 0.168,0.590,0.000,1.521, 0.148, 0.408,-0.168;
0.635,71.497,-8.438,75.092,-12.032, 0.138, 0.009, 0.168,0.568,0.189,0.000, 0.133, 0.411,-0.168;
0.646,66.085,-6.202,69.680,-9.797, 0.145, 0.009, 0.168,0.591,0.000,0.000, 0.119, 0.416,-0.168;
0.668,60.464,-21.437,64.059,-25.032, 0.150, 0.011, 0.168,0.205,0.103,0.000, 0.100, 0.422,-0.168;
0.679,63.950,-11.628,67.545,-15.222, 0.156, 0.011, 0.168,0.569,0.000,0.000, 0.085, 0.427,-0.168;
0.691,68.197,-17.089,71.792,-20.684, 0.163, 0.013, 0.168,0.574,0.191,0.000, 0.070, 0.429,-0.168;
0.703,66.794,-20.110,70.118,-23.434, 0.170, 0.016, 0.155,0.567,0.189,-1.072, 0.055, 0.431,-0.155;
0.715,57.558,-22.308,61.153,-25.903, 0.174, 0.016, 0.168,0.382,0.000,1.083, 0.043, 0.435,-0.168;
0.726,65.365,-23.628,68.638,-26.901, 0.181, 0.018, 0.153,0.582,0.194,-1.303, 0.028, 0.437,-0.153;
0.738,58.609,-21.854,62.259,-25.504, 0.187, 0.018, 0.170,0.539,0.000,1.414, 0.012, 0.441,-0.170;
0.750,63.195,-26.552,66.845,-30.202, 0.194, 0.020, 0.170,0.569,0.190,0.000,-0.003, 0.442,-0.170;
0.762,53.623,-29.849,57.273,-33.499, 0.199, 0.020, 0.170,0.380,0.000,0.000,-0.016, 0.445,-0.170;
0.774,61.184,-31.092,64.507,-34.416, 0.205, 0.022, 0.155,0.579,0.193,-1.316,-0.031, 0.446,-0.155;
0.785,51.584,-33.554,55.234,-37.204, 0.210, 0.022, 0.170,0.377,0.000,1.286,-0.044, 0.450,-0.170;
0.798,54.660,-40.112,57.984,-43.435, 0.214, 0.025, 0.155,0.362,0.181,-1.234,-0.058, 0.450,-0.155;
0.809,57.380,-37.461,60.376,-40.457, 0.221, 0.027, 0.140,0.574,0.191,-1.311,-0.073, 0.451,-0.140;
0.820,48.375,-39.014,51.699,-42.337, 0.225, 0.027, 0.155,0.400,0.000,1.371,-0.086, 0.453,-0.155;
0.832,52.365,-44.582,55.688,-47.906, 0.230, 0.029, 0.155,0.392,0.196,0.000,-0.099, 0.454,-0.155;
0.844,53.618,-42.509,56.661,-45.552, 0.237, 0.031, 0.142,0.561,0.187,-1.098,-0.115, 0.454,-0.142;
0.857,47.167,-49.964,50.163,-52.960, 0.241, 0.033, 0.140,0.335,0.167,-0.164,-0.130, 0.454,-0.140;
0.868,48.227,-50.250,51.223,-53.246, 0.246, 0.036, 0.140,0.403,0.201,0.000,-0.143, 0.454,-0.140;
0.879,47.116,-51.588,50.111,-54.584, 0.250, 0.038, 0.140,0.407,0.203,0.000,-0.156, 0.453,-0.140;
0.891,40.297,-49.630,43.293,-52.626, 0.254, 0.038, 0.140,0.388,0.000,0.000,-0.169, 0.455,-0.140;
0.902,48.638,-59.532,51.304,-62.199, 0.259, 0.042, 0.124,0.394,0.394,-1.357,-0.182, 0.452,-0.124;
0.923,33.497,-58.178,36.493,-61.174, 0.263, 0.042, 0.140,0.209,0.000,0.717,-0.203, 0.454,-0.140;
0.935,45.234,-63.218,47.901,-65.885, 0.268, 0.047, 0.124,0.392,0.392,-1.349,-0.217, 0.451,-0.124;
0.946,38.698,-60.541,41.364,-63.207, 0.272, 0.049, 0.124,0.393,0.197,0.000,-0.230, 0.449,-0.124;
0.957,37.338,-61.851,40.005,-64.517, 0.277, 0.051, 0.124,0.394,0.197,0.000,-0.243, 0.448,-0.124;
0.969,35.309,-63.452,38.018,-66.160, 0.281, 0.054, 0.126,0.374,0.187,0.164,-0.257, 0.446,-0.126;
0.980,35.394,-63.990,38.103,-66.699, 0.286, 0.056, 0.126,0.418,0.209,0.000,-0.270, 0.444,-0.126;
0.992,32.642,-65.929,35.350,-68.637, 0.290, 0.058, 0.126,0.380,0.190,0.000,-0.284, 0.442,-0.126;
1.003,28.141,-71.862,30.850,-74.571, 0.292, 0.060, 0.126,0.204,0.204,0.000,-0.295, 0.440,-0.126;
1.015,29.821,-68.245,32.530,-70.954, 0.297, 0.062, 0.126,0.379,0.189,0.000,-0.308, 0.437,-0.126;
1.025,29.432,-68.937,32.141,-71.646, 0.301, 0.065, 0.126,0.411,0.205,0.000,-0.321, 0.435,-0.126;
1.037,31.721,-74.819,34.132,-77.230, 0.306, 0.069, 0.112,0.401,0.401,-1.246,-0.334, 0.430,-0.112;
1.059,15.291,-78.248,17.664,-80.620, 0.308, 0.071, 0.111,0.101,0.101,-0.080,-0.354, 0.426,-0.111;
1.071,21.670,-74.098,24.080,-76.509, 0.312, 0.074, 0.112,0.372,0.186,0.148,-0.368, 0.423,-0.112;
1.083,16.175,-79.960,18.548,-82.333, 0.315, 0.076, 0.111,0.185,0.185,-0.147,-0.380, 0.420,-0.111;
1.095,22.168,-80.410,24.237,-82.479, 0.319, 0.080, 0.096,0.375,0.375,-1.192,-0.393, 0.414,-0.096;
1.106,12.222,-82.106,14.258,-84.142, 0.321, 0.083, 0.095,0.197,0.197,-0.134,-0.404, 0.411,-0.095;
1.118,15.510,-77.854,17.920,-80.265, 0.326, 0.085, 0.112,0.381,0.191,1.493,-0.418, 0.407,-0.112;
1.130,9.885,-83.703,12.296,-86.114, 0.328, 0.087, 0.112,0.188,0.188,0.000,-0.429, 0.403,-0.112;
1.142,10.885,-88.538,12.921,-90.575, 0.330, 0.092, 0.095,0.178,0.356,-1.394,-0.441, 0.396,-0.095;
1.155,8.019,-81.389,10.088,-83.457, 0.335, 0.094, 0.096,0.347,0.173,0.118,-0.455, 0.392,-0.096;
1.167,8.459,-90.414,10.527,-92.483, 0.337, 0.098, 0.096,0.193,0.386,0.000,-0.466, 0.385,-0.096;
1.179,1.031,-87.187,3.067,-89.223, 0.339, 0.100, 0.095,0.178,0.178,-0.122,-0.478, 0.380,-0.095;
1.190,0.519,-87.778,2.555,-89.814, 0.341, 0.103, 0.095,0.200,0.200,0.000,-0.489, 0.375,-0.095;
1.202,5.958,-87.947,7.684,-89.672, 0.346, 0.107, 0.080,0.383,0.383,-1.241,-0.502, 0.368,-0.080;
1.215,-5.800,-89.494,-4.074,-91.220, 0.348, 0.109, 0.080,0.170,0.170,0.000,-0.514, 0.362,-0.080;
1.227,-1.660,-93.996,0.066,-95.722, 0.350, 0.114, 0.080,0.193,0.386,0.000,-0.525, 0.355,-0.080;
1.239,-8.958,-90.517,-7.232,-92.242, 0.353, 0.116, 0.080,0.179,0.179,0.000,-0.536, 0.349,-0.080;
1.251,-6.838,-95.037,-5.457,-96.419, 0.355, 0.121, 0.064,0.190,0.380,-1.365,-0.547, 0.341,-0.064;
1.263,-12.039,-91.429,-10.314,-93.155, 0.357, 0.123, 0.080,0.189,0.189,1.356,-0.558, 0.335,-0.080;
1.274,-10.329,-95.899,-8.948,-97.281, 0.359, 0.127, 0.064,0.191,0.382,-1.374,-0.568, 0.327,-0.064;
1.286,-12.501,-96.131,-11.120,-97.513, 0.362, 0.132, 0.064,0.188,0.376,0.000,-0.579, 0.319,-0.064;
1.297,-18.266,-92.394,-16.885,-93.776, 0.364, 0.134, 0.064,0.200,0.200,0.000,-0.589, 0.312,-0.064;
1.309,-15.137,-97.022,-13.755,-98.403, 0.366, 0.138, 0.064,0.200,0.400,0.000,-0.599, 0.304,-0.064;
1.320,-18.515,-97.076,-17.478,-98.113, 0.368, 0.143, 0.048,0.199,0.398,-1.432,-0.609, 0.295,-0.048;
1.331,-23.746,-93.202,-22.365,-94.584, 0.371, 0.145, 0.064,0.199,0.199,1.435,-0.619, 0.289,-0.064;
1.342,-25.352,-93.582,-23.947,-94.986, 0.373, 0.147, 0.065,0.198,0.198,0.094,-0.629, 0.282,-0.065;
1.364,-33.974,-98.466,-32.937,-99.503, 0.373, 0.152, 0.048,0.000,0.203,-0.779,-0.643, 0.269,-0.048;
1.376,-34.555,-98.506,-33.174,-99.888, 0.373, 0.154, 0.064,0.000,0.185,1.333,-0.651, 0.261,-0.064;
1.388,-28.559,-97.901,-27.522,-98.938, 0.375, 0.158, 0.048,0.194,0.388,-1.396,-0.661, 0.252,-0.048;
1.400,-39.462,-98.182,-38.426,-99.219, 0.375, 0.161, 0.048,0.000,0.186,0.000,-0.669, 0.244,-0.048;
1.412,-37.852,-101.910,-37.160,-102.602, 0.375, 0.165, 0.032,0.000,0.382,-1.377,-0.676, 0.234,-0.032;
1.423,-43.906,-97.575,-43.214,-98.266, 0.375, 0.167, 0.032,0.000,0.195,0.000,-0.683, 0.226,-0.032;
1.434,-46.795,-96.909,-46.449,-97.255, 0.375, 0.170, 0.016,0.000,0.195,-1.410,-0.690, 0.218,-0.016;
1.446,-48.388,-96.698,-48.042,-97.044, 0.375, 0.172, 0.016,0.000,0.192,0.000,-0.697, 0.210,-0.016;
1.458,-54.201,-100.715,-53.861,-101.056, 0.373, 0.174, 0.016,-0.188,0.188,-0.022,-0.702, 0.202,-0.016;
1.469,-52.605,-95.426,-52.605,-95.426, 0.373, 0.176, 0.000,0.000,0.192,-1.364,-0.709, 0.194, 0.000;
1.481,-50.707,-99.329,-51.052,-98.984, 0.373, 0.181,-0.016,0.000,0.404,-1.459,-0.715, 0.183, 0.016;
1.492,-62.904,-97.546,-63.596,-96.855, 0.371, 0.183,-0.032,-0.196,0.196,-1.415,-0.720, 0.175, 0.032;
1.503,-64.087,-97.240,-64.767,-96.560, 0.368, 0.185,-0.032,-0.201,0.201,0.046,-0.724, 0.167, 0.032;
1.515,-65.128,-87.617,-65.820,-86.925, 0.368, 0.185,-0.032,0.000,0.000,-0.043,-0.730, 0.160, 0.032;
1.527,-68.058,-94.934,-69.094,-93.898, 0.366, 0.187,-0.048,-0.187,0.187,-1.350,-0.734, 0.151, 0.048;
1.538,-69.281,-95.037,-70.318,-94.000, 0.364, 0.190,-0.048,-0.203,0.203,0.000,-0.738, 0.142, 0.048;
1.559,-72.554,-88.531,-73.914,-87.171, 0.362, 0.192,-0.063,-0.103,0.103,-0.696,-0.747, 0.127, 0.063;
1.572,-75.333,-90.529,-77.031,-88.831, 0.359, 0.194,-0.079,-0.183,0.183,-1.295,-0.750, 0.117, 0.079;
1.583,-80.565,-85.580,-82.264,-83.882, 0.357, 0.194,-0.079,-0.194,0.000,0.000,-0.754, 0.110, 0.079;
1.595,-78.769,-88.679,-80.805,-86.643, 0.355, 0.196,-0.095,-0.195,0.195,-1.373,-0.757, 0.101, 0.095;
1.606,-81.120,-86.843,-83.493,-84.470, 0.353, 0.199,-0.111,-0.197,0.197,-1.385,-0.760, 0.091, 0.111;
1.619,-86.789,-79.363,-89.498,-76.655, 0.350, 0.199,-0.126,-0.174,0.000,-1.221,-0.763, 0.083, 0.126;
1.631,-88.262,-78.821,-91.014,-76.070, 0.348, 0.199,-0.128,-0.188,0.000,-0.170,-0.766, 0.075, 0.128;
1.643,-91.281,-85.378,-94.324,-82.336, 0.344, 0.201,-0.142,-0.376,0.188,-1.144,-0.767, 0.065, 0.142;
1.655,-91.783,-74.390,-95.159,-71.015, 0.341, 0.201,-0.157,-0.181,0.000,-1.256,-0.770, 0.057, 0.157;
1.667,-92.916,-73.783,-96.292,-70.407, 0.339, 0.201,-0.157,-0.189,0.000,0.000,-0.772, 0.049, 0.157;
1.678,-99.688,-75.179,-103.394,-71.472, 0.335, 0.201,-0.173,-0.380,0.000,-1.315,-0.772, 0.041, 0.173;
1.690,-92.856,-74.559,-96.892,-70.523, 0.333, 0.203,-0.188,-0.194,0.194,-1.338,-0.774, 0.031, 0.188;
1.701,-97.551,-68.560,-101.587,-64.524, 0.330, 0.203,-0.188,-0.204,0.000,0.000,-0.776, 0.023, 0.188;
1.712,-104.319,-69.756,-108.683,-65.393, 0.326, 0.203,-0.203,-0.399,0.000,-1.365,-0.776, 0.015, 0.203;
1.723,-99.778,-65.025,-104.210,-60.593, 0.324, 0.203,-0.207,-0.204,0.000,-0.292,-0.777, 0.008, 0.207;
1.734,-106.287,-66.320,-110.976,-61.631, 0.319, 0.203,-0.219,-0.397,0.000,-1.067,-0.776,-0.000, 0.219;
1.755,-102.318,-61.171,-107.007,-56.482, 0.315, 0.203,-0.219,-0.210,0.000,0.000,-0.778,-0.016, 0.219;
1.767,-103.195,-58.415,-108.207,-53.402, 0.312, 0.203,-0.234,-0.190,0.000,-1.284,-0.779,-0.024, 0.234;
1.779,-109.205,-60.683,-114.217,-55.670, 0.308, 0.203,-0.234,-0.387,0.000,0.000,-0.778,-0.033, 0.234;
1.792,-104.636,-53.966,-110.052,-48.550, 0.306, 0.203,-0.253,-0.171,0.000,-1.440,-0.779,-0.043, 0.253;
1.804,-108.383,-60.179,-114.035,-54.527, 0.301, 0.205,-0.264,-0.374,0.187,-0.923,-0.778,-0.054, 0.264;
1.816,-112.532,-52.021,-118.500,-46.053, 0.297, 0.205,-0.278,-0.378,0.000,-1.248,-0.776,-0.063, 0.278;
1.827,-107.763,-47.411,-113.822,-41.352, 0.295, 0.205,-0.283,-0.190,0.000,-0.362,-0.776,-0.071, 0.283;
1.839,-113.576,-49.154,-119.635,-43.095, 0.290, 0.205,-0.283,-0.378,0.000,0.000,-0.774,-0.080, 0.283;
1.851,-114.415,-46.331,-120.792,-39.955, 0.286, 0.205,-0.297,-0.382,0.000,-1.266,-0.772,-0.089, 0.297;
1.862,-114.591,-45.535,-120.872,-39.253, 0.281, 0.205,-0.293,-0.385,0.000,0.384,-0.770,-0.098, 0.293;
1.875,-111.986,-47.391,-118.578,-40.799, 0.277, 0.208,-0.307,-0.364,0.182,-1.182,-0.767,-0.110, 0.307;
1.886,-115.486,-40.899,-122.078,-34.307, 0.272, 0.208,-0.307,-0.382,0.000,0.000,-0.764,-0.119, 0.307;
1.898,-110.397,-36.299,-117.088,-29.607, 0.270, 0.208,-0.312,-0.192,0.000,-0.400,-0.764,-0.128, 0.312;
1.910,-113.412,-41.031,-120.415,-34.028, 0.266, 0.210,-0.327,-0.363,0.181,-1.182,-0.761,-0.140, 0.327;
1.922,-116.385,-34.238,-123.388,-27.235, 0.261, 0.210,-0.327,-0.369,0.000,0.000,-0.757,-0.149, 0.327;
1.934,-116.759,-32.975,-123.762,-25.972, 0.257, 0.210,-0.327,-0.379,0.000,0.000,-0.754,-0.158, 0.327;
1.946,-114.711,-35.795,-122.022,-28.483, 0.252, 0.212,-0.341,-0.391,0.196,-1.262,-0.750,-0.169, 0.341;
1.957,-117.650,-28.558,-124.962,-21.247, 0.248, 0.212,-0.341,-0.396,0.000,0.000,-0.747,-0.178, 0.341;
1.968,-115.260,-31.475,-122.878,-23.857, 0.243, 0.214,-0.355,-0.401,0.201,-1.281,-0.743,-0.189, 0.355;
1.980,-122.688,-26.049,-130.305,-18.431, 0.237, 0.214,-0.355,-0.565,0.000,0.000,-0.736,-0.198, 0.355;
1.991,-114.871,-26.306,-122.791,-18.386, 0.232, 0.217,-0.369,-0.391,0.195,-1.235,-0.732,-0.210, 0.369;
2.002,-117.775,-20.698,-125.393,-13.080, 0.228, 0.217,-0.355,-0.407,0.000,1.284,-0.728,-0.218, 0.355;
2.024,-110.619,-16.073,-118.657,-8.035, 0.223, 0.219,-0.375,-0.203,0.101,-0.891,-0.723,-0.238, 0.375;
2.036,-122.530,-18.403,-130.148,-10.786, 0.217, 0.219,-0.355,-0.565,0.000,1.654,-0.716,-0.247, 0.355;
2.048,-113.886,-17.774,-121.806,-9.854, 0.212, 0.221,-0.369,-0.364,0.182,-1.149,-0.711,-0.259, 0.369;
2.060,-120.291,-17.852,-128.510,-9.633, 0.205, 0.223,-0.383,-0.592,0.197,-1.233,-0.703,-0.270, 0.383;
2.071,-116.100,-8.957,-124.020,-1.037, 0.201, 0.223,-0.369,-0.377,0.000,1.179,-0.698,-0.279, 0.369;
2.083,-119.280,-14.181,-127.499,-5.962, 0.194, 0.225,-0.383,-0.582,0.194,-1.213,-0.690,-0.290, 0.383;
2.094,-113.213,-9.962,-121.432,-1.743, 0.190, 0.228,-0.383,-0.393,0.196,0.000,-0.684,-0.302, 0.383;
2.106,-120.253,-5.915,-128.172,2.005, 0.183, 0.228,-0.369,-0.554,0.000,1.155,-0.676,-0.311, 0.369;
2.118,-111.934,-5.970,-120.153,2.249, 0.179, 0.230,-0.383,-0.377,0.188,-1.177,-0.670,-0.322, 0.383;
2.130,-117.440,-6.712,-125.659,1.507, 0.172, 0.232,-0.383,-0.575,0.192,0.000,-0.661,-0.333, 0.383;
2.141,-117.440,-5.884,-125.541,2.217, 0.165, 0.234,-0.378,-0.596,0.199,0.491,-0.653,-0.344, 0.378;
2.152,-111.073,-1.052,-119.292,7.167, 0.161, 0.237,-0.383,-0.403,0.201,-0.498,-0.646,-0.355, 0.383;
2.164,-115.742,0.376,-124.256,8.890, 0.154, 0.239,-0.397,-0.578,0.193,-1.192,-0.638,-0.366, 0.397;
2.175,-118.406,5.575,-126.506,13.676, 0.147, 0.239,-0.378,-0.598,0.000,1.725,-0.629,-0.375, 0.378;
2.186,-109.283,4.265,-117.502,12.484, 0.143, 0.241,-0.383,-0.404,0.202,-0.500,-0.622,-0.385, 0.383;
2.208,-107.162,11.062,-115.262,19.162, 0.136, 0.243,-0.378,-0.310,0.103,0.256,-0.610,-0.403, 0.378;
2.220,-112.888,7.305,-120.989,15.405, 0.129, 0.246,-0.378,-0.556,0.185,0.000,-0.600,-0.415, 0.378;
2.232,-106.617,12.162,-114.836,20.381, 0.125, 0.248,-0.383,-0.372,0.186,-0.460,-0.592,-0.426, 0.383;
2.243,-111.914,11.388,-120.133,19.607, 0.118, 0.250,-0.383,-0.572,0.191,0.000,-0.582,-0.437, 0.383;
2.255,-110.966,13.073,-119.066,21.174, 0.112, 0.252,-0.378,-0.562,0.187,0.463,-0.572,-0.447, 0.378;
2.267,-104.422,18.067,-112.641,26.286, 0.107, 0.254,-0.383,-0.371,0.186,-0.459,-0.564,-0.458, 0.383;
2.279,-110.493,16.074,-118.594,24.175, 0.100, 0.257,-0.378,-0.597,0.199,0.492,-0.553,-0.469, 0.378;
2.291,-107.887,19.678,-115.988,27.779, 0.094, 0.259,-0.378,-0.532,0.177,0.000,-0.542,-0.480, 0.378;
2.303,-102.496,23.096,-110.597,31.196, 0.089, 0.261,-0.378,-0.382,0.191,0.000,-0.534,-0.490, 0.378;
2.314,-107.812,22.168,-115.912,30.268, 0.083, 0.263,-0.378,-0.587,0.196,0.000,-0.523,-0.500, 0.378;
2.326,-103.953,31.118,-111.758,38.923, 0.078, 0.263,-0.364,-0.382,0.000,1.179,-0.514,-0.508, 0.364;
2.338,-106.124,24.746,-113.929,32.551, 0.071, 0.266,-0.364,-0.569,0.190,0.000,-0.503,-0.519, 0.364;
2.349,-100.189,28.490,-107.994,36.295, 0.067, 0.268,-0.364,-0.402,0.201,0.000,-0.494,-0.528, 0.364;
2.360,-108.492,31.761,-115.890,39.160, 0.060, 0.268,-0.345,-0.591,0.000,1.675,-0.482,-0.536, 0.345;
2.371,-98.969,30.650,-106.475,38.156, 0.056, 0.270,-0.350,-0.401,0.200,-0.453,-0.473,-0.545, 0.350;
2.383,-97.240,34.167,-105.045,41.972, 0.051, 0.272,-0.364,-0.386,0.193,-1.205,-0.464,-0.555, 0.364;
2.394,-105.495,37.275,-112.894,44.673, 0.045, 0.272,-0.345,-0.576,0.000,1.633,-0.452,-0.563, 0.345;
2.416,-91.936,42.112,-99.334,49.510, 0.040, 0.275,-0.345,-0.211,0.106,0.000,-0.437,-0.578, 0.345;
2.427,-98.265,43.270,-105.365,50.370, 0.036, 0.275,-0.331,-0.375,0.000,1.168,-0.427,-0.586, 0.331;
2.439,-94.318,40.185,-101.716,47.583, 0.031, 0.277,-0.345,-0.390,0.195,-1.216,-0.417,-0.595, 0.345;
2.450,-101.652,44.990,-109.050,52.388, 0.025, 0.277,-0.345,-0.583,0.000,0.000,-0.405,-0.602, 0.345;
2.462,-95.129,48.334,-102.229,55.434, 0.020, 0.277,-0.331,-0.371,0.000,1.157,-0.394,-0.609, 0.331;
2.475,-90.435,46.102,-97.833,53.500, 0.016, 0.279,-0.345,-0.361,0.180,-1.124,-0.383,-0.618, 0.345;
2.487,-99.128,48.563,-106.126,55.561, 0.009, 0.279,-0.326,-0.568,0.000,1.582,-0.370,-0.625, 0.326;
2.499,-92.234,52.958,-99.232,59.956, 0.004, 0.279,-0.326,-0.374,0.000,0.000,-0.359,-0.632, 0.326;
2.510,-90.965,54.794,-98.065,61.894, 0.000, 0.279,-0.331,-0.378,0.000,-0.401,-0.348,-0.638, 0.331;
2.522,-91.115,54.975,-97.914,61.774,-0.004, 0.279,-0.317,-0.387,0.000,1.216,-0.337,-0.644, 0.317;
2.533,-95.728,53.313,-102.429,60.014,-0.011, 0.279,-0.312,-0.577,0.000,0.394,-0.323,-0.651, 0.312;
2.545,-89.417,57.404,-96.118,64.105,-0.016, 0.279,-0.312,-0.402,0.000,0.000,-0.312,-0.656, 0.312;
2.556,-88.228,58.867,-94.929,65.568,-0.020, 0.279,-0.312,-0.399,0.000,0.000,-0.301,-0.662, 0.312;
2.567,-87.020,60.325,-93.721,67.026,-0.025, 0.279,-0.312,-0.397,0.000,0.000,-0.290,-0.668, 0.312;
2.579,-84.712,62.410,-91.413,69.110,-0.029, 0.279,-0.312,-0.360,0.000,0.000,-0.278,-0.674, 0.312;
2.590,-84.872,63.111,-91.573,69.812,-0.033, 0.279,-0.312,-0.404,0.000,0.000,-0.266,-0.679, 0.312;
2.602,-93.254,66.139,-99.655,72.540,-0.040, 0.277,-0.298,-0.600,-0.200,1.254,-0.253,-0.682, 0.298;
2.623,-76.803,68.695,-83.204,75.096,-0.045, 0.277,-0.298,-0.209,0.000,0.000,-0.234,-0.692, 0.298;
2.635,-80.326,67.602,-86.727,74.003,-0.049, 0.277,-0.298,-0.371,0.000,0.000,-0.222,-0.697, 0.298;
2.647,-79.293,68.881,-85.694,75.281,-0.054, 0.277,-0.298,-0.379,0.000,0.000,-0.210,-0.702, 0.298;
2.658,-82.355,74.526,-88.453,80.625,-0.058, 0.275,-0.284,-0.387,-0.193,1.223,-0.198,-0.704, 0.284;
2.670,-76.845,71.154,-83.246,77.555,-0.062, 0.275,-0.298,-0.389,0.000,-1.231,-0.185,-0.709, 0.298;
2.682,-75.084,72.765,-81.485,79.166,-0.067, 0.275,-0.298,-0.375,0.000,0.000,-0.173,-0.713, 0.298;
2.693,-77.296,79.311,-83.697,85.712,-0.071, 0.272,-0.298,-0.395,-0.198,0.000,-0.160,-0.715, 0.298;
2.706,-71.451,75.587,-77.851,81.988,-0.076, 0.272,-0.298,-0.351,0.000,0.000,-0.147,-0.720, 0.298;
2.718,-74.796,80.645,-80.806,86.656,-0.080, 0.270,-0.280,-0.363,-0.182,1.481,-0.134,-0.722, 0.280;
2.729,-69.688,77.286,-76.088,83.687,-0.085, 0.270,-0.298,-0.392,0.000,-1.599,-0.121,-0.726, 0.298;
2.741,-72.456,82.954,-78.466,88.965,-0.089, 0.268,-0.280,-0.379,-0.190,1.545,-0.108,-0.727, 0.280;
2.752,-71.602,83.883,-77.612,89.893,-0.094, 0.266,-0.280,-0.398,-0.199,0.000,-0.096,-0.728, 0.280;
2.764,-67.034,79.278,-73.045,85.289,-0.098, 0.266,-0.280,-0.399,0.000,0.000,-0.083,-0.732, 0.280;
2.775,-67.953,86.131,-73.963,92.141,-0.103, 0.263,-0.280,-0.381,-0.190,0.000,-0.070,-0.733, 0.280;
2.786,-64.154,81.369,-70.165,87.380,-0.107, 0.263,-0.280,-0.405,0.000,0.000,-0.058,-0.735, 0.280;
2.797,-65.800,88.190,-71.810,94.201,-0.112, 0.261,-0.280,-0.404,-0.202,0.000,-0.045,-0.736, 0.280;
2.819,-57.392,89.498,-63.101,95.207,-0.116, 0.259,-0.266,-0.206,-0.103,0.648,-0.024,-0.739, 0.266;
2.831,-62.251,89.896,-67.879,95.524,-0.121, 0.257,-0.262,-0.371,-0.186,0.316,-0.011,-0.739, 0.262;
2.842,-57.104,93.352,-62.510,98.758,-0.123, 0.254,-0.252,-0.197,-0.197,0.914, 0.000,-0.739, 0.252;
2.854,-55.880,86.570,-61.590,92.280,-0.127, 0.254,-0.266,-0.374,0.000,-1.185, 0.014,-0.741, 0.266;
2.866,-57.071,92.905,-62.781,98.614,-0.132, 0.252,-0.266,-0.370,-0.185,0.000, 0.028,-0.741, 0.266;
2.879,-54.785,93.836,-60.494,99.546,-0.136, 0.250,-0.266,-0.357,-0.178,0.000, 0.042,-0.741, 0.266;
2.891,-53.791,94.503,-59.419,100.131,-0.141, 0.248,-0.262,-0.368,-0.184,0.312, 0.055,-0.740, 0.262;
2.903,-47.042,98.483,-52.752,104.192,-0.143, 0.246,-0.266,-0.194,-0.194,-0.330, 0.067,-0.740, 0.266;
2.915,-51.270,95.572,-56.675,100.977,-0.147, 0.243,-0.252,-0.359,-0.179,1.138, 0.081,-0.739, 0.252;
2.927,-50.442,96.182,-55.770,101.510,-0.152, 0.241,-0.248,-0.375,-0.187,0.303, 0.094,-0.738, 0.248;
2.938,-49.966,96.823,-55.294,102.151,-0.156, 0.239,-0.248,-0.408,-0.204,0.000, 0.107,-0.736, 0.248;
2.950,-40.912,100.778,-46.318,106.184,-0.158, 0.237,-0.252,-0.179,-0.179,-0.289, 0.120,-0.735, 0.252;
2.963,-44.230,98.435,-49.559,103.764,-0.163, 0.234,-0.248,-0.349,-0.175,0.282, 0.134,-0.734, 0.248;
2.975,-43.748,99.048,-49.077,104.376,-0.167, 0.232,-0.248,-0.386,-0.193,0.000, 0.148,-0.732, 0.248;
2.986,-41.032,107.771,-46.132,112.871,-0.170, 0.228,-0.238,-0.192,-0.385,0.918, 0.159,-0.728, 0.238;
2.998,-41.799,99.500,-46.826,104.527,-0.174, 0.225,-0.234,-0.387,-0.193,0.296, 0.172,-0.725, 0.234;
3.009,-38.752,100.558,-44.081,105.886,-0.179, 0.223,-0.248,-0.397,-0.198,-1.251, 0.186,-0.723, 0.248;
3.020,-31.398,104.395,-36.726,109.724,-0.181, 0.221,-0.248,-0.197,-0.197,0.000, 0.197,-0.721, 0.248;
3.032,-39.258,106.418,-44.284,111.445,-0.185, 0.217,-0.234,-0.377,-0.377,1.188, 0.211,-0.716, 0.234;
3.043,-29.585,104.893,-34.612,109.920,-0.187, 0.214,-0.234,-0.200,-0.200,0.000, 0.222,-0.713, 0.234;
3.054,-33.590,101.946,-38.616,106.973,-0.192, 0.212,-0.234,-0.405,-0.202,0.000, 0.235,-0.710, 0.234;
3.066,-23.875,105.981,-29.203,111.309,-0.194, 0.210,-0.248,-0.189,-0.189,-1.190, 0.246,-0.707, 0.248;
3.088,-23.174,106.627,-28.200,111.654,-0.199, 0.205,-0.234,-0.205,-0.205,0.647, 0.268,-0.701, 0.234;
3.100,-30.735,108.337,-35.391,112.993,-0.203, 0.201,-0.217,-0.371,-0.371,1.437, 0.281,-0.695, 0.217;
3.111,-19.049,107.093,-24.075,112.120,-0.205, 0.199,-0.234,-0.198,-0.198,-1.533, 0.292,-0.691, 0.234;
3.123,-17.229,107.359,-22.256,112.385,-0.208, 0.196,-0.234,-0.194,-0.194,0.000, 0.303,-0.687, 0.234;
3.135,-25.145,109.314,-29.868,114.037,-0.212, 0.192,-0.220,-0.376,-0.376,1.192, 0.317,-0.681, 0.220;
3.147,-18.021,104.626,-22.977,109.582,-0.217, 0.190,-0.231,-0.363,-0.182,-0.883, 0.331,-0.676, 0.231;
3.161,-14.098,112.209,-18.821,116.932,-0.219, 0.185,-0.220,-0.163,-0.325,0.789, 0.344,-0.669, 0.220;
3.171,-17.375,113.958,-21.792,118.375,-0.221, 0.181,-0.206,-0.213,-0.426,1.359, 0.354,-0.663, 0.206;
3.183,-14.736,104.742,-19.391,109.398,-0.225, 0.179,-0.217,-0.387,-0.194,-0.964, 0.367,-0.658, 0.217;
3.194,-12.327,113.588,-16.744,118.005,-0.228, 0.174,-0.206,-0.194,-0.388,0.967, 0.378,-0.651, 0.206;
3.206,-11.099,104.970,-15.755,109.626,-0.232, 0.172,-0.217,-0.393,-0.196,-0.978, 0.391,-0.646, 0.217;
3.217,-9.231,114.028,-13.585,118.382,-0.234, 0.167,-0.203,-0.199,-0.399,1.256, 0.401,-0.639, 0.203;
3.228,-7.092,113.733,-11.446,118.087,-0.237, 0.163,-0.203,-0.195,-0.390,0.000, 0.412,-0.631, 0.203;
3.239,-7.442,104.936,-11.796,109.290,-0.241, 0.161,-0.203,-0.402,-0.201,0.000, 0.425,-0.626, 0.203;
3.251,-3.261,113.853,-7.615,118.207,-0.243, 0.156,-0.203,-0.195,-0.390,0.000, 0.435,-0.618, 0.203;
3.263,-0.874,113.399,-5.228,117.753,-0.246, 0.152,-0.203,-0.188,-0.377,0.000, 0.446,-0.610, 0.203;
3.284,5.709,110.400,1.659,114.451,-0.248, 0.147,-0.189,-0.105,-0.211,0.668, 0.463,-0.598, 0.189;
3.297,3.168,112.739,-0.883,116.790,-0.250, 0.143,-0.189,-0.176,-0.351,0.000, 0.475,-0.590, 0.189;
3.308,2.494,104.627,-1.557,108.678,-0.254, 0.141,-0.189,-0.382,-0.191,0.000, 0.487,-0.583, 0.189;
3.321,2.157,117.507,-1.589,121.253,-0.257, 0.134,-0.175,-0.177,-0.531,1.128, 0.498,-0.572, 0.175;
3.333,11.851,107.603,7.800,111.653,-0.259, 0.132,-0.189,-0.189,-0.189,-1.204, 0.508,-0.565, 0.189;
3.345,10.627,112.314,6.576,116.365,-0.261, 0.127,-0.189,-0.184,-0.368,0.000, 0.519,-0.556, 0.189;
3.356,11.565,112.488,7.514,116.539,-0.263, 0.123,-0.189,-0.198,-0.397,0.000, 0.529,-0.547, 0.189;
3.368,14.070,111.793,10.019,115.844,-0.266, 0.118,-0.189,-0.190,-0.380,0.000, 0.539,-0.537, 0.189;
3.380,16.125,111.331,12.074,115.381,-0.268, 0.114,-0.189,-0.188,-0.376,0.000, 0.549,-0.528, 0.189;
3.390,16.329,111.805,12.278,115.856,-0.270, 0.109,-0.189,-0.213,-0.425,0.000, 0.558,-0.518, 0.189;
3.402,14.430,115.947,10.684,119.692,-0.272, 0.103,-0.175,-0.191,-0.574,1.219, 0.567,-0.506, 0.175;
3.414,20.958,109.785,17.212,113.531,-0.275, 0.098,-0.175,-0.179,-0.357,0.000, 0.577,-0.496, 0.175;
3.427,22.967,109.313,19.221,113.058,-0.277, 0.094,-0.175,-0.179,-0.357,0.000, 0.587,-0.486, 0.175;
3.439,24.296,109.151,20.550,112.897,-0.279, 0.089,-0.175,-0.188,-0.376,0.000, 0.597,-0.475, 0.175;
3.450,25.621,108.879,21.928,112.571,-0.281, 0.085,-0.172,-0.193,-0.385,0.214, 0.606,-0.465, 0.172;
3.462,33.230,111.273,29.484,115.019,-0.281, 0.080,-0.175,0.000,-0.368,-0.205, 0.613,-0.454, 0.175;
3.474,28.757,107.825,25.064,111.518,-0.283, 0.076,-0.172,-0.199,-0.399,0.222, 0.622,-0.444, 0.172;
3.485,34.785,110.886,31.346,114.326,-0.283, 0.071,-0.160,0.000,-0.379,1.004, 0.629,-0.433, 0.160;
3.497,36.328,110.240,32.889,113.679,-0.283, 0.067,-0.160,0.000,-0.384,0.000, 0.635,-0.422, 0.160;
3.508,32.498,106.096,29.108,109.486,-0.286, 0.062,-0.158,-0.196,-0.392,0.200, 0.644,-0.411, 0.158;
3.519,39.201,109.381,35.811,112.772,-0.286, 0.058,-0.158,0.000,-0.401,0.000, 0.650,-0.401, 0.158;
3.531,39.460,108.794,36.373,111.880,-0.286, 0.054,-0.144,0.000,-0.384,1.219, 0.656,-0.389, 0.144;
3.553,45.677,102.936,42.591,106.023,-0.286, 0.049,-0.144,0.000,-0.208,0.000, 0.667,-0.372, 0.144;
3.565,47.552,101.758,44.466,104.844,-0.286, 0.047,-0.144,0.000,-0.187,0.000, 0.673,-0.363, 0.144;
3.578,48.868,108.902,46.087,111.683,-0.283, 0.042,-0.130,0.170,-0.339,1.080, 0.677,-0.350, 0.130;
3.588,44.257,106.696,41.476,109.477,-0.283, 0.038,-0.130,0.000,-0.419,0.000, 0.683,-0.339, 0.130;
3.600,50.252,100.069,47.471,102.850,-0.283, 0.036,-0.130,0.000,-0.194,0.000, 0.688,-0.330, 0.130;
3.612,51.150,108.618,48.675,111.093,-0.281, 0.031,-0.115,0.190,-0.381,1.218, 0.691,-0.318, 0.115;
3.625,52.158,98.329,49.682,100.804,-0.281, 0.029,-0.115,0.000,-0.168,0.000, 0.697,-0.307, 0.115;
3.637,52.389,107.598,50.221,109.766,-0.279, 0.025,-0.101,0.191,-0.381,1.223, 0.700,-0.295, 0.101;
3.649,57.587,101.214,55.419,103.382,-0.277, 0.022,-0.101,0.180,-0.180,0.000, 0.703,-0.284, 0.101;
3.661,53.265,106.418,51.405,108.278,-0.275, 0.018,-0.087,0.192,-0.383,1.233, 0.705,-0.272, 0.087;
3.673,59.217,91.068,57.079,93.205,-0.275, 0.018,-0.100,0.000,0.000,-1.022, 0.710,-0.263, 0.100;
3.686,56.098,103.681,54.265,105.515,-0.272, 0.013,-0.086,0.178,-0.355,1.128, 0.713,-0.250, 0.086;
3.697,59.522,100.065,57.992,101.594,-0.270, 0.011,-0.071,0.197,-0.197,1.255, 0.715,-0.240, 0.071;
3.709,60.635,98.708,59.106,100.238,-0.268, 0.009,-0.071,0.190,-0.190,0.000, 0.716,-0.230, 0.071;
3.721,66.196,100.764,64.645,102.316,-0.263, 0.007,-0.072,0.358,-0.179,-0.083, 0.716,-0.219, 0.072;
3.733,61.275,97.238,60.033,98.480,-0.261, 0.004,-0.058,0.188,-0.188,1.216, 0.718,-0.208, 0.058;
3.746,62.353,95.756,61.129,96.980,-0.259, 0.002,-0.057,0.179,-0.179,0.066, 0.720,-0.197, 0.057;
3.757,72.180,94.752,70.938,95.993,-0.254, 0.002,-0.058,0.384,0.000,-0.071, 0.719,-0.188, 0.058;
3.770,62.716,94.772,61.785,95.704,-0.252,-0.000,-0.043,0.183,-0.183,1.184, 0.720,-0.177, 0.043;
3.781,68.293,98.148,67.361,99.079,-0.248,-0.002,-0.043,0.382,-0.191,0.000, 0.719,-0.166, 0.043;
3.792,68.838,88.470,67.919,89.388,-0.246,-0.002,-0.043,0.198,0.000,0.055, 0.719,-0.158, 0.043;
3.803,68.654,97.966,68.033,98.587,-0.241,-0.004,-0.029,0.407,-0.203,1.262, 0.717,-0.147, 0.029;
3.815,73.739,91.796,73.117,92.418,-0.237,-0.004,-0.029,0.401,0.000,0.000, 0.716,-0.139, 0.029;
3.826,63.764,92.206,63.458,92.513,-0.234,-0.007,-0.014,0.204,-0.204,1.342, 0.716,-0.129, 0.014;
3.836,73.903,90.909,73.597,91.215,-0.230,-0.007,-0.014,0.406,0.000,0.000, 0.713,-0.120, 0.014;
3.858,70.682,84.535,70.371,84.846,-0.225,-0.007,-0.014,0.210,0.000,-0.010, 0.713,-0.104, 0.014;
3.869,69.785,93.312,69.785,93.312,-0.221,-0.009, 0.000,0.395,-0.197,1.282, 0.710,-0.093, 0.000;
3.881,74.678,87.070,74.678,87.070,-0.217,-0.009, 0.000,0.380,0.000,0.000, 0.708,-0.084, 0.000;
3.892,75.611,86.265,75.611,86.265,-0.212,-0.009, 0.000,0.398,0.000,0.000, 0.705,-0.076, 0.000;
3.903,74.805,86.325,75.111,86.018,-0.208,-0.009, 0.014,0.401,0.000,1.282, 0.702,-0.067,-0.014;
3.914,79.540,89.469,79.851,89.159,-0.201,-0.009, 0.014,0.593,0.000,0.018, 0.696,-0.058,-0.014;
3.927,74.347,82.059,74.658,81.748,-0.196,-0.009, 0.014,0.342,0.000,0.000, 0.693,-0.048,-0.014;
3.938,76.498,82.529,76.804,82.223,-0.192,-0.009, 0.014,0.414,0.000,-0.019, 0.690,-0.039,-0.014;
3.949,79.911,87.096,80.533,86.475,-0.185,-0.009, 0.029,0.612,0.000,1.343, 0.684,-0.031,-0.029;
3.961,75.132,80.176,75.754,79.555,-0.181,-0.009, 0.029,0.382,0.000,0.000, 0.680,-0.022,-0.029;
3.972,78.886,85.087,79.818,84.155,-0.174,-0.009, 0.043,0.595,0.000,1.286, 0.674,-0.013,-0.043;
3.983,74.934,78.974,75.866,78.043,-0.170,-0.009, 0.043,0.400,0.000,0.000, 0.669,-0.004,-0.043;
4.005,77.400,70.953,78.021,70.332,-0.163,-0.007, 0.029,0.310,0.103,-0.669, 0.663, 0.011,-0.029;
4.017,76.834,73.459,77.455,72.838,-0.158,-0.007, 0.029,0.375,0.000,0.000, 0.658, 0.020,-0.029;
4.029,80.213,77.801,81.145,76.869,-0.152,-0.007, 0.043,0.568,0.000,1.228, 0.651, 0.029,-0.043;
4.040,76.669,72.114,77.601,71.182,-0.147,-0.007, 0.043,0.395,0.000,0.000, 0.646, 0.038,-0.043;
4.051,85.736,70.967,86.668,70.035,-0.141,-0.004, 0.043,0.586,0.195,0.000, 0.639, 0.045,-0.043;
4.063,81.046,73.671,81.978,72.739,-0.134,-0.004, 0.043,0.586,0.000,0.000, 0.631, 0.054,-0.043;
4.075,80.736,71.420,81.668,70.488,-0.127,-0.004, 0.043,0.566,0.000,0.000, 0.624, 0.063,-0.043;
4.086,80.943,69.871,81.889,68.926,-0.121,-0.004, 0.044,0.572,0.000,0.054, 0.616, 0.072,-0.044;
4.097,86.669,64.769,87.614,63.823,-0.114,-0.002, 0.044,0.611,0.204,0.000, 0.608, 0.078,-0.044;
4.108,77.175,62.583,78.106,61.651,-0.109,-0.002, 0.043,0.399,0.000,-0.057, 0.602, 0.087,-0.043;
4.121,80.442,64.163,81.374,63.232,-0.103,-0.002, 0.043,0.538,0.000,0.000, 0.594, 0.097,-0.043;
4.132,80.811,65.295,82.053,64.053,-0.096,-0.002, 0.058,0.602,0.000,1.299, 0.585, 0.105,-0.058;
4.143,86.091,57.694,87.036,56.748,-0.089,-0.000, 0.044,0.587,0.196,-1.211, 0.577, 0.112,-0.044;
4.155,81.492,60.574,82.437,59.628,-0.083,-0.000, 0.044,0.598,0.000,0.000, 0.568, 0.120,-0.044;
4.176,75.495,50.632,76.441,49.686,-0.076,-0.000, 0.044,0.308,0.000,0.000, 0.557, 0.137,-0.044;
4.188,85.876,51.200,86.821,50.254,-0.069, 0.002, 0.044,0.573,0.191,0.000, 0.548, 0.143,-0.044;
4.199,81.459,54.076,82.404,53.131,-0.062, 0.002, 0.044,0.589,0.000,0.000, 0.538, 0.152,-0.044;
4.212,80.079,50.640,81.024,49.694,-0.056, 0.002, 0.044,0.530,0.000,0.000, 0.528, 0.161,-0.044;
4.224,80.970,49.848,81.916,48.902,-0.049, 0.002, 0.044,0.575,0.000,0.000, 0.519, 0.170,-0.044;
4.236,85.133,43.725,86.078,42.780,-0.042, 0.004, 0.044,0.569,0.190,0.000, 0.509, 0.176,-0.044;
4.248,75.833,41.103,76.779,40.158,-0.038, 0.004, 0.044,0.360,0.000,0.000, 0.501, 0.185,-0.044;
4.261,78.880,42.449,79.825,41.504,-0.031, 0.004, 0.044,0.500,0.000,0.000, 0.490, 0.195,-0.044;
4.273,79.913,41.809,80.859,40.864,-0.025, 0.004, 0.044,0.554,0.000,0.000, 0.479, 0.204,-0.044;
4.285,79.635,41.987,80.895,40.727,-0.018, 0.004, 0.059,0.585,0.000,1.281, 0.469, 0.212,-0.059;
4.297,83.606,33.875,84.552,32.929,-0.011, 0.007, 0.044,0.549,0.183,-1.203, 0.458, 0.218,-0.044;
4.310,78.542,35.616,79.488,34.671,-0.004, 0.007, 0.044,0.536,0.000,0.000, 0.447, 0.227,-0.044;
4.321,78.871,34.306,79.816,33.361, 0.002, 0.007, 0.044,0.563,0.000,0.000, 0.435, 0.235,-0.044;
4.333,78.557,32.314,79.503,31.369, 0.009, 0.007, 0.044,0.563,0.000,0.000, 0.424, 0.243,-0.044;
4.346,77.319,31.226,78.579,29.966, 0.016, 0.007, 0.059,0.549,0.000,1.203, 0.413, 0.252,-0.059;
4.358,81.236,23.689,82.195,22.729, 0.022, 0.009, 0.045,0.531,0.177,-1.111, 0.401, 0.258,-0.045;
4.370,77.123,26.340,78.082,25.381, 0.029, 0.009, 0.045,0.559,0.000,0.000, 0.389, 0.266,-0.045;
4.381,77.451,25.208,78.411,24.249, 0.036, 0.009, 0.045,0.592,0.000,0.000, 0.377, 0.273,-0.045;
4.393,77.097,23.359,78.057,22.400, 0.042, 0.009, 0.045,0.597,0.000,0.000, 0.365, 0.280,-0.045;
4.405,71.644,15.750,72.590,14.805, 0.047, 0.009, 0.044,0.364,0.000,-0.054, 0.355, 0.288,-0.044;
4.418,79.024,13.956,79.969,13.011, 0.054, 0.011, 0.044,0.530,0.177,0.000, 0.343, 0.294,-0.044;
4.429,75.574,17.611,76.534,16.652, 0.060, 0.011, 0.045,0.594,0.000,0.058, 0.331, 0.301,-0.045;
4.441,74.522,15.025,75.481,14.066, 0.067, 0.011, 0.045,0.571,0.000,0.000, 0.318, 0.308,-0.045;
4.451,74.815,14.021,75.774,13.062, 0.074, 0.011, 0.045,0.609,0.000,0.000, 0.306, 0.314,-0.045;
4.463,73.626,11.358,74.586,10.398, 0.080, 0.011, 0.045,0.582,0.000,0.000, 0.293, 0.321,-0.045;
4.474,73.361,9.762,74.320,8.802, 0.087, 0.011, 0.045,0.597,0.000,0.000, 0.281, 0.328,-0.045;
4.485,72.967,8.070,73.926,7.110, 0.094, 0.011, 0.045,0.608,0.000,0.000, 0.268, 0.334,-0.045;
4.507,65.532,-2.493,66.491,-3.452, 0.100, 0.011, 0.045,0.307,0.000,0.000, 0.249, 0.346,-0.045;
4.510,113.464,49.748,114.438,48.774, 0.107, 0.011, 0.045,2.463,0.000,0.249, 0.241, 0.348,-0.045;
4.531,66.625,-9.699,67.275,-10.348, 0.114, 0.013, 0.030,0.314,0.105,-0.709, 0.222, 0.357,-0.030;
4.543,69.516,-2.698,70.166,-3.348, 0.121, 0.013, 0.030,0.585,0.000,0.000, 0.209, 0.363,-0.030;
4.554,69.357,-3.959,70.006,-4.608, 0.127, 0.013, 0.030,0.612,0.000,0.000, 0.195, 0.369,-0.030;
4.566,63.125,-11.799,63.765,-12.439, 0.132, 0.013, 0.030,0.366,0.000,-0.037, 0.184, 0.375,-0.030;
4.578,66.193,-8.572,67.152,-9.532, 0.138, 0.013, 0.045,0.537,0.000,1.196, 0.169, 0.381,-0.045;
4.590,65.676,-10.204,66.650,-11.178, 0.145, 0.013, 0.045,0.552,0.000,0.056, 0.155, 0.387,-0.045;
4.602,69.309,-17.203,69.959,-17.852, 0.152, 0.016, 0.030,0.562,0.187,-1.270, 0.141, 0.390,-0.030;
4.614,63.868,-14.904,64.517,-15.554, 0.158, 0.016, 0.030,0.563,0.000,0.000, 0.126, 0.395,-0.030;
4.626,63.286,-16.503,63.936,-17.153, 0.165, 0.016, 0.030,0.579,0.000,0.000, 0.112, 0.400,-0.030;
4.638,62.132,-17.702,63.121,-18.691, 0.172, 0.016, 0.046,0.564,0.000,1.334, 0.098, 0.405,-0.046;
4.649,61.067,-19.816,62.056,-20.805, 0.179, 0.016, 0.046,0.560,0.000,0.000, 0.083, 0.410,-0.046;
4.661,56.046,-26.297,57.020,-27.272, 0.183, 0.016, 0.045,0.372,0.000,-0.058, 0.070, 0.415,-0.045;
4.673,63.425,-28.725,64.074,-29.375, 0.190, 0.018, 0.030,0.562,0.187,-1.269, 0.056, 0.418,-0.030;
4.685,58.319,-25.834,58.979,-26.494, 0.196, 0.018, 0.031,0.583,0.000,0.041, 0.041, 0.422,-0.031;
4.697,56.797,-28.272,57.457,-28.931, 0.203, 0.018, 0.031,0.564,0.000,0.000, 0.026, 0.426,-0.031;
4.708,52.369,-33.185,53.343,-34.159, 0.208, 0.018, 0.045,0.393,0.000,1.290, 0.014, 0.431,-0.045;
4.719,60.435,-35.194,61.095,-35.854, 0.214, 0.020, 0.031,0.605,0.202,-1.324,-0.001, 0.432,-0.031;
4.731,53.954,-32.972,54.614,-33.632, 0.221, 0.020, 0.031,0.585,0.000,0.000,-0.016, 0.436,-0.031;
4.742,48.671,-39.252,49.331,-39.912, 0.225, 0.020, 0.031,0.395,0.000,0.000,-0.028, 0.439,-0.031;
4.763,47.517,-46.253,48.187,-46.923, 0.232, 0.022, 0.031,0.313,0.104,0.022,-0.051, 0.444,-0.031;
4.775,45.279,-44.150,45.938,-44.809, 0.237, 0.022, 0.031,0.372,0.000,-0.040,-0.064, 0.447,-0.031;
4.788,47.723,-50.837,48.053,-51.166, 0.241, 0.025, 0.015,0.367,0.183,-1.263,-0.077, 0.448,-0.015;
4.800,46.538,-43.473,47.208,-44.143, 0.248, 0.025, 0.031,0.539,0.000,1.276,-0.093, 0.451,-0.031;
4.812,45.122,-54.142,45.452,-54.472, 0.252, 0.027, 0.015,0.369,0.184,-1.311,-0.107, 0.452,-0.015;
4.824,39.965,-51.056,40.295,-51.386, 0.257, 0.027, 0.015,0.385,0.000,0.000,-0.120, 0.454,-0.015;
4.836,45.909,-53.365,46.244,-53.700, 0.263, 0.029, 0.016,0.529,0.176,0.019,-0.136, 0.455,-0.016;
4.848,37.326,-54.116,37.661,-54.451, 0.268, 0.029, 0.016,0.391,0.000,0.000,-0.149, 0.457,-0.016;
4.861,38.944,-60.658,39.279,-60.993, 0.272, 0.031, 0.016,0.346,0.173,0.000,-0.164, 0.457,-0.016;
4.873,38.535,-61.622,38.870,-61.957, 0.277, 0.033, 0.016,0.375,0.188,0.000,-0.177, 0.457,-0.016;
4.884,33.144,-58.440,33.479,-58.775, 0.281, 0.033, 0.016,0.389,0.000,0.000,-0.191, 0.458,-0.016;
4.896,35.795,-64.450,36.130,-64.785, 0.286, 0.036, 0.016,0.374,0.187,0.000,-0.204, 0.458,-0.016;
4.908,34.084,-65.821,34.419,-66.156, 0.290, 0.038, 0.016,0.368,0.184,0.000,-0.218, 0.457,-0.016;
4.919,36.962,-63.013,36.962,-63.013, 0.297, 0.040, 0.000,0.588,0.196,-1.373,-0.234, 0.456, 0.000;
4.931,26.229,-73.271,26.229,-73.271, 0.299, 0.042, 0.000,0.193,0.193,0.000,-0.245, 0.455, 0.000;
4.944,27.502,-70.568,27.502,-70.568, 0.304, 0.045, 0.000,0.340,0.170,0.000,-0.260, 0.453, 0.000;
4.955,24.392,-65.703,24.392,-65.703, 0.308, 0.045, 0.000,0.431,0.000,0.000,-0.272, 0.454, 0.000;
4.966,26.994,-72.224,26.994,-72.224, 0.312, 0.047, 0.000,0.404,0.202,0.000,-0.285, 0.452, 0.000;
4.977,24.577,-73.641,24.577,-73.641, 0.317, 0.049, 0.000,0.382,0.191,0.000,-0.299, 0.451, 0.000;
4.988,24.319,-74.266,24.319,-74.266, 0.321, 0.051, 0.000,0.418,0.209,0.000,-0.312, 0.449, 0.000;
4.999,17.292,-80.073,17.292,-80.073, 0.324, 0.054, 0.000,0.194,0.194,0.000,-0.323, 0.446, 0.000;
5.011,20.266,-76.553,20.266,-76.553, 0.328, 0.056, 0.000,0.389,0.195,0.000,-0.337, 0.444, 0.000;
5.033,11.279,-80.496,11.279,-80.496, 0.333, 0.058, 0.000,0.207,0.103,0.000,-0.358, 0.441, 0.000;
5.044,10.278,-84.093,9.937,-83.753, 0.335, 0.060,-0.016,0.190,0.190,-1.349,-0.370, 0.439, 0.016;
5.057,13.145,-80.705,13.145,-80.705, 0.339, 0.062, 0.000,0.352,0.176,1.251,-0.384, 0.436, 0.000;
5.069,10.693,-90.104,10.358,-89.769, 0.341, 0.067,-0.016,0.184,0.368,-1.287,-0.396, 0.430, 0.016;
5.081,7.649,-82.778,6.968,-82.098, 0.346, 0.069,-0.032,0.362,0.181,-1.307,-0.410, 0.427, 0.032;
5.094,5.993,-83.670,5.302,-82.979, 0.350, 0.071,-0.032,0.368,0.184,-0.042,-0.424, 0.423, 0.032;
5.097,26.490,-88.857,25.809,-88.177, 0.353, 0.074,-0.032,0.728,0.728,0.167,-0.428, 0.421, 0.032;
5.118,-3.112,-86.932,-3.803,-86.240, 0.357, 0.076,-0.032,0.211,0.105,-0.024,-0.449, 0.416, 0.032;
5.130,0.795,-94.456,0.115,-93.776, 0.359, 0.080,-0.032,0.189,0.378,0.043,-0.460, 0.409, 0.032;
5.142,-5.665,-90.479,-6.345,-89.799, 0.362, 0.083,-0.032,0.179,0.179,0.000,-0.472, 0.405, 0.032;
5.146,29.551,-77.255,28.871,-76.575, 0.366, 0.085,-0.032,1.249,0.624,0.000,-0.479, 0.402, 0.032;
5.167,-11.816,-94.123,-12.836,-93.102, 0.368, 0.089,-0.048,0.106,0.212,-0.754,-0.498, 0.394, 0.048;
5.179,-6.592,-88.207,-7.283,-87.516, 0.373, 0.092,-0.032,0.371,0.186,1.276,-0.511, 0.389, 0.032;
5.191,-12.781,-92.970,-13.473,-92.278, 0.375, 0.094,-0.032,0.186,0.186,0.000,-0.523, 0.384, 0.032;
5.202,-11.425,-97.876,-12.462,-96.839, 0.377, 0.098,-0.048,0.191,0.383,-1.381,-0.533, 0.377, 0.048;
5.214,-17.023,-93.592,-18.043,-92.572, 0.379, 0.100,-0.048,0.197,0.197,0.068,-0.544, 0.372, 0.048;
5.225,-14.634,-98.575,-15.655,-97.554, 0.382, 0.105,-0.048,0.195,0.390,0.000,-0.555, 0.364, 0.048;
5.238,-17.594,-90.385,-18.631,-89.348, 0.386, 0.107,-0.048,0.353,0.177,-0.061,-0.569, 0.358, 0.048;
5.250,-19.355,-99.104,-20.392,-98.067, 0.388, 0.112,-0.048,0.185,0.371,0.000,-0.580, 0.350, 0.048;
5.262,-25.500,-94.875,-26.537,-93.838, 0.391, 0.114,-0.048,0.181,0.181,0.000,-0.591, 0.344, 0.048;
5.275,-23.902,-99.302,-24.939,-98.265, 0.393, 0.118,-0.048,0.175,0.350,0.000,-0.602, 0.336, 0.048;
5.286,-25.943,-99.603,-27.325,-98.222, 0.395, 0.123,-0.064,0.194,0.387,-1.394,-0.613, 0.327, 0.064;
5.298,-36.457,-99.076,-37.816,-97.717, 0.395, 0.125,-0.063,0.000,0.193,0.088,-0.621, 0.321, 0.063;
5.310,-30.018,-99.380,-31.400,-97.998, 0.397, 0.129,-0.064,0.185,0.369,-0.084,-0.631, 0.312, 0.064;
5.322,-35.842,-94.954,-37.224,-93.573, 0.400, 0.132,-0.064,0.185,0.185,0.000,-0.642, 0.306, 0.064;
5.334,-39.455,-103.105,-41.181,-101.379, 0.400, 0.136,-0.080,0.000,0.377,-1.355,-0.650, 0.297, 0.080;
5.346,-43.733,-98.726,-45.114,-97.345, 0.400, 0.138,-0.064,0.000,0.186,1.338,-0.658, 0.290, 0.064;
5.357,-37.729,-98.958,-39.483,-97.204, 0.402, 0.143,-0.082,0.196,0.392,-1.523,-0.668, 0.280, 0.082;
5.369,-48.433,-98.023,-50.158,-96.298, 0.402, 0.145,-0.080,0.000,0.192,0.113,-0.676, 0.273, 0.080;
5.380,-49.511,-98.241,-51.236,-96.516, 0.402, 0.147,-0.080,0.000,0.207,0.000,-0.683, 0.266, 0.080;
5.391,-48.507,-102.031,-50.575,-99.962, 0.402, 0.152,-0.096,0.000,0.397,-1.422,-0.690, 0.257, 0.096;
5.402,-55.559,-95.935,-57.970,-93.525, 0.402, 0.154,-0.112,0.000,0.197,-1.409,-0.697, 0.249, 0.112;
5.424,-62.536,-95.179,-64.947,-92.768, 0.400, 0.156,-0.112,-0.104,0.104,0.000,-0.708, 0.237, 0.112;
5.435,-59.521,-94.928,-61.932,-92.517, 0.400, 0.158,-0.112,0.000,0.190,0.000,-0.715, 0.229, 0.112;
5.447,-62.257,-93.820,-65.009,-91.068, 0.400, 0.161,-0.128,0.000,0.193,-1.372,-0.722, 0.221, 0.128;
5.459,-66.343,-100.756,-69.434,-97.665, 0.397, 0.165,-0.144,-0.188,0.376,-1.332,-0.727, 0.210, 0.144;
5.470,-72.639,-94.450,-76.068,-91.021, 0.395, 0.167,-0.160,-0.195,0.195,-1.378,-0.732, 0.202, 0.160;
5.482,-68.979,-89.956,-72.409,-86.527, 0.395, 0.170,-0.160,0.000,0.188,0.000,-0.739, 0.194, 0.160;
5.495,-76.532,-91.579,-80.298,-87.813, 0.393, 0.172,-0.176,-0.182,0.182,-1.277,-0.743, 0.185, 0.176;
5.509,-80.595,-85.579,-84.360,-81.813, 0.391, 0.172,-0.176,-0.157,0.000,0.000,-0.749, 0.177, 0.176;
5.522,-75.653,-85.731,-79.752,-81.632, 0.391, 0.174,-0.191,0.000,0.175,-1.223,-0.756, 0.167, 0.191;
5.533,-82.980,-88.022,-87.412,-83.590, 0.388, 0.176,-0.207,-0.196,0.196,-1.359,-0.760, 0.158, 0.207;
5.545,-84.062,-86.750,-88.494,-82.318, 0.386, 0.179,-0.207,-0.187,0.187,0.000,-0.764, 0.149, 0.207;
5.557,-88.557,-81.014,-92.989,-76.582, 0.384, 0.179,-0.207,-0.192,0.000,0.000,-0.767, 0.142, 0.207;
5.568,-87.269,-84.351,-92.031,-79.588, 0.382, 0.181,-0.222,-0.193,0.193,-1.333,-0.771, 0.133, 0.222;
5.580,-90.427,-80.795,-95.843,-75.379, 0.379, 0.183,-0.253,-0.190,0.190,-2.595,-0.774, 0.124, 0.253;
5.592,-94.762,-74.228,-100.262,-68.728, 0.377, 0.183,-0.257,-0.188,0.000,-0.334,-0.778, 0.116, 0.257;
5.603,-100.697,-76.964,-106.113,-71.548, 0.373, 0.183,-0.253,-0.382,0.000,0.339,-0.779, 0.109, 0.253;
5.615,-93.977,-77.134,-99.715,-71.395, 0.371, 0.185,-0.268,-0.196,0.196,-1.321,-0.782, 0.099, 0.268;
5.627,-97.872,-69.948,-103.700,-64.120, 0.368, 0.185,-0.272,-0.178,0.000,-0.333,-0.785, 0.091, 0.272;
5.639,-97.001,-73.227,-103.154,-67.074, 0.366, 0.187,-0.287,-0.190,0.190,-1.289,-0.788, 0.081, 0.287;
5.650,-106.529,-70.533,-112.588,-64.474, 0.362, 0.187,-0.283,-0.404,0.000,0.396,-0.788, 0.074, 0.283;
5.662,-99.280,-69.842,-105.755,-63.367, 0.359, 0.190,-0.302,-0.192,0.192,-1.668,-0.790, 0.064, 0.302;
5.673,-108.772,-66.323,-115.247,-59.848, 0.355, 0.190,-0.302,-0.397,0.000,0.000,-0.790, 0.056, 0.302;
5.685,-101.375,-66.067,-108.168,-59.273, 0.353, 0.192,-0.317,-0.189,0.189,-1.257,-0.793, 0.046, 0.317;
5.696,-110.928,-62.582,-117.722,-55.788, 0.348, 0.192,-0.317,-0.400,0.000,0.000,-0.792, 0.038, 0.317;
5.707,-109.128,-65.608,-116.238,-58.498, 0.344, 0.194,-0.332,-0.397,0.199,-1.311,-0.792, 0.028, 0.332;
5.729,-107.570,-55.024,-114.680,-47.914, 0.339, 0.194,-0.332,-0.209,0.000,0.000,-0.795, 0.013, 0.332;
5.740,-105.718,-57.969,-113.140,-50.547, 0.337, 0.196,-0.346,-0.195,0.195,-1.276,-0.796, 0.002, 0.346;
5.752,-111.454,-58.318,-118.876,-50.895, 0.333, 0.199,-0.346,-0.360,0.180,0.000,-0.795,-0.009, 0.346;
5.765,-114.406,-51.624,-121.828,-44.201, 0.328, 0.199,-0.346,-0.362,0.000,0.000,-0.794,-0.018, 0.346;
5.777,-113.184,-54.449,-120.916,-46.717, 0.324, 0.201,-0.361,-0.376,0.188,-1.214,-0.793,-0.029, 0.361;
5.789,-115.440,-48.953,-122.863,-41.531, 0.319, 0.201,-0.346,-0.371,0.000,1.200,-0.792,-0.038, 0.346;
5.801,-113.858,-51.624,-121.590,-43.893, 0.315, 0.203,-0.361,-0.376,0.188,-1.216,-0.790,-0.049, 0.361;
5.813,-119.733,-50.422,-127.771,-42.384, 0.308, 0.205,-0.375,-0.546,0.182,-1.165,-0.787,-0.060, 0.375;
5.826,-115.947,-42.336,-123.679,-34.604, 0.304, 0.205,-0.361,-0.347,0.000,1.111,-0.785,-0.070, 0.361;
5.839,-114.147,-44.068,-122.185,-36.030, 0.299, 0.208,-0.375,-0.337,0.169,-1.078,-0.783,-0.082, 0.375;
5.851,-115.185,-43.279,-123.223,-35.241, 0.295, 0.210,-0.375,-0.368,0.184,0.000,-0.781,-0.094, 0.375;
5.862,-123.980,-39.745,-131.900,-31.825, 0.288, 0.210,-0.369,-0.586,0.000,0.482,-0.776,-0.103, 0.369;
5.874,-115.726,-40.849,-123.764,-32.811, 0.283, 0.212,-0.375,-0.390,0.195,-0.481,-0.774,-0.114, 0.375;
5.886,-115.740,-38.948,-123.778,-30.910, 0.279, 0.214,-0.375,-0.382,0.191,0.000,-0.771,-0.125, 0.375;
5.897,-121.784,-38.829,-130.003,-30.610, 0.272, 0.217,-0.383,-0.577,0.192,-0.728,-0.766,-0.136, 0.383;
5.910,-115.351,-32.924,-123.692,-24.583, 0.268, 0.219,-0.389,-0.350,0.175,-0.445,-0.763,-0.148, 0.389;
5.921,-118.566,-28.187,-126.604,-20.149, 0.263, 0.219,-0.375,-0.387,0.000,1.225,-0.760,-0.157, 0.375;
5.933,-121.932,-35.096,-129.970,-27.058, 0.257, 0.221,-0.375,-0.589,0.196,0.000,-0.754,-0.168, 0.375;
5.945,-115.607,-28.423,-123.948,-20.083, 0.252, 0.223,-0.389,-0.367,0.183,-1.159,-0.750,-0.180, 0.389;
5.956,-122.277,-30.091,-130.618,-21.751, 0.246, 0.225,-0.389,-0.598,0.199,0.000,-0.744,-0.191, 0.389;
5.967,-122.137,-29.140,-130.356,-20.921, 0.239, 0.228,-0.383,-0.607,0.202,0.514,-0.738,-0.202, 0.383;
5.979,-115.352,-23.375,-123.692,-15.035, 0.234, 0.230,-0.389,-0.378,0.189,-0.481,-0.734,-0.213, 0.389;
5.990,-121.447,-25.168,-129.666,-16.949, 0.228, 0.232,-0.383,-0.591,0.197,0.501,-0.728,-0.225, 0.383;
6.001,-124.149,-19.495,-132.069,-11.575, 0.221, 0.232,-0.369,-0.613,0.000,1.277,-0.721,-0.233, 0.369;
6.023,-109.478,-15.351,-117.818,-7.010, 0.217, 0.237,-0.389,-0.209,0.209,-0.919,-0.716,-0.254, 0.389;
6.034,-122.829,-14.198,-130.749,-6.278, 0.210, 0.237,-0.369,-0.570,0.000,1.670,-0.709,-0.264, 0.369;
6.046,-120.238,-18.453,-128.158,-10.533, 0.203, 0.239,-0.369,-0.584,0.195,0.000,-0.702,-0.275, 0.369;
6.057,-114.209,-14.083,-122.129,-6.163, 0.199, 0.241,-0.369,-0.391,0.195,0.000,-0.697,-0.286, 0.369;
6.070,-118.457,-13.483,-126.376,-5.563, 0.192, 0.243,-0.369,-0.535,0.178,0.000,-0.689,-0.298, 0.369;
6.082,-118.191,-10.125,-126.410,-1.906, 0.185, 0.246,-0.383,-0.544,0.181,-1.133,-0.681,-0.310, 0.383;
6.094,-118.219,-10.625,-126.024,-2.819, 0.179, 0.248,-0.364,-0.559,0.186,1.612,-0.673,-0.321, 0.364;
6.107,-111.595,-3.439,-119.814,4.780, 0.174, 0.250,-0.383,-0.349,0.175,-1.510,-0.667,-0.334, 0.383;
6.118,-118.182,-6.763,-126.102,1.157, 0.167, 0.252,-0.369,-0.585,0.195,1.220,-0.659,-0.345, 0.369;
6.130,-116.628,-2.470,-124.847,5.749, 0.161, 0.254,-0.383,-0.553,0.184,-1.153,-0.650,-0.356, 0.383;
6.142,-117.144,-2.050,-125.244,6.050, 0.154, 0.257,-0.378,-0.593,0.197,0.488,-0.642,-0.367, 0.378;
6.154,-110.000,3.831,-118.219,12.050, 0.150, 0.259,-0.383,-0.367,0.183,-0.454,-0.635,-0.379, 0.383;
6.166,-115.226,3.248,-123.445,11.467, 0.143, 0.261,-0.383,-0.559,0.186,0.000,-0.626,-0.390, 0.383;
6.178,-114.400,4.938,-122.500,13.039, 0.136, 0.263,-0.378,-0.548,0.183,0.452,-0.617,-0.401, 0.378;
6.190,-114.062,6.636,-122.162,14.736, 0.129, 0.266,-0.378,-0.561,0.187,0.000,-0.607,-0.413, 0.378;
6.202,-107.816,11.492,-116.035,19.711, 0.125, 0.268,-0.383,-0.376,0.188,-0.465,-0.600,-0.424, 0.383;
6.213,-113.505,9.968,-121.606,18.068, 0.118, 0.270,-0.378,-0.583,0.194,0.480,-0.590,-0.435, 0.378;
6.225,-113.069,11.614,-121.170,19.715, 0.112, 0.272,-0.378,-0.595,0.198,0.000,-0.581,-0.445, 0.378;
6.236,-112.252,13.593,-120.353,21.694, 0.105, 0.275,-0.378,-0.594,0.198,0.000,-0.571,-0.456, 0.378;
6.247,-105.769,18.217,-113.988,26.436, 0.100, 0.277,-0.383,-0.407,0.204,-0.503,-0.563,-0.466, 0.383;
6.258,-110.765,17.488,-118.866,25.589, 0.094, 0.279,-0.378,-0.587,0.196,0.484,-0.553,-0.476, 0.378;
6.280,-102.553,27.082,-110.653,35.183, 0.087, 0.281,-0.378,-0.310,0.103,0.000,-0.540,-0.494, 0.378;
6.283,-152.226,-17.009,-160.327,-8.908, 0.080, 0.283,-0.378,-2.231,0.744,0.000,-0.532,-0.498, 0.378;
6.294,-102.272,26.231,-110.373,34.332, 0.076, 0.286,-0.378,-0.384,0.192,0.000,-0.523,-0.509, 0.378;
6.316,-100.154,32.966,-108.254,41.066, 0.069, 0.288,-0.378,-0.311,0.104,0.000,-0.509,-0.526, 0.378;
6.328,-100.278,31.495,-108.379,39.595, 0.065, 0.290,-0.378,-0.373,0.186,0.000,-0.500,-0.536, 0.378;
6.341,-104.065,31.945,-112.166,40.046, 0.058, 0.292,-0.378,-0.524,0.175,0.000,-0.488,-0.547, 0.378;
6.353,-107.301,36.653,-114.994,44.347, 0.051, 0.292,-0.359,-0.559,0.000,1.585,-0.477,-0.555, 0.359;
6.365,-97.865,36.189,-105.670,43.994, 0.047, 0.295,-0.364,-0.363,0.182,-0.424,-0.467,-0.566, 0.364;
6.378,-96.691,38.670,-104.496,46.475, 0.042, 0.297,-0.364,-0.346,0.173,0.000,-0.457,-0.577, 0.364;
6.381,-163.803,12.833,-171.201,20.232, 0.036, 0.297,-0.345,-2.477,0.000,7.020,-0.449,-0.578, 0.345;
6.392,-97.061,38.150,-104.459,45.548, 0.031, 0.299,-0.345,-0.391,0.196,0.000,-0.439,-0.588, 0.345;
6.413,-94.798,44.918,-102.196,52.316, 0.025, 0.301,-0.345,-0.317,0.106,0.000,-0.423,-0.604, 0.345;
6.425,-98.089,47.535,-105.189,54.634, 0.020, 0.301,-0.331,-0.378,0.000,1.178,-0.413,-0.611, 0.331;
6.437,-93.501,45.163,-100.899,52.561, 0.016, 0.304,-0.345,-0.370,0.185,-1.152,-0.402,-0.620, 0.345;
6.449,-102.466,47.629,-109.464,54.628, 0.009, 0.304,-0.326,-0.582,0.000,1.620,-0.390,-0.627, 0.326;
6.460,-95.324,52.432,-102.424,59.532, 0.004, 0.304,-0.331,-0.387,0.000,-0.410,-0.379,-0.634, 0.331;
6.471,-92.035,47.874,-99.135,54.974, 0.000, 0.306,-0.331,-0.404,0.202,0.000,-0.369,-0.643, 0.331;
6.483,-98.499,52.996,-105.497,59.995,-0.007, 0.306,-0.326,-0.554,0.000,0.392,-0.356,-0.650, 0.326;
6.495,-89.940,51.178,-96.938,58.176,-0.011, 0.308,-0.326,-0.395,0.198,0.000,-0.345,-0.659, 0.326;
6.505,-91.845,58.748,-98.945,65.847,-0.016, 0.308,-0.331,-0.407,0.000,-0.432,-0.335,-0.665, 0.331;
6.517,-90.490,60.329,-97.590,67.429,-0.020, 0.308,-0.331,-0.397,0.000,0.000,-0.324,-0.671, 0.331;
6.528,-96.604,57.260,-103.305,63.961,-0.027, 0.308,-0.312,-0.602,0.000,1.672,-0.311,-0.677, 0.312;
6.539,-89.747,61.611,-96.448,68.312,-0.031, 0.308,-0.312,-0.408,0.000,0.000,-0.300,-0.682, 0.312;
6.560,-82.257,67.076,-88.958,73.777,-0.036, 0.308,-0.312,-0.209,0.000,0.000,-0.283,-0.693, 0.312;
6.572,-91.816,63.041,-98.517,69.742,-0.042, 0.308,-0.312,-0.579,0.000,0.000,-0.269,-0.699, 0.312;
6.583,-85.911,66.404,-92.312,72.805,-0.047, 0.308,-0.298,-0.382,0.000,1.198,-0.257,-0.705, 0.298;
6.595,-85.096,67.627,-91.497,74.028,-0.051, 0.308,-0.298,-0.394,0.000,0.000,-0.246,-0.710, 0.298;
6.606,-83.563,69.243,-89.964,75.644,-0.056, 0.308,-0.298,-0.383,0.000,0.000,-0.234,-0.715, 0.298;
6.618,-82.257,70.722,-88.657,77.122,-0.060, 0.308,-0.298,-0.380,0.000,0.000,-0.222,-0.721, 0.298;
6.630,-81.062,72.115,-87.463,78.516,-0.065, 0.308,-0.298,-0.382,0.000,0.000,-0.210,-0.726, 0.298;
6.641,-84.511,71.445,-91.212,78.146,-0.071, 0.308,-0.312,-0.591,0.000,-1.235,-0.196,-0.731, 0.312;
6.652,-82.176,80.299,-88.577,86.700,-0.076, 0.306,-0.298,-0.410,-0.205,1.285,-0.184,-0.733, 0.298;
6.663,-77.656,75.575,-84.057,81.976,-0.080, 0.306,-0.298,-0.408,0.000,0.000,-0.172,-0.737, 0.298;
6.675,-75.168,77.585,-81.569,83.986,-0.085, 0.306,-0.298,-0.369,0.000,0.000,-0.159,-0.742, 0.298;
6.686,-79.363,83.020,-85.461,89.118,-0.089, 0.304,-0.284,-0.406,-0.203,1.285,-0.147,-0.744, 0.284;
6.707,-66.994,83.259,-73.395,89.660,-0.094, 0.304,-0.298,-0.210,0.000,-0.663,-0.128,-0.752, 0.298;
6.720,-69.560,82.540,-75.961,88.941,-0.098, 0.304,-0.298,-0.347,0.000,0.000,-0.115,-0.756, 0.298;
6.731,-80.842,84.168,-86.853,90.179,-0.105, 0.301,-0.280,-0.619,-0.206,1.683,-0.100,-0.757, 0.280;
6.742,-63.737,86.233,-69.835,92.331,-0.107, 0.301,-0.284,-0.200,0.000,-0.365,-0.090,-0.761, 0.284;
6.754,-76.394,86.699,-82.404,92.710,-0.114, 0.299,-0.280,-0.576,-0.192,0.351,-0.075,-0.762, 0.280;
6.766,-60.440,88.651,-66.538,94.749,-0.116, 0.299,-0.284,-0.191,0.000,-0.349,-0.064,-0.766, 0.284;
6.777,-74.045,88.796,-80.056,94.807,-0.123, 0.297,-0.280,-0.595,-0.198,0.363,-0.049,-0.766, 0.280;
6.788,-58.176,90.393,-64.187,96.404,-0.125, 0.297,-0.280,-0.202,0.000,0.000,-0.039,-0.769, 0.280;
6.799,-65.605,93.941,-71.616,99.952,-0.129, 0.295,-0.280,-0.400,-0.200,0.000,-0.026,-0.770, 0.280;
6.810,-64.131,94.815,-70.142,100.825,-0.134, 0.292,-0.280,-0.404,-0.202,0.000,-0.013,-0.770, 0.280;
6.821,-64.171,94.897,-69.880,100.606,-0.138, 0.290,-0.266,-0.407,-0.204,1.282,-0.000,-0.771, 0.266;
6.833,-56.787,91.453,-62.797,97.463,-0.143, 0.290,-0.280,-0.373,0.000,-1.175, 0.013,-0.773, 0.280;
6.854,-51.166,98.736,-57.176,104.747,-0.147, 0.288,-0.280,-0.210,-0.105,0.000, 0.034,-0.775, 0.280;
6.866,-51.927,101.596,-57.636,107.305,-0.150, 0.286,-0.266,-0.186,-0.186,1.170, 0.045,-0.775, 0.266;
6.878,-55.909,99.340,-61.619,105.050,-0.154, 0.283,-0.266,-0.381,-0.190,0.000, 0.059,-0.774, 0.266;
6.889,-54.589,100.129,-60.298,105.838,-0.158, 0.281,-0.266,-0.392,-0.196,0.000, 0.072,-0.774, 0.266;
6.901,-53.268,100.754,-58.896,106.382,-0.163, 0.279,-0.262,-0.392,-0.196,0.333, 0.085,-0.773, 0.262;
6.912,-45.438,104.740,-51.147,110.449,-0.165, 0.277,-0.266,-0.191,-0.191,-0.325, 0.097,-0.772, 0.266;
6.924,-49.141,102.350,-54.851,108.059,-0.170, 0.275,-0.266,-0.381,-0.191,0.000, 0.110,-0.771, 0.266;
6.935,-50.109,102.321,-55.438,107.649,-0.174, 0.272,-0.248,-0.399,-0.200,1.588, 0.123,-0.770, 0.248;
6.946,-42.662,106.444,-48.068,111.850,-0.176, 0.270,-0.252,-0.203,-0.203,-0.329, 0.134,-0.768, 0.252;
6.958,-46.630,103.611,-51.959,108.940,-0.181, 0.268,-0.248,-0.393,-0.197,0.318, 0.148,-0.767, 0.248;
6.969,-45.311,104.267,-50.640,109.595,-0.185, 0.266,-0.248,-0.405,-0.203,0.000, 0.161,-0.765, 0.248;
6.980,-40.627,113.781,-46.033,119.187,-0.187, 0.261,-0.252,-0.200,-0.399,-0.323, 0.172,-0.761, 0.252;
6.992,-39.993,105.353,-45.321,110.682,-0.192, 0.259,-0.248,-0.360,-0.180,0.291, 0.186,-0.759, 0.248;
7.003,-33.785,109.227,-39.190,114.633,-0.194, 0.257,-0.252,-0.200,-0.200,-0.324, 0.197,-0.757, 0.252;
7.026,-32.707,109.677,-37.733,114.703,-0.199, 0.252,-0.234,-0.198,-0.198,0.783, 0.219,-0.752, 0.234;
7.030,-50.310,114.377,-55.410,119.477,-0.201, 0.250,-0.238,-0.607,-0.607,-0.931, 0.224,-0.749, 0.238;
7.050,-26.453,108.167,-31.782,113.495,-0.205, 0.248,-0.248,-0.218,-0.109,-0.521, 0.245,-0.746, 0.248;
7.062,-30.203,116.528,-35.303,121.629,-0.208, 0.243,-0.238,-0.195,-0.391,0.932, 0.256,-0.741, 0.238;
7.073,-30.787,108.036,-35.814,113.062,-0.212, 0.241,-0.234,-0.388,-0.194,0.297, 0.269,-0.738, 0.234;
7.085,-26.220,116.705,-31.246,121.732,-0.214, 0.237,-0.234,-0.185,-0.370,0.000, 0.281,-0.732, 0.234;
7.097,-32.137,113.615,-36.860,118.338,-0.219, 0.232,-0.220,-0.390,-0.390,1.239, 0.294,-0.726, 0.220;
7.108,-19.753,112.103,-24.780,117.130,-0.221, 0.230,-0.234,-0.196,-0.196,-1.242, 0.305,-0.723, 0.234;
7.120,-26.904,113.899,-31.627,118.622,-0.225, 0.225,-0.220,-0.360,-0.360,1.143, 0.319,-0.717, 0.220;
7.135,-13.678,112.251,-18.704,117.278,-0.228, 0.223,-0.234,-0.155,-0.155,-0.981, 0.333,-0.712, 0.234;
7.147,-16.612,117.954,-21.639,122.981,-0.230, 0.219,-0.234,-0.188,-0.376,0.000, 0.344,-0.706, 0.234;
7.158,-21.913,114.693,-26.636,119.416,-0.234, 0.214,-0.220,-0.382,-0.382,1.213, 0.358,-0.699, 0.220;
7.172,-8.190,112.725,-13.216,117.752,-0.237, 0.212,-0.234,-0.165,-0.165,-1.044, 0.370,-0.694, 0.234;
7.184,-11.880,117.884,-16.603,122.607,-0.239, 0.208,-0.220,-0.179,-0.358,1.137, 0.382,-0.687, 0.220;
7.188,-56.287,123.654,-61.010,128.377,-0.243, 0.203,-0.220,-1.239,-1.239,0.000, 0.389,-0.681, 0.220;
7.199,-10.088,118.454,-14.811,123.177,-0.246, 0.199,-0.220,-0.200,-0.400,0.000, 0.399,-0.674, 0.220;
7.221,0.899,112.146,-3.824,116.869,-0.248, 0.196,-0.220,-0.101,-0.101,0.000, 0.418,-0.667, 0.220;
7.233,-9.984,114.996,-14.639,119.651,-0.252, 0.192,-0.217,-0.376,-0.376,0.264, 0.431,-0.659, 0.217;
7.245,-2.993,118.320,-7.648,122.976,-0.254, 0.187,-0.217,-0.191,-0.383,0.000, 0.442,-0.651, 0.217;
7.256,-2.675,118.262,-7.093,122.680,-0.257, 0.183,-0.206,-0.193,-0.387,0.964, 0.453,-0.643, 0.206;
7.268,-0.930,118.121,-5.347,122.538,-0.259, 0.179,-0.206,-0.196,-0.391,0.000, 0.463,-0.635, 0.206;
7.280,1.530,117.588,-2.887,122.005,-0.261, 0.174,-0.206,-0.188,-0.375,0.000, 0.474,-0.627, 0.206;
7.292,-0.778,113.898,-5.132,118.252,-0.266, 0.170,-0.203,-0.353,-0.353,0.233, 0.487,-0.618, 0.203;
7.304,5.541,117.204,1.187,121.558,-0.268, 0.165,-0.203,-0.186,-0.371,0.000, 0.498,-0.609, 0.203;
7.316,7.185,117.069,2.831,121.423,-0.270, 0.161,-0.203,-0.190,-0.380,0.000, 0.508,-0.600, 0.203;
7.328,8.845,116.886,4.491,121.240,-0.272, 0.156,-0.203,-0.194,-0.388,0.000, 0.518,-0.592, 0.203;
7.339,8.853,116.844,4.803,120.895,-0.275, 0.152,-0.189,-0.195,-0.390,1.236, 0.528,-0.583, 0.189;
7.350,12.369,116.303,8.015,120.657,-0.277, 0.147,-0.203,-0.198,-0.396,-1.255, 0.538,-0.574, 0.203;
7.362,12.616,116.148,8.565,120.198,-0.279, 0.143,-0.189,-0.196,-0.391,1.240, 0.548,-0.564, 0.189;
7.373,16.209,115.460,11.855,119.814,-0.281, 0.138,-0.203,-0.197,-0.394,-1.250, 0.558,-0.555, 0.203;
7.384,15.661,115.733,11.611,119.784,-0.283, 0.134,-0.189,-0.206,-0.412,1.307, 0.567,-0.546, 0.189;
7.395,17.765,115.152,13.714,119.202,-0.286, 0.129,-0.189,-0.202,-0.405,0.000, 0.576,-0.536, 0.189;
7.416,27.036,111.065,22.985,115.116,-0.288, 0.125,-0.189,-0.106,-0.211,0.000, 0.592,-0.522, 0.189;
7.428,28.416,117.074,24.365,121.125,-0.288, 0.121,-0.189,0.000,-0.382,0.000, 0.599,-0.512, 0.189;
7.440,18.599,118.367,15.160,121.806,-0.290, 0.114,-0.160,-0.184,-0.551,2.349, 0.609,-0.499, 0.160;
7.452,34.066,110.925,30.321,114.670,-0.290, 0.112,-0.175,0.000,-0.183,-1.173, 0.616,-0.491, 0.175;
7.464,21.229,117.730,17.839,121.120,-0.292, 0.105,-0.158,-0.192,-0.576,1.428, 0.625,-0.478, 0.158;
7.475,35.709,110.514,32.270,113.953,-0.292, 0.103,-0.160,0.000,-0.192,-0.197, 0.632,-0.470, 0.160;
7.487,33.600,114.969,30.161,118.408,-0.292, 0.098,-0.160,0.000,-0.384,0.000, 0.639,-0.459, 0.160;
7.498,33.266,115.013,30.135,118.144,-0.292, 0.094,-0.146,0.000,-0.391,1.259, 0.645,-0.448, 0.146;
7.510,33.193,114.718,30.371,117.540,-0.292, 0.089,-0.132,0.000,-0.386,1.248, 0.651,-0.437, 0.132;
7.521,38.324,109.325,35.502,112.147,-0.292, 0.087,-0.132,0.000,-0.202,0.000, 0.657,-0.429, 0.132;
7.532,33.835,114.556,31.360,117.031,-0.292, 0.083,-0.115,0.000,-0.402,1.454, 0.663,-0.418, 0.115;
7.543,39.337,108.826,36.862,111.301,-0.292, 0.080,-0.115,0.000,-0.203,0.000, 0.669,-0.409, 0.115;
7.554,34.907,114.021,32.739,116.189,-0.292, 0.076,-0.101,0.000,-0.407,1.306, 0.675,-0.398, 0.101;
7.575,43.601,105.439,41.464,107.576,-0.292, 0.074,-0.100,0.000,-0.105,0.067, 0.685,-0.383, 0.100;
7.587,48.095,110.802,45.927,112.970,-0.290, 0.071,-0.101,0.191,-0.191,-0.123, 0.689,-0.374, 0.101;
7.599,43.006,106.745,41.172,108.579,-0.290, 0.069,-0.086,0.000,-0.182,1.272, 0.694,-0.364, 0.086;
7.611,43.494,115.101,41.943,116.652,-0.288, 0.065,-0.072,0.184,-0.369,1.088, 0.698,-0.351, 0.072;
7.623,48.723,110.221,47.172,111.772,-0.286, 0.062,-0.072,0.198,-0.198,0.000, 0.700,-0.342, 0.072;
7.634,43.332,106.106,42.108,107.330,-0.286, 0.060,-0.057,0.000,-0.198,1.354, 0.705,-0.332, 0.057;
7.646,49.459,109.197,48.235,110.421,-0.283, 0.058,-0.057,0.189,-0.189,0.000, 0.708,-0.322, 0.057;
7.657,49.009,109.418,48.077,110.350,-0.281, 0.056,-0.043,0.195,-0.195,1.191, 0.710,-0.312, 0.043;
7.669,48.462,109.192,47.840,109.814,-0.279, 0.054,-0.029,0.191,-0.191,1.238, 0.713,-0.302, 0.029;
7.680,49.618,108.685,48.997,109.306,-0.277, 0.051,-0.029,0.199,-0.199,0.000, 0.715,-0.292, 0.029;
7.691,55.119,103.290,54.507,103.903,-0.275, 0.051,-0.029,0.202,0.000,0.038, 0.717,-0.285, 0.029;
7.702,49.914,108.046,49.608,108.352,-0.272, 0.049,-0.014,0.200,-0.200,1.280, 0.719,-0.275, 0.014;
7.713,53.914,112.701,53.914,112.701,-0.268, 0.047, 0.000,0.406,-0.203,1.300, 0.718,-0.265, 0.000;
7.735,53.513,99.585,53.513,99.585,-0.266, 0.047, 0.000,0.103,0.000,0.000, 0.723,-0.249, 0.000;
7.747,50.615,105.959,50.921,105.653,-0.263, 0.045, 0.014,0.189,-0.189,1.208, 0.724,-0.238,-0.014;
7.759,59.824,104.559,60.135,104.248,-0.259, 0.045, 0.014,0.357,0.000,0.017, 0.724,-0.229,-0.014;
7.763,49.612,125.596,50.225,124.983,-0.257, 0.042, 0.029,0.621,-0.621,3.915, 0.722,-0.224,-0.029;
7.774,59.879,104.604,60.501,103.983,-0.252, 0.042, 0.029,0.385,0.000,0.036, 0.721,-0.216,-0.029;
7.796,55.882,99.692,56.814,98.760,-0.248, 0.042, 0.043,0.206,0.000,0.669, 0.722,-0.200,-0.043;
7.809,56.296,98.038,57.214,97.120,-0.246, 0.042, 0.043,0.177,0.000,-0.049, 0.723,-0.190,-0.043;
7.813,74.794,120.878,76.036,119.636,-0.241, 0.042, 0.058,1.081,0.000,3.651, 0.720,-0.187,-0.058;
7.825,59.757,102.186,60.998,100.945,-0.237, 0.042, 0.058,0.375,0.000,0.000, 0.718,-0.178,-0.058;
7.836,59.359,102.773,60.910,101.222,-0.232, 0.042, 0.072,0.401,0.000,1.296, 0.716,-0.170,-0.072;
7.847,59.903,101.554,61.454,100.003,-0.228, 0.042, 0.072,0.396,0.000,0.000, 0.713,-0.161,-0.072;
7.869,55.847,95.976,57.707,94.116,-0.223, 0.042, 0.087,0.205,0.000,0.661, 0.713,-0.145,-0.087;
7.881,60.344,99.353,62.204,97.493,-0.219, 0.042, 0.087,0.383,0.000,0.000, 0.710,-0.136,-0.087;
7.887,75.952,99.240,77.812,97.380,-0.214, 0.045, 0.087,0.697,0.349,0.000, 0.706,-0.133,-0.087;
7.896,61.143,101.050,63.311,98.882,-0.210, 0.045, 0.101,0.476,0.000,1.531, 0.703,-0.126,-0.101;
7.918,57.026,92.279,59.194,90.111,-0.205, 0.045, 0.101,0.207,0.000,0.000, 0.701,-0.109,-0.101;
7.930,63.218,101.142,65.730,98.631,-0.199, 0.045, 0.117,0.561,0.000,1.342, 0.696,-0.100,-0.117;
7.942,66.214,90.243,68.414,88.043,-0.194, 0.047, 0.103,0.378,0.189,-1.229, 0.692,-0.093,-0.103;
7.954,60.443,93.561,62.918,91.086,-0.190, 0.047, 0.115,0.367,0.000,1.057, 0.688,-0.083,-0.115;
7.966,59.867,93.626,62.648,90.844,-0.185, 0.047, 0.130,0.380,0.000,1.215, 0.685,-0.074,-0.130;
7.977,70.296,92.465,72.808,89.954,-0.179, 0.049, 0.117,0.573,0.191,-1.078, 0.678,-0.067,-0.117;
7.990,60.316,90.401,63.098,87.620,-0.174, 0.049, 0.130,0.362,0.000,1.021, 0.674,-0.057,-0.130;
8.001,70.778,89.466,73.289,86.955,-0.167, 0.051, 0.117,0.563,0.188,-1.059, 0.667,-0.050,-0.117;
8.013,61.684,88.519,64.465,85.738,-0.163, 0.051, 0.130,0.395,0.000,1.114, 0.663,-0.041,-0.130;
8.024,70.210,88.003,73.031,85.181,-0.156, 0.054, 0.132,0.570,0.190,0.161, 0.656,-0.034,-0.132;
8.037,61.544,84.490,64.325,81.709,-0.152, 0.054, 0.130,0.353,0.000,-0.149, 0.651,-0.024,-0.130;
8.049,70.763,84.936,73.585,82.114,-0.145, 0.056, 0.132,0.565,0.188,0.159, 0.644,-0.017,-0.132;
8.061,66.170,87.182,68.991,84.360,-0.138, 0.056, 0.132,0.570,0.000,0.000, 0.636,-0.008,-0.132;
8.073,70.588,81.288,73.409,78.466,-0.132, 0.058, 0.132,0.546,0.182,0.000, 0.628,-0.001,-0.132;
8.085,61.674,80.306,64.805,77.175,-0.127, 0.058, 0.146,0.384,0.000,1.241, 0.623, 0.008,-0.146;
8.096,72.907,79.646,75.728,76.824,-0.121, 0.060, 0.132,0.611,0.204,-1.316, 0.615, 0.015,-0.132;
8.107,66.017,82.642,69.148,79.511,-0.114, 0.060, 0.146,0.591,0.000,1.273, 0.607, 0.023,-0.146;
8.119,71.561,75.547,74.424,72.684,-0.107, 0.062, 0.134,0.564,0.188,-1.051, 0.598, 0.030,-0.134;
8.130,62.659,74.555,65.790,71.424,-0.103, 0.062, 0.146,0.404,0.000,1.129, 0.592, 0.039,-0.146;
8.141,73.074,73.098,75.896,70.276,-0.096, 0.065, 0.132,0.601,0.200,-1.296, 0.584, 0.045,-0.132;
8.162,61.567,67.828,64.698,64.697,-0.089, 0.065, 0.146,0.311,0.000,0.670, 0.573, 0.061,-0.146;
8.174,72.978,68.510,75.842,65.647,-0.083, 0.067, 0.134,0.580,0.193,-1.082, 0.564, 0.068,-0.134;
8.186,66.569,71.391,69.746,68.213,-0.076, 0.067, 0.148,0.568,0.000,1.242, 0.555, 0.077,-0.148;
8.198,72.520,64.665,75.384,61.802,-0.069, 0.069, 0.134,0.565,0.188,-1.236, 0.545, 0.084,-0.134;
8.209,66.575,67.843,69.753,64.666,-0.062, 0.069, 0.148,0.569,0.000,1.244, 0.536, 0.092,-0.148;
8.221,72.222,60.915,75.086,58.052,-0.056, 0.071, 0.134,0.559,0.186,-1.221, 0.526, 0.099,-0.134;
8.235,61.975,57.804,65.152,54.627,-0.051, 0.071, 0.148,0.328,0.000,1.075, 0.518, 0.109,-0.148;
8.247,72.234,57.254,75.098,54.391,-0.045, 0.074, 0.134,0.555,0.185,-1.213, 0.507, 0.116,-0.134;
8.259,66.242,60.027,69.419,56.849,-0.038, 0.074, 0.148,0.550,0.000,1.202, 0.497, 0.124,-0.148;
8.273,70.442,52.268,73.305,49.404,-0.031, 0.076, 0.134,0.500,0.167,-1.093, 0.486, 0.132,-0.134;
8.285,65.872,55.817,69.049,52.640,-0.025, 0.076, 0.148,0.540,0.000,1.180, 0.475, 0.141,-0.148;
8.297,71.640,49.480,74.503,46.617,-0.018, 0.078, 0.134,0.553,0.184,-1.209, 0.464, 0.147,-0.134;
8.309,63.199,46.667,66.063,43.803,-0.013, 0.078, 0.134,0.373,0.000,0.000, 0.456, 0.155,-0.134;
8.322,70.948,45.545,73.811,42.681,-0.007, 0.080, 0.134,0.537,0.179,0.000, 0.444, 0.162,-0.134;
8.334,66.187,47.275,69.051,44.411, 0.000, 0.080, 0.134,0.543,0.000,0.000, 0.433, 0.170,-0.134;
8.346,65.794,47.167,68.972,43.990, 0.007, 0.080, 0.148,0.572,0.000,1.250, 0.421, 0.178,-0.148;
8.357,71.285,40.421,74.148,37.557, 0.013, 0.083, 0.134,0.575,0.192,-1.256, 0.410, 0.183,-0.134;
8.369,65.089,43.528,68.313,40.304, 0.020, 0.083, 0.150,0.573,0.000,1.441, 0.398, 0.191,-0.150;
8.381,70.497,36.758,73.403,33.852, 0.027, 0.085, 0.136,0.575,0.192,-1.275, 0.387, 0.197,-0.136;
8.392,64.471,39.780,67.695,36.555, 0.033, 0.085, 0.150,0.577,0.000,1.279, 0.375, 0.204,-0.150;
8.404,69.225,32.531,72.131,29.625, 0.040, 0.087, 0.136,0.559,0.186,-1.239, 0.362, 0.209,-0.136;
8.416,60.484,29.361,63.348,26.498, 0.045, 0.087, 0.134,0.372,0.000,-0.167, 0.352, 0.217,-0.134;
8.428,69.332,29.195,72.195,26.332, 0.051, 0.089, 0.134,0.583,0.194,0.000, 0.340, 0.222,-0.134;
8.439,63.962,31.588,66.868,28.682, 0.058, 0.089, 0.136,0.595,0.000,0.177, 0.328, 0.229,-0.136;
8.450,68.812,25.931,71.718,23.025, 0.065, 0.092, 0.136,0.602,0.201,0.000, 0.315, 0.233,-0.136;
8.462,62.535,27.221,65.441,24.315, 0.071, 0.092, 0.136,0.575,0.000,0.000, 0.303, 0.240,-0.136;
8.473,67.344,21.772,70.251,18.866, 0.078, 0.094, 0.136,0.589,0.196,0.000, 0.290, 0.245,-0.136;
8.484,61.706,23.992,64.656,21.042, 0.085, 0.094, 0.138,0.593,0.000,0.182, 0.277, 0.251,-0.138;
8.496,57.519,16.833,60.425,13.927, 0.089, 0.094, 0.136,0.396,0.000,-0.183, 0.267, 0.257,-0.136;
8.517,57.899,9.516,60.805,6.610, 0.096, 0.096, 0.136,0.311,0.104,0.000, 0.248, 0.267,-0.136;
8.529,59.274,15.600,62.181,12.694, 0.103, 0.096, 0.136,0.542,0.000,0.000, 0.234, 0.274,-0.136;
8.541,63.649,10.469,66.600,7.518, 0.109, 0.098, 0.138,0.556,0.185,0.171, 0.220, 0.278,-0.138;
8.553,58.237,12.243,61.187,9.293, 0.116, 0.098, 0.138,0.562,0.000,0.000, 0.207, 0.284,-0.138;
8.565,62.453,6.624,65.403,3.674, 0.123, 0.100, 0.138,0.565,0.188,0.000, 0.193, 0.287,-0.138;
8.578,52.860,2.862,55.766,-0.044, 0.127, 0.100, 0.136,0.358,0.000,-0.165, 0.181, 0.294,-0.136;
8.589,56.630,6.788,59.580,3.838, 0.134, 0.100, 0.138,0.577,0.000,0.178, 0.167, 0.299,-0.138;
8.602,59.180,-0.227,62.131,-3.177, 0.141, 0.103, 0.138,0.521,0.174,0.000, 0.152, 0.303,-0.138;
8.614,55.079,2.836,58.029,-0.114, 0.147, 0.103, 0.138,0.582,0.000,0.000, 0.138, 0.308,-0.138;
8.626,58.606,-3.436,61.556,-6.386, 0.154, 0.105, 0.138,0.559,0.186,0.000, 0.123, 0.311,-0.138;
8.637,53.157,-1.245,56.153,-4.240, 0.161, 0.105, 0.140,0.573,0.000,0.182, 0.109, 0.316,-0.140;
8.649,53.794,-11.807,56.744,-14.757, 0.165, 0.107, 0.138,0.388,0.194,-0.185, 0.097, 0.319,-0.138;
8.661,51.418,-5.229,54.369,-8.179, 0.172, 0.107, 0.138,0.566,0.000,0.000, 0.082, 0.324,-0.138;
8.674,53.479,-13.178,56.146,-15.844, 0.179, 0.109, 0.124,0.504,0.168,-0.996, 0.066, 0.326,-0.124;
8.686,49.283,-9.495,52.278,-12.491, 0.185, 0.109, 0.140,0.557,0.000,1.276, 0.051, 0.331,-0.140;
8.698,53.731,-15.560,56.398,-18.227, 0.192, 0.112, 0.124,0.582,0.194,-1.333, 0.037, 0.333,-0.124;
8.709,44.107,-17.577,47.103,-20.572, 0.196, 0.112, 0.140,0.389,0.000,1.338, 0.024, 0.337,-0.140;
8.720,51.894,-19.081,54.561,-21.748, 0.203, 0.114, 0.124,0.584,0.195,-1.338, 0.009, 0.339,-0.124;
8.731,46.582,-15.339,49.578,-18.335, 0.210, 0.114, 0.140,0.614,0.000,1.409,-0.005, 0.342,-0.140;
8.743,45.123,-18.001,48.118,-20.997, 0.217, 0.114, 0.140,0.589,0.000,0.000,-0.020, 0.346,-0.140;
8.754,45.227,-29.516,47.894,-32.183, 0.221, 0.116, 0.124,0.397,0.199,-1.366,-0.033, 0.347,-0.124;
8.765,43.460,-21.064,46.456,-24.060, 0.228, 0.116, 0.140,0.605,0.000,1.387,-0.047, 0.350,-0.140;
8.787,38.246,-34.620,40.912,-37.286, 0.234, 0.118, 0.124,0.310,0.103,-0.711,-0.070, 0.354,-0.124;
8.791,60.389,0.530,63.432,-2.512, 0.241, 0.118, 0.142,1.563,0.000,4.094,-0.080, 0.355,-0.142;
8.802,40.762,-36.889,43.429,-39.555, 0.246, 0.121, 0.124,0.401,0.201,-1.576,-0.093, 0.355,-0.124;
8.813,38.736,-28.697,41.779,-31.740, 0.252, 0.121, 0.142,0.596,0.000,1.560,-0.108, 0.358,-0.142;
8.826,36.895,-41.138,39.562,-43.805, 0.257, 0.123, 0.124,0.355,0.178,-1.397,-0.122, 0.359,-0.124;
8.847,29.687,-41.567,32.396,-44.275, 0.263, 0.123, 0.126,0.310,0.000,0.090,-0.145, 0.363,-0.126;
8.860,34.318,-45.387,37.026,-48.095, 0.268, 0.125, 0.126,0.364,0.182,0.000,-0.159, 0.363,-0.126;
8.863,84.900,-10.634,87.273,-13.007, 0.275, 0.127, 0.111,2.185,0.728,-5.108,-0.168, 0.361,-0.111;
8.885,23.649,-49.402,26.357,-52.111, 0.279, 0.127, 0.126,0.204,0.000,0.715,-0.189, 0.365,-0.126;
8.890,44.613,-43.105,47.321,-45.814, 0.283, 0.129, 0.126,0.776,0.388,0.000,-0.198, 0.363,-0.126;
8.902,34.155,-46.090,36.566,-48.501, 0.290, 0.132, 0.112,0.604,0.201,-1.252,-0.213, 0.362,-0.112;
8.913,24.177,-48.267,26.929,-51.019, 0.295, 0.132, 0.128,0.399,0.000,1.420,-0.226, 0.364,-0.128;
8.924,26.753,-54.671,29.126,-57.044, 0.299, 0.134, 0.111,0.383,0.191,-1.515,-0.240, 0.363,-0.111;
8.935,26.168,-55.632,28.541,-58.005, 0.304, 0.136, 0.111,0.406,0.203,0.000,-0.253, 0.361,-0.111;
8.958,16.956,-61.211,19.329,-63.584, 0.308, 0.138, 0.111,0.198,0.099,0.000,-0.275, 0.361,-0.111;
8.961,55.870,-43.435,58.243,-45.808, 0.312, 0.141, 0.111,1.370,0.685,0.000,-0.282, 0.358,-0.111;
8.972,21.101,-60.228,23.137,-62.264, 0.317, 0.143, 0.095,0.411,0.206,-1.446,-0.295, 0.357,-0.095;
8.994,11.869,-65.473,13.938,-67.542, 0.321, 0.145, 0.096,0.204,0.102,0.070,-0.317, 0.355,-0.096;
9.005,12.981,-59.269,15.391,-61.680, 0.326, 0.145, 0.112,0.401,0.000,1.432,-0.330, 0.355,-0.112;
9.016,16.571,-64.737,18.982,-67.148, 0.330, 0.147, 0.112,0.397,0.198,0.000,-0.343, 0.353,-0.112;
9.028,18.705,-70.412,20.774,-72.481, 0.335, 0.152, 0.096,0.390,0.390,-1.395,-0.357, 0.348,-0.096;
9.040,7.018,-63.886,9.086,-65.955, 0.339, 0.152, 0.096,0.378,0.000,0.000,-0.370, 0.347,-0.096;
9.051,10.621,-68.955,12.723,-71.057, 0.344, 0.154, 0.098,0.385,0.192,0.135,-0.384, 0.344,-0.098;
9.063,5.100,-74.859,7.169,-76.927, 0.346, 0.156, 0.096,0.194,0.194,-0.136,-0.395, 0.341,-0.096;
9.075,7.251,-71.175,9.320,-73.244, 0.350, 0.158, 0.096,0.378,0.189,0.000,-0.409, 0.338,-0.096;
9.085,10.737,-76.254,12.490,-78.007, 0.355, 0.163, 0.082,0.408,0.408,-1.343,-0.422, 0.333,-0.082;
9.096,-0.393,-77.873,1.333,-79.598, 0.357, 0.165, 0.080,0.204,0.204,-0.120,-0.433, 0.329,-0.080;
9.108,1.233,-74.236,2.959,-75.961, 0.362, 0.167, 0.080,0.376,0.188,0.000,-0.446, 0.325,-0.080;
9.120,-3.914,-79.785,-2.188,-81.511, 0.364, 0.170, 0.080,0.197,0.197,0.000,-0.457, 0.322,-0.080;
9.131,-1.097,-75.689,0.628,-77.415, 0.368, 0.172, 0.080,0.400,0.200,0.000,-0.470, 0.318,-0.080;
9.153,-10.526,-80.259,-8.773,-82.013, 0.373, 0.174, 0.082,0.202,0.101,0.059,-0.492, 0.312,-0.082;
9.164,-9.824,-83.184,-8.098,-84.910, 0.375, 0.176, 0.080,0.196,0.196,-0.116,-0.503, 0.307,-0.080;
9.176,-8.848,-87.785,-7.467,-89.167, 0.377, 0.181, 0.064,0.184,0.367,-1.320,-0.514, 0.300,-0.064;
9.188,-10.241,-79.677,-8.837,-81.081, 0.382, 0.183, 0.065,0.392,0.196,0.093,-0.527, 0.295,-0.065;
9.199,-16.141,-85.247,-14.737,-86.651, 0.384, 0.185, 0.065,0.196,0.196,0.000,-0.538, 0.290,-0.065;
9.211,-12.807,-81.375,-11.053,-83.129, 0.388, 0.187, 0.082,0.383,0.191,1.397,-0.551, 0.285,-0.082;
9.222,-18.447,-86.864,-16.693,-88.618, 0.391, 0.190, 0.082,0.193,0.193,0.000,-0.562, 0.280,-0.082;
9.234,-17.235,-91.249,-15.831,-92.654, 0.393, 0.194, 0.065,0.187,0.373,-1.363,-0.573, 0.272,-0.065;
9.246,-23.039,-87.669,-21.635,-89.073, 0.395, 0.196, 0.065,0.197,0.197,0.000,-0.583, 0.267,-0.065;
9.257,-28.902,-92.862,-27.521,-94.243, 0.395, 0.199, 0.064,0.000,0.196,-0.092,-0.592, 0.261,-0.064;
9.269,-26.095,-88.472,-24.691,-89.876, 0.397, 0.201, 0.065,0.196,0.196,0.093,-0.602, 0.255,-0.065;
9.280,-29.083,-88.683,-28.029,-89.737, 0.400, 0.203, 0.049,0.195,0.195,-1.428,-0.612, 0.249,-0.049;
9.291,-34.777,-93.808,-33.724,-94.862, 0.400, 0.205, 0.049,0.000,0.199,0.000,-0.620, 0.243,-0.049;
9.303,-34.095,-88.993,-33.392,-89.696, 0.402, 0.208, 0.033,0.183,0.183,-1.343,-0.631, 0.237,-0.033;
9.315,-40.749,-93.432,-40.398,-93.784, 0.402, 0.210, 0.016,0.000,0.197,-1.444,-0.639, 0.230,-0.016;
9.337,-45.691,-91.563,-45.345,-91.909, 0.402, 0.212, 0.016,0.000,0.101,-0.012,-0.654, 0.220,-0.016;
9.349,-45.198,-85.209,-44.847,-85.560, 0.404, 0.212, 0.016,0.189,0.000,0.022,-0.664, 0.215,-0.016;
9.361,-48.308,-93.302,-48.308,-93.302, 0.404, 0.214, 0.000,0.000,0.177,-1.298,-0.673, 0.207, 0.000;
9.372,-50.210,-93.459,-50.561,-93.108, 0.404, 0.217,-0.016,0.000,0.212,-1.558,-0.680, 0.201, 0.016;
9.383,-53.546,-92.191,-54.249,-91.488, 0.404, 0.219,-0.033,0.000,0.191,-1.403,-0.687, 0.193, 0.033;
9.396,-63.425,-91.627,-64.116,-90.935, 0.402, 0.219,-0.032,-0.182,0.000,0.043,-0.693, 0.188, 0.032;
9.408,-57.644,-91.047,-58.681,-90.010, 0.402, 0.221,-0.048,0.000,0.183,-1.323,-0.701, 0.180, 0.048;
9.420,-64.825,-94.037,-66.206,-92.656, 0.400, 0.223,-0.064,-0.186,0.186,-1.343,-0.706, 0.172, 0.064;
9.432,-66.751,-84.348,-68.477,-82.622, 0.400, 0.223,-0.080,0.000,0.000,-1.352,-0.713, 0.166, 0.080;
9.444,-70.021,-91.772,-72.089,-89.703, 0.397, 0.225,-0.096,-0.188,0.188,-1.350,-0.718, 0.158, 0.096;
9.455,-67.762,-86.648,-70.212,-84.198, 0.397, 0.228,-0.114,0.000,0.198,-1.573,-0.725, 0.150, 0.114;
9.466,-77.951,-85.446,-80.361,-83.035, 0.395, 0.228,-0.112,-0.200,0.000,0.164,-0.729, 0.144, 0.112;
9.478,-79.904,-83.823,-82.656,-81.071, 0.393, 0.228,-0.128,-0.192,0.000,-1.369,-0.734, 0.138, 0.128;
9.489,-78.384,-87.627,-81.475,-84.536, 0.391, 0.230,-0.144,-0.202,0.202,-1.431,-0.738, 0.130, 0.144;
9.500,-83.250,-81.690,-86.341,-78.599, 0.388, 0.230,-0.144,-0.196,0.000,0.000,-0.742, 0.124, 0.144;
9.511,-82.771,-84.157,-86.536,-80.391, 0.386, 0.232,-0.176,-0.200,0.200,-2.821,-0.746, 0.115, 0.176;
9.523,-87.175,-77.806,-90.940,-74.041, 0.384, 0.232,-0.176,-0.183,0.000,0.000,-0.750, 0.108, 0.176;
9.535,-88.486,-77.544,-92.252,-73.779, 0.382, 0.232,-0.176,-0.196,0.000,0.000,-0.754, 0.102, 0.176;
9.557,-88.170,-74.897,-92.602,-70.465, 0.379, 0.234,-0.207,-0.101,0.101,-1.408,-0.763, 0.086, 0.207;
9.561,-114.834,-87.803,-119.266,-83.370, 0.375, 0.234,-0.207,-0.990,0.000,0.000,-0.761, 0.083, 0.207;
9.572,-93.863,-72.987,-98.295,-68.555, 0.373, 0.234,-0.207,-0.212,0.000,0.000,-0.764, 0.077, 0.207;
9.593,-92.110,-71.217,-96.948,-66.379, 0.371, 0.237,-0.226,-0.108,0.108,-0.914,-0.772, 0.062, 0.226;
9.604,-103.535,-71.366,-108.625,-66.275, 0.366, 0.237,-0.237,-0.399,0.000,-1.053,-0.772, 0.055, 0.237;
9.617,-98.298,-66.300,-103.468,-61.130, 0.364, 0.237,-0.241,-0.174,0.000,-0.291,-0.776, 0.047, 0.241;
9.629,-104.200,-69.008,-109.290,-63.917, 0.359, 0.237,-0.237,-0.365,0.000,0.306,-0.777, 0.039, 0.237;
9.640,-103.257,-72.590,-108.673,-67.174, 0.355, 0.239,-0.253,-0.397,0.199,-1.350,-0.777, 0.029, 0.253;
9.651,-101.916,-62.341,-107.417,-56.841, 0.353, 0.239,-0.257,-0.199,0.000,-0.353,-0.780, 0.022, 0.257;
9.663,-108.226,-63.274,-113.964,-57.536, 0.348, 0.239,-0.268,-0.380,0.000,-0.944,-0.780, 0.014, 0.268;
9.675,-106.400,-65.731,-112.460,-59.672, 0.344, 0.241,-0.283,-0.372,0.186,-1.243,-0.780, 0.003, 0.283;
9.686,-110.623,-59.687,-116.682,-53.628, 0.339, 0.241,-0.283,-0.398,0.000,0.000,-0.780,-0.005, 0.283;
9.698,-111.091,-58.671,-117.150,-52.612, 0.335, 0.241,-0.283,-0.400,0.000,0.000,-0.779,-0.012, 0.283;
9.709,-108.505,-63.303,-114.564,-57.244, 0.330, 0.243,-0.283,-0.404,0.202,0.000,-0.779,-0.022, 0.283;
9.720,-112.218,-56.370,-118.277,-50.311, 0.326, 0.243,-0.283,-0.407,0.000,0.000,-0.778,-0.030, 0.283;
9.731,-110.035,-59.267,-116.412,-52.891, 0.321, 0.246,-0.297,-0.401,0.200,-1.330,-0.777,-0.040, 0.297;
9.752,-108.751,-48.509,-115.127,-42.133, 0.317, 0.246,-0.297,-0.211,0.000,0.000,-0.779,-0.056, 0.297;
9.764,-111.622,-53.342,-118.313,-46.651, 0.312, 0.248,-0.312,-0.367,0.183,-1.207,-0.779,-0.067, 0.312;
9.776,-115.103,-46.219,-121.897,-39.426, 0.308, 0.248,-0.317,-0.373,0.000,-0.399,-0.777,-0.075, 0.317;
9.789,-116.848,-52.239,-123.539,-45.548, 0.301, 0.250,-0.312,-0.515,0.172,0.368,-0.774,-0.087, 0.312;
9.801,-115.709,-43.802,-122.400,-37.110, 0.297, 0.250,-0.312,-0.379,0.000,0.000,-0.773,-0.096, 0.312;
9.812,-113.975,-46.738,-120.978,-39.735, 0.292, 0.252,-0.327,-0.391,0.196,-1.274,-0.771,-0.107, 0.327;
9.824,-121.977,-43.858,-128.669,-37.167, 0.286, 0.252,-0.312,-0.577,0.000,1.253,-0.767,-0.116, 0.312;
9.836,-114.005,-43.345,-121.008,-36.341, 0.281, 0.254,-0.327,-0.379,0.189,-1.233,-0.765,-0.127, 0.327;
9.847,-120.059,-45.433,-126.959,-38.533, 0.275, 0.257,-0.322,-0.587,0.196,0.424,-0.760,-0.138, 0.322;
9.859,-117.056,-34.614,-124.059,-27.611, 0.270, 0.257,-0.327,-0.379,0.000,-0.410,-0.758,-0.147, 0.327;
9.872,-118.464,-40.286,-125.363,-33.387, 0.263, 0.259,-0.322,-0.511,0.170,0.368,-0.753,-0.159, 0.322;
9.884,-114.421,-34.354,-121.733,-27.042, 0.259, 0.261,-0.341,-0.354,0.177,-1.523,-0.751,-0.171, 0.341;
9.896,-123.021,-32.838,-129.920,-25.939, 0.252, 0.261,-0.322,-0.571,0.000,1.640,-0.746,-0.180, 0.322;
9.908,-114.626,-33.193,-121.629,-26.189, 0.248, 0.263,-0.327,-0.371,0.186,-0.402,-0.743,-0.192, 0.327;
9.920,-120.243,-34.831,-127.143,-27.932, 0.241, 0.266,-0.322,-0.565,0.188,0.408,-0.737,-0.203, 0.322;
9.932,-115.243,-28.438,-122.555,-21.126, 0.237, 0.268,-0.341,-0.383,0.191,-1.649,-0.734,-0.214, 0.341;
9.943,-123.943,-25.842,-130.946,-18.839, 0.230, 0.268,-0.327,-0.594,0.000,1.278,-0.728,-0.223, 0.327;
9.954,-120.833,-30.568,-127.733,-23.668, 0.223, 0.270,-0.322,-0.596,0.199,0.430,-0.722,-0.234, 0.322;
9.966,-120.657,-26.920,-127.861,-19.715, 0.217, 0.272,-0.336,-0.588,0.196,-1.250,-0.716,-0.245, 0.336;
9.977,-117.782,-17.914,-124.785,-10.911, 0.212, 0.272,-0.327,-0.401,0.000,0.843,-0.712,-0.254, 0.327;
9.988,-120.368,-25.385,-127.267,-18.486, 0.205, 0.275,-0.322,-0.594,0.198,0.428,-0.705,-0.265, 0.322;
10.000,-119.482,-22.774,-126.381,-15.874, 0.199, 0.277,-0.322,-0.566,0.189,0.000,-0.699,-0.277, 0.322;
10.021,-113.392,-12.119,-120.597,-4.915, 0.192, 0.279,-0.336,-0.315,0.105,-0.669,-0.692,-0.296, 0.336;
10.034,-113.668,-13.120,-120.872,-5.916, 0.187, 0.281,-0.336,-0.359,0.179,0.000,-0.687,-0.308, 0.336;
10.045,-119.617,-14.616,-126.821,-7.412, 0.181, 0.283,-0.336,-0.572,0.191,0.000,-0.680,-0.319, 0.336;
10.057,-121.824,-8.731,-128.723,-1.832, 0.174, 0.283,-0.322,-0.566,0.000,1.202,-0.672,-0.328, 0.322;
10.069,-118.879,-13.150,-125.678,-6.351, 0.167, 0.286,-0.317,-0.574,0.191,0.403,-0.664,-0.340, 0.317;
10.082,-112.208,-5.281,-119.412,1.923, 0.163, 0.288,-0.336,-0.348,0.174,-1.473,-0.659,-0.352, 0.336;
10.094,-117.970,-6.682,-125.174,0.522, 0.156, 0.290,-0.336,-0.558,0.186,0.000,-0.651,-0.363, 0.336;
10.105,-118.418,-5.609,-125.622,1.596, 0.150, 0.292,-0.336,-0.593,0.198,0.000,-0.643,-0.374, 0.336;
10.117,-119.972,0.447,-126.771,7.246, 0.143, 0.292,-0.317,-0.559,0.000,1.577,-0.634,-0.384, 0.317;
10.128,-117.160,-3.582,-123.958,3.217, 0.136, 0.295,-0.317,-0.576,0.192,0.000,-0.626,-0.395, 0.317;
10.140,-110.725,3.439,-117.930,10.643, 0.132, 0.297,-0.336,-0.375,0.187,-1.587,-0.620,-0.406, 0.336;
10.152,-115.776,2.839,-122.980,10.044, 0.125, 0.299,-0.336,-0.559,0.186,0.000,-0.611,-0.418, 0.336;
10.164,-115.860,3.776,-122.960,10.876, 0.118, 0.301,-0.331,-0.580,0.193,0.422,-0.602,-0.429, 0.331;
10.176,-114.696,6.415,-121.796,13.515, 0.112, 0.304,-0.331,-0.556,0.185,0.000,-0.593,-0.440, 0.331;
10.187,-118.014,11.664,-124.813,18.462, 0.105, 0.304,-0.317,-0.588,0.000,1.232,-0.583,-0.449, 0.317;
10.198,-109.093,10.641,-115.992,17.540, 0.100, 0.306,-0.322,-0.405,0.203,-0.426,-0.576,-0.459, 0.322;
10.210,-114.226,9.531,-121.024,16.330, 0.094, 0.308,-0.317,-0.590,0.197,0.414,-0.567,-0.470, 0.317;
10.221,-113.000,13.227,-120.100,20.326, 0.087, 0.310,-0.331,-0.582,0.194,-1.220,-0.557,-0.481, 0.331;
10.232,-112.839,14.698,-119.939,21.798, 0.080, 0.312,-0.331,-0.602,0.201,0.000,-0.547,-0.491, 0.331;
10.244,-109.354,24.008,-116.153,30.807, 0.076, 0.312,-0.317,-0.388,0.000,1.220,-0.540,-0.499, 0.317;
10.265,-104.847,25.146,-111.646,31.945, 0.069, 0.315,-0.317,-0.312,0.104,0.000,-0.526,-0.517, 0.317;
10.277,-110.212,21.053,-117.011,27.852, 0.062, 0.317,-0.317,-0.558,0.186,0.000,-0.516,-0.528, 0.317;
10.289,-109.570,22.715,-116.271,29.416, 0.056, 0.319,-0.312,-0.556,0.185,0.379,-0.505,-0.539, 0.312;
10.302,-106.518,31.845,-113.013,38.340, 0.051, 0.319,-0.303,-0.365,0.000,0.786,-0.496,-0.547, 0.303;
10.313,-109.325,24.303,-115.726,30.704, 0.045, 0.321,-0.298,-0.582,0.194,0.381,-0.485,-0.557, 0.298;
10.325,-101.944,31.427,-108.742,38.226, 0.040, 0.324,-0.317,-0.374,0.187,-1.556,-0.476,-0.568, 0.317;
10.337,-110.623,33.858,-117.024,40.259, 0.033, 0.324,-0.298,-0.573,0.000,1.589,-0.465,-0.576, 0.298;
10.348,-101.526,32.919,-107.927,39.320, 0.029, 0.326,-0.298,-0.387,0.193,0.000,-0.456,-0.586, 0.298;
10.360,-109.247,36.354,-115.345,42.453, 0.022, 0.326,-0.284,-0.556,0.000,1.172,-0.444,-0.594, 0.284;
10.372,-100.298,35.746,-106.396,41.844, 0.018, 0.328,-0.284,-0.373,0.186,0.000,-0.435,-0.604, 0.284;
10.384,-102.397,42.924,-108.495,49.023, 0.013, 0.328,-0.284,-0.368,0.000,0.000,-0.425,-0.612, 0.284;
10.396,-104.491,36.002,-110.589,42.100, 0.007, 0.330,-0.284,-0.576,0.192,0.000,-0.413,-0.622, 0.284;
10.408,-101.043,46.358,-107.141,52.456, 0.002, 0.330,-0.284,-0.380,0.000,0.000,-0.403,-0.629, 0.284;
10.419,-97.660,42.136,-103.758,48.235,-0.002, 0.333,-0.284,-0.396,0.198,0.000,-0.393,-0.638, 0.284;
10.430,-106.308,45.726,-112.319,51.736,-0.009, 0.333,-0.280,-0.612,0.000,0.373,-0.381,-0.645, 0.280;
10.441,-98.891,51.106,-104.989,57.204,-0.013, 0.333,-0.284,-0.397,0.000,-0.363,-0.371,-0.652, 0.284;
10.453,-98.057,51.939,-103.850,57.732,-0.018, 0.333,-0.270,-0.367,0.000,1.170,-0.361,-0.659, 0.270;
10.464,-103.973,49.368,-109.682,55.078,-0.025, 0.333,-0.266,-0.602,0.000,0.351,-0.348,-0.666, 0.266;
10.488,-90.776,58.994,-96.485,64.703,-0.029, 0.333,-0.266,-0.191,0.000,0.000,-0.331,-0.679, 0.266;
10.491,-126.035,38.311,-131.521,43.796,-0.033, 0.333,-0.256,-1.409,0.000,3.295,-0.325,-0.681, 0.256;
10.510,-94.303,58.260,-99.709,63.665,-0.040, 0.333,-0.252,-0.352,0.000,0.195,-0.308,-0.692, 0.252;
10.523,-89.488,56.275,-95.198,61.985,-0.045, 0.335,-0.266,-0.353,0.176,-1.119,-0.296,-0.701, 0.266;
10.535,-96.072,66.527,-101.478,71.933,-0.049, 0.333,-0.252,-0.374,-0.187,1.185,-0.285,-0.705, 0.252;
10.547,-91.807,62.748,-97.213,68.154,-0.054, 0.333,-0.252,-0.372,0.000,0.000,-0.273,-0.711, 0.252;
10.559,-90.709,64.344,-96.114,69.749,-0.058, 0.333,-0.252,-0.370,0.000,0.000,-0.261,-0.717, 0.252;
10.570,-89.938,65.804,-95.423,71.289,-0.062, 0.333,-0.256,-0.391,0.000,-0.325,-0.250,-0.723, 0.256;
10.582,-94.529,63.823,-99.935,69.229,-0.069, 0.333,-0.252,-0.587,0.000,0.325,-0.236,-0.728, 0.252;
10.593,-92.196,72.795,-97.296,77.895,-0.074, 0.330,-0.238,-0.391,-0.196,1.251,-0.225,-0.732, 0.238;
10.605,-87.251,68.982,-92.352,74.082,-0.078, 0.330,-0.238,-0.377,0.000,0.000,-0.213,-0.737, 0.238;
10.617,-86.082,70.522,-91.182,75.622,-0.083, 0.330,-0.238,-0.376,0.000,0.000,-0.201,-0.742, 0.238;
10.628,-84.236,72.753,-89.642,78.159,-0.087, 0.330,-0.252,-0.394,0.000,-1.258,-0.189,-0.747, 0.252;
10.639,-87.648,78.453,-92.748,83.553,-0.092, 0.328,-0.238,-0.396,-0.198,1.265,-0.177,-0.750, 0.238;
10.650,-83.077,74.189,-88.177,79.289,-0.096, 0.328,-0.238,-0.398,0.000,0.000,-0.165,-0.755, 0.238;
10.662,-86.206,79.948,-90.998,84.740,-0.100, 0.326,-0.223,-0.389,-0.195,1.253,-0.153,-0.757, 0.223;
10.673,-86.052,73.271,-91.079,78.298,-0.107, 0.326,-0.234,-0.592,0.000,-0.967,-0.138,-0.761, 0.234;
10.685,-83.879,82.427,-88.602,87.150,-0.112, 0.324,-0.220,-0.395,-0.198,1.255,-0.126,-0.763, 0.220;
10.696,-72.064,82.788,-77.165,87.888,-0.114, 0.324,-0.238,-0.196,0.000,-1.541,-0.116,-0.768, 0.238;
10.718,-73.354,86.701,-78.146,91.493,-0.118, 0.321,-0.223,-0.203,-0.101,0.652,-0.096,-0.773, 0.223;
10.730,-73.773,83.093,-78.873,88.193,-0.123, 0.321,-0.238,-0.377,0.000,-1.212,-0.083,-0.777, 0.238;
10.742,-76.353,88.720,-81.145,93.512,-0.127, 0.319,-0.223,-0.360,-0.180,1.159,-0.070,-0.779, 0.223;
10.754,-75.294,89.782,-80.086,94.574,-0.132, 0.317,-0.223,-0.373,-0.187,0.000,-0.057,-0.780, 0.223;
10.766,-69.234,86.705,-74.334,91.805,-0.136, 0.317,-0.238,-0.376,0.000,-1.210,-0.043,-0.784, 0.238;
10.778,-72.954,92.158,-77.746,96.950,-0.141, 0.315,-0.223,-0.389,-0.195,1.251,-0.031,-0.784, 0.223;
10.789,-71.141,93.218,-75.933,98.010,-0.145, 0.312,-0.223,-0.383,-0.191,0.000,-0.017,-0.785, 0.223;
10.801,-71.341,93.191,-75.758,97.608,-0.150, 0.310,-0.206,-0.381,-0.190,1.492,-0.004,-0.786, 0.206;
10.813,-69.619,94.248,-74.036,98.666,-0.154, 0.308,-0.206,-0.378,-0.189,0.000, 0.009,-0.787, 0.206;
10.824,-63.829,90.669,-68.552,95.392,-0.158, 0.308,-0.220,-0.397,0.000,-1.269, 0.022,-0.789, 0.220;
10.836,-66.878,96.504,-71.295,100.921,-0.163, 0.306,-0.206,-0.385,-0.193,1.231, 0.035,-0.789, 0.206;
10.847,-66.083,97.343,-70.501,101.760,-0.167, 0.304,-0.206,-0.407,-0.203,0.000, 0.048,-0.789, 0.206;
10.857,-64.789,98.111,-69.143,102.465,-0.172, 0.301,-0.203,-0.406,-0.203,0.268, 0.061,-0.789, 0.203;
10.868,-57.479,102.730,-61.896,107.147,-0.174, 0.299,-0.206,-0.204,-0.204,-0.269, 0.071,-0.788, 0.206;
10.879,-61.492,99.901,-65.909,104.318,-0.179, 0.297,-0.206,-0.407,-0.203,0.000, 0.084,-0.788, 0.206;
10.901,-51.743,102.347,-56.161,106.764,-0.183, 0.295,-0.206,-0.211,-0.106,0.000, 0.105,-0.789, 0.206;
10.912,-51.579,105.859,-55.997,110.276,-0.185, 0.292,-0.206,-0.197,-0.197,0.000, 0.116,-0.788, 0.206;
10.923,-55.505,103.091,-59.922,107.509,-0.190, 0.290,-0.206,-0.397,-0.199,0.000, 0.129,-0.787, 0.206;
10.936,-51.956,104.219,-56.374,108.637,-0.194, 0.288,-0.206,-0.352,-0.176,0.000, 0.144,-0.785, 0.206;
10.948,-56.406,109.167,-60.456,113.217,-0.199, 0.283,-0.189,-0.376,-0.376,1.439, 0.158,-0.782, 0.189;
10.960,-45.698,108.254,-49.807,112.364,-0.201, 0.281,-0.192,-0.185,-0.185,-0.229, 0.169,-0.780, 0.192;
10.972,-48.434,105.738,-52.544,109.847,-0.205, 0.279,-0.192,-0.357,-0.178,0.000, 0.184,-0.779, 0.192;
10.984,-48.011,106.298,-52.062,110.348,-0.210, 0.277,-0.189,-0.385,-0.192,0.237, 0.197,-0.777, 0.189;
10.995,-46.254,115.227,-50.055,119.028,-0.212, 0.272,-0.177,-0.195,-0.390,1.020, 0.208,-0.772, 0.177;
11.007,-46.082,106.886,-49.828,110.632,-0.217, 0.270,-0.175,-0.382,-0.191,0.219, 0.222,-0.770, 0.175;
11.018,-37.778,111.698,-41.887,115.808,-0.219, 0.268,-0.192,-0.203,-0.203,-1.542, 0.233,-0.768, 0.192;
11.029,-41.953,108.517,-46.004,112.568,-0.223, 0.266,-0.189,-0.406,-0.203,0.250, 0.246,-0.765, 0.189;
11.040,-39.929,117.798,-43.730,121.599,-0.225, 0.261,-0.177,-0.202,-0.405,1.059, 0.257,-0.760, 0.177;
11.051,-40.011,108.992,-43.756,112.737,-0.230, 0.259,-0.175,-0.402,-0.201,0.230, 0.270,-0.757, 0.175;
11.073,-28.976,115.547,-32.722,119.292,-0.232, 0.254,-0.175,-0.101,-0.202,0.000, 0.289,-0.751, 0.175;
11.085,-34.449,110.530,-38.194,114.276,-0.237, 0.252,-0.175,-0.379,-0.190,0.000, 0.303,-0.748, 0.175;
11.097,-32.985,119.248,-36.424,122.687,-0.239, 0.248,-0.160,-0.190,-0.381,1.219, 0.314,-0.742, 0.160;
11.108,-25.838,114.860,-29.639,118.661,-0.241, 0.246,-0.177,-0.197,-0.197,-1.489, 0.325,-0.738, 0.177;
11.120,-33.754,116.239,-37.193,119.678,-0.246, 0.241,-0.160,-0.367,-0.367,1.386, 0.339,-0.732, 0.160;
11.132,-21.899,115.482,-25.645,119.228,-0.248, 0.239,-0.175,-0.188,-0.188,-1.206, 0.351,-0.728, 0.175;
11.143,-31.047,117.131,-34.486,120.570,-0.252, 0.234,-0.160,-0.390,-0.390,1.249, 0.364,-0.722, 0.160;
11.156,-17.883,116.078,-21.629,119.824,-0.254, 0.232,-0.175,-0.184,-0.184,-1.180, 0.375,-0.717, 0.175;
11.167,-21.609,121.130,-25.048,124.569,-0.257, 0.228,-0.160,-0.187,-0.374,1.199, 0.387,-0.710, 0.160;
11.179,-27.009,117.496,-30.096,120.583,-0.261, 0.223,-0.144,-0.382,-0.382,1.406, 0.400,-0.704, 0.144;
11.190,-14.862,116.671,-18.301,120.110,-0.263, 0.221,-0.160,-0.202,-0.202,-1.489, 0.411,-0.699, 0.160;
11.201,-17.126,122.210,-20.565,125.649,-0.266, 0.217,-0.160,-0.204,-0.408,0.000, 0.421,-0.692, 0.160;
11.212,-16.822,121.901,-19.953,125.032,-0.268, 0.212,-0.146,-0.198,-0.397,1.277, 0.432,-0.684, 0.146;
11.224,-20.157,118.072,-23.243,121.158,-0.272, 0.208,-0.144,-0.394,-0.394,0.184, 0.444,-0.677, 0.144;
11.235,-9.417,116.977,-12.503,120.064,-0.275, 0.205,-0.144,-0.200,-0.200,0.000, 0.455,-0.672, 0.144;
11.246,-10.827,122.077,-13.958,125.208,-0.277, 0.201,-0.146,-0.194,-0.388,-0.181, 0.466,-0.664, 0.146;
11.268,-1.767,119.144,-4.898,122.275,-0.279, 0.196,-0.146,-0.103,-0.206,0.000, 0.483,-0.653, 0.146;
11.281,-6.551,121.574,-9.373,124.396,-0.281, 0.192,-0.132,-0.177,-0.353,1.141, 0.495,-0.644, 0.132;
11.286,-30.388,120.630,-33.169,123.411,-0.286, 0.187,-0.130,-0.789,-0.789,0.333, 0.503,-0.638, 0.130;
11.296,-0.500,117.155,-3.586,120.241,-0.288, 0.185,-0.144,-0.224,-0.224,-1.427, 0.512,-0.632, 0.144;
11.307,-1.775,122.306,-4.862,125.393,-0.290, 0.181,-0.144,-0.204,-0.408,0.000, 0.522,-0.624, 0.144;
11.329,6.055,119.088,3.274,121.869,-0.292, 0.176,-0.130,-0.104,-0.208,0.662, 0.539,-0.611, 0.130;
