0.000,0.000,0.000,0.000,0.000, 0.000, 0.000, 0.000,0.000,0.000,0.000, 0.000, 0.000, 0.000;
0.003,0.147,0.246,0.147,0.246, 0.134, 0.089, 2.284,0.000,0.000,0.000, 0.366,-0.088,-1.970;
0.023,0.148,0.244,0.148,0.244, 0.134, 0.089, 2.284,0.000,0.000,0.000, 0.366,-0.085,-1.970;
0.035,0.149,0.243,0.149,0.243, 0.134, 0.089, 2.284,0.000,0.000,0.000, 0.366,-0.083,-1.970;
0.046,0.150,0.242,0.150,0.242, 0.134, 0.089, 2.284,0.000,0.000,0.000, 0.366,-0.081,-1.970;
0.058,0.151,0.241,0.151,0.241, 0.134, 0.089, 2.284,0.000,0.000,0.000, 0.366,-0.080,-1.970;
0.070,0.152,0.240,0.152,0.240, 0.134, 0.089, 2.284,0.000,0.000,0.000, 0.366,-0.078,-1.970;
0.081,0.153,0.239,0.153,0.239, 0.134, 0.089, 2.284,0.000,0.000,0.000, 0.366,-0.076,-1.970;
0.093,0.154,0.238,0.154,0.238, 0.134, 0.089, 2.284,0.000,0.000,0.000, 0.366,-0.074,-1.970;
0.124,0.157,0.235,0.157,0.235, 0.134, 0.089, 2.284,0.000,0.000,0.000, 0.366,-0.069,-1.970;
0.127,0.157,0.235,0.157,0.235, 0.134, 0.089, 2.284,0.000,0.000,0.000, 0.366,-0.069,-1.970;
0.130,0.157,0.235,0.157,0.235, 0.134, 0.089, 2.284,0.000,0.000,0.000, 0.366,-0.068,-1.970;
0.138,0.158,0.234,0.158,0.234, 0.134, 0.089, 2.284,0.000,0.000,0.000, 0.365,-0.067,-1.970;
0.149,0.159,0.233,0.159,0.233, 0.134, 0.089, 2.284,0.000,0.000,0.000, 0.365,-0.065,-1.970;
0.171,0.161,0.231,0.161,0.231, 0.134, 0.089, 2.284,0.000,0.000,0.000, 0.365,-0.062,-1.970;
0.183,0.162,0.230,0.162,0.230, 0.134, 0.089, 2.284,0.000,0.000,0.000, 0.365,-0.060,-1.970;
0.195,0.163,0.229,0.163,0.229, 0.134, 0.089, 2.284,0.000,0.000,0.000, 0.365,-0.058,-1.970;
0.207,0.164,0.228,0.164,0.228, 0.134, 0.089, 2.284,0.000,0.000,0.000, 0.365,-0.056,-1.970;
0.219,0.164,0.227,0.164,0.227, 0.134, 0.089, 2.284,0.000,0.000,0.000, 0.365,-0.054,-1.970;
0.231,0.187,0.255,0.187,0.255, 0.134, 0.089, 2.275,0.000,0.000,-0.759, 0.365,-0.053,-1.961;
0.243,0.166,0.225,0.166,0.225, 0.134, 0.089, 2.284,0.000,0.000,0.765, 0.365,-0.051,-1.970;
0.256,0.167,0.224,0.167,0.224, 0.134, 0.089, 2.284,0.000,0.000,0.000, 0.364,-0.049,-1.970;
0.259,0.168,0.223,0.168,0.223, 0.134, 0.089, 2.284,0.000,0.000,0.000, 0.364,-0.048,-1.970;
0.281,0.169,0.221,0.169,0.221, 0.134, 0.089, 2.284,0.000,0.000,0.000, 0.364,-0.045,-1.970;
0.292,0.170,0.220,0.170,0.220, 0.134, 0.089, 2.284,0.000,0.000,0.000, 0.364,-0.043,-1.970;
0.305,0.171,0.219,0.171,0.219, 0.134, 0.089, 2.284,0.000,0.000,0.000, 0.364,-0.041,-1.970;
0.317,0.172,0.218,0.172,0.218, 0.134, 0.089, 2.284,0.000,0.000,0.000, 0.363,-0.039,-1.970;
0.330,0.173,0.217,0.173,0.217, 0.134, 0.089, 2.284,0.000,0.000,0.000, 0.363,-0.037,-1.970;
0.342,0.174,0.216,0.174,0.216, 0.134, 0.089, 2.284,0.000,0.000,0.000, 0.363,-0.035,-1.970;
0.347,0.174,0.215,0.174,0.215, 0.134, 0.089, 2.284,0.000,0.000,0.000, 0.363,-0.034,-1.970;
0.358,0.175,0.214,0.175,0.214, 0.134, 0.089, 2.284,0.000,0.000,0.000, 0.363,-0.033,-1.970;
0.369,0.176,0.213,0.176,0.213, 0.134, 0.089, 2.284,0.000,0.000,0.000, 0.363,-0.031,-1.970;
0.391,0.178,0.211,0.178,0.211, 0.134, 0.089, 2.284,0.000,0.000,0.000, 0.362,-0.027,-1.970;
0.403,0.179,0.210,0.179,0.210, 0.134, 0.089, 2.284,0.000,0.000,0.000, 0.362,-0.026,-1.970;
0.415,0.180,0.209,0.180,0.209, 0.134, 0.089, 2.284,0.000,0.000,0.000, 0.362,-0.024,-1.970;
0.427,0.180,0.207,0.180,0.207, 0.134, 0.089, 2.284,0.000,0.000,0.000, 0.361,-0.022,-1.970;
0.439,0.181,0.206,0.181,0.206, 0.134, 0.089, 2.284,0.000,0.000,0.000, 0.361,-0.020,-1.970;
0.451,0.182,0.205,0.182,0.205, 0.134, 0.089, 2.284,0.000,0.000,0.000, 0.361,-0.018,-1.970;
0.463,0.183,0.204,0.183,0.204, 0.134, 0.089, 2.284,0.000,0.000,0.000, 0.361,-0.016,-1.970;
0.476,0.184,0.203,0.184,0.203, 0.134, 0.089, 2.284,0.000,0.000,0.000, 0.360,-0.014,-1.970;
0.489,0.185,0.202,0.185,0.202, 0.134, 0.089, 2.284,0.000,0.000,0.000, 0.360,-0.012,-1.970;
0.492,0.209,0.227,0.209,0.227, 0.134, 0.089, 2.275,0.000,0.000,-2.966, 0.360,-0.012,-1.961;
0.513,0.187,0.199,0.187,0.199, 0.134, 0.089, 2.284,0.000,0.000,0.445, 0.359,-0.009,-1.970;
0.525,0.187,0.198,0.187,0.198, 0.134, 0.089, 2.284,0.000,0.000,0.000, 0.359,-0.007,-1.970;
0.537,0.188,0.197,0.188,0.197, 0.134, 0.089, 2.284,0.000,0.000,0.000, 0.359,-0.005,-1.970;
0.549,0.189,0.196,0.189,0.196, 0.134, 0.089, 2.284,0.000,0.000,0.000, 0.359,-0.003,-1.970;
0.561,0.190,0.194,0.190,0.194, 0.134, 0.089, 2.284,0.000,0.000,0.000, 0.358,-0.001,-1.970;
0.573,0.191,0.193,0.191,0.193, 0.134, 0.089, 2.284,0.000,0.000,0.000, 0.358, 0.001,-1.970;
0.585,0.192,0.192,0.192,0.192, 0.134, 0.089, 2.284,0.000,0.000,0.000, 0.358, 0.003,-1.970;
0.597,0.217,0.216,0.217,0.216, 0.134, 0.089, 2.275,0.000,0.000,-0.787, 0.357, 0.004,-1.961;
0.609,0.193,0.190,0.193,0.190, 0.134, 0.089, 2.284,0.000,0.000,0.765, 0.357, 0.006,-1.970;
0.622,0.194,0.188,0.194,0.188, 0.134, 0.089, 2.284,0.000,0.000,0.000, 0.356, 0.008,-1.970;
0.633,0.195,0.187,0.195,0.187, 0.134, 0.089, 2.284,0.000,0.000,0.000, 0.356, 0.010,-1.970;
0.645,0.196,0.186,0.196,0.186, 0.134, 0.089, 2.284,0.000,0.000,0.000, 0.356, 0.012,-1.970;
0.657,0.196,0.185,0.196,0.185, 0.134, 0.089, 2.284,0.000,0.000,0.000, 0.355, 0.014,-1.970;
0.670,0.197,0.184,0.197,0.184, 0.134, 0.089, 2.284,0.000,0.000,0.000, 0.355, 0.016,-1.970;
0.681,0.198,0.182,0.198,0.182, 0.134, 0.089, 2.284,0.000,0.000,0.000, 0.355, 0.017,-1.970;
0.693,0.199,0.181,0.199,0.181, 0.134, 0.089, 2.284,0.000,0.000,0.000, 0.354, 0.019,-1.970;
0.706,0.200,0.180,0.200,0.180, 0.134, 0.089, 2.284,0.000,0.000,0.000, 0.354, 0.021,-1.970;
0.717,0.200,0.179,0.200,0.179, 0.134, 0.089, 2.284,0.000,0.000,0.000, 0.353, 0.023,-1.970;
0.729,0.201,0.177,0.201,0.177, 0.134, 0.089, 2.284,0.000,0.000,0.000, 0.353, 0.025,-1.970;
0.741,0.202,0.176,0.202,0.176, 0.134, 0.089, 2.284,0.000,0.000,0.000, 0.352, 0.027,-1.970;
0.754,0.203,0.175,0.203,0.175, 0.134, 0.089, 2.284,0.000,0.000,0.000, 0.352, 0.029,-1.970;
0.766,0.203,0.174,0.203,0.174, 0.134, 0.089, 2.284,0.000,0.000,0.000, 0.352, 0.030,-1.970;
0.778,0.204,0.172,0.204,0.172, 0.134, 0.089, 2.284,0.000,0.000,0.000, 0.351, 0.032,-1.970;
0.790,0.205,0.171,0.205,0.171, 0.134, 0.089, 2.284,0.000,0.000,0.000, 0.351, 0.034,-1.970;
0.803,0.206,0.170,0.206,0.170, 0.134, 0.089, 2.284,0.000,0.000,0.000, 0.350, 0.036,-1.970;
0.815,0.206,0.169,0.206,0.169, 0.134, 0.089, 2.284,0.000,0.000,0.000, 0.350, 0.038,-1.970;
0.828,0.207,0.167,0.207,0.167, 0.134, 0.089, 2.284,0.000,0.000,0.000, 0.349, 0.040,-1.970;
0.841,0.208,0.166,0.208,0.166, 0.134, 0.089, 2.284,0.000,0.000,0.000, 0.349, 0.042,-1.970;
0.852,0.209,0.165,0.209,0.165, 0.134, 0.089, 2.284,0.000,0.000,0.000, 0.348, 0.044,-1.970;
0.865,0.209,0.163,0.209,0.163, 0.134, 0.089, 2.284,0.000,0.000,0.000, 0.348, 0.045,-1.970;
0.877,0.210,0.162,0.210,0.162, 0.134, 0.089, 2.284,0.000,0.000,0.000, 0.347, 0.047,-1.970;
0.889,0.211,0.161,0.211,0.161, 0.134, 0.089, 2.284,0.000,0.000,0.000, 0.347, 0.049,-1.970;
0.902,0.212,0.159,0.212,0.159, 0.134, 0.089, 2.284,0.000,0.000,0.000, 0.346, 0.051,-1.970;
0.914,0.240,0.179,0.240,0.179, 0.134, 0.089, 2.275,0.000,0.000,-0.779, 0.345, 0.053,-1.961;
0.925,0.213,0.157,0.213,0.157, 0.134, 0.089, 2.284,0.000,0.000,0.838, 0.345, 0.054,-1.970;
0.938,0.214,0.156,0.214,0.156, 0.134, 0.089, 2.284,0.000,0.000,0.000, 0.344, 0.056,-1.970;
0.949,0.214,0.154,0.214,0.154, 0.134, 0.089, 2.284,0.000,0.000,0.000, 0.344, 0.058,-1.970;
0.961,0.215,0.153,0.215,0.153, 0.134, 0.089, 2.284,0.000,0.000,0.000, 0.343, 0.060,-1.970;
0.971,0.216,0.152,0.216,0.152, 0.134, 0.089, 2.284,0.000,0.000,0.000, 0.343, 0.061,-1.970;
0.983,0.216,0.151,0.216,0.151, 0.134, 0.089, 2.284,0.000,0.000,0.000, 0.342, 0.063,-1.970;
0.994,0.217,0.150,0.217,0.150, 0.134, 0.089, 2.284,0.000,0.000,0.000, 0.342, 0.065,-1.970;
1.005,0.217,0.148,0.217,0.148, 0.134, 0.089, 2.284,0.000,0.000,0.000, 0.341, 0.067,-1.970;
1.016,0.218,0.147,0.218,0.147, 0.134, 0.089, 2.284,0.000,0.000,0.000, 0.341, 0.068,-1.970;
1.038,0.219,0.145,0.219,0.145, 0.134, 0.089, 2.284,0.000,0.000,0.000, 0.340, 0.071,-1.970;
1.049,0.220,0.144,0.220,0.144, 0.134, 0.089, 2.284,0.000,0.000,0.000, 0.339, 0.073,-1.970;
1.062,0.220,0.142,0.220,0.142, 0.134, 0.089, 2.284,0.000,0.000,0.000, 0.338, 0.075,-1.970;
1.074,0.250,0.159,0.250,0.159, 0.134, 0.089, 2.275,0.000,0.000,-0.778, 0.338, 0.077,-1.961;
1.085,0.222,0.140,0.222,0.140, 0.134, 0.089, 2.284,0.000,0.000,0.807, 0.337, 0.078,-1.970;
1.097,0.222,0.138,0.222,0.138, 0.134, 0.089, 2.284,0.000,0.000,0.000, 0.337, 0.080,-1.970;
1.109,0.223,0.137,0.223,0.137, 0.134, 0.089, 2.284,0.000,0.000,0.000, 0.336, 0.082,-1.970;
1.121,0.224,0.136,0.224,0.136, 0.134, 0.089, 2.284,0.000,0.000,0.000, 0.335, 0.084,-1.970;
1.134,0.224,0.134,0.224,0.134, 0.134, 0.089, 2.284,0.000,0.000,0.000, 0.335, 0.086,-1.970;
1.146,0.225,0.133,0.225,0.133, 0.134, 0.089, 2.284,0.000,0.000,0.000, 0.334, 0.087,-1.970;
1.158,0.225,0.132,0.225,0.132, 0.134, 0.089, 2.284,0.000,0.000,0.000, 0.333, 0.089,-1.970;
1.171,0.255,0.147,0.255,0.147, 0.134, 0.089, 2.275,0.000,0.000,-0.749, 0.333, 0.091,-1.961;
1.184,0.227,0.129,0.227,0.129, 0.134, 0.089, 2.284,0.000,0.000,0.748, 0.332, 0.093,-1.970;
1.196,0.257,0.144,0.257,0.144, 0.134, 0.089, 2.275,0.000,0.000,-0.784, 0.331, 0.095,-1.961;
1.208,0.228,0.126,0.228,0.126, 0.134, 0.089, 2.284,0.000,0.000,0.766, 0.330, 0.096,-1.970;
1.221,0.228,0.125,0.228,0.125, 0.134, 0.089, 2.284,0.000,0.000,0.000, 0.330, 0.098,-1.970;
1.234,0.229,0.123,0.229,0.123, 0.134, 0.089, 2.284,0.000,0.000,0.000, 0.329, 0.100,-1.970;
1.246,0.230,0.122,0.230,0.122, 0.134, 0.089, 2.284,0.000,0.000,0.000, 0.328, 0.102,-1.970;
1.257,0.230,0.121,0.230,0.121, 0.134, 0.089, 2.284,0.000,0.000,0.000, 0.327, 0.104,-1.970;
1.269,0.231,0.120,0.231,0.120, 0.134, 0.089, 2.284,0.000,0.000,0.000, 0.327, 0.105,-1.970;
1.280,0.231,0.118,0.231,0.118, 0.134, 0.089, 2.284,0.000,0.000,0.000, 0.326, 0.107,-1.970;
1.291,0.232,0.117,0.232,0.117, 0.134, 0.089, 2.284,0.000,0.000,0.000, 0.325, 0.109,-1.970;
1.302,0.262,0.131,0.262,0.131, 0.134, 0.089, 2.275,0.000,0.000,-0.853, 0.325, 0.110,-1.961;
1.314,0.233,0.114,0.233,0.114, 0.134, 0.089, 2.284,0.000,0.000,0.782, 0.324, 0.112,-1.970;
1.325,0.264,0.128,0.264,0.128, 0.134, 0.089, 2.275,0.000,0.000,-0.862, 0.323, 0.113,-1.961;
1.336,0.234,0.112,0.234,0.112, 0.134, 0.089, 2.284,0.000,0.000,0.860, 0.323, 0.115,-1.970;
1.347,0.234,0.111,0.234,0.111, 0.134, 0.089, 2.284,0.000,0.000,0.000, 0.322, 0.117,-1.970;
1.368,0.235,0.108,0.235,0.108, 0.134, 0.089, 2.284,0.000,0.000,0.000, 0.320, 0.120,-1.970;
1.380,0.235,0.107,0.235,0.107, 0.134, 0.089, 2.284,0.000,0.000,0.000, 0.320, 0.121,-1.970;
1.391,0.236,0.106,0.236,0.106, 0.134, 0.089, 2.284,0.000,0.000,0.000, 0.319, 0.123,-1.970;
1.402,0.236,0.104,0.236,0.104, 0.134, 0.089, 2.284,0.000,0.000,0.000, 0.318, 0.124,-1.970;
1.414,0.237,0.103,0.237,0.103, 0.134, 0.089, 2.284,0.000,0.000,0.000, 0.317, 0.126,-1.970;
1.425,0.237,0.102,0.237,0.102, 0.134, 0.089, 2.284,0.000,0.000,0.000, 0.317, 0.128,-1.970;
1.436,0.238,0.101,0.238,0.101, 0.134, 0.089, 2.284,0.000,0.000,0.000, 0.316, 0.129,-1.970;
1.447,0.238,0.099,0.238,0.099, 0.134, 0.089, 2.284,0.000,0.000,0.000, 0.315, 0.131,-1.970;
1.458,0.239,0.098,0.239,0.098, 0.134, 0.089, 2.284,0.000,0.000,0.000, 0.314, 0.132,-1.970;
1.470,0.239,0.097,0.239,0.097, 0.134, 0.089, 2.284,0.000,0.000,0.000, 0.314, 0.134,-1.970;
1.491,0.240,0.094,0.240,0.094, 0.134, 0.089, 2.284,0.000,0.000,0.000, 0.312, 0.137,-1.970;
1.504,0.240,0.093,0.240,0.093, 0.134, 0.089, 2.284,0.000,0.000,0.000, 0.311, 0.139,-1.970;
1.507,0.240,0.093,0.240,0.093, 0.134, 0.089, 2.284,0.000,0.000,0.000, 0.311, 0.139,-1.970;
1.528,0.241,0.090,0.241,0.090, 0.134, 0.089, 2.284,0.000,0.000,0.000, 0.309, 0.142,-1.970;
1.540,0.242,0.089,0.242,0.089, 0.134, 0.089, 2.284,0.000,0.000,0.000, 0.309, 0.144,-1.970;
1.552,0.242,0.087,0.242,0.087, 0.134, 0.089, 2.284,0.000,0.000,0.000, 0.308, 0.145,-1.970;
1.556,0.242,0.087,0.242,0.087, 0.134, 0.089, 2.284,0.000,0.000,0.000, 0.307, 0.146,-1.970;
1.577,0.243,0.084,0.243,0.084, 0.134, 0.089, 2.284,0.000,0.000,0.000, 0.306, 0.149,-1.970;
1.580,0.243,0.084,0.243,0.084, 0.134, 0.089, 2.284,0.000,0.000,0.000, 0.306, 0.149,-1.970;
1.602,0.244,0.082,0.244,0.082, 0.134, 0.089, 2.284,0.000,0.000,0.000, 0.304, 0.152,-1.970;
1.613,0.244,0.080,0.244,0.080, 0.134, 0.089, 2.284,0.000,0.000,0.000, 0.303, 0.154,-1.970;
1.625,0.245,0.079,0.245,0.079, 0.134, 0.089, 2.284,0.000,0.000,0.000, 0.302, 0.155,-1.970;
1.637,0.245,0.077,0.245,0.077, 0.134, 0.089, 2.284,0.000,0.000,0.000, 0.301, 0.157,-1.970;
1.649,0.245,0.076,0.245,0.076, 0.134, 0.089, 2.284,0.000,0.000,0.000, 0.300, 0.159,-1.970;
1.661,0.246,0.075,0.246,0.075, 0.134, 0.089, 2.284,0.000,0.000,0.000, 0.299, 0.160,-1.970;
1.673,0.246,0.073,0.246,0.073, 0.134, 0.089, 2.284,0.000,0.000,0.000, 0.299, 0.162,-1.970;
1.684,0.246,0.072,0.246,0.072, 0.134, 0.089, 2.284,0.000,0.000,0.000, 0.298, 0.164,-1.970;
1.696,0.247,0.071,0.247,0.071, 0.134, 0.089, 2.284,0.000,0.000,0.000, 0.297, 0.165,-1.970;
1.707,0.247,0.069,0.247,0.069, 0.134, 0.089, 2.284,0.000,0.000,0.000, 0.296, 0.167,-1.970;
1.719,0.248,0.068,0.248,0.068, 0.134, 0.089, 2.284,0.000,0.000,0.000, 0.295, 0.168,-1.970;
1.731,0.248,0.066,0.248,0.066, 0.134, 0.089, 2.284,0.000,0.000,0.000, 0.294, 0.170,-1.970;
1.742,0.248,0.065,0.248,0.065, 0.134, 0.089, 2.284,0.000,0.000,0.000, 0.293, 0.171,-1.970;
1.754,0.249,0.064,0.249,0.064, 0.134, 0.089, 2.284,0.000,0.000,0.000, 0.292, 0.173,-1.970;
1.766,0.249,0.062,0.249,0.062, 0.134, 0.089, 2.284,0.000,0.000,0.000, 0.291, 0.175,-1.970;
1.778,0.249,0.061,0.249,0.061, 0.134, 0.089, 2.284,0.000,0.000,0.000, 0.290, 0.176,-1.970;
1.788,0.249,0.060,0.249,0.060, 0.134, 0.089, 2.284,0.000,0.000,0.000, 0.289, 0.178,-1.970;
1.800,0.250,0.058,0.250,0.058, 0.134, 0.089, 2.284,0.000,0.000,0.000, 0.288, 0.179,-1.970;
1.821,0.250,0.056,0.250,0.056, 0.134, 0.089, 2.284,0.000,0.000,0.000, 0.286, 0.182,-1.970;
1.834,0.251,0.054,0.251,0.054, 0.134, 0.089, 2.284,0.000,0.000,0.000, 0.285, 0.184,-1.970;
1.846,0.251,0.053,0.251,0.053, 0.134, 0.089, 2.284,0.000,0.000,0.000, 0.284, 0.185,-1.970;
1.858,0.251,0.051,0.251,0.051, 0.134, 0.089, 2.284,0.000,0.000,0.000, 0.283, 0.187,-1.970;
1.870,0.252,0.050,0.252,0.050, 0.134, 0.089, 2.284,0.000,0.000,0.000, 0.282, 0.188,-1.970;
1.883,0.252,0.049,0.252,0.049, 0.134, 0.089, 2.284,0.000,0.000,0.000, 0.281, 0.190,-1.970;
1.895,0.252,0.047,0.252,0.047, 0.134, 0.089, 2.284,0.000,0.000,0.000, 0.280, 0.192,-1.970;
1.907,0.252,0.046,0.252,0.046, 0.134, 0.089, 2.284,0.000,0.000,0.000, 0.279, 0.193,-1.970;
1.920,0.253,0.044,0.253,0.044, 0.134, 0.089, 2.284,0.000,0.000,0.000, 0.278, 0.195,-1.970;
1.932,0.253,0.043,0.253,0.043, 0.134, 0.089, 2.284,0.000,0.000,0.000, 0.277, 0.196,-1.970;
1.943,0.253,0.041,0.253,0.041, 0.134, 0.089, 2.284,0.000,0.000,0.000, 0.276, 0.198,-1.970;
1.956,0.286,0.045,0.286,0.045, 0.134, 0.089, 2.275,0.000,0.000,-0.727, 0.274, 0.200,-1.961;
1.960,0.254,0.039,0.254,0.039, 0.134, 0.089, 2.284,0.000,0.000,2.346, 0.274, 0.200,-1.970;
1.971,0.254,0.038,0.254,0.038, 0.134, 0.089, 2.284,0.000,0.000,0.000, 0.273, 0.201,-1.970;
1.983,0.254,0.037,0.254,0.037, 0.134, 0.089, 2.284,0.000,0.000,0.000, 0.272, 0.203,-1.970;
2.004,0.254,0.034,0.254,0.034, 0.134, 0.089, 2.284,0.000,0.000,0.000, 0.270, 0.206,-1.970;
2.007,0.254,0.034,0.254,0.034, 0.134, 0.089, 2.284,0.000,0.000,0.000, 0.270, 0.206,-1.970;
2.029,0.255,0.031,0.255,0.031, 0.134, 0.089, 2.284,0.000,0.000,0.000, 0.268, 0.209,-1.970;
2.042,0.255,0.030,0.255,0.030, 0.134, 0.089, 2.284,0.000,0.000,0.000, 0.267, 0.210,-1.970;
2.054,0.255,0.028,0.255,0.028, 0.134, 0.089, 2.284,0.000,0.000,0.000, 0.265, 0.212,-1.970;
2.057,0.255,0.028,0.255,0.028, 0.134, 0.089, 2.284,0.000,0.000,0.000, 0.265, 0.212,-1.970;
2.068,0.255,0.027,0.255,0.027, 0.134, 0.089, 2.284,0.000,0.000,0.000, 0.264, 0.214,-1.970;
2.090,0.256,0.024,0.256,0.024, 0.134, 0.089, 2.284,0.000,0.000,0.000, 0.262, 0.216,-1.970;
2.094,0.256,0.023,0.256,0.023, 0.134, 0.089, 2.284,0.000,0.000,0.000, 0.262, 0.217,-1.970;
2.115,0.256,0.021,0.256,0.021, 0.134, 0.089, 2.284,0.000,0.000,0.000, 0.260, 0.220,-1.970;
2.120,0.256,0.020,0.256,0.020, 0.134, 0.089, 2.284,0.000,0.000,0.000, 0.259, 0.220,-1.970;
2.131,0.256,0.019,0.256,0.019, 0.134, 0.089, 2.284,0.000,0.000,0.000, 0.258, 0.222,-1.970;
2.143,0.257,0.018,0.257,0.018, 0.134, 0.089, 2.284,0.000,0.000,0.000, 0.257, 0.223,-1.970;
2.155,0.257,0.016,0.257,0.016, 0.134, 0.089, 2.284,0.000,0.000,0.000, 0.256, 0.224,-1.970;
2.176,0.257,0.014,0.257,0.014, 0.134, 0.089, 2.284,0.000,0.000,0.000, 0.254, 0.227,-1.970;
2.189,0.257,0.012,0.257,0.012, 0.134, 0.089, 2.284,0.000,0.000,0.000, 0.252, 0.229,-1.970;
2.191,0.257,0.012,0.257,0.012, 0.134, 0.089, 2.284,0.000,0.000,0.000, 0.252, 0.229,-1.970;
2.213,0.257,0.009,0.257,0.009, 0.134, 0.089, 2.284,0.000,0.000,0.000, 0.250, 0.232,-1.970;
2.218,0.258,0.009,0.258,0.009, 0.134, 0.089, 2.284,0.000,0.000,0.000, 0.249, 0.232,-1.970;
2.229,0.258,0.007,0.258,0.007, 0.134, 0.089, 2.284,0.000,0.000,0.000, 0.248, 0.233,-1.970;
2.240,0.258,0.006,0.258,0.006, 0.134, 0.089, 2.284,0.000,0.000,0.000, 0.247, 0.235,-1.970;
2.252,0.258,0.004,0.258,0.004, 0.134, 0.089, 2.284,0.000,0.000,0.000, 0.246, 0.236,-1.970;
2.273,0.258,0.002,0.258,0.002, 0.134, 0.089, 2.284,0.000,0.000,0.000, 0.244, 0.239,-1.970;
2.286,0.258,0.000,0.258,0.000, 0.134, 0.089, 2.284,0.000,0.000,0.000, 0.243, 0.240,-1.970;
2.297,0.258,-0.001,0.258,-0.001, 0.134, 0.089, 2.284,0.000,0.000,0.000, 0.241, 0.242,-1.970;
2.309,0.258,-0.002,0.258,-0.002, 0.134, 0.089, 2.284,0.000,0.000,0.000, 0.240, 0.243,-1.970;
2.321,0.258,-0.004,0.258,-0.004, 0.134, 0.089, 2.284,0.000,0.000,0.000, 0.239, 0.244,-1.970;
2.333,0.258,-0.005,0.258,-0.005, 0.134, 0.089, 2.284,0.000,0.000,0.000, 0.238, 0.246,-1.970;
2.346,0.259,-0.007,0.259,-0.007, 0.134, 0.089, 2.284,0.000,0.000,0.000, 0.236, 0.247,-1.970;
2.358,0.259,-0.008,0.259,-0.008, 0.134, 0.089, 2.284,0.000,0.000,0.000, 0.235, 0.249,-1.970;
2.370,0.259,-0.010,0.259,-0.010, 0.134, 0.089, 2.284,0.000,0.000,0.000, 0.234, 0.250,-1.970;
2.382,0.259,-0.011,0.259,-0.011, 0.134, 0.089, 2.284,0.000,0.000,0.000, 0.232, 0.251,-1.970;
2.395,0.259,-0.013,0.259,-0.013, 0.134, 0.089, 2.284,0.000,0.000,0.000, 0.231, 0.253,-1.970;
2.407,0.259,-0.014,0.259,-0.014, 0.134, 0.089, 2.284,0.000,0.000,0.000, 0.230, 0.254,-1.970;
2.419,0.259,-0.016,0.259,-0.016, 0.134, 0.089, 2.284,0.000,0.000,0.000, 0.228, 0.256,-1.970;
2.431,0.259,-0.017,0.259,-0.017, 0.134, 0.089, 2.284,0.000,0.000,0.000, 0.227, 0.257,-1.970;
2.444,0.259,-0.019,0.259,-0.019, 0.134, 0.089, 2.284,0.000,0.000,0.000, 0.226, 0.258,-1.970;
2.456,0.259,-0.020,0.259,-0.020, 0.134, 0.089, 2.284,0.000,0.000,0.000, 0.224, 0.260,-1.970;
2.468,0.259,-0.022,0.259,-0.022, 0.134, 0.089, 2.284,0.000,0.000,0.000, 0.223, 0.261,-1.970;
2.481,0.293,-0.026,0.293,-0.026, 0.134, 0.089, 2.275,0.000,0.000,-0.749, 0.222, 0.263,-1.961;
2.492,0.259,-0.024,0.259,-0.024, 0.134, 0.089, 2.284,0.000,0.000,0.863, 0.220, 0.264,-1.970;
2.504,0.259,-0.026,0.259,-0.026, 0.134, 0.089, 2.284,0.000,0.000,0.000, 0.219, 0.265,-1.970;
2.515,0.259,-0.027,0.259,-0.027, 0.134, 0.089, 2.284,0.000,0.000,0.000, 0.218, 0.266,-1.970;
2.528,0.259,-0.029,0.259,-0.029, 0.134, 0.089, 2.284,0.000,0.000,0.000, 0.216, 0.268,-1.970;
2.541,0.259,-0.030,0.259,-0.030, 0.134, 0.089, 2.284,0.000,0.000,0.000, 0.215, 0.269,-1.970;
2.554,0.259,-0.032,0.259,-0.032, 0.134, 0.089, 2.284,0.000,0.000,0.000, 0.214, 0.271,-1.970;
2.565,0.293,-0.038,0.293,-0.038, 0.134, 0.089, 2.275,0.000,0.000,-0.839, 0.212, 0.272,-1.961;
2.576,0.259,-0.035,0.259,-0.035, 0.134, 0.089, 2.284,0.000,0.000,0.837, 0.211, 0.273,-1.970;
2.588,0.259,-0.036,0.259,-0.036, 0.134, 0.089, 2.284,0.000,0.000,0.000, 0.210, 0.274,-1.970;
2.602,0.259,-0.038,0.259,-0.038, 0.134, 0.089, 2.284,0.000,0.000,0.000, 0.208, 0.276,-1.970;
2.615,0.259,-0.039,0.259,-0.039, 0.134, 0.089, 2.284,0.000,0.000,0.000, 0.207, 0.277,-1.970;
2.627,0.259,-0.041,0.259,-0.041, 0.134, 0.089, 2.284,0.000,0.000,0.000, 0.205, 0.279,-1.970;
2.640,0.259,-0.042,0.259,-0.042, 0.134, 0.089, 2.284,0.000,0.000,0.000, 0.204, 0.280,-1.970;
2.653,0.259,-0.044,0.259,-0.044, 0.134, 0.089, 2.284,0.000,0.000,0.000, 0.202, 0.281,-1.970;
2.665,0.258,-0.045,0.258,-0.045, 0.134, 0.089, 2.284,0.000,0.000,0.000, 0.201, 0.283,-1.970;
2.677,0.258,-0.047,0.258,-0.047, 0.134, 0.089, 2.284,0.000,0.000,0.000, 0.199, 0.284,-1.970;
2.689,0.258,-0.048,0.258,-0.048, 0.134, 0.089, 2.284,0.000,0.000,0.000, 0.198, 0.285,-1.970;
2.702,0.258,-0.050,0.258,-0.050, 0.134, 0.089, 2.284,0.000,0.000,0.000, 0.196, 0.286,-1.970;
2.713,0.258,-0.051,0.258,-0.051, 0.134, 0.089, 2.284,0.000,0.000,0.000, 0.195, 0.288,-1.970;
2.725,0.258,-0.053,0.258,-0.053, 0.134, 0.089, 2.284,0.000,0.000,0.000, 0.194, 0.289,-1.970;
2.737,0.258,-0.054,0.258,-0.054, 0.134, 0.089, 2.284,0.000,0.000,0.000, 0.192, 0.290,-1.970;
2.748,0.258,-0.055,0.258,-0.055, 0.134, 0.089, 2.284,0.000,0.000,0.000, 0.191, 0.291,-1.970;
2.760,0.258,-0.057,0.258,-0.057, 0.134, 0.089, 2.284,0.000,0.000,0.000, 0.190, 0.292,-1.970;
2.771,0.258,-0.058,0.258,-0.058, 0.134, 0.089, 2.284,0.000,0.000,0.000, 0.188, 0.294,-1.970;
2.783,0.257,-0.059,0.257,-0.059, 0.134, 0.089, 2.284,0.000,0.000,0.000, 0.187, 0.295,-1.970;
2.795,0.257,-0.061,0.257,-0.061, 0.134, 0.089, 2.284,0.000,0.000,0.000, 0.185, 0.296,-1.970;
2.806,0.257,-0.062,0.257,-0.062, 0.134, 0.089, 2.284,0.000,0.000,0.000, 0.184, 0.297,-1.970;
2.817,0.257,-0.064,0.257,-0.064, 0.134, 0.089, 2.284,0.000,0.000,0.000, 0.183, 0.298,-1.970;
2.828,0.257,-0.065,0.257,-0.065, 0.134, 0.089, 2.284,0.000,0.000,0.000, 0.181, 0.299,-1.970;
2.839,0.290,-0.075,0.290,-0.075, 0.134, 0.089, 2.275,0.000,0.000,-0.859, 0.180, 0.300,-1.961;
2.860,0.257,-0.069,0.257,-0.069, 0.134, 0.089, 2.284,0.000,0.000,0.443, 0.177, 0.302,-1.970;
2.871,0.256,-0.070,0.256,-0.070, 0.134, 0.089, 2.284,0.000,0.000,0.000, 0.176, 0.304,-1.970;
2.883,0.256,-0.071,0.256,-0.071, 0.134, 0.089, 2.284,0.000,0.000,0.000, 0.175, 0.305,-1.970;
2.894,0.289,-0.082,0.289,-0.082, 0.134, 0.089, 2.275,0.000,0.000,-0.835, 0.173, 0.306,-1.961;
2.905,0.256,-0.074,0.256,-0.074, 0.134, 0.089, 2.284,0.000,0.000,0.841, 0.172, 0.307,-1.970;
2.916,0.256,-0.075,0.256,-0.075, 0.134, 0.089, 2.284,0.000,0.000,0.000, 0.170, 0.308,-1.970;
2.927,0.256,-0.077,0.256,-0.077, 0.134, 0.089, 2.284,0.000,0.000,0.000, 0.169, 0.309,-1.970;
2.938,0.255,-0.078,0.255,-0.078, 0.134, 0.089, 2.284,0.000,0.000,0.000, 0.168, 0.310,-1.970;
2.950,0.255,-0.080,0.255,-0.080, 0.134, 0.089, 2.284,0.000,0.000,0.000, 0.166, 0.311,-1.970;
2.962,0.255,-0.081,0.255,-0.081, 0.134, 0.089, 2.284,0.000,0.000,0.000, 0.165, 0.312,-1.970;
2.983,0.255,-0.083,0.255,-0.083, 0.134, 0.089, 2.284,0.000,0.000,0.000, 0.162, 0.314,-1.970;
2.995,0.254,-0.085,0.254,-0.085, 0.134, 0.089, 2.284,0.000,0.000,0.000, 0.161, 0.315,-1.970;
3.007,0.254,-0.086,0.254,-0.086, 0.134, 0.089, 2.284,0.000,0.000,0.000, 0.159, 0.316,-1.970;
3.019,0.254,-0.088,0.254,-0.088, 0.134, 0.089, 2.284,0.000,0.000,0.000, 0.157, 0.317,-1.970;
3.025,0.254,-0.088,0.254,-0.088, 0.134, 0.089, 2.284,0.000,0.000,0.000, 0.157, 0.318,-1.970;
3.036,0.254,-0.090,0.254,-0.090, 0.134, 0.089, 2.284,0.000,0.000,0.000, 0.155, 0.319,-1.970;
3.047,0.253,-0.091,0.253,-0.091, 0.134, 0.089, 2.284,0.000,0.000,0.000, 0.154, 0.320,-1.970;
3.069,0.253,-0.094,0.253,-0.094, 0.134, 0.089, 2.284,0.000,0.000,0.000, 0.151, 0.322,-1.970;
3.074,0.253,-0.094,0.253,-0.094, 0.134, 0.089, 2.284,0.000,0.000,0.000, 0.150, 0.322,-1.970;
3.085,0.253,-0.096,0.253,-0.096, 0.134, 0.089, 2.284,0.000,0.000,0.000, 0.149, 0.323,-1.970;
3.096,0.252,-0.097,0.252,-0.097, 0.134, 0.089, 2.284,0.000,0.000,0.000, 0.148, 0.324,-1.970;
3.118,0.252,-0.100,0.252,-0.100, 0.134, 0.089, 2.284,0.000,0.000,0.000, 0.145, 0.326,-1.970;
3.123,0.252,-0.100,0.252,-0.100, 0.134, 0.089, 2.284,0.000,0.000,0.000, 0.144, 0.327,-1.970;
3.134,0.251,-0.101,0.251,-0.101, 0.134, 0.089, 2.284,0.000,0.000,0.000, 0.143, 0.328,-1.970;
3.145,0.251,-0.103,0.251,-0.103, 0.134, 0.089, 2.284,0.000,0.000,0.000, 0.141, 0.329,-1.970;
3.157,0.251,-0.104,0.251,-0.104, 0.134, 0.089, 2.284,0.000,0.000,0.000, 0.140, 0.330,-1.970;
3.179,0.250,-0.107,0.250,-0.107, 0.134, 0.089, 2.284,0.000,0.000,0.000, 0.137, 0.332,-1.970;
3.191,0.250,-0.108,0.250,-0.108, 0.134, 0.089, 2.284,0.000,0.000,0.000, 0.135, 0.333,-1.970;
3.194,0.250,-0.109,0.250,-0.109, 0.134, 0.089, 2.284,0.000,0.000,0.000, 0.135, 0.333,-1.970;
3.216,0.249,-0.111,0.249,-0.111, 0.134, 0.089, 2.284,0.000,0.000,0.000, 0.132, 0.335,-1.970;
3.220,0.249,-0.112,0.249,-0.112, 0.134, 0.089, 2.284,0.000,0.000,0.000, 0.131, 0.335,-1.970;
3.240,0.249,-0.114,0.249,-0.114, 0.134, 0.089, 2.284,0.000,0.000,0.000, 0.129, 0.337,-1.970;
3.252,0.248,-0.115,0.248,-0.115, 0.134, 0.089, 2.284,0.000,0.000,0.000, 0.127, 0.338,-1.970;
3.264,0.248,-0.117,0.248,-0.117, 0.134, 0.089, 2.284,0.000,0.000,0.000, 0.125, 0.339,-1.970;
3.276,0.248,-0.118,0.248,-0.118, 0.134, 0.089, 2.284,0.000,0.000,0.000, 0.124, 0.340,-1.970;
3.287,0.247,-0.120,0.247,-0.120, 0.134, 0.089, 2.284,0.000,0.000,0.000, 0.122, 0.341,-1.970;
3.299,0.247,-0.121,0.247,-0.121, 0.134, 0.089, 2.284,0.000,0.000,0.000, 0.121, 0.342,-1.970;
3.311,0.247,-0.122,0.247,-0.122, 0.134, 0.089, 2.284,0.000,0.000,0.000, 0.119, 0.342,-1.970;
3.323,0.246,-0.124,0.246,-0.124, 0.134, 0.089, 2.284,0.000,0.000,0.000, 0.117, 0.343,-1.970;
3.335,0.246,-0.125,0.246,-0.125, 0.134, 0.089, 2.284,0.000,0.000,0.000, 0.116, 0.344,-1.970;
3.347,0.246,-0.126,0.246,-0.126, 0.134, 0.089, 2.284,0.000,0.000,0.000, 0.114, 0.345,-1.970;
3.358,0.245,-0.128,0.245,-0.128, 0.134, 0.089, 2.284,0.000,0.000,0.000, 0.113, 0.346,-1.970;
3.370,0.245,-0.129,0.245,-0.129, 0.134, 0.089, 2.284,0.000,0.000,0.000, 0.111, 0.347,-1.970;
3.381,0.244,-0.130,0.244,-0.130, 0.134, 0.089, 2.284,0.000,0.000,0.000, 0.109, 0.348,-1.970;
3.392,0.244,-0.132,0.244,-0.132, 0.134, 0.089, 2.284,0.000,0.000,0.000, 0.108, 0.349,-1.970;
3.404,0.244,-0.133,0.244,-0.133, 0.134, 0.089, 2.284,0.000,0.000,0.000, 0.106, 0.350,-1.970;
3.416,0.243,-0.134,0.243,-0.134, 0.134, 0.089, 2.284,0.000,0.000,0.000, 0.105, 0.351,-1.970;
3.427,0.243,-0.136,0.243,-0.136, 0.134, 0.089, 2.284,0.000,0.000,0.000, 0.103, 0.351,-1.970;
3.438,0.242,-0.137,0.242,-0.137, 0.134, 0.089, 2.284,0.000,0.000,0.000, 0.102, 0.352,-1.970;
3.460,0.242,-0.140,0.242,-0.140, 0.134, 0.089, 2.284,0.000,0.000,0.000, 0.098, 0.354,-1.970;
3.465,0.241,-0.140,0.241,-0.140, 0.134, 0.089, 2.284,0.000,0.000,0.000, 0.098, 0.354,-1.970;
3.476,0.241,-0.141,0.241,-0.141, 0.134, 0.089, 2.284,0.000,0.000,0.000, 0.096, 0.355,-1.970;
3.487,0.241,-0.143,0.241,-0.143, 0.134, 0.089, 2.284,0.000,0.000,0.000, 0.095, 0.356,-1.970;
3.509,0.271,-0.164,0.271,-0.164, 0.134, 0.089, 2.275,0.000,0.000,-0.424, 0.092, 0.357,-1.961;
3.513,0.240,-0.146,0.240,-0.146, 0.134, 0.089, 2.284,0.000,0.000,2.459, 0.091, 0.358,-1.970;
3.524,0.239,-0.147,0.239,-0.147, 0.134, 0.089, 2.284,0.000,0.000,0.000, 0.090, 0.358,-1.970;
3.546,0.238,-0.149,0.238,-0.149, 0.134, 0.089, 2.284,0.000,0.000,0.000, 0.087, 0.360,-1.970;
3.550,0.269,-0.169,0.269,-0.169, 0.134, 0.089, 2.275,0.000,0.000,-2.286, 0.086, 0.360,-1.961;
3.561,0.238,-0.151,0.238,-0.151, 0.134, 0.089, 2.284,0.000,0.000,0.849, 0.084, 0.361,-1.970;
3.573,0.237,-0.152,0.237,-0.152, 0.134, 0.089, 2.284,0.000,0.000,0.000, 0.083, 0.362,-1.970;
3.595,0.237,-0.155,0.237,-0.155, 0.134, 0.089, 2.284,0.000,0.000,0.000, 0.080, 0.363,-1.970;
3.600,0.236,-0.156,0.236,-0.156, 0.134, 0.089, 2.284,0.000,0.000,0.000, 0.079, 0.364,-1.970;
3.609,0.236,-0.157,0.236,-0.157, 0.134, 0.089, 2.284,0.000,0.000,0.000, 0.078, 0.364,-1.970;
3.631,0.235,-0.159,0.235,-0.159, 0.134, 0.089, 2.284,0.000,0.000,0.000, 0.074, 0.366,-1.970;
3.642,0.235,-0.160,0.235,-0.160, 0.134, 0.089, 2.284,0.000,0.000,0.000, 0.073, 0.366,-1.970;
3.654,0.234,-0.162,0.234,-0.162, 0.134, 0.089, 2.284,0.000,0.000,0.000, 0.071, 0.367,-1.970;
3.667,0.233,-0.163,0.233,-0.163, 0.134, 0.089, 2.284,0.000,0.000,0.000, 0.069, 0.368,-1.970;
3.679,0.233,-0.165,0.233,-0.165, 0.134, 0.089, 2.284,0.000,0.000,0.000, 0.068, 0.369,-1.970;
3.691,0.232,-0.166,0.232,-0.166, 0.134, 0.089, 2.284,0.000,0.000,0.000, 0.066, 0.370,-1.970;
3.703,0.232,-0.167,0.232,-0.167, 0.134, 0.089, 2.284,0.000,0.000,0.000, 0.064, 0.370,-1.970;
3.715,0.231,-0.169,0.231,-0.169, 0.134, 0.089, 2.284,0.000,0.000,0.000, 0.062, 0.371,-1.970;
3.728,0.231,-0.170,0.231,-0.170, 0.134, 0.089, 2.284,0.000,0.000,0.000, 0.061, 0.372,-1.970;
3.740,0.230,-0.171,0.230,-0.171, 0.134, 0.089, 2.284,0.000,0.000,0.000, 0.059, 0.373,-1.970;
3.752,0.230,-0.173,0.230,-0.173, 0.134, 0.089, 2.284,0.000,0.000,0.000, 0.057, 0.373,-1.970;
3.765,0.229,-0.174,0.229,-0.174, 0.134, 0.089, 2.284,0.000,0.000,0.000, 0.055, 0.374,-1.970;
3.777,0.229,-0.175,0.229,-0.175, 0.134, 0.089, 2.284,0.000,0.000,0.000, 0.053, 0.375,-1.970;
3.789,0.228,-0.177,0.228,-0.177, 0.134, 0.089, 2.284,0.000,0.000,0.000, 0.052, 0.375,-1.970;
3.801,0.227,-0.178,0.227,-0.178, 0.134, 0.089, 2.284,0.000,0.000,0.000, 0.050, 0.376,-1.970;
3.814,0.227,-0.180,0.227,-0.180, 0.134, 0.089, 2.284,0.000,0.000,0.000, 0.048, 0.377,-1.970;
3.826,0.226,-0.181,0.226,-0.181, 0.134, 0.089, 2.284,0.000,0.000,0.000, 0.046, 0.378,-1.970;
3.838,0.226,-0.182,0.226,-0.182, 0.134, 0.089, 2.284,0.000,0.000,0.000, 0.044, 0.378,-1.970;
3.850,0.225,-0.183,0.225,-0.183, 0.134, 0.089, 2.284,0.000,0.000,0.000, 0.043, 0.379,-1.970;
3.862,0.224,-0.185,0.224,-0.185, 0.134, 0.089, 2.284,0.000,0.000,0.000, 0.041, 0.380,-1.970;
3.875,0.224,-0.186,0.224,-0.186, 0.134, 0.089, 2.284,0.000,0.000,0.000, 0.039, 0.380,-1.970;
3.887,0.223,-0.188,0.223,-0.188, 0.134, 0.089, 2.284,0.000,0.000,0.000, 0.037, 0.381,-1.970;
3.899,0.252,-0.213,0.252,-0.213, 0.134, 0.089, 2.275,0.000,0.000,-0.794, 0.036, 0.382,-1.961;
3.913,0.222,-0.190,0.222,-0.190, 0.134, 0.089, 2.284,0.000,0.000,0.666, 0.033, 0.382,-1.970;
3.924,0.221,-0.192,0.221,-0.192, 0.134, 0.089, 2.284,0.000,0.000,0.000, 0.032, 0.383,-1.970;
3.936,0.221,-0.193,0.221,-0.193, 0.134, 0.089, 2.284,0.000,0.000,0.000, 0.030, 0.384,-1.970;
3.947,0.220,-0.194,0.220,-0.194, 0.134, 0.089, 2.284,0.000,0.000,0.000, 0.028, 0.384,-1.970;
3.958,0.219,-0.195,0.219,-0.195, 0.134, 0.089, 2.284,0.000,0.000,0.000, 0.027, 0.385,-1.970;
3.970,0.219,-0.197,0.219,-0.197, 0.134, 0.089, 2.284,0.000,0.000,0.000, 0.025, 0.385,-1.970;
3.981,0.218,-0.198,0.218,-0.198, 0.134, 0.089, 2.284,0.000,0.000,0.000, 0.023, 0.386,-1.970;
3.992,0.218,-0.199,0.218,-0.199, 0.134, 0.089, 2.284,0.000,0.000,0.000, 0.022, 0.386,-1.970;
4.003,0.217,-0.200,0.217,-0.200, 0.134, 0.089, 2.284,0.000,0.000,0.000, 0.020, 0.387,-1.970;
4.014,0.216,-0.201,0.216,-0.201, 0.134, 0.089, 2.284,0.000,0.000,0.000, 0.018, 0.387,-1.970;
4.025,0.216,-0.202,0.216,-0.202, 0.134, 0.089, 2.284,0.000,0.000,0.000, 0.017, 0.388,-1.970;
4.046,0.215,-0.205,0.215,-0.205, 0.134, 0.089, 2.284,0.000,0.000,0.000, 0.014, 0.389,-1.970;
4.058,0.214,-0.206,0.214,-0.206, 0.134, 0.089, 2.284,0.000,0.000,0.000, 0.012, 0.389,-1.970;
4.069,0.213,-0.207,0.213,-0.207, 0.134, 0.089, 2.284,0.000,0.000,0.000, 0.010, 0.390,-1.970;
4.080,0.213,-0.208,0.213,-0.208, 0.134, 0.089, 2.284,0.000,0.000,0.000, 0.008, 0.391,-1.970;
4.092,0.212,-0.210,0.212,-0.210, 0.134, 0.089, 2.284,0.000,0.000,0.000, 0.007, 0.391,-1.970;
4.103,0.211,-0.211,0.211,-0.211, 0.134, 0.089, 2.284,0.000,0.000,0.000, 0.005, 0.392,-1.970;
4.116,0.211,-0.212,0.211,-0.212, 0.134, 0.089, 2.284,0.000,0.000,0.000, 0.003, 0.392,-1.970;
4.127,0.210,-0.213,0.210,-0.213, 0.134, 0.089, 2.284,0.000,0.000,0.000, 0.001, 0.393,-1.970;
4.138,0.209,-0.214,0.209,-0.214, 0.134, 0.089, 2.284,0.000,0.000,0.000,-0.000, 0.393,-1.970;
4.149,0.209,-0.216,0.209,-0.216, 0.134, 0.089, 2.284,0.000,0.000,0.000,-0.002, 0.393,-1.970;
4.160,0.208,-0.217,0.208,-0.217, 0.134, 0.089, 2.284,0.000,0.000,0.000,-0.004, 0.394,-1.970;
4.183,0.207,-0.219,0.207,-0.219, 0.134, 0.089, 2.284,0.000,0.000,0.000,-0.007, 0.395,-1.970;
4.187,0.206,-0.220,0.206,-0.220, 0.134, 0.089, 2.284,0.000,0.000,0.000,-0.008, 0.395,-1.970;
4.197,0.206,-0.221,0.206,-0.221, 0.134, 0.089, 2.284,0.000,0.000,0.000,-0.009, 0.395,-1.970;
4.219,0.204,-0.223,0.204,-0.223, 0.134, 0.089, 2.284,0.000,0.000,0.000,-0.013, 0.396,-1.970;
4.221,0.204,-0.223,0.204,-0.223, 0.134, 0.089, 2.284,0.000,0.000,0.000,-0.013, 0.396,-1.970;
4.233,0.203,-0.224,0.203,-0.224, 0.134, 0.089, 2.284,0.000,0.000,0.000,-0.015, 0.397,-1.970;
4.246,0.203,-0.226,0.203,-0.226, 0.134, 0.089, 2.284,0.000,0.000,0.000,-0.017, 0.397,-1.970;
4.257,0.202,-0.227,0.202,-0.227, 0.134, 0.089, 2.284,0.000,0.000,0.000,-0.018, 0.398,-1.970;
4.280,0.201,-0.229,0.201,-0.229, 0.134, 0.089, 2.284,0.000,0.000,0.000,-0.022, 0.398,-1.970;
4.283,0.200,-0.230,0.200,-0.230, 0.134, 0.089, 2.284,0.000,0.000,0.000,-0.022, 0.399,-1.970;
4.295,0.200,-0.231,0.200,-0.231, 0.134, 0.089, 2.284,0.000,0.000,0.000,-0.024, 0.399,-1.970;
4.306,0.199,-0.232,0.199,-0.232, 0.134, 0.089, 2.284,0.000,0.000,0.000,-0.026, 0.399,-1.970;
4.328,0.197,-0.234,0.197,-0.234, 0.134, 0.089, 2.284,0.000,0.000,0.000,-0.029, 0.400,-1.970;
4.332,0.197,-0.234,0.197,-0.234, 0.134, 0.089, 2.284,0.000,0.000,0.000,-0.030, 0.400,-1.970;
4.344,0.196,-0.236,0.196,-0.236, 0.134, 0.089, 2.284,0.000,0.000,0.000,-0.032, 0.401,-1.970;
4.356,0.196,-0.237,0.196,-0.237, 0.134, 0.089, 2.284,0.000,0.000,0.000,-0.034, 0.401,-1.970;
4.367,0.195,-0.238,0.195,-0.238, 0.134, 0.089, 2.284,0.000,0.000,0.000,-0.035, 0.401,-1.970;
4.389,0.193,-0.240,0.193,-0.240, 0.134, 0.089, 2.284,0.000,0.000,0.000,-0.039, 0.402,-1.970;
4.402,0.192,-0.242,0.192,-0.242, 0.134, 0.089, 2.284,0.000,0.000,0.000,-0.041, 0.402,-1.970;
4.413,0.192,-0.243,0.192,-0.243, 0.134, 0.089, 2.284,0.000,0.000,0.000,-0.042, 0.403,-1.970;
4.425,0.191,-0.244,0.191,-0.244, 0.134, 0.089, 2.284,0.000,0.000,0.000,-0.044, 0.403,-1.970;
4.437,0.190,-0.245,0.190,-0.245, 0.134, 0.089, 2.284,0.000,0.000,0.000,-0.046, 0.403,-1.970;
4.449,0.189,-0.246,0.189,-0.246, 0.134, 0.089, 2.284,0.000,0.000,0.000,-0.048, 0.404,-1.970;
4.461,0.188,-0.247,0.188,-0.247, 0.134, 0.089, 2.284,0.000,0.000,0.000,-0.050, 0.404,-1.970;
4.473,0.188,-0.249,0.188,-0.249, 0.134, 0.089, 2.284,0.000,0.000,0.000,-0.052, 0.404,-1.970;
4.485,0.187,-0.250,0.187,-0.250, 0.134, 0.089, 2.284,0.000,0.000,0.000,-0.054, 0.405,-1.970;
4.497,0.210,-0.284,0.210,-0.284, 0.134, 0.089, 2.275,0.000,0.000,-0.819,-0.055, 0.405,-1.961;
4.508,0.185,-0.252,0.185,-0.252, 0.134, 0.089, 2.284,0.000,0.000,0.817,-0.057, 0.405,-1.970;
4.520,0.184,-0.253,0.184,-0.253, 0.134, 0.089, 2.284,0.000,0.000,0.000,-0.059, 0.406,-1.970;
4.531,0.183,-0.254,0.183,-0.254, 0.134, 0.089, 2.284,0.000,0.000,0.000,-0.061, 0.406,-1.970;
4.543,0.183,-0.255,0.183,-0.255, 0.134, 0.089, 2.284,0.000,0.000,0.000,-0.062, 0.406,-1.970;
4.554,0.182,-0.256,0.182,-0.256, 0.134, 0.089, 2.284,0.000,0.000,0.000,-0.064, 0.406,-1.970;
4.565,0.181,-0.258,0.181,-0.258, 0.134, 0.089, 2.284,0.000,0.000,0.000,-0.066, 0.407,-1.970;
4.577,0.180,-0.259,0.180,-0.259, 0.134, 0.089, 2.284,0.000,0.000,0.000,-0.068, 0.407,-1.970;
4.588,0.179,-0.260,0.179,-0.260, 0.134, 0.089, 2.284,0.000,0.000,0.000,-0.069, 0.407,-1.970;
4.600,0.178,-0.261,0.178,-0.261, 0.134, 0.089, 2.284,0.000,0.000,0.000,-0.071, 0.407,-1.970;
4.621,0.177,-0.263,0.177,-0.263, 0.134, 0.089, 2.284,0.000,0.000,0.000,-0.075, 0.408,-1.970;
4.633,0.176,-0.264,0.176,-0.264, 0.134, 0.089, 2.284,0.000,0.000,0.000,-0.077, 0.408,-1.970;
4.646,0.175,-0.265,0.175,-0.265, 0.134, 0.089, 2.284,0.000,0.000,0.000,-0.079, 0.408,-1.970;
4.658,0.197,-0.301,0.197,-0.301, 0.134, 0.089, 2.275,0.000,0.000,-0.787,-0.080, 0.408,-1.961;
4.669,0.173,-0.267,0.173,-0.267, 0.134, 0.089, 2.284,0.000,0.000,0.817,-0.082, 0.409,-1.970;
4.681,0.172,-0.269,0.172,-0.269, 0.134, 0.089, 2.284,0.000,0.000,0.000,-0.084, 0.409,-1.970;
4.693,0.171,-0.270,0.171,-0.270, 0.134, 0.089, 2.284,0.000,0.000,0.000,-0.086, 0.409,-1.970;
4.705,0.170,-0.271,0.170,-0.271, 0.134, 0.089, 2.284,0.000,0.000,0.000,-0.088, 0.409,-1.970;
4.716,0.170,-0.272,0.170,-0.272, 0.134, 0.089, 2.284,0.000,0.000,0.000,-0.090, 0.409,-1.970;
4.728,0.169,-0.273,0.169,-0.273, 0.134, 0.089, 2.284,0.000,0.000,0.000,-0.091, 0.409,-1.970;
4.741,0.168,-0.274,0.168,-0.274, 0.134, 0.089, 2.284,0.000,0.000,0.000,-0.093, 0.410,-1.970;
4.753,0.167,-0.275,0.167,-0.275, 0.134, 0.089, 2.284,0.000,0.000,0.000,-0.095, 0.410,-1.970;
4.766,0.166,-0.276,0.166,-0.276, 0.134, 0.089, 2.284,0.000,0.000,0.000,-0.097, 0.410,-1.970;
4.777,0.165,-0.277,0.165,-0.277, 0.134, 0.089, 2.284,0.000,0.000,0.000,-0.099, 0.410,-1.970;
4.790,0.164,-0.279,0.164,-0.279, 0.134, 0.089, 2.284,0.000,0.000,0.000,-0.101, 0.410,-1.970;
4.802,0.163,-0.280,0.163,-0.280, 0.134, 0.089, 2.284,0.000,0.000,0.000,-0.103, 0.410,-1.970;
4.814,0.162,-0.281,0.162,-0.281, 0.134, 0.089, 2.284,0.000,0.000,0.000,-0.105, 0.410,-1.970;
4.827,0.161,-0.282,0.161,-0.282, 0.134, 0.089, 2.284,0.000,0.000,0.000,-0.107, 0.410,-1.970;
4.840,0.160,-0.283,0.160,-0.283, 0.134, 0.089, 2.284,0.000,0.000,0.000,-0.109, 0.411,-1.970;
4.852,0.159,-0.284,0.159,-0.284, 0.134, 0.089, 2.284,0.000,0.000,0.000,-0.111, 0.411,-1.970;
4.864,0.158,-0.285,0.158,-0.285, 0.134, 0.089, 2.284,0.000,0.000,0.000,-0.113, 0.411,-1.970;
4.877,0.157,-0.286,0.157,-0.286, 0.134, 0.089, 2.284,0.000,0.000,0.000,-0.115, 0.411,-1.970;
4.889,0.156,-0.287,0.156,-0.287, 0.134, 0.089, 2.284,0.000,0.000,0.000,-0.117, 0.411,-1.970;
4.902,0.155,-0.289,0.155,-0.289, 0.134, 0.089, 2.284,0.000,0.000,0.000,-0.119, 0.411,-1.970;
4.915,0.154,-0.290,0.154,-0.290, 0.134, 0.089, 2.284,0.000,0.000,0.000,-0.121, 0.411,-1.970;
4.927,0.153,-0.291,0.153,-0.291, 0.134, 0.089, 2.284,0.000,0.000,0.000,-0.123, 0.411,-1.970;
4.930,0.152,-0.291,0.152,-0.291, 0.134, 0.089, 2.284,0.000,0.000,0.000,-0.123, 0.411,-1.970;
4.952,0.151,-0.293,0.151,-0.293, 0.134, 0.089, 2.284,0.000,0.000,0.000,-0.126, 0.411,-1.970;
4.954,0.150,-0.293,0.150,-0.293, 0.134, 0.089, 2.284,0.000,0.000,0.000,-0.127, 0.411,-1.970;
4.976,0.148,-0.295,0.148,-0.295, 0.134, 0.089, 2.284,0.000,0.000,0.000,-0.130, 0.411,-1.970;
4.988,0.147,-0.296,0.147,-0.296, 0.134, 0.089, 2.284,0.000,0.000,0.000,-0.132, 0.411,-1.970;
4.991,0.147,-0.296,0.147,-0.296, 0.134, 0.089, 2.284,0.000,0.000,0.000,-0.133, 0.411,-1.970;
5.013,0.145,-0.298,0.145,-0.298, 0.134, 0.089, 2.284,0.000,0.000,0.000,-0.136, 0.411,-1.970;
5.016,0.145,-0.298,0.145,-0.298, 0.134, 0.089, 2.284,0.000,0.000,0.000,-0.137, 0.411,-1.970;
5.028,0.144,-0.299,0.144,-0.299, 0.134, 0.089, 2.284,0.000,0.000,0.000,-0.138, 0.411,-1.970;
5.049,0.142,-0.301,0.142,-0.301, 0.134, 0.089, 2.284,0.000,0.000,0.000,-0.142, 0.411,-1.970;
5.061,0.141,-0.302,0.141,-0.302, 0.134, 0.089, 2.284,0.000,0.000,0.000,-0.144, 0.411,-1.970;
5.073,0.158,-0.343,0.158,-0.343, 0.134, 0.089, 2.275,0.000,0.000,-0.803,-0.145, 0.411,-1.961;
5.085,0.139,-0.304,0.139,-0.304, 0.134, 0.089, 2.284,0.000,0.000,0.788,-0.147, 0.411,-1.970;
5.097,0.138,-0.305,0.138,-0.305, 0.134, 0.089, 2.284,0.000,0.000,0.000,-0.149, 0.411,-1.970;
5.109,0.137,-0.306,0.137,-0.306, 0.134, 0.089, 2.284,0.000,0.000,0.000,-0.151, 0.411,-1.970;
5.122,0.136,-0.307,0.136,-0.307, 0.134, 0.089, 2.284,0.000,0.000,0.000,-0.153, 0.411,-1.970;
5.135,0.135,-0.308,0.135,-0.308, 0.134, 0.089, 2.284,0.000,0.000,0.000,-0.155, 0.411,-1.970;
5.147,0.134,-0.309,0.134,-0.309, 0.134, 0.089, 2.284,0.000,0.000,0.000,-0.157, 0.411,-1.970;
5.159,0.133,-0.310,0.133,-0.310, 0.134, 0.089, 2.284,0.000,0.000,0.000,-0.159, 0.411,-1.970;
5.172,0.131,-0.311,0.131,-0.311, 0.134, 0.089, 2.284,0.000,0.000,0.000,-0.161, 0.410,-1.970;
5.184,0.130,-0.312,0.130,-0.312, 0.134, 0.089, 2.284,0.000,0.000,0.000,-0.163, 0.410,-1.970;
5.189,0.130,-0.313,0.130,-0.313, 0.134, 0.089, 2.284,0.000,0.000,0.000,-0.164, 0.410,-1.970;
5.201,0.129,-0.314,0.129,-0.314, 0.134, 0.089, 2.284,0.000,0.000,0.000,-0.166, 0.410,-1.970;
5.213,0.128,-0.315,0.128,-0.315, 0.134, 0.089, 2.284,0.000,0.000,0.000,-0.167, 0.410,-1.970;
5.224,0.127,-0.316,0.127,-0.316, 0.134, 0.089, 2.284,0.000,0.000,0.000,-0.169, 0.410,-1.970;
5.236,0.126,-0.316,0.126,-0.316, 0.134, 0.089, 2.284,0.000,0.000,0.000,-0.171, 0.410,-1.970;
5.258,0.124,-0.318,0.124,-0.318, 0.134, 0.089, 2.284,0.000,0.000,0.000,-0.174, 0.410,-1.970;
5.261,0.123,-0.318,0.123,-0.318, 0.134, 0.089, 2.284,0.000,0.000,0.000,-0.175, 0.410,-1.970;
5.273,0.122,-0.319,0.122,-0.319, 0.134, 0.089, 2.284,0.000,0.000,0.000,-0.177, 0.409,-1.970;
5.285,0.121,-0.320,0.121,-0.320, 0.134, 0.089, 2.284,0.000,0.000,0.000,-0.179, 0.409,-1.970;
5.296,0.120,-0.321,0.120,-0.321, 0.134, 0.089, 2.284,0.000,0.000,0.000,-0.181, 0.409,-1.970;
5.320,0.118,-0.323,0.118,-0.323, 0.134, 0.089, 2.284,0.000,0.000,0.000,-0.184, 0.409,-1.970;
5.324,0.117,-0.323,0.117,-0.323, 0.134, 0.089, 2.284,0.000,0.000,0.000,-0.185, 0.409,-1.970;
5.335,0.116,-0.324,0.116,-0.324, 0.134, 0.089, 2.284,0.000,0.000,0.000,-0.187, 0.408,-1.970;
5.347,0.115,-0.325,0.115,-0.325, 0.134, 0.089, 2.284,0.000,0.000,0.000,-0.188, 0.408,-1.970;
5.358,0.114,-0.326,0.114,-0.326, 0.134, 0.089, 2.284,0.000,0.000,0.000,-0.190, 0.408,-1.970;
5.381,0.112,-0.328,0.112,-0.328, 0.134, 0.089, 2.284,0.000,0.000,0.000,-0.194, 0.408,-1.970;
5.387,0.112,-0.328,0.112,-0.328, 0.134, 0.089, 2.284,0.000,0.000,0.000,-0.195, 0.408,-1.970;
5.396,0.111,-0.329,0.111,-0.329, 0.134, 0.089, 2.284,0.000,0.000,0.000,-0.196, 0.407,-1.970;
5.408,0.110,-0.330,0.110,-0.330, 0.134, 0.089, 2.284,0.000,0.000,0.000,-0.198, 0.407,-1.970;
5.419,0.108,-0.330,0.108,-0.330, 0.134, 0.089, 2.284,0.000,0.000,0.000,-0.200, 0.407,-1.970;
5.441,0.120,-0.375,0.120,-0.375, 0.134, 0.089, 2.275,0.000,0.000,-0.434,-0.203, 0.406,-1.961;
5.445,0.106,-0.332,0.106,-0.332, 0.134, 0.089, 2.284,0.000,0.000,2.576,-0.204, 0.406,-1.970;
5.456,0.105,-0.333,0.105,-0.333, 0.134, 0.089, 2.284,0.000,0.000,0.000,-0.205, 0.406,-1.970;
5.467,0.104,-0.334,0.104,-0.334, 0.134, 0.089, 2.284,0.000,0.000,0.000,-0.207, 0.406,-1.970;
5.490,0.102,-0.336,0.102,-0.336, 0.134, 0.089, 2.284,0.000,0.000,0.000,-0.211, 0.405,-1.970;
5.502,0.100,-0.336,0.100,-0.336, 0.134, 0.089, 2.284,0.000,0.000,0.000,-0.213, 0.405,-1.970;
5.514,0.099,-0.337,0.099,-0.337, 0.134, 0.089, 2.284,0.000,0.000,0.000,-0.214, 0.405,-1.970;
5.518,0.099,-0.338,0.099,-0.338, 0.134, 0.089, 2.284,0.000,0.000,0.000,-0.215, 0.405,-1.970;
5.530,0.098,-0.338,0.098,-0.338, 0.134, 0.089, 2.284,0.000,0.000,0.000,-0.217, 0.404,-1.970;
5.542,0.097,-0.339,0.097,-0.339, 0.134, 0.089, 2.284,0.000,0.000,0.000,-0.219, 0.404,-1.970;
5.553,0.095,-0.340,0.095,-0.340, 0.134, 0.089, 2.284,0.000,0.000,0.000,-0.220, 0.404,-1.970;
5.575,0.105,-0.386,0.105,-0.386, 0.134, 0.089, 2.275,0.000,0.000,-0.424,-0.224, 0.403,-1.961;
5.580,0.093,-0.342,0.093,-0.342, 0.134, 0.089, 2.284,0.000,0.000,2.000,-0.225, 0.403,-1.970;
5.591,0.092,-0.343,0.092,-0.343, 0.134, 0.089, 2.284,0.000,0.000,0.000,-0.226, 0.403,-1.970;
5.602,0.091,-0.343,0.091,-0.343, 0.134, 0.089, 2.284,0.000,0.000,0.000,-0.228, 0.402,-1.970;
5.624,0.088,-0.345,0.088,-0.345, 0.134, 0.089, 2.284,0.000,0.000,0.000,-0.231, 0.402,-1.970;
5.637,0.087,-0.346,0.087,-0.346, 0.134, 0.089, 2.284,0.000,0.000,0.000,-0.233, 0.401,-1.970;
5.641,0.087,-0.346,0.087,-0.346, 0.134, 0.089, 2.284,0.000,0.000,0.000,-0.234, 0.401,-1.970;
5.652,0.086,-0.347,0.086,-0.347, 0.134, 0.089, 2.284,0.000,0.000,0.000,-0.236, 0.401,-1.970;
5.673,0.083,-0.348,0.083,-0.348, 0.134, 0.089, 2.284,0.000,0.000,0.000,-0.239, 0.400,-1.970;
5.684,0.082,-0.349,0.082,-0.349, 0.134, 0.089, 2.284,0.000,0.000,0.000,-0.241, 0.400,-1.970;
5.696,0.081,-0.350,0.081,-0.350, 0.134, 0.089, 2.284,0.000,0.000,0.000,-0.242, 0.399,-1.970;
5.707,0.080,-0.350,0.080,-0.350, 0.134, 0.089, 2.284,0.000,0.000,0.000,-0.244, 0.399,-1.970;
5.718,0.079,-0.351,0.079,-0.351, 0.134, 0.089, 2.284,0.000,0.000,0.000,-0.246, 0.399,-1.970;
5.731,0.078,-0.352,0.078,-0.352, 0.134, 0.089, 2.284,0.000,0.000,0.000,-0.248, 0.398,-1.970;
5.742,0.076,-0.353,0.076,-0.353, 0.134, 0.089, 2.284,0.000,0.000,0.000,-0.250, 0.398,-1.970;
5.754,0.075,-0.353,0.075,-0.353, 0.134, 0.089, 2.284,0.000,0.000,0.000,-0.251, 0.397,-1.970;
5.765,0.074,-0.354,0.074,-0.354, 0.134, 0.089, 2.284,0.000,0.000,0.000,-0.253, 0.397,-1.970;
5.776,0.073,-0.355,0.073,-0.355, 0.134, 0.089, 2.284,0.000,0.000,0.000,-0.255, 0.396,-1.970;
5.787,0.072,-0.355,0.072,-0.355, 0.134, 0.089, 2.284,0.000,0.000,0.000,-0.256, 0.396,-1.970;
5.798,0.071,-0.356,0.071,-0.356, 0.134, 0.089, 2.284,0.000,0.000,0.000,-0.258, 0.396,-1.970;
5.819,0.068,-0.357,0.068,-0.357, 0.134, 0.089, 2.284,0.000,0.000,0.000,-0.261, 0.395,-1.970;
5.832,0.067,-0.358,0.067,-0.358, 0.134, 0.089, 2.284,0.000,0.000,0.000,-0.263, 0.394,-1.970;
5.843,0.066,-0.359,0.066,-0.359, 0.134, 0.089, 2.284,0.000,0.000,0.000,-0.265, 0.394,-1.970;
5.856,0.073,-0.406,0.073,-0.406, 0.134, 0.089, 2.275,0.000,0.000,-0.752,-0.267, 0.393,-1.961;
5.868,0.063,-0.360,0.063,-0.360, 0.134, 0.089, 2.284,0.000,0.000,0.794,-0.269, 0.393,-1.970;
5.879,0.062,-0.361,0.062,-0.361, 0.134, 0.089, 2.284,0.000,0.000,0.000,-0.270, 0.392,-1.970;
5.890,0.061,-0.362,0.061,-0.362, 0.134, 0.089, 2.284,0.000,0.000,0.000,-0.272, 0.392,-1.970;
5.902,0.060,-0.362,0.060,-0.362, 0.134, 0.089, 2.284,0.000,0.000,0.000,-0.274, 0.391,-1.970;
5.914,0.058,-0.363,0.058,-0.363, 0.134, 0.089, 2.284,0.000,0.000,0.000,-0.276, 0.391,-1.970;
5.925,0.057,-0.364,0.057,-0.364, 0.134, 0.089, 2.284,0.000,0.000,0.000,-0.277, 0.390,-1.970;
5.936,0.056,-0.364,0.056,-0.364, 0.134, 0.089, 2.284,0.000,0.000,0.000,-0.279, 0.390,-1.970;
5.948,0.055,-0.365,0.055,-0.365, 0.134, 0.089, 2.284,0.000,0.000,0.000,-0.281, 0.389,-1.970;
5.959,0.054,-0.365,0.054,-0.365, 0.134, 0.089, 2.284,0.000,0.000,0.000,-0.282, 0.389,-1.970;
5.971,0.052,-0.366,0.052,-0.366, 0.134, 0.089, 2.284,0.000,0.000,0.000,-0.284, 0.388,-1.970;
5.982,0.058,-0.415,0.058,-0.415, 0.134, 0.089, 2.275,0.000,0.000,-0.824,-0.286, 0.388,-1.961;
5.994,0.050,-0.367,0.050,-0.367, 0.134, 0.089, 2.284,0.000,0.000,0.816,-0.288, 0.387,-1.970;
6.015,0.048,-0.369,0.048,-0.369, 0.134, 0.089, 2.284,0.000,0.000,0.000,-0.291, 0.386,-1.970;
6.027,0.046,-0.369,0.046,-0.369, 0.134, 0.089, 2.284,0.000,0.000,0.000,-0.293, 0.385,-1.970;
6.039,0.045,-0.370,0.045,-0.370, 0.134, 0.089, 2.284,0.000,0.000,0.000,-0.294, 0.385,-1.970;
6.053,0.044,-0.371,0.044,-0.371, 0.134, 0.089, 2.284,0.000,0.000,0.000,-0.296, 0.384,-1.970;
6.056,0.043,-0.371,0.043,-0.371, 0.134, 0.089, 2.284,0.000,0.000,0.000,-0.297, 0.384,-1.970;
6.067,0.042,-0.371,0.042,-0.371, 0.134, 0.089, 2.284,0.000,0.000,0.000,-0.299, 0.383,-1.970;
6.089,0.040,-0.372,0.040,-0.372, 0.134, 0.089, 2.284,0.000,0.000,0.000,-0.302, 0.382,-1.970;
6.101,0.038,-0.373,0.038,-0.373, 0.134, 0.089, 2.284,0.000,0.000,0.000,-0.304, 0.382,-1.970;
6.114,0.037,-0.374,0.037,-0.374, 0.134, 0.089, 2.284,0.000,0.000,0.000,-0.305, 0.381,-1.970;
6.118,0.036,-0.374,0.036,-0.374, 0.134, 0.089, 2.284,0.000,0.000,0.000,-0.306, 0.381,-1.970;
6.129,0.035,-0.375,0.035,-0.375, 0.134, 0.089, 2.284,0.000,0.000,0.000,-0.308, 0.380,-1.970;
6.151,0.033,-0.376,0.033,-0.376, 0.134, 0.089, 2.284,0.000,0.000,0.000,-0.311, 0.379,-1.970;
6.155,0.032,-0.376,0.032,-0.376, 0.134, 0.089, 2.284,0.000,0.000,0.000,-0.311, 0.379,-1.970;
6.165,0.031,-0.376,0.031,-0.376, 0.134, 0.089, 2.284,0.000,0.000,0.000,-0.313, 0.378,-1.970;
6.187,0.029,-0.377,0.029,-0.377, 0.134, 0.089, 2.284,0.000,0.000,0.000,-0.316, 0.377,-1.970;
6.199,0.028,-0.378,0.028,-0.378, 0.134, 0.089, 2.284,0.000,0.000,0.000,-0.318, 0.376,-1.970;
6.212,0.026,-0.379,0.026,-0.379, 0.134, 0.089, 2.284,0.000,0.000,0.000,-0.320, 0.375,-1.970;
6.218,0.029,-0.428,0.029,-0.428, 0.134, 0.089, 2.275,0.000,0.000,-1.550,-0.321, 0.375,-1.961;
6.227,0.024,-0.379,0.024,-0.379, 0.134, 0.089, 2.284,0.000,0.000,1.064,-0.322, 0.375,-1.970;
6.238,0.023,-0.380,0.023,-0.380, 0.134, 0.089, 2.284,0.000,0.000,0.000,-0.324, 0.374,-1.970;
6.260,0.021,-0.381,0.021,-0.381, 0.134, 0.089, 2.284,0.000,0.000,0.000,-0.327, 0.373,-1.970;
6.265,0.020,-0.381,0.020,-0.381, 0.134, 0.089, 2.284,0.000,0.000,0.000,-0.328, 0.372,-1.970;
6.275,0.019,-0.382,0.019,-0.382, 0.134, 0.089, 2.284,0.000,0.000,0.000,-0.329, 0.372,-1.970;
6.297,0.017,-0.383,0.017,-0.383, 0.134, 0.089, 2.284,0.000,0.000,0.000,-0.332, 0.370,-1.970;
6.309,0.015,-0.383,0.015,-0.383, 0.134, 0.089, 2.284,0.000,0.000,0.000,-0.334, 0.370,-1.970;
6.321,0.014,-0.384,0.014,-0.384, 0.134, 0.089, 2.284,0.000,0.000,0.000,-0.336, 0.369,-1.970;
6.333,0.013,-0.384,0.013,-0.384, 0.134, 0.089, 2.284,0.000,0.000,0.000,-0.337, 0.368,-1.970;
6.347,0.011,-0.385,0.011,-0.385, 0.134, 0.089, 2.284,0.000,0.000,0.000,-0.339, 0.367,-1.970;
6.351,0.011,-0.385,0.011,-0.385, 0.134, 0.089, 2.284,0.000,0.000,0.000,-0.340, 0.367,-1.970;
6.370,0.008,-0.386,0.008,-0.386, 0.134, 0.089, 2.284,0.000,0.000,0.000,-0.343, 0.366,-1.970;
6.382,0.007,-0.386,0.007,-0.386, 0.134, 0.089, 2.284,0.000,0.000,0.000,-0.344, 0.365,-1.970;
6.394,0.006,-0.387,0.006,-0.387, 0.134, 0.089, 2.284,0.000,0.000,0.000,-0.346, 0.364,-1.970;
6.406,0.004,-0.387,0.004,-0.387, 0.134, 0.089, 2.284,0.000,0.000,0.000,-0.348, 0.363,-1.970;
6.417,0.003,-0.388,0.003,-0.388, 0.134, 0.089, 2.284,0.000,0.000,0.000,-0.349, 0.363,-1.970;
6.428,0.002,-0.388,0.002,-0.388, 0.134, 0.089, 2.284,0.000,0.000,0.000,-0.351, 0.362,-1.970;
6.440,0.000,-0.388,0.000,-0.388, 0.134, 0.089, 2.284,0.000,0.000,0.000,-0.353, 0.361,-1.970;
6.451,-0.001,-0.389,-0.001,-0.389, 0.134, 0.089, 2.284,0.000,0.000,0.000,-0.354, 0.360,-1.970;
6.462,-0.002,-0.389,-0.002,-0.389, 0.134, 0.089, 2.284,0.000,0.000,0.000,-0.356, 0.359,-1.970;
6.473,-0.003,-0.390,-0.003,-0.390, 0.134, 0.089, 2.284,0.000,0.000,0.000,-0.357, 0.359,-1.970;
6.484,-0.005,-0.390,-0.005,-0.390, 0.134, 0.089, 2.284,0.000,0.000,0.000,-0.359, 0.358,-1.970;
6.495,-0.006,-0.391,-0.006,-0.391, 0.134, 0.089, 2.284,0.000,0.000,0.000,-0.360, 0.357,-1.970;
6.516,-0.008,-0.391,-0.008,-0.391, 0.134, 0.089, 2.284,0.000,0.000,0.000,-0.363, 0.356,-1.970;
6.528,-0.010,-0.392,-0.010,-0.392, 0.134, 0.089, 2.284,0.000,0.000,0.000,-0.365, 0.355,-1.970;
6.539,-0.011,-0.392,-0.011,-0.392, 0.134, 0.089, 2.284,0.000,0.000,0.000,-0.367, 0.354,-1.970;
6.551,-0.012,-0.393,-0.012,-0.393, 0.134, 0.089, 2.284,0.000,0.000,0.000,-0.368, 0.353,-1.970;
6.563,-0.014,-0.393,-0.014,-0.393, 0.134, 0.089, 2.284,0.000,0.000,0.000,-0.370, 0.352,-1.970;
6.576,-0.015,-0.394,-0.015,-0.394, 0.134, 0.089, 2.284,0.000,0.000,0.000,-0.372, 0.351,-1.970;
6.587,-0.016,-0.394,-0.016,-0.394, 0.134, 0.089, 2.284,0.000,0.000,0.000,-0.373, 0.350,-1.970;
6.598,-0.018,-0.394,-0.018,-0.394, 0.134, 0.089, 2.284,0.000,0.000,0.000,-0.375, 0.349,-1.970;
6.611,-0.019,-0.395,-0.019,-0.395, 0.134, 0.089, 2.284,0.000,0.000,0.000,-0.376, 0.349,-1.970;
6.622,-0.021,-0.395,-0.021,-0.395, 0.134, 0.089, 2.284,0.000,0.000,0.000,-0.378, 0.348,-1.970;
6.634,-0.022,-0.395,-0.022,-0.395, 0.134, 0.089, 2.284,0.000,0.000,0.000,-0.380, 0.347,-1.970;
6.645,-0.023,-0.396,-0.023,-0.396, 0.134, 0.089, 2.284,0.000,0.000,0.000,-0.381, 0.346,-1.970;
6.657,-0.025,-0.396,-0.025,-0.396, 0.134, 0.089, 2.284,0.000,0.000,0.000,-0.383, 0.345,-1.970;
6.668,-0.026,-0.397,-0.026,-0.397, 0.134, 0.089, 2.284,0.000,0.000,0.000,-0.384, 0.344,-1.970;
6.680,-0.027,-0.397,-0.027,-0.397, 0.134, 0.089, 2.284,0.000,0.000,0.000,-0.386, 0.343,-1.970;
6.691,-0.029,-0.397,-0.029,-0.397, 0.134, 0.089, 2.284,0.000,0.000,0.000,-0.387, 0.342,-1.970;
6.703,-0.030,-0.398,-0.030,-0.398, 0.134, 0.089, 2.284,0.000,0.000,0.000,-0.389, 0.341,-1.970;
6.725,-0.033,-0.398,-0.033,-0.398, 0.134, 0.089, 2.284,0.000,0.000,0.000,-0.392, 0.340,-1.970;
6.729,-0.033,-0.398,-0.033,-0.398, 0.134, 0.089, 2.284,0.000,0.000,0.000,-0.393, 0.339,-1.970;
6.739,-0.034,-0.399,-0.034,-0.399, 0.134, 0.089, 2.284,0.000,0.000,0.000,-0.394, 0.338,-1.970;
6.761,-0.037,-0.399,-0.037,-0.399, 0.134, 0.089, 2.284,0.000,0.000,0.000,-0.397, 0.337,-1.970;
6.773,-0.038,-0.400,-0.038,-0.400, 0.134, 0.089, 2.284,0.000,0.000,0.000,-0.398, 0.336,-1.970;
6.785,-0.040,-0.400,-0.040,-0.400, 0.134, 0.089, 2.284,0.000,0.000,0.000,-0.400, 0.335,-1.970;
6.797,-0.041,-0.400,-0.041,-0.400, 0.134, 0.089, 2.284,0.000,0.000,0.000,-0.402, 0.334,-1.970;
6.808,-0.042,-0.401,-0.042,-0.401, 0.134, 0.089, 2.284,0.000,0.000,0.000,-0.403, 0.333,-1.970;
6.821,-0.044,-0.401,-0.044,-0.401, 0.134, 0.089, 2.284,0.000,0.000,0.000,-0.405, 0.332,-1.970;
6.834,-0.045,-0.401,-0.045,-0.401, 0.134, 0.089, 2.284,0.000,0.000,0.000,-0.406, 0.331,-1.970;
6.846,-0.047,-0.402,-0.047,-0.402, 0.134, 0.089, 2.284,0.000,0.000,0.000,-0.408, 0.329,-1.970;
6.858,-0.048,-0.402,-0.048,-0.402, 0.134, 0.089, 2.284,0.000,0.000,0.000,-0.410, 0.328,-1.970;
6.870,-0.050,-0.402,-0.050,-0.402, 0.134, 0.089, 2.284,0.000,0.000,0.000,-0.411, 0.327,-1.970;
6.882,-0.051,-0.402,-0.051,-0.402, 0.134, 0.089, 2.284,0.000,0.000,0.000,-0.413, 0.326,-1.970;
6.894,-0.052,-0.403,-0.052,-0.403, 0.134, 0.089, 2.284,0.000,0.000,0.000,-0.414, 0.325,-1.970;
6.905,-0.054,-0.403,-0.054,-0.403, 0.134, 0.089, 2.284,0.000,0.000,0.000,-0.416, 0.324,-1.970;
6.918,-0.055,-0.403,-0.055,-0.403, 0.134, 0.089, 2.284,0.000,0.000,0.000,-0.417, 0.323,-1.970;
6.931,-0.057,-0.403,-0.057,-0.403, 0.134, 0.089, 2.284,0.000,0.000,0.000,-0.419, 0.322,-1.970;
6.942,-0.058,-0.404,-0.058,-0.404, 0.134, 0.089, 2.284,0.000,0.000,0.000,-0.421, 0.321,-1.970;
6.954,-0.060,-0.404,-0.060,-0.404, 0.134, 0.089, 2.284,0.000,0.000,0.000,-0.422, 0.320,-1.970;
6.966,-0.061,-0.404,-0.061,-0.404, 0.134, 0.089, 2.284,0.000,0.000,0.000,-0.424, 0.319,-1.970;
6.977,-0.062,-0.404,-0.062,-0.404, 0.134, 0.089, 2.284,0.000,0.000,0.000,-0.425, 0.318,-1.970;
6.989,-0.064,-0.405,-0.064,-0.405, 0.134, 0.089, 2.284,0.000,0.000,0.000,-0.427, 0.317,-1.970;
7.000,-0.065,-0.405,-0.065,-0.405, 0.134, 0.089, 2.284,0.000,0.000,0.000,-0.428, 0.316,-1.970;
7.012,-0.066,-0.405,-0.066,-0.405, 0.134, 0.089, 2.284,0.000,0.000,0.000,-0.429, 0.315,-1.970;
7.023,-0.068,-0.405,-0.068,-0.405, 0.134, 0.089, 2.284,0.000,0.000,0.000,-0.431, 0.314,-1.970;
7.035,-0.069,-0.406,-0.069,-0.406, 0.134, 0.089, 2.284,0.000,0.000,0.000,-0.432, 0.313,-1.970;
7.046,-0.071,-0.406,-0.071,-0.406, 0.134, 0.089, 2.284,0.000,0.000,0.000,-0.434, 0.311,-1.970;
7.057,-0.072,-0.406,-0.072,-0.406, 0.134, 0.089, 2.284,0.000,0.000,0.000,-0.435, 0.310,-1.970;
7.079,-0.075,-0.406,-0.075,-0.406, 0.134, 0.089, 2.284,0.000,0.000,0.000,-0.438, 0.308,-1.970;
7.085,-0.075,-0.406,-0.075,-0.406, 0.134, 0.089, 2.284,0.000,0.000,0.000,-0.439, 0.308,-1.970;
7.096,-0.077,-0.407,-0.077,-0.407, 0.134, 0.089, 2.284,0.000,0.000,0.000,-0.440, 0.307,-1.970;
7.107,-0.088,-0.460,-0.088,-0.460, 0.134, 0.089, 2.275,0.000,0.000,-0.839,-0.441, 0.306,-1.961;
7.119,-0.079,-0.407,-0.079,-0.407, 0.134, 0.089, 2.284,0.000,0.000,0.837,-0.443, 0.305,-1.970;
7.141,-0.082,-0.407,-0.082,-0.407, 0.134, 0.089, 2.284,0.000,0.000,0.000,-0.446, 0.302,-1.970;
7.144,-0.082,-0.407,-0.082,-0.407, 0.134, 0.089, 2.284,0.000,0.000,0.000,-0.446, 0.302,-1.970;
7.155,-0.084,-0.407,-0.084,-0.407, 0.134, 0.089, 2.284,0.000,0.000,0.000,-0.447, 0.301,-1.970;
7.178,-0.086,-0.408,-0.086,-0.408, 0.134, 0.089, 2.284,0.000,0.000,0.000,-0.450, 0.299,-1.970;
7.182,-0.087,-0.408,-0.087,-0.408, 0.134, 0.089, 2.284,0.000,0.000,0.000,-0.451, 0.298,-1.970;
7.191,-0.088,-0.408,-0.088,-0.408, 0.134, 0.089, 2.284,0.000,0.000,0.000,-0.452, 0.297,-1.970;
7.213,-0.091,-0.408,-0.091,-0.408, 0.134, 0.089, 2.284,0.000,0.000,0.000,-0.454, 0.295,-1.970;
7.225,-0.092,-0.408,-0.092,-0.408, 0.134, 0.089, 2.284,0.000,0.000,0.000,-0.456, 0.294,-1.970;
7.237,-0.093,-0.408,-0.093,-0.408, 0.134, 0.089, 2.284,0.000,0.000,0.000,-0.457, 0.293,-1.970;
7.249,-0.095,-0.408,-0.095,-0.408, 0.134, 0.089, 2.284,0.000,0.000,0.000,-0.459, 0.292,-1.970;
7.261,-0.096,-0.409,-0.096,-0.409, 0.134, 0.089, 2.284,0.000,0.000,0.000,-0.460, 0.290,-1.970;
7.274,-0.098,-0.409,-0.098,-0.409, 0.134, 0.089, 2.284,0.000,0.000,0.000,-0.462, 0.289,-1.970;
7.286,-0.099,-0.409,-0.099,-0.409, 0.134, 0.089, 2.284,0.000,0.000,0.000,-0.463, 0.288,-1.970;
7.298,-0.114,-0.462,-0.114,-0.462, 0.134, 0.089, 2.275,0.000,0.000,-0.783,-0.464, 0.286,-1.961;
7.310,-0.102,-0.409,-0.102,-0.409, 0.134, 0.089, 2.284,0.000,0.000,0.773,-0.466, 0.285,-1.970;
7.323,-0.104,-0.409,-0.104,-0.409, 0.134, 0.089, 2.284,0.000,0.000,0.000,-0.467, 0.284,-1.970;
7.335,-0.105,-0.409,-0.105,-0.409, 0.134, 0.089, 2.284,0.000,0.000,0.000,-0.469, 0.283,-1.970;
7.347,-0.121,-0.463,-0.121,-0.463, 0.134, 0.089, 2.275,0.000,0.000,-0.773,-0.470, 0.281,-1.961;
7.358,-0.108,-0.409,-0.108,-0.409, 0.134, 0.089, 2.284,0.000,0.000,0.821,-0.472, 0.280,-1.970;
7.370,-0.109,-0.409,-0.109,-0.409, 0.134, 0.089, 2.284,0.000,0.000,0.000,-0.473, 0.279,-1.970;
7.381,-0.111,-0.409,-0.111,-0.409, 0.134, 0.089, 2.284,0.000,0.000,0.000,-0.474, 0.278,-1.970;
7.393,-0.112,-0.409,-0.112,-0.409, 0.134, 0.089, 2.284,0.000,0.000,0.000,-0.476, 0.276,-1.970;
7.404,-0.114,-0.409,-0.114,-0.409, 0.134, 0.089, 2.284,0.000,0.000,0.000,-0.477, 0.275,-1.970;
7.415,-0.115,-0.409,-0.115,-0.409, 0.134, 0.089, 2.284,0.000,0.000,0.000,-0.478, 0.274,-1.970;
7.426,-0.116,-0.410,-0.116,-0.410, 0.134, 0.089, 2.284,0.000,0.000,0.000,-0.479, 0.273,-1.970;
7.437,-0.118,-0.410,-0.118,-0.410, 0.134, 0.089, 2.284,0.000,0.000,0.000,-0.481, 0.272,-1.970;
7.449,-0.119,-0.410,-0.119,-0.410, 0.134, 0.089, 2.284,0.000,0.000,0.000,-0.482, 0.270,-1.970;
7.470,-0.122,-0.410,-0.122,-0.410, 0.134, 0.089, 2.284,0.000,0.000,0.000,-0.484, 0.268,-1.970;
7.481,-0.123,-0.410,-0.123,-0.410, 0.134, 0.089, 2.284,0.000,0.000,0.000,-0.486, 0.267,-1.970;
7.493,-0.124,-0.410,-0.124,-0.410, 0.134, 0.089, 2.284,0.000,0.000,0.000,-0.487, 0.266,-1.970;
7.505,-0.126,-0.410,-0.126,-0.410, 0.134, 0.089, 2.284,0.000,0.000,0.000,-0.488, 0.264,-1.970;
7.516,-0.127,-0.410,-0.127,-0.410, 0.134, 0.089, 2.284,0.000,0.000,0.000,-0.489, 0.263,-1.970;
7.528,-0.129,-0.410,-0.129,-0.410, 0.134, 0.089, 2.284,0.000,0.000,0.000,-0.491, 0.262,-1.970;
7.539,-0.130,-0.410,-0.130,-0.410, 0.134, 0.089, 2.284,0.000,0.000,0.000,-0.492, 0.260,-1.970;
7.550,-0.131,-0.410,-0.131,-0.410, 0.134, 0.089, 2.284,0.000,0.000,0.000,-0.493, 0.259,-1.970;
7.561,-0.133,-0.410,-0.133,-0.410, 0.134, 0.089, 2.284,0.000,0.000,0.000,-0.494, 0.258,-1.970;
7.572,-0.134,-0.410,-0.134,-0.410, 0.134, 0.089, 2.284,0.000,0.000,0.000,-0.495, 0.257,-1.970;
7.583,-0.135,-0.409,-0.135,-0.409, 0.134, 0.089, 2.284,0.000,0.000,0.000,-0.497, 0.255,-1.970;
7.605,-0.138,-0.409,-0.138,-0.409, 0.134, 0.089, 2.284,0.000,0.000,0.000,-0.499, 0.253,-1.970;
7.617,-0.139,-0.409,-0.139,-0.409, 0.134, 0.089, 2.284,0.000,0.000,0.000,-0.500, 0.252,-1.970;
7.629,-0.141,-0.409,-0.141,-0.409, 0.134, 0.089, 2.284,0.000,0.000,0.000,-0.502, 0.250,-1.970;
7.641,-0.142,-0.409,-0.142,-0.409, 0.134, 0.089, 2.284,0.000,0.000,0.000,-0.503, 0.249,-1.970;
7.653,-0.144,-0.409,-0.144,-0.409, 0.134, 0.089, 2.284,0.000,0.000,0.000,-0.504, 0.247,-1.970;
7.665,-0.145,-0.409,-0.145,-0.409, 0.134, 0.089, 2.284,0.000,0.000,0.000,-0.505, 0.246,-1.970;
7.678,-0.147,-0.409,-0.147,-0.409, 0.134, 0.089, 2.284,0.000,0.000,0.000,-0.507, 0.244,-1.970;
7.691,-0.148,-0.409,-0.148,-0.409, 0.134, 0.089, 2.284,0.000,0.000,0.000,-0.508, 0.243,-1.970;
7.694,-0.149,-0.409,-0.149,-0.409, 0.134, 0.089, 2.284,0.000,0.000,0.000,-0.509, 0.243,-1.970;
7.705,-0.150,-0.409,-0.150,-0.409, 0.134, 0.089, 2.284,0.000,0.000,0.000,-0.510, 0.241,-1.970;
7.727,-0.153,-0.409,-0.153,-0.409, 0.134, 0.089, 2.284,0.000,0.000,0.000,-0.512, 0.239,-1.970;
7.739,-0.154,-0.409,-0.154,-0.409, 0.134, 0.089, 2.284,0.000,0.000,0.000,-0.513, 0.237,-1.970;
7.751,-0.155,-0.408,-0.155,-0.408, 0.134, 0.089, 2.284,0.000,0.000,0.000,-0.514, 0.236,-1.970;
7.764,-0.157,-0.408,-0.157,-0.408, 0.134, 0.089, 2.284,0.000,0.000,0.000,-0.516, 0.234,-1.970;
7.767,-0.157,-0.408,-0.157,-0.408, 0.134, 0.089, 2.284,0.000,0.000,0.000,-0.516, 0.234,-1.970;
7.788,-0.160,-0.408,-0.160,-0.408, 0.134, 0.089, 2.284,0.000,0.000,0.000,-0.518, 0.231,-1.970;
7.800,-0.161,-0.408,-0.161,-0.408, 0.134, 0.089, 2.284,0.000,0.000,0.000,-0.519, 0.230,-1.970;
7.812,-0.163,-0.408,-0.163,-0.408, 0.134, 0.089, 2.284,0.000,0.000,0.000,-0.520, 0.228,-1.970;
7.823,-0.164,-0.408,-0.164,-0.408, 0.134, 0.089, 2.284,0.000,0.000,0.000,-0.522, 0.227,-1.970;
7.836,-0.166,-0.407,-0.166,-0.407, 0.134, 0.089, 2.284,0.000,0.000,0.000,-0.523, 0.226,-1.970;
7.848,-0.167,-0.407,-0.167,-0.407, 0.134, 0.089, 2.284,0.000,0.000,0.000,-0.524, 0.224,-1.970;
7.860,-0.169,-0.407,-0.169,-0.407, 0.134, 0.089, 2.284,0.000,0.000,0.000,-0.525, 0.223,-1.970;
7.873,-0.170,-0.407,-0.170,-0.407, 0.134, 0.089, 2.284,0.000,0.000,0.000,-0.526, 0.221,-1.970;
7.878,-0.171,-0.407,-0.171,-0.407, 0.134, 0.089, 2.284,0.000,0.000,0.000,-0.527, 0.220,-1.970;
7.889,-0.172,-0.407,-0.172,-0.407, 0.134, 0.089, 2.284,0.000,0.000,0.000,-0.528, 0.219,-1.970;
7.911,-0.175,-0.406,-0.175,-0.406, 0.134, 0.089, 2.284,0.000,0.000,0.000,-0.530, 0.216,-1.970;
7.915,-0.175,-0.406,-0.175,-0.406, 0.134, 0.089, 2.284,0.000,0.000,0.000,-0.531, 0.216,-1.970;
7.925,-0.176,-0.406,-0.176,-0.406, 0.134, 0.089, 2.284,0.000,0.000,0.000,-0.532, 0.215,-1.970;
7.947,-0.179,-0.406,-0.179,-0.406, 0.134, 0.089, 2.284,0.000,0.000,0.000,-0.534, 0.212,-1.970;
7.952,-0.180,-0.406,-0.180,-0.406, 0.134, 0.089, 2.284,0.000,0.000,0.000,-0.534, 0.211,-1.970;
7.963,-0.181,-0.406,-0.181,-0.406, 0.134, 0.089, 2.284,0.000,0.000,0.000,-0.535, 0.210,-1.970;
7.974,-0.182,-0.405,-0.182,-0.405, 0.134, 0.089, 2.284,0.000,0.000,0.000,-0.536, 0.208,-1.970;
7.996,-0.185,-0.405,-0.185,-0.405, 0.134, 0.089, 2.284,0.000,0.000,0.000,-0.538, 0.206,-1.970;
8.008,-0.186,-0.405,-0.186,-0.405, 0.134, 0.089, 2.284,0.000,0.000,0.000,-0.539, 0.204,-1.970;
8.020,-0.188,-0.405,-0.188,-0.405, 0.134, 0.089, 2.284,0.000,0.000,0.000,-0.540, 0.203,-1.970;
8.032,-0.189,-0.404,-0.189,-0.404, 0.134, 0.089, 2.284,0.000,0.000,0.000,-0.541, 0.201,-1.970;
8.043,-0.190,-0.404,-0.190,-0.404, 0.134, 0.089, 2.284,0.000,0.000,0.000,-0.543, 0.200,-1.970;
8.055,-0.192,-0.404,-0.192,-0.404, 0.134, 0.089, 2.284,0.000,0.000,0.000,-0.544, 0.198,-1.970;
8.067,-0.193,-0.404,-0.193,-0.404, 0.134, 0.089, 2.284,0.000,0.000,0.000,-0.545, 0.197,-1.970;
8.079,-0.195,-0.403,-0.195,-0.403, 0.134, 0.089, 2.284,0.000,0.000,0.000,-0.546, 0.195,-1.970;
8.091,-0.196,-0.403,-0.196,-0.403, 0.134, 0.089, 2.284,0.000,0.000,0.000,-0.547, 0.193,-1.970;
8.103,-0.198,-0.403,-0.198,-0.403, 0.134, 0.089, 2.284,0.000,0.000,0.000,-0.548, 0.192,-1.970;
8.115,-0.199,-0.402,-0.199,-0.402, 0.134, 0.089, 2.284,0.000,0.000,0.000,-0.549, 0.190,-1.970;
8.127,-0.200,-0.402,-0.200,-0.402, 0.134, 0.089, 2.284,0.000,0.000,0.000,-0.550, 0.189,-1.970;
8.138,-0.202,-0.402,-0.202,-0.402, 0.134, 0.089, 2.284,0.000,0.000,0.000,-0.551, 0.187,-1.970;
8.149,-0.203,-0.402,-0.203,-0.402, 0.134, 0.089, 2.284,0.000,0.000,0.000,-0.552, 0.186,-1.970;
8.160,-0.204,-0.401,-0.204,-0.401, 0.134, 0.089, 2.284,0.000,0.000,0.000,-0.553, 0.184,-1.970;
8.171,-0.206,-0.401,-0.206,-0.401, 0.134, 0.089, 2.284,0.000,0.000,0.000,-0.554, 0.183,-1.970;
8.182,-0.207,-0.401,-0.207,-0.401, 0.134, 0.089, 2.284,0.000,0.000,0.000,-0.555, 0.182,-1.970;
8.203,-0.209,-0.400,-0.209,-0.400, 0.134, 0.089, 2.284,0.000,0.000,0.000,-0.556, 0.179,-1.970;
