0.000,0.000,0.000,0.000,0.000, 0.000, 0.000, 0.000,0.000,0.000,0.000, 0.000, 0.000, 0.000, 0.000, 0.000, 0.000, 0.000, 0.000, 0.000;
0.012,-3.429,-1.486,-3.429,-1.486,-0.047,-0.022, 0.044,0.000,0.000,0.000, 0.547, 0.032, 1.545, 0.034, 0.830, 1.571,-0.049,-0.045, 0.000;
0.024,-0.090,3.855,-0.090,3.855,-0.047,-0.022, 0.044,0.000,0.000,0.000, 0.547, 0.041, 1.565, 0.069, 0.876, 1.571,-0.099,-0.091, 0.000;
0.037,-2.127,3.621,-2.127,3.621,-0.047,-0.022, 0.044,0.000,0.000,0.000, 0.546, 0.051, 1.584, 0.100, 0.919, 1.571,-0.146,-0.135, 0.000;
0.049,-2.004,1.363,-2.004,1.363,-0.047,-0.022, 0.044,0.000,0.000,0.000, 0.545, 0.061, 1.604, 0.132, 0.873, 1.571,-0.193,-0.090, 0.000;
0.061,-1.845,-0.618,-1.845,-0.618,-0.047,-0.022, 0.044,0.000,0.000,0.000, 0.545, 0.070, 1.622, 0.158, 0.831, 1.571,-0.233,-0.049, 0.000;
0.073,0.280,-0.586,0.280,-0.586,-0.047,-0.022, 0.044,0.000,0.000,0.000, 0.544, 0.080, 1.642, 0.099, 0.786, 1.571,-0.189,-0.006, 0.000;
0.088,0.248,1.811,0.248,1.811,-0.047,-0.022, 0.044,0.000,0.000,0.000, 0.542, 0.091, 1.665, 0.028, 0.836, 1.571,-0.137,-0.058, 0.000;
0.100,2.231,1.794,2.231,1.794,-0.047,-0.022, 0.044,0.000,0.000,0.000, 0.541, 0.100, 1.683,-0.026, 0.794, 1.571,-0.096,-0.018, 0.000;
0.111,2.211,3.631,2.211,3.631,-0.047,-0.022, 0.044,0.000,0.000,0.000, 0.539, 0.109, 1.701,-0.080, 0.832, 1.571,-0.056,-0.059, 0.000;
0.123,4.314,3.644,4.314,3.644,-0.047,-0.022, 0.044,0.000,0.000,0.000, 0.538, 0.119, 1.721,-0.139, 0.786, 1.571,-0.013,-0.015, 0.000;
0.136,2.333,3.471,2.333,3.471,-0.047,-0.022, 0.044,0.000,0.000,0.000, 0.536, 0.128, 1.740,-0.110, 0.826, 1.571,-0.056,-0.059, 0.000;
0.148,4.366,3.471,4.366,3.471,-0.047,-0.022, 0.044,0.000,0.000,0.000, 0.533, 0.137, 1.759,-0.166, 0.781, 1.571,-0.014,-0.017, 0.000;
0.160,2.428,3.300,2.428,3.300,-0.047,-0.022, 0.044,0.000,0.000,0.000, 0.531, 0.146, 1.778,-0.138, 0.820, 1.571,-0.057,-0.059, 0.000;
0.172,2.318,5.252,2.318,5.252,-0.047,-0.025, 0.059,0.000,-0.185,1.216, 0.529, 0.158, 1.782,-0.195, 0.858, 1.571,-0.014,-0.101, 0.000;
0.184,2.524,3.105,2.524,3.105,-0.047,-0.025, 0.059,0.000,0.000,0.000, 0.526, 0.167, 1.801,-0.167, 0.811, 1.571,-0.057,-0.058, 0.000;
0.196,2.693,1.070,2.693,1.070,-0.049,-0.025, 0.058,-0.191,0.000,-0.073, 0.526, 0.176, 1.820,-0.139, 0.766, 1.571,-0.099,-0.017, 0.000;
0.208,2.663,3.011,2.663,3.011,-0.047,-0.025, 0.059,0.186,0.000,0.071, 0.520, 0.185, 1.838,-0.196, 0.803, 1.571,-0.056,-0.059, 0.000;
0.219,4.595,3.012,4.595,3.012,-0.047,-0.025, 0.059,0.000,0.000,0.000, 0.518, 0.193, 1.856,-0.250, 0.758, 1.571,-0.016,-0.019, 0.000;
0.231,2.655,2.852,2.655,2.852,-0.047,-0.025, 0.073,0.000,0.000,1.244, 0.514, 0.202, 1.860,-0.222, 0.794, 1.571,-0.057,-0.060, 0.000;
0.243,4.723,2.914,4.723,2.914,-0.047,-0.025, 0.073,0.000,0.000,0.000, 0.511, 0.211, 1.879,-0.279, 0.746, 1.571,-0.014,-0.017, 0.000;
0.255,4.635,4.786,4.635,4.786,-0.045,-0.025, 0.073,0.188,0.000,0.000, 0.505, 0.220, 1.898,-0.334, 0.782, 1.571, 0.028,-0.059, 0.000;
0.267,6.640,4.821,6.640,4.821,-0.042,-0.025, 0.073,0.187,0.000,0.000, 0.499, 0.228, 1.917,-0.390, 0.734, 1.571, 0.070,-0.017, 0.000;
0.278,4.782,4.637,4.782,4.637,-0.042,-0.025, 0.088,0.000,0.000,1.332, 0.495, 0.236, 1.919,-0.363, 0.767, 1.571, 0.031,-0.055, 0.000;
0.289,6.651,4.719,6.651,4.719,-0.040,-0.025, 0.088,0.202,0.000,0.000, 0.490, 0.244, 1.937,-0.415, 0.722, 1.571, 0.070,-0.017, 0.000;
0.300,6.513,6.444,6.513,6.444,-0.038,-0.025, 0.088,0.201,0.000,0.000, 0.483, 0.252, 1.954,-0.466, 0.755, 1.571, 0.109,-0.055, 0.000;
0.311,8.368,6.496,8.368,6.496,-0.036,-0.025, 0.088,0.201,0.000,0.000, 0.477, 0.259, 1.972,-0.517, 0.710, 1.571, 0.148,-0.016, 0.000;
0.333,11.969,6.748,11.969,6.748,-0.031,-0.022, 0.089,0.206,0.103,0.060, 0.464, 0.272, 2.004,-0.617, 0.620, 1.571, 0.225, 0.060, 0.000;
0.345,9.913,6.471,9.913,6.471,-0.029,-0.022, 0.103,0.188,0.000,1.117, 0.457, 0.280, 2.010,-0.587, 0.655, 1.571, 0.183, 0.018, 0.000;
0.357,9.722,8.308,9.722,8.308,-0.025,-0.022, 0.104,0.380,0.000,0.129, 0.448, 0.288, 2.027,-0.641, 0.689, 1.571, 0.224,-0.023, 0.000;
0.368,9.933,6.224,9.933,6.224,-0.022,-0.020, 0.103,0.192,0.192,-0.131, 0.441, 0.293, 2.046,-0.613, 0.640, 1.571, 0.183, 0.018, 0.000;
0.379,9.609,8.124,9.609,8.124,-0.018,-0.020, 0.119,0.401,0.000,1.461, 0.432, 0.301, 2.048,-0.663, 0.671, 1.571, 0.223,-0.021, 0.000;
0.391,11.411,8.393,11.411,8.393,-0.013,-0.020, 0.134,0.381,0.000,1.254, 0.422, 0.308, 2.051,-0.717, 0.622, 1.571, 0.264, 0.020, 0.000;
0.402,11.657,6.385,11.657,6.385,-0.011,-0.018, 0.134,0.198,0.198,0.000, 0.415, 0.313, 2.069,-0.688, 0.574, 1.571, 0.224, 0.060, 0.000;
0.413,11.282,8.275,11.282,8.275,-0.007,-0.018, 0.148,0.404,0.000,1.325, 0.405, 0.320, 2.072,-0.738, 0.605, 1.571, 0.263, 0.021, 0.000;
0.424,13.192,8.207,13.192,8.207,-0.002,-0.016, 0.134,0.409,0.205,-1.342, 0.395, 0.325, 2.104,-0.787, 0.558, 1.571, 0.302, 0.060, 0.000;
0.435,12.767,10.062,12.767,10.062, 0.002,-0.016, 0.148,0.411,0.000,1.346, 0.385, 0.331, 2.106,-0.836, 0.588, 1.571, 0.340, 0.021, 0.000;
0.446,14.563,10.185,14.563,10.185, 0.007,-0.013, 0.148,0.406,0.203,0.000, 0.376, 0.336, 2.123,-0.885, 0.540, 1.571, 0.378, 0.060, 0.000;
0.467,13.799,13.738,13.799,13.738, 0.011,-0.013, 0.163,0.212,0.000,0.693, 0.360, 0.348, 2.142,-0.978, 0.597, 1.571, 0.452,-0.013, 0.000;
0.479,14.113,11.562,14.113,11.562, 0.016,-0.013, 0.163,0.383,0.000,0.000, 0.350, 0.355, 2.160,-0.947, 0.546, 1.571, 0.411, 0.027, 0.000;
0.490,14.412,9.505,14.412,9.505, 0.020,-0.011, 0.163,0.384,0.192,0.000, 0.339, 0.359, 2.178,-0.917, 0.495, 1.571, 0.370, 0.068, 0.000;
0.502,16.285,9.687,16.285,9.687, 0.025,-0.009, 0.163,0.382,0.191,0.000, 0.328, 0.364, 2.197,-0.968, 0.444, 1.571, 0.411, 0.110, 0.000;
0.514,14.141,9.444,14.141,9.444, 0.029,-0.009, 0.177,0.374,0.000,1.213, 0.317, 0.370, 2.201,-0.936, 0.476, 1.571, 0.369, 0.067, 0.000;
0.525,15.943,9.665,15.943,9.665, 0.036,-0.007, 0.180,0.596,0.199,0.234, 0.304, 0.374, 2.216,-0.986, 0.426, 1.571, 0.409, 0.107, 0.000;
0.537,15.526,11.408,15.526,11.408, 0.040,-0.007, 0.180,0.384,0.000,0.000, 0.292, 0.380, 2.234,-1.036, 0.456, 1.571, 0.449, 0.066, 0.000;
0.549,15.868,9.274,15.868,9.274, 0.045,-0.004, 0.180,0.368,0.184,0.000, 0.281, 0.384, 2.253,-1.003, 0.402, 1.571, 0.407, 0.109, 0.000;
0.561,15.308,11.276,15.308,11.276, 0.051,-0.004, 0.194,0.574,0.000,1.253, 0.267, 0.390, 2.257,-1.054, 0.432, 1.571, 0.448, 0.068, 0.000;
0.572,15.629,9.264,15.629,9.264, 0.056,-0.002, 0.194,0.398,0.199,0.000, 0.256, 0.393, 2.275,-1.023, 0.382, 1.571, 0.409, 0.107, 0.000;
0.583,17.503,9.289,17.503,9.289, 0.062,-0.000, 0.183,0.603,0.201,-1.073, 0.242, 0.397, 2.304,-1.071, 0.332, 1.571, 0.448, 0.146, 0.000;
0.594,15.526,8.993,15.526,8.993, 0.067,-0.000, 0.194,0.407,0.000,1.086, 0.231, 0.402, 2.309,-1.040, 0.360, 1.571, 0.409, 0.108, 0.000;
0.605,17.467,9.012,17.467,9.012, 0.074, 0.002, 0.183,0.587,0.196,-1.046, 0.217, 0.405, 2.339,-1.089, 0.309, 1.571, 0.450, 0.148, 0.000;
0.617,17.742,6.989,17.742,6.989, 0.078, 0.004, 0.180,0.401,0.200,-0.243, 0.205, 0.408, 2.359,-1.058, 0.258, 1.571, 0.411, 0.187, 0.000;
0.638,16.856,10.712,16.856,10.712, 0.085, 0.004, 0.197,0.312,0.000,0.818, 0.184, 0.417, 2.376,-1.148, 0.312, 1.571, 0.486, 0.111, 0.000;
0.641,16.939,9.772,16.939,9.772, 0.089, 0.007, 0.194,1.278,0.639,-0.835, 0.178, 0.416, 2.384,-1.138, 0.296, 1.571, 0.474, 0.123, 0.000;
0.663,17.545,6.306,17.545,6.306, 0.096, 0.007, 0.197,0.311,0.000,0.135, 0.156, 0.425, 2.415,-1.076, 0.198, 1.571, 0.398, 0.199, 0.000;
0.675,15.538,5.569,15.538,5.569, 0.100, 0.009, 0.194,0.373,0.186,-0.243, 0.144, 0.427, 2.437,-1.041, 0.227, 1.571, 0.356, 0.156, 0.000;
0.687,17.424,5.600,17.424,5.600, 0.107, 0.011, 0.183,0.579,0.193,-1.030, 0.129, 0.429, 2.467,-1.089, 0.174, 1.571, 0.397, 0.197, 0.000;
0.698,16.883,7.525,16.883,7.525, 0.114, 0.011, 0.197,0.599,0.000,1.328, 0.115, 0.434, 2.469,-1.135, 0.202, 1.571, 0.436, 0.157, 0.000;
0.711,17.248,5.216,17.248,5.216, 0.118, 0.013, 0.197,0.339,0.170,0.000, 0.101, 0.436, 2.490,-1.096, 0.141, 1.571, 0.390, 0.204, 0.000;
0.723,16.768,7.063,16.768,7.063, 0.125, 0.013, 0.197,0.549,0.000,0.000, 0.086, 0.440, 2.509,-1.145, 0.170, 1.571, 0.433, 0.160, 0.000;
0.735,18.627,7.329,18.627,7.329, 0.132, 0.016, 0.200,0.559,0.186,0.251, 0.070, 0.442, 2.525,-1.193, 0.115, 1.571, 0.475, 0.202, 0.000;
0.747,16.700,6.467,16.700,6.467, 0.136, 0.018, 0.183,0.373,0.186,-1.489, 0.057, 0.443, 2.562,-1.157, 0.143, 1.571, 0.433, 0.160, 0.000;
0.759,16.099,8.613,16.099,8.613, 0.143, 0.018, 0.200,0.551,0.000,1.468, 0.042, 0.447, 2.563,-1.205, 0.172, 1.571, 0.476, 0.118, 0.000;
0.772,18.085,8.848,18.085,8.848, 0.150, 0.020, 0.200,0.529,0.176,0.000, 0.026, 0.448, 2.583,-1.255, 0.113, 1.571, 0.520, 0.162, 0.000;
0.784,16.156,7.982,16.156,7.982, 0.154, 0.022, 0.183,0.369,0.185,-1.475, 0.012, 0.449, 2.620,-1.218, 0.142, 1.571, 0.477, 0.120, 0.000;
0.796,15.535,10.045,15.535,10.045, 0.161, 0.022, 0.200,0.570,0.000,1.518,-0.003, 0.452, 2.620,-1.264, 0.169, 1.571, 0.518, 0.078, 0.000;
0.809,17.859,10.055,17.859,10.055, 0.167, 0.025, 0.185,0.486,0.162,-1.091,-0.020, 0.453, 2.657,-1.317, 0.105, 1.571, 0.567, 0.127, 0.000;
0.813,16.997,9.999,16.997,9.999, 0.172, 0.025, 0.200,1.243,0.000,4.192,-0.027, 0.454, 2.648,-1.306, 0.113, 1.571, 0.554, 0.114, 0.000;
0.825,18.974,10.037,18.974,10.037, 0.179, 0.027, 0.185,0.586,0.195,-1.317,-0.042, 0.454, 2.681,-1.350, 0.059, 1.571, 0.594, 0.154, 0.000;
0.847,15.146,9.414,15.146,9.414, 0.183, 0.027, 0.197,0.203,0.000,0.547,-0.064, 0.459, 2.703,-1.279, 0.111, 1.571, 0.517, 0.077, 0.000;
0.859,15.413,7.206,15.413,7.206, 0.190, 0.029, 0.200,0.550,0.183,0.247,-0.080, 0.459, 2.719,-1.240, 0.053, 1.571, 0.473, 0.119, 0.000;
0.872,17.569,7.224,17.569,7.224, 0.196, 0.031, 0.185,0.504,0.168,-1.133,-0.097, 0.459, 2.755,-1.290,-0.009, 1.571, 0.520, 0.166, 0.000;
0.876,16.688,7.224,16.688,7.224, 0.203, 0.031, 0.203,1.775,0.000,4.809,-0.106, 0.459, 2.743,-1.277,-0.000, 1.571, 0.507, 0.153, 0.000;
0.887,16.277,8.981,16.277,8.981, 0.208, 0.033, 0.200,0.383,0.192,-0.266,-0.120, 0.459, 2.764,-1.321, 0.026, 1.571, 0.548, 0.112, 0.000;
0.899,15.765,10.739,15.765,10.739, 0.214, 0.033, 0.203,0.593,0.000,0.274,-0.135, 0.460, 2.779,-1.363, 0.052, 1.571, 0.587, 0.072, 0.000;
0.910,16.084,8.650,16.084,8.650, 0.219, 0.036, 0.200,0.390,0.195,-0.270,-0.148, 0.459, 2.800,-1.325,-0.002, 1.571, 0.547, 0.112, 0.000;
0.932,19.752,8.989,19.752,8.989, 0.225, 0.038, 0.185,0.301,0.100,-0.676,-0.172, 0.459, 2.850,-1.406,-0.107, 1.571, 0.625, 0.191, 0.000;
0.937,18.678,8.915,18.678,8.915, 0.232, 0.038, 0.203,1.540,0.000,4.172,-0.183, 0.460, 2.839,-1.391,-0.097, 1.571, 0.609, 0.175, 0.000;
0.948,16.948,8.130,16.948,8.130, 0.237, 0.040, 0.185,0.402,0.201,-1.633,-0.196, 0.458, 2.874,-1.353,-0.072, 1.571, 0.570, 0.136, 0.000;
0.959,14.814,7.933,14.814,7.933, 0.243, 0.040, 0.203,0.580,0.000,1.572,-0.211, 0.459, 2.874,-1.313,-0.045, 1.571, 0.529, 0.095, 0.000;
0.971,16.792,7.914,16.792,7.914, 0.250, 0.042, 0.188,0.558,0.186,-1.272,-0.228, 0.457, 2.908,-1.356,-0.102, 1.571, 0.572, 0.138, 0.000;
0.993,13.031,7.307,13.031,7.307, 0.254, 0.042, 0.203,0.207,0.000,0.709,-0.249, 0.458, 2.927,-1.281,-0.053, 1.571, 0.495, 0.062, 0.000;
0.996,13.063,6.406,13.063,6.406, 0.261, 0.045, 0.188,2.449,0.816,-5.585,-0.258, 0.455, 2.947,-1.271,-0.066, 1.571, 0.486, 0.071, 0.000;
1.018,16.624,7.112,16.624,7.112, 0.268, 0.047, 0.191,0.303,0.101,0.134,-0.282, 0.453, 2.978,-1.349,-0.172, 1.571, 0.564, 0.150, 0.000;
1.030,14.376,6.649,14.376,6.649, 0.272, 0.047, 0.203,0.379,0.000,1.045,-0.296, 0.453, 2.985,-1.306,-0.144, 1.571, 0.521, 0.108, 0.000;
1.034,13.702,6.190,13.702,6.190, 0.279, 0.049, 0.191,1.694,0.565,-3.115,-0.305, 0.450, 3.003,-1.292,-0.135, 1.571, 0.507, 0.094, 0.000;
1.044,13.172,8.045,13.172,8.045, 0.283, 0.049, 0.203,0.411,0.000,1.133,-0.318, 0.450, 3.008,-1.329,-0.111, 1.571, 0.545, 0.056, 0.000;
1.067,16.888,8.487,16.888,8.487, 0.290, 0.051, 0.191,0.297,0.099,-0.545,-0.343, 0.446, 3.056,-1.406,-0.218, 1.571, 0.625, 0.135, 0.000;
1.074,15.554,8.014,15.554,8.014, 0.297, 0.054, 0.191,1.003,0.334,0.000,-0.355, 0.443, 3.066,-1.381,-0.203, 1.571, 0.601, 0.112, 0.000;
1.082,14.057,7.635,14.057,7.635, 0.301, 0.054, 0.191,0.530,0.000,0.000,-0.366, 0.442, 3.079,-1.349,-0.183, 1.571, 0.571, 0.082, 0.000;
1.093,14.334,5.724,14.334,5.724, 0.308, 0.056, 0.191,0.603,0.201,0.000,-0.381, 0.439, 3.097,-1.309,-0.236, 1.571, 0.532, 0.121, 0.000;
1.115,10.609,4.918,10.609,4.918, 0.312, 0.056, 0.191,0.203,0.000,0.000,-0.402, 0.436, 3.131,-1.227,-0.185, 1.571, 0.454, 0.044, 0.000;
1.127,10.794,2.796,10.794,2.796, 0.319, 0.058, 0.191,0.575,0.192,0.000,-0.418, 0.432, 3.150,-1.183,-0.240, 1.571, 0.413, 0.085, 0.000;
1.139,8.702,2.433,8.702,2.433, 0.324, 0.058, 0.207,0.382,0.000,1.325,-0.432, 0.430, 3.153,-1.139,-0.213, 1.571, 0.372, 0.044, 0.000;
1.150,10.579,2.588,10.579,2.588, 0.330, 0.060, 0.194,0.562,0.187,-1.044,-0.447, 0.426, 3.184,-1.178,-0.270, 1.571, 0.414, 0.086, 0.000;
1.162,12.382,2.844,12.382,2.844, 0.337, 0.062, 0.194,0.559,0.186,0.000,-0.463, 0.421, 3.203,-1.216,-0.326, 1.571, 0.456, 0.128, 0.000;
1.175,10.202,2.318,10.202,2.318, 0.341, 0.062, 0.194,0.360,0.000,0.000,-0.477, 0.419, 3.222,-1.169,-0.297, 1.571, 0.413, 0.084, 0.000;
1.187,12.100,2.593,12.100,2.593, 0.348, 0.065, 0.194,0.544,0.181,0.000,-0.493, 0.414, 3.241,-1.208,-0.355, 1.571, 0.456, 0.128, 0.000;
1.200,9.807,2.047,9.807,2.047, 0.353, 0.065, 0.194,0.342,0.000,0.000,-0.507, 0.411, 3.262,-1.157,-0.325, 1.571, 0.410, 0.082, 0.000;
1.212,11.589,2.297,11.589,2.297, 0.359, 0.067, 0.194,0.574,0.191,0.000,-0.523, 0.406, 3.280,-1.194,-0.379, 1.571, 0.452, 0.123, 0.000;
1.224,9.526,1.802,9.526,1.802, 0.364, 0.067, 0.194,0.383,0.000,0.000,-0.536, 0.403, 3.299,-1.148,-0.352, 1.571, 0.411, 0.082, 0.000;
1.235,11.286,2.098,11.286,2.098, 0.371, 0.069, 0.197,0.582,0.194,0.274,-0.551, 0.397, 3.313,-1.184,-0.406, 1.571, 0.451, 0.122, 0.000;
1.246,12.995,2.139,12.995,2.139, 0.377, 0.071, 0.181,0.595,0.198,-1.429,-0.566, 0.392, 3.347,-1.218,-0.458, 1.571, 0.491, 0.162, 0.000;
1.258,10.970,1.867,10.970,1.867, 0.382, 0.071, 0.197,0.399,0.000,1.436,-0.578, 0.388, 3.349,-1.173,-0.431, 1.571, 0.451, 0.122, 0.000;
1.269,12.696,1.922,12.696,1.922, 0.388, 0.074, 0.181,0.604,0.201,-1.450,-0.593, 0.382, 3.382,-1.207,-0.483, 1.571, 0.491, 0.161, 0.000;
1.280,10.719,1.659,10.719,1.659, 0.393, 0.074, 0.197,0.409,0.000,1.472,-0.605, 0.379, 3.383,-1.163,-0.456, 1.571, 0.452, 0.123, 0.000;
1.290,12.389,1.917,12.389,1.917, 0.400, 0.076, 0.197,0.612,0.204,0.000,-0.620, 0.373, 3.400,-1.196,-0.507, 1.571, 0.491, 0.161, 0.000;
1.301,10.440,1.454,10.440,1.454, 0.404, 0.076, 0.197,0.408,0.000,0.000,-0.632, 0.369, 3.418,-1.151,-0.480, 1.571, 0.452, 0.122, 0.000;
1.323,13.796,2.111,13.796,2.111, 0.411, 0.078, 0.201,0.316,0.105,0.154,-0.653, 0.359, 3.448,-1.214,-0.578, 1.571, 0.527, 0.197, 0.000;
1.334,11.647,1.314,11.647,1.314, 0.415, 0.080, 0.181,0.385,0.193,-1.669,-0.666, 0.352, 3.485,-1.165,-0.549, 1.571, 0.485, 0.156, 0.000;
1.346,9.551,1.026,9.551,1.026, 0.420, 0.080, 0.197,0.381,0.000,1.372,-0.678, 0.348, 3.487,-1.116,-0.520, 1.571, 0.443, 0.114, 0.000;
1.359,11.528,1.158,11.528,1.158, 0.426, 0.083, 0.181,0.524,0.175,-1.259,-0.693, 0.340, 3.524,-1.152,-0.579, 1.571, 0.488, 0.159, 0.000;
1.370,9.420,0.854,9.420,0.854, 0.431, 0.083, 0.197,0.384,0.000,1.381,-0.705, 0.335, 3.526,-1.103,-0.550, 1.571, 0.447, 0.118, 0.000;
1.382,11.289,1.013,11.289,1.013, 0.437, 0.085, 0.184,0.551,0.184,-1.076,-0.720, 0.328, 3.558,-1.138,-0.605, 1.571, 0.490, 0.161, 0.000;
1.394,9.179,0.676,9.179,0.676, 0.442, 0.085, 0.197,0.381,0.000,1.115,-0.732, 0.322, 3.563,-1.088,-0.575, 1.571, 0.449, 0.119, 0.000;
1.406,10.949,1.004,10.949,1.004, 0.449, 0.087, 0.201,0.574,0.191,0.279,-0.746, 0.315, 3.578,-1.121,-0.628, 1.571, 0.490, 0.160, 0.000;
1.418,8.873,0.367,8.873,0.367, 0.453, 0.089, 0.184,0.380,0.190,-1.389,-0.758, 0.307, 3.613,-1.071,-0.598, 1.571, 0.448, 0.119, 0.000;
1.429,8.320,2.351,8.320,2.351, 0.460, 0.089, 0.201,0.573,0.000,1.397,-0.772, 0.301, 3.615,-1.103,-0.568, 1.571, 0.490, 0.078, 0.000;
1.441,8.570,0.166,8.570,0.166, 0.464, 0.092, 0.184,0.377,0.188,-1.378,-0.784, 0.293, 3.650,-1.052,-0.621, 1.571, 0.448, 0.120, 0.000;
1.453,8.019,2.139,8.019,2.139, 0.471, 0.092, 0.204,0.584,0.000,1.717,-0.797, 0.287, 3.648,-1.083,-0.592, 1.571, 0.488, 0.079, 0.000;
1.463,8.242,0.091,8.242,0.091, 0.475, 0.094, 0.184,0.409,0.205,-1.806,-0.808, 0.279, 3.685,-1.036,-0.640, 1.571, 0.450, 0.118, 0.000;
1.475,7.705,2.058,7.705,2.058, 0.482, 0.094, 0.204,0.586,0.000,1.723,-0.821, 0.273, 3.684,-1.067,-0.610, 1.571, 0.490, 0.077, 0.000;
1.486,7.939,-0.016,7.939,-0.016, 0.487, 0.096, 0.187,0.396,0.198,-1.472,-0.832, 0.265, 3.718,-1.018,-0.660, 1.571, 0.451, 0.117, 0.000;
1.498,9.796,0.315,9.796,0.315, 0.493, 0.098, 0.187,0.544,0.181,0.000,-0.846, 0.256, 3.737,-1.051,-0.714, 1.571, 0.494, 0.160, 0.000;
1.512,7.454,-0.175,7.454,-0.175, 0.498, 0.098, 0.187,0.339,0.000,0.000,-0.858, 0.249, 3.758,-0.993,-0.679, 1.571, 0.448, 0.114, 0.000;
1.523,7.657,-2.121,7.657,-2.121, 0.502, 0.100, 0.187,0.390,0.195,0.000,-0.868, 0.240, 3.776,-0.942,-0.729, 1.571, 0.407, 0.154, 0.000;
1.535,7.126,-0.246,7.126,-0.246, 0.507, 0.100, 0.187,0.378,0.000,0.000,-0.879, 0.233, 3.794,-0.973,-0.697, 1.571, 0.449, 0.112, 0.000;
1.547,8.944,0.057,8.944,0.057, 0.513, 0.103, 0.187,0.560,0.187,0.000,-0.892, 0.224, 3.813,-1.004,-0.749, 1.571, 0.491, 0.154, 0.000;
1.558,6.878,-0.260,6.878,-0.260, 0.518, 0.103, 0.204,0.388,0.000,1.440,-0.902, 0.217, 3.815,-0.952,-0.718, 1.571, 0.450, 0.114, 0.000;
1.580,10.379,0.288,10.379,0.288, 0.525, 0.105, 0.191,0.303,0.101,-0.605,-0.920, 0.201, 3.863,-1.009,-0.812, 1.571, 0.528, 0.191, 0.000;
1.584,9.501,0.095,9.501,0.095, 0.529, 0.105, 0.191,1.335,0.000,0.000,-0.926, 0.199, 3.868,-0.993,-0.803, 1.571, 0.516, 0.179, 0.000;
1.595,7.576,-0.354,7.576,-0.354, 0.533, 0.107, 0.187,0.390,0.195,-0.280,-0.936, 0.190, 3.889,-0.941,-0.771, 1.571, 0.475, 0.139, 0.000;
1.608,7.818,-2.520,7.818,-2.520, 0.538, 0.109, 0.187,0.343,0.172,0.000,-0.946, 0.179, 3.910,-0.883,-0.826, 1.571, 0.429, 0.185, 0.000;
1.620,7.283,-0.673,7.283,-0.673, 0.545, 0.109, 0.191,0.589,0.000,0.282,-0.958, 0.172, 3.924,-0.911,-0.794, 1.571, 0.469, 0.144, 0.000;
1.642,7.863,-4.413,7.863,-4.413, 0.549, 0.112, 0.191,0.199,0.099,0.000,-0.972, 0.155, 3.960,-0.809,-0.887, 1.571, 0.390, 0.223, 0.000;
1.646,6.810,-4.691,6.810,-4.691, 0.554, 0.114, 0.174,1.096,0.548,-4.167,-0.978, 0.150, 3.983,-0.790,-0.876, 1.571, 0.376, 0.209, 0.000;
1.656,6.492,-2.894,6.492,-2.894, 0.560, 0.114, 0.194,0.649,0.000,1.967,-0.989, 0.143, 3.979,-0.816,-0.846, 1.571, 0.412, 0.172, 0.000;
1.678,9.910,-2.276,9.910,-2.276, 0.565, 0.116, 0.194,0.206,0.103,0.000,-1.002, 0.126, 4.013,-0.869,-0.935, 1.571, 0.489, 0.248, 0.000;
1.681,9.061,-2.582,9.061,-2.582, 0.569, 0.118, 0.174,1.475,0.737,-6.703,-1.008, 0.122, 4.038,-0.855,-0.926, 1.571, 0.478, 0.237, 0.000;
1.692,7.192,-2.819,7.192,-2.819, 0.574, 0.118, 0.191,0.397,0.000,1.509,-1.016, 0.114, 4.039,-0.803,-0.893, 1.571, 0.438, 0.198, 0.000;
1.714,3.637,-3.535,3.637,-3.535, 0.578, 0.121, 0.191,0.210,0.105,0.000,-1.028, 0.097, 4.072,-0.705,-0.831, 1.571, 0.364, 0.123, 0.000;
1.725,1.371,-3.950,1.371,-3.950, 0.583, 0.123, 0.174,0.378,0.189,-1.437,-1.037, 0.086, 4.107,-0.650,-0.795, 1.571, 0.322, 0.082, 0.000;
1.738,0.895,-1.883,0.895,-1.883, 0.589, 0.123, 0.194,0.532,0.000,1.611,-1.048, 0.077, 4.107,-0.680,-0.758, 1.571, 0.366, 0.038, 0.000;
1.750,1.123,-3.889,1.123,-3.889, 0.594, 0.125, 0.194,0.374,0.187,0.000,-1.056, 0.066, 4.126,-0.625,-0.805, 1.571, 0.325, 0.080, 0.000;
1.762,2.922,-3.555,2.922,-3.555, 0.598, 0.127, 0.180,0.362,0.181,-1.144,-1.064, 0.055, 4.159,-0.654,-0.854, 1.571, 0.368, 0.123, 0.000;
1.774,3.079,-5.507,3.079,-5.507, 0.600, 0.129, 0.177,0.189,0.189,-0.267,-1.069, 0.044, 4.181,-0.599,-0.901, 1.571, 0.326, 0.164, 0.000;
1.786,2.642,-3.494,2.642,-3.494, 0.605, 0.129, 0.194,0.374,0.000,1.446,-1.077, 0.035, 4.182,-0.627,-0.864, 1.571, 0.368, 0.122, 0.000;
1.798,2.799,-5.524,2.799,-5.524, 0.609, 0.132, 0.177,0.372,0.186,-1.438,-1.084, 0.024, 4.218,-0.571,-0.911, 1.571, 0.326, 0.164, 0.000;
1.811,2.263,-3.404,2.263,-3.404, 0.614, 0.134, 0.177,0.343,0.171,0.000,-1.092, 0.012, 4.239,-0.601,-0.870, 1.571, 0.372, 0.119, 0.000;
1.823,2.436,-5.343,2.436,-5.343, 0.618, 0.136, 0.177,0.376,0.188,0.000,-1.099, 0.001, 4.257,-0.546,-0.916, 1.571, 0.330, 0.160, 0.000;
1.836,1.924,-3.277,1.924,-3.277, 0.623, 0.138, 0.180,0.353,0.177,0.249,-1.106,-0.011, 4.274,-0.575,-0.876, 1.571, 0.374, 0.116, 0.000;
1.846,1.962,-5.077,1.962,-5.077, 0.625, 0.141, 0.159,0.208,0.208,-1.910,-1.110,-0.021, 4.312,-0.524,-0.916, 1.571, 0.336, 0.154, 0.000;
1.858,3.717,-4.740,3.717,-4.740, 0.629, 0.143, 0.162,0.391,0.195,0.249,-1.117,-0.032, 4.327,-0.551,-0.960, 1.571, 0.377, 0.194, 0.000;
1.869,1.639,-5.053,1.639,-5.053, 0.634, 0.145, 0.162,0.379,0.189,0.000,-1.123,-0.043, 4.345,-0.495,-0.922, 1.571, 0.335, 0.153, 0.000;
1.882,1.800,-7.129,1.800,-7.129, 0.636, 0.147, 0.159,0.176,0.176,-0.225,-1.128,-0.055, 4.368,-0.435,-0.969, 1.571, 0.291, 0.197, 0.000;
1.894,1.348,-5.066,1.348,-5.066, 0.641, 0.150, 0.162,0.362,0.181,0.231,-1.134,-0.067, 4.384,-0.464,-0.928, 1.571, 0.334, 0.154, 0.000;
1.906,1.499,-6.992,1.499,-6.992, 0.643, 0.152, 0.162,0.189,0.189,0.000,-1.137,-0.078, 4.403,-0.408,-0.972, 1.571, 0.292, 0.195, 0.000;
1.918,-0.616,-7.276,-0.616,-7.276, 0.645, 0.154, 0.159,0.187,0.187,-0.238,-1.141,-0.090, 4.425,-0.351,-0.932, 1.571, 0.250, 0.153, 0.000;
1.931,1.364,-6.892,1.364,-6.892, 0.650, 0.156, 0.162,0.350,0.175,0.223,-1.147,-0.102, 4.442,-0.380,-0.979, 1.571, 0.295, 0.198, 0.000;
1.943,-0.835,-7.212,-0.835,-7.212, 0.652, 0.158, 0.162,0.180,0.180,0.000,-1.150,-0.114, 4.461,-0.321,-0.937, 1.571, 0.251, 0.154, 0.000;
1.956,1.075,-6.828,1.075,-6.828, 0.656, 0.161, 0.162,0.358,0.179,0.000,-1.155,-0.126, 4.481,-0.350,-0.982, 1.571, 0.295, 0.198, 0.000;
1.968,-1.072,-7.137,-1.072,-7.137, 0.658, 0.163, 0.162,0.184,0.184,0.000,-1.158,-0.138, 4.500,-0.292,-0.940, 1.571, 0.253, 0.156, 0.000;
1.980,-0.892,-9.000,-0.892,-9.000, 0.661, 0.165, 0.162,0.191,0.191,0.000,-1.160,-0.149, 4.518,-0.237,-0.982, 1.571, 0.212, 0.197, 0.000;
1.991,-1.333,-7.052,-1.333,-7.052, 0.663, 0.167, 0.162,0.192,0.192,0.000,-1.163,-0.161, 4.537,-0.263,-0.941, 1.571, 0.252, 0.156, 0.000;
2.003,0.347,-6.702,0.347,-6.702, 0.667, 0.172, 0.144,0.382,0.382,-1.520,-1.167,-0.174, 4.573,-0.290,-0.983, 1.571, 0.294, 0.197, 0.000;
2.014,0.280,-8.455,0.280,-8.455, 0.670, 0.174, 0.127,0.204,0.204,-1.635,-1.169,-0.185, 4.608,-0.238,-1.021, 1.571, 0.255, 0.235, 0.000;
2.025,-1.630,-8.631,-1.630,-8.631, 0.672, 0.176, 0.127,0.205,0.205,0.000,-1.171,-0.196, 4.625,-0.186,-0.982, 1.571, 0.217, 0.197, 0.000;
2.036,0.116,-8.343,0.116,-8.343, 0.674, 0.179, 0.127,0.197,0.197,0.000,-1.173,-0.207, 4.643,-0.212,-1.021, 1.571, 0.257, 0.237, 0.000;
2.047,-1.785,-8.519,-1.785,-8.519, 0.676, 0.181, 0.129,0.204,0.204,0.212,-1.175,-0.218, 4.657,-0.160,-0.982, 1.571, 0.218, 0.198, 0.000;
2.068,1.614,-8.032,1.614,-8.032, 0.679, 0.183, 0.129,0.105,0.105,0.000,-1.176,-0.237, 4.691,-0.209,-1.054, 1.571, 0.293, 0.273, 0.000;
2.080,-0.577,-8.156,-0.577,-8.156, 0.681, 0.185, 0.129,0.186,0.186,0.000,-1.177,-0.248, 4.710,-0.151,-1.010, 1.571, 0.250, 0.230, 0.000;
2.092,-2.550,-8.330,-2.550,-8.330, 0.683, 0.187, 0.129,0.199,0.199,0.000,-1.178,-0.259, 4.727,-0.098,-0.968, 1.571, 0.211, 0.191, 0.000;
2.103,-0.977,-8.015,-0.977,-8.015, 0.685, 0.190, 0.111,0.200,0.200,-1.637,-1.179,-0.270, 4.763,-0.124,-1.005, 1.571, 0.250, 0.230, 0.000;
2.115,-3.190,-8.198,-3.190,-8.198, 0.685, 0.192, 0.111,0.000,0.175,0.000,-1.177,-0.282, 4.783,-0.063,-0.958, 1.571, 0.205, 0.185, 0.000;
2.128,-3.241,-10.057,-3.241,-10.057, 0.687, 0.196, 0.092,0.183,0.366,-1.502,-1.177,-0.296, 4.821,-0.005,-0.998, 1.571, 0.162, 0.229, 0.000;
2.139,-5.333,-10.125,-5.333,-10.125, 0.687, 0.196, 0.091,0.000,0.000,-0.143,-1.176,-0.305, 4.840, 0.050,-0.954, 1.571, 0.121, 0.187, 0.000;
2.151,-5.554,-8.118,-5.554,-8.118, 0.690, 0.199, 0.092,0.190,0.190,0.142,-1.176,-0.316, 4.857, 0.022,-0.910, 1.571, 0.162, 0.146, 0.000;
2.162,-5.512,-9.890,-5.512,-9.890, 0.690, 0.201, 0.091,0.000,0.199,-0.149,-1.174,-0.327, 4.877, 0.075,-0.946, 1.571, 0.122, 0.186, 0.000;
2.173,-5.889,-7.878,-5.889,-7.878, 0.692, 0.203, 0.074,0.203,0.203,-1.521,-1.174,-0.337, 4.911, 0.050,-0.904, 1.571, 0.161, 0.147, 0.000;
2.184,-5.856,-9.648,-5.856,-9.648, 0.692, 0.205, 0.074,0.000,0.201,0.000,-1.171,-0.348, 4.928, 0.102,-0.939, 1.571, 0.122, 0.186, 0.000;
2.195,-7.748,-9.679,-7.748,-9.679, 0.692, 0.205, 0.074,0.000,0.000,0.000,-1.169,-0.356, 4.945, 0.154,-0.896, 1.571, 0.083, 0.147, 0.000;
2.206,-7.883,-11.296,-7.883,-11.296, 0.692, 0.208, 0.054,0.000,0.200,-1.742,-1.166,-0.367, 4.982, 0.206,-0.931, 1.571, 0.044, 0.187, 0.000;
2.228,-11.891,-10.987,-11.891,-10.987, 0.692, 0.210, 0.018,0.000,0.104,-1.695,-1.160,-0.385, 5.052, 0.306,-0.847, 1.571,-0.031, 0.112, 0.000;
2.240,-12.056,-8.673,-12.056,-8.673, 0.692, 0.210, 0.018,0.000,0.000,0.000,-1.157,-0.394, 5.072, 0.276,-0.797, 1.571, 0.014, 0.067, 0.000;
2.246,-13.040,-8.573,-13.040,-8.573, 0.692, 0.210, 0.018,0.000,0.000,0.000,-1.155,-0.398, 5.081, 0.302,-0.775, 1.571,-0.006, 0.047, 0.000;
2.264,-13.201,-11.377,-13.201,-11.377, 0.690, 0.212, 0.000,-0.122,0.122,-0.993,-1.147,-0.414, 5.128, 0.387,-0.830, 1.571,-0.071, 0.112, 0.000;
2.276,-13.270,-9.179,-13.270,-9.179, 0.690, 0.212, 0.000,0.000,0.000,0.000,-1.143,-0.422, 5.146, 0.359,-0.782, 1.571,-0.029, 0.069, 0.000;
2.288,-13.505,-10.854,-13.505,-10.854, 0.687, 0.214,-0.018,-0.185,0.185,-1.481,-1.137,-0.433, 5.183, 0.415,-0.818, 1.571,-0.071, 0.112, 0.000;
2.300,-13.508,-8.726,-13.508,-8.726, 0.687, 0.214,-0.018,0.000,0.000,-0.027,-1.133,-0.441, 5.202, 0.386,-0.770, 1.571,-0.029, 0.070, 0.000;
2.313,-13.954,-10.312,-13.954,-10.312, 0.685, 0.217,-0.054,-0.172,0.172,-2.721,-1.126,-0.453, 5.258, 0.446,-0.808, 1.571,-0.075, 0.116, 0.000;
2.325,-13.883,-8.140,-13.883,-8.140, 0.685, 0.217,-0.054,0.000,0.000,-0.081,-1.121,-0.461, 5.278, 0.417,-0.758, 1.571,-0.033, 0.073, 0.000;
2.338,-16.134,-7.644,-16.134,-7.644, 0.683, 0.217,-0.073,-0.178,0.000,-1.443,-1.114,-0.470, 5.316, 0.475,-0.707, 1.571,-0.077, 0.029, 0.000;
2.350,-16.427,-9.264,-16.427,-9.264, 0.681, 0.219,-0.089,-0.184,0.184,-1.356,-1.107,-0.480, 5.351, 0.530,-0.742, 1.571,-0.120, 0.072, 0.000;
2.362,-18.447,-8.935,-18.447,-8.935, 0.679, 0.219,-0.089,-0.184,0.000,0.000,-1.100,-0.488, 5.370, 0.585,-0.691, 1.571,-0.162, 0.029, 0.000;
2.376,-16.284,-8.736,-16.284,-8.736, 0.676, 0.219,-0.107,-0.159,0.000,-1.263,-1.092,-0.497, 5.410, 0.551,-0.731, 1.571,-0.113, 0.078, 0.000;
2.381,-17.080,-8.485,-17.080,-8.485, 0.674, 0.219,-0.107,-0.457,0.000,0.000,-1.087,-0.500, 5.418, 0.573,-0.710, 1.571,-0.130, 0.061, 0.000;
2.392,-17.595,-9.600,-17.595,-9.600, 0.672, 0.221,-0.142,-0.209,0.209,-3.285,-1.080,-0.510, 5.470, 0.621,-0.740, 1.571,-0.168, 0.099, 0.000;
2.403,-19.451,-9.205,-19.451,-9.205, 0.667, 0.221,-0.142,-0.397,0.000,0.000,-1.071,-0.517, 5.487, 0.673,-0.693, 1.571,-0.208, 0.059, 0.000;
2.414,-21.260,-8.804,-21.260,-8.804, 0.665, 0.221,-0.142,-0.197,0.000,0.000,-1.063,-0.524, 5.505, 0.723,-0.645, 1.571,-0.248, 0.020, 0.000;
2.436,-17.816,-8.916,-17.816,-8.916, 0.663, 0.221,-0.159,-0.102,0.000,-0.800,-1.050,-0.537, 5.557, 0.668,-0.704, 1.571,-0.171, 0.096, 0.000;
2.442,-18.643,-8.574,-18.643,-8.574, 0.658, 0.221,-0.157,-0.826,0.000,0.509,-1.043,-0.541, 5.563, 0.692,-0.681, 1.571,-0.190, 0.077, 0.000;
2.460,-21.667,-7.989,-21.667,-7.989, 0.656, 0.221,-0.159,-0.120,0.000,-0.148,-1.031,-0.552, 5.594, 0.775,-0.601, 1.571,-0.256, 0.012, 0.000;
2.472,-19.850,-7.745,-19.850,-7.745, 0.654, 0.221,-0.177,-0.192,0.000,-1.494,-1.023,-0.558, 5.630, 0.744,-0.632, 1.571,-0.214, 0.052, 0.000;
2.483,-20.316,-9.194,-20.316,-9.194, 0.650, 0.223,-0.194,-0.382,0.191,-1.476,-1.012,-0.567, 5.666, 0.796,-0.663, 1.571,-0.255, 0.094, 0.000;
2.495,-22.062,-8.745,-22.062,-8.745, 0.645, 0.223,-0.191,-0.399,0.000,0.297,-1.002,-0.574, 5.680, 0.845,-0.614, 1.571,-0.295, 0.054, 0.000;
2.506,-21.660,-6.718,-21.660,-6.718, 0.643, 0.223,-0.194,-0.199,0.000,-0.296,-0.993,-0.580, 5.701, 0.816,-0.565, 1.571,-0.255, 0.015, 0.000;
2.517,-21.967,-8.579,-21.967,-8.579, 0.638, 0.223,-0.191,-0.383,0.000,0.285,-0.982,-0.586, 5.716, 0.867,-0.596, 1.571,-0.296, 0.056, 0.000;
2.529,-23.733,-8.091,-23.733,-8.091, 0.634, 0.223,-0.191,-0.396,0.000,0.000,-0.971,-0.592, 5.734, 0.916,-0.546, 1.571,-0.336, 0.016, 0.000;
2.540,-22.049,-7.854,-22.049,-7.854, 0.632, 0.225,-0.211,-0.206,0.206,-1.889,-0.963,-0.600, 5.771, 0.887,-0.574, 1.571,-0.298, 0.054, 0.000;
2.551,-23.791,-7.432,-23.791,-7.432, 0.625, 0.225,-0.207,-0.607,0.000,0.326,-0.949,-0.606, 5.785, 0.935,-0.525, 1.571,-0.337, 0.016, 0.000;
2.562,-21.885,-7.665,-21.885,-7.665, 0.623, 0.225,-0.207,-0.201,0.000,0.000,-0.940,-0.612, 5.802, 0.905,-0.554, 1.571,-0.298, 0.055, 0.000;
2.573,-23.617,-7.184,-23.617,-7.184, 0.618, 0.225,-0.207,-0.407,0.000,0.000,-0.929,-0.617, 5.819, 0.952,-0.505, 1.571,-0.337, 0.016, 0.000;
2.594,-24.433,-10.137,-24.433,-10.137, 0.614, 0.228,-0.224,-0.210,0.105,-0.789,-0.912,-0.629, 5.870, 1.042,-0.559, 1.571,-0.411, 0.091, 0.000;
2.605,-23.886,-7.986,-23.886,-7.986, 0.609, 0.228,-0.224,-0.386,0.000,0.000,-0.900,-0.635, 5.888, 1.009,-0.506, 1.571,-0.370, 0.050, 0.000;
2.617,-23.379,-6.034,-23.379,-6.034, 0.605, 0.228,-0.224,-0.396,0.000,0.000,-0.888,-0.640, 5.905, 0.978,-0.455, 1.571,-0.330, 0.010, 0.000;
2.630,-23.751,-8.145,-23.751,-8.145, 0.598, 0.230,-0.220,-0.510,0.170,0.285,-0.873,-0.648, 5.922, 1.033,-0.488, 1.571,-0.377, 0.057, 0.000;
2.642,-23.212,-6.032,-23.212,-6.032, 0.594, 0.230,-0.220,-0.375,0.000,0.000,-0.860,-0.653, 5.941, 0.999,-0.434, 1.571,-0.335, 0.015, 0.000;
2.654,-23.548,-7.827,-23.548,-7.827, 0.589, 0.230,-0.220,-0.376,0.000,0.000,-0.848,-0.658, 5.960, 1.049,-0.463, 1.571,-0.377, 0.057, 0.000;
2.667,-21.417,-7.845,-21.417,-7.845, 0.585, 0.232,-0.237,-0.334,0.167,-1.223,-0.835,-0.665, 5.997, 1.010,-0.496, 1.571,-0.330, 0.104, 0.000;
2.678,-23.032,-7.617,-23.032,-7.617, 0.578, 0.232,-0.220,-0.594,0.000,1.451,-0.820,-0.670, 5.998, 1.057,-0.444, 1.571,-0.370, 0.064, 0.000;
2.690,-24.789,-7.059,-24.789,-7.059, 0.574, 0.232,-0.220,-0.384,0.000,0.000,-0.808,-0.674, 6.017, 1.105,-0.391, 1.571,-0.411, 0.023, 0.000;
2.701,-22.981,-6.976,-22.981,-6.976, 0.569, 0.234,-0.237,-0.398,0.199,-1.456,-0.795,-0.680, 6.051, 1.072,-0.418, 1.571,-0.371, 0.063, 0.000;
2.712,-24.617,-6.513,-24.617,-6.513, 0.562, 0.234,-0.233,-0.621,0.000,0.359,-0.781,-0.684, 6.064, 1.116,-0.368, 1.571,-0.409, 0.025, 0.000;
2.724,-24.864,-8.725,-24.864,-8.725, 0.558, 0.234,-0.220,-0.355,0.000,0.993,-0.768,-0.688, 6.071, 1.166,-0.398, 1.571,-0.453, 0.069, 0.000;
2.736,-23.098,-8.623,-23.098,-8.623, 0.554, 0.237,-0.237,-0.403,0.202,-1.478,-0.755,-0.694, 6.105, 1.133,-0.425, 1.571,-0.415, 0.108, 0.000;
2.746,-24.611,-8.552,-24.611,-8.552, 0.547, 0.237,-0.217,-0.613,0.000,1.829,-0.741,-0.697, 6.102, 1.177,-0.374, 1.571,-0.453, 0.069, 0.000;
2.757,-22.872,-8.364,-22.872,-8.364, 0.542, 0.239,-0.237,-0.407,0.204,-1.822,-0.728,-0.703, 6.139, 1.144,-0.400, 1.571,-0.415, 0.108, 0.000;
2.769,-24.645,-7.872,-24.645,-7.872, 0.536, 0.239,-0.233,-0.573,0.000,0.331,-0.713,-0.706, 6.154, 1.190,-0.346, 1.571,-0.456, 0.067, 0.000;
2.790,-21.105,-8.579,-21.105,-8.579, 0.531, 0.241,-0.233,-0.211,0.106,0.000,-0.693,-0.714, 6.187, 1.125,-0.395, 1.571,-0.382, 0.141, 0.000;
2.802,-20.491,-6.410,-20.491,-6.410, 0.525, 0.241,-0.233,-0.560,0.000,0.000,-0.677,-0.717, 6.205, 1.088,-0.339, 1.571,-0.340, 0.099, 0.000;
2.814,-20.786,-8.138,-20.786,-8.138, 0.520, 0.243,-0.233,-0.387,0.194,0.000,-0.664,-0.722, 6.224, 1.132,-0.366, 1.571,-0.380, 0.139, 0.000;
2.825,-22.477,-7.576,-22.477,-7.576, 0.513, 0.243,-0.233,-0.606,0.000,0.000,-0.649,-0.724, 6.241, 1.175,-0.314, 1.571,-0.419, 0.100, 0.000;
2.836,-20.458,-7.906,-20.458,-7.906, 0.509, 0.246,-0.233,-0.384,0.192,0.000,-0.636,-0.729, 6.259, 1.138,-0.341, 1.571,-0.379, 0.141, 0.000;
2.849,-22.410,-7.366,-22.410,-7.366, 0.502, 0.246,-0.229,-0.522,0.000,0.292,-0.620,-0.732, 6.276, 1.187,-0.280, 1.571,-0.424, 0.096, 0.000;
2.862,-21.793,-5.104,-21.793,-5.104, 0.498, 0.246,-0.233,-0.352,0.000,-0.296,-0.605,-0.734, 6.299, 1.146,-0.220, 1.571,-0.379, 0.051, 0.000;
2.874,-22.083,-6.964,-22.083,-6.964, 0.491, 0.248,-0.229,-0.575,0.192,0.322,-0.590,-0.738, 6.314, 1.190,-0.247, 1.571,-0.420, 0.092, 0.000;
2.885,-21.530,-4.858,-21.530,-4.858, 0.487, 0.248,-0.233,-0.384,0.000,-0.323,-0.576,-0.740, 6.336, 1.152,-0.192, 1.571,-0.380, 0.051, 0.000;
2.897,-21.836,-6.758,-21.836,-6.758, 0.480, 0.250,-0.229,-0.567,0.189,0.317,-0.560,-0.743, 6.351, 1.197,-0.220, 1.571,-0.422, 0.093, 0.000;
2.908,-21.289,-4.703,-21.289,-4.703, 0.475, 0.250,-0.233,-0.395,0.000,-0.331,-0.547,-0.745, 6.372, 1.159,-0.166, 1.571,-0.382, 0.053, 0.000;
2.919,-21.560,-6.458,-21.560,-6.458, 0.469, 0.252,-0.229,-0.614,0.205,0.343,-0.532,-0.748, 6.385, 1.200,-0.191, 1.571,-0.421, 0.092, 0.000;
2.930,-23.191,-5.992,-23.191,-5.992, 0.462, 0.252,-0.226,-0.608,0.000,0.330,-0.517,-0.749, 6.399, 1.240,-0.139, 1.571,-0.459, 0.053, 0.000;
2.941,-21.270,-6.221,-21.270,-6.221, 0.458, 0.254,-0.229,-0.404,0.202,-0.329,-0.504,-0.752, 6.420, 1.203,-0.165, 1.571,-0.421, 0.092, 0.000;
2.953,-23.090,-5.737,-23.090,-5.737, 0.451, 0.254,-0.226,-0.557,0.000,0.302,-0.488,-0.753, 6.435, 1.246,-0.108, 1.571,-0.463, 0.050, 0.000;
2.965,-21.089,-5.976,-21.089,-5.976, 0.446, 0.257,-0.229,-0.390,0.195,-0.317,-0.474,-0.756, 6.457, 1.207,-0.134, 1.571,-0.423, 0.090, 0.000;
2.979,-23.282,-5.410,-23.282,-5.410, 0.440, 0.257,-0.226,-0.468,0.000,0.254,-0.456,-0.756, 6.476, 1.258,-0.066, 1.571,-0.473, 0.040, 0.000;
2.990,-21.246,-5.715,-21.246,-5.715, 0.433, 0.259,-0.226,-0.587,0.196,0.000,-0.441,-0.759, 6.494, 1.219,-0.092, 1.571,-0.433, 0.080, 0.000;
3.002,-20.668,-3.684,-20.668,-3.684, 0.429, 0.259,-0.226,-0.380,0.000,0.000,-0.427,-0.759, 6.512, 1.178,-0.036, 1.571,-0.392, 0.039, 0.000;
3.013,-20.938,-5.382,-20.938,-5.382, 0.422, 0.261,-0.226,-0.610,0.203,0.000,-0.412,-0.761, 6.529, 1.216,-0.062, 1.571,-0.431, 0.078, 0.000;
3.035,-20.020,-1.767,-20.020,-1.767, 0.417, 0.261,-0.226,-0.206,0.000,0.000,-0.390,-0.760, 6.563, 1.139, 0.041, 1.571,-0.355, 0.002, 0.000;
3.038,-19.254,-1.732,-19.254,-1.732, 0.411, 0.263,-0.226,-2.146,0.715,0.000,-0.381,-0.762, 6.568, 1.128, 0.034, 1.571,-0.344, 0.013, 0.000;
3.059,-20.010,-5.123,-20.010,-5.123, 0.406, 0.263,-0.226,-0.210,0.000,0.000,-0.360,-0.761, 6.602, 1.201,-0.015, 1.571,-0.419, 0.088, 0.000;
3.062,-19.638,-4.507,-19.638,-4.507, 0.400, 0.266,-0.226,-2.295,0.765,0.000,-0.351,-0.763, 6.606, 1.191,-0.001, 1.571,-0.409, 0.077, 0.000;
3.083,-23.055,-3.740,-23.055,-3.740, 0.393, 0.266,-0.222,-0.314,0.000,0.165,-0.328,-0.761, 6.636, 1.263, 0.100, 1.571,-0.485, 0.003, 0.000;
3.095,-20.900,-3.935,-20.900,-3.935, 0.388, 0.268,-0.226,-0.388,0.194,-0.306,-0.314,-0.762, 6.658, 1.220, 0.073, 1.571,-0.443, 0.043, 0.000;
3.107,-20.303,-1.888,-20.303,-1.888, 0.382, 0.268,-0.222,-0.537,0.000,0.282,-0.298,-0.761, 6.674, 1.174, 0.132, 1.571,-0.399,-0.000, 0.000;
3.120,-18.039,-2.215,-18.039,-2.215, 0.377, 0.270,-0.226,-0.346,0.173,-0.273,-0.283,-0.761, 6.698, 1.125, 0.102, 1.571,-0.354, 0.045, 0.000;
3.132,-19.837,-1.740,-19.837,-1.740, 0.371, 0.270,-0.222,-0.559,0.000,0.294,-0.267,-0.759, 6.713, 1.165, 0.159, 1.571,-0.396, 0.003, 0.000;
3.144,-20.100,-3.614,-20.100,-3.614, 0.364, 0.272,-0.222,-0.556,0.185,0.000,-0.251,-0.760, 6.732, 1.204, 0.131, 1.571,-0.439, 0.046, 0.000;
3.156,-19.502,-1.578,-19.502,-1.578, 0.359, 0.272,-0.222,-0.376,0.000,0.000,-0.238,-0.757, 6.751, 1.159, 0.187, 1.571,-0.397, 0.004, 0.000;
3.168,-19.793,-3.465,-19.793,-3.465, 0.353, 0.275,-0.222,-0.559,0.186,0.000,-0.222,-0.757, 6.769, 1.198, 0.159, 1.571,-0.439, 0.047, 0.000;
3.180,-19.213,-1.513,-19.213,-1.513, 0.348, 0.275,-0.222,-0.392,0.000,0.000,-0.209,-0.755, 6.787, 1.154, 0.212, 1.571,-0.399, 0.007, 0.000;
3.191,-19.501,-3.372,-19.501,-3.372, 0.341, 0.277,-0.222,-0.568,0.189,0.000,-0.193,-0.754, 6.806, 1.191, 0.184, 1.571,-0.441, 0.048, 0.000;
3.204,-21.451,-2.866,-21.451,-2.866, 0.335, 0.277,-0.219,-0.513,0.000,0.261,-0.177,-0.751, 6.823, 1.232, 0.245, 1.571,-0.487, 0.003, 0.000;
3.219,-18.863,-3.260,-18.863,-3.260, 0.330, 0.279,-0.222,-0.302,0.151,-0.231,-0.162,-0.750, 6.850, 1.174, 0.210, 1.571,-0.435, 0.055, 0.000;
3.230,-20.462,-2.833,-20.462,-2.833, 0.324, 0.279,-0.219,-0.610,0.000,0.311,-0.147,-0.747, 6.863, 1.208, 0.262, 1.571,-0.473, 0.016, 0.000;
3.241,-20.684,-4.556,-20.684,-4.556, 0.317, 0.281,-0.219,-0.607,0.202,0.000,-0.132,-0.746, 6.881, 1.242, 0.235, 1.571,-0.512, 0.055, 0.000;
3.253,-20.102,-2.441,-20.102,-2.441, 0.312, 0.281,-0.222,-0.371,0.000,-0.284,-0.119,-0.742, 6.903, 1.194, 0.291, 1.571,-0.470, 0.013, 0.000;
3.265,-20.365,-4.396,-20.365,-4.396, 0.306, 0.283,-0.219,-0.562,0.187,0.287,-0.103,-0.741, 6.918, 1.230, 0.263, 1.571,-0.512, 0.055, 0.000;
3.277,-22.178,-3.859,-22.178,-3.859, 0.299, 0.283,-0.219,-0.548,0.000,0.000,-0.088,-0.737, 6.938, 1.267, 0.319, 1.571,-0.555, 0.012, 0.000;
3.289,-20.043,-4.225,-20.043,-4.225, 0.295, 0.286,-0.219,-0.374,0.187,0.000,-0.075,-0.735, 6.956, 1.218, 0.290, 1.571,-0.512, 0.055, 0.000;
3.302,-21.996,-3.686,-21.996,-3.686, 0.288, 0.286,-0.219,-0.519,0.000,0.000,-0.059,-0.730, 6.977, 1.256, 0.350, 1.571,-0.558, 0.009, 0.000;
3.315,-19.701,-4.160,-19.701,-4.160, 0.281, 0.288,-0.215,-0.521,0.174,0.257,-0.044,-0.728, 6.993, 1.203, 0.318, 1.571,-0.512, 0.055, 0.000;
3.327,-19.109,-2.090,-19.109,-2.090, 0.277, 0.288,-0.219,-0.378,0.000,-0.281,-0.031,-0.723, 7.015, 1.155, 0.372, 1.571,-0.471, 0.013, 0.000;
3.339,-19.370,-3.942,-19.370,-3.942, 0.270, 0.290,-0.219,-0.576,0.192,0.000,-0.017,-0.721, 7.034, 1.189, 0.344, 1.571,-0.512, 0.054, 0.000;
3.350,-18.776,-1.938,-18.776,-1.938, 0.266, 0.290,-0.219,-0.377,0.000,0.000,-0.004,-0.716, 7.052, 1.139, 0.398, 1.571,-0.470, 0.013, 0.000;
3.362,-19.050,-3.847,-19.050,-3.847, 0.259, 0.292,-0.219,-0.560,0.187,0.000, 0.011,-0.714, 7.071, 1.174, 0.368, 1.571,-0.512, 0.055, 0.000;
3.374,-20.830,-3.399,-20.830,-3.399, 0.252, 0.292,-0.215,-0.554,0.000,0.274, 0.025,-0.708, 7.087, 1.208, 0.423, 1.571,-0.554, 0.013, 0.000;
3.386,-18.720,-3.778,-18.720,-3.778, 0.246, 0.295,-0.215,-0.565,0.188,0.000, 0.040,-0.705, 7.105, 1.158, 0.393, 1.571,-0.513, 0.055, 0.000;
3.399,-18.085,-1.956,-18.085,-1.956, 0.241, 0.295,-0.200,-0.359,0.000,1.204, 0.052,-0.700, 7.110, 1.106, 0.449, 1.571,-0.469, 0.011, 0.000;
3.412,-18.422,-3.817,-18.422,-3.817, 0.234, 0.297,-0.215,-0.504,0.168,-1.127, 0.067,-0.696, 7.146, 1.142, 0.416, 1.571,-0.516, 0.058, 0.000;
3.424,-17.774,-1.985,-17.774,-1.985, 0.228, 0.297,-0.200,-0.536,0.000,1.198, 0.082,-0.690, 7.150, 1.089, 0.472, 1.571,-0.472, 0.014, 0.000;
3.437,-15.575,-2.128,-15.575,-2.128, 0.223, 0.299,-0.215,-0.356,0.178,-1.193, 0.094,-0.686, 7.185, 1.035, 0.439, 1.571,-0.428, 0.058, 0.000;
3.449,-15.872,-4.088,-15.872,-4.088, 0.217, 0.301,-0.215,-0.542,0.181,0.000, 0.108,-0.682, 7.204, 1.069, 0.408, 1.571,-0.472, 0.102, 0.000;
3.461,-17.601,-3.656,-17.601,-3.656, 0.210, 0.301,-0.212,-0.569,0.000,0.273, 0.121,-0.676, 7.220, 1.101, 0.460, 1.571,-0.513, 0.060, 0.000;
3.473,-15.568,-3.968,-15.568,-3.968, 0.205, 0.304,-0.215,-0.390,0.195,-0.281, 0.133,-0.672, 7.241, 1.051, 0.430, 1.571,-0.472, 0.101, 0.000;
3.485,-17.397,-3.742,-17.397,-3.742, 0.199, 0.304,-0.200,-0.540,0.000,1.207, 0.146,-0.665, 7.245, 1.084, 0.485, 1.571,-0.516, 0.057, 0.000;
3.498,-15.173,-3.913,-15.173,-3.913, 0.192, 0.306,-0.215,-0.518,0.173,-1.158, 0.160,-0.661, 7.281, 1.028, 0.451, 1.571,-0.471, 0.103, 0.000;
3.511,-17.073,-3.690,-17.073,-3.690, 0.185, 0.306,-0.197,-0.509,0.000,1.365, 0.174,-0.653, 7.283, 1.063, 0.509, 1.571,-0.517, 0.056, 0.000;
3.523,-14.920,-3.795,-14.920,-3.795, 0.181, 0.308,-0.215,-0.360,0.180,-1.449, 0.186,-0.648, 7.321, 1.008, 0.475, 1.571,-0.473, 0.100, 0.000;
3.535,-16.648,-3.632,-16.648,-3.632, 0.174, 0.308,-0.197,-0.563,0.000,1.509, 0.199,-0.641, 7.321, 1.039, 0.527, 1.571,-0.515, 0.058, 0.000;
3.547,-16.933,-5.305,-16.933,-5.305, 0.167, 0.310,-0.212,-0.559,0.186,-1.232, 0.211,-0.637, 7.355, 1.069, 0.495, 1.571,-0.557, 0.100, 0.000;
3.560,-16.296,-3.483,-16.296,-3.483, 0.161, 0.310,-0.197,-0.541,0.000,1.191, 0.224,-0.629, 7.360, 1.014, 0.548, 1.571,-0.513, 0.057, 0.000;
3.571,-14.200,-3.841,-14.200,-3.841, 0.156, 0.312,-0.197,-0.382,0.191,0.000, 0.235,-0.624, 7.378, 0.962, 0.516, 1.571,-0.472, 0.098, 0.000;
3.583,-15.967,-3.428,-15.967,-3.428, 0.150, 0.312,-0.197,-0.576,0.000,0.000, 0.247,-0.617, 7.396, 0.992, 0.566, 1.571,-0.513, 0.057, 0.000;
3.595,-16.179,-5.361,-16.179,-5.361, 0.143, 0.315,-0.197,-0.558,0.186,0.000, 0.259,-0.612, 7.415, 1.022, 0.532, 1.571,-0.555, 0.099, 0.000;
3.607,-15.620,-3.386,-15.620,-3.386, 0.136, 0.315,-0.194,-0.553,0.000,0.241, 0.272,-0.604, 7.431, 0.967, 0.584, 1.571,-0.513, 0.057, 0.000;
3.619,-13.535,-3.707,-13.535,-3.707, 0.132, 0.317,-0.197,-0.380,0.190,-0.248, 0.281,-0.599, 7.453, 0.914, 0.551, 1.571,-0.471, 0.098, 0.000;
3.631,-15.367,-3.289,-15.367,-3.289, 0.125, 0.317,-0.197,-0.557,0.000,0.000, 0.293,-0.591, 7.471, 0.944, 0.601, 1.571,-0.514, 0.056, 0.000;
3.643,-15.563,-5.284,-15.563,-5.284, 0.118, 0.319,-0.194,-0.556,0.185,0.242, 0.305,-0.585, 7.487, 0.974, 0.567, 1.571,-0.556, 0.098, 0.000;
3.655,-15.030,-3.308,-15.030,-3.308, 0.112, 0.319,-0.194,-0.564,0.000,0.000, 0.317,-0.577, 7.506, 0.920, 0.616, 1.571,-0.514, 0.056, 0.000;
3.669,-12.485,-3.728,-12.485,-3.728, 0.107, 0.321,-0.197,-0.305,0.153,-0.199, 0.327,-0.570, 7.532, 0.853, 0.574, 1.571,-0.463, 0.108, 0.000;
3.681,-14.303,-3.322,-14.303,-3.322, 0.100, 0.321,-0.197,-0.553,0.000,0.000, 0.338,-0.561, 7.551, 0.882, 0.624, 1.571,-0.505, 0.065, 0.000;
3.694,-14.508,-5.348,-14.508,-5.348, 0.094, 0.324,-0.194,-0.548,0.183,0.239, 0.349,-0.555, 7.567, 0.912, 0.588, 1.571,-0.548, 0.108, 0.000;
3.706,-13.956,-3.260,-13.956,-3.260, 0.087, 0.324,-0.194,-0.531,0.000,0.000, 0.361,-0.546, 7.587, 0.854, 0.639, 1.571,-0.504, 0.064, 0.000;
3.718,-11.888,-3.632,-11.888,-3.632, 0.083, 0.326,-0.194,-0.386,0.193,0.000, 0.369,-0.540, 7.605, 0.800, 0.605, 1.571,-0.463, 0.105, 0.000;
3.730,-13.711,-3.236,-13.711,-3.236, 0.076, 0.326,-0.194,-0.563,0.000,0.000, 0.380,-0.532, 7.624, 0.829, 0.653, 1.571,-0.505, 0.063, 0.000;
3.741,-13.908,-5.113,-13.908,-5.113, 0.069, 0.328,-0.194,-0.582,0.194,0.000, 0.390,-0.526, 7.642, 0.856, 0.618, 1.571,-0.545, 0.103, 0.000;
3.753,-13.327,-3.321,-13.327,-3.321, 0.065, 0.328,-0.180,-0.372,0.000,1.220, 0.398,-0.517, 7.646, 0.800, 0.666, 1.571,-0.503, 0.061, 0.000;
3.766,-13.626,-5.147,-13.626,-5.147, 0.058, 0.330,-0.194,-0.546,0.182,-1.193, 0.408,-0.510, 7.680, 0.829, 0.628, 1.571,-0.546, 0.105, 0.000;
3.777,-13.063,-3.451,-13.063,-3.451, 0.051, 0.330,-0.180,-0.585,0.000,1.277, 0.418,-0.502, 7.683, 0.776, 0.674, 1.571,-0.506, 0.064, 0.000;
3.789,-13.331,-5.193,-13.331,-5.193, 0.045, 0.333,-0.194,-0.566,0.189,-1.237, 0.428,-0.495, 7.717, 0.803, 0.637, 1.571,-0.548, 0.106, 0.000;
3.802,-12.702,-3.114,-12.702,-3.114, 0.040, 0.333,-0.180,-0.326,0.000,1.068, 0.436,-0.485, 7.724, 0.739, 0.690, 1.571,-0.499, 0.058, 0.000;
3.815,-12.977,-4.935,-12.977,-4.935, 0.033, 0.335,-0.194,-0.555,0.185,-1.212, 0.445,-0.478, 7.757, 0.767, 0.652, 1.571,-0.542, 0.100, 0.000;
3.827,-14.752,-4.738,-14.752,-4.738, 0.027, 0.335,-0.180,-0.549,0.000,1.200, 0.455,-0.469, 7.762, 0.795, 0.699, 1.571,-0.584, 0.057, 0.000;
3.839,-14.227,-2.821,-14.227,-2.821, 0.020, 0.335,-0.177,-0.555,0.000,0.218, 0.464,-0.460, 7.778, 0.739, 0.745, 1.571,-0.542, 0.015, 0.000;
3.851,-12.109,-3.154,-12.109,-3.154, 0.016, 0.337,-0.180,-0.373,0.186,-0.219, 0.471,-0.453, 7.799, 0.682, 0.707, 1.571,-0.500, 0.057, 0.000;
3.863,-12.420,-4.911,-12.420,-4.911, 0.009, 0.339,-0.194,-0.567,0.189,-1.238, 0.479,-0.446, 7.833, 0.709, 0.668, 1.571,-0.541, 0.099, 0.000;
3.874,-11.863,-3.211,-11.863,-3.211, 0.002, 0.339,-0.177,-0.576,0.000,1.485, 0.488,-0.437, 7.834, 0.655, 0.712, 1.571,-0.501, 0.058, 0.000;
3.886,-12.141,-5.051,-12.141,-5.051,-0.004, 0.341,-0.192,-0.548,0.183,-1.180, 0.497,-0.430, 7.867, 0.683, 0.672, 1.571,-0.544, 0.101, 0.000;
3.898,-11.596,-3.301,-11.596,-3.301,-0.009, 0.341,-0.180,-0.389,0.000,1.027, 0.503,-0.421, 7.874, 0.628, 0.715, 1.571,-0.503, 0.061, 0.000;
3.910,-13.395,-2.986,-13.395,-2.986,-0.016, 0.341,-0.180,-0.569,0.000,0.000, 0.511,-0.412, 7.892, 0.655, 0.758, 1.571,-0.544, 0.019, 0.000;
3.922,-11.288,-3.396,-11.288,-3.396,-0.022, 0.344,-0.177,-0.562,0.187,0.220, 0.519,-0.405, 7.908, 0.599, 0.718, 1.571,-0.502, 0.062, 0.000;
3.933,-12.945,-3.250,-12.945,-3.250,-0.029, 0.344,-0.163,-0.597,0.000,1.292, 0.526,-0.396, 7.911, 0.625, 0.759, 1.571,-0.542, 0.022, 0.000;
3.944,-10.961,-3.390,-10.961,-3.390,-0.033, 0.346,-0.180,-0.387,0.193,-1.484, 0.532,-0.390, 7.946, 0.570, 0.719, 1.571,-0.501, 0.063, 0.000;
3.956,-12.642,-3.258,-12.642,-3.258,-0.040, 0.346,-0.165,-0.599,0.000,1.315, 0.539,-0.381, 7.949, 0.595, 0.760, 1.571,-0.540, 0.024, 0.000;
3.967,-12.873,-5.015,-12.873,-5.015,-0.047, 0.348,-0.177,-0.580,0.193,-1.046, 0.546,-0.374, 7.980, 0.621, 0.720, 1.571,-0.581, 0.065, 0.000;
3.980,-12.327,-3.035,-12.327,-3.035,-0.054, 0.348,-0.163,-0.508,0.000,1.100, 0.553,-0.364, 7.986, 0.559, 0.767, 1.571,-0.535, 0.018, 0.000;
3.991,-10.431,-3.224,-10.431,-3.224,-0.060, 0.350,-0.177,-0.613,0.204,-1.327, 0.560,-0.357, 8.017, 0.507, 0.728, 1.571,-0.496, 0.057, 0.000;
4.013,-9.684,0.325,-9.684,0.325,-0.065, 0.350,-0.165,-0.201,0.000,0.543, 0.565,-0.340, 8.040, 0.402, 0.806, 1.571,-0.418,-0.021, 0.000;
4.017,-8.840,0.163,-8.840,0.163,-0.071, 0.353,-0.177,-1.697,0.566,-3.061, 0.571,-0.339, 8.059, 0.383, 0.792, 1.571,-0.404,-0.007, 0.000;
4.028,-9.076,-1.687,-9.076,-1.687,-0.078, 0.353,-0.163,-0.617,0.000,1.335, 0.578,-0.330, 8.061, 0.408, 0.753, 1.571,-0.443, 0.031, 0.000;
4.050,-9.634,-5.133,-9.634,-5.133,-0.085, 0.355,-0.177,-0.307,0.102,-0.665, 0.583,-0.316, 8.110, 0.458, 0.675, 1.571,-0.520, 0.108, 0.000;
4.062,-9.060,-3.457,-9.060,-3.457,-0.092, 0.355,-0.163,-0.582,0.000,1.259, 0.589,-0.307, 8.113, 0.403, 0.715, 1.571,-0.479, 0.067, 0.000;
4.073,-7.025,-3.696,-7.025,-3.696,-0.096, 0.357,-0.177,-0.375,0.187,-1.217, 0.593,-0.300, 8.147, 0.346, 0.671, 1.571,-0.437, 0.109, 0.000;
4.086,-9.007,-3.470,-9.007,-3.470,-0.103, 0.357,-0.163,-0.519,0.000,1.124, 0.598,-0.289, 8.152, 0.376, 0.715, 1.571,-0.482, 0.063, 0.000;
4.099,-9.284,-5.429,-9.284,-5.429,-0.109, 0.359,-0.177,-0.535,0.178,-1.158, 0.603,-0.282, 8.187, 0.404, 0.668, 1.571,-0.526, 0.108, 0.000;
4.112,-11.266,-5.212,-11.266,-5.212,-0.116, 0.359,-0.163,-0.506,0.000,1.095, 0.608,-0.272, 8.193, 0.435, 0.712, 1.571,-0.572, 0.061, 0.000;
4.115,-11.027,-4.782,-11.027,-4.782,-0.123, 0.359,-0.160,-2.087,0.000,0.733, 0.615,-0.269, 8.196, 0.420, 0.723, 1.571,-0.561, 0.050, 0.000;
4.126,-11.244,-6.451,-11.244,-6.451,-0.127, 0.362,-0.163,-0.421,0.211,-0.222, 0.617,-0.263, 8.215, 0.444, 0.683, 1.571,-0.598, 0.087, 0.000;
4.148,-14.749,-5.851,-14.749,-5.851,-0.134, 0.362,-0.163,-0.308,0.000,0.000, 0.621,-0.247, 8.249, 0.494, 0.754, 1.571,-0.675, 0.011, 0.000;
4.160,-12.602,-6.295,-12.602,-6.295,-0.141, 0.364,-0.163,-0.564,0.188,0.000, 0.625,-0.240, 8.267, 0.437, 0.708, 1.571,-0.632, 0.053, 0.000;
4.171,-12.169,-4.350,-12.169,-4.350,-0.147, 0.364,-0.163,-0.564,0.000,0.000, 0.629,-0.231, 8.286, 0.381, 0.746, 1.571,-0.590, 0.011, 0.000;
4.183,-10.087,-4.739,-10.087,-4.739,-0.154, 0.366,-0.160,-0.563,0.188,0.198, 0.633,-0.224, 8.302, 0.325, 0.700, 1.571,-0.548, 0.053, 0.000;
4.196,-9.671,-2.723,-9.671,-2.723,-0.158, 0.366,-0.163,-0.365,0.000,-0.192, 0.635,-0.215, 8.324, 0.267, 0.739, 1.571,-0.505, 0.010, 0.000;
4.208,-9.849,-4.958,-9.849,-4.958,-0.165, 0.366,-0.148,-0.540,0.000,1.174, 0.639,-0.206, 8.329, 0.296, 0.690, 1.571,-0.548, 0.054, 0.000;
4.220,-7.862,-5.183,-7.862,-5.183,-0.172, 0.368,-0.163,-0.564,0.188,-1.226, 0.642,-0.199, 8.362, 0.241, 0.644, 1.571,-0.507, 0.095, 0.000;
4.232,-9.710,-5.007,-9.710,-5.007,-0.179, 0.368,-0.148,-0.547,0.000,1.190, 0.646,-0.190, 8.367, 0.270, 0.681, 1.571,-0.550, 0.052, 0.000;
4.244,-7.786,-5.243,-7.786,-5.243,-0.185, 0.371,-0.160,-0.585,0.195,-1.068, 0.649,-0.184, 8.397, 0.216, 0.636, 1.571,-0.510, 0.093, 0.000;
4.256,-9.618,-5.070,-9.618,-5.070,-0.192, 0.371,-0.146,-0.553,0.000,1.186, 0.652,-0.175, 8.402, 0.245, 0.673, 1.571,-0.552, 0.050, 0.000;
4.269,-9.193,-2.925,-9.193,-2.925,-0.196, 0.371,-0.148,-0.339,0.000,-0.163, 0.652,-0.166, 8.424, 0.184, 0.712, 1.571,-0.506, 0.004, 0.000;
4.282,-9.510,-5.065,-9.510,-5.065,-0.203, 0.373,-0.163,-0.499,0.166,-1.086, 0.655,-0.158, 8.460, 0.216, 0.658, 1.571,-0.553, 0.051, 0.000;
4.294,-9.059,-3.332,-9.059,-3.332,-0.210, 0.373,-0.146,-0.572,0.000,1.428, 0.657,-0.150, 8.462, 0.162, 0.693, 1.571,-0.511, 0.010, 0.000;
4.306,-9.328,-5.245,-9.328,-5.245,-0.217, 0.375,-0.160,-0.550,0.183,-1.181, 0.660,-0.144, 8.495, 0.191, 0.643, 1.571,-0.554, 0.053, 0.000;
4.319,-8.866,-3.278,-8.866,-3.278,-0.221, 0.375,-0.148,-0.350,0.000,0.959, 0.660,-0.135, 8.503, 0.132, 0.680, 1.571,-0.509, 0.008, 0.000;
4.331,-9.105,-5.408,-9.105,-5.408,-0.228, 0.375,-0.148,-0.532,0.000,0.000, 0.661,-0.126, 8.523, 0.163, 0.629, 1.571,-0.553, 0.053, 0.000;
4.343,-7.048,-5.769,-7.048,-5.769,-0.234, 0.377,-0.146,-0.563,0.188,0.181, 0.663,-0.120, 8.539, 0.108, 0.580, 1.571,-0.512, 0.094, 0.000;
4.355,-8.882,-5.505,-8.882,-5.505,-0.241, 0.377,-0.146,-0.578,0.000,0.000, 0.665,-0.113, 8.557, 0.137, 0.613, 1.571,-0.552, 0.054, 0.000;
4.367,-6.813,-5.843,-6.813,-5.843,-0.248, 0.379,-0.146,-0.555,0.185,0.000, 0.667,-0.107, 8.576, 0.082, 0.562, 1.571,-0.510, 0.096, 0.000;
4.380,-6.448,-3.768,-6.448,-3.768,-0.252, 0.379,-0.148,-0.354,0.000,-0.170, 0.666,-0.099, 8.598, 0.024, 0.598, 1.571,-0.466, 0.052, 0.000;
4.392,-8.348,-3.550,-8.348,-3.550,-0.259, 0.379,-0.148,-0.561,0.000,0.000, 0.667,-0.091, 8.617, 0.054, 0.632, 1.571,-0.507, 0.010, 0.000;
4.404,-8.546,-5.617,-8.546,-5.617,-0.266, 0.382,-0.146,-0.550,0.183,0.176, 0.668,-0.085, 8.634, 0.085, 0.580, 1.571,-0.550, 0.053, 0.000;
4.415,-8.213,-3.769,-8.213,-3.769,-0.272, 0.382,-0.146,-0.587,0.000,0.000, 0.670,-0.078, 8.652, 0.034, 0.611, 1.571,-0.510, 0.013, 0.000;
4.427,-8.336,-5.841,-8.336,-5.841,-0.279, 0.382,-0.132,-0.575,0.000,1.238, 0.671,-0.071, 8.656, 0.063, 0.562, 1.571,-0.551, 0.054, 0.000;
4.441,-6.050,-6.078,-6.050,-6.078,-0.283, 0.384,-0.148,-0.319,0.160,-1.186, 0.668,-0.065, 8.694, 0.000, 0.502, 1.571,-0.502, 0.103, 0.000;
4.453,-8.010,-5.936,-8.010,-5.936,-0.290, 0.384,-0.134,-0.530,0.000,1.159, 0.669,-0.057, 8.700, 0.033, 0.536, 1.571,-0.546, 0.058, 0.000;
4.459,-7.083,-6.032,-7.083,-6.032,-0.297, 0.386,-0.148,-1.165,0.388,-2.546, 0.672,-0.056, 8.723, 0.007, 0.511, 1.571,-0.526, 0.079, 0.000;
4.468,-7.143,-7.656,-7.143,-7.656,-0.304, 0.386,-0.132,-0.712,0.000,1.762, 0.674,-0.051, 8.721, 0.032, 0.470, 1.571,-0.559, 0.112, 0.000;
4.490,-10.650,-7.180,-10.650,-7.180,-0.310, 0.386,-0.132,-0.309,0.000,0.000, 0.669,-0.038, 8.755, 0.089, 0.528, 1.571,-0.636, 0.036, 0.000;
4.502,-8.685,-7.424,-8.685,-7.424,-0.315, 0.388,-0.148,-0.371,0.185,-1.376, 0.667,-0.034, 8.791, 0.035, 0.475, 1.571,-0.592, 0.078, 0.000;
4.514,-8.278,-5.636,-8.278,-5.636,-0.321, 0.388,-0.134,-0.569,0.000,1.243, 0.667,-0.027, 8.795,-0.018, 0.506, 1.571,-0.550, 0.037, 0.000;
4.526,-7.932,-3.676,-7.932,-3.676,-0.328, 0.388,-0.132,-0.546,0.000,0.158, 0.667,-0.021, 8.812,-0.071, 0.538, 1.571,-0.507,-0.006, 0.000;
4.531,-7.974,-4.503,-7.974,-4.503,-0.335, 0.391,-0.132,-1.451,0.484,0.000, 0.671,-0.020, 8.819,-0.059, 0.518, 1.571,-0.523, 0.010, 0.000;
4.542,-8.173,-6.249,-8.173,-6.249,-0.341, 0.391,-0.132,-0.614,0.000,0.000, 0.671,-0.015, 8.837,-0.029, 0.469, 1.571,-0.562, 0.048, 0.000;
4.564,-4.520,-6.727,-4.520,-6.727,-0.346, 0.393,-0.134,-0.204,0.102,-0.089, 0.662,-0.006, 8.873,-0.123, 0.372, 1.571,-0.485, 0.125, 0.000;
4.568,-4.437,-6.138,-4.437,-6.138,-0.353, 0.393,-0.134,-1.477,0.000,0.000, 0.666,-0.004, 8.880,-0.142, 0.384, 1.571,-0.469, 0.109, 0.000;
4.579,-6.182,-5.862,-6.182,-5.862,-0.359, 0.393,-0.132,-0.607,0.000,0.176, 0.666, 0.002, 8.895,-0.112, 0.412, 1.571,-0.508, 0.070, 0.000;
4.590,-7.897,-5.764,-7.897,-5.764,-0.366, 0.393,-0.117,-0.596,0.000,1.289, 0.666, 0.007, 8.899,-0.081, 0.440, 1.571,-0.547, 0.031, 0.000;
4.613,-4.264,-6.132,-4.264,-6.132,-0.371, 0.395,-0.134,-0.201,0.101,-0.741, 0.656, 0.015, 8.950,-0.175, 0.340, 1.571,-0.469, 0.109, 0.000;
4.626,-3.944,-4.138,-3.944,-4.138,-0.377, 0.395,-0.119,-0.507,0.000,1.113, 0.654, 0.021, 8.956,-0.231, 0.373, 1.571,-0.423, 0.062, 0.000;
4.630,-4.050,-4.818,-4.050,-4.818,-0.384, 0.397,-0.132,-1.678,0.559,-3.195, 0.659, 0.021, 8.975,-0.220, 0.355, 1.571,-0.437, 0.076, 0.000;
4.641,-4.175,-6.726,-4.175,-6.726,-0.391, 0.397,-0.117,-0.579,0.000,1.251, 0.658, 0.025, 8.979,-0.186, 0.303, 1.571,-0.478, 0.117, 0.000;
4.653,-5.989,-6.530,-5.989,-6.530,-0.395, 0.397,-0.119,-0.399,0.000,-0.155, 0.655, 0.030, 8.998,-0.154, 0.330, 1.571,-0.517, 0.077, 0.000;
4.664,-7.825,-6.358,-7.825,-6.358,-0.402, 0.397,-0.119,-0.595,0.000,0.000, 0.654, 0.035, 9.015,-0.122, 0.358, 1.571,-0.557, 0.038, 0.000;
4.685,-8.184,-9.942,-8.184,-9.942,-0.408, 0.400,-0.119,-0.309,0.103,0.000, 0.646, 0.041, 9.050,-0.059, 0.258, 1.571,-0.633, 0.114, 0.000;
4.697,-7.944,-8.060,-7.944,-8.060,-0.415, 0.400,-0.117,-0.559,0.000,0.145, 0.644, 0.045, 9.067,-0.109, 0.288, 1.571,-0.590, 0.072, 0.000;
4.709,-6.094,-8.228,-6.094,-8.228,-0.422, 0.402,-0.132,-0.572,0.191,-1.238, 0.642, 0.047, 9.099,-0.156, 0.234, 1.571,-0.548, 0.113, 0.000;
4.721,-5.739,-6.352,-5.739,-6.352,-0.426, 0.402,-0.119,-0.377,0.000,1.077, 0.639, 0.051, 9.105,-0.204, 0.262, 1.571,-0.507, 0.071, 0.000;
4.734,-7.853,-6.148,-7.853,-6.148,-0.433, 0.402,-0.119,-0.520,0.000,0.000, 0.636, 0.055, 9.126,-0.166, 0.293, 1.571,-0.552, 0.026, 0.000;
4.746,-5.659,-6.515,-5.659,-6.515,-0.440, 0.402,-0.104,-0.532,0.000,1.171, 0.634, 0.059, 9.131,-0.216, 0.235, 1.571,-0.508, 0.070, 0.000;
4.758,-5.960,-8.415,-5.960,-8.415,-0.446, 0.404,-0.119,-0.568,0.189,-1.250, 0.632, 0.060, 9.164,-0.180, 0.180, 1.571,-0.549, 0.112, 0.000;
4.770,-5.722,-6.539,-5.722,-6.539,-0.453, 0.404,-0.117,-0.584,0.000,0.151, 0.630, 0.064, 9.180,-0.226, 0.207, 1.571,-0.509, 0.071, 0.000;
4.782,-5.399,-4.652,-5.399,-4.652,-0.458, 0.404,-0.104,-0.372,0.000,1.083, 0.626, 0.067, 9.186,-0.273, 0.235, 1.571,-0.467, 0.029, 0.000;
4.796,-5.738,-6.920,-5.738,-6.920,-0.464, 0.406,-0.119,-0.481,0.160,-1.059, 0.622, 0.068, 9.223,-0.230, 0.170, 1.571,-0.516, 0.078, 0.000;
4.807,-5.517,-4.982,-5.517,-4.982,-0.471, 0.406,-0.119,-0.565,0.000,0.000, 0.620, 0.071, 9.241,-0.276, 0.197, 1.571,-0.474, 0.036, 0.000;
4.819,-7.394,-4.896,-7.394,-4.896,-0.478, 0.406,-0.103,-0.559,0.000,1.357, 0.618, 0.074, 9.244,-0.238, 0.225, 1.571,-0.516,-0.006, 0.000;
4.831,-5.520,-5.032,-5.520,-5.032,-0.482, 0.408,-0.119,-0.382,0.191,-1.393, 0.613, 0.074, 9.278,-0.283, 0.170, 1.571,-0.475, 0.036, 0.000;
4.843,-7.484,-4.921,-7.484,-4.921,-0.489, 0.408,-0.104,-0.550,0.000,1.210, 0.611, 0.076, 9.283,-0.244, 0.198, 1.571,-0.518,-0.007, 0.000;
4.856,-7.681,-6.982,-7.681,-6.982,-0.496, 0.408,-0.104,-0.541,0.000,0.000, 0.608, 0.079, 9.302,-0.204, 0.140, 1.571,-0.561, 0.036, 0.000;
4.868,-9.726,-6.788,-9.726,-6.788,-0.502, 0.408,-0.104,-0.537,0.000,0.000, 0.605, 0.081, 9.322,-0.164, 0.169, 1.571,-0.605,-0.007, 0.000;
4.881,-7.644,-7.026,-7.644,-7.026,-0.507, 0.411,-0.104,-0.359,0.179,0.000, 0.600, 0.081, 9.341,-0.211, 0.110, 1.571,-0.561, 0.037, 0.000;
4.893,-7.469,-5.014,-7.469,-5.014,-0.513, 0.411,-0.104,-0.544,0.000,0.000, 0.597, 0.082, 9.361,-0.257, 0.138, 1.571,-0.518,-0.006, 0.000;
4.905,-7.672,-7.030,-7.672,-7.030,-0.520, 0.411,-0.104,-0.553,0.000,0.000, 0.594, 0.084, 9.380,-0.217, 0.081, 1.571,-0.560, 0.036, 0.000;
4.918,-5.592,-7.267,-5.592,-7.267,-0.527, 0.413,-0.104,-0.534,0.178,0.000, 0.591, 0.083, 9.399,-0.263, 0.021, 1.571,-0.516, 0.080, 0.000;
4.921,-5.564,-6.678,-5.564,-6.678,-0.531, 0.413,-0.104,-1.233,0.000,0.000, 0.593, 0.083, 9.405,-0.276, 0.030, 1.571,-0.503, 0.067, 0.000;
4.943,-9.097,-6.269,-9.097,-6.269,-0.538, 0.413,-0.104,-0.310,0.000,0.000, 0.583, 0.085, 9.439,-0.202, 0.079, 1.571,-0.580,-0.009, 0.000;
4.946,-8.562,-6.552,-8.562,-6.552,-0.545, 0.413,-0.089,-2.113,0.000,4.665, 0.587, 0.085, 9.429,-0.214, 0.064, 1.571,-0.569, 0.003, 0.000;
4.957,-6.772,-6.565,-6.772,-6.565,-0.551, 0.415,-0.104,-0.612,0.204,-1.350, 0.585, 0.084, 9.461,-0.253, 0.012, 1.571,-0.530, 0.041, 0.000;
4.979,-6.377,-2.856,-6.377,-2.856,-0.556, 0.415,-0.106,-0.201,0.000,-0.071, 0.572, 0.085, 9.498,-0.333, 0.062, 1.571,-0.452,-0.036, 0.000;
4.985,-5.463,-3.162,-5.463,-3.162,-0.562, 0.415,-0.089,-1.123,0.000,2.743, 0.574, 0.085, 9.491,-0.354, 0.034, 1.571,-0.431,-0.015, 0.000;
4.996,-5.592,-4.974,-5.592,-4.974,-0.569, 0.415,-0.089,-0.600,0.000,0.000, 0.572, 0.085, 9.508,-0.314,-0.019, 1.571,-0.471, 0.024, 0.000;
5.008,-5.863,-6.831,-5.863,-6.831,-0.576, 0.417,-0.104,-0.573,0.191,-1.264, 0.570, 0.083, 9.541,-0.273,-0.075, 1.571,-0.512, 0.065, 0.000;
5.021,-5.593,-4.750,-5.593,-4.750,-0.580, 0.417,-0.091,-0.346,0.000,1.043, 0.564, 0.082, 9.548,-0.318,-0.045, 1.571,-0.467, 0.020, 0.000;
5.032,-5.802,-6.603,-5.802,-6.603,-0.587, 0.417,-0.091,-0.607,0.000,0.000, 0.562, 0.082, 9.565,-0.279,-0.097, 1.571,-0.505, 0.058, 0.000;
5.043,-7.686,-6.436,-7.686,-6.436,-0.594, 0.417,-0.089,-0.585,0.000,0.118, 0.560, 0.081, 9.582,-0.238,-0.071, 1.571,-0.546, 0.018, 0.000;
5.065,-4.143,-6.677,-4.143,-6.677,-0.598, 0.420,-0.106,-0.204,0.102,-0.749, 0.547, 0.078, 9.633,-0.313,-0.175, 1.571,-0.469, 0.095, 0.000;
5.069,-4.157,-6.230,-4.157,-6.230,-0.605, 0.420,-0.091,-1.930,0.000,4.326, 0.551, 0.077, 9.623,-0.325,-0.167, 1.571,-0.456, 0.083, 0.000;
5.089,-7.504,-5.863,-7.504,-5.863,-0.612, 0.420,-0.089,-0.324,0.000,0.065, 0.542, 0.075, 9.654,-0.248,-0.120, 1.571,-0.530, 0.010, 0.000;
5.101,-5.602,-6.055,-5.602,-6.055,-0.616, 0.420,-0.091,-0.374,0.000,-0.113, 0.537, 0.074, 9.674,-0.289,-0.176, 1.571,-0.487, 0.052, 0.000;
5.114,-3.560,-6.252,-3.560,-6.252,-0.623, 0.422,-0.091,-0.535,0.178,0.000, 0.534, 0.070, 9.694,-0.331,-0.235, 1.571,-0.442, 0.096, 0.000;
5.119,-4.470,-6.152,-4.470,-6.152,-0.629, 0.422,-0.091,-1.301,0.000,0.000, 0.537, 0.069, 9.702,-0.311,-0.224, 1.571,-0.460, 0.078, 0.000;
5.129,-6.054,-5.970,-6.054,-5.970,-0.636, 0.422,-0.091,-0.685,0.000,0.000, 0.536, 0.068, 9.717,-0.274,-0.201, 1.571,-0.495, 0.043, 0.000;
5.151,-9.631,-5.751,-9.631,-5.751,-0.641, 0.422,-0.076,-0.200,0.000,0.674, 0.523, 0.064, 9.737,-0.189,-0.150, 1.571,-0.574,-0.035, 0.000;
5.155,-9.135,-5.864,-9.135,-5.864,-0.647, 0.422,-0.076,-1.703,0.000,0.000, 0.527, 0.063, 9.744,-0.202,-0.168, 1.571,-0.560,-0.021, 0.000;
5.166,-7.377,-5.838,-7.377,-5.838,-0.654, 0.424,-0.091,-0.623,0.208,-1.399, 0.525, 0.059, 9.776,-0.237,-0.219, 1.571,-0.522, 0.017, 0.000;
5.178,-7.220,-3.820,-7.220,-3.820,-0.658, 0.424,-0.091,-0.374,0.000,0.000, 0.521, 0.057, 9.794,-0.275,-0.191, 1.571,-0.480,-0.025, 0.000;
5.199,-10.835,-3.493,-10.835,-3.493,-0.665, 0.424,-0.091,-0.308,0.000,0.000, 0.511, 0.052, 9.829,-0.191,-0.141, 1.571,-0.557,-0.101, 0.000;
5.203,-10.296,-3.729,-10.296,-3.729,-0.672, 0.424,-0.076,-1.787,0.000,4.017, 0.515, 0.051, 9.819,-0.203,-0.158, 1.571,-0.543,-0.088, 0.000;
5.214,-8.391,-3.814,-8.391,-3.814,-0.679, 0.424,-0.076,-0.602,0.000,0.000, 0.513, 0.048, 9.837,-0.237,-0.211, 1.571,-0.504,-0.049, 0.000;
5.236,-4.736,-4.064,-4.736,-4.064,-0.683, 0.426,-0.076,-0.204,0.102,0.000, 0.502, 0.040, 9.871,-0.305,-0.313, 1.571,-0.427, 0.029, 0.000;
5.248,-4.754,-2.042,-4.754,-2.042,-0.690, 0.426,-0.076,-0.548,0.000,0.000, 0.500, 0.036, 9.890,-0.342,-0.284, 1.571,-0.384,-0.014, 0.000;
5.260,-4.933,-3.927,-4.933,-3.927,-0.696, 0.426,-0.076,-0.581,0.000,0.000, 0.498, 0.033, 9.909,-0.296,-0.338, 1.571,-0.425, 0.026, 0.000;
5.272,-4.800,-1.859,-4.800,-1.859,-0.701, 0.426,-0.077,-0.364,0.000,-0.094, 0.494, 0.029, 9.929,-0.333,-0.309, 1.571,-0.382,-0.017, 0.000;
5.284,-4.947,-3.872,-4.947,-3.872,-0.708, 0.426,-0.061,-0.572,0.000,1.387, 0.492, 0.025, 9.931,-0.285,-0.363, 1.571,-0.423, 0.024, 0.000;
5.296,-3.066,-3.911,-3.066,-3.911,-0.712, 0.429,-0.077,-0.376,0.188,-1.369, 0.488, 0.018, 9.966,-0.321,-0.418, 1.571,-0.382, 0.066, 0.000;
5.308,-5.218,-3.716,-5.218,-3.716,-0.719, 0.429,-0.077,-0.534,0.000,0.000, 0.486, 0.014, 9.986,-0.269,-0.388, 1.571,-0.426, 0.022, 0.000;
5.321,-5.409,-5.804,-5.409,-5.804,-0.725, 0.429,-0.076,-0.523,0.000,0.090, 0.484, 0.009,10.005,-0.217,-0.446, 1.571,-0.471, 0.067, 0.000;
5.334,-7.493,-5.714,-7.493,-5.714,-0.732, 0.429,-0.061,-0.518,0.000,1.168, 0.482, 0.004,10.010,-0.164,-0.415, 1.571,-0.516, 0.021, 0.000;
5.346,-5.537,-5.781,-5.537,-5.781,-0.737, 0.429,-0.061,-0.371,0.000,-0.077, 0.478,-0.001,10.030,-0.199,-0.470, 1.571,-0.474, 0.064, 0.000;
5.358,-5.829,-7.664,-5.829,-7.664,-0.743, 0.431,-0.077,-0.557,0.186,-1.275, 0.477,-0.008,10.064,-0.149,-0.525, 1.571,-0.516, 0.106, 0.000;
5.371,-5.708,-5.448,-5.708,-5.448,-0.748, 0.431,-0.077,-0.346,0.000,0.000, 0.473,-0.013,10.084,-0.185,-0.493, 1.571,-0.470, 0.060, 0.000;
5.376,-6.535,-5.462,-6.535,-5.462,-0.754, 0.431,-0.061,-1.339,0.000,3.062, 0.476,-0.015,10.077,-0.164,-0.480, 1.571,-0.488, 0.043, 0.000;
5.386,-8.180,-5.313,-8.180,-5.313,-0.761, 0.431,-0.061,-0.661,0.000,0.000, 0.476,-0.020,10.093,-0.121,-0.455, 1.571,-0.524, 0.007, 0.000;
5.397,-8.312,-7.091,-8.312,-7.091,-0.766, 0.431,-0.062,-0.402,0.000,-0.086, 0.473,-0.025,10.111,-0.074,-0.505, 1