lambdapx=0.000;lambdapy=0.000;lambdapth=20.000;lambdavx=0.000;lambdavth=0.000;kxg=10.000;kyg= 5.000;kthg= 5.000;kxgp=5.000;kygp=7.000;kthgp=7.000;
datos=[0.000,0.000,0.000,0.000,0.000, 0.000, 0.000, 0.000,0.000,0.000,0.000, 0.000, 0.000, 0.000, 0.000, 0.000, 0.000, 0.000, 0.000, 0.000, 0.000, 0.000, 0.000, 0.000, 0.000, 0.000, 0.000, 0.000, 0.000;
0.011,4.792,-12.512,-6.823,-0.897,-0.004,-0.676, 1.987,0.000,0.000,0.000, 0.504, 0.680,-0.415, 0.037, 0.512,-0.685,-0.040,-0.198, 0.811, 0.500, 0.003, 1.572,-0.002, 0.314, 0.126,-0.099,-0.001, 0.000;
0.022,7.138,-21.699,-10.947,-3.615,-0.004,-0.676, 1.987,0.000,0.000,0.000, 0.504, 0.683,-0.414, 0.075, 0.688,-1.361,-0.079,-0.374, 1.487, 0.500, 0.007, 1.574,-0.004, 0.314, 0.126,-0.099,-0.001, 0.000;
0.034,7.389,-29.831,-17.746,-4.695,-0.004,-0.676, 1.987,0.000,0.000,0.000, 0.504, 0.687,-0.412, 0.031, 0.851,-1.953,-0.037,-0.537, 2.079, 0.500, 0.011, 1.575,-0.007, 0.314, 0.126,-0.099,-0.002, 0.000;
0.046,7.227,-36.878,-23.813,-5.838,-0.004,-0.676, 1.987,0.000,0.000,0.000, 0.504, 0.691,-0.411,-0.015, 0.999,-2.453, 0.005,-0.685, 2.578, 0.500, 0.015, 1.577,-0.009, 0.314, 0.126,-0.099,-0.003, 0.000;
0.058,9.173,-43.210,-26.171,-7.866,-0.004,-0.676, 1.987,0.000,0.000,0.000, 0.504, 0.694,-0.409, 0.023, 1.118,-2.827,-0.034,-0.804, 2.952, 0.500, 0.018, 1.578,-0.011, 0.314, 0.126,-0.099,-0.004, 0.000;
0.069,8.508,-47.749,-30.405,-8.836,-0.004,-0.676, 1.987,0.000,0.000,0.000, 0.504, 0.698,-0.408,-0.018, 1.221,-3.131, 0.005,-0.907, 3.256, 0.500, 0.022, 1.579,-0.014, 0.314, 0.126,-0.099,-0.004, 0.000;
0.080,10.137,-52.671,-31.827,-10.707,-0.004,-0.676, 1.987,0.000,0.000,0.000, 0.504, 0.701,-0.407, 0.019, 1.315,-3.388,-0.035,-1.001, 3.514, 0.499, 0.025, 1.581,-0.016, 0.314, 0.126,-0.099,-0.005, 0.000;
0.092,9.124,-56.185,-35.469,-11.592,-0.004,-0.676, 1.987,0.000,0.000,0.000, 0.504, 0.705,-0.405,-0.025, 1.401,-3.610, 0.006,-1.087, 3.735, 0.499, 0.029, 1.582,-0.018, 0.314, 0.126,-0.099,-0.006, 0.000;
0.106,10.868,-60.926,-36.342,-13.716,-0.004,-0.676, 1.987,0.000,0.000,0.000, 0.503, 0.709,-0.403, 0.022, 1.492,-3.825,-0.043,-1.178, 3.950, 0.499, 0.033, 1.584,-0.021, 0.313, 0.126,-0.098,-0.007, 0.000;
0.115,9.796,-62.715,-38.543,-14.376,-0.004,-0.676, 1.987,0.000,0.000,0.000, 0.503, 0.712,-0.402,-0.012, 1.543,-3.935,-0.010,-1.230, 4.060, 0.499, 0.036, 1.585,-0.023, 0.313, 0.126,-0.098,-0.007, 0.000;
0.126,11.017,-65.647,-38.701,-15.929,-0.004,-0.676, 1.987,0.000,0.000,0.000, 0.503, 0.716,-0.401, 0.024, 1.600,-4.047,-0.049,-1.287, 4.173, 0.498, 0.040, 1.587,-0.025, 0.313, 0.126,-0.098,-0.008, 0.000;
0.147,8.642,-68.916,-43.341,-16.933,-0.004,-0.676, 1.987,0.000,0.000,0.000, 0.502, 0.723,-0.398,-0.055, 1.697,-4.221, 0.026,-1.384, 4.347, 0.498, 0.046, 1.589,-0.029, 0.313, 0.126,-0.098,-0.009, 0.000;
0.159,9.658,-71.011,-42.844,-18.509,-0.004,-0.676, 1.987,0.000,0.000,0.000, 0.502, 0.726,-0.397,-0.016, 1.740,-4.283,-0.015,-1.427, 4.408, 0.498, 0.050, 1.591,-0.031, 0.313, 0.126,-0.098,-0.010, 0.000;
0.171,9.170,-69.470,-43.903,-16.397,-0.004,-0.676, 1.987,0.000,0.000,0.000, 0.502, 0.730,-0.395,-0.060, 1.697,-4.331, 0.026,-1.385, 4.457, 0.497, 0.054, 1.592,-0.034, 0.312, 0.126,-0.098,-0.011, 0.000;
0.183,10.614,-68.219,-41.726,-15.878,-0.004,-0.676, 1.987,0.000,0.000,0.000, 0.501, 0.734,-0.394,-0.021, 1.652,-4.287,-0.015,-1.340, 4.412, 0.497, 0.057, 1.594,-0.036, 0.312, 0.126,-0.098,-0.011, 0.000;
0.194,10.159,-66.281,-41.592,-14.531,-0.004,-0.676, 2.001,0.000,0.000,1.200, 0.501, 0.737,-0.406,-0.063, 1.608,-4.239, 0.025,-1.296, 4.364, 0.496, 0.061, 1.595,-0.038, 0.312, 0.126,-0.098,-0.012, 0.000;
0.205,11.821,-65.061,-39.216,-14.024,-0.004,-0.676, 2.007,0.000,0.000,0.556, 0.500, 0.741,-0.411,-0.025, 1.562,-4.185,-0.015,-1.251, 4.311, 0.496, 0.064, 1.597,-0.040, 0.312, 0.126,-0.098,-0.013, 0.000;
0.216,11.001,-62.934,-39.306,-12.627,-0.004,-0.679, 2.015,0.000,-0.199,0.636, 0.500, 0.746,-0.417,-0.067, 1.517,-4.128, 0.024,-1.206, 4.253, 0.495, 0.068, 1.598,-0.043, 0.311, 0.126,-0.098,-0.013, 0.000;
0.228,11.896,-61.310,-37.544,-11.870,-0.007,-0.679, 2.001,-0.192,0.000,-1.158, 0.502, 0.750,-0.402,-0.028, 1.470,-4.060,-0.017,-1.159, 4.186, 0.495, 0.071, 1.599,-0.045, 0.311, 0.126,-0.098,-0.014, 0.000;
0.239,13.978,-60.203,-34.743,-11.482,-0.007,-0.679, 2.021,0.000,0.000,1.807, 0.501, 0.753,-0.420, 0.008, 1.424,-3.996,-0.055,-1.114, 4.121, 0.494, 0.075, 1.601,-0.047, 0.311, 0.126,-0.098,-0.015, 0.000;
0.250,13.260,-58.039,-34.565,-10.213,-0.007,-0.679, 2.034,0.000,0.000,1.211, 0.501, 0.757,-0.432,-0.033, 1.379,-3.929,-0.016,-1.068, 4.055, 0.494, 0.078, 1.602,-0.049, 0.310, 0.126,-0.097,-0.015, 0.000;
0.261,14.757,-56.601,-32.160,-9.684,-0.007,-0.679, 2.041,0.000,0.000,0.604, 0.500, 0.760,-0.438, 0.004, 1.332,-3.860,-0.055,-1.022, 3.985, 0.493, 0.082, 1.604,-0.051, 0.310, 0.126,-0.097,-0.016, 0.000;
0.272,13.753,-54.394,-32.275,-8.366,-0.007,-0.681, 2.048,0.000,-0.203,0.590, 0.499, 0.766,-0.443,-0.037, 1.287,-3.789,-0.017,-0.978, 3.914, 0.493, 0.085, 1.605,-0.053, 0.310, 0.126,-0.097,-0.017, 0.000;
0.294,16.747,-51.524,-27.421,-7.355,-0.007,-0.681, 2.068,0.000,0.000,0.921, 0.498, 0.773,-0.460, 0.036, 1.198,-3.650,-0.093,-0.889, 3.776, 0.491, 0.092, 1.608,-0.058, 0.309, 0.126,-0.097,-0.018, 0.000;
0.306,15.416,-49.157,-27.820,-5.921,-0.007,-0.681, 2.068,0.000,0.000,0.000, 0.497, 0.776,-0.459,-0.008, 1.150,-3.569,-0.052,-0.842, 3.695, 0.491, 0.095, 1.609,-0.060, 0.308, 0.126,-0.097,-0.019, 0.000;
0.317,14.646,-47.002,-27.673,-4.683,-0.007,-0.681, 2.088,0.000,0.000,1.800, 0.497, 0.780,-0.477,-0.049, 1.104,-3.493,-0.013,-0.796, 3.619, 0.490, 0.099, 1.611,-0.062, 0.308, 0.126,-0.097,-0.020, 0.000;
0.328,15.790,-45.413,-25.502,-4.121,-0.009,-0.683, 2.088,-0.201,-0.201,0.000, 0.498, 0.785,-0.476,-0.012, 1.059,-3.416,-0.052,-0.752, 3.541, 0.489, 0.102, 1.612,-0.064, 0.308, 0.126,-0.097,-0.020, 0.000;
0.339,14.928,-43.289,-25.447,-2.914,-0.009,-0.683, 2.109,0.000,0.000,1.830, 0.498, 0.789,-0.495,-0.054, 1.015,-3.340,-0.013,-0.708, 3.465, 0.489, 0.106, 1.613,-0.066, 0.307, 0.126,-0.096,-0.021, 0.000;
0.351,16.343,-41.745,-23.037,-2.365,-0.009,-0.685, 2.121,0.000,-0.199,1.146, 0.497, 0.794,-0.507,-0.017, 0.970,-3.265,-0.052,-0.664, 3.390, 0.488, 0.109, 1.615,-0.069, 0.307, 0.126,-0.096,-0.022, 0.000;
0.362,15.388,-39.696,-23.084,-1.224,-0.009,-0.685, 2.142,0.000,0.000,1.883, 0.496, 0.798,-0.526,-0.057, 0.928,-3.194,-0.013,-0.621, 3.319, 0.487, 0.113, 1.616,-0.071, 0.306, 0.126,-0.096,-0.022, 0.000;
0.373,16.723,-38.147,-20.800,-0.624,-0.009,-0.687, 2.155,0.000,-0.202,1.132, 0.495, 0.803,-0.537,-0.021, 0.885,-3.122,-0.052,-0.579, 3.248, 0.486, 0.116, 1.618,-0.073, 0.306, 0.126,-0.096,-0.023, 0.000;
0.384,15.663,-36.138,-20.983,0.507,-0.009,-0.687, 2.175,0.000,0.000,1.878, 0.494, 0.807,-0.556,-0.062, 0.843,-3.054,-0.013,-0.537, 3.180, 0.486, 0.119, 1.619,-0.075, 0.305, 0.126,-0.096,-0.024, 0.000;
0.395,16.711,-34.563,-19.002,1.149,-0.011,-0.690, 2.175,-0.204,-0.204,0.000, 0.496, 0.812,-0.555,-0.025, 0.801,-2.984,-0.052,-0.497, 3.110, 0.485, 0.123, 1.620,-0.077, 0.305, 0.126,-0.096,-0.024, 0.000;
0.416,14.013,-30.694,-19.937,3.257,-0.011,-0.692, 2.188,0.000,-0.105,0.573, 0.494, 0.821,-0.565,-0.104, 0.722,-2.851, 0.023,-0.418, 2.976, 0.483, 0.129, 1.623,-0.081, 0.303, 0.126,-0.095,-0.025, 0.000;
0.428,15.596,-29.169,-17.592,4.019,-0.011,-0.692, 2.217,0.000,0.000,2.542, 0.493, 0.825,-0.593,-0.065, 0.678,-2.781,-0.018,-0.375, 2.906, 0.482, 0.133, 1.625,-0.083, 0.303, 0.126,-0.095,-0.026, 0.000;
0.439,14.126,-27.181,-18.124,5.070,-0.011,-0.694, 2.229,0.000,-0.196,1.046, 0.492, 0.830,-0.603,-0.107, 0.637,-2.713, 0.022,-0.334, 2.839, 0.481, 0.136, 1.626,-0.086, 0.302, 0.126,-0.095,-0.027, 0.000;
0.451,15.231,-25.494,-16.091,5.828,-0.013,-0.696, 2.229,-0.188,-0.188,0.000, 0.493, 0.836,-0.602,-0.067, 0.594,-2.641,-0.020,-0.292, 2.767, 0.480, 0.140, 1.627,-0.088, 0.302, 0.126,-0.095,-0.028, 0.000;
0.462,13.951,-23.641,-16.609,6.919,-0.013,-0.696, 2.260,0.000,0.000,2.673, 0.492, 0.840,-0.631,-0.110, 0.553,-2.577, 0.020,-0.252, 2.703, 0.479, 0.143, 1.629,-0.090, 0.301, 0.126,-0.095,-0.028, 0.000;
0.473,15.015,-22.033,-14.677,7.659,-0.013,-0.699, 2.271,0.000,-0.202,1.046, 0.491, 0.845,-0.641,-0.073, 0.513,-2.516,-0.019,-0.213, 2.641, 0.478, 0.147, 1.630,-0.092, 0.300, 0.126,-0.094,-0.029, 0.000;
0.484,13.424,-22.855,-15.517,6.086,-0.013,-0.701, 2.292,0.000,-0.203,1.925, 0.490, 0.851,-0.661,-0.113, 0.551,-2.457, 0.019,-0.251, 2.583, 0.477, 0.150, 1.632,-0.094, 0.300, 0.126,-0.094,-0.030, 0.000;
0.495,14.569,-21.252,-13.603,6.920,-0.013,-0.703, 2.314,0.000,-0.202,1.917, 0.489, 0.856,-0.681,-0.077, 0.511,-2.400,-0.019,-0.212, 2.526, 0.476, 0.153, 1.633,-0.096, 0.299, 0.126,-0.094,-0.030, 0.000;
0.507,12.897,-22.131,-14.494,5.261,-0.013,-0.705, 2.325,0.000,-0.198,0.975, 0.488, 0.862,-0.690,-0.118, 0.550,-2.344, 0.020,-0.252, 2.469, 0.475, 0.156, 1.634,-0.098, 0.298, 0.126,-0.094,-0.031, 0.000;
0.518,14.055,-20.493,-12.635,6.196,-0.013,-0.708, 2.346,0.000,-0.199,1.874, 0.487, 0.867,-0.710,-0.081, 0.510,-2.289,-0.019,-0.212, 2.415, 0.474, 0.160, 1.636,-0.100, 0.298, 0.126,-0.094,-0.032, 0.000;
0.539,11.010,-22.316,-14.274,2.968,-0.013,-0.710, 2.367,0.000,-0.104,0.980, 0.485, 0.876,-0.728,-0.160, 0.584,-2.188, 0.056,-0.287, 2.314, 0.472, 0.166, 1.639,-0.104, 0.296, 0.126,-0.093,-0.033, 0.000;
0.550,12.080,-20.670,-12.572,3.981,-0.013,-0.712, 2.377,0.000,-0.201,0.965, 0.484, 0.882,-0.738,-0.123, 0.543,-2.135, 0.017,-0.248, 2.261, 0.470, 0.170, 1.640,-0.107, 0.296, 0.126,-0.093,-0.033, 0.000;
0.563,10.422,-18.955,-13.507,4.975,-0.013,-0.714, 2.399,0.000,-0.185,1.759, 0.482, 0.887,-0.757,-0.168, 0.500,-2.079, 0.059,-0.205, 2.205, 0.469, 0.173, 1.641,-0.109, 0.295, 0.126,-0.093,-0.034, 0.000;
0.576,11.601,-19.989,-11.475,3.087,-0.016,-0.716, 2.399,-0.171,-0.171,0.000, 0.483, 0.893,-0.756,-0.124, 0.545,-2.017, 0.013,-0.251, 2.143, 0.468, 0.177, 1.643,-0.111, 0.294, 0.126,-0.092,-0.035, 0.000;
0.587,12.801,-18.296,-9.714,4.219,-0.016,-0.719, 2.431,0.000,-0.200,2.919, 0.482, 0.899,-0.787,-0.087, 0.505,-1.969,-0.026,-0.212, 2.094, 0.466, 0.180, 1.645,-0.113, 0.293, 0.126,-0.092,-0.036, 0.000;
0.599,11.116,-19.393,-10.603,2.326,-0.016,-0.723, 2.430,0.000,-0.378,-0.134, 0.481, 0.907,-0.784,-0.130, 0.546,-1.915, 0.015,-0.254, 2.041, 0.465, 0.184, 1.646,-0.115, 0.292, 0.126,-0.092,-0.036, 0.000;
0.610,12.327,-17.579,-8.818,3.566,-0.016,-0.725, 2.462,0.000,-0.190,2.763, 0.479, 0.912,-0.815,-0.091, 0.504,-1.866,-0.026,-0.212, 1.992, 0.464, 0.187, 1.647,-0.118, 0.291, 0.126,-0.092,-0.037, 0.000;
0.622,10.939,-18.721,-9.507,1.725,-0.016,-0.728, 2.483,0.000,-0.191,1.798, 0.478, 0.918,-0.834,-0.135, 0.544,-1.819, 0.015,-0.253, 1.945, 0.462, 0.190, 1.649,-0.120, 0.290, 0.126,-0.091,-0.038, 0.000;
0.634,11.967,-16.795,-7.833,3.005,-0.016,-0.730, 2.504,0.000,-0.188,1.754, 0.476, 0.924,-0.854,-0.095, 0.501,-1.773,-0.027,-0.211, 1.899, 0.461, 0.194, 1.650,-0.122, 0.290, 0.126,-0.091,-0.038, 0.000;
0.646,10.648,-18.051,-8.523,1.120,-0.016,-0.732, 2.525,0.000,-0.187,1.737, 0.475, 0.929,-0.873,-0.139, 0.542,-1.728, 0.015,-0.253, 1.854, 0.459, 0.197, 1.652,-0.124, 0.289, 0.126,-0.091,-0.039, 0.000;
0.658,11.606,-15.973,-6.890,2.523,-0.016,-0.734, 2.537,0.000,-0.176,0.964, 0.473, 0.935,-0.883,-0.097, 0.496,-1.680,-0.029,-0.209, 1.805, 0.458, 0.201, 1.654,-0.126, 0.288, 0.126,-0.090,-0.040, 0.000;
0.671,10.401,-17.362,-7.512,0.552,-0.016,-0.737, 2.570,0.000,-0.177,2.630, 0.472, 0.941,-0.915,-0.144, 0.540,-1.635, 0.015,-0.253, 1.761, 0.456, 0.205, 1.655,-0.129, 0.287, 0.126,-0.090,-0.040, 0.000;
0.683,11.825,-18.088,-5.408,-0.854,-0.016,-0.741, 2.578,0.000,-0.369,0.663, 0.470, 0.949,-0.922,-0.103, 0.581,-1.590,-0.027,-0.296, 1.716, 0.455, 0.208, 1.657,-0.131, 0.286, 0.126,-0.090,-0.041, 0.000;
0.695,9.963,-16.716,-6.699,-0.054,-0.016,-0.743, 2.591,0.000,-0.186,1.055, 0.469, 0.955,-0.933,-0.148, 0.538,-1.546, 0.015,-0.253, 1.672, 0.453, 0.212, 1.658,-0.133, 0.285, 0.126,-0.089,-0.042, 0.000;
0.707,10.867,-14.641,-5.210,1.437,-0.016,-0.745, 2.611,0.000,-0.183,1.674, 0.467, 0.960,-0.952,-0.107, 0.494,-1.502,-0.028,-0.211, 1.627, 0.451, 0.215, 1.660,-0.135, 0.284, 0.126,-0.089,-0.042, 0.000;
0.719,9.748,-13.908,-6.999,2.839,-0.016,-0.745, 2.658,0.000,0.000,3.888, 0.465, 0.964,-0.997,-0.151, 0.451,-1.548, 0.014,-0.168, 1.673, 0.450, 0.218, 1.661,-0.137, 0.283, 0.126,-0.089,-0.043, 0.000;
0.731,11.780,-14.968,-5.306,2.118,-0.016,-0.748, 2.671,0.000,-0.184,1.105, 0.464, 0.970,-1.008,-0.111, 0.492,-1.591,-0.029,-0.211, 1.717, 0.448, 0.222, 1.663,-0.139, 0.282, 0.126,-0.088,-0.044, 0.000;
0.743,10.347,-14.269,-7.204,3.282,-0.016,-0.750, 2.691,0.000,-0.186,1.680, 0.462, 0.975,-1.027,-0.155, 0.449,-1.634, 0.013,-0.169, 1.759, 0.446, 0.225, 1.664,-0.141, 0.281, 0.126,-0.088,-0.044, 0.000;
0.755,11.819,-14.691,-4.948,2.076,-0.016,-0.752, 2.705,0.000,-0.187,1.142, 0.460, 0.981,-1.039,-0.115, 0.490,-1.591,-0.028,-0.210, 1.716, 0.445, 0.228, 1.666,-0.144, 0.279, 0.126,-0.088,-0.045, 0.000;
0.768,9.805,-13.514,-6.383,2.673,-0.016,-0.754, 2.725,0.000,-0.183,1.635, 0.459, 0.986,-1.058,-0.160, 0.446,-1.548, 0.014,-0.168, 1.673, 0.443, 0.232, 1.667,-0.146, 0.278, 0.126,-0.087,-0.046, 0.000;
0.780,11.078,-11.855,-5.774,4.997,-0.016,-0.754, 2.753,0.000,0.000,2.198, 0.457, 0.990,-1.084,-0.118, 0.400,-1.593,-0.030,-0.123, 1.719, 0.441, 0.235, 1.669,-0.148, 0.277, 0.126,-0.087,-0.046, 0.000;
0.793,10.586,-14.054,-6.715,3.247,-0.016,-0.757, 2.772,0.000,-0.171,1.500, 0.455, 0.996,-1.102,-0.166, 0.445,-1.639, 0.016,-0.169, 1.764, 0.439, 0.239, 1.670,-0.150, 0.276, 0.126,-0.087,-0.047, 0.000;
0.804,10.924,-11.947,-5.632,4.610,-0.016,-0.759, 2.786,0.000,-0.203,1.283, 0.453, 1.001,-1.115,-0.130, 0.406,-1.599,-0.022,-0.131, 1.725, 0.438, 0.242, 1.672,-0.152, 0.275, 0.126,-0.086,-0.048, 0.000;
0.816,9.542,-11.570,-7.664,5.635,-0.013,-0.759, 2.825,0.192,0.000,3.283, 0.449, 1.004,-1.151,-0.173, 0.364,-1.642, 0.019,-0.090, 1.768, 0.436, 0.245, 1.673,-0.154, 0.274, 0.126,-0.086,-0.048, 0.000;
0.827,11.585,-12.305,-5.958,5.238,-0.013,-0.761, 2.839,0.000,-0.193,1.224, 0.447, 1.010,-1.164,-0.134, 0.403,-1.683,-0.022,-0.131, 1.809, 0.434, 0.248, 1.675,-0.156, 0.273, 0.126,-0.086,-0.049, 0.000;
0.838,10.150,-11.938,-7.817,6.030,-0.013,-0.761, 2.867,0.000,0.000,2.625, 0.446, 1.012,-1.191,-0.174, 0.364,-1.722, 0.016,-0.092, 1.848, 0.432, 0.251, 1.676,-0.158, 0.272, 0.126,-0.085,-0.050, 0.000;
0.849,12.139,-12.558,-6.181,5.762,-0.013,-0.763, 2.886,0.000,-0.204,1.675, 0.444, 1.018,-1.208,-0.138, 0.401,-1.761,-0.022,-0.131, 1.887, 0.430, 0.254, 1.678,-0.160, 0.270, 0.126,-0.085,-0.050, 0.000;
0.861,9.893,-11.656,-7.663,5.900,-0.013,-0.763, 2.900,0.000,0.000,1.217, 0.442, 1.021,-1.221,-0.181, 0.358,-1.718, 0.020,-0.089, 1.844, 0.429, 0.258, 1.679,-0.162, 0.269, 0.126,-0.085,-0.051, 0.000;
0.872,11.435,-11.787,-5.588,5.236,-0.013,-0.766, 2.915,0.000,-0.204,1.332, 0.440, 1.026,-1.234,-0.145, 0.395,-1.679,-0.019,-0.127, 1.804, 0.427, 0.260, 1.680,-0.164, 0.268, 0.126,-0.084,-0.051, 0.000;
0.893,8.628,-11.558,-9.510,6.581,-0.013,-0.766, 2.944,0.000,0.000,1.384, 0.437, 1.032,-1.261,-0.223, 0.318,-1.755, 0.056,-0.052, 1.880, 0.423, 0.266, 1.683,-0.167, 0.266, 0.126,-0.084,-0.053, 0.000;
0.905,6.459,-10.845,-10.827,6.441,-0.011,-0.766, 2.976,0.200,0.000,2.894, 0.433, 1.035,-1.292,-0.264, 0.278,-1.714, 0.095,-0.013, 1.840, 0.421, 0.269, 1.684,-0.169, 0.265, 0.126,-0.083,-0.053, 0.000;
0.917,8.087,-10.824,-8.488,5.752,-0.011,-0.768, 2.976,0.000,-0.185,0.000, 0.431, 1.040,-1.290,-0.224, 0.319,-1.668, 0.053,-0.056, 1.793, 0.419, 0.272, 1.686,-0.171, 0.263, 0.126,-0.083,-0.054, 0.000;
0.928,8.174,-8.681,-7.910,7.402,-0.011,-0.768, 3.006,0.000,0.000,2.560, 0.429, 1.043,-1.319,-0.185, 0.278,-1.626, 0.012,-0.015, 1.752, 0.417, 0.275, 1.687,-0.173, 0.262, 0.126,-0.082,-0.054, 0.000;
0.939,8.276,-10.798,-8.357,5.835,-0.011,-0.768, 3.037,0.000,0.000,2.805, 0.427, 1.046,-1.349,-0.226, 0.316,-1.667, 0.051,-0.055, 1.792, 0.415, 0.278, 1.689,-0.175, 0.261, 0.126,-0.082,-0.055, 0.000;
0.951,9.718,-10.590,-6.105,5.232,-0.011,-0.770, 3.037,0.000,-0.200,0.000, 0.425, 1.051,-1.347,-0.189, 0.354,-1.625, 0.012,-0.094, 1.750, 0.413, 0.281, 1.690,-0.177, 0.260, 0.126,-0.082,-0.056, 0.000;
0.962,8.271,-10.722,-8.208,5.756,-0.011,-0.770, 3.067,0.000,0.000,2.644, 0.423, 1.054,-1.375,-0.230, 0.313,-1.664, 0.051,-0.054, 1.790, 0.411, 0.284, 1.692,-0.178, 0.259, 0.126,-0.081,-0.056, 0.000;
0.973,8.608,-9.103,-8.233,7.738,-0.011,-0.770, 3.097,0.000,0.000,2.738, 0.421, 1.057,-1.404,-0.193, 0.274,-1.704, 0.013,-0.016, 1.829, 0.410, 0.287, 1.693,-0.180, 0.257, 0.126,-0.081,-0.057, 0.000;
0.984,8.185,-10.547,-7.899,5.537,-0.011,-0.770, 3.112,0.000,0.000,1.352, 0.419, 1.060,-1.417,-0.234, 0.311,-1.665, 0.052,-0.055, 1.791, 0.408, 0.290, 1.694,-0.182, 0.256, 0.126,-0.080,-0.057, 0.000;
0.995,8.557,-9.033,-8.120,7.644,-0.011,-0.770, 3.142,0.000,0.000,2.742, 0.417, 1.063,-1.446,-0.197, 0.272,-1.705, 0.014,-0.017, 1.830, 0.406, 0.293, 1.696,-0.184, 0.255, 0.126,-0.080,-0.058, 0.000;
1.016,9.051,-12.981,-8.488,4.557,-0.011,-0.770, 3.157,0.000,0.000,0.702, 0.413, 1.068,-1.458,-0.275, 0.344,-1.779, 0.088,-0.091, 1.905, 0.402, 0.298, 1.698,-0.187, 0.252, 0.126,-0.079,-0.059, 0.000;
1.027,8.639,-10.673,-8.062,6.029,-0.011,-0.770, 3.171,0.000,0.000,1.316, 0.411, 1.071,-1.472,-0.237, 0.302,-1.735, 0.048,-0.051, 1.861, 0.399, 0.301, 1.700,-0.189, 0.251, 0.126,-0.079,-0.059, 0.000;
1.038,10.262,-10.299,-5.855,5.818,-0.011,-0.772, 3.186,0.000,-0.197,1.316, 0.408, 1.076,-1.485,-0.199, 0.341,-1.692, 0.008,-0.091, 1.818, 0.397, 0.304, 1.701,-0.191, 0.250, 0.126,-0.078,-0.060, 0.000;
1.050,8.073,-10.099,-7.472,5.446,-0.009,-0.772, 3.216,0.188,0.000,2.510, 0.404, 1.079,-1.513,-0.243, 0.298,-1.650, 0.050,-0.050, 1.775, 0.395, 0.307, 1.703,-0.193, 0.248, 0.126,-0.078,-0.061, 0.000;
1.061,7.653,-7.955,-7.292,6.990,-0.011,-0.772, 3.232,-0.201,0.000,1.458, 0.404, 1.082,-1.528,-0.205, 0.258,-1.610, 0.011,-0.011, 1.735, 0.393, 0.309, 1.704,-0.194, 0.247, 0.126,-0.078,-0.061, 0.000;
1.073,7.566,-9.543,-6.813,4.836,-0.009,-0.772, 3.246,0.197,0.000,1.186, 0.400, 1.084,-1.540,-0.247, 0.296,-1.569, 0.051,-0.050, 1.694, 0.391, 0.312, 1.706,-0.196, 0.245, 0.126,-0.077,-0.062, 0.000;
1.085,7.699,-7.883,-7.336,7.152,-0.009,-0.772, 3.275,0.000,0.000,2.448, 0.397, 1.087,-1.568,-0.207, 0.252,-1.612, 0.009,-0.008, 1.738, 0.388, 0.315, 1.707,-0.198, 0.244, 0.126,-0.077,-0.062, 0.000;
1.096,7.588,-9.275,-6.685,4.999,-0.009,-0.772, 3.290,0.000,0.000,1.351, 0.395, 1.090,-1.581,-0.246, 0.289,-1.574, 0.047,-0.046, 1.699, 0.386, 0.318, 1.708,-0.200, 0.243, 0.126,-0.076,-0.063, 0.000;
1.107,7.047,-7.158,-6.684,6.572,-0.009,-0.772, 3.307,0.000,0.000,1.513, 0.393, 1.093,-1.597,-0.209, 0.248,-1.534, 0.007,-0.007, 1.660, 0.384, 0.320, 1.710,-0.201, 0.241, 0.126,-0.076,-0.063, 0.000;
1.119,7.784,-9.496,-6.611,4.899,-0.009,-0.772, 3.336,0.000,0.000,2.372, 0.390, 1.096,-1.625,-0.254, 0.290,-1.579, 0.051,-0.050, 1.705, 0.381, 0.323, 1.711,-0.203, 0.240, 0.126,-0.075,-0.064, 0.000;
1.130,7.034,-7.255,-6.575,6.355,-0.009,-0.772, 3.351,0.000,0.000,1.283, 0.388, 1.098,-1.638,-0.216, 0.249,-1.539, 0.011,-0.010, 1.665, 0.379, 0.326, 1.713,-0.205, 0.238, 0.126,-0.075,-0.064, 0.000;
1.142,5.526,-7.996,-8.703,6.234,-0.009,-0.770, 3.379,0.000,0.197,2.544, 0.386, 1.099,-1.665,-0.257, 0.207,-1.580, 0.050, 0.030, 1.706, 0.377, 0.329, 1.714,-0.207, 0.237, 0.126,-0.074,-0.065, 0.000;
1.154,7.024,-7.132,-6.386,6.279,-0.009,-0.772, 3.383,0.000,-0.190,0.299, 0.383, 1.104,-1.667,-0.217, 0.247,-1.537, 0.009,-0.012, 1.663, 0.374, 0.331, 1.716,-0.208, 0.235, 0.126,-0.074,-0.065, 0.000;
1.175,4.195,-8.665,-10.393,5.923,-0.009,-0.772, 3.412,0.000,0.000,1.339, 0.379, 1.109,-1.693,-0.296, 0.169,-1.614, 0.084, 0.063, 1.739, 0.370, 0.337, 1.718,-0.211, 0.232, 0.126,-0.073,-0.066, 0.000;
1.187,3.209,-6.434,-10.497,7.271,-0.009,-0.770, 3.444,0.000,0.188,2.753, 0.376, 1.109,-1.725,-0.256, 0.126,-1.571, 0.043, 0.105, 1.697, 0.367, 0.339, 1.720,-0.213, 0.231, 0.126,-0.072,-0.067, 0.000;
1.199,4.717,-5.568,-8.345,7.494,-0.009,-0.770, 3.459,0.000,0.000,1.219, 0.374, 1.112,-1.737,-0.217, 0.165,-1.529, 0.002, 0.064, 1.655, 0.365, 0.342, 1.721,-0.215, 0.229, 0.126,-0.072,-0.067, 0.000;
1.210,5.053,-7.157,-7.432,5.328,-0.009,-0.770, 3.473,0.000,0.000,1.188, 0.371, 1.115,-1.750,-0.260, 0.205,-1.487, 0.043, 0.023, 1.612, 0.362, 0.345, 1.723,-0.217, 0.228, 0.126,-0.072,-0.068, 0.000;
1.222,4.114,-5.045,-7.804,6.873,-0.009,-0.770, 3.492,0.000,0.000,1.594, 0.369, 1.117,-1.767,-0.220, 0.161,-1.444, 0.002, 0.065, 1.570, 0.360, 0.347, 1.724,-0.218, 0.226, 0.126,-0.071,-0.069, 0.000;
1.234,4.504,-6.601,-6.827,4.731,-0.009,-0.770, 3.506,0.000,0.000,1.185, 0.366, 1.120,-1.780,-0.263, 0.201,-1.402, 0.043, 0.023, 1.528, 0.357, 0.350, 1.726,-0.220, 0.224, 0.126,-0.070,-0.069, 0.000;
1.246,4.114,-5.160,-7.860,6.813,-0.009,-0.770, 3.533,0.000,0.000,2.344, 0.363, 1.123,-1.806,-0.223, 0.159,-1.445, 0.002, 0.064, 1.570, 0.354, 0.353, 1.727,-0.222, 0.223, 0.126,-0.070,-0.070, 0.000;
1.258,5.084,-7.194,-7.292,5.182,-0.009,-0.770, 3.552,0.000,0.000,1.635, 0.361, 1.125,-1.823,-0.266, 0.198,-1.487, 0.043, 0.023, 1.612, 0.352, 0.355, 1.729,-0.223, 0.221, 0.126,-0.069,-0.070, 0.000;
1.269,4.519,-5.667,-8.277,7.128,-0.011,-0.770, 3.572,-0.193,0.000,1.691, 0.360, 1.128,-1.842,-0.227, 0.156,-1.527, 0.002, 0.063, 1.653, 0.349, 0.358, 1.730,-0.225, 0.219, 0.126,-0.069,-0.071, 0.000;
1.282,6.017,-4.360,-5.925,7.582,-0.011,-0.770, 3.572,0.000,0.000,0.000, 0.358, 1.131,-1.840,-0.184, 0.199,-1.479,-0.043, 0.019, 1.605, 0.346, 0.361, 1.732,-0.227, 0.218, 0.126,-0.068,-0.071, 0.000;
1.295,3.721,-5.040,-7.657,6.338,-0.011,-0.768, 3.599,0.000,0.169,2.031, 0.355, 1.131,-1.865,-0.232, 0.151,-1.432, 0.004, 0.065, 1.558, 0.343, 0.363, 1.734,-0.228, 0.216, 0.126,-0.068,-0.072, 0.000;
1.307,5.197,-3.841,-5.534,6.889,-0.011,-0.770, 3.605,0.000,-0.185,0.546, 0.352, 1.136,-1.870,-0.191, 0.192,-1.388,-0.039, 0.022, 1.513, 0.341, 0.366, 1.735,-0.230, 0.214, 0.126,-0.067,-0.072, 0.000;
1.319,3.748,-5.108,-7.652,6.292,-0.011,-0.768, 3.632,0.000,0.188,2.216, 0.349, 1.136,-1.895,-0.235, 0.148,-1.429, 0.003, 0.064, 1.555, 0.338, 0.369, 1.737,-0.232, 0.212, 0.126,-0.067,-0.073, 0.000;
1.331,5.638,-4.388,-6.160,7.409,-0.013,-0.768, 3.652,-0.190,0.000,1.708, 0.349, 1.139,-1.914,-0.195, 0.188,-1.470,-0.039, 0.023, 1.596, 0.335, 0.371, 1.738,-0.233, 0.211, 0.126,-0.066,-0.073, 0.000;
1.342,4.168,-5.569,-8.045,6.643,-0.013,-0.768, 3.672,0.000,0.000,1.755, 0.346, 1.141,-1.932,-0.237, 0.146,-1.511, 0.002, 0.063, 1.637, 0.332, 0.373, 1.739,-0.235, 0.209, 0.126,-0.066,-0.074, 0.000;
1.354,5.443,-4.192,-5.972,7.223,-0.013,-0.768, 3.672,0.000,0.000,0.000, 0.343, 1.144,-1.931,-0.197, 0.185,-1.467,-0.039, 0.022, 1.593, 0.330, 0.376, 1.741,-0.236, 0.207, 0.126,-0.065,-0.074, 0.000;
1.365,4.206,-2.376,-6.727,8.558,-0.016,-0.768, 3.692,-0.200,0.000,1.833, 0.343, 1.146,-1.950,-0.159, 0.144,-1.426,-0.078, 0.061, 1.552, 0.327, 0.378, 1.742,-0.238, 0.206, 0.126,-0.065,-0.075, 0.000;
1.376,2.870,-3.691,-8.629,7.808,-0.016,-0.766, 3.717,0.000,0.202,2.270, 0.340, 1.146,-1.974,-0.200, 0.104,-1.465,-0.040, 0.100, 1.591, 0.324, 0.380, 1.744,-0.239, 0.204, 0.126,-0.064,-0.075, 0.000;
1.387,4.002,-2.328,-6.744,8.418,-0.018,-0.766, 3.725,-0.203,0.000,0.739, 0.340, 1.148,-1.980,-0.162, 0.141,-1.426,-0.078, 0.062, 1.551, 0.322, 0.383, 1.745,-0.240, 0.202, 0.126,-0.064,-0.076, 0.000;
1.398,2.699,-3.777,-8.692,7.615,-0.018,-0.763, 3.758,0.000,0.199,2.932, 0.337, 1.148,-2.012,-0.203, 0.099,-1.467,-0.039, 0.101, 1.592, 0.319, 0.385, 1.747,-0.242, 0.200, 0.126,-0.063,-0.076, 0.000;
1.411,3.452,-5.008,-7.072,5.516,-0.018,-0.763, 3.758,0.000,0.000,0.000, 0.334, 1.151,-2.010,-0.248, 0.141,-1.422, 0.004, 0.058, 1.547, 0.316, 0.387, 1.748,-0.243, 0.199, 0.126,-0.062,-0.076, 0.000;
1.422,2.644,-3.902,-8.570,7.313,-0.020,-0.761, 3.791,-0.196,0.196,2.868, 0.333, 1.151,-2.041,-0.209, 0.099,-1.463,-0.036, 0.098, 1.588, 0.313, 0.390, 1.749,-0.245, 0.197, 0.126,-0.062,-0.077, 0.000;
1.444,4.883,-0.973,-4.969,8.878,-0.022,-0.761, 3.800,-0.100,0.000,0.405, 0.330, 1.155,-2.048,-0.133, 0.174,-1.383,-0.114, 0.020, 1.509, 0.308, 0.394, 1.752,-0.248, 0.193, 0.126,-0.061,-0.078, 0.000;
1.449,4.110,-1.435,-5.610,8.286,-0.022,-0.759, 3.812,0.000,0.443,2.323, 0.329, 1.154,-2.059,-0.152, 0.155,-1.364,-0.097, 0.037, 1.489, 0.307, 0.395, 1.753,-0.248, 0.193, 0.126,-0.061,-0.078, 0.000;
1.461,2.258,-2.343,-6.835,6.750,-0.025,-0.759, 3.821,-0.192,0.000,0.797, 0.328, 1.156,-2.067,-0.194, 0.112,-1.320,-0.056, 0.078, 1.446, 0.304, 0.397, 1.754,-0.250, 0.191, 0.126,-0.060,-0.078, 0.000;
1.473,3.175,-3.562,-5.369,4.983,-0.025,-0.759, 3.833,0.000,0.000,1.005, 0.325, 1.158,-2.077,-0.235, 0.151,-1.278,-0.016, 0.038, 1.404, 0.301, 0.399, 1.756,-0.251, 0.189, 0.126,-0.059,-0.079, 0.000;
1.484,2.244,-2.519,-6.916,6.642,-0.027,-0.757, 3.863,-0.202,0.202,2.779, 0.325, 1.158,-2.106,-0.198, 0.110,-1.318,-0.055, 0.077, 1.443, 0.298, 0.401, 1.757,-0.252, 0.187, 0.126,-0.059,-0.079, 0.000;
1.505,3.965,-4.564,-3.832,3.233,-0.027,-0.757, 3.863,0.000,0.000,0.000, 0.319, 1.162,-2.103,-0.277, 0.184,-1.237, 0.022, 0.000, 1.363, 0.293, 0.406, 1.760,-0.255, 0.184, 0.126,-0.058,-0.080, 0.000;
1.510,3.474,-4.014,-4.282,3.742,-0.029,-0.754, 3.884,-0.522,0.522,4.958, 0.320, 1.161,-2.124,-0.262, 0.168,-1.221, 0.007, 0.015, 1.347, 0.291, 0.406, 1.761,-0.255, 0.183, 0.126,-0.058,-0.080, 0.000;
1.521,2.469,-2.960,-5.796,5.306,-0.029,-0.754, 3.906,0.000,0.000,1.941, 0.318, 1.163,-2.144,-0.225, 0.127,-1.261,-0.032, 0.054, 1.386, 0.289, 0.408, 1.762,-0.257, 0.181, 0.126,-0.057,-0.081, 0.000;
1.532,3.395,-3.942,-4.135,3.588,-0.029,-0.754, 3.916,0.000,0.000,0.956, 0.315, 1.165,-2.153,-0.266, 0.165,-1.221, 0.008, 0.014, 1.347, 0.286, 0.410, 1.763,-0.258, 0.180, 0.126,-0.056,-0.081, 0.000;
1.554,1.382,-2.043,-7.358,6.697,-0.031,-0.752, 3.948,-0.103,0.103,1.461, 0.311, 1.166,-2.182,-0.191, 0.085,-1.303,-0.069, 0.091, 1.428, 0.280, 0.414, 1.766,-0.260, 0.176, 0.126,-0.055,-0.082, 0.000;
1.567,2.461,-3.076,-5.282,4.667,-0.031,-0.752, 3.959,0.000,0.000,0.786, 0.308, 1.169,-2.191,-0.239, 0.129,-1.254,-0.023, 0.045, 1.379, 0.277, 0.416, 1.768,-0.262, 0.174, 0.126,-0.055,-0.082, 0.000;
1.579,3.526,-1.305,-3.658,5.879,-0.033,-0.752, 3.981,-0.182,0.000,1.803, 0.307, 1.171,-2.211,-0.197, 0.170,-1.210,-0.066, 0.002, 1.336, 0.273, 0.419, 1.769,-0.263, 0.172, 0.126,-0.054,-0.083, 0.000;
1.591,1.896,-2.487,-4.679,4.087,-0.033,-0.752, 3.991,0.000,0.000,0.842, 0.304, 1.173,-2.220,-0.240, 0.126,-1.167,-0.024, 0.044, 1.293, 0.270, 0.421, 1.771,-0.264, 0.170, 0.126,-0.053,-0.083, 0.000;
1.603,2.920,-0.689,-3.082,5.314,-0.033,-0.752, 4.002,0.000,0.000,0.935, 0.301, 1.175,-2.230,-0.199, 0.167,-1.123,-0.067, 0.001, 1.249, 0.267, 0.423, 1.772,-0.266, 0.168, 0.126,-0.053,-0.083, 0.000;
1.615,1.938,-2.562,-4.727,4.103,-0.033,-0.752, 4.023,0.000,0.000,1.778, 0.297, 1.177,-2.250,-0.242, 0.123,-1.166,-0.025, 0.043, 1.292, 0.264, 0.425, 1.774,-0.267, 0.166, 0.126,-0.052,-0.084, 0.000;
1.627,3.355,-1.264,-3.778,5.869,-0.036,-0.752, 4.057,-0.187,0.000,2.783, 0.296, 1.179,-2.281,-0.201, 0.163,-1.211,-0.067, 0.001, 1.336, 0.261, 0.427, 1.775,-0.268, 0.164, 0.126,-0.051,-0.084, 0.000;
1.640,2.248,-3.286,-5.379,4.341,-0.036,-0.750, 4.087,0.000,0.170,2.305, 0.293, 1.179,-2.310,-0.249, 0.114,-1.261,-0.021, 0.047, 1.387, 0.257, 0.429, 1.777,-0.269, 0.162, 0.126,-0.051,-0.085, 0.000;
1.652,2.988,-1.306,-3.802,5.484,-0.036,-0.752, 4.078,0.000,-0.193,-0.768, 0.290, 1.183,-2.300,-0.209, 0.153,-1.219,-0.061, 0.006, 1.344, 0.254, 0.431, 1.778,-0.271, 0.160, 0.126,-0.050,-0.085, 0.000;
1.664,4.405,-2.272,-1.885,4.018,-0.036,-0.752, 4.099,0.000,0.000,1.678, 0.286, 1.185,-2.319,-0.255, 0.195,-1.175,-0.017,-0.038, 1.300, 0.251, 0.433, 1.780,-0.272, 0.157, 0.126,-0.049,-0.085, 0.000;
1.675,3.199,-1.541,-3.646,5.305,-0.036,-0.752, 4.120,0.000,0.000,1.975, 0.283, 1.187,-2.339,-0.218, 0.156,-1.212,-0.054,-0.001, 1.338, 0.248, 0.434, 1.781,-0.273, 0.156, 0.126,-0.049,-0.086, 0.000;
1.686,4.348,-2.189,-1.781,3.939,-0.036,-0.752, 4.133,0.000,0.000,1.144, 0.280, 1.188,-2.350,-0.258, 0.193,-1.174,-0.016,-0.039, 1.300, 0.245, 0.436, 1.783,-0.274, 0.154, 0.126,-0.048,-0.086, 0.000;
1.697,3.048,-1.504,-3.721,5.265,-0.036,-0.752, 4.167,0.000,0.000,3.023, 0.277, 1.190,-2.383,-0.220, 0.152,-1.216,-0.055, 0.000, 1.342, 0.242, 0.438, 1.784,-0.275, 0.152, 0.126,-0.048,-0.086, 0.000;
1.709,4.918,-2.705,-2.261,4.474,-0.036,-0.752, 4.188,0.000,0.000,1.756, 0.274, 1.192,-2.402,-0.263, 0.191,-1.261,-0.013,-0.041, 1.386, 0.238, 0.440, 1.786,-0.276, 0.150, 0.126,-0.047,-0.087, 0.000;
1.722,3.347,-1.916,-4.294,5.724,-0.036,-0.752, 4.201,0.000,0.000,1.069, 0.271, 1.194,-2.414,-0.221, 0.146,-1.305,-0.057, 0.002, 1.431, 0.235, 0.441, 1.787,-0.277, 0.148, 0.126,-0.046,-0.087, 0.000;
1.735,4.546,-0.298,-3.650,7.897,-0.038,-0.752, 4.235,-0.172,0.000,2.640, 0.269, 1.195,-2.446,-0.176, 0.189,-1.354,-0.102,-0.043, 1.480, 0.231, 0.443, 1.789,-0.279, 0.145, 0.126,-0.046,-0.087, 0.000;
1.748,3.729,-2.488,-4.903,6.145,-0.038,-0.752, 4.249,0.000,0.000,1.033, 0.266, 1.197,-2.458,-0.224, 0.140,-1.401,-0.056, 0.003, 1.527, 0.228, 0.445, 1.790,-0.280, 0.143, 0.126,-0.045,-0.088, 0.000;
1.760,5.700,-3.570,-3.381,5.510,-0.038,-0.752, 4.269,0.000,0.000,1.726, 0.262, 1.199,-2.477,-0.267, 0.180,-1.443,-0.014,-0.039, 1.569, 0.224, 0.447, 1.792,-0.281, 0.141, 0.126,-0.044,-0.088, 0.000;
1.771,3.579,-2.388,-4.745,5.936,-0.038,-0.752, 4.283,0.000,0.000,1.215, 0.259, 1.201,-2.490,-0.228, 0.137,-1.402,-0.054, 0.002, 1.528, 0.221, 0.448, 1.793,-0.282, 0.139, 0.126,-0.044,-0.089, 0.000;
1.783,5.648,-3.492,-3.303,5.459,-0.038,-0.752, 4.303,0.000,0.000,1.722, 0.256, 1.202,-2.509,-0.270, 0.176,-1.444,-0.013,-0.040, 1.569, 0.218, 0.450, 1.795,-0.283, 0.137, 0.126,-0.043,-0.089, 0.000;
1.795,3.373,-2.305,-4.788,5.856,-0.038,-0.752, 4.318,0.000,0.000,1.158, 0.252, 1.204,-2.521,-0.229, 0.131,-1.400,-0.055, 0.003, 1.526, 0.214, 0.452, 1.796,-0.284, 0.135, 0.126,-0.042,-0.089, 0.000;
1.807,5.468,-3.352,-3.355,5.472,-0.038,-0.752, 4.352,0.000,0.000,2.912, 0.249, 1.206,-2.554,-0.271, 0.171,-1.444,-0.014,-0.038, 1.569, 0.211, 0.453, 1.798,-0.285, 0.133, 0.126,-0.042,-0.089, 0.000;
1.819,3.782,-2.857,-5.417,6.342,-0.038,-0.752, 4.366,0.000,0.000,1.211, 0.245, 1.207,-2.567,-0.230, 0.127,-1.486,-0.056, 0.004, 1.612, 0.208, 0.455, 1.799,-0.286, 0.130, 0.126,-0.041,-0.090, 0.000;
1.831,5.285,-3.146,-3.150,5.288,-0.038,-0.752, 4.381,0.000,0.000,1.198, 0.242, 1.209,-2.580,-0.274, 0.167,-1.443,-0.013,-0.039, 1.569, 0.204, 0.456, 1.801,-0.287, 0.128, 0.126,-0.040,-0.090, 0.000;
1.843,3.174,-2.271,-4.719,5.622,-0.038,-0.752, 4.400,0.000,0.000,1.693, 0.239, 1.210,-2.598,-0.234, 0.125,-1.403,-0.053, 0.002, 1.528, 0.201, 0.458, 1.802,-0.288, 0.126, 0.126,-0.040,-0.090, 0.000;
1.854,5.269,-3.137,-3.239,5.371,-0.038,-0.752, 4.430,0.000,0.000,2.558, 0.235, 1.212,-2.626,-0.276, 0.163,-1.445,-0.013,-0.039, 1.570, 0.197, 0.459, 1.804,-0.289, 0.124, 0.126,-0.039,-0.091, 0.000;
1.865,3.628,-2.811,-5.244,6.061,-0.038,-0.752, 4.445,0.000,0.000,1.322, 0.232, 1.213,-2.640,-0.237, 0.121,-1.485,-0.053, 0.001, 1.611, 0.194, 0.461, 1.805,-0.290, 0.122, 0.126,-0.038,-0.091, 0.000;
1.877,5.689,-3.525,-3.627,5.790,-0.038,-0.752, 4.464,0.000,0.000,1.626, 0.229, 1.214,-2.657,-0.279, 0.160,-1.526,-0.012,-0.040, 1.651, 0.191, 0.462, 1.807,-0.290, 0.120, 0.126,-0.038,-0.091, 0.000;
1.888,3.438,-2.695,-5.129,5.871,-0.038,-0.752, 4.479,0.000,0.000,1.298, 0.225, 1.216,-2.671,-0.239, 0.117,-1.485,-0.052, 0.001, 1.610, 0.187, 0.464, 1.808,-0.291, 0.118, 0.126,-0.037,-0.091, 0.000;
1.900,5.582,-3.427,-3.617,5.772,-0.038,-0.752, 4.509,0.000,0.000,2.620, 0.222, 1.217,-2.699,-0.281, 0.156,-1.527,-0.012,-0.040, 1.652, 0.184, 0.465, 1.810,-0.292, 0.116, 0.126,-0.036,-0.092, 0.000;
1.911,3.899,-3.243,-5.660,6.316,-0.038,-0.752, 4.524,0.000,0.000,1.348, 0.219, 1.218,-2.713,-0.242, 0.114,-1.567,-0.051,-0.000, 1.692, 0.181, 0.466, 1.811,-0.293, 0.114, 0.126,-0.036,-0.092, 0.000;
1.935,6.999,-3.260,-1.236,4.976,-0.038,-0.752, 4.540,0.000,0.000,0.663, 0.212, 1.221,-2.726,-0.325, 0.191,-1.484, 0.030,-0.081, 1.610, 0.174, 0.469, 1.814,-0.295, 0.109, 0.126,-0.034,-0.093, 0.000;
1.938,6.346,-3.052,-1.829,5.123,-0.038,-0.752, 4.573,0.000,0.000,9.220, 0.211, 1.221,-2.758,-0.312, 0.177,-1.471, 0.017,-0.069, 1.597, 0.173, 0.469, 1.814,-0.295, 0.109, 0.126,-0.034,-0.093, 0.000;
1.949,4.720,-3.031,-3.922,5.611,-0.038,-0.750, 4.590,0.000,0.201,1.552, 0.208, 1.220,-2.774,-0.274, 0.136,-1.512,-0.022,-0.029, 1.638, 0.170, 0.470, 1.816,-0.296, 0.107, 0.126,-0.033,-0.093, 0.000;
1.960,4.706,-5.064,-4.344,3.986,-0.038,-0.750, 4.605,0.000,0.000,1.366, 0.204, 1.221,-2.788,-0.314, 0.095,-1.551, 0.017, 0.010, 1.677, 0.166, 0.472, 1.817,-0.296, 0.104, 0.126,-0.033,-0.093, 0.000;
1.982,5.488,-2.010,-4.546,8.023,-0.038,-0.750, 4.636,0.000,0.000,1.424, 0.198, 1.224,-2.816,-0.240, 0.166,-1.630,-0.058,-0.065, 1.755, 0.160, 0.474, 1.820,-0.298, 0.100, 0.126,-0.032,-0.094, 0.000;
1.993,4.872,-3.451,-4.255,5.676,-0.038,-0.750, 4.651,0.000,0.000,1.339, 0.194, 1.225,-2.830,-0.281, 0.123,-1.586,-0.017,-0.025, 1.712, 0.157, 0.475, 1.821,-0.298, 0.098, 0.126,-0.031,-0.094, 0.000;
2.005,2.643,-3.100,-5.934,5.477,-0.040,-0.750, 4.682,-0.193,0.000,2.656, 0.193, 1.226,-2.859,-0.241, 0.081,-1.545,-0.058, 0.016, 1.671, 0.153, 0.476, 1.823,-0.299, 0.096, 0.126,-0.030,-0.094, 0.000;
2.016,4.802,-3.428,-4.340,5.714,-0.040,-0.752, 4.712,0.000,-0.194,2.679, 0.190, 1.229,-2.888,-0.282, 0.119,-1.588,-0.018,-0.025, 1.713, 0.150, 0.477, 1.824,-0.300, 0.094, 0.126,-0.030,-0.094, 0.000;
2.028,3.027,-3.653,-6.492,5.867,-0.040,-0.750, 4.728,0.000,0.191,1.315, 0.186, 1.228,-2.902,-0.241, 0.075,-1.629,-0.059, 0.016, 1.754, 0.146, 0.478, 1.826,-0.300, 0.092, 0.126,-0.029,-0.094, 0.000;
2.040,4.565,-3.253,-4.213,5.526,-0.040,-0.750, 4.743,0.000,0.000,1.324, 0.183, 1.229,-2.916,-0.283, 0.114,-1.587,-0.018,-0.024, 1.713, 0.143, 0.479, 1.827,-0.301, 0.090, 0.126,-0.028,-0.095, 0.000;
2.051,2.940,-3.680,-6.466,5.726,-0.040,-0.750, 4.774,0.000,0.000,2.665, 0.179, 1.230,-2.945,-0.243, 0.071,-1.629,-0.059, 0.016, 1.755, 0.139, 0.480, 1.829,-0.302, 0.087, 0.126,-0.027,-0.095, 0.000;
2.063,5.127,-3.753,-4.675,6.050,-0.040,-0.750, 4.790,0.000,0.000,1.362, 0.176, 1.231,-2.960,-0.286, 0.112,-1.672,-0.016,-0.026, 1.797, 0.136, 0.481, 1.830,-0.302, 0.085, 0.126,-0.027,-0.095, 0.000;
2.074,2.948,-3.562,-6.138,5.524,-0.040,-0.750, 4.806,0.000,0.000,1.419, 0.172, 1.232,-2.974,-0.249, 0.071,-1.632,-0.054, 0.012, 1.758, 0.132, 0.482, 1.831,-0.303, 0.083, 0.126,-0.026,-0.095, 0.000;
2.085,5.059,-3.686,-4.631,6.004,-0.040,-0.750, 4.837,0.000,0.000,2.766, 0.169, 1.233,-3.004,-0.288, 0.108,-1.673,-0.015,-0.027, 1.798, 0.129, 0.483, 1.833,-0.304, 0.081, 0.126,-0.025,-0.095, 0.000;
2.096,2.826,-3.556,-6.093,5.362,-0.040,-0.750, 4.852,0.000,0.000,1.377, 0.166, 1.234,-3.018,-0.250, 0.067,-1.634,-0.054, 0.012, 1.759, 0.125, 0.484, 1.834,-0.304, 0.079, 0.126,-0.025,-0.096, 0.000;
2.108,4.416,-3.008,-3.941,5.349,-0.040,-0.750, 4.867,0.000,0.000,1.330, 0.162, 1.235,-3.032,-0.291, 0.105,-1.593,-0.014,-0.028, 1.718, 0.122, 0.485, 1.836,-0.305, 0.077, 0.126,-0.024,-0.096, 0.000;
2.119,2.298,-3.055,-5.519,4.762,-0.040,-0.750, 4.885,0.000,0.000,1.595, 0.159, 1.236,-3.048,-0.252, 0.064,-1.553,-0.053, 0.011, 1.679, 0.119, 0.486, 1.837,-0.305, 0.074, 0.126,-0.023,-0.096, 0.000;
2.141,6.398,-2.956,-2.579,6.020,-0.040,-0.750, 4.916,0.000,0.000,1.405, 0.152, 1.237,-3.076,-0.330, 0.136,-1.633, 0.023,-0.066, 1.759, 0.112, 0.487, 1.840,-0.306, 0.070, 0.126,-0.022,-0.096, 0.000;
2.152,4.079,-2.886,-3.990,5.184,-0.040,-0.750, 4.931,0.000,0.000,1.338, 0.149, 1.238,-3.090,-0.290, 0.094,-1.590,-0.016,-0.026, 1.715, 0.108, 0.488, 1.841,-0.307, 0.068, 0.126,-0.021,-0.096, 0.000;
2.164,4.241,-4.456,-3.278,3.063,-0.040,-0.750, 4.961,0.000,0.000,2.613, 0.145, 1.239,-3.118,-0.331, 0.051,-1.549, 0.024, 0.015, 1.675, 0.105, 0.489, 1.843,-0.307, 0.066, 0.126,-0.021,-0.097, 0.000;
2.175,3.428,-2.262,-3.467,4.633,-0.040,-0.750, 4.980,0.000,0.000,1.613, 0.141, 1.240,-3.136,-0.290, 0.090,-1.508,-0.017,-0.026, 1.634, 0.101, 0.490, 1.844,-0.308, 0.064, 0.126,-0.020,-0.097, 0.000;
2.189,3.694,-4.039,-2.542,2.197,-0.040,-0.750, 4.995,0.000,0.000,1.130, 0.137, 1.240,-3.149,-0.337, 0.041,-1.461, 0.029, 0.020, 1.587, 0.097, 0.490, 1.846,-0.308, 0.061, 0.126,-0.019,-0.097, 0.000;
2.200,2.866,-1.915,-2.826,3.777,-0.040,-0.750, 5.014,0.000,0.000,1.669, 0.134, 1.241,-3.167,-0.297, 0.080,-1.420,-0.012,-0.021, 1.546, 0.094, 0.491, 1.847,-0.309, 0.059, 0.126,-0.018,-0.097, 0.000;
2.212,3.792,-4.082,-2.530,2.241,-0.040,-0.750, 5.044,0.000,0.000,2.507, 0.130, 1.242,-3.195,-0.339, 0.036,-1.463, 0.030, 0.021, 1.589, 0.090, 0.492, 1.849,-0.309, 0.057, 0.126,-0.018,-0.097, 0.000;
2.224,3.320,-2.365,-3.425,4.380,-0.040,-0.750, 5.064,0.000,0.000,1.617, 0.126, 1.242,-3.214,-0.296, 0.077,-1.508,-0.013,-0.022, 1.633, 0.086, 0.493, 1.850,-0.309, 0.054, 0.126,-0.017,-0.097, 0.000;
2.236,3.611,-3.770,-2.379,2.220,-0.040,-0.750, 5.078,0.000,0.000,1.271, 0.123, 1.243,-3.227,-0.337, 0.034,-1.467, 0.027, 0.018, 1.592, 0.083, 0.493, 1.852,-0.310, 0.052, 0.126,-0.016,-0.097, 0.000;
2.248,2.558,-1.551,-2.830,3.838,-0.040,-0.750, 5.093,0.000,0.000,1.165, 0.119, 1.244,-3.240,-0.294, 0.075,-1.423,-0.017,-0.026, 1.548, 0.079, 0.494, 1.853,-0.310, 0.049, 0.126,-0.016,-0.097, 0.000;
2.260,3.593,-3.587,-2.434,2.439,-0.040,-0.750, 5.127,0.000,0.000,3.066, 0.115, 1.244,-3.273,-0.334, 0.033,-1.464, 0.023, 0.014, 1.590, 0.075, 0.494, 1.855,-0.311, 0.047, 0.126,-0.015,-0.098, 0.000;
2.271,2.995,-2.057,-3.393,4.331,-0.040,-0.750, 5.148,0.000,0.000,1.824, 0.112, 1.245,-3.292,-0.294, 0.071,-1.506,-0.017,-0.026, 1.631, 0.072, 0.495, 1.856,-0.311, 0.045, 0.126,-0.014,-0.098, 0.000;
2.282,3.990,-3.940,-2.796,2.846,-0.040,-0.750, 5.162,0.000,0.000,1.251, 0.108, 1.245,-3.305,-0.334, 0.029,-1.545, 0.023, 0.014, 1.671, 0.068, 0.495, 1.858,-0.311, 0.043, 0.126,-0.013,-0.098, 0.000;
2.293,3.379,-2.499,-3.829,4.709,-0.040,-0.750, 5.183,0.000,0.000,1.883, 0.105, 1.246,-3.324,-0.295, 0.066,-1.584,-0.016,-0.025, 1.710, 0.065, 0.496, 1.859,-0.312, 0.041, 0.126,-0.013,-0.098, 0.000;
2.304,3.847,-3.747,-2.635,2.735,-0.040,-0.750, 5.197,0.000,0.000,1.263, 0.102, 1.246,-3.337,-0.334, 0.025,-1.545, 0.022, 0.013, 1.671, 0.061, 0.496, 1.860,-0.312, 0.039, 0.126,-0.012,-0.098, 0.000;
2.316,3.212,-2.333,-3.937,4.816,-0.040,-0.750, 5.232,0.000,0.000,2.890, 0.098, 1.247,-3.370,-0.292, 0.065,-1.590,-0.020,-0.029, 1.715, 0.058, 0.497, 1.862,-0.312, 0.036, 0.126,-0.011,-0.098, 0.000;
2.328,4.359,-4.173,-3.156,3.342,-0.040,-0.750, 5.253,0.000,0.000,1.836, 0.094, 1.247,-3.389,-0.333, 0.022,-1.632, 0.021, 0.012, 1.757, 0.054, 0.497, 1.863,-0.312, 0.034, 0.126,-0.011,-0.098, 0.000;
2.340,2.956,-2.124,-3.789,4.621,-0.040,-0.750, 5.266,0.000,0.000,1.130, 0.091, 1.247,-3.401,-0.292, 0.061,-1.590,-0.020,-0.029, 1.716, 0.050, 0.497, 1.865,-0.313, 0.032, 0.126,-0.010,-0.098, 0.000;
2.361,5.463,-5.732,-2.416,2.146,-0.040,-0.750, 5.287,0.000,0.000,0.982, 0.084, 1.248,-3.420,-0.369,-0.020,-1.666, 0.056, 0.047, 1.792, 0.044, 0.498, 1.868,-0.313, 0.027, 0.126,-0.009,-0.098, 0.000;
2.374,3.866,-3.508,-3.095,3.453,-0.040,-0.750, 5.309,0.000,0.000,1.716, 0.080, 1.248,-3.440,-0.325, 0.022,-1.619, 0.012, 0.003, 1.745, 0.040, 0.498, 1.869,-0.313, 0.025, 0.126,-0.008,-0.098, 0.000;
2.380,4.277,-4.134,-2.399,2.542,-0.040,-0.750, 5.331,0.000,0.000,3.780, 0.078, 1.249,-3.461,-0.345, 0.001,-1.598, 0.032, 0.023, 1.724, 0.038, 0.499, 1.870,-0.313, 0.024, 0.126,-0.007,-0.098, 0.000;
2.388,3.223,-2.753,-2.976,3.446,-0.040,-0.750, 5.343,0.000,0.000,1.496, 0.075, 1.249,-3.473,-0.316, 0.029,-1.568, 0.002,-0.007, 1.694, 0.035, 0.499, 1.871,-0.313, 0.022, 0.126,-0.007,-0.098, 0.000;
2.410,5.974,-6.182,-1.356,1.148,-0.040,-0.750, 5.365,0.000,0.000,0.999, 0.068, 1.249,-3.492,-0.392,-0.052,-1.646, 0.079, 0.070, 1.772, 0.028, 0.499, 1.874,-0.314, 0.018, 0.126,-0.006,-0.099, 0.000;
2.422,4.286,-4.066,-2.132,2.352,-0.040,-0.750, 5.387,0.000,0.000,1.767, 0.065, 1.249,-3.512,-0.349,-0.011,-1.599, 0.035, 0.026, 1.725, 0.024, 0.499, 1.875,-0.314, 0.015, 0.126,-0.005,-0.099, 0.000;
2.434,3.099,-5.640,-3.943,1.402,-0.042,-0.750, 5.421,-0.185,0.000,2.809, 0.063, 1.250,-3.544,-0.306,-0.055,-1.642,-0.008, 0.068, 1.768, 0.021, 0.500, 1.877,-0.314, 0.013, 0.126,-0.004,-0.099, 0.000;
2.447,4.300,-3.772,-1.835,2.362,-0.040,-0.750, 5.431,0.172,0.000,0.786, 0.057, 1.250,-3.553,-0.352,-0.012,-1.595, 0.038, 0.023, 1.720, 0.017, 0.500, 1.878,-0.314, 0.010, 0.126,-0.003,-0.099, 0.000;
2.452,3.711,-4.146,-2.270,1.835,-0.042,-0.750, 5.454,-0.521,0.000,5.398, 0.058, 1.250,-3.575,-0.337,-0.028,-1.579, 0.023, 0.038, 1.705, 0.015, 0.500, 1.879,-0.314, 0.010, 0.126,-0.003,-0.099, 0.000;
2.462,2.783,-3.132,-3.677,3.328,-0.042,-0.750, 5.476,0.000,0.000,2.100, 0.054, 1.250,-3.596,-0.301, 0.006,-1.617,-0.013, 0.002, 1.743, 0.012, 0.500, 1.880,-0.314, 0.008, 0.126,-0.002,-0.099, 0.000;
2.484,5.796,-6.155,-1.626,1.267,-0.042,-0.750, 5.498,0.000,0.000,1.005, 0.048, 1.250,-3.615,-0.377,-0.074,-1.696, 0.062, 0.077, 1.822, 0.005, 0.500, 1.883,-0.314, 0.003, 0.126,-0.001,-0.099, 0.000;
2.496,3.962,-4.250,-2.587,2.300,-0.042,-0.752, 5.531,0.000,-0.183,2.702, 0.044, 1.252,-3.646,-0.334,-0.033,-1.652, 0.020, 0.034, 1.778, 0.001, 0.500, 1.884,-0.314, 0.001, 0.126,-0.000,-0.099, 0.000;
2.508,5.033,-2.348,-0.844,3.529,-0.042,-0.752, 5.553,0.000,0.000,1.750, 0.040, 1.252,-3.667,-0.378, 0.008,-1.608, 0.064,-0.010, 1.734,-0.003, 0.500, 1.886,-0.314,-0.002, 0.126, 0.001,-0.099, 0.000;
2.511,4.785,-2.741,-1.244,3.288,-0.042,-0.752, 5.575,0.000,0.000,7.602, 0.039, 1.252,-3.688,-0.368,-0.002,-1.618, 0.053, 0.000, 1.744,-0.004, 0.500, 1.886,-0.314,-0.002, 0.126, 0.001,-0.099, 0.000;
2.532,3.002,-5.933,-4.003,1.072,-0.042,-0.750, 5.585,0.000,0.105,0.468, 0.032, 1.250,-3.695,-0.293,-0.082,-1.695,-0.021, 0.075, 1.820,-0.010, 0.500, 1.889,-0.314,-0.006, 0.126, 0.002,-0.099, 0.000;
2.544,3.874,-3.983,-2.301,2.192,-0.042,-0.750, 5.606,0.000,0.000,1.816, 0.028, 1.250,-3.716,-0.334,-0.042,-1.650, 0.020, 0.033, 1.776,-0.014, 0.500, 1.891,-0.314,-0.009, 0.126, 0.003,-0.099, 0.000;
2.556,2.059,-2.486,-3.516,3.090,-0.042,-0.750, 5.627,0.000,0.000,1.836, 0.025, 1.250,-3.735,-0.293,-0.004,-1.607,-0.021,-0.008, 1.733,-0.018, 0.500, 1.892,-0.314,-0.011, 0.126, 0.003,-0.099, 0.000;
2.567,3.272,-3.330,-1.709,1.650,-0.042,-0.750, 5.640,0.000,0.000,1.070, 0.021, 1.250,-3.746,-0.333,-0.046,-1.566, 0.019, 0.032, 1.691,-0.021, 0.500, 1.893,-0.314,-0.013, 0.126, 0.004,-0.099, 0.000;
2.579,1.402,-1.879,-3.013,2.537,-0.042,-0.750, 5.661,0.000,0.000,1.802, 0.018, 1.249,-3.766,-0.291,-0.006,-1.523,-0.022,-0.009, 1.649,-0.025, 0.499, 1.895,-0.314,-0.016, 0.126, 0.005,-0.099, 0.000;
2.591,3.304,-3.296,-1.708,1.716,-0.042,-0.750, 5.682,0.000,0.000,1.813, 0.014, 1.249,-3.786,-0.333,-0.050,-1.564, 0.019, 0.032, 1.690,-0.029, 0.499, 1.896,-0.314,-0.018, 0.126, 0.006,-0.099, 0.000;
2.603,1.287,-1.803,-2.941,2.425,-0.042,-0.750, 5.695,0.000,0.000,1.073, 0.010, 1.249,-3.797,-0.291,-0.011,-1.522,-0.023,-0.010, 1.647,-0.032, 0.499, 1.898,-0.314,-0.020, 0.126, 0.006,-0.098, 0.000;
2.615,2.651,-2.591,-1.030,1.089,-0.042,-0.750, 5.716,0.000,0.000,1.812, 0.006, 1.249,-3.817,-0.332,-0.054,-1.480, 0.018, 0.031, 1.606,-0.036, 0.499, 1.899,-0.313,-0.023, 0.126, 0.007,-0.098, 0.000;
2.627,1.278,-1.849,-3.011,2.439,-0.042,-0.750, 5.738,0.000,0.000,1.765, 0.003, 1.248,-3.837,-0.290,-0.014,-1.523,-0.023,-0.010, 1.648,-0.040, 0.498, 1.901,-0.313,-0.025, 0.126, 0.008,-0.098, 0.000;
2.638,3.129,-3.022,-1.577,1.684,-0.042,-0.750, 5.764,0.000,0.000,2.316,-0.001, 1.248,-3.862,-0.330,-0.057,-1.564, 0.017, 0.030, 1.689,-0.043, 0.498, 1.902,-0.313,-0.027, 0.126, 0.009,-0.098, 0.000;
2.649,1.686,-2.320,-3.418,2.784,-0.045,-0.750, 5.792,-0.198,0.000,2.508,-0.002, 1.248,-3.889,-0.290,-0.019,-1.605,-0.023,-0.010, 1.731,-0.047, 0.498, 1.904,-0.313,-0.029, 0.126, 0.009,-0.098, 0.000;
2.661,3.577,-3.398,-1.919,2.097,-0.045,-0.750, 5.813,0.000,0.000,1.777,-0.006, 1.247,-3.908,-0.330,-0.062,-1.646, 0.017, 0.030, 1.772,-0.050, 0.497, 1.905,-0.313,-0.032, 0.126, 0.010,-0.098, 0.000;
2.673,4.056,-1.268,-0.676,3.464,-0.045,-0.750, 5.826,0.000,0.000,1.162,-0.009, 1.247,-3.920,-0.370,-0.023,-1.605, 0.058,-0.011, 1.731,-0.054, 0.497, 1.907,-0.312,-0.034, 0.126, 0.011,-0.098, 0.000;
2.684,2.979,-2.662,-1.212,1.529,-0.045,-0.748, 5.840,0.000,0.199,1.228,-0.013, 1.244,-3.932,-0.331,-0.065,-1.565, 0.019, 0.029, 1.690,-0.058, 0.497, 1.908,-0.312,-0.036, 0.126, 0.011,-0.098, 0.000;
2.695,3.489,-0.677,-0.167,2.979,-0.045,-0.748, 5.860,0.000,0.000,1.799,-0.016, 1.244,-3.951,-0.370,-0.028,-1.525, 0.058,-0.010, 1.651,-0.061, 0.496, 1.909,-0.312,-0.038, 0.126, 0.012,-0.098, 0.000;
2.707,2.405,-2.135,-0.659,0.929,-0.045,-0.748, 5.874,0.000,0.000,1.193,-0.020, 1.244,-3.963,-0.329,-0.071,-1.483, 0.017, 0.031, 1.609,-0.065, 0.496, 1.911,-0.312,-0.041, 0.126, 0.013,-0.098, 0.000;
2.728,4.308,0.599,0.140,4.767,-0.045,-0.748, 5.894,0.000,0.000,0.936,-0.027, 1.243,-3.981,-0.403,-0.001,-1.558, 0.092,-0.044, 1.684,-0.071, 0.495, 1.914,-0.311,-0.045, 0.126, 0.014,-0.098, 0.000;
2.741,3.020,-0.895,-0.268,2.393,-0.047,-0.748, 5.928,-0.174,0.000,2.626,-0.028, 1.242,-4.013,-0.357,-0.048,-1.513, 0.046, 0.001, 1.638,-0.075, 0.494, 1.915,-0.311,-0.047, 0.126, 0.015,-0.098, 0.000;
2.746,2.081,-0.452,-0.917,2.546,-0.047,-0.748, 5.947,0.000,0.000,3.872,-0.030, 1.242,-4.031,-0.339,-0.032,-1.495, 0.029,-0.016, 1.621,-0.077, 0.494, 1.916,-0.310,-0.048, 0.126, 0.015,-0.098, 0.000;
2.756,3.845,-1.198,0.397,2.251,-0.045,-0.745, 5.957,0.228,0.228,0.958,-0.035, 1.239,-4.040,-0.373,-0.068,-1.530, 0.063, 0.018, 1.655,-0.080, 0.494, 1.917,-0.310,-0.050, 0.126, 0.016,-0.097, 0.000;
2.777,3.237,-5.107,-1.211,-0.659,-0.045,-0.745, 5.976,0.000,0.000,0.878,-0.042, 1.238,-4.056,-0.296,-0.149,-1.607,-0.013, 0.095, 1.732,-0.087, 0.492, 1.920,-0.309,-0.054, 0.126, 0.017,-0.097, 0.000;
2.780,3.221,-4.435,-0.834,-0.380,-0.045,-0.745, 5.990,0.000,0.000,5.000,-0.043, 1.238,-4.070,-0.306,-0.140,-1.596,-0.003, 0.085, 1.721,-0.088, 0.492, 1.920,-0.309,-0.055, 0.126, 0.017,-0.097, 0.000;
2.791,4.027,-2.890,-0.549,1.686,-0.045,-0.745, 6.020,0.000,0.000,2.660,-0.046, 1.237,-4.098,-0.344,-0.103,-1.635, 0.035, 0.046, 1.760,-0.091, 0.492, 1.922,-0.309,-0.057, 0.126, 0.018,-0.097, 0.000;
2.813,-0.127,-1.330,-3.403,1.945,-0.045,-0.745, 6.038,0.000,0.000,0.850,-0.053, 1.236,-4.114,-0.267,-0.031,-1.558,-0.041,-0.031, 1.683,-0.098, 0.490, 1.924,-0.308,-0.061, 0.126, 0.019,-0.097, 0.000;
2.825,1.567,-1.531,-1.136,1.172,-0.045,-0.745, 6.053,0.000,0.000,1.203,-0.057, 1.235,-4.127,-0.309,-0.076,-1.511, 0.002, 0.012, 1.637,-0.102, 0.490, 1.926,-0.308,-0.064, 0.126, 0.020,-0.097, 0.000;
2.837,-0.602,-0.862,-2.754,1.290,-0.045,-0.745, 6.083,0.000,0.000,2.550,-0.061, 1.234,-4.155,-0.268,-0.037,-1.470,-0.039,-0.029, 1.595,-0.105, 0.489, 1.927,-0.307,-0.066, 0.126, 0.021,-0.096, 0.000;
2.849,0.972,-0.933,-0.567,0.606,-0.045,-0.745, 6.101,0.000,0.000,1.546,-0.064, 1.234,-4.172,-0.308,-0.080,-1.429, 0.001, 0.012, 1.555,-0.109, 0.488, 1.929,-0.307,-0.068, 0.126, 0.021,-0.096, 0.000;
2.861,-1.252,-0.309,-2.208,0.646,-0.045,-0.745, 6.116,0.000,0.000,1.259,-0.068, 1.233,-4.185,-0.266,-0.041,-1.387,-0.040,-0.030, 1.513,-0.112, 0.487, 1.930,-0.306,-0.071, 0.126, 0.022,-0.096, 0.000;
2.872,0.411,-0.359,0.025,0.028,-0.045,-0.743, 6.131,0.000,0.189,1.266,-0.071, 1.230,-4.199,-0.307,-0.085,-1.345, 0.001, 0.012, 1.471,-0.116, 0.486, 1.932,-0.306,-0.073, 0.126, 0.023,-0.096, 0.000;
2.885,-0.175,-2.138,0.046,-2.359,-0.045,-0.743, 6.148,0.000,0.000,1.346,-0.075, 1.229,-4.214,-0.262,-0.132,-1.301,-0.043, 0.057, 1.426,-0.120, 0.485, 1.933,-0.305,-0.075, 0.126, 0.024,-0.096, 0.000;
2.897,-0.187,0.047,0.592,-0.732,-0.045,-0.743, 6.163,0.000,0.000,1.288,-0.079, 1.228,-4.228,-0.302,-0.093,-1.260,-0.003, 0.016, 1.385,-0.123, 0.485, 1.935,-0.304,-0.077, 0.126, 0.024,-0.096, 0.000;
2.908,1.477,0.132,2.817,-1.208,-0.042,-0.743, 6.178,0.190,0.000,1.276,-0.085, 1.227,-4.241,-0.343,-0.137,-1.218, 0.039, 0.057, 1.344,-0.127, 0.484, 1.936,-0.304,-0.080, 0.126, 0.025,-0.095, 0.000;
2.921,-0.803,0.636,1.115,-1.281,-0.042,-0.743, 6.193,0.000,0.000,1.240,-0.088, 1.226,-4.255,-0.300,-0.097,-1.176,-0.004, 0.015, 1.302,-0.131, 0.483, 1.938,-0.303,-0.082, 0.126, 0.026,-0.095, 0.000;
2.933,1.529,0.188,2.774,-1.058,-0.042,-0.743, 6.224,0.000,0.000,2.587,-0.092, 1.225,-4.284,-0.341,-0.141,-1.221, 0.038, 0.057, 1.346,-0.134, 0.482, 1.939,-0.303,-0.084, 0.126, 0.026,-0.095, 0.000;
2.945,-0.382,0.093,0.417,-0.706,-0.042,-0.743, 6.238,0.000,0.000,1.153,-0.096, 1.224,-4.298,-0.295,-0.098,-1.267,-0.007, 0.011, 1.393,-0.138, 0.481, 1.941,-0.302,-0.087, 0.126, 0.027,-0.095, 0.000;
2.957,1.241,0.423,2.799,-1.135,-0.040,-0.743, 6.253,0.186,0.000,1.205,-0.102, 1.223,-4.310,-0.337,-0.142,-1.225, 0.035, 0.053, 1.351,-0.142, 0.479, 1.942,-0.301,-0.089, 0.126, 0.028,-0.095, 0.000;
2.969,-0.949,0.759,1.157,-1.347,-0.040,-0.743, 6.268,0.000,0.000,1.326,-0.105, 1.222,-4.324,-0.295,-0.104,-1.184,-0.005, 0.013, 1.310,-0.145, 0.478, 1.944,-0.301,-0.091, 0.126, 0.029,-0.094, 0.000;
2.982,1.458,0.445,2.912,-1.009,-0.038,-0.743, 6.283,0.179,0.000,1.196,-0.111, 1.221,-4.338,-0.339,-0.150,-1.228, 0.039, 0.056, 1.354,-0.149, 0.477, 1.945,-0.300,-0.094, 0.126, 0.029,-0.094, 0.000;
2.994,1.052,-1.228,3.326,-3.502,-0.038,-0.741, 6.283,0.000,0.178,0.000,-0.115, 1.217,-4.336,-0.294,-0.196,-1.181,-0.005, 0.100, 1.307,-0.153, 0.476, 1.947,-0.299,-0.096, 0.126, 0.030,-0.094, 0.000;
3.007,0.772,1.204,3.606,-1.630,-0.038,-0.741, 6.298,0.000,0.000,1.171,-0.119, 1.216,-4.349,-0.338,-0.154,-1.135, 0.040, 0.055, 1.260,-0.157, 0.475, 1.949,-0.298,-0.098, 0.126, 0.031,-0.094, 0.000;
3.019,-1.540,1.467,1.879,-1.952,-0.038,-0.741, 6.313,0.000,0.000,1.187,-0.122, 1.215,-4.362,-0.294,-0.113,-1.091,-0.003, 0.013, 1.217,-0.160, 0.474, 1.950,-0.298,-0.101, 0.126, 0.032,-0.093, 0.000;
3.032,0.342,1.892,4.387,-2.152,-0.036,-0.741, 6.328,0.169,0.000,1.164,-0.128, 1.213,-4.376,-0.340,-0.162,-1.044, 0.043, 0.059, 1.170,-0.164, 0.472, 1.952,-0.297,-0.103, 0.126, 0.032,-0.093, 0.000;
3.044,-1.947,2.092,2.665,-2.520,-0.036,-0.741, 6.343,0.000,0.000,1.228,-0.132, 1.212,-4.389,-0.297,-0.122,-1.002, 0.001, 0.016, 1.128,-0.168, 0.471, 1.953,-0.296,-0.105, 0.126, 0.033,-0.093, 0.000;
3.057,0.407,1.925,4.369,-2.037,-0.036,-0.741, 6.358,0.000,0.000,1.212,-0.136, 1.211,-4.403,-0.339,-0.167,-1.045, 0.044, 0.059, 1.171,-0.171, 0.470, 1.955,-0.295,-0.108, 0.126, 0.034,-0.093, 0.000;
3.069,-1.359,1.553,2.145,-1.951,-0.036,-0.741, 6.372,0.000,0.000,1.228,-0.139, 1.209,-4.416,-0.296,-0.127,-1.087, 0.001, 0.017, 1.213,-0.175, 0.468, 1.956,-0.294,-0.110, 0.126, 0.035,-0.092, 0.000;
3.080,0.660,1.556,3.761,-1.545,-0.033,-0.741, 6.387,0.204,0.000,1.349,-0.145, 1.208,-4.429,-0.334,-0.167,-1.126, 0.040, 0.055, 1.251,-0.178, 0.467, 1.958,-0.294,-0.112, 0.126, 0.035,-0.092, 0.000;
3.092,0.487,-0.032,4.358,-3.903,-0.033,-0.739, 6.387,0.000,0.187,0.000,-0.148, 1.205,-4.428,-0.291,-0.211,-1.082,-0.002, 0.097, 1.207,-0.182, 0.466, 1.959,-0.293,-0.114, 0.126, 0.036,-0.092, 0.000;
3.104,-0.010,2.352,4.409,-2.068,-0.033,-0.739, 6.402,0.000,0.000,1.172,-0.152, 1.203,-4.441,-0.334,-0.169,-1.036, 0.042, 0.053, 1.162,-0.185, 0.464, 1.961,-0.292,-0.116, 0.126, 0.037,-0.092, 0.000;
3.116,-0.553,4.626,4.424,-0.350,-0.031,-0.739, 6.419,0.188,0.000,1.402,-0.157, 1.202,-4.456,-0.375,-0.130,-0.995, 0.084, 0.011, 1.120,-0.189, 0.463, 1.962,-0.291,-0.119, 0.126, 0.037,-0.091, 0.000;
3.128,-0.579,2.969,4.976,-2.586,-0.031,-0.739, 6.431,0.000,0.000,1.052,-0.161, 1.200,-4.467,-0.332,-0.174,-0.953, 0.042, 0.053, 1.078,-0.192, 0.462, 1.964,-0.290,-0.121, 0.126, 0.038,-0.091, 0.000;
3.140,1.070,3.555,7.196,-2.571,-0.029,-0.737, 6.434,0.190,0.190,0.188,-0.167, 1.197,-4.468,-0.373,-0.218,-0.910, 0.084, 0.095, 1.035,-0.196, 0.460, 1.965,-0.289,-0.123, 0.126, 0.039,-0.091, 0.000;
3.151,-1.119,3.547,5.520,-3.091,-0.029,-0.737, 6.446,0.000,0.000,1.052,-0.170, 1.195,-4.479,-0.330,-0.178,-0.868, 0.042, 0.053, 0.994,-0.199, 0.459, 1.967,-0.288,-0.125, 0.126, 0.039,-0.091, 0.000;
3.163,0.518,4.150,7.729,-3.061,-0.027,-0.734, 6.446,0.191,0.191,0.000,-0.176, 1.192,-4.478,-0.371,-0.222,-0.825, 0.083, 0.095, 0.951,-0.202, 0.457, 1.968,-0.287,-0.127, 0.126, 0.040,-0.090, 0.000;
3.175,-0.092,6.438,7.671,-1.325,-0.025,-0.734, 6.448,0.183,0.000,0.199,-0.181, 1.190,-4.479,-0.413,-0.181,-0.780, 0.126, 0.052, 0.905,-0.206, 0.456, 1.970,-0.286,-0.129, 0.126, 0.041,-0.090, 0.000;
3.187,-0.041,4.768,8.271,-3.544,-0.025,-0.732, 6.446,0.000,0.190,-0.206,-0.185, 1.186,-4.475,-0.370,-0.225,-0.735, 0.085, 0.093, 0.861,-0.209, 0.454, 1.971,-0.285,-0.131, 0.126, 0.041,-0.090, 0.000;
3.198,1.557,5.340,10.371,-3.475,-0.022,-0.730, 6.448,0.198,0.198,0.215,-0.190, 1.182,-4.476,-0.409,-0.266,-0.692, 0.125, 0.133, 0.818,-0.212, 0.453, 1.973,-0.284,-0.133, 0.126, 0.042,-0.089, 0.000;
3.210,-0.568,5.290,8.783,-4.062,-0.022,-0.730, 6.446,0.000,0.000,-0.214,-0.193, 1.181,-4.472,-0.368,-0.228,-0.648, 0.085, 0.093, 0.774,-0.216, 0.451, 1.974,-0.283,-0.135, 0.126, 0.043,-0.089, 0.000;
3.221,1.076,5.883,10.956,-3.997,-0.020,-0.728, 6.448,0.192,0.192,0.208,-0.199, 1.177,-4.473,-0.408,-0.271,-0.604, 0.126, 0.134, 0.730,-0.219, 0.450, 1.976,-0.282,-0.138, 0.126, 0.043,-0.089, 0.000;
3.233,-1.047,5.831,9.367,-4.582,-0.020,-0.728, 6.446,0.000,0.000,-0.214,-0.202, 1.176,-4.469,-0.367,-0.234,-0.560, 0.086, 0.094, 0.686,-0.222, 0.448, 1.977,-0.281,-0.140, 0.126, 0.044,-0.088, 0.000;
3.244,0.599,6.424,11.539,-4.516,-0.018,-0.725, 6.448,0.192,0.192,0.208,-0.208, 1.172,-4.470,-0.407,-0.277,-0.516, 0.127, 0.135, 0.642,-0.225, 0.446, 1.978,-0.280,-0.142, 0.126, 0.044,-0.088, 0.000;
3.257,0.596,4.497,12.207,-7.113,-0.018,-0.723, 6.431,0.000,0.170,-1.294,-0.211, 1.168,-4.451,-0.360,-0.325,-0.463, 0.081, 0.181, 0.589,-0.229, 0.444, 1.980,-0.279,-0.144, 0.126, 0.045,-0.088, 0.000;
3.268,0.110,6.630,12.121,-5.381,-0.016,-0.723, 6.448,0.201,0.000,1.533,-0.217, 1.166,-4.467,-0.398,-0.288,-0.422, 0.120, 0.142, 0.547,-0.232, 0.443, 1.982,-0.278,-0.146, 0.126, 0.046,-0.087, 0.000;
3.291,0.050,3.472,13.304,-9.782,-0.016,-0.721, 6.434,0.000,0.099,-0.658,-0.223, 1.160,-4.449,-0.317,-0.370,-0.333, 0.040, 0.220, 0.459,-0.238, 0.440, 1.984,-0.276,-0.150, 0.126, 0.047,-0.087, 0.000;
3.294,0.008,3.977,13.180,-9.195,-0.013,-0.719, 6.434,0.676,0.676,0.000,-0.226, 1.158,-4.449,-0.328,-0.359,-0.321, 0.052, 0.209, 0.446,-0.239, 0.439, 1.985,-0.276,-0.150, 0.126, 0.047,-0.087, 0.000;
3.305,-0.568,5.934,13.200,-7.834,-0.013,-0.716, 6.417,0.000,0.208,-1.568,-0.229, 1.154,-4.431,-0.365,-0.323,-0.277, 0.090, 0.171, 0.403,-0.242, 0.437, 1.986,-0.275,-0.152, 0.126, 0.048,-0.086, 0.000;
3.327,2.494,6.968,17.320,-7.857,-0.011,-0.714, 6.419,0.102,0.102,0.092,-0.237, 1.148,-4.430,-0.439,-0.404,-0.192, 0.167, 0.248, 0.317,-0.248, 0.434, 1.989,-0.273,-0.156, 0.126, 0.049,-0.086, 0.000;
3.339,0.283,6.812,15.599,-8.504,-0.011,-0.712, 6.402,0.000,0.190,-1.423,-0.240, 1.144,-4.412,-0.396,-0.364,-0.144, 0.125, 0.206, 0.270,-0.251, 0.432, 1.990,-0.272,-0.158, 0.126, 0.050,-0.085, 0.000;
3.352,-2.247,6.781,13.680,-9.146,-0.009,-0.710, 6.389,0.166,0.166,-0.981,-0.246, 1.140,-4.397,-0.348,-0.319,-0.089, 0.078, 0.159, 0.215,-0.255, 0.430, 1.992,-0.270,-0.160, 0.126, 0.050,-0.085, 0.000;
3.356,-2.206,6.115,13.777,-9.868,-0.009,-0.708, 6.387,0.000,0.538,-0.378,-0.247, 1.137,-4.395,-0.333,-0.334,-0.073, 0.063, 0.173, 0.199,-0.256, 0.429, 1.993,-0.270,-0.161, 0.126, 0.051,-0.085, 0.000;
3.367,-0.752,6.492,15.817,-10.077,-0.007,-0.705, 6.374,0.209,0.209,-1.258,-0.252, 1.133,-4.380,-0.370,-0.374,-0.029, 0.101, 0.211, 0.155,-0.259, 0.428, 1.994,-0.269,-0.163, 0.126, 0.051,-0.084, 0.000;
3.389,-4.965,6.675,12.765,-11.055,-0.007,-0.703, 6.358,0.000,0.102,-0.742,-0.258, 1.127,-4.361,-0.291,-0.301, 0.063, 0.024, 0.135, 0.063,-0.265, 0.424, 1.997,-0.266,-0.166, 0.126, 0.052,-0.084, 0.000;
3.401,-5.315,8.867,12.812,-9.260,-0.007,-0.701, 6.358,0.000,0.185,0.000,-0.261, 1.123,-4.360,-0.332,-0.261, 0.110, 0.066, 0.092, 0.016,-0.268, 0.422, 1.998,-0.265,-0.168, 0.126, 0.053,-0.083, 0.000;
3.405,-4.678,8.921,13.586,-9.342,-0.004,-0.699, 6.343,0.524,0.524,-3.485,-0.265, 1.120,-4.344,-0.346,-0.277, 0.127, 0.081, 0.107,-0.001,-0.269, 0.421, 1.999,-0.265,-0.169, 0.126, 0.053,-0.083, 0.000;
3.417,-3.010,9.235,15.854,-9.630,-0.004,-0.696, 6.328,0.000,0.188,-1.256,-0.268, 1.116,-4.328,-0.386,-0.320, 0.176, 0.123, 0.149,-0.050,-0.272, 0.419, 2.000,-0.263,-0.171, 0.126, 0.054,-0.083, 0.000;
3.428,-1.438,9.437,17.905,-9.906,-0.002,-0.694, 6.313,0.204,0.204,-1.321,-0.273, 1.112,-4.312,-0.424,-0.361, 0.221, 0.161, 0.188,-0.096,-0.275, 0.417, 2.002,-0.262,-0.173, 0.126, 0.054,-0.082, 0.000;
3.450,-5.617,9.852,14.809,-10.574,-0.002,-0.692, 6.313,0.000,0.102,-0.021,-0.279, 1.106,-4.309,-0.344,-0.287, 0.308, 0.084, 0.111,-0.183,-0.281, 0.414, 2.004,-0.260,-0.177, 0.126, 0.055,-0.082, 0.000;
3.461,-7.769,9.978,13.101,-10.892,-0.002,-0.690, 6.298,0.000,0.192,-1.286,-0.282, 1.101,-4.292,-0.302,-0.249, 0.353, 0.043, 0.070,-0.228,-0.284, 0.412, 2.006,-0.259,-0.178, 0.126, 0.056,-0.081, 0.000;
3.473,-6.096,10.179,15.253,-11.170, 0.000,-0.687, 6.283,0.194,0.194,-1.297,-0.287, 1.097,-4.276,-0.341,-0.291, 0.398, 0.084, 0.111,-0.272,-0.287, 0.409, 2.007,-0.257,-0.180, 0.126, 0.057,-0.081, 0.000;
3.484,-6.376,8.440,15.459,-13.395, 0.000,-0.685, 6.268,0.000,0.194,-1.295,-0.290, 1.093,-4.260,-0.299,-0.333, 0.444, 0.043, 0.151,-0.318,-0.290, 0.407, 2.009,-0.256,-0.182, 0.126, 0.057,-0.080, 0.000;
3.496,-6.790,6.654,15.570,-15.706, 0.000,-0.681, 6.238,0.000,0.388,-2.589,-0.293, 1.086,-4.228,-0.258,-0.376, 0.492, 0.003, 0.192,-0.366,-0.293, 0.405, 2.010,-0.255,-0.184, 0.126, 0.058,-0.080, 0.000;
3.508,-5.153,6.644,17.749,-16.258, 0.000,-0.679, 6.209,0.000,0.180,-2.402,-0.296, 1.082,-4.197,-0.300,-0.421, 0.546, 0.046, 0.235,-0.420,-0.296, 0.403, 2.012,-0.253,-0.186, 0.126, 0.058,-0.080, 0.000;
3.520,-7.429,7.036,15.943,-16.336, 0.000,-0.679, 6.208,0.000,0.000,-0.092,-0.299, 1.079,-4.194,-0.255,-0.380, 0.596, 0.003, 0.192,-0.470,-0.299, 0.401, 2.013,-0.252,-0.188, 0.126, 0.059,-0.079, 0.000;
3.532,-7.608,9.266,16.349,-14.691, 0.000,-0.676, 6.193,0.000,0.184,-1.240,-0.302, 1.075,-4.178,-0.296,-0.339, 0.645, 0.046, 0.149,-0.520,-0.302, 0.398, 2.015,-0.250,-0.190, 0.126, 0.060,-0.079, 0.000;
3.546,-8.165,7.333,16.366,-17.198, 0.000,-0.674, 6.178,0.000,0.171,-1.149,-0.305, 1.070,-4.161,-0.249,-0.387, 0.697, 0.000, 0.195,-0.572,-0.305, 0.396, 2.016,-0.249,-0.192, 0.126, 0.060,-0.078, 0.000;
3.559,-8.258,9.745,16.841,-15.354, 0.000,-0.672, 6.163,0.000,0.168,-1.125,-0.309, 1.065,-4.145,-0.294,-0.342, 0.750, 0.047, 0.149,-0.624,-0.309, 0.393, 2.018,-0.247,-0.194, 0.126, 0.061,-0.078, 0.000;
3.571,-10.625,10.223,14.988,-15.390, 0.000,-0.672, 6.148,0.000,0.000,-1.187,-0.312, 1.063,-4.128,-0.248,-0.300, 0.798, 0.003, 0.104,-0.673,-0.312, 0.391, 2.020,-0.246,-0.196, 0.126, 0.062,-0.077, 0.000;
3.583,-8.936,10.131,17.165,-15.970, 0.002,-0.670, 6.131,0.186,0.186,-1.429,-0.317, 1.058,-4.109,-0.289,-0.344, 0.844, 0.045, 0.146,-0.719,-0.315, 0.389, 2.021,-0.244,-0.198, 0.126, 0.062,-0.077, 0.000;
3.595,-9.556,8.337,17.028,-18.247, 0.002,-0.667, 6.116,0.000,0.185,-1.241,-0.320, 1.054,-4.093,-0.245,-0.388, 0.891, 0.003, 0.189,-0.765,-0.318, 0.386, 2.023,-0.243,-0.200, 0.126, 0.063,-0.076, 0.000;
3.608,-9.507,10.535,17.575,-16.546, 0.002,-0.665, 6.101,0.000,0.181,-1.212,-0.323, 1.049,-4.076,-0.287,-0.347, 0.937, 0.046, 0.146,-0.811,-0.321, 0.384, 2.024,-0.241,-0.201, 0.126, 0.063,-0.076, 0.000;
3.612,-9.772,9.801,17.363,-17.333, 0.002,-0.663, 6.068,0.000,0.574,-8.440,-0.324, 1.046,-4.043,-0.273,-0.361, 0.952, 0.032, 0.159,-0.827,-0.322, 0.383, 2.025,-0.241,-0.202, 0.126, 0.063,-0.076, 0.000;
3.623,-10.480,8.193,17.130,-19.418, 0.002,-0.661, 6.053,0.000,0.202,-1.344,-0.326, 1.041,-4.027,-0.232,-0.402, 0.998,-0.007, 0.198,-0.872,-0.324, 0.381, 2.026,-0.239,-0.204, 0.126, 0.064,-0.075, 0.000;
3.645,-10.174,12.263,18.465,-16.375, 0.002,-0.661, 6.053,0.000,0.000,0.000,-0.332, 1.037,-4.024,-0.306,-0.328, 1.081, 0.070, 0.121,-0.955,-0.329, 0.376, 2.029,-0.236,-0.207, 0.126, 0.065,-0.074, 0.000;
3.657,-10.951,10.396,18.137,-18.691, 0.002,-0.658, 6.034,0.000,0.178,-1.479,-0.335, 1.032,-4.004,-0.261,-0.374, 1.126, 0.026, 0.165,-1.000,-0.332, 0.374, 2.030,-0.235,-0.209, 0.126, 0.066,-0.074, 0.000;
3.670,-10.748,12.569,18.843,-17.023, 0.002,-0.656, 6.005,0.000,0.175,-2.326,-0.338, 1.027,-3.973,-0.304,-0.331, 1.173, 0.071, 0.120,-1.048,-0.335, 0.371, 2.032,-0.233,-0.211, 0.126, 0.066,-0.073, 0.000;
3.674,-11.327,12.701,18.218,-16.844, 0.002,-0.656, 6.001,0.000,0.000,-1.145,-0.338, 1.026,-3.968,-0.290,-0.318, 1.186, 0.058, 0.107,-1.061,-0.336, 0.370, 2.032,-0.233,-0.211, 0.126, 0.066,-0.073, 0.000;
3.685,-12.207,11.157,17.884,-18.934, 0.000,-0.654, 5.976,-0.205,0.205,-2.278,-0.339, 1.022,-3.942,-0.250,-0.358, 1.228, 0.019, 0.145,-1.102,-0.339, 0.368, 2.034,-0.231,-0.213, 0.126, 0.067,-0.073, 0.000;
3.706,-13.925,8.186,17.146,-22.884, 0.000,-0.652, 5.957,0.000,0.103,-0.884,-0.344, 1.015,-3.920,-0.171,-0.437, 1.310,-0.057, 0.221,-1.184,-0.344, 0.363, 2.037,-0.228,-0.216, 0.126, 0.068,-0.072, 0.000;
3.719,-12.895,9.679,17.273,-20.489, 0.000,-0.652, 5.942,0.000,0.000,-1.159,-0.347, 1.012,-3.904,-0.213,-0.395, 1.266,-0.013, 0.177,-1.140,-0.347, 0.360, 2.038,-0.226,-0.218, 0.126, 0.068,-0.071, 0.000;
3.731,-15.303,10.694,15.550,-20.158, 0.000,-0.650, 5.908,0.000,0.183,-2.776,-0.349, 1.007,-3.869,-0.169,-0.354, 1.312,-0.056, 0.134,-1.186,-0.349, 0.358, 2.040,-0.225,-0.219, 0.126, 0.069,-0.071, 0.000;
3.743,-14.750,12.816,16.487,-18.421, 0.000,-0.650, 5.903,0.000,0.000,-0.453,-0.352, 1.005,-3.861,-0.211,-0.312, 1.356,-0.012, 0.090,-1.230,-0.352, 0.355, 2.041,-0.223,-0.221, 0.126, 0.069,-0.070, 0.000;
3.755,-15.853,11.251,15.875,-20.478,-0.002,-0.647, 5.874,-0.191,0.191,-2.431,-0.352, 1.000,-3.832,-0.168,-0.354, 1.399,-0.053, 0.131,-1.273,-0.355, 0.352, 2.043,-0.221,-0.223, 0.126, 0.070,-0.070, 0.000;
];