0.000,0.000,0.000,0.000,0.000, 0.000, 0.000, 0.000,0.000,0.000,0.000, 0.000, 0.000, 0.000;
0.012,-0.429,-0.191,-0.429,-0.191,-0.116,-0.132,-0.898,0.000,0.000,0.000, 0.616, 0.139, 2.155;
0.024,-0.432,-0.188,-0.432,-0.188,-0.116,-0.132,-0.898,0.000,0.000,0.000, 0.616, 0.147, 2.155;
0.037,-0.436,-0.185,-0.436,-0.185,-0.116,-0.132,-0.898,0.000,0.000,0.000, 0.616, 0.155, 2.155;
0.040,-0.436,-0.184,-0.436,-0.184,-0.116,-0.132,-0.898,0.000,0.000,0.000, 0.615, 0.157, 2.155;
0.061,-0.442,-0.178,-0.442,-0.178,-0.116,-0.132,-0.898,0.000,0.000,0.000, 0.615, 0.170, 2.155;
0.073,-0.444,-0.175,-0.444,-0.175,-0.116,-0.132,-0.898,0.000,0.000,0.000, 0.614, 0.177, 2.155;
0.077,-0.445,-0.174,-0.445,-0.174,-0.116,-0.132,-0.898,0.000,0.000,0.000, 0.614, 0.180, 2.155;
0.088,-0.448,-0.170,-0.448,-0.170,-0.116,-0.132,-0.898,0.000,0.000,0.000, 0.613, 0.187, 2.155;
0.110,-0.453,-0.164,-0.453,-0.164,-0.116,-0.132,-0.898,0.000,0.000,0.000, 0.611, 0.201, 2.155;
0.122,-0.456,-0.160,-0.456,-0.160,-0.116,-0.132,-0.898,0.000,0.000,0.000, 0.610, 0.208, 2.155;
0.134,-0.458,-0.157,-0.458,-0.157,-0.116,-0.132,-0.898,0.000,0.000,0.000, 0.609, 0.216, 2.155;
0.146,-0.461,-0.153,-0.461,-0.153,-0.116,-0.132,-0.898,0.000,0.000,0.000, 0.608, 0.223, 2.155;
0.158,-0.463,-0.149,-0.463,-0.149,-0.116,-0.132,-0.898,0.000,0.000,0.000, 0.606, 0.230, 2.155;
0.169,-0.465,-0.146,-0.465,-0.146,-0.116,-0.132,-0.898,0.000,0.000,0.000, 0.605, 0.237, 2.155;
0.181,-0.468,-0.142,-0.468,-0.142,-0.116,-0.132,-0.898,0.000,0.000,0.000, 0.603, 0.244, 2.155;
0.193,-0.470,-0.139,-0.470,-0.139,-0.116,-0.132,-0.898,0.000,0.000,0.000, 0.601, 0.252, 2.155;
0.204,-0.472,-0.135,-0.472,-0.135,-0.116,-0.132,-0.898,0.000,0.000,0.000, 0.600, 0.259, 2.155;
0.216,-0.474,-0.131,-0.474,-0.131,-0.116,-0.132,-0.898,0.000,0.000,0.000, 0.598, 0.266, 2.155;
0.227,-0.476,-0.127,-0.476,-0.127,-0.116,-0.132,-0.898,0.000,0.000,0.000, 0.596, 0.272, 2.155;
0.238,-0.478,-0.124,-0.478,-0.124,-0.116,-0.132,-0.898,0.000,0.000,0.000, 0.594, 0.279, 2.155;
0.249,-0.480,-0.120,-0.480,-0.120,-0.116,-0.132,-0.898,0.000,0.000,0.000, 0.592, 0.286, 2.155;
0.260,-0.482,-0.117,-0.482,-0.117,-0.116,-0.132,-0.898,0.000,0.000,0.000, 0.590, 0.292, 2.155;
0.271,-0.484,-0.113,-0.484,-0.113,-0.116,-0.132,-0.898,0.000,0.000,0.000, 0.587, 0.299, 2.155;
0.292,-0.487,-0.106,-0.487,-0.106,-0.116,-0.132,-0.898,0.000,0.000,0.000, 0.583, 0.311, 2.155;
0.304,-0.489,-0.102,-0.489,-0.102,-0.116,-0.132,-0.898,0.000,0.000,0.000, 0.580, 0.318, 2.155;
0.316,-0.490,-0.098,-0.490,-0.098,-0.116,-0.132,-0.898,0.000,0.000,0.000, 0.577, 0.325, 2.155;
0.327,-0.492,-0.094,-0.492,-0.094,-0.116,-0.132,-0.898,0.000,0.000,0.000, 0.574, 0.331, 2.155;
0.338,-0.494,-0.090,-0.494,-0.090,-0.116,-0.132,-0.898,0.000,0.000,0.000, 0.572, 0.338, 2.155;
0.350,-0.495,-0.086,-0.495,-0.086,-0.116,-0.132,-0.898,0.000,0.000,0.000, 0.568, 0.345, 2.155;
0.361,-0.496,-0.082,-0.496,-0.082,-0.116,-0.132,-0.898,0.000,0.000,0.000, 0.565, 0.351, 2.155;
0.372,-0.498,-0.078,-0.498,-0.078,-0.116,-0.132,-0.898,0.000,0.000,0.000, 0.562, 0.357, 2.155;
0.383,-0.499,-0.074,-0.499,-0.074,-0.116,-0.132,-0.898,0.000,0.000,0.000, 0.559, 0.363, 2.155;
0.394,-0.500,-0.071,-0.500,-0.071,-0.116,-0.132,-0.898,0.000,0.000,0.000, 0.556, 0.369, 2.155;
0.415,-0.502,-0.063,-0.502,-0.063,-0.116,-0.132,-0.898,0.000,0.000,0.000, 0.549, 0.381, 2.155;
0.427,-0.503,-0.059,-0.503,-0.059,-0.116,-0.132,-0.898,0.000,0.000,0.000, 0.546, 0.387, 2.155;
0.439,-0.504,-0.054,-0.504,-0.054,-0.116,-0.132,-0.898,0.000,0.000,0.000, 0.542, 0.394, 2.155;
0.451,-0.505,-0.050,-0.505,-0.050,-0.116,-0.132,-0.898,0.000,0.000,0.000, 0.538, 0.400, 2.155;
0.462,-0.506,-0.046,-0.506,-0.046,-0.116,-0.132,-0.898,0.000,0.000,0.000, 0.534, 0.406, 2.155;
0.474,-0.507,-0.042,-0.507,-0.042,-0.116,-0.132,-0.898,0.000,0.000,0.000, 0.530, 0.412, 2.155;
0.486,-0.508,-0.038,-0.508,-0.038,-0.116,-0.132,-0.898,0.000,0.000,0.000, 0.526, 0.418, 2.155;
0.497,-0.509,-0.033,-0.509,-0.033,-0.116,-0.132,-0.898,0.000,0.000,0.000, 0.522, 0.424, 2.155;
0.509,-0.509,-0.029,-0.509,-0.029,-0.116,-0.132,-0.898,0.000,0.000,0.000, 0.517, 0.430, 2.155;
0.521,-0.510,-0.025,-0.510,-0.025,-0.116,-0.132,-0.898,0.000,0.000,0.000, 0.513, 0.436, 2.155;
0.532,-0.510,-0.020,-0.510,-0.020,-0.116,-0.132,-0.898,0.000,0.000,0.000, 0.508, 0.442, 2.155;
0.543,-0.511,-0.016,-0.511,-0.016,-0.116,-0.132,-0.898,0.000,0.000,0.000, 0.504, 0.447, 2.155;
0.555,-0.511,-0.012,-0.511,-0.012,-0.116,-0.132,-0.898,0.000,0.000,0.000, 0.499, 0.453, 2.155;
0.566,-0.512,-0.008,-0.512,-0.008,-0.116,-0.132,-0.898,0.000,0.000,0.000, 0.495, 0.458, 2.155;
0.578,-0.512,-0.004,-0.512,-0.004,-0.116,-0.132,-0.898,0.000,0.000,0.000, 0.490, 0.464, 2.155;
0.590,-0.512,0.001,-0.512,0.001,-0.116,-0.132,-0.898,0.000,0.000,0.000, 0.485, 0.469, 2.155;
0.612,-0.512,0.009,-0.512,0.009,-0.116,-0.132,-0.898,0.000,0.000,0.000, 0.476, 0.479, 2.155;
0.615,-0.512,0.010,-0.512,0.010,-0.116,-0.132,-0.898,0.000,0.000,0.000, 0.474, 0.481, 2.155;
0.626,-0.512,0.014,-0.512,0.014,-0.116,-0.132,-0.898,0.000,0.000,0.000, 0.469, 0.486, 2.155;
0.648,-0.512,0.022,-0.512,0.022,-0.116,-0.132,-0.898,0.000,0.000,0.000, 0.459, 0.495, 2.155;
0.660,-0.512,0.027,-0.512,0.027,-0.116,-0.132,-0.898,0.000,0.000,0.000, 0.454, 0.501, 2.155;
0.672,-0.512,0.031,-0.512,0.031,-0.116,-0.132,-0.898,0.000,0.000,0.000, 0.448, 0.506, 2.155;
0.684,-0.512,0.036,-0.512,0.036,-0.116,-0.132,-0.898,0.000,0.000,0.000, 0.442, 0.511, 2.155;
0.697,-0.511,0.040,-0.511,0.040,-0.116,-0.132,-0.898,0.000,0.000,0.000, 0.436, 0.516, 2.155;
0.709,-0.511,0.045,-0.511,0.045,-0.116,-0.132,-0.898,0.000,0.000,0.000, 0.430, 0.520, 2.155;
0.721,-0.510,0.049,-0.510,0.049,-0.116,-0.132,-0.898,0.000,0.000,0.000, 0.425, 0.525, 2.155;
0.733,-0.510,0.053,-0.510,0.053,-0.116,-0.132,-0.898,0.000,0.000,0.000, 0.419, 0.530, 2.155;
0.745,-0.509,0.058,-0.509,0.058,-0.116,-0.132,-0.898,0.000,0.000,0.000, 0.412, 0.534, 2.155;
0.758,-0.508,0.063,-0.508,0.063,-0.116,-0.132,-0.898,0.000,0.000,0.000, 0.406, 0.539, 2.155;
0.761,-0.508,0.064,-0.508,0.064,-0.116,-0.132,-0.898,0.000,0.000,0.000, 0.404, 0.540, 2.155;
0.773,-0.507,0.068,-0.507,0.068,-0.116,-0.132,-0.898,0.000,0.000,0.000, 0.398, 0.545, 2.155;
0.794,-0.506,0.076,-0.506,0.076,-0.116,-0.132,-0.898,0.000,0.000,0.000, 0.387, 0.552, 2.155;
0.807,-0.505,0.080,-0.505,0.080,-0.116,-0.132,-0.898,0.000,0.000,0.000, 0.380, 0.556, 2.155;
0.812,-0.504,0.082,-0.504,0.082,-0.116,-0.132,-0.898,0.000,0.000,0.000, 0.378, 0.558, 2.155;
0.823,-0.503,0.086,-0.503,0.086,-0.116,-0.132,-0.898,0.000,0.000,0.000, 0.372, 0.561, 2.155;
0.834,-0.502,0.090,-0.502,0.090,-0.116,-0.132,-0.898,0.000,0.000,0.000, 0.366, 0.565, 2.155;
0.856,-0.500,0.098,-0.500,0.098,-0.116,-0.132,-0.898,0.000,0.000,0.000, 0.354, 0.571, 2.155;
0.868,-0.499,0.102,-0.499,0.102,-0.116,-0.132,-0.898,0.000,0.000,0.000, 0.347, 0.575, 2.155;
0.880,-0.497,0.107,-0.497,0.107,-0.116,-0.132,-0.898,0.000,0.000,0.000, 0.340, 0.579, 2.155;
0.892,-0.496,0.111,-0.496,0.111,-0.116,-0.132,-0.898,0.000,0.000,0.000, 0.334, 0.582, 2.155;
0.904,-0.495,0.115,-0.495,0.115,-0.116,-0.132,-0.898,0.000,0.000,0.000, 0.327, 0.585, 2.155;
0.916,-0.493,0.119,-0.493,0.119,-0.116,-0.132,-0.898,0.000,0.000,0.000, 0.320, 0.588, 2.155;
0.928,-0.491,0.123,-0.491,0.123,-0.116,-0.132,-0.898,0.000,0.000,0.000, 0.313, 0.591, 2.155;
0.939,-0.490,0.127,-0.490,0.127,-0.116,-0.132,-0.898,0.000,0.000,0.000, 0.306, 0.594, 2.155;
0.951,-0.488,0.131,-0.488,0.131,-0.116,-0.132,-0.898,0.000,0.000,0.000, 0.299, 0.597, 2.155;
0.964,-0.486,0.135,-0.486,0.135,-0.116,-0.132,-0.898,0.000,0.000,0.000, 0.292, 0.600, 2.155;
0.976,-0.484,0.139,-0.484,0.139,-0.116,-0.132,-0.898,0.000,0.000,0.000, 0.285, 0.602, 2.155;
0.987,-0.483,0.143,-0.483,0.143,-0.116,-0.132,-0.898,0.000,0.000,0.000, 0.279, 0.605, 2.155;
0.998,-0.481,0.147,-0.481,0.147,-0.116,-0.132,-0.898,0.000,0.000,0.000, 0.272, 0.607, 2.155;
1.009,-0.479,0.150,-0.479,0.150,-0.116,-0.132,-0.898,0.000,0.000,0.000, 0.265, 0.609, 2.155;
1.020,-0.477,0.154,-0.477,0.154,-0.116,-0.132,-0.898,0.000,0.000,0.000, 0.259, 0.611, 2.155;
1.030,-0.475,0.157,-0.475,0.157,-0.116,-0.132,-0.898,0.000,0.000,0.000, 0.252, 0.613, 2.155;
1.041,-0.473,0.161,-0.473,0.161,-0.116,-0.132,-0.898,0.000,0.000,0.000, 0.246, 0.615, 2.155;
1.063,-0.469,0.168,-0.469,0.168,-0.116,-0.132,-0.898,0.000,0.000,0.000, 0.233, 0.618, 2.155;
1.074,-0.467,0.171,-0.467,0.171,-0.116,-0.132,-0.898,0.000,0.000,0.000, 0.226, 0.619, 2.155;
1.086,-0.464,0.175,-0.464,0.175,-0.116,-0.132,-0.898,0.000,0.000,0.000, 0.219, 0.621, 2.155;
1.097,-0.462,0.178,-0.462,0.178,-0.116,-0.132,-0.898,0.000,0.000,0.000, 0.212, 0.622, 2.155;
1.108,-0.460,0.182,-0.460,0.182,-0.116,-0.132,-0.898,0.000,0.000,0.000, 0.205, 0.624, 2.155;
1.120,-0.457,0.186,-0.457,0.186,-0.116,-0.132,-0.898,0.000,0.000,0.000, 0.197, 0.625, 2.155;
1.132,-0.455,0.189,-0.455,0.189,-0.116,-0.132,-0.898,0.000,0.000,0.000, 0.190, 0.626, 2.155;
1.143,-0.452,0.192,-0.452,0.192,-0.116,-0.132,-0.898,0.000,0.000,0.000, 0.183, 0.627, 2.155;
1.154,-0.450,0.195,-0.450,0.195,-0.116,-0.132,-0.898,0.000,0.000,0.000, 0.176, 0.628, 2.155;
1.165,-0.447,0.199,-0.447,0.199,-0.116,-0.132,-0.898,0.000,0.000,0.000, 0.169, 0.629, 2.155;
1.177,-0.444,0.202,-0.444,0.202,-0.116,-0.132,-0.898,0.000,0.000,0.000, 0.162, 0.630, 2.155;
1.189,-0.442,0.205,-0.442,0.205,-0.116,-0.132,-0.898,0.000,0.000,0.000, 0.155, 0.630, 2.155;
1.204,-0.438,0.210,-0.438,0.210,-0.116,-0.132,-0.898,0.000,0.000,0.000, 0.145, 0.631, 2.155;
1.217,-0.435,0.213,-0.435,0.213,-0.116,-0.132,-0.898,0.000,0.000,0.000, 0.137, 0.631, 2.155;
1.228,-0.432,0.216,-0.432,0.216,-0.116,-0.132,-0.898,0.000,0.000,0.000, 0.130, 0.631, 2.155;
1.239,-0.429,0.219,-0.429,0.219,-0.116,-0.132,-0.898,0.000,0.000,0.000, 0.123, 0.632, 2.155;
1.250,-0.426,0.222,-0.426,0.222,-0.116,-0.132,-0.898,0.000,0.000,0.000, 0.116, 0.632, 2.155;
1.271,-0.421,0.227,-0.421,0.227,-0.116,-0.132,-0.898,0.000,0.000,0.000, 0.103, 0.632, 2.155;
1.274,-0.420,0.228,-0.420,0.228,-0.116,-0.132,-0.898,0.000,0.000,0.000, 0.101, 0.631, 2.155;
1.296,-0.414,0.234,-0.414,0.234,-0.116,-0.132,-0.898,0.000,0.000,0.000, 0.087, 0.631, 2.155;
1.308,-0.411,0.237,-0.411,0.237,-0.116,-0.132,-0.898,0.000,0.000,0.000, 0.080, 0.630, 2.155;
1.320,-0.407,0.239,-0.407,0.239,-0.116,-0.132,-0.898,0.000,0.000,0.000, 0.072, 0.630, 2.155;
1.331,-0.404,0.242,-0.404,0.242,-0.116,-0.132,-0.898,0.000,0.000,0.000, 0.065, 0.629, 2.155;
1.343,-0.400,0.245,-0.400,0.245,-0.116,-0.132,-0.898,0.000,0.000,0.000, 0.058, 0.628, 2.155;
1.355,-0.397,0.248,-0.397,0.248,-0.116,-0.132,-0.898,0.000,0.000,0.000, 0.051, 0.627, 2.155;
1.366,-0.394,0.250,-0.394,0.250,-0.116,-0.132,-0.898,0.000,0.000,0.000, 0.043, 0.626, 2.155;
1.378,-0.390,0.253,-0.390,0.253,-0.116,-0.132,-0.898,0.000,0.000,0.000, 0.036, 0.625, 2.155;
1.391,-0.386,0.256,-0.386,0.256,-0.116,-0.132,-0.898,0.000,0.000,0.000, 0.028, 0.624, 2.155;
1.404,-0.382,0.258,-0.382,0.258,-0.116,-0.132,-0.898,0.000,0.000,0.000, 0.020, 0.622, 2.155;
1.417,-0.378,0.261,-0.378,0.261,-0.116,-0.132,-0.898,0.000,0.000,0.000, 0.012, 0.621, 2.155;
1.429,-0.374,0.263,-0.374,0.263,-0.116,-0.132,-0.898,0.000,0.000,0.000, 0.004, 0.619, 2.155;
1.442,-0.370,0.266,-0.370,0.266,-0.116,-0.132,-0.898,0.000,0.000,0.000,-0.003, 0.617, 2.155;
1.454,-0.366,0.268,-0.366,0.268,-0.116,-0.132,-0.898,0.000,0.000,0.000,-0.011, 0.615, 2.155;
1.466,-0.363,0.270,-0.363,0.270,-0.116,-0.132,-0.898,0.000,0.000,0.000,-0.018, 0.613, 2.155;
1.478,-0.359,0.272,-0.359,0.272,-0.116,-0.132,-0.898,0.000,0.000,0.000,-0.025, 0.611, 2.155;
1.491,-0.355,0.275,-0.355,0.275,-0.116,-0.132,-0.898,0.000,0.000,0.000,-0.033, 0.609, 2.155;
1.504,-0.350,0.277,-0.350,0.277,-0.116,-0.132,-0.898,0.000,0.000,0.000,-0.041, 0.606, 2.155;
1.516,-0.346,0.279,-0.346,0.279,-0.116,-0.132,-0.898,0.000,0.000,0.000,-0.048, 0.604, 2.155;
1.528,-0.342,0.281,-0.342,0.281,-0.116,-0.132,-0.898,0.000,0.000,0.000,-0.055, 0.601, 2.155;
1.540,-0.338,0.283,-0.338,0.283,-0.116,-0.132,-0.898,0.000,0.000,0.000,-0.062, 0.599, 2.155;
1.551,-0.334,0.284,-0.334,0.284,-0.116,-0.132,-0.898,0.000,0.000,0.000,-0.069, 0.596, 2.155;
1.563,-0.330,0.286,-0.330,0.286,-0.116,-0.132,-0.898,0.000,0.000,0.000,-0.076, 0.593, 2.155;
1.575,-0.326,0.288,-0.326,0.288,-0.116,-0.132,-0.898,0.000,0.000,0.000,-0.083, 0.590, 2.155;
1.587,-0.322,0.289,-0.322,0.289,-0.116,-0.132,-0.898,0.000,0.000,0.000,-0.090, 0.587, 2.155;
1.599,-0.318,0.291,-0.318,0.291,-0.116,-0.132,-0.898,0.000,0.000,0.000,-0.096, 0.584, 2.155;
1.611,-0.314,0.292,-0.314,0.292,-0.116,-0.132,-0.898,0.000,0.000,0.000,-0.103, 0.581, 2.155;
1.623,-0.310,0.294,-0.310,0.294,-0.116,-0.132,-0.898,0.000,0.000,0.000,-0.110, 0.578, 2.155;
1.636,-0.305,0.295,-0.305,0.295,-0.116,-0.132,-0.898,0.000,0.000,0.000,-0.117, 0.574, 2.155;
1.648,-0.301,0.296,-0.301,0.296,-0.116,-0.132,-0.898,0.000,0.000,0.000,-0.124, 0.571, 2.155;
1.659,-0.297,0.298,-0.297,0.298,-0.116,-0.132,-0.898,0.000,0.000,0.000,-0.130, 0.567, 2.155;
1.671,-0.293,0.299,-0.293,0.299,-0.116,-0.132,-0.898,0.000,0.000,0.000,-0.136, 0.563, 2.155;
1.682,-0.289,0.300,-0.289,0.300,-0.116,-0.132,-0.898,0.000,0.000,0.000,-0.142, 0.560, 2.155;
1.693,-0.285,0.301,-0.285,0.301,-0.116,-0.132,-0.898,0.000,0.000,0.000,-0.148, 0.556, 2.155;
1.704,-0.281,0.302,-0.281,0.302,-0.116,-0.132,-0.898,0.000,0.000,0.000,-0.154, 0.552, 2.155;
1.715,-0.277,0.302,-0.277,0.302,-0.116,-0.132,-0.898,0.000,0.000,0.000,-0.160, 0.549, 2.155;
1.726,-0.273,0.303,-0.273,0.303,-0.116,-0.132,-0.898,0.000,0.000,0.000,-0.166, 0.545, 2.155;
1.747,-0.265,0.304,-0.265,0.304,-0.116,-0.132,-0.898,0.000,0.000,0.000,-0.176, 0.537, 2.155;
1.759,-0.261,0.305,-0.261,0.305,-0.116,-0.132,-0.898,0.000,0.000,0.000,-0.183, 0.533, 2.155;
1.772,-0.256,0.306,-0.256,0.306,-0.116,-0.132,-0.898,0.000,0.000,0.000,-0.189, 0.528, 2.155;
1.784,-0.252,0.306,-0.252,0.306,-0.116,-0.132,-0.898,0.000,0.000,0.000,-0.195, 0.523, 2.155;
1.795,-0.247,0.307,-0.247,0.307,-0.116,-0.132,-0.898,0.000,0.000,0.000,-0.200, 0.519, 2.155;
1.807,-0.243,0.307,-0.243,0.307,-0.116,-0.132,-0.898,0.000,0.000,0.000,-0.206, 0.514, 2.155;
1.819,-0.239,0.308,-0.239,0.308,-0.116,-0.132,-0.898,0.000,0.000,0.000,-0.212, 0.509, 2.155;
1.830,-0.235,0.308,-0.235,0.308,-0.116,-0.132,-0.898,0.000,0.000,0.000,-0.217, 0.505, 2.155;
1.842,-0.230,0.308,-0.230,0.308,-0.116,-0.132,-0.898,0.000,0.000,0.000,-0.222, 0.500, 2.155;
1.854,-0.226,0.308,-0.226,0.308,-0.116,-0.132,-0.898,0.000,0.000,0.000,-0.228, 0.495, 2.155;
1.865,-0.222,0.308,-0.222,0.308,-0.116,-0.132,-0.898,0.000,0.000,0.000,-0.233, 0.490, 2.155;
1.876,-0.218,0.308,-0.218,0.308,-0.116,-0.132,-0.898,0.000,0.000,0.000,-0.238, 0.485, 2.155;
1.889,-0.213,0.308,-0.213,0.308,-0.116,-0.132,-0.898,0.000,0.000,0.000,-0.244, 0.479, 2.155;
1.900,-0.208,0.308,-0.208,0.308,-0.116,-0.132,-0.898,0.000,0.000,0.000,-0.249, 0.474, 2.155;
1.912,-0.204,0.308,-0.204,0.308,-0.116,-0.132,-0.898,0.000,0.000,0.000,-0.254, 0.468, 2.155;
1.925,-0.200,0.308,-0.200,0.308,-0.116,-0.132,-0.898,0.000,0.000,0.000,-0.259, 0.462, 2.155;
1.936,-0.195,0.307,-0.195,0.307,-0.116,-0.132,-0.898,0.000,0.000,0.000,-0.264, 0.457, 2.155;
1.948,-0.191,0.307,-0.191,0.307,-0.116,-0.132,-0.898,0.000,0.000,0.000,-0.268, 0.452, 2.155;
1.959,-0.187,0.307,-0.187,0.307,-0.116,-0.132,-0.898,0.000,0.000,0.000,-0.273, 0.446, 2.155;
1.981,-0.179,0.306,-0.179,0.306,-0.116,-0.132,-0.898,0.000,0.000,0.000,-0.281, 0.435, 2.155;
1.993,-0.174,0.305,-0.174,0.305,-0.116,-0.132,-0.898,0.000,0.000,0.000,-0.286, 0.429, 2.155;
2.004,-0.170,0.304,-0.170,0.304,-0.116,-0.132,-0.898,0.000,0.000,0.000,-0.290, 0.423, 2.155;
2.018,-0.165,0.304,-0.165,0.304,-0.116,-0.132,-0.898,0.000,0.000,0.000,-0.295, 0.417, 2.155;
2.022,-0.164,0.303,-0.164,0.303,-0.116,-0.132,-0.898,0.000,0.000,0.000,-0.296, 0.414, 2.155;
2.032,-0.160,0.303,-0.160,0.303,-0.116,-0.132,-0.898,0.000,0.000,0.000,-0.300, 0.409, 2.155;
2.054,-0.152,0.301,-0.152,0.301,-0.116,-0.132,-0.898,0.000,0.000,0.000,-0.307, 0.397, 2.155;
2.066,-0.148,0.300,-0.148,0.300,-0.116,-0.132,-0.898,0.000,0.000,0.000,-0.311, 0.391, 2.155;
2.078,-0.144,0.299,-0.144,0.299,-0.116,-0.132,-0.898,0.000,0.000,0.000,-0.315, 0.385, 2.155;
2.090,-0.139,0.298,-0.139,0.298,-0.116,-0.132,-0.898,0.000,0.000,0.000,-0.319, 0.378, 2.155;
2.102,-0.135,0.296,-0.135,0.296,-0.116,-0.132,-0.898,0.000,0.000,0.000,-0.323, 0.371, 2.155;
2.116,-0.130,0.295,-0.130,0.295,-0.116,-0.132,-0.898,0.000,0.000,0.000,-0.327, 0.364, 2.155;
2.120,-0.129,0.294,-0.129,0.294,-0.116,-0.132,-0.898,0.000,0.000,0.000,-0.328, 0.362, 2.155;
2.130,-0.125,0.293,-0.125,0.293,-0.116,-0.132,-0.898,0.000,0.000,0.000,-0.331, 0.356, 2.155;
2.152,-0.118,0.291,-0.118,0.291,-0.116,-0.132,-0.898,0.000,0.000,0.000,-0.337, 0.344, 2.155;
2.163,-0.114,0.289,-0.114,0.289,-0.116,-0.132,-0.898,0.000,0.000,0.000,-0.340, 0.337, 2.155;
2.175,-0.109,0.288,-0.109,0.288,-0.116,-0.132,-0.898,0.000,0.000,0.000,-0.343, 0.330, 2.155;
2.188,-0.105,0.286,-0.105,0.286,-0.116,-0.132,-0.898,0.000,0.000,0.000,-0.346, 0.323, 2.155;
2.200,-0.101,0.284,-0.101,0.284,-0.116,-0.132,-0.898,0.000,0.000,0.000,-0.349, 0.316, 2.155;
2.211,-0.097,0.282,-0.097,0.282,-0.116,-0.132,-0.898,0.000,0.000,0.000,-0.351, 0.309, 2.155;
2.223,-0.093,0.281,-0.093,0.281,-0.116,-0.132,-0.898,0.000,0.000,0.000,-0.354, 0.302, 2.155;
2.234,-0.089,0.279,-0.089,0.279,-0.116,-0.132,-0.898,0.000,0.000,0.000,-0.356, 0.296, 2.155;
2.246,-0.086,0.277,-0.086,0.277,-0.116,-0.132,-0.898,0.000,0.000,0.000,-0.359, 0.289, 2.155;
2.257,-0.082,0.275,-0.082,0.275,-0.116,-0.132,-0.898,0.000,0.000,0.000,-0.361, 0.282, 2.155;
2.268,-0.078,0.273,-0.078,0.273,-0.116,-0.132,-0.898,0.000,0.000,0.000,-0.363, 0.276, 2.155;
2.279,-0.075,0.271,-0.075,0.271,-0.116,-0.132,-0.898,0.000,0.000,0.000,-0.365, 0.269, 2.155;
2.290,-0.071,0.269,-0.071,0.269,-0.116,-0.132,-0.898,0.000,0.000,0.000,-0.367, 0.262, 2.155;
2.301,-0.068,0.267,-0.068,0.267,-0.116,-0.132,-0.898,0.000,0.000,0.000,-0.368, 0.255, 2.155;
2.323,-0.061,0.263,-0.061,0.263,-0.116,-0.132,-0.898,0.000,0.000,0.000,-0.372, 0.242, 2.155;
2.334,-0.057,0.261,-0.057,0.261,-0.116,-0.132,-0.898,0.000,0.000,0.000,-0.373, 0.235, 2.155;
2.345,-0.054,0.258,-0.054,0.258,-0.116,-0.132,-0.898,0.000,0.000,0.000,-0.375, 0.228, 2.155;
2.357,-0.050,0.256,-0.050,0.256,-0.116,-0.132,-0.898,0.000,0.000,0.000,-0.376, 0.221, 2.155;
2.368,-0.047,0.253,-0.047,0.253,-0.116,-0.132,-0.898,0.000,0.000,0.000,-0.377, 0.214, 2.155;
2.380,-0.043,0.251,-0.043,0.251,-0.116,-0.132,-0.898,0.000,0.000,0.000,-0.378, 0.207, 2.155;
2.391,-0.040,0.248,-0.040,0.248,-0.116,-0.132,-0.898,0.000,0.000,0.000,-0.379, 0.200, 2.155;
2.402,-0.037,0.246,-0.037,0.246,-0.116,-0.132,-0.898,0.000,0.000,0.000,-0.380, 0.193, 2.155;
2.413,-0.034,0.243,-0.034,0.243,-0.116,-0.132,-0.898,0.000,0.000,0.000,-0.381, 0.186, 2.155;
2.424,-0.030,0.241,-0.030,0.241,-0.116,-0.132,-0.898,0.000,0.000,0.000,-0.382, 0.179, 2.155;
2.435,-0.027,0.238,-0.027,0.238,-0.116,-0.132,-0.898,0.000,0.000,0.000,-0.382, 0.172, 2.155;
2.457,-0.021,0.233,-0.021,0.233,-0.116,-0.132,-0.898,0.000,0.000,0.000,-0.383, 0.159, 2.155;
2.469,-0.018,0.230,-0.018,0.230,-0.116,-0.132,-0.898,0.000,0.000,0.000,-0.384, 0.151, 2.155;
2.480,-0.015,0.227,-0.015,0.227,-0.116,-0.132,-0.898,0.000,0.000,0.000,-0.384, 0.144, 2.155;
2.491,-0.012,0.224,-0.012,0.224,-0.116,-0.132,-0.898,0.000,0.000,0.000,-0.384, 0.137, 2.155;
2.503,-0.009,0.221,-0.009,0.221,-0.116,-0.132,-0.898,0.000,0.000,0.000,-0.384, 0.130, 2.155;
2.514,-0.006,0.218,-0.006,0.218,-0.116,-0.132,-0.898,0.000,0.000,0.000,-0.384, 0.123, 2.155;
2.525,-0.003,0.215,-0.003,0.215,-0.116,-0.132,-0.898,0.000,0.000,0.000,-0.384, 0.116, 2.155;
2.535,-0.001,0.213,-0.001,0.213,-0.116,-0.132,-0.898,0.000,0.000,0.000,-0.383, 0.109, 2.155;
2.546,0.002,0.210,0.002,0.210,-0.116,-0.132,-0.898,0.000,0.000,0.000,-0.383, 0.103, 2.155;
2.557,0.005,0.206,0.005,0.206,-0.116,-0.132,-0.898,0.000,0.000,0.000,-0.383, 0.096, 2.155;
2.579,0.010,0.200,0.010,0.200,-0.116,-0.132,-0.898,0.000,0.000,0.000,-0.382, 0.082, 2.155;
2.591,0.013,0.197,0.013,0.197,-0.116,-0.132,-0.898,0.000,0.000,0.000,-0.381, 0.075, 2.155;
2.602,0.015,0.194,0.015,0.194,-0.116,-0.132,-0.898,0.000,0.000,0.000,-0.380, 0.068, 2.155;
2.614,0.018,0.190,0.018,0.190,-0.116,-0.132,-0.898,0.000,0.000,0.000,-0.379, 0.060, 2.155;
2.625,0.020,0.187,0.020,0.187,-0.116,-0.132,-0.898,0.000,0.000,0.000,-0.378, 0.053, 2.155;
2.637,0.023,0.183,0.023,0.183,-0.116,-0.132,-0.898,0.000,0.000,0.000,-0.377, 0.046, 2.155;
2.648,0.025,0.180,0.025,0.180,-0.116,-0.132,-0.898,0.000,0.000,0.000,-0.375, 0.039, 2.155;
2.659,0.028,0.177,0.028,0.177,-0.116,-0.132,-0.898,0.000,0.000,0.000,-0.374, 0.032, 2.155;
2.670,0.030,0.173,0.030,0.173,-0.116,-0.132,-0.898,0.000,0.000,0.000,-0.373, 0.026, 2.155;
2.681,0.032,0.170,0.032,0.170,-0.116,-0.132,-0.898,0.000,0.000,0.000,-0.371, 0.019, 2.155;
2.692,0.034,0.166,0.034,0.166,-0.116,-0.132,-0.898,0.000,0.000,0.000,-0.369, 0.012, 2.155;
2.714,0.038,0.159,0.038,0.159,-0.116,-0.132,-0.898,0.000,0.000,0.000,-0.366,-0.001, 2.155;
2.725,0.040,0.156,0.040,0.156,-0.116,-0.132,-0.898,0.000,0.000,0.000,-0.364,-0.008, 2.155;
2.736,0.042,0.152,0.042,0.152,-0.116,-0.132,-0.898,0.000,0.000,0.000,-0.362,-0.015, 2.155;
2.748,0.044,0.148,0.044,0.148,-0.116,-0.132,-0.898,0.000,0.000,0.000,-0.360,-0.021, 2.155;
2.759,0.046,0.145,0.046,0.145,-0.116,-0.132,-0.898,0.000,0.000,0.000,-0.358,-0.028, 2.155;
2.770,0.048,0.141,0.048,0.141,-0.116,-0.132,-0.898,0.000,0.000,0.000,-0.355,-0.035, 2.155;
2.781,0.050,0.137,0.050,0.137,-0.116,-0.132,-0.898,0.000,0.000,0.000,-0.353,-0.041, 2.155;
2.792,0.051,0.133,0.051,0.133,-0.116,-0.132,-0.898,0.000,0.000,0.000,-0.351,-0.048, 2.155;
2.803,0.053,0.130,0.053,0.130,-0.116,-0.132,-0.898,0.000,0.000,0.000,-0.348,-0.054, 2.155;
2.824,0.056,0.122,0.056,0.122,-0.116,-0.132,-0.898,0.000,0.000,0.000,-0.343,-0.066, 2.155;
2.835,0.057,0.119,0.057,0.119,-0.116,-0.132,-0.898,0.000,0.000,0.000,-0.340,-0.073, 2.155;
2.847,0.059,0.115,0.059,0.115,-0.116,-0.132,-0.898,0.000,0.000,0.000,-0.337,-0.079, 2.155;
2.858,0.060,0.111,0.060,0.111,-0.116,-0.132,-0.898,0.000,0.000,0.000,-0.334,-0.086, 2.155;
2.869,0.062,0.107,0.062,0.107,-0.116,-0.132,-0.898,0.000,0.000,0.000,-0.331,-0.092, 2.155;
2.883,0.063,0.102,0.063,0.102,-0.116,-0.132,-0.898,0.000,0.000,0.000,-0.327,-0.100, 2.155;
2.894,0.064,0.098,0.064,0.098,-0.116,-0.132,-0.898,0.000,0.000,0.000,-0.324,-0.106, 2.155;
2.907,0.066,0.093,0.066,0.093,-0.116,-0.132,-0.898,0.000,0.000,0.000,-0.320,-0.113, 2.155;
2.919,0.067,0.089,0.067,0.089,-0.116,-0.132,-0.898,0.000,0.000,0.000,-0.316,-0.119, 2.155;
2.931,0.068,0.085,0.068,0.085,-0.116,-0.132,-0.898,0.000,0.000,0.000,-0.312,-0.126, 2.155;
2.942,0.069,0.081,0.069,0.081,-0.116,-0.132,-0.898,0.000,0.000,0.000,-0.309,-0.132, 2.155;
2.954,0.070,0.077,0.070,0.077,-0.116,-0.132,-0.898,0.000,0.000,0.000,-0.305,-0.138, 2.155;
2.967,0.071,0.072,0.071,0.072,-0.116,-0.132,-0.898,0.000,0.000,0.000,-0.300,-0.145, 2.155;
2.977,0.072,0.068,0.072,0.068,-0.116,-0.132,-0.898,0.000,0.000,0.000,-0.297,-0.151, 2.155;
2.989,0.072,0.064,0.072,0.064,-0.116,-0.132,-0.898,0.000,0.000,0.000,-0.293,-0.156, 2.155;
3.002,0.073,0.059,0.073,0.059,-0.116,-0.132,-0.898,0.000,0.000,0.000,-0.288,-0.163, 2.155;
3.012,0.074,0.055,0.074,0.055,-0.116,-0.132,-0.898,0.000,0.000,0.000,-0.284,-0.169, 2.155;
3.024,0.074,0.051,0.074,0.051,-0.116,-0.132,-0.898,0.000,0.000,0.000,-0.279,-0.174, 2.155;
3.036,0.075,0.047,0.075,0.047,-0.116,-0.132,-0.898,0.000,0.000,0.000,-0.275,-0.180, 2.155;
3.047,0.075,0.043,0.075,0.043,-0.116,-0.132,-0.898,0.000,0.000,0.000,-0.270,-0.186, 2.155;
3.069,0.076,0.035,0.076,0.035,-0.116,-0.132,-0.898,0.000,0.000,0.000,-0.262,-0.196, 2.155;
3.075,0.076,0.032,0.076,0.032,-0.116,-0.132,-0.898,0.000,0.000,0.000,-0.259,-0.199, 2.155;
3.086,0.076,0.028,0.076,0.028,-0.116,-0.132,-0.898,0.000,0.000,0.000,-0.254,-0.204, 2.155;
3.098,0.076,0.024,0.076,0.024,-0.116,-0.132,-0.898,0.000,0.000,0.000,-0.249,-0.210, 2.155;
3.109,0.077,0.020,0.077,0.020,-0.116,-0.132,-0.898,0.000,0.000,0.000,-0.244,-0.215, 2.155;
3.121,0.077,0.015,0.077,0.015,-0.116,-0.132,-0.898,0.000,0.000,0.000,-0.239,-0.220, 2.155;
3.143,0.077,0.007,0.077,0.007,-0.116,-0.132,-0.898,0.000,0.000,0.000,-0.230,-0.230, 2.155;
3.146,0.077,0.006,0.077,0.006,-0.116,-0.132,-0.898,0.000,0.000,0.000,-0.228,-0.231, 2.155;
3.157,0.076,0.002,0.076,0.002,-0.116,-0.132,-0.898,0.000,0.000,0.000,-0.223,-0.236, 2.155;
3.178,0.076,-0.006,0.076,-0.006,-0.116,-0.132,-0.898,0.000,0.000,0.000,-0.213,-0.245, 2.155;
3.190,0.076,-0.010,0.076,-0.010,-0.116,-0.132,-0.898,0.000,0.000,0.000,-0.207,-0.250, 2.155;
3.202,0.075,-0.015,0.075,-0.015,-0.116,-0.132,-0.898,0.000,0.000,0.000,-0.202,-0.254, 2.155;
3.213,0.075,-0.019,0.075,-0.019,-0.116,-0.132,-0.898,0.000,0.000,0.000,-0.196,-0.259, 2.155;
3.225,0.074,-0.023,0.074,-0.023,-0.116,-0.132,-0.898,0.000,0.000,0.000,-0.190,-0.263, 2.155;
3.236,0.074,-0.027,0.074,-0.027,-0.116,-0.132,-0.898,0.000,0.000,0.000,-0.185,-0.268, 2.155;
3.248,0.073,-0.032,0.073,-0.032,-0.116,-0.132,-0.898,0.000,0.000,0.000,-0.179,-0.272, 2.155;
3.260,0.072,-0.036,0.072,-0.036,-0.116,-0.132,-0.898,0.000,0.000,0.000,-0.173,-0.276, 2.155;
3.271,0.072,-0.040,0.072,-0.040,-0.116,-0.132,-0.898,0.000,0.000,0.000,-0.167,-0.281, 2.155;
3.283,0.071,-0.044,0.071,-0.044,-0.116,-0.132,-0.898,0.000,0.000,0.000,-0.161,-0.285, 2.155;
3.294,0.070,-0.048,0.070,-0.048,-0.116,-0.132,-0.898,0.000,0.000,0.000,-0.155,-0.289, 2.155;
3.306,0.069,-0.053,0.069,-0.053,-0.116,-0.132,-0.898,0.000,0.000,0.000,-0.148,-0.293, 2.155;
3.318,0.068,-0.057,0.068,-0.057,-0.116,-0.132,-0.898,0.000,0.000,0.000,-0.142,-0.296, 2.155;
3.329,0.067,-0.061,0.067,-0.061,-0.116,-0.132,-0.898,0.000,0.000,0.000,-0.136,-0.300, 2.155;
3.341,0.066,-0.065,0.066,-0.065,-0.116,-0.132,-0.898,0.000,0.000,0.000,-0.130,-0.304, 2.155;
3.353,0.065,-0.069,0.065,-0.069,-0.116,-0.132,-0.898,0.000,0.000,0.000,-0.123,-0.307, 2.155;
3.374,0.062,-0.077,0.062,-0.077,-0.116,-0.132,-0.898,0.000,0.000,0.000,-0.111,-0.314, 2.155;
3.388,0.061,-0.082,0.061,-0.082,-0.116,-0.132,-0.898,0.000,0.000,0.000,-0.104,-0.317, 2.155;
3.393,0.060,-0.083,0.060,-0.083,-0.116,-0.132,-0.898,0.000,0.000,0.000,-0.101,-0.319, 2.155;
3.403,0.059,-0.087,0.059,-0.087,-0.116,-0.132,-0.898,0.000,0.000,0.000,-0.095,-0.321, 2.155;
3.414,0.057,-0.091,0.057,-0.091,-0.116,-0.132,-0.898,0.000,0.000,0.000,-0.089,-0.324, 2.155;
3.436,0.054,-0.098,0.054,-0.098,-0.116,-0.132,-0.898,0.000,0.000,0.000,-0.076,-0.330, 2.155;
3.448,0.053,-0.103,0.053,-0.103,-0.116,-0.132,-0.898,0.000,0.000,0.000,-0.069,-0.333, 2.155;
3.451,0.052,-0.104,0.052,-0.104,-0.116,-0.132,-0.898,0.000,0.000,0.000,-0.068,-0.333, 2.155;
3.472,0.049,-0.111,0.049,-0.111,-0.116,-0.132,-0.898,0.000,0.000,0.000,-0.055,-0.338, 2.155;
3.484,0.047,-0.115,0.047,-0.115,-0.116,-0.132,-0.898,0.000,0.000,0.000,-0.048,-0.341, 2.155;
3.497,0.045,-0.119,0.045,-0.119,-0.116,-0.132,-0.898,0.000,0.000,0.000,-0.040,-0.343, 2.155;
3.509,0.043,-0.123,0.043,-0.123,-0.116,-0.132,-0.898,0.000,0.000,0.000,-0.033,-0.346, 2.155;
3.521,0.041,-0.127,0.041,-0.127,-0.116,-0.132,-0.898,0.000,0.000,0.000,-0.026,-0.348, 2.155;
3.533,0.039,-0.131,0.039,-0.131,-0.116,-0.132,-0.898,0.000,0.000,0.000,-0.019,-0.350, 2.155;
3.545,0.037,-0.135,0.037,-0.135,-0.116,-0.132,-0.898,0.000,0.000,0.000,-0.011,-0.352, 2.155;
3.557,0.034,-0.138,0.034,-0.138,-0.116,-0.132,-0.898,0.000,0.000,0.000,-0.004,-0.354, 2.155;
3.569,0.032,-0.142,0.032,-0.142,-0.116,-0.132,-0.898,0.000,0.000,0.000, 0.003,-0.355, 2.155;
3.582,0.029,-0.146,0.029,-0.146,-0.116,-0.132,-0.898,0.000,0.000,0.000, 0.011,-0.357, 2.155;
3.595,0.027,-0.150,0.027,-0.150,-0.116,-0.132,-0.898,0.000,0.000,0.000, 0.019,-0.359, 2.155;
3.607,0.024,-0.154,0.024,-0.154,-0.116,-0.132,-0.898,0.000,0.000,0.000, 0.027,-0.360, 2.155;
3.619,0.022,-0.158,0.022,-0.158,-0.116,-0.132,-0.898,0.000,0.000,0.000, 0.034,-0.362, 2.155;
3.624,0.021,-0.159,0.021,-0.159,-0.116,-0.132,-0.898,0.000,0.000,0.000, 0.037,-0.362, 2.155;
3.635,0.018,-0.162,0.018,-0.162,-0.116,-0.132,-0.898,0.000,0.000,0.000, 0.044,-0.363, 2.155;
3.646,0.016,-0.166,0.016,-0.166,-0.116,-0.132,-0.898,0.000,0.000,0.000, 0.051,-0.364, 2.155;
3.668,0.011,-0.172,0.011,-0.172,-0.116,-0.132,-0.898,0.000,0.000,0.000, 0.065,-0.366, 2.155;
3.681,0.008,-0.176,0.008,-0.176,-0.116,-0.132,-0.898,0.000,0.000,0.000, 0.073,-0.366, 2.155;
3.685,0.007,-0.177,0.007,-0.177,-0.116,-0.132,-0.898,0.000,0.000,0.000, 0.075,-0.367, 2.155;
3.695,0.004,-0.180,0.004,-0.180,-0.116,-0.132,-0.898,0.000,0.000,0.000, 0.082,-0.367, 2.155;
3.717,-0.001,-0.186,-0.001,-0.186,-0.116,-0.132,-0.898,0.000,0.000,0.000, 0.095,-0.368, 2.155;
3.729,-0.004,-0.189,-0.004,-0.189,-0.116,-0.132,-0.898,0.000,0.000,0.000, 0.103,-0.368, 2.155;
3.741,-0.007,-0.192,-0.007,-0.192,-0.116,-0.132,-0.898,0.000,0.000,0.000, 0.111,-0.368, 2.155;
3.754,-0.011,-0.195,-0.011,-0.195,-0.116,-0.132,-0.898,0.000,0.000,0.000, 0.118,-0.368, 2.155;
3.765,-0.014,-0.199,-0.014,-0.199,-0.116,-0.132,-0.898,0.000,0.000,0.000, 0.126,-0.368, 2.155;
3.777,-0.017,-0.201,-0.017,-0.201,-0.116,-0.132,-0.898,0.000,0.000,0.000, 0.133,-0.368, 2.155;
3.789,-0.020,-0.205,-0.020,-0.205,-0.116,-0.132,-0.898,0.000,0.000,0.000, 0.141,-0.368, 2.155;
3.802,-0.024,-0.208,-0.024,-0.208,-0.116,-0.132,-0.898,0.000,0.000,0.000, 0.148,-0.367, 2.155;
3.813,-0.027,-0.210,-0.027,-0.210,-0.116,-0.132,-0.898,0.000,0.000,0.000, 0.156,-0.367, 2.155;
3.825,-0.030,-0.213,-0.030,-0.213,-0.116,-0.132,-0.898,0.000,0.000,0.000, 0.163,-0.366, 2.155;
3.837,-0.034,-0.216,-0.034,-0.216,-0.116,-0.132,-0.898,0.000,0.000,0.000, 0.171,-0.365, 2.155;
3.849,-0.037,-0.219,-0.037,-0.219,-0.116,-0.132,-0.898,0.000,0.000,0.000, 0.178,-0.364, 2.155;
3.860,-0.040,-0.221,-0.040,-0.221,-0.116,-0.132,-0.898,0.000,0.000,0.000, 0.185,-0.364, 2.155;
3.872,-0.044,-0.224,-0.044,-0.224,-0.116,-0.132,-0.898,0.000,0.000,0.000, 0.192,-0.362, 2.155;
3.883,-0.047,-0.226,-0.047,-0.226,-0.116,-0.132,-0.898,0.000,0.000,0.000, 0.199,-0.361, 2.155;
3.893,-0.050,-0.229,-0.050,-0.229,-0.116,-0.132,-0.898,0.000,0.000,0.000, 0.206,-0.360, 2.155;
3.905,-0.054,-0.231,-0.054,-0.231,-0.116,-0.132,-0.898,0.000,0.000,0.000, 0.213,-0.359, 2.155;
3.916,-0.057,-0.233,-0.057,-0.233,-0.116,-0.132,-0.898,0.000,0.000,0.000, 0.220,-0.357, 2.155;
3.927,-0.061,-0.235,-0.061,-0.235,-0.116,-0.132,-0.898,0.000,0.000,0.000, 0.226,-0.356, 2.155;
3.948,-0.067,-0.239,-0.067,-0.239,-0.116,-0.132,-0.898,0.000,0.000,0.000, 0.239,-0.353, 2.155;
3.960,-0.071,-0.242,-0.071,-0.242,-0.116,-0.132,-0.898,0.000,0.000,0.000, 0.246,-0.351, 2.155;
3.972,-0.075,-0.244,-0.075,-0.244,-0.116,-0.132,-0.898,0.000,0.000,0.000, 0.253,-0.349, 2.155;
3.983,-0.079,-0.246,-0.079,-0.246,-0.116,-0.132,-0.898,0.000,0.000,0.000, 0.260,-0.347, 2.155;
3.995,-0.082,-0.248,-0.082,-0.248,-0.116,-0.132,-0.898,0.000,0.000,0.000, 0.267,-0.345, 2.155;
4.006,-0.086,-0.250,-0.086,-0.250,-0.116,-0.132,-0.898,0.000,0.000,0.000, 0.274,-0.343, 2.155;
4.018,-0.090,-0.252,-0.090,-0.252,-0.116,-0.132,-0.898,0.000,0.000,0.000, 0.281,-0.340, 2.155;
4.030,-0.094,-0.254,-0.094,-0.254,-0.116,-0.132,-0.898,0.000,0.000,0.000, 0.288,-0.338, 2.155;
4.041,-0.098,-0.255,-0.098,-0.255,-0.116,-0.132,-0.898,0.000,0.000,0.000, 0.295,-0.335, 2.155;
4.052,-0.102,-0.257,-0.102,-0.257,-0.116,-0.132,-0.898,0.000,0.000,0.000, 0.301,-0.333, 2.155;
4.063,-0.105,-0.258,-0.105,-0.258,-0.116,-0.132,-0.898,0.000,0.000,0.000, 0.308,-0.330, 2.155;
4.074,-0.109,-0.260,-0.109,-0.260,-0.116,-0.132,-0.898,0.000,0.000,0.000, 0.314,-0.327, 2.155;
4.097,-0.117,-0.263,-0.117,-0.263,-0.116,-0.132,-0.898,0.000,0.000,0.000, 0.327,-0.321, 2.155;
4.101,-0.118,-0.263,-0.118,-0.263,-0.116,-0.132,-0.898,0.000,0.000,0.000, 0.329,-0.321, 2.155;
4.112,-0.122,-0.265,-0.122,-0.265,-0.116,-0.132,-0.898,0.000,0.000,0.000, 0.336,-0.317, 2.155;
4.124,-0.126,-0.266,-0.126,-0.266,-0.116,-0.132,-0.898,0.000,0.000,0.000, 0.342,-0.314, 2.155;
4.135,-0.130,-0.268,-0.130,-0.268,-0.116,-0.132,-0.898,0.000,0.000,0.000, 0.349,-0.311, 2.155;
4.157,-0.138,-0.270,-0.138,-0.270,-0.116,-0.132,-0.898,0.000,0.000,0.000, 0.361,-0.304, 2.155;
4.169,-0.143,-0.271,-0.143,-0.271,-0.116,-0.132,-0.898,0.000,0.000,0.000, 0.367,-0.301, 2.155;
4.180,-0.146,-0.272,-0.146,-0.272,-0.116,-0.132,-0.898,0.000,0.000,0.000, 0.373,-0.297, 2.155;
4.193,-0.151,-0.273,-0.151,-0.273,-0.116,-0.132,-0.898,0.000,0.000,0.000, 0.380,-0.293, 2.155;
4.205,-0.156,-0.274,-0.156,-0.274,-0.116,-0.132,-0.898,0.000,0.000,0.000, 0.387,-0.289, 2.155;
4.217,-0.160,-0.275,-0.160,-0.275,-0.116,-0.132,-0.898,0.000,0.000,0.000, 0.393,-0.285, 2.155;
4.229,-0.164,-0.276,-0.164,-0.276,-0.116,-0.132,-0.898,0.000,0.000,0.000, 0.399,-0.280, 2.155;
4.241,-0.169,-0.277,-0.169,-0.277,-0.116,-0.132,-0.898,0.000,0.000,0.000, 0.406,-0.276, 2.155;
4.254,-0.173,-0.277,-0.173,-0.277,-0.116,-0.132,-0.898,0.000,0.000,0.000, 0.412,-0.271, 2.155;
4.266,-0.178,-0.278,-0.178,-0.278,-0.116,-0.132,-0.898,0.000,0.000,0.000, 0.418,-0.267, 2.155;
4.278,-0.182,-0.279,-0.182,-0.279,-0.116,-0.132,-0.898,0.000,0.000,0.000, 0.424,-0.262, 2.155;
4.291,-0.187,-0.279,-0.187,-0.279,-0.116,-0.132,-0.898,0.000,0.000,0.000, 0.431,-0.257, 2.155;
4.295,-0.188,-0.279,-0.188,-0.279,-0.116,-0.132,-0.898,0.000,0.000,0.000, 0.432,-0.256, 2.155;
4.316,-0.196,-0.280,-0.196,-0.280,-0.116,-0.132,-0.898,0.000,0.000,0.000, 0.443,-0.247, 2.155;
4.328,-0.201,-0.280,-0.201,-0.280,-0.116,-0.132,-0.898,0.000,0.000,0.000, 0.448,-0.242, 2.155;
4.340,-0.205,-0.281,-0.205,-0.281,-0.116,-0.132,-0.898,0.000,0.000,0.000, 0.454,-0.237, 2.155;
4.352,-0.210,-0.281,-0.210,-0.281,-0.116,-0.132,-0.898,0.000,0.000,0.000, 0.459,-0.232, 2.155;
4.356,-0.211,-0.281,-0.211,-0.281,-0.116,-0.132,-0.898,0.000,0.000,0.000, 0.461,-0.230, 2.155;
4.367,-0.215,-0.281,-0.215,-0.281,-0.116,-0.132,-0.898,0.000,0.000,0.000, 0.466,-0.225, 2.155;
4.390,-0.223,-0.281,-0.223,-0.281,-0.116,-0.132,-0.898,0.000,0.000,0.000, 0.476,-0.215, 2.155;
4.402,-0.228,-0.281,-0.228,-0.281,-0.116,-0.132,-0.898,0.000,0.000,0.000, 0.481,-0.210, 2.155;
4.414,-0.232,-0.280,-0.232,-0.280,-0.116,-0.132,-0.898,0.000,0.000,0.000, 0.486,-0.204, 2.155;
4.426,-0.237,-0.280,-0.237,-0.280,-0.116,-0.132,-0.898,0.000,0.000,0.000, 0.491,-0.199, 2.155;
4.438,-0.241,-0.280,-0.241,-0.280,-0.116,-0.132,-0.898,0.000,0.000,0.000, 0.496,-0.193, 2.155;
4.451,-0.246,-0.279,-0.246,-0.279,-0.116,-0.132,-0.898,0.000,0.000,0.000, 0.502,-0.187, 2.155;
4.455,-0.247,-0.279,-0.247,-0.279,-0.116,-0.132,-0.898,0.000,0.000,0.000, 0.503,-0.185, 2.155;
4.466,-0.251,-0.279,-0.251,-0.279,-0.116,-0.132,-0.898,0.000,0.000,0.000, 0.508,-0.179, 2.155;
4.488,-0.260,-0.278,-0.260,-0.278,-0.116,-0.132,-0.898,0.000,0.000,0.000, 0.516,-0.168, 2.155;
4.491,-0.261,-0.278,-0.261,-0.278,-0.116,-0.132,-0.898,0.000,0.000,0.000, 0.517,-0.167, 2.155;
4.502,-0.265,-0.277,-0.265,-0.277,-0.116,-0.132,-0.898,0.000,0.000,0.000, 0.521,-0.161, 2.155;
4.515,-0.269,-0.276,-0.269,-0.276,-0.116,-0.132,-0.898,0.000,0.000,0.000, 0.526,-0.155, 2.155;
4.537,-0.277,-0.275,-0.277,-0.275,-0.116,-0.132,-0.898,0.000,0.000,0.000, 0.534,-0.143, 2.155;
4.548,-0.282,-0.274,-0.282,-0.274,-0.116,-0.132,-0.898,0.000,0.000,0.000, 0.538,-0.137, 2.155;
4.552,-0.283,-0.274,-0.283,-0.274,-0.116,-0.132,-0.898,0.000,0.000,0.000, 0.539,-0.135, 2.155;
4.573,-0.290,-0.272,-0.290,-0.272,-0.116,-0.132,-0.898,0.000,0.000,0.000, 0.546,-0.124, 2.155;
4.585,-0.295,-0.271,-0.295,-0.271,-0.116,-0.132,-0.898,0.000,0.000,0.000, 0.550,-0.117, 2.155;
4.597,-0.299,-0.269,-0.299,-0.269,-0.116,-0.132,-0.898,0.000,0.000,0.000, 0.553,-0.111, 2.155;
4.609,-0.303,-0.268,-0.303,-0.268,-0.116,-0.132,-0.898,0.000,0.000,0.000, 0.557,-0.104, 2.155;
4.622,-0.308,-0.267,-0.308,-0.267,-0.116,-0.132,-0.898,0.000,0.000,0.000, 0.561,-0.097, 2.155;
4.625,-0.309,-0.266,-0.309,-0.266,-0.116,-0.132,-0.898,0.000,0.000,0.000, 0.562,-0.095, 2.155;
4.647,-0.316,-0.264,-0.316,-0.264,-0.116,-0.132,-0.898,0.000,0.000,0.000, 0.568,-0.083, 2.155;
4.651,-0.318,-0.263,-0.318,-0.263,-0.116,-0.132,-0.898,0.000,0.000,0.000, 0.569,-0.081, 2.155;
4.662,-0.322,-0.262,-0.322,-0.262,-0.116,-0.132,-0.898,0.000,0.000,0.000, 0.572,-0.074, 2.155;
4.673,-0.326,-0.260,-0.326,-0.260,-0.116,-0.132,-0.898,0.000,0.000,0.000, 0.575,-0.068, 2.155;
4.695,-0.333,-0.257,-0.333,-0.257,-0.116,-0.132,-0.898,0.000,0.000,0.000, 0.580,-0.055, 2.155;
4.708,-0.337,-0.255,-0.337,-0.255,-0.116,-0.132,-0.898,0.000,0.000,0.000, 0.583,-0.048, 2.155;
4.713,-0.339,-0.255,-0.339,-0.255,-0.116,-0.132,-0.898,0.000,0.000,0.000, 0.584,-0.045, 2.155;
4.724,-0.343,-0.253,-0.343,-0.253,-0.116,-0.132,-0.898,0.000,0.000,0.000, 0.586,-0.038, 2.155;
4.735,-0.347,-0.251,-0.347,-0.251,-0.116,-0.132,-0.898,0.000,0.000,0.000, 0.589,-0.032, 2.155;
4.747,-0.351,-0.249,-0.351,-0.249,-0.116,-0.132,-0.898,0.000,0.000,0.000, 0.591,-0.025, 2.155;
4.768,-0.358,-0.246,-0.358,-0.246,-0.116,-0.132,-0.898,0.000,0.000,0.000, 0.595,-0.012, 2.155;
4.780,-0.361,-0.243,-0.361,-0.243,-0.116,-0.132,-0.898,0.000,0.000,0.000, 0.597,-0.005, 2.155;
4.792,-0.365,-0.241,-0.365,-0.241,-0.116,-0.132,-0.898,0.000,0.000,0.000, 0.599, 0.002, 2.155;
4.804,-0.369,-0.239,-0.369,-0.239,-0.116,-0.132,-0.898,0.000,0.000,0.000, 0.601, 0.010, 2.155;
4.816,-0.373,-0.237,-0.373,-0.237,-0.116,-0.132,-0.898,0.000,0.000,0.000, 0.603, 0.017, 2.155;
4.828,-0.377,-0.234,-0.377,-0.234,-0.116,-0.132,-0.898,0.000,0.000,0.000, 0.604, 0.025, 2.155;
4.842,-0.381,-0.232,-0.381,-0.232,-0.116,-0.132,-0.898,0.000,0.000,0.000, 0.606, 0.033, 2.155;
4.845,-0.382,-0.231,-0.382,-0.231,-0.116,-0.132,-0.898,0.000,0.000,0.000, 0.607, 0.035, 2.155;
4.856,-0.385,-0.229,-0.385,-0.229,-0.116,-0.132,-0.898,0.000,0.000,0.000, 0.608, 0.042, 2.155;
4.878,-0.392,-0.224,-0.392,-0.224,-0.116,-0.132,-0.898,0.000,0.000,0.000, 0.610, 0.055, 2.155;
4.890,-0.396,-0.221,-0.396,-0.221,-0.116,-0.132,-0.898,0.000,0.000,0.000, 0.611, 0.063, 2.155;
4.904,-0.400,-0.218,-0.400,-0.218,-0.116,-0.132,-0.898,0.000,0.000,0.000, 0.612, 0.071, 2.155;
4.908,-0.401,-0.217,-0.401,-0.217,-0.116,-0.132,-0.898,0.000,0.000,0.000, 0.613, 0.074, 2.155;
4.920,-0.404,-0.214,-0.404,-0.214,-0.116,-0.132,-0.898,0.000,0.000,0.000, 0.614, 0.081, 2.155;
4.931,-0.407,-0.212,-0.407,-0.212,-0.116,-0.132,-0.898,0.000,0.000,0.000, 0.614, 0.089, 2.155;
4.943,-0.411,-0.209,-0.411,-0.209,-0.116,-0.132,-0.898,0.000,0.000,0.000, 0.615, 0.096, 2.155;
4.955,-0.414,-0.206,-0.414,-0.206,-0.116,-0.132,-0.898,0.000,0.000,0.000, 0.615, 0.104, 2.155;
4.966,-0.417,-0.203,-0.417,-0.203,-0.116,-0.132,-0.898,0.000,0.000,0.000, 0.616, 0.111, 2.155;
4.988,-0.423,-0.198,-0.423,-0.198,-0.116,-0.132,-0.898,0.000,0.000,0.000, 0.616, 0.124, 2.155;
5.001,-0.426,-0.194,-0.426,-0.194,-0.116,-0.132,-0.898,0.000,0.000,0.000, 0.616, 0.132, 2.155;
5.012,-0.429,-0.191,-0.429,-0.191,-0.116,-0.132,-0.898,0.000,0.000,0.000, 0.616, 0.140, 2.155;
5.024,-0.432,-0.188,-0.432,-0.188,-0.116,-0.132,-0.898,0.000,0.000,0.000, 0.616, 0.147, 2.155;
5.036,-0.435,-0.185,-0.435,-0.185,-0.116,-0.132,-0.898,0.000,0.000,0.000, 0.616, 0.154, 2.155;
5.048,-0.438,-0.182,-0.438,-0.182,-0.116,-0.132,-0.898,0.000,0.000,0.000, 0.615, 0.162, 2.155;
5.060,-0.441,-0.178,-0.441,-0.178,-0.116,-0.132,-0.898,0.000,0.000,0.000, 0.615, 0.169, 2.155;
5.072,-0.444,-0.175,-0.444,-0.175,-0.116,-0.132,-0.898,0.000,0.000,0.000, 0.614, 0.177, 2.155;
5.084,-0.447,-0.172,-0.447,-0.172,-0.116,-0.132,-0.898,0.000,0.000,0.000, 0.613, 0.184, 2.155;
5.096,-0.450,-0.168,-0.450,-0.168,-0.116,-0.132,-0.898,0.000,0.000,0.000, 0.612, 0.192, 2.155;
5.107,-0.452,-0.165,-0.452,-0.165,-0.116,-0.132,-0.898,0.000,0.000,0.000, 0.612, 0.199, 2.155;
5.118,-0.455,-0.161,-0.455,-0.161,-0.116,-0.132,-0.898,0.000,0.000,0.000, 0.611, 0.206, 2.155;
5.129,-0.457,-0.158,-0.457,-0.158,-0.116,-0.132,-0.898,0.000,0.000,0.000, 0.610, 0.212, 2.155;
5.140,-0.459,-0.155,-0.459,-0.155,-0.116,-0.132,-0.898,0.000,0.000,0.000, 0.608, 0.219, 2.155;
5.151,-0.462,-0.152,-0.462,-0.152,-0.116,-0.132,-0.898,0.000,0.000,0.000, 0.607, 0.226, 2.155;
5.172,-0.466,-0.145,-0.466,-0.145,-0.116,-0.132,-0.898,0.000,0.000,0.000, 0.604, 0.239, 2.155;
5.183,-0.468,-0.142,-0.468,-0.142,-0.116,-0.132,-0.898,0.000,0.000,0.000, 0.603, 0.246, 2.155;
5.194,-0.470,-0.138,-0.470,-0.138,-0.116,-0.132,-0.898,0.000,0.000,0.000, 0.601, 0.252, 2.155;
5.206,-0.473,-0.134,-0.473,-0.134,-0.116,-0.132,-0.898,0.000,0.000,0.000, 0.599, 0.260, 2.155;
5.217,-0.475,-0.131,-0.475,-0.131,-0.116,-0.132,-0.898,0.000,0.000,0.000, 0.598, 0.267, 2.155;
5.229,-0.477,-0.127,-0.477,-0.127,-0.116,-0.132,-0.898,0.000,0.000,0.000, 0.596, 0.273, 2.155;
5.240,-0.479,-0.123,-0.479,-0.123,-0.116,-0.132,-0.898,0.000,0.000,0.000, 0.594, 0.280, 2.155;
5.251,-0.481,-0.120,-0.481,-0.120,-0.116,-0.132,-0.898,0.000,0.000,0.000, 0.591, 0.287, 2.155;
5.262,-0.482,-0.116,-0.482,-0.116,-0.116,-0.132,-0.898,0.000,0.000,0.000, 0.589, 0.294, 2.155;
5.273,-0.484,-0.112,-0.484,-0.112,-0.116,-0.132,-0.898,0.000,0.000,0.000, 0.587, 0.300, 2.155;
5.284,-0.486,-0.109,-0.486,-0.109,-0.116,-0.132,-0.898,0.000,0.000,0.000, 0.585, 0.306, 2.155;
5.306,-0.489,-0.101,-0.489,-0.101,-0.116,-0.132,-0.898,0.000,0.000,0.000, 0.580, 0.319, 2.155;
5.320,-0.491,-0.097,-0.491,-0.097,-0.116,-0.132,-0.898,0.000,0.000,0.000, 0.576, 0.327, 2.155;
5.326,-0.492,-0.094,-0.492,-0.094,-0.116,-0.132,-0.898,0.000,0.000,0.000, 0.575, 0.331, 2.155;
5.335,-0.493,-0.091,-0.493,-0.091,-0.116,-0.132,-0.898,0.000,0.000,0.000, 0.572, 0.336, 2.155;
5.346,-0.495,-0.087,-0.495,-0.087,-0.116,-0.132,-0.898,0.000,0.000,0.000, 0.570, 0.342, 2.155;
5.368,-0.497,-0.080,-0.497,-0.080,-0.116,-0.132,-0.898,0.000,0.000,0.000, 0.564, 0.355, 2.155;
5.371,-0.498,-0.079,-0.498,-0.079,-0.116,-0.132,-0.898,0.000,0.000,0.000, 0.563, 0.356, 2.155;
5.383,-0.499,-0.074,-0.499,-0.074,-0.116,-0.132,-0.898,0.000,0.000,0.000, 0.559, 0.363, 2.155;
5.395,-0.500,-0.070,-0.500,-0.070,-0.116,-0.132,-0.898,0.000,0.000,0.000, 0.556, 0.370, 2.155;
5.417,-0.502,-0.062,-0.502,-0.062,-0.116,-0.132,-0.898,0.000,0.000,0.000, 0.549, 0.382, 2.155;
5.423,-0.503,-0.060,-0.503,-0.060,-0.116,-0.132,-0.898,0.000,0.000,0.000, 0.547, 0.385, 2.155;
5.431,-0.504,-0.057,-0.504,-0.057,-0.116,-0.132,-0.898,0.000,0.000,0.000, 0.545, 0.389, 2.155;
5.452,-0.506,-0.050,-0.506,-0.050,-0.116,-0.132,-0.898,0.000,0.000,0.000, 0.537, 0.401, 2.155;
5.465,-0.506,-0.045,-0.506,-0.045,-0.116,-0.132,-0.898,0.000,0.000,0.000, 0.533, 0.407, 2.155;
5.476,-0.507,-0.041,-0.507,-0.041,-0.116,-0.132,-0.898,0.000,0.000,0.000, 0.529, 0.414, 2.155;
5.488,-0.508,-0.037,-0.508,-0.037,-0.116,-0.132,-0.898,0.000,0.000,0.000, 0.525, 0.419, 2.155;
5.500,-0.509,-0.033,-0.509,-0.033,-0.116,-0.132,-0.898,0.000,0.000,0.000, 0.521, 0.425, 2.155;
5.513,-0.510,-0.028,-0.510,-0.028,-0.116,-0.132,-0.898,0.000,0.000,0.000, 0.516, 0.432, 2.155;
5.524,-0.510,-0.023,-0.510,-0.023,-0.116,-0.132,-0.898,0.000,0.000,0.000, 0.511, 0.438, 2.155;
5.536,-0.511,-0.019,-0.511,-0.019,-0.116,-0.132,-0.898,0.000,0.000,0.000, 0.507, 0.444, 2.155;
5.548,-0.511,-0.015,-0.511,-0.015,-0.116,-0.132,-0.898,0.000,0.000,0.000, 0.502, 0.449, 2.155;
5.560,-0.511,-0.010,-0.511,-0.010,-0.116,-0.132,-0.898,0.000,0.000,0.000, 0.497, 0.455, 2.155;
5.571,-0.512,-0.006,-0.512,-0.006,-0.116,-0.132,-0.898,0.000,0.000,0.000, 0.493, 0.461, 2.155;
5.582,-0.512,-0.002,-0.512,-0.002,-0.116,-0.132,-0.898,0.000,0.000,0.000, 0.488, 0.466, 2.155;
5.593,-0.512,0.002,-0.512,0.002,-0.116,-0.132,-0.898,0.000,0.000,0.000, 0.483, 0.471, 2.155;
5.604,-0.512,0.006,-0.512,0.006,-0.116,-0.132,-0.898,0.000,0.000,0.000, 0.479, 0.476, 2.155;
5.615,-0.512,0.010,-0.512,0.010,-0.116,-0.132,-0.898,0.000,0.000,0.000, 0.474, 0.481, 2.155;
5.637,-0.512,0.018,-0.512,0.018,-0.116,-0.132,-0.898,0.000,0.000,0.000, 0.464, 0.491, 2.155;
5.640,-0.512,0.019,-0.512,0.019,-0.116,-0.132,-0.898,0.000,0.000,0.000, 0.463, 0.492, 2.155;
5.661,-0.512,0.027,-0.512,0.027,-0.116,-0.132,-0.898,0.000,0.000,0.000, 0.453, 0.501, 2.155;
5.672,-0.512,0.031,-0.512,0.031,-0.116,-0.132,-0.898,0.000,0.000,0.000, 0.448, 0.505, 2.155;
5.683,-0.512,0.035,-0.512,0.035,-0.116,-0.132,-0.898,0.000,0.000,0.000, 0.443, 0.510, 2.155;
5.694,-0.511,0.039,-0.511,0.039,-0.116,-0.132,-0.898,0.000,0.000,0.000, 0.438, 0.515, 2.155;
5.706,-0.511,0.044,-0.511,0.044,-0.116,-0.132,-0.898,0.000,0.000,0.000, 0.432, 0.519, 2.155;
5.718,-0.510,0.048,-0.510,0.048,-0.116,-0.132,-0.898,0.000,0.000,0.000, 0.426, 0.524, 2.155;
5.729,-0.510,0.052,-0.510,0.052,-0.116,-0.132,-0.898,0.000,0.000,0.000, 0.421, 0.528, 2.155;
5.740,-0.509,0.056,-0.509,0.056,-0.116,-0.132,-0.898,0.000,0.000,0.000, 0.415, 0.532, 2.155;
5.750,-0.509,0.060,-0.509,0.060,-0.116,-0.132,-0.898,0.000,0.000,0.000, 0.410, 0.536, 2.155;
5.762,-0.508,0.064,-0.508,0.064,-0.116,-0.132,-0.898,0.000,0.000,0.000, 0.404, 0.541, 2.155;
5.773,-0.507,0.068,-0.507,0.068,-0.116,-0.132,-0.898,0.000,0.000,0.000, 0.398, 0.545, 2.155;
5.796,-0.506,0.077,-0.506,0.077,-0.116,-0.132,-0.898,0.000,0.000,0.000, 0.386, 0.553, 2.155;
5.801,-0.505,0.078,-0.505,0.078,-0.116,-0.132,-0.898,0.000,0.000,0.000, 0.383, 0.554, 2.155;
5.811,-0.504,0.082,-0.504,0.082,-0.116,-0.132,-0.898,0.000,0.000,0.000, 0.378, 0.557, 2.155;
5.833,-0.502,0.090,-0.502,0.090,-0.116,-0.132,-0.898,0.000,0.000,0.000, 0.367, 0.564, 2.155;
5.845,-0.501,0.094,-0.501,0.094,-0.116,-0.132,-0.898,0.000,0.000,0.000, 0.360, 0.568, 2.155;
5.857,-0.500,0.098,-0.500,0.098,-0.116,-0.132,-0.898,0.000,0.000,0.000, 0.353, 0.572, 2.155;
5.869,-0.499,0.103,-0.499,0.103,-0.116,-0.132,-0.898,0.000,0.000,0.000, 0.346, 0.576, 2.155;
5.881,-0.497,0.107,-0.497,0.107,-0.116,-0.132,-0.898,0.000,0.000,0.000, 0.340, 0.579, 2.155;
5.894,-0.496,0.111,-0.496,0.111,-0.116,-0.132,-0.898,0.000,0.000,0.000, 0.332, 0.582, 2.155;
5.897,-0.495,0.112,-0.495,0.112,-0.116,-0.132,-0.898,0.000,0.000,0.000, 0.331, 0.583, 2.155;
5.908,-0.494,0.116,-0.494,0.116,-0.116,-0.132,-0.898,0.000,0.000,0.000, 0.325, 0.586, 2.155;
5.930,-0.491,0.124,-0.491,0.124,-0.116,-0.132,-0.898,0.000,0.000,0.000, 0.312, 0.592, 2.155;
5.942,-0.489,0.128,-0.489,0.128,-0.116,-0.132,-0.898,0.000,0.000,0.000, 0.305, 0.595, 2.155;
5.954,-0.488,0.132,-0.488,0.132,-0.116,-0.132,-0.898,0.000,0.000,0.000, 0.298, 0.597, 2.155;
5.966,-0.486,0.136,-0.486,0.136,-0.116,-0.132,-0.898,0.000,0.000,0.000, 0.291, 0.600, 2.155;
5.977,-0.484,0.140,-0.484,0.140,-0.116,-0.132,-0.898,0.000,0.000,0.000, 0.284, 0.603, 2.155;
5.990,-0.482,0.144,-0.482,0.144,-0.116,-0.132,-0.898,0.000,0.000,0.000, 0.277, 0.605, 2.155;
6.003,-0.480,0.148,-0.480,0.148,-0.116,-0.132,-0.898,0.000,0.000,0.000, 0.269, 0.608, 2.155;
6.015,-0.478,0.152,-0.478,0.152,-0.116,-0.132,-0.898,0.000,0.000,0.000, 0.261, 0.610, 2.155;
6.027,-0.476,0.156,-0.476,0.156,-0.116,-0.132,-0.898,0.000,0.000,0.000, 0.254, 0.612, 2.155;
6.039,-0.473,0.160,-0.473,0.160,-0.116,-0.132,-0.898,0.000,0.000,0.000, 0.247, 0.614, 2.155;
6.051,-0.471,0.164,-0.471,0.164,-0.116,-0.132,-0.898,0.000,0.000,0.000, 0.240, 0.616, 2.155;
6.062,-0.469,0.168,-0.469,0.168,-0.116,-0.132,-0.898,0.000,0.000,0.000, 0.233, 0.618, 2.155;
6.075,-0.467,0.171,-0.467,0.171,-0.116,-0.132,-0.898,0.000,0.000,0.000, 0.225, 0.620, 2.155;
6.088,-0.464,0.176,-0.464,0.176,-0.116,-0.132,-0.898,0.000,0.000,0.000, 0.217, 0.621, 2.155;
6.100,-0.462,0.179,-0.462,0.179,-0.116,-0.132,-0.898,0.000,0.000,0.000, 0.210, 0.623, 2.155;
6.112,-0.459,0.183,-0.459,0.183,-0.116,-0.132,-0.898,0.000,0.000,0.000, 0.202, 0.624, 2.155;
6.124,-0.456,0.187,-0.456,0.187,-0.116,-0.132,-0.898,0.000,0.000,0.000, 0.195, 0.625, 2.155;
6.137,-0.454,0.190,-0.454,0.190,-0.116,-0.132,-0.898,0.000,0.000,0.000, 0.187, 0.627, 2.155;
6.149,-0.451,0.194,-0.451,0.194,-0.116,-0.132,-0.898,0.000,0.000,0.000, 0.179, 0.628, 2.155;
6.161,-0.448,0.198,-0.448,0.198,-0.116,-0.132,-0.898,0.000,0.000,0.000, 0.172, 0.629, 2.155;
6.173,-0.445,0.201,-0.445,0.201,-0.116,-0.132,-0.898,0.000,0.000,0.000, 0.164, 0.629, 2.155;
6.186,-0.442,0.205,-0.442,0.205,-0.116,-0.132,-0.898,0.000,0.000,0.000, 0.156, 0.630, 2.155;
6.198,-0.439,0.208,-0.439,0.208,-0.116,-0.132,-0.898,0.000,0.000,0.000, 0.149, 0.631, 2.155;
6.210,-0.436,0.211,-0.436,0.211,-0.116,-0.132,-0.898,0.000,0.000,0.000, 0.141, 0.631, 2.155;
6.222,-0.433,0.214,-0.433,0.214,-0.116,-0.132,-0.898,0.000,0.000,0.000, 0.134, 0.631, 2.155;
6.234,-0.430,0.218,-0.430,0.218,-0.116,-0.132,-0.898,0.000,0.000,0.000, 0.126, 0.632, 2.155;
6.246,-0.427,0.221,-0.427,0.221,-0.116,-0.132,-0.898,0.000,0.000,0.000, 0.119, 0.632, 2.155;
6.258,-0.424,0.224,-0.424,0.224,-0.116,-0.132,-0.898,0.000,0.000,0.000, 0.111, 0.632, 2.155;
6.270,-0.421,0.227,-0.421,0.227,-0.116,-0.132,-0.898,0.000,0.000,0.000, 0.104, 0.632, 2.155;
6.282,-0.418,0.230,-0.418,0.230,-0.116,-0.132,-0.898,0.000,0.000,0.000, 0.096, 0.631, 2.155;
6.294,-0.414,0.233,-0.414,0.233,-0.116,-0.132,-0.898,0.000,0.000,0.000, 0.088, 0.631, 2.155;
6.305,-0.411,0.236,-0.411,0.236,-0.116,-0.132,-0.898,0.000,0.000,0.000, 0.081, 0.630, 2.155;
6.317,-0.408,0.239,-0.408,0.239,-0.116,-0.132,-0.898,0.000,0.000,0.000, 0.074, 0.630, 2.155;
6.329,-0.405,0.242,-0.405,0.242,-0.116,-0.132,-0.898,0.000,0.000,0.000, 0.067, 0.629, 2.155;
6.340,-0.401,0.244,-0.401,0.244,-0.116,-0.132,-0.898,0.000,0.000,0.000, 0.060, 0.629, 2.155;
6.351,-0.398,0.247,-0.398,0.247,-0.116,-0.132,-0.898,0.000,0.000,0.000, 0.053, 0.628, 2.155;
6.362,-0.395,0.249,-0.395,0.249,-0.116,-0.132,-0.898,0.000,0.000,0.000, 0.046, 0.627, 2.155;
6.373,-0.392,0.252,-0.392,0.252,-0.116,-0.132,-0.898,0.000,0.000,0.000, 0.039, 0.626, 2.155;
6.394,-0.385,0.256,-0.385,0.256,-0.116,-0.132,-0.898,0.000,0.000,0.000, 0.026, 0.624, 2.155;
6.406,-0.382,0.259,-0.382,0.259,-0.116,-0.132,-0.898,0.000,0.000,0.000, 0.019, 0.622, 2.155;
6.417,-0.378,0.261,-0.378,0.261,-0.116,-0.132,-0.898,0.000,0.000,0.000, 0.012, 0.621, 2.155;
6.429,-0.374,0.263,-0.374,0.263,-0.116,-0.132,-0.898,0.000,0.000,0.000, 0.004, 0.619, 2.155;
6.440,-0.371,0.265,-0.371,0.265,-0.116,-0.132,-0.898,0.000,0.000,0.000,-0.002, 0.617, 2.155;
6.452,-0.367,0.268,-0.367,0.268,-0.116,-0.132,-0.898,0.000,0.000,0.000,-0.010, 0.616, 2.155;
6.464,-0.363,0.270,-0.363,0.270,-0.116,-0.132,-0.898,0.000,0.000,0.000,-0.017, 0.614, 2.155;
6.475,-0.360,0.272,-0.360,0.272,-0.116,-0.132,-0.898,0.000,0.000,0.000,-0.023, 0.612, 2.155;
6.486,-0.356,0.274,-0.356,0.274,-0.116,-0.132,-0.898,0.000,0.000,0.000,-0.030, 0.610, 2.155;
6.497,-0.353,0.276,-0.353,0.276,-0.116,-0.132,-0.898,0.000,0.000,0.000,-0.037, 0.608, 2.155;
6.508,-0.349,0.278,-0.349,0.278,-0.116,-0.132,-0.898,0.000,0.000,0.000,-0.043, 0.606, 2.155;
6.530,-0.342,0.281,-0.342,0.281,-0.116,-0.132,-0.898,0.000,0.000,0.000,-0.056, 0.601, 2.155;
6.541,-0.338,0.283,-0.338,0.283,-0.116,-0.132,-0.898,0.000,0.000,0.000,-0.063, 0.599, 2.155;
6.554,-0.334,0.285,-0.334,0.285,-0.116,-0.132,-0.898,0.000,0.000,0.000,-0.070, 0.596, 2.155;
6.567,-0.329,0.286,-0.329,0.286,-0.116,-0.132,-0.898,0.000,0.000,0.000,-0.078, 0.593, 2.155;
6.571,-0.328,0.287,-0.328,0.287,-0.116,-0.132,-0.898,0.000,0.000,0.000,-0.080, 0.592, 2.155;
6.590,-0.321,0.290,-0.321,0.290,-0.116,-0.132,-0.898,0.000,0.000,0.000,-0.091, 0.587, 2.155;
6.602,-0.317,0.291,-0.317,0.291,-0.116,-0.132,-0.898,0.000,0.000,0.000,-0.098, 0.584, 2.155;
6.614,-0.313,0.293,-0.313,0.293,-0.116,-0.132,-0.898,0.000,0.000,0.000,-0.105, 0.580, 2.155;
6.627,-0.308,0.294,-0.308,0.294,-0.116,-0.132,-0.898,0.000,0.000,0.000,-0.112, 0.577, 2.155;
6.639,-0.304,0.295,-0.304,0.295,-0.116,-0.132,-0.898,0.000,0.000,0.000,-0.119, 0.573, 2.155;
6.650,-0.300,0.297,-0.300,0.297,-0.116,-0.132,-0.898,0.000,0.000,0.000,-0.125, 0.570, 2.155;
6.662,-0.296,0.298,-0.296,0.298,-0.116,-0.132,-0.898,0.000,0.000,0.000,-0.132, 0.566, 2.155;
6.675,-0.291,0.299,-0.291,0.299,-0.116,-0.132,-0.898,0.000,0.000,0.000,-0.138, 0.562, 2.155;
6.687,-0.287,0.300,-0.287,0.300,-0.116,-0.132,-0.898,0.000,0.000,0.000,-0.145, 0.558, 2.155;
6.698,-0.283,0.301,-0.283,0.301,-0.116,-0.132,-0.898,0.000,0.000,0.000,-0.151, 0.555, 2.155;
6.710,-0.278,0.302,-0.278,0.302,-0.116,-0.132,-0.898,0.000,0.000,0.000,-0.157, 0.550, 2.155;
6.722,-0.274,0.303,-0.274,0.303,-0.116,-0.132,-0.898,0.000,0.000,0.000,-0.164, 0.546, 2.155;
6.734,-0.270,0.304,-0.270,0.304,-0.116,-0.132,-0.898,0.000,0.000,0.000,-0.170, 0.542, 2.155;
6.746,-0.265,0.304,-0.265,0.304,-0.116,-0.132,-0.898,0.000,0.000,0.000,-0.176, 0.538, 2.155;
6.759,-0.261,0.305,-0.261,0.305,-0.116,-0.132,-0.898,0.000,0.000,0.000,-0.182, 0.533, 2.155;
6.772,-0.256,0.306,-0.256,0.306,-0.116,-0.132,-0.898,0.000,0.000,0.000,-0.189, 0.528, 2.155;
6.784,-0.252,0.306,-0.252,0.306,-0.116,-0.132,-0.898,0.000,0.000,0.000,-0.195, 0.523, 2.155;
6.795,-0.247,0.307,-0.247,0.307,-0.116,-0.132,-0.898,0.000,0.000,0.000,-0.200, 0.519, 2.155;
6.806,-0.243,0.307,-0.243,0.307,-0.116,-0.132,-0.898,0.000,0.000,0.000,-0.206, 0.514, 2.155;
6.818,-0.239,0.308,-0.239,0.308,-0.116,-0.132,-0.898,0.000,0.000,0.000,-0.211, 0.510, 2.155;
6.829,-0.235,0.308,-0.235,0.308,-0.116,-0.132,-0.898,0.000,0.000,0.000,-0.216, 0.505, 2.155;
6.840,-0.231,0.308,-0.231,0.308,-0.116,-0.132,-0.898,0.000,0.000,0.000,-0.222, 0.500, 2.155;
6.851,-0.227,0.308,-0.227,0.308,-0.116,-0.132,-0.898,0.000,0.000,0.000,-0.227, 0.496, 2.155;
6.863,-0.222,0.308,-0.222,0.308,-0.116,-0.132,-0.898,0.000,0.000,0.000,-0.232, 0.491, 2.155;
6.874,-0.218,0.308,-0.218,0.308,-0.116,-0.132,-0.898,0.000,0.000,0.000,-0.237, 0.486, 2.155;
6.896,-0.210,0.308,-0.210,0.308,-0.116,-0.132,-0.898,0.000,0.000,0.000,-0.247, 0.476, 2.155;
6.908,-0.206,0.308,-0.206,0.308,-0.116,-0.132,-0.898,0.000,0.000,0.000,-0.252, 0.470, 2.155;
6.920,-0.201,0.308,-0.201,0.308,-0.116,-0.132,-0.898,0.000,0.000,0.000,-0.257, 0.465, 2.155;
6.932,-0.197,0.308,-0.197,0.308,-0.116,-0.132,-0.898,0.000,0.000,0.000,-0.262, 0.459, 2.155;
6.944,-0.192,0.307,-0.192,0.307,-0.116,-0.132,-0.898,0.000,0.000,0.000,-0.267, 0.453, 2.155;
6.958,-0.187,0.307,-0.187,0.307,-0.116,-0.132,-0.898,0.000,0.000,0.000,-0.272, 0.447, 2.155;
6.961,-0.186,0.307,-0.186,0.307,-0.116,-0.132,-0.898,0.000,0.000,0.000,-0.273, 0.445, 2.155;
6.972,-0.182,0.306,-0.182,0.306,-0.116,-0.132,-0.898,0.000,0.000,0.000,-0.278, 0.440, 2.155;
6.994,-0.174,0.305,-0.174,0.305,-0.116,-0.132,-0.898,0.000,0.000,0.000,-0.286, 0.428, 2.155;
6.998,-0.173,0.305,-0.173,0.305,-0.116,-0.132,-0.898,0.000,0.000,0.000,-0.288, 0.427, 2.155;
7.009,-0.169,0.304,-0.169,0.304,-0.116,-0.132,-0.898,0.000,0.000,0.000,-0.292, 0.421, 2.155;
7.031,-0.161,0.303,-0.161,0.303,-0.116,-0.132,-0.898,0.000,0.000,0.000,-0.300, 0.410, 2.155;
7.043,-0.156,0.302,-0.156,0.302,-0.116,-0.132,-0.898,0.000,0.000,0.000,-0.304, 0.403, 2.155;
7.055,-0.152,0.301,-0.152,0.301,-0.116,-0.132,-0.898,0.000,0.000,0.000,-0.308, 0.397, 2.155;
7.067,-0.148,0.300,-0.148,0.300,-0.116,-0.132,-0.898,0.000,0.000,0.000,-0.312, 0.391, 2.155;
7.080,-0.143,0.299,-0.143,0.299,-0.116,-0.132,-0.898,0.000,0.000,0.000,-0.316, 0.383, 2.155;
7.086,-0.141,0.298,-0.141,0.298,-0.116,-0.132,-0.898,0.000,0.000,0.000,-0.318, 0.380, 2.155;
7.095,-0.138,0.297,-0.138,0.297,-0.116,-0.132,-0.898,0.000,0.000,0.000,-0.320, 0.375, 2.155;
7.117,-0.130,0.295,-0.130,0.295,-0.116,-0.132,-0.898,0.000,0.000,0.000,-0.327, 0.363, 2.155;
7.121,-0.128,0.294,-0.128,0.294,-0.116,-0.132,-0.898,0.000,0.000,0.000,-0.328, 0.361, 2.155;
7.131,-0.125,0.293,-0.125,0.293,-0.116,-0.132,-0.898,0.000,0.000,0.000,-0.331, 0.356, 2.155;
7.153,-0.117,0.290,-0.117,0.290,-0.116,-0.132,-0.898,0.000,0.000,0.000,-0.337, 0.343, 2.155;
7.157,-0.116,0.290,-0.116,0.290,-0.116,-0.132,-0.898,0.000,0.000,0.000,-0.338, 0.341, 2.155;
7.168,-0.112,0.289,-0.112,0.289,-0.116,-0.132,-0.898,0.000,0.000,0.000,-0.341, 0.334, 2.155;
7.190,-0.104,0.286,-0.104,0.286,-0.116,-0.132,-0.898,0.000,0.000,0.000,-0.346, 0.322, 2.155;
7.193,-0.103,0.285,-0.103,0.285,-0.116,-0.132,-0.898,0.000,0.000,0.000,-0.347, 0.320, 2.155;
7.214,-0.096,0.282,-0.096,0.282,-0.116,-0.132,-0.898,0.000,0.000,0.000,-0.352, 0.307, 2.155;
7.226,-0.092,0.280,-0.092,0.280,-0.116,-0.132,-0.898,0.000,0.000,0.000,-0.355, 0.300, 2.155;
7.230,-0.091,0.279,-0.091,0.279,-0.116,-0.132,-0.898,0.000,0.000,0.000,-0.355, 0.298, 2.155;
7.241,-0.087,0.278,-0.087,0.278,-0.116,-0.132,-0.898,0.000,0.000,0.000,-0.358, 0.291, 2.155;
7.253,-0.083,0.276,-0.083,0.276,-0.116,-0.132,-0.898,0.000,0.000,0.000,-0.360, 0.284, 2.155;
7.276,-0.076,0.272,-0.076,0.272,-0.116,-0.132,-0.898,0.000,0.000,0.000,-0.364, 0.271, 2.155;
7.279,-0.075,0.271,-0.075,0.271,-0.116,-0.132,-0.898,0.000,0.000,0.000,-0.365, 0.268, 2.155;
7.290,-0.071,0.269,-0.071,0.269,-0.116,-0.132,-0.898,0.000,0.000,0.000,-0.367, 0.262, 2.155;
7.312,-0.064,0.265,-0.064,0.265,-0.116,-0.132,-0.898,0.000,0.000,0.000,-0.370, 0.249, 2.155;
7.324,-0.060,0.263,-0.060,0.263,-0.116,-0.132,-0.898,0.000,0.000,0.000,-0.372, 0.241, 2.155;
7.336,-0.057,0.260,-0.057,0.260,-0.116,-0.132,-0.898,0.000,0.000,0.000,-0.373, 0.234, 2.155;
7.348,-0.053,0.258,-0.053,0.258,-0.116,-0.132,-0.898,0.000,0.000,0.000,-0.375, 0.227, 2.155;
7.360,-0.049,0.255,-0.049,0.255,-0.116,-0.132,-0.898,0.000,0.000,0.000,-0.376, 0.219, 2.155;
7.371,-0.046,0.253,-0.046,0.253,-0.116,-0.132,-0.898,0.000,0.000,0.000,-0.377, 0.212, 2.155;
7.383,-0.042,0.250,-0.042,0.250,-0.116,-0.132,-0.898,0.000,0.000,0.000,-0.379, 0.205, 2.155;
7.395,-0.039,0.248,-0.039,0.248,-0.116,-0.132,-0.898,0.000,0.000,0.000,-0.380, 0.198, 2.155;
7.407,-0.035,0.245,-0.035,0.245,-0.116,-0.132,-0.898,0.000,0.000,0.000,-0.380, 0.190, 2.155;
7.419,-0.032,0.242,-0.032,0.242,-0.116,-0.132,-0.898,0.000,0.000,0.000,-0.381, 0.182, 2.155;
7.431,-0.028,0.239,-0.028,0.239,-0.116,-0.132,-0.898,0.000,0.000,0.000,-0.382, 0.175, 2.155;
7.443,-0.025,0.236,-0.025,0.236,-0.116,-0.132,-0.898,0.000,0.000,0.000,-0.383, 0.168, 2.155;
7.455,-0.022,0.233,-0.022,0.233,-0.116,-0.132,-0.898,0.000,0.000,0.000,-0.383, 0.160, 2.155;
7.467,-0.018,0.230,-0.018,0.230,-0.116,-0.132,-0.898,0.000,0.000,0.000,-0.384, 0.152, 2.155;
7.480,-0.015,0.227,-0.015,0.227,-0.116,-0.132,-0.898,0.000,0.000,0.000,-0.384, 0.144, 2.155;
7.492,-0.012,0.224,-0.012,0.224,-0.116,-0.132,-0.898,0.000,0.000,0.000,-0.384, 0.137, 2.155;
7.504,-0.009,0.221,-0.009,0.221,-0.116,-0.132,-0.898,0.000,0.000,0.000,-0.384, 0.129, 2.155;
7.516,-0.005,0.218,-0.005,0.218,-0.116,-0.132,-0.898,0.000,0.000,0.000,-0.384, 0.122, 2.155;
7.528,-0.002,0.214,-0.002,0.214,-0.116,-0.132,-0.898,0.000,0.000,0.000,-0.384, 0.114, 2.155;
7.541,0.001,0.211,0.001,0.211,-0.116,-0.132,-0.898,0.000,0.000,0.000,-0.383, 0.106, 2.155;
7.553,0.004,0.208,0.004,0.208,-0.116,-0.132,-0.898,0.000,0.000,0.000,-0.383, 0.098, 2.155;
7.566,0.007,0.204,0.007,0.204,-0.116,-0.132,-0.898,0.000,0.000,0.000,-0.382, 0.090, 2.155;
7.578,0.010,0.201,0.010,0.201,-0.116,-0.132,-0.898,0.000,0.000,0.000,-0.382, 0.083, 2.155;
7.589,0.012,0.197,0.012,0.197,-0.116,-0.132,-0.898,0.000,0.000,0.000,-0.381, 0.076, 2.155;
7.602,0.015,0.194,0.015,0.194,-0.116,-0.132,-0.898,0.000,0.000,0.000,-0.380, 0.068, 2.155;
7.613,0.018,0.190,0.018,0.190,-0.116,-0.132,-0.898,0.000,0.000,0.000,-0.379, 0.061, 2.155;
7.625,0.020,0.187,0.020,0.187,-0.116,-0.132,-0.898,0.000,0.000,0.000,-0.378, 0.054, 2.155;
7.637,0.023,0.183,0.023,0.183,-0.116,-0.132,-0.898,0.000,0.000,0.000,-0.377, 0.046, 2.155;
7.649,0.025,0.180,0.025,0.180,-0.116,-0.132,-0.898,0.000,0.000,0.000,-0.375, 0.039, 2.155;
7.660,0.028,0.176,0.028,0.176,-0.116,-0.132,-0.898,0.000,0.000,0.000,-0.374, 0.032, 2.155;
7.671,0.030,0.173,0.030,0.173,-0.116,-0.132,-0.898,0.000,0.000,0.000,-0.372, 0.025, 2.155;
7.683,0.032,0.169,0.032,0.169,-0.116,-0.132,-0.898,0.000,0.000,0.000,-0.371, 0.018, 2.155;
7.695,0.035,0.165,0.035,0.165,-0.116,-0.132,-0.898,0.000,0.000,0.000,-0.369, 0.010, 2.155;
7.706,0.037,0.162,0.037,0.162,-0.116,-0.132,-0.898,0.000,0.000,0.000,-0.367, 0.003, 2.155;
7.718,0.039,0.158,0.039,0.158,-0.116,-0.132,-0.898,0.000,0.000,0.000,-0.365,-0.004, 2.155;
7.740,0.043,0.151,0.043,0.151,-0.116,-0.132,-0.898,0.000,0.000,0.000,-0.361,-0.017, 2.155;
7.751,0.045,0.147,0.045,0.147,-0.116,-0.132,-0.898,0.000,0.000,0.000,-0.359,-0.024, 2.155;
7.764,0.047,0.143,0.047,0.143,-0.116,-0.132,-0.898,0.000,0.000,0.000,-0.357,-0.031, 2.155;
7.768,0.047,0.142,0.047,0.142,-0.116,-0.132,-0.898,0.000,0.000,0.000,-0.356,-0.033, 2.155;
7.779,0.049,0.138,0.049,0.138,-0.116,-0.132,-0.898,0.000,0.000,0.000,-0.353,-0.040, 2.155;
7.801,0.053,0.130,0.053,0.130,-0.116,-0.132,-0.898,0.000,0.000,0.000,-0.349,-0.053, 2.155;
7.813,0.054,0.126,0.054,0.126,-0.116,-0.132,-0.898,0.000,0.000,0.000,-0.346,-0.060, 2.155;
7.826,0.056,0.122,0.056,0.122,-0.116,-0.132,-0.898,0.000,0.000,0.000,-0.343,-0.067, 2.155;
7.829,0.057,0.121,0.057,0.121,-0.116,-0.132,-0.898,0.000,0.000,0.000,-0.342,-0.069, 2.155;
7.840,0.058,0.117,0.058,0.117,-0.116,-0.132,-0.898,0.000,0.000,0.000,-0.339,-0.076, 2.155;
7.862,0.061,0.109,0.061,0.109,-0.116,-0.132,-0.898,0.000,0.000,0.000,-0.333,-0.088, 2.155;
7.874,0.062,0.105,0.062,0.105,-0.116,-0.132,-0.898,0.000,0.000,0.000,-0.330,-0.095, 2.155;
7.886,0.064,0.101,0.064,0.101,-0.116,-0.132,-0.898,0.000,0.000,0.000,-0.326,-0.102, 2.155;
7.898,0.065,0.097,0.065,0.097,-0.116,-0.132,-0.898,0.000,0.000,0.000,-0.323,-0.108, 2.155;
7.909,0.066,0.093,0.066,0.093,-0.116,-0.132,-0.898,0.000,0.000,0.000,-0.319,-0.114, 2.155;
7.922,0.067,0.088,0.067,0.088,-0.116,-0.132,-0.898,0.000,0.000,0.000,-0.315,-0.121, 2.155;
7.935,0.068,0.084,0.068,0.084,-0.116,-0.132,-0.898,0.000,0.000,0.000,-0.311,-0.128, 2.155;
7.947,0.069,0.079,0.069,0.079,-0.116,-0.132,-0.898,0.000,0.000,0.000,-0.307,-0.135, 2.155;
7.959,0.070,0.075,0.070,0.075,-0.116,-0.132,-0.898,0.000,0.000,0.000,-0.303,-0.141, 2.155;
7.971,0.071,0.070,0.071,0.070,-0.116,-0.132,-0.898,0.000,0.000,0.000,-0.299,-0.147, 2.155;
7.983,0.072,0.066,0.072,0.066,-0.116,-0.132,-0.898,0.000,0.000,0.000,-0.295,-0.154, 2.155;
7.995,0.073,0.062,0.073,0.062,-0.116,-0.132,-0.898,0.000,0.000,0.000,-0.290,-0.159, 2.155;
8.006,0.073,0.058,0.073,0.058,-0.116,-0.132,-0.898,0.000,0.000,0.000,-0.286,-0.165, 2.155;
8.019,0.074,0.053,0.074,0.053,-0.116,-0.132,-0.898,0.000,0.000,0.000,-0.281,-0.172, 2.155;
8.031,0.075,0.048,0.075,0.048,-0.116,-0.132,-0.898,0.000,0.000,0.000,-0.277,-0.178, 2.155;
8.043,0.075,0.044,0.075,0.044,-0.116,-0.132,-0.898,0.000,0.000,0.000,-0.272,-0.183, 2.155;
8.055,0.075,0.040,0.075,0.040,-0.116,-0.132,-0.898,0.000,0.000,0.000,-0.267,-0.189, 2.155;
8.068,0.076,0.035,0.076,0.035,-0.116,-0.132,-0.898,0.000,0.000,0.000,-0.262,-0.195, 2.155;
8.080,0.076,0.030,0.076,0.030,-0.116,-0.132,-0.898,0.000,0.000,0.000,-0.257,-0.201, 2.155;
8.092,0.076,0.026,0.076,0.026,-0.116,-0.132,-0.898,0.000,0.000,0.000,-0.252,-0.207, 2.155;
8.104,0.077,0.022,0.077,0.022,-0.116,-0.132,-0.898,0.000,0.000,0.000,-0.247,-0.212, 2.155;
8.116,0.077,0.017,0.077,0.017,-0.116,-0.132,-0.898,0.000,0.000,0.000,-0.241,-0.218, 2.155;
8.129,0.077,0.012,0.077,0.012,-0.116,-0.132,-0.898,0.000,0.000,0.000,-0.236,-0.223, 2.155;
8.141,0.077,0.008,0.077,0.008,-0.116,-0.132,-0.898,0.000,0.000,0.000,-0.231,-0.229, 2.155;
8.153,0.076,0.003,0.076,0.003,-0.116,-0.132,-0.898,0.000,0.000,0.000,-0.225,-0.234, 2.155;
8.165,0.076,-0.001,0.076,-0.001,-0.116,-0.132,-0.898,0.000,0.000,0.000,-0.219,-0.239, 2.155;
8.177,0.076,-0.005,0.076,-0.005,-0.116,-0.132,-0.898,0.000,0.000,0.000,-0.214,-0.244, 2.155;
8.190,0.076,-0.010,0.076,-0.010,-0.116,-0.132,-0.898,0.000,0.000,0.000,-0.207,-0.250, 2.155;
8.202,0.075,-0.015,0.075,-0.015,-0.116,-0.132,-0.898,0.000,0.000,0.000,-0.202,-0.254, 2.155;
8.217,0.075,-0.020,0.075,-0.020,-0.116,-0.132,-0.898,0.000,0.000,0.000,-0.194,-0.260, 2.155;
8.220,0.075,-0.021,0.075,-0.021,-0.116,-0.132,-0.898,0.000,0.000,0.000,-0.193,-0.261, 2.155;
8.231,0.074,-0.025,0.074,-0.025,-0.116,-0.132,-0.898,0.000,0.000,0.000,-0.187,-0.266, 2.155;
8.253,0.073,-0.033,0.073,-0.033,-0.116,-0.132,-0.898,0.000,0.000,0.000,-0.176,-0.274, 2.155;
8.265,0.072,-0.038,0.072,-0.038,-0.116,-0.132,-0.898,0.000,0.000,0.000,-0.170,-0.278, 2.155;
8.277,0.071,-0.042,0.071,-0.042,-0.116,-0.132,-0.898,0.000,0.000,0.000,-0.164,-0.283, 2.155;
8.289,0.070,-0.047,0.070,-0.047,-0.116,-0.132,-0.898,0.000,0.000,0.000,-0.158,-0.287, 2.155;
8.301,0.069,-0.051,0.069,-0.051,-0.116,-0.132,-0.898,0.000,0.000,0.000,-0.151,-0.291, 2.155;
8.313,0.068,-0.055,0.068,-0.055,-0.116,-0.132,-0.898,0.000,0.000,0.000,-0.145,-0.295, 2.155;
8.324,0.067,-0.059,0.067,-0.059,-0.116,-0.132,-0.898,0.000,0.000,0.000,-0.139,-0.298, 2.155;
8.336,0.066,-0.063,0.066,-0.063,-0.116,-0.132,-0.898,0.000,0.000,0.000,-0.132,-0.302, 2.155;
8.348,0.065,-0.068,0.065,-0.068,-0.116,-0.132,-0.898,0.000,0.000,0.000,-0.126,-0.306, 2.155;
8.360,0.064,-0.072,0.064,-0.072,-0.116,-0.132,-0.898,0.000,0.000,0.000,-0.119,-0.309, 2.155;
8.372,0.063,-0.076,0.063,-0.076,-0.116,-0.132,-0.898,0.000,0.000,0.000,-0.112,-0.313, 2.155;
8.386,0.061,-0.081,0.061,-0.081,-0.116,-0.132,-0.898,0.000,0.000,0.000,-0.105,-0.317, 2.155;
8.398,0.059,-0.085,0.059,-0.085,-0.116,-0.132,-0.898,0.000,0.000,0.000,-0.098,-0.320, 2.155;
8.410,0.058,-0.090,0.058,-0.090,-0.116,-0.132,-0.898,0.000,0.000,0.000,-0.091,-0.323, 2.155;
8.423,0.056,-0.094,0.056,-0.094,-0.116,-0.132,-0.898,0.000,0.000,0.000,-0.084,-0.327, 2.155;
8.437,0.054,-0.099,0.054,-0.099,-0.116,-0.132,-0.898,0.000,0.000,0.000,-0.076,-0.330, 2.155;
8.449,0.053,-0.103,0.053,-0.103,-0.116,-0.132,-0.898,0.000,0.000,0.000,-0.069,-0.333, 2.155;
8.461,0.051,-0.107,0.051,-0.107,-0.116,-0.132,-0.898,0.000,0.000,0.000,-0.062,-0.336, 2.155;
8.472,0.049,-0.111,0.049,-0.111,-0.116,-0.132,-0.898,0.000,0.000,0.000,-0.055,-0.338, 2.155;
8.485,0.047,-0.115,0.047,-0.115,-0.116,-0.132,-0.898,0.000,0.000,0.000,-0.048,-0.341, 2.155;
8.497,0.045,-0.119,0.045,-0.119,-0.116,-0.132,-0.898,0.000,0.000,0.000,-0.040,-0.343, 2.155;
8.509,0.043,-0.123,0.043,-0.123,-0.116,-0.132,-0.898,0.000,0.000,0.000,-0.033,-0.346, 2.155;
8.521,0.041,-0.127,0.041,-0.127,-0.116,-0.132,-0.898,0.000,0.000,0.000,-0.026,-0.348, 2.155;
8.533,0.039,-0.131,0.039,-0.131,-0.116,-0.132,-0.898,0.000,0.000,0.000,-0.019,-0.350, 2.155;
8.545,0.037,-0.135,0.037,-0.135,-0.116,-0.132,-0.898,0.000,0.000,0.000,-0.011,-0.352, 2.155;
8.558,0.034,-0.139,0.034,-0.139,-0.116,-0.132,-0.898,0.000,0.000,0.000,-0.004,-0.354, 2.155;
8.569,0.032,-0.142,0.032,-0.142,-0.116,-0.132,-0.898,0.000,0.000,0.000, 0.004,-0.356, 2.155;
8.581,0.030,-0.146,0.030,-0.146,-0.116,-0.132,-0.898,0.000,0.000,0.000, 0.011,-0.357, 2.155;
8.593,0.027,-0.150,0.027,-0.150,-0.116,-0.132,-0.898,0.000,0.000,0.000, 0.018,-0.359, 2.155;
8.605,0.025,-0.153,0.025,-0.153,-0.116,-0.132,-0.898,0.000,0.000,0.000, 0.025,-0.360, 2.155;
8.616,0.022,-0.157,0.022,-0.157,-0.116,-0.132,-0.898,0.000,0.000,0.000, 0.032,-0.361, 2.155;
8.629,0.020,-0.161,0.020,-0.161,-0.116,-0.132,-0.898,0.000,0.000,0.000, 0.040,-0.363, 2.155;
8.641,0.017,-0.164,0.017,-0.164,-0.116,-0.132,-0.898,0.000,0.000,0.000, 0.048,-0.364, 2.155;
8.653,0.014,-0.168,0.014,-0.168,-0.116,-0.132,-0.898,0.000,0.000,0.000, 0.055,-0.365, 2.155;
8.665,0.011,-0.171,0.011,-0.171,-0.116,-0.132,-0.898,0.000,0.000,0.000, 0.063,-0.365, 2.155;
8.678,0.008,-0.175,0.008,-0.175,-0.116,-0.132,-0.898,0.000,0.000,0.000, 0.071,-0.366, 2.155;
8.690,0.006,-0.178,0.006,-0.178,-0.116,-0.132,-0.898,0.000,0.000,0.000, 0.078,-0.367, 2.155;
8.705,0.002,-0.182,0.002,-0.182,-0.116,-0.132,-0.898,0.000,0.000,0.000, 0.088,-0.368, 2.155;
8.717,-0.001,-0.186,-0.001,-0.186,-0.116,-0.132,-0.898,0.000,0.000,0.000, 0.095,-0.368, 2.155;
8.729,-0.004,-0.189,-0.004,-0.189,-0.116,-0.132,-0.898,0.000,0.000,0.000, 0.103,-0.368, 2.155;
8.741,-0.007,-0.192,-0.007,-0.192,-0.116,-0.132,-0.898,0.000,0.000,0.000, 0.110,-0.368, 2.155;
8.752,-0.010,-0.195,-0.010,-0.195,-0.116,-0.132,-0.898,0.000,0.000,0.000, 0.117,-0.368, 2.155;
8.763,-0.013,-0.198,-0.013,-0.198,-0.116,-0.132,-0.898,0.000,0.000,0.000, 0.124,-0.368, 2.155;
8.775,-0.016,-0.201,-0.016,-0.201,-0.116,-0.132,-0.898,0.000,0.000,0.000, 0.131,-0.368, 2.155;
8.785,-0.019,-0.204,-0.019,-0.204,-0.116,-0.132,-0.898,0.000,0.000,0.000, 0.138,-0.368, 2.155;
8.796,-0.022,-0.206,-0.022,-0.206,-0.116,-0.132,-0.898,0.000,0.000,0.000, 0.145,-0.367, 2.155;
8.807,-0.025,-0.209,-0.025,-0.209,-0.116,-0.132,-0.898,0.000,0.000,0.000, 0.152,-0.367, 2.155;
8.819,-0.029,-0.212,-0.029,-0.212,-0.116,-0.132,-0.898,0.000,0.000,0.000, 0.160,-0.366, 2.155;
8.830,-0.032,-0.214,-0.032,-0.214,-0.116,-0.132,-0.898,0.000,0.000,0.000, 0.166,-0.366, 2.155;
8.852,-0.038,-0.219,-0.038,-0.219,-0.116,-0.132,-0.898,0.000,0.000,0.000, 0.180,-0.364, 2.155;
8.863,-0.041,-0.222,-0.041,-0.222,-0.116,-0.132,-0.898,0.000,0.000,0.000, 0.187,-0.363, 2.155;
8.875,-0.045,-0.224,-0.045,-0.224,-0.116,-0.132,-0.898,0.000,0.000,0.000, 0.194,-0.362, 2.155;
8.886,-0.048,-0.227,-0.048,-0.227,-0.116,-0.132,-0.898,0.000,0.000,0.000, 0.201,-0.361, 2.155;
8.898,-0.052,-0.229,-0.052,-0.229,-0.116,-0.132,-0.898,0.000,0.000,0.000, 0.208,-0.360, 2.155;
8.910,-0.055,-0.232,-0.055,-0.232,-0.116,-0.132,-0.898,0.000,0.000,0.000, 0.216,-0.358, 2.155;
8.921,-0.059,-0.234,-0.059,-0.234,-0.116,-0.132,-0.898,0.000,0.000,0.000, 0.222,-0.357, 2.155;
8.932,-0.062,-0.236,-0.062,-0.236,-0.116,-0.132,-0.898,0.000,0.000,0.000, 0.229,-0.355, 2.155;
8.943,-0.066,-0.238,-0.066,-0.238,-0.116,-0.132,-0.898,0.000,0.000,0.000, 0.236,-0.354, 2.155;
8.954,-0.069,-0.240,-0.069,-0.240,-0.116,-0.132,-0.898,0.000,0.000,0.000, 0.243,-0.352, 2.155;
8.965,-0.073,-0.242,-0.073,-0.242,-0.116,-0.132,-0.898,0.000,0.000,0.000, 0.249,-0.350, 2.155;
8.986,-0.080,-0.246,-0.080,-0.246,-0.116,-0.132,-0.898,0.000,0.000,0.000, 0.262,-0.346, 2.155;
8.998,-0.083,-0.248,-0.083,-0.248,-0.116,-0.132,-0.898,0.000,0.000,0.000, 0.269,-0.344, 2.155;
9.010,-0.087,-0.250,-0.087,-0.250,-0.116,-0.132,-0.898,0.000,0.000,0.000, 0.276,-0.342, 2.155;
9.022,-0.092,-0.252,-0.092,-0.252,-0.116,-0.132,-0.898,0.000,0.000,0.000, 0.284,-0.339, 2.155;
9.034,-0.096,-0.254,-0.096,-0.254,-0.116,-0.132,-0.898,0.000,0.000,0.000, 0.291,-0.337, 2.155;
9.047,-0.100,-0.256,-0.100,-0.256,-0.116,-0.132,-0.898,0.000,0.000,0.000, 0.298,-0.334, 2.155;
9.059,-0.104,-0.258,-0.104,-0.258,-0.116,-0.132,-0.898,0.000,0.000,0.000, 0.305,-0.331, 2.155;
9.071,-0.108,-0.260,-0.108,-0.260,-0.116,-0.132,-0.898,0.000,0.000,0.000, 0.312,-0.328, 2.155;
9.083,-0.112,-0.261,-0.112,-0.261,-0.116,-0.132,-0.898,0.000,0.000,0.000, 0.319,-0.325, 2.155;
9.096,-0.117,-0.263,-0.117,-0.263,-0.116,-0.132,-0.898,0.000,0.000,0.000, 0.326,-0.322, 2.155;
9.109,-0.121,-0.265,-0.121,-0.265,-0.116,-0.132,-0.898,0.000,0.000,0.000, 0.334,-0.318, 2.155;
9.121,-0.126,-0.266,-0.126,-0.266,-0.116,-0.132,-0.898,0.000,0.000,0.000, 0.341,-0.315, 2.155;
9.133,-0.130,-0.267,-0.130,-0.267,-0.116,-0.132,-0.898,0.000,0.000,0.000, 0.348,-0.312, 2.155;
9.144,-0.134,-0.269,-0.134,-0.269,-0.116,-0.132,-0.898,0.000,0.000,0.000, 0.354,-0.308, 2.155;
9.157,-0.138,-0.270,-0.138,-0.270,-0.116,-0.132,-0.898,0.000,0.000,0.000, 0.361,-0.304, 2.155;
9.168,-0.142,-0.271,-0.142,-0.271,-0.116,-0.132,-0.898,0.000,0.000,0.000, 0.367,-0.301, 2.155;
9.180,-0.147,-0.272,-0.147,-0.272,-0.116,-0.132,-0.898,0.000,0.000,0.000, 0.373,-0.297, 2.155;
9.192,-0.151,-0.273,-0.151,-0.273,-0.116,-0.132,-0.898,0.000,0.000,0.000, 0.380,-0.293, 2.155;
9.206,-0.156,-0.274,-0.156,-0.274,-0.116,-0.132,-0.898,0.000,0.000,0.000, 0.387,-0.288, 2.155;
9.219,-0.160,-0.275,-0.160,-0.275,-0.116,-0.132,-0.898,0.000,0.000,0.000, 0.394,-0.284, 2.155;
9.231,-0.165,-0.276,-0.165,-0.276,-0.116,-0.132,-0.898,0.000,0.000,0.000, 0.400,-0.280, 2.155;
9.242,-0.169,-0.277,-0.169,-0.277,-0.116,-0.132,-0.898,0.000,0.000,0.000, 0.406,-0.276, 2.155;
9.254,-0.173,-0.277,-0.173,-0.277,-0.116,-0.132,-0.898,0.000,0.000,0.000, 0.412,-0.271, 2.155;
9.265,-0.177,-0.278,-0.177,-0.278,-0.116,-0.132,-0.898,0.000,0.000,0.000, 0.418,-0.267, 2.155;
9.277,-0.182,-0.279,-0.182,-0.279,-0.116,-0.132,-0.898,0.000,0.000,0.000, 0.424,-0.263, 2.155;
9.289,-0.186,-0.279,-0.186,-0.279,-0.116,-0.132,-0.898,0.000,0.000,0.000, 0.429,-0.258, 2.155;
9.301,-0.190,-0.280,-0.190,-0.280,-0.116,-0.132,-0.898,0.000,0.000,0.000, 0.435,-0.253, 2.155;
9.313,-0.195,-0.280,-0.195,-0.280,-0.116,-0.132,-0.898,0.000,0.000,0.000, 0.441,-0.248, 2.155;
9.325,-0.199,-0.280,-0.199,-0.280,-0.116,-0.132,-0.898,0.000,0.000,0.000, 0.447,-0.243, 2.155;
9.336,-0.204,-0.280,-0.204,-0.280,-0.116,-0.132,-0.898,0.000,0.000,0.000, 0.452,-0.239, 2.155;
9.348,-0.208,-0.281,-0.208,-0.281,-0.116,-0.132,-0.898,0.000,0.000,0.000, 0.457,-0.234, 2.155;
9.359,-0.212,-0.281,-0.212,-0.281,-0.116,-0.132,-0.898,0.000,0.000,0.000, 0.462,-0.229, 2.155;
9.370,-0.216,-0.281,-0.216,-0.281,-0.116,-0.132,-0.898,0.000,0.000,0.000, 0.467,-0.224, 2.155;
9.382,-0.220,-0.281,-0.220,-0.281,-0.116,-0.132,-0.898,0.000,0.000,0.000, 0.473,-0.219, 2.155;
9.393,-0.225,-0.281,-0.225,-0.281,-0.116,-0.132,-0.898,0.000,0.000,0.000, 0.478,-0.214, 2.155;
9.415,-0.233,-0.280,-0.233,-0.280,-0.116,-0.132,-0.898,0.000,0.000,0.000, 0.487,-0.204, 2.155;
9.427,-0.237,-0.280,-0.237,-0.280,-0.116,-0.132,-0.898,0.000,0.000,0.000, 0.492,-0.198, 2.155;
9.439,-0.241,-0.280,-0.241,-0.280,-0.116,-0.132,-0.898,0.000,0.000,0.000, 0.497,-0.193, 2.155;
9.451,-0.246,-0.279,-0.246,-0.279,-0.116,-0.132,-0.898,0.000,0.000,0.000, 0.502,-0.187, 2.155;
9.463,-0.250,-0.279,-0.250,-0.279,-0.116,-0.132,-0.898,0.000,0.000,0.000, 0.506,-0.181, 2.155;
9.474,-0.255,-0.279,-0.255,-0.279,-0.116,-0.132,-0.898,0.000,0.000,0.000, 0.511,-0.175, 2.155;
9.486,-0.259,-0.278,-0.259,-0.278,-0.116,-0.132,-0.898,0.000,0.000,0.000, 0.515,-0.170, 2.155;
9.497,-0.263,-0.277,-0.263,-0.277,-0.116,-0.132,-0.898,0.000,0.000,0.000, 0.519,-0.164, 2.155;
9.508,-0.267,-0.277,-0.267,-0.277,-0.116,-0.132,-0.898,0.000,0.000,0.000, 0.523,-0.158, 2.155;
9.519,-0.271,-0.276,-0.271,-0.276,-0.116,-0.132,-0.898,0.000,0.000,0.000, 0.527,-0.153, 2.155;
9.530,-0.275,-0.275,-0.275,-0.275,-0.116,-0.132,-0.898,0.000,0.000,0.000, 0.531,-0.147, 2.155;
9.540,-0.279,-0.274,-0.279,-0.274,-0.116,-0.132,-0.898,0.000,0.000,0.000, 0.535,-0.141, 2.155;
9.551,-0.283,-0.274,-0.283,-0.274,-0.116,-0.132,-0.898,0.000,0.000,0.000, 0.539,-0.135, 2.155;
9.573,-0.290,-0.272,-0.290,-0.272,-0.116,-0.132,-0.898,0.000,0.000,0.000, 0.546,-0.124, 2.155;
9.584,-0.294,-0.271,-0.294,-0.271,-0.116,-0.132,-0.898,0.000,0.000,0.000, 0.549,-0.118, 2.155;
9.595,-0.298,-0.270,-0.298,-0.270,-0.116,-0.132,-0.898,0.000,0.000,0.000, 0.553,-0.112, 2.155;
9.607,-0.302,-0.268,-0.302,-0.268,-0.116,-0.132,-0.898,0.000,0.000,0.000, 0.556,-0.106, 2.155;
9.618,-0.306,-0.267,-0.306,-0.267,-0.116,-0.132,-0.898,0.000,0.000,0.000, 0.559,-0.099, 2.155;
9.629,-0.310,-0.266,-0.310,-0.266,-0.116,-0.132,-0.898,0.000,0.000,0.000, 0.563,-0.093, 2.155;
9.640,-0.314,-0.265,-0.314,-0.265,-0.116,-0.132,-0.898,0.000,0.000,0.000, 0.566,-0.087, 2.155;
9.652,-0.318,-0.263,-0.318,-0.263,-0.116,-0.132,-0.898,0.000,0.000,0.000, 0.569,-0.080, 2.155;
9.662,-0.322,-0.262,-0.322,-0.262,-0.116,-0.132,-0.898,0.000,0.000,0.000, 0.572,-0.074, 2.155;
9.684,-0.329,-0.259,-0.329,-0.259,-0.116,-0.132,-0.898,0.000,0.000,0.000, 0.577,-0.062, 2.155;
9.695,-0.333,-0.257,-0.333,-0.257,-0.116,-0.132,-0.898,0.000,0.000,0.000, 0.580,-0.055, 2.155;
9.707,-0.337,-0.255,-0.337,-0.255,-0.116,-0.132,-0.898,0.000,0.000,0.000, 0.583,-0.048, 2.155;
9.720,-0.342,-0.253,-0.342,-0.253,-0.116,-0.132,-0.898,0.000,0.000,0.000, 0.586,-0.040, 2.155;
9.733,-0.346,-0.252,-0.346,-0.252,-0.116,-0.132,-0.898,0.000,0.000,0.000, 0.588,-0.033, 2.155;
9.745,-0.350,-0.250,-0.350,-0.250,-0.116,-0.132,-0.898,0.000,0.000,0.000, 0.591,-0.026, 2.155;
9.757,-0.354,-0.248,-0.354,-0.248,-0.116,-0.132,-0.898,0.000,0.000,0.000, 0.593,-0.019, 2.155;
9.768,-0.358,-0.246,-0.358,-0.246,-0.116,-0.132,-0.898,0.000,0.000,0.000, 0.595,-0.012, 2.155;
9.780,-0.361,-0.244,-0.361,-0.244,-0.116,-0.132,-0.898,0.000,0.000,0.000, 0.597,-0.005, 2.155;
9.791,-0.365,-0.241,-0.365,-0.241,-0.116,-0.132,-0.898,0.000,0.000,0.000, 0.599, 0.002, 2.155;
9.803,-0.369,-0.239,-0.369,-0.239,-0.116,-0.132,-0.898,0.000,0.000,0.000, 0.601, 0.009, 2.155;
9.815,-0.373,-0.237,-0.373,-0.237,-0.116,-0.132,-0.898,0.000,0.000,0.000, 0.603, 0.017, 2.155;
9.827,-0.376,-0.235,-0.376,-0.235,-0.116,-0.132,-0.898,0.000,0.000,0.000, 0.604, 0.024, 2.155;
9.838,-0.380,-0.232,-0.380,-0.232,-0.116,-0.132,-0.898,0.000,0.000,0.000, 0.606, 0.031, 2.155;
9.851,-0.384,-0.230,-0.384,-0.230,-0.116,-0.132,-0.898,0.000,0.000,0.000, 0.607, 0.038, 2.155;
9.862,-0.387,-0.227,-0.387,-0.227,-0.116,-0.132,-0.898,0.000,0.000,0.000, 0.609, 0.045, 2.155;
9.873,-0.390,-0.225,-0.390,-0.225,-0.116,-0.132,-0.898,0.000,0.000,0.000, 0.610, 0.052, 2.155;
9.884,-0.394,-0.222,-0.394,-0.222,-0.116,-0.132,-0.898,0.000,0.000,0.000, 0.611, 0.059, 2.155;
9.896,-0.397,-0.220,-0.397,-0.220,-0.116,-0.132,-0.898,0.000,0.000,0.000, 0.612, 0.066, 2.155;
9.907,-0.401,-0.217,-0.401,-0.217,-0.116,-0.132,-0.898,0.000,0.000,0.000, 0.613, 0.074, 2.155;
9.919,-0.404,-0.215,-0.404,-0.215,-0.116,-0.132,-0.898,0.000,0.000,0.000, 0.613, 0.081, 2.155;
9.931,-0.407,-0.212,-0.407,-0.212,-0.116,-0.132,-0.898,0.000,0.000,0.000, 0.614, 0.088, 2.155;
9.952,-0.413,-0.207,-0.413,-0.207,-0.116,-0.132,-0.898,0.000,0.000,0.000, 0.615, 0.102, 2.155;
9.964,-0.417,-0.204,-0.417,-0.204,-0.116,-0.132,-0.898,0.000,0.000,0.000, 0.616, 0.109, 2.155;
9.976,-0.420,-0.201,-0.420,-0.201,-0.116,-0.132,-0.898,0.000,0.000,0.000, 0.616, 0.117, 2.155;
9.988,-0.423,-0.198,-0.423,-0.198,-0.116,-0.132,-0.898,0.000,0.000,0.000, 0.616, 0.124, 2.155;
10.000,-0.426,-0.194,-0.426,-0.194,-0.116,-0.132,-0.898,0.000,0.000,0.000, 0.616, 0.132, 2.155;
10.013,-0.429,-0.191,-0.429,-0.191,-0.116,-0.132,-0.898,0.000,0.000,0.000, 0.616, 0.140, 2.155;
10.025,-0.433,-0.188,-0.433,-0.188,-0.116,-0.132,-0.898,0.000,0.000,0.000, 0.616, 0.148, 2.155;
10.038,-0.436,-0.184,-0.436,-0.184,-0.116,-0.132,-0.898,0.000,0.000,0.000, 0.616, 0.155, 2.155;
10.050,-0.439,-0.181,-0.439,-0.181,-0.116,-0.132,-0.898,0.000,0.000,0.000, 0.615, 0.163, 2.155;
10.063,-0.442,-0.178,-0.442,-0.178,-0.116,-0.132,-0.898,0.000,0.000,0.000, 0.615, 0.171, 2.155;
10.076,-0.445,-0.174,-0.445,-0.174,-0.116,-0.132,-0.898,0.000,0.000,0.000, 0.614, 0.179, 2.155;
10.080,-0.446,-0.173,-0.446,-0.173,-0.116,-0.132,-0.898,0.000,0.000,0.000, 0.614, 0.182, 2.155;
10.091,-0.448,-0.170,-0.448,-0.170,-0.116,-0.132,-0.898,0.000,0.000,0.000, 0.613, 0.188, 2.155;
10.102,-0.451,-0.166,-0.451,-0.166,-0.116,-0.132,-0.898,0.000,0.000,0.000, 0.612, 0.196, 2.155;
10.124,-0.456,-0.160,-0.456,-0.160,-0.116,-0.132,-0.898,0.000,0.000,0.000, 0.610, 0.209, 2.155;
10.137,-0.459,-0.156,-0.459,-0.156,-0.116,-0.132,-0.898,0.000,0.000,0.000, 0.609, 0.217, 2.155;
10.149,-0.461,-0.152,-0.461,-0.152,-0.116,-0.132,-0.898,0.000,0.000,0.000, 0.607, 0.225, 2.155;
10.153,-0.462,-0.151,-0.462,-0.151,-0.116,-0.132,-0.898,0.000,0.000,0.000, 0.607, 0.227, 2.155;
10.164,-0.464,-0.148,-0.464,-0.148,-0.116,-0.132,-0.898,0.000,0.000,0.000, 0.605, 0.234, 2.155;
10.176,-0.467,-0.144,-0.467,-0.144,-0.116,-0.132,-0.898,0.000,0.000,0.000, 0.604, 0.241, 2.155;
10.197,-0.471,-0.137,-0.471,-0.137,-0.116,-0.132,-0.898,0.000,0.000,0.000, 0.601, 0.254, 2.155;
10.204,-0.472,-0.135,-0.472,-0.135,-0.116,-0.132,-0.898,0.000,0.000,0.000, 0.600, 0.259, 2.155;
10.212,-0.474,-0.132,-0.474,-0.132,-0.116,-0.132,-0.898,0.000,0.000,0.000, 0.598, 0.263, 2.155;
10.234,-0.478,-0.125,-0.478,-0.125,-0.116,-0.132,-0.898,0.000,0.000,0.000, 0.595, 0.276, 2.155;
10.246,-0.480,-0.121,-0.480,-0.121,-0.116,-0.132,-0.898,0.000,0.000,0.000, 0.592, 0.284, 2.155;
10.258,-0.482,-0.117,-0.482,-0.117,-0.116,-0.132,-0.898,0.000,0.000,0.000, 0.590, 0.291, 2.155;
10.270,-0.484,-0.113,-0.484,-0.113,-0.116,-0.132,-0.898,0.000,0.000,0.000, 0.588, 0.298, 2.155;
10.276,-0.485,-0.111,-0.485,-0.111,-0.116,-0.132,-0.898,0.000,0.000,0.000, 0.586, 0.302, 2.155;
10.286,-0.486,-0.108,-0.486,-0.108,-0.116,-0.132,-0.898,0.000,0.000,0.000, 0.584, 0.308, 2.155;
10.298,-0.488,-0.104,-0.488,-0.104,-0.116,-0.132,-0.898,0.000,0.000,0.000, 0.581, 0.314, 2.155;
10.319,-0.491,-0.097,-0.491,-0.097,-0.116,-0.132,-0.898,0.000,0.000,0.000, 0.576, 0.327, 2.155;
10.332,-0.493,-0.092,-0.493,-0.092,-0.116,-0.132,-0.898,0.000,0.000,0.000, 0.573, 0.334, 2.155;
10.344,-0.494,-0.088,-0.494,-0.088,-0.116,-0.132,-0.898,0.000,0.000,0.000, 0.570, 0.341, 2.155;
10.355,-0.496,-0.084,-0.496,-0.084,-0.116,-0.132,-0.898,0.000,0.000,0.000, 0.567, 0.348, 2.155;
10.367,-0.497,-0.080,-0.497,-0.080,-0.116,-0.132,-0.898,0.000,0.000,0.000, 0.564, 0.354, 2.155;
10.380,-0.499,-0.076,-0.499,-0.076,-0.116,-0.132,-0.898,0.000,0.000,0.000, 0.560, 0.361, 2.155;
10.392,-0.500,-0.071,-0.500,-0.071,-0.116,-0.132,-0.898,0.000,0.000,0.000, 0.557, 0.368, 2.155;
10.404,-0.501,-0.067,-0.501,-0.067,-0.116,-0.132,-0.898,0.000,0.000,0.000, 0.553, 0.375, 2.155;
10.417,-0.502,-0.063,-0.502,-0.063,-0.116,-0.132,-0.898,0.000,0.000,0.000, 0.549, 0.382, 2.155;
10.429,-0.504,-0.058,-0.504,-0.058,-0.116,-0.132,-0.898,0.000,0.000,0.000, 0.545, 0.388, 2.155;
10.440,-0.505,-0.054,-0.505,-0.054,-0.116,-0.132,-0.898,0.000,0.000,0.000, 0.541, 0.394, 2.155;
10.452,-0.506,-0.050,-0.506,-0.050,-0.116,-0.132,-0.898,0.000,0.000,0.000, 0.537, 0.401, 2.155;
10.464,-0.506,-0.045,-0.506,-0.045,-0.116,-0.132,-0.898,0.000,0.000,0.000, 0.533, 0.407, 2.155;
10.476,-0.507,-0.041,-0.507,-0.041,-0.116,-0.132,-0.898,0.000,0.000,0.000, 0.529, 0.413, 2.155;
10.488,-0.508,-0.037,-0.508,-0.037,-0.116,-0.132,-0.898,0.000,0.000,0.000, 0.525, 0.419, 2.155;
10.500,-0.509,-0.032,-0.509,-0.032,-0.116,-0.132,-0.898,0.000,0.000,0.000, 0.521, 0.425, 2.155;
