0.000,0.000,0.000,0.000,0.000, 0.000, 0.000, 0.000,0.000,0.000,0.000, 0.000, 0.000, 0.000, 0.000, 0.000, 0.000, 0.000, 0.000, 0.000;
0.012,-3.777,-1.489,-3.777,-1.489,-0.096,-0.049, 0.014,0.000,0.000,0.000, 0.596, 0.058, 1.575, 0.043, 0.834, 1.571,-0.057,-0.049, 0.000;
0.024,-0.515,-1.030,-0.515,-1.030,-0.096,-0.049, 0.014,0.000,0.000,0.000, 0.596, 0.068, 1.593, 0.084, 0.882, 1.571,-0.113,-0.097, 0.000;
0.035,-2.501,-1.245,-2.501,-1.245,-0.096,-0.049, 0.014,0.000,0.000,0.000, 0.595, 0.077, 1.612, 0.120, 0.926, 1.571,-0.164,-0.142, 0.000;
0.049,-4.730,-1.451,-4.730,-1.451,-0.096,-0.049, 0.014,0.000,0.000,0.000, 0.595, 0.087, 1.633, 0.159, 0.975, 1.571,-0.219,-0.192, 0.000;
0.061,-6.523,-1.623,-6.523,-1.623,-0.096,-0.049, 0.014,0.000,0.000,0.000, 0.594, 0.097, 1.651, 0.190, 1.015, 1.571,-0.264,-0.233, 0.000;
0.073,-6.316,-3.710,-6.316,-3.710,-0.096,-0.049, 0.014,0.000,0.000,0.000, 0.593, 0.106, 1.670, 0.219, 0.971, 1.571,-0.308,-0.191, 0.000;
0.085,-6.309,-5.650,-6.309,-5.650,-0.096,-0.049, 0.014,0.000,0.000,0.000, 0.592, 0.116, 1.690, 0.248, 0.925, 1.571,-0.353,-0.146, 0.000;
0.091,-5.405,-5.467,-5.405,-5.467,-0.096,-0.049, 0.014,0.000,0.000,0.000, 0.591, 0.120, 1.699, 0.222, 0.904, 1.571,-0.334,-0.127, 0.000;
0.102,-3.686,-5.447,-3.686,-5.447,-0.096,-0.049, 0.014,0.000,0.000,0.000, 0.590, 0.129, 1.716, 0.169, 0.864, 1.571,-0.294,-0.088, 0.000;
0.113,-2.073,-5.468,-2.073,-5.468,-0.096,-0.049, 0.014,0.000,0.000,0.000, 0.588, 0.137, 1.733, 0.117, 0.822, 1.571,-0.255,-0.049, 0.000;
0.135,1.349,-5.423,1.349,-5.423,-0.096,-0.049, 0.014,0.000,0.000,0.000, 0.585, 0.154, 1.768, 0.011, 0.740, 1.571,-0.177, 0.028, 0.000;
0.140,0.889,-4.728,0.889,-4.728,-0.096,-0.049, 0.014,0.000,0.000,0.000, 0.584, 0.158, 1.776,-0.013, 0.757, 1.571,-0.158, 0.010, 0.000;
0.150,2.589,-4.809,2.589,-4.809,-0.096,-0.049, 0.014,0.000,0.000,0.000, 0.582, 0.166, 1.792,-0.062, 0.718, 1.571,-0.122, 0.046, 0.000;
0.162,2.340,-2.970,2.340,-2.970,-0.096,-0.049, 0.014,0.000,0.000,0.000, 0.580, 0.175, 1.810,-0.116, 0.754, 1.571,-0.082, 0.006, 0.000;
0.184,5.938,-3.162,5.938,-3.162,-0.096,-0.049, 0.015,0.000,0.000,0.010, 0.575, 0.191, 1.845,-0.219, 0.670, 1.571,-0.005, 0.083, 0.000;
0.196,3.502,-3.278,3.502,-3.278,-0.098,-0.051, 0.029,-0.185,-0.185,1.185, 0.575, 0.203, 1.849,-0.190, 0.708, 1.571,-0.047, 0.040, 0.000;
0.207,3.671,-1.428,3.671,-1.428,-0.098,-0.051, 0.029,0.000,0.000,0.000, 0.572, 0.211, 1.867,-0.244, 0.744, 1.571,-0.007, 0.000, 0.000;
0.219,3.694,-3.674,3.694,-3.674,-0.100,-0.051, 0.029,-0.188,0.000,0.000, 0.571, 0.220, 1.886,-0.216, 0.698, 1.571,-0.049, 0.042, 0.000;
0.232,1.490,-3.553,1.490,-3.553,-0.103,-0.051, 0.029,-0.171,0.000,0.000, 0.570, 0.230, 1.906,-0.185, 0.738, 1.571,-0.095,-0.004, 0.000;
0.244,1.774,-5.596,1.774,-5.596,-0.105,-0.051, 0.029,-0.185,0.000,0.000, 0.569, 0.238, 1.925,-0.157, 0.690, 1.571,-0.137, 0.038, 0.000;
0.256,-0.291,-5.459,-0.291,-5.459,-0.107,-0.051, 0.014,-0.189,0.000,-1.229, 0.567, 0.247, 1.958,-0.129, 0.726, 1.571,-0.179,-0.003, 0.000;
0.268,1.839,-5.471,1.839,-5.471,-0.109,-0.051, 0.014,-0.192,0.000,0.000, 0.566, 0.255, 1.977,-0.183, 0.680, 1.571,-0.138, 0.037, 0.000;
0.279,-0.255,-5.538,-0.255,-5.538,-0.112,-0.054, 0.029,-0.193,-0.193,1.255, 0.564, 0.266, 1.980,-0.155, 0.715, 1.571,-0.178,-0.003, 0.000;
0.290,-0.155,-3.729,-0.155,-3.729,-0.114,-0.054, 0.014,-0.199,0.000,-1.295, 0.563, 0.274, 2.012,-0.207, 0.748, 1.571,-0.139,-0.043, 0.000;
0.302,-0.238,-5.882,-0.238,-5.882,-0.116,-0.054, 0.000,-0.195,0.000,-1.264, 0.561, 0.282, 2.045,-0.179, 0.701, 1.571,-0.179,-0.002, 0.000;
0.313,-2.153,-5.704,-2.153,-5.704,-0.121,-0.054, 0.000,-0.394,0.000,0.000, 0.561, 0.290, 2.063,-0.152, 0.734, 1.571,-0.219,-0.042, 0.000;
0.324,-0.211,-5.727,-0.211,-5.727,-0.123,-0.054,-0.014,-0.203,0.000,-1.317, 0.559, 0.297, 2.094,-0.202, 0.689, 1.571,-0.181,-0.004, 0.000;
0.335,-2.395,-5.697,-2.395,-5.697,-0.125,-0.054,-0.029,-0.199,0.000,-1.253, 0.557, 0.305, 2.126,-0.175, 0.722, 1.571,-0.220,-0.043, 0.000;
0.347,-0.252,-5.783,-0.252,-5.783,-0.125,-0.054,-0.029,0.000,0.000,-0.035, 0.552, 0.313, 2.145,-0.229, 0.673, 1.571,-0.178,-0.002, 0.000;
0.358,-0.476,-4.031,-0.476,-4.031,-0.127,-0.054,-0.029,-0.206,0.000,0.000, 0.550, 0.320, 2.162,-0.278, 0.704, 1.571,-0.141,-0.039, 0.000;
0.380,-0.723,-7.888,-0.723,-7.888,-0.129,-0.051,-0.043,-0.102,0.102,-0.659, 0.543, 0.332, 2.211,-0.224, 0.611, 1.571,-0.218, 0.038, 0.000;
0.392,-0.700,-5.533,-0.700,-5.533,-0.132,-0.051,-0.043,-0.185,0.000,0.051, 0.540, 0.340, 2.229,-0.279, 0.645, 1.571,-0.175,-0.004, 0.000;
0.395,-0.281,-5.843,-0.281,-5.843,-0.132,-0.049,-0.058,0.000,0.672,-4.537, 0.538, 0.340, 2.250,-0.294, 0.631, 1.571,-0.163, 0.007, 0.000;
0.406,-0.362,-7.611,-0.362,-7.611,-0.134,-0.049,-0.043,-0.207,0.000,1.341, 0.536, 0.347, 2.252,-0.267, 0.586, 1.571,-0.201, 0.045, 0.000;
0.428,3.076,-7.594,3.076,-7.594,-0.134,-0.047,-0.058,0.000,0.104,-0.674, 0.525, 0.358, 2.300,-0.364, 0.494, 1.571,-0.125, 0.121, 0.000;
0.440,0.466,-7.529,0.466,-7.529,-0.136,-0.045,-0.058,-0.177,0.177,0.000, 0.521, 0.363, 2.320,-0.331, 0.528, 1.571,-0.169, 0.077, 0.000;
0.452,0.762,-5.646,0.762,-5.646,-0.138,-0.045,-0.058,-0.193,0.000,0.000, 0.518, 0.370, 2.338,-0.383, 0.560, 1.571,-0.129, 0.036, 0.000;
0.463,2.583,-6.006,2.583,-6.006,-0.138,-0.042,-0.058,0.000,0.198,0.000, 0.512, 0.375, 2.356,-0.433, 0.511, 1.571,-0.089, 0.076, 0.000;
0.475,2.075,-7.959,2.075,-7.959,-0.141,-0.040,-0.072,-0.194,0.194,-1.252, 0.508, 0.379, 2.388,-0.403, 0.461, 1.571,-0.130, 0.116, 0.000;
0.487,1.891,-9.770,1.891,-9.770,-0.143,-0.038,-0.072,-0.182,0.182,0.000, 0.504, 0.384, 2.408,-0.371, 0.407, 1.571,-0.173, 0.159, 0.000;
0.500,2.006,-7.397,2.006,-7.397,-0.145,-0.036,-0.072,-0.172,0.172,0.000, 0.499, 0.389, 2.428,-0.428, 0.442, 1.571,-0.127, 0.114, 0.000;
0.513,1.780,-9.799,1.780,-9.799,-0.147,-0.033,-0.071,-0.172,0.172,0.080, 0.494, 0.394, 2.447,-0.394, 0.385, 1.571,-0.173, 0.159, 0.000;
0.524,1.764,-7.669,1.764,-7.669,-0.147,-0.031,-0.087,0.000,0.193,-1.333, 0.487, 0.398, 2.481,-0.445, 0.415, 1.571,-0.132, 0.119, 0.000;
0.536,-0.195,-7.734,-0.195,-7.734,-0.150,-0.031,-0.072,-0.186,0.000,1.203, 0.482, 0.404, 2.485,-0.412, 0.446, 1.571,-0.174, 0.077, 0.000;
0.548,1.795,-7.950,1.795,-7.950,-0.152,-0.027,-0.087,-0.193,0.386,-1.246, 0.478, 0.406, 2.518,-0.462, 0.394, 1.571,-0.133, 0.118, 0.000;
0.560,1.326,-10.015,1.326,-10.015,-0.154,-0.025,-0.087,-0.176,0.176,0.000, 0.472, 0.410, 2.538,-0.428, 0.338, 1.571,-0.178, 0.163, 0.000;
0.573,1.460,-7.746,1.460,-7.746,-0.156,-0.022,-0.087,-0.182,0.182,0.000, 0.467, 0.414, 2.557,-0.481, 0.369, 1.571,-0.135, 0.119, 0.000;
0.585,1.067,-10.071,1.067,-10.071,-0.158,-0.020,-0.100,-0.178,0.178,-1.032, 0.462, 0.418, 2.590,-0.446, 0.313, 1.571,-0.179, 0.163, 0.000;
0.598,1.240,-7.700,1.240,-7.700,-0.158,-0.018,-0.101,0.000,0.173,-0.112, 0.454, 0.422, 2.611,-0.501, 0.345, 1.571,-0.133, 0.118, 0.000;
0.610,0.933,-9.956,0.933,-9.956,-0.161,-0.016,-0.101,-0.185,0.185,0.000, 0.448, 0.425, 2.630,-0.467, 0.290, 1.571,-0.175, 0.161, 0.000;
0.623,1.213,-7.661,1.213,-7.661,-0.163,-0.013,-0.087,-0.180,0.180,1.160, 0.442, 0.428, 2.636,-0.519, 0.321, 1.571,-0.132, 0.118, 0.000;
0.634,0.827,-9.837,0.827,-9.837,-0.165,-0.009,-0.101,-0.193,0.385,-1.239, 0.437, 0.429, 2.668,-0.487, 0.268, 1.571,-0.173, 0.159, 0.000;
0.647,2.812,-9.796,2.812,-9.796,-0.165,-0.007,-0.103,0.000,0.181,-0.120, 0.429, 0.432, 2.689,-0.538, 0.212, 1.571,-0.129, 0.202, 0.000;
0.659,2.140,-11.826,2.140,-11.826,-0.167,-0.002,-0.115,-0.183,0.365,-1.051, 0.423, 0.432, 2.721,-0.503, 0.156, 1.571,-0.172, 0.245, 0.000;
0.671,2.318,-9.594,2.318,-9.594,-0.170,-0.000,-0.115,-0.186,0.186,0.000, 0.417, 0.435, 2.740,-0.553, 0.185, 1.571,-0.130, 0.203, 0.000;
0.683,4.028,-10.101,4.028,-10.101,-0.170, 0.004,-0.130,0.000,0.380,-1.217, 0.409, 0.435, 2.773,-0.601, 0.131, 1.571,-0.089, 0.244, 0.000;
0.694,1.752,-9.801,1.752,-9.801,-0.172, 0.007,-0.130,-0.187,0.187,0.000, 0.403, 0.437, 2.791,-0.566, 0.160, 1.571,-0.131, 0.203, 0.000;
0.707,4.042,-10.093,4.042,-10.093,-0.172, 0.011,-0.130,0.000,0.348,0.000, 0.394, 0.437, 2.812,-0.618, 0.101, 1.571,-0.086, 0.248, 0.000;
0.718,3.920,-8.253,3.920,-8.253,-0.172, 0.013,-0.132,0.000,0.204,-0.172, 0.386, 0.438, 2.831,-0.663, 0.127, 1.571,-0.047, 0.209, 0.000;
0.730,3.592,-10.354,3.592,-10.354,-0.174, 0.018,-0.130,-0.194,0.387,0.164, 0.380, 0.438, 2.847,-0.628, 0.073, 1.571,-0.088, 0.250, 0.000;
0.743,5.534,-10.457,5.534,-10.457,-0.174, 0.022,-0.144,0.000,0.346,-1.101, 0.371, 0.437, 2.881,-0.680, 0.013, 1.571,-0.042, 0.296, 0.000;
0.756,7.421,-10.737,7.421,-10.737,-0.174, 0.027,-0.146,0.000,0.326,-0.152, 0.361, 0.437, 2.905,-0.734,-0.050, 1.571, 0.006, 0.344, 0.000;
0.768,7.344,-8.746,7.344,-8.746,-0.174, 0.031,-0.146,0.000,0.379,0.000, 0.352, 0.436, 2.923,-0.781,-0.023, 1.571, 0.047, 0.302, 0.000;
0.780,6.802,-10.983,6.802,-10.983,-0.176, 0.036,-0.158,-0.188,0.376,-1.018, 0.346, 0.435, 2.954,-0.744,-0.078, 1.571, 0.005, 0.344, 0.000;
0.792,4.913,-10.320,4.913,-10.320,-0.176, 0.038,-0.144,0.000,0.183,1.161, 0.337, 0.436, 2.959,-0.706,-0.049, 1.571,-0.038, 0.301, 0.000;
0.804,7.046,-10.628,7.046,-10.628,-0.176, 0.042,-0.144,0.000,0.371,0.000, 0.328, 0.434, 2.978,-0.753,-0.106, 1.571, 0.004, 0.343, 0.000;
0.816,4.734,-10.367,4.734,-10.367,-0.176, 0.047,-0.158,0.000,0.396,-1.256, 0.319, 0.432, 3.010,-0.717,-0.079, 1.571,-0.035, 0.304, 0.000;
0.827,6.712,-10.683,6.712,-10.683,-0.176, 0.051,-0.160,0.000,0.392,-0.201, 0.311, 0.430, 3.030,-0.761,-0.133, 1.571, 0.005, 0.344, 0.000;
0.838,6.110,-12.484,6.110,-12.484,-0.176, 0.056,-0.160,0.000,0.390,0.000, 0.302, 0.428, 3.048,-0.725,-0.187, 1.571,-0.035, 0.384, 0.000;
0.850,6.392,-10.346,6.392,-10.346,-0.176, 0.060,-0.158,0.000,0.390,0.200, 0.293, 0.426, 3.064,-0.769,-0.160, 1.571, 0.005, 0.344, 0.000;
0.861,5.807,-12.506,5.807,-12.506,-0.176, 0.067,-0.172,0.000,0.582,-1.225, 0.284, 0.421, 3.096,-0.731,-0.215, 1.571,-0.035, 0.385, 0.000;
0.873,7.615,-12.572,7.615,-12.572,-0.174, 0.071,-0.175,0.194,0.387,-0.215, 0.273, 0.419, 3.117,-0.775,-0.269, 1.571, 0.005, 0.425, 0.000;
0.884,7.623,-10.664,7.623,-10.664,-0.174, 0.076,-0.175,0.000,0.396,0.000, 0.265, 0.416, 3.134,-0.817,-0.243, 1.571, 0.045, 0.385, 0.000;
0.895,7.180,-12.685,7.180,-12.685,-0.174, 0.080,-0.175,0.000,0.395,0.000, 0.256, 0.413, 3.152,-0.780,-0.297, 1.571, 0.005, 0.425, 0.000;
0.918,7.816,-8.772,7.816,-8.772,-0.172, 0.085,-0.175,0.101,0.201,0.000, 0.236, 0.411, 3.187,-0.862,-0.246, 1.571, 0.084, 0.347, 0.000;
0.921,6.805,-9.172,6.805,-9.172,-0.172, 0.092,-0.189,0.000,1.782,-3.787, 0.233, 0.405, 3.207,-0.850,-0.237, 1.571, 0.070, 0.334, 0.000;
0.932,6.499,-10.947,6.499,-10.947,-0.172, 0.096,-0.189,0.000,0.403,0.000, 0.225, 0.401, 3.224,-0.812,-0.290, 1.571, 0.031, 0.373, 0.000;
0.954,10.049,-11.344,10.049,-11.344,-0.170, 0.100,-0.189,0.102,0.205,0.000, 0.206, 0.398, 3.259,-0.891,-0.393, 1.571, 0.108, 0.450, 0.000;
0.967,7.324,-10.812,7.324,-10.812,-0.170, 0.107,-0.189,0.000,0.515,0.000, 0.195, 0.392, 3.279,-0.846,-0.363, 1.571, 0.062, 0.404, 0.000;
0.978,7.812,-9.035,7.812,-9.035,-0.167, 0.112,-0.189,0.207,0.413,0.000, 0.185, 0.388, 3.296,-0.885,-0.339, 1.571, 0.100, 0.366, 0.000;
0.990,9.464,-9.741,9.464,-9.741,-0.165, 0.118,-0.206,0.188,0.565,-1.442, 0.173, 0.382, 3.332,-0.927,-0.395, 1.571, 0.141, 0.408, 0.000;
1.002,7.310,-9.103,7.310,-9.103,-0.165, 0.123,-0.189,0.000,0.366,1.402, 0.164, 0.377, 3.334,-0.884,-0.368, 1.571, 0.098, 0.365, 0.000;
1.015,9.331,-9.645,9.331,-9.645,-0.163, 0.129,-0.206,0.180,0.539,-1.377, 0.152, 0.370, 3.370,-0.927,-0.427, 1.571, 0.142, 0.409, 0.000;
1.026,7.123,-9.123,7.123,-9.123,-0.163, 0.134,-0.203,0.000,0.384,0.253, 0.142, 0.366, 3.386,-0.886,-0.400, 1.571, 0.101, 0.368, 0.000;
1.038,9.382,-9.384,9.382,-9.384,-0.161, 0.138,-0.189,0.184,0.367,1.164, 0.131, 0.361, 3.391,-0.928,-0.458, 1.571, 0.144, 0.411, 0.000;
1.051,8.509,-11.436,8.509,-11.436,-0.161, 0.145,-0.203,0.000,0.541,-1.144, 0.121, 0.353, 3.424,-0.883,-0.517, 1.571, 0.100, 0.454, 0.000;
1.063,9.022,-8.944,9.022,-8.944,-0.158, 0.150,-0.189,0.177,0.354,1.122, 0.109, 0.348, 3.430,-0.926,-0.488, 1.571, 0.144, 0.410, 0.000;
1.075,8.341,-11.148,8.341,-11.148,-0.156, 0.156,-0.206,0.195,0.584,-1.492, 0.098, 0.340, 3.465,-0.884,-0.542, 1.571, 0.104, 0.450, 0.000;
1.087,6.401,-10.448,6.401,-10.448,-0.156, 0.161,-0.203,0.000,0.378,0.249, 0.088, 0.335, 3.481,-0.841,-0.515, 1.571, 0.063, 0.409, 0.000;
1.099,8.645,-10.862,8.645,-10.862,-0.154, 0.167,-0.203,0.174,0.523,0.000, 0.076, 0.327, 3.501,-0.884,-0.576, 1.571, 0.108, 0.454, 0.000;
1.113,8.743,-8.496,8.743,-8.496,-0.152, 0.172,-0.206,0.160,0.320,-0.211, 0.063, 0.320, 3.526,-0.930,-0.544, 1.571, 0.157, 0.405, 0.000;
1.125,8.201,-10.664,8.201,-10.664,-0.152, 0.179,-0.203,0.000,0.550,0.242, 0.054, 0.312, 3.542,-0.884,-0.602, 1.571, 0.114, 0.448, 0.000;
1.138,8.561,-8.344,8.561,-8.344,-0.150, 0.183,-0.206,0.179,0.358,-0.236, 0.042, 0.305, 3.564,-0.924,-0.573, 1.571, 0.157, 0.404, 0.000;
1.150,8.057,-10.394,8.057,-10.394,-0.150, 0.190,-0.203,0.000,0.577,0.254, 0.033, 0.297, 3.580,-0.880,-0.628, 1.571, 0.116, 0.445, 0.000;
1.162,8.403,-8.174,8.403,-8.174,-0.147, 0.194,-0.206,0.187,0.374,-0.247, 0.022, 0.290, 3.601,-0.919,-0.600, 1.571, 0.158, 0.403, 0.000;
1.174,7.871,-10.313,7.871,-10.313,-0.145, 0.201,-0.206,0.184,0.553,0.000, 0.010, 0.281, 3.620,-0.872,-0.657, 1.571, 0.116, 0.446, 0.000;
1.185,5.985,-9.602,5.985,-9.602,-0.145, 0.205,-0.203,0.000,0.389,0.257, 0.002, 0.274, 3.635,-0.828,-0.630, 1.571, 0.076, 0.405, 0.000;
1.197,7.876,-10.111,7.876,-10.111,-0.143, 0.212,-0.220,0.191,0.573,-1.471,-0.009, 0.264, 3.671,-0.865,-0.686, 1.571, 0.117, 0.447, 0.000;
1.209,8.114,-7.938,8.114,-7.938,-0.141, 0.217,-0.206,0.187,0.374,1.196,-0.020, 0.257, 3.675,-0.902,-0.658, 1.571, 0.159, 0.405, 0.000;
1.221,7.426,-10.211,7.426,-10.211,-0.141, 0.223,-0.220,0.000,0.546,-1.163,-0.029, 0.247, 3.709,-0.854,-0.715, 1.571, 0.115, 0.448, 0.000;
1.233,9.289,-10.312,9.289,-10.312,-0.138, 0.230,-0.220,0.192,0.576,0.000,-0.040, 0.237, 3.727,-0.890,-0.770, 1.571, 0.156, 0.489, 0.000;
1.244,7.125,-9.740,7.125,-9.740,-0.138, 0.234,-0.217,0.000,0.384,0.270,-0.049, 0.229, 3.742,-0.843,-0.742, 1.571, 0.115, 0.448, 0.000;
1.256,9.146,-10.163,9.146,-10.163,-0.136, 0.241,-0.220,0.191,0.574,-0.269,-0.059, 0.219, 3.764,-0.879,-0.796, 1.571, 0.156, 0.489, 0.000;
1.268,6.975,-9.588,6.975,-9.588,-0.136, 0.246,-0.217,0.000,0.383,0.269,-0.068, 0.211, 3.779,-0.832,-0.768, 1.571, 0.115, 0.448, 0.000;
1.278,8.873,-9.981,8.873,-9.981,-0.134, 0.252,-0.220,0.205,0.615,-0.288,-0.078, 0.201, 3.799,-0.865,-0.819, 1.571, 0.153, 0.486, 0.000;
1.289,8.984,-8.084,8.984,-8.084,-0.132, 0.257,-0.220,0.204,0.408,0.000,-0.088, 0.193, 3.816,-0.897,-0.793, 1.571, 0.191, 0.448, 0.000;
1.300,8.471,-10.003,8.471,-10.003,-0.132, 0.263,-0.220,0.000,0.613,0.000,-0.096, 0.182, 3.834,-0.853,-0.843, 1.571, 0.153, 0.486, 0.000;
1.311,8.849,-7.940,8.849,-7.940,-0.129, 0.268,-0.220,0.205,0.409,0.000,-0.105, 0.174, 3.851,-0.885,-0.817, 1.571, 0.191, 0.448, 0.000;
1.333,7.967,-11.569,7.967,-11.569,-0.127, 0.275,-0.223,0.105,0.314,-0.151,-0.122, 0.159, 3.887,-0.797,-0.915, 1.571, 0.116, 0.524, 0.000;
1.344,6.055,-10.565,6.055,-10.565,-0.127, 0.279,-0.220,0.000,0.386,0.279,-0.130, 0.150, 3.902,-0.749,-0.886, 1.571, 0.075, 0.482, 0.000;
1.356,6.519,-8.744,6.519,-8.744,-0.125, 0.286,-0.234,0.192,0.577,-1.222,-0.140, 0.138, 3.935,-0.782,-0.857, 1.571, 0.116, 0.441, 0.000;
1.367,4.698,-8.380,4.698,-8.380,-0.125, 0.290,-0.220,0.000,0.398,1.263,-0.148, 0.129, 3.938,-0.735,-0.830, 1.571, 0.077, 0.401, 0.000;
1.378,6.573,-8.855,6.573,-8.855,-0.123, 0.297,-0.234,0.198,0.593,-1.255,-0.157, 0.117, 3.970,-0.767,-0.881, 1.571, 0.116, 0.441, 0.000;
1.391,6.869,-6.550,6.869,-6.550,-0.121, 0.301,-0.223,0.172,0.344,0.843,-0.168, 0.107, 3.980,-0.804,-0.849, 1.571, 0.162, 0.396, 0.000;
1.403,4.864,-6.273,4.864,-6.273,-0.121, 0.306,-0.220,0.000,0.382,0.276,-0.175, 0.097, 3.995,-0.754,-0.819, 1.571, 0.121, 0.355, 0.000;
1.414,6.754,-6.775,6.754,-6.775,-0.118, 0.312,-0.238,0.198,0.593,-1.557,-0.185, 0.085, 4.030,-0.785,-0.871, 1.571, 0.160, 0.395, 0.000;
1.425,6.069,-8.373,6.069,-8.373,-0.118, 0.317,-0.234,0.000,0.409,0.314,-0.191, 0.076, 4.044,-0.738,-0.919, 1.571, 0.122, 0.433, 0.000;
1.436,7.852,-8.513,7.852,-8.513,-0.116, 0.324,-0.234,0.203,0.610,0.000,-0.200, 0.064, 4.061,-0.769,-0.969, 1.571, 0.160, 0.472, 0.000;
1.447,7.982,-6.619,7.982,-6.619,-0.114, 0.328,-0.238,0.202,0.404,-0.309,-0.209, 0.054, 4.082,-0.799,-0.940, 1.571, 0.199, 0.433, 0.000;
1.459,7.458,-8.586,7.458,-8.586,-0.114, 0.335,-0.234,0.000,0.584,0.298,-0.216, 0.041, 4.096,-0.749,-0.992, 1.571, 0.159, 0.473, 0.000;
1.470,7.882,-6.429,7.882,-6.429,-0.112, 0.339,-0.238,0.193,0.386,-0.296,-0.225, 0.030, 4.118,-0.780,-0.962, 1.571, 0.199, 0.433, 0.000;
1.483,7.300,-8.572,7.300,-8.572,-0.109, 0.346,-0.238,0.180,0.540,0.000,-0.234, 0.017, 4.137,-0.726,-1.016, 1.571, 0.156, 0.477, 0.000;
1.504,3.818,-7.399,3.818,-7.399,-0.109, 0.350,-0.238,0.000,0.206,0.000,-0.247, 0.001, 4.171,-0.631,-0.959, 1.571, 0.079, 0.400, 0.000;
1.516,4.623,-5.358,4.623,-5.358,-0.107, 0.355,-0.238,0.182,0.364,0.000,-0.255,-0.011, 4.191,-0.663,-0.926, 1.571, 0.123, 0.357, 0.000;
1.529,4.067,-7.460,4.067,-7.460,-0.107, 0.362,-0.234,0.000,0.551,0.282,-0.262,-0.024, 4.206,-0.610,-0.979, 1.571, 0.080, 0.400, 0.000;
1.541,4.541,-5.150,4.541,-5.150,-0.105, 0.366,-0.238,0.181,0.362,-0.278,-0.271,-0.036, 4.229,-0.642,-0.946, 1.571, 0.123, 0.357, 0.000;
1.545,5.060,-5.541,5.060,-5.541,-0.103, 0.373,-0.252,0.499,1.498,-3.191,-0.275,-0.045, 4.250,-0.653,-0.966, 1.571, 0.139, 0.372, 0.000;
1.556,4.603,-7.203,4.603,-7.203,-0.103, 0.377,-0.238,0.000,0.402,1.284,-0.281,-0.056, 4.254,-0.604,-1.014, 1.571, 0.100, 0.412, 0.000;
1.568,6.497,-7.358,6.497,-7.358,-0.100, 0.382,-0.238,0.193,0.385,0.000,-0.289,-0.068, 4.272,-0.634,-1.064, 1.571, 0.141, 0.453, 0.000;
1.590,9.702,-8.241,9.702,-8.241,-0.098, 0.388,-0.252,0.101,0.304,-0.646,-0.302,-0.088, 4.321,-0.689,-1.158, 1.571, 0.218, 0.530, 0.000;
1.602,7.339,-7.344,7.339,-7.344,-0.098, 0.393,-0.238,0.000,0.372,1.187,-0.307,-0.100, 4.325,-0.635,-1.124, 1.571, 0.175, 0.487, 0.000;
1.614,5.452,-6.898,5.452,-6.898,-0.096, 0.400,-0.252,0.181,0.543,-1.157,-0.315,-0.115, 4.359,-0.579,-1.089, 1.571, 0.132, 0.443, 0.000;
1.619,4.828,-6.646,4.828,-6.646,-0.096, 0.404,-0.252,0.000,0.910,0.000,-0.317,-0.123, 4.367,-0.557,-1.075, 1.571, 0.115, 0.426, 0.000;
1.640,8.317,-7.364,8.317,-7.364,-0.094, 0.408,-0.238,0.110,0.220,0.703,-0.328,-0.140, 4.384,-0.607,-1.160, 1.571, 0.186, 0.498, 0.000;
1.645,6.933,-7.018,6.933,-7.018,-0.092, 0.415,-0.252,0.443,1.328,-2.827,-0.333,-0.150, 4.406,-0.584,-1.146, 1.571, 0.168, 0.480, 0.000;
1.655,5.395,-6.579,5.395,-6.579,-0.092, 0.420,-0.252,0.000,0.448,0.000,-0.337,-0.161, 4.422,-0.538,-1.117, 1.571, 0.133, 0.445, 0.000;
1.666,7.382,-7.020,7.382,-7.020,-0.089, 0.426,-0.252,0.198,0.594,0.000,-0.343,-0.176, 4.440,-0.566,-1.164, 1.571, 0.173, 0.485, 0.000;
1.688,3.536,-5.965,3.536,-5.965,-0.087, 0.431,-0.256,0.100,0.199,-0.166,-0.354,-0.196, 4.479,-0.463,-1.099, 1.571, 0.094, 0.406, 0.000;
1.700,1.970,-5.396,1.970,-5.396,-0.087, 0.435,-0.252,0.000,0.372,0.309,-0.359,-0.208, 4.494,-0.408,-1.063, 1.571, 0.052, 0.363, 0.000;
1.703,2.278,-4.892,2.278,-4.892,-0.085, 0.440,-0.252,0.790,1.580,0.000,-0.362,-0.215, 4.498,-0.415,-1.055, 1.571, 0.062, 0.353, 0.000;
1.724,5.696,-5.864,5.696,-5.864,-0.083, 0.446,-0.256,0.106,0.317,-0.176,-0.371,-0.237, 4.535,-0.466,-1.142, 1.571, 0.136, 0.429, 0.000;
1.737,3.175,-5.030,3.175,-5.030,-0.083, 0.451,-0.252,0.000,0.349,0.290,-0.375,-0.250, 4.552,-0.406,-1.102, 1.571, 0.091, 0.383, 0.000;
1.748,5.131,-5.530,5.131,-5.530,-0.080, 0.458,-0.266,0.199,0.596,-1.259,-0.381,-0.265, 4.583,-0.433,-1.147, 1.571, 0.130, 0.422, 0.000;
1.760,5.417,-3.522,5.417,-3.522,-0.078, 0.462,-0.256,0.199,0.397,0.929,-0.387,-0.278, 4.591,-0.459,-1.113, 1.571, 0.170, 0.383, 0.000;
1.771,7.133,-4.121,7.133,-4.121,-0.076, 0.466,-0.256,0.199,0.399,0.000,-0.392,-0.290, 4.608,-0.486,-1.157, 1.571, 0.209, 0.422, 0.000;
1.782,5.102,-3.521,5.102,-3.521,-0.076, 0.471,-0.256,0.000,0.400,0.000,-0.395,-0.303, 4.626,-0.433,-1.123, 1.571, 0.169, 0.383, 0.000;
1.793,7.094,-3.963,7.094,-3.963,-0.074, 0.478,-0.256,0.201,0.602,0.000,-0.400,-0.318, 4.643,-0.459,-1.167, 1.571, 0.208, 0.422, 0.000;
1.804,6.397,-5.566,6.397,-5.566,-0.071, 0.482,-0.256,0.204,0.408,0.000,-0.405,-0.331, 4.660,-0.408,-1.209, 1.571, 0.170, 0.461, 0.000;
1.815,5.865,-7.148,5.865,-7.148,-0.071, 0.489,-0.270,0.000,0.606,-1.299,-0.408,-0.346, 4.692,-0.356,-1.252, 1.571, 0.131, 0.500, 0.000;
1.826,6.398,-5.078,6.398,-5.078,-0.069, 0.493,-0.270,0.203,0.406,0.000,-0.412,-0.358, 4.709,-0.382,-1.217, 1.571, 0.170, 0.461, 0.000;
1.837,6.866,-3.328,6.866,-3.328,-0.067, 0.498,-0.256,0.200,0.401,1.288,-0.417,-0.371, 4.712,-0.407,-1.182, 1.571, 0.209, 0.422, 0.000;
1.858,5.911,-6.870,5.911,-6.870,-0.067, 0.502,-0.256,0.000,0.211,0.000,-0.421,-0.392, 4.746,-0.307,-1.262, 1.571, 0.134, 0.496, 0.000;
1.870,6.422,-4.565,6.422,-4.565,-0.065, 0.509,-0.270,0.195,0.586,-1.255,-0.425,-0.407, 4.778,-0.334,-1.225, 1.571, 0.174, 0.456, 0.000;
1.881,4.604,-4.117,4.604,-4.117,-0.062, 0.513,-0.256,0.198,0.396,1.274,-0.429,-0.420, 4.781,-0.281,-1.188, 1.571, 0.135, 0.416, 0.000;
1.894,4.260,-6.160,4.260,-6.160,-0.062, 0.518,-0.256,0.000,0.347,0.000,-0.431,-0.435, 4.802,-0.220,-1.236, 1.571, 0.090, 0.461, 0.000;
1.906,6.103,-6.395,6.103,-6.395,-0.060, 0.525,-0.270,0.192,0.577,-1.237,-0.434,-0.451, 4.834,-0.247,-1.278, 1.571, 0.130, 0.502, 0.000;
1.917,6.361,-4.449,6.361,-4.449,-0.058, 0.529,-0.270,0.200,0.399,0.000,-0.438,-0.464, 4.852,-0.272,-1.241, 1.571, 0.170, 0.462, 0.000;
1.928,6.796,-2.761,6.796,-2.761,-0.056, 0.533,-0.274,0.193,0.386,-0.347,-0.441,-0.477, 4.874,-0.298,-1.202, 1.571, 0.210, 0.422, 0.000;
1.940,6.212,-4.785,6.212,-4.785,-0.056, 0.540,-0.270,0.000,0.563,0.337,-0.442,-0.493, 4.889,-0.242,-1.246, 1.571, 0.168, 0.464, 0.000;
1.952,6.773,-2.641,6.773,-2.641,-0.054, 0.545,-0.274,0.194,0.387,-0.348,-0.445,-0.507, 4.911,-0.268,-1.206, 1.571, 0.208, 0.423, 0.000;
1.963,4.871,-2.261,4.871,-2.261,-0.051, 0.549,-0.274,0.194,0.387,0.000,-0.448,-0.520, 4.929,-0.213,-1.167, 1.571, 0.168, 0.383, 0.000;
1.974,4.593,-3.999,4.593,-3.999,-0.051, 0.554,-0.270,0.000,0.402,0.361,-0.448,-0.533, 4.942,-0.160,-1.207, 1.571, 0.129, 0.422, 0.000;
1.986,6.475,-4.248,6.475,-4.248,-0.049, 0.560,-0.274,0.196,0.587,-0.352,-0.451,-0.549, 4.964,-0.186,-1.247, 1.571, 0.169, 0.462, 0.000;
1.997,4.404,-3.652,4.404,-3.652,-0.047, 0.565,-0.289,0.198,0.396,-1.279,-0.453,-0.562, 4.996,-0.133,-1.208, 1.571, 0.129, 0.423, 0.000;
2.009,4.161,-5.407,4.161,-5.407,-0.047, 0.569,-0.270,0.000,0.385,1.591,-0.453,-0.576, 4.996,-0.078,-1.248, 1.571, 0.089, 0.463, 0.000;
2.031,5.223,-1.639,5.223,-1.639,-0.045, 0.574,-0.274,0.102,0.203,-0.183,-0.455,-0.598, 5.035,-0.128,-1.170, 1.571, 0.166, 0.386, 0.000;
2.042,3.201,-1.352,3.201,-1.352,-0.042, 0.578,-0.274,0.187,0.373,0.000,-0.456,-0.611, 5.053,-0.071,-1.127, 1.571, 0.124, 0.344, 0.000;
2.055,2.825,-3.380,2.825,-3.380,-0.042, 0.585,-0.289,0.000,0.538,-1.159,-0.456,-0.628, 5.087,-0.012,-1.170, 1.571, 0.080, 0.387, 0.000;
2.060,3.153,-2.251,3.153,-2.251,-0.040, 0.589,-0.274,0.485,0.971,3.135,-0.458,-0.636, 5.080,-0.023,-1.153, 1.571, 0.096, 0.371, 0.000;
2.070,4.769,-2.856,4.769,-2.856,-0.038, 0.594,-0.289,0.213,0.425,-1.374,-0.459,-0.649, 5.111,-0.047,-1.189, 1.571, 0.133, 0.408, 0.000;
2.083,4.048,-4.693,4.048,-4.693,-0.038, 0.598,-0.274,0.000,0.352,1.138,-0.458,-0.663, 5.116, 0.013,-1.232, 1.571, 0.089, 0.453, 0.000;
2.103,5.053,-1.171,5.053,-1.171,-0.036, 0.603,-0.274,0.111,0.222,0.000,-0.458,-0.683, 5.148,-0.033,-1.157, 1.571, 0.159, 0.382, 0.000;
2.114,4.416,-3.282,4.416,-3.282,-0.033, 0.609,-0.289,0.198,0.593,-1.277,-0.459,-0.698, 5.180, 0.020,-1.194, 1.571, 0.120, 0.422, 0.000;
2.126,2.648,-2.451,2.648,-2.451,-0.033, 0.614,-0.289,0.000,0.387,0.000,-0.457,-0.712, 5.198, 0.075,-1.151, 1.571, 0.079, 0.381, 0.000;
2.137,4.765,-2.989,4.765,-2.989,-0.031, 0.618,-0.289,0.190,0.379,0.000,-0.457,-0.725, 5.217, 0.048,-1.190, 1.571, 0.120, 0.423, 0.000;
2.149,5.139,-0.881,5.139,-0.881,-0.029, 0.623,-0.274,0.187,0.373,1.206,-0.457,-0.739, 5.221, 0.020,-1.144, 1.571, 0.162, 0.381, 0.000;
2.162,4.529,-3.004,4.529,-3.004,-0.029, 0.627,-0.274,0.000,0.363,0.000,-0.455,-0.753, 5.240, 0.078,-1.184, 1.571, 0.119, 0.424, 0.000;
2.174,5.177,-0.735,5.177,-0.735,-0.027, 0.632,-0.274,0.182,0.364,0.000,-0.455,-0.767, 5.260, 0.050,-1.137, 1.571, 0.162, 0.381, 0.000;
2.186,4.528,-2.965,4.528,-2.965,-0.025, 0.638,-0.293,0.180,0.541,-1.515,-0.454,-0.783, 5.298, 0.108,-1.176, 1.571, 0.119, 0.424, 0.000;
2.199,5.206,-0.674,5.206,-0.674,-0.022, 0.643,-0.293,0.179,0.359,0.000,-0.454,-0.796, 5.317, 0.079,-1.128, 1.571, 0.162, 0.381, 0.000;
2.211,4.559,-2.813,4.559,-2.813,-0.022, 0.647,-0.289,0.000,0.356,0.345,-0.450,-0.810, 5.333, 0.138,-1.167, 1.571, 0.118, 0.425, 0.000;
2.223,5.209,-0.673,5.209,-0.673,-0.020, 0.652,-0.289,0.194,0.388,0.000,-0.450,-0.823, 5.351, 0.111,-1.122, 1.571, 0.158, 0.384, 0.000;
2.234,6.961,-1.390,6.961,-1.390,-0.018, 0.656,-0.293,0.197,0.393,-0.381,-0.449,-0.836, 5.373, 0.084,-1.157, 1.571, 0.198, 0.424, 0.000;
2.247,7.364,0.702,7.364,0.702,-0.016, 0.661,-0.293,0.180,0.359,0.000,-0.447,-0.850, 5.393, 0.055,-1.108, 1.571, 0.242, 0.380, 0.000;
2.259,6.745,-1.361,6.745,-1.361,-0.013, 0.665,-0.293,0.187,0.373,0.000,-0.446,-0.863, 5.411, 0.111,-1.144, 1.571, 0.200, 0.422, 0.000;
2.270,4.956,-0.519,4.956,-0.519,-0.013, 0.670,-0.293,0.000,0.379,0.000,-0.442,-0.876, 5.430, 0.165,-1.097, 1.571, 0.158, 0.381, 0.000;
2.283,7.170,-1.108,7.170,-1.108,-0.011, 0.674,-0.293,0.181,0.362,0.000,-0.440,-0.889, 5.449, 0.136,-1.133, 1.571, 0.201, 0.424, 0.000;
2.295,5.079,-0.407,5.079,-0.407,-0.009, 0.679,-0.293,0.188,0.375,0.000,-0.439,-0.902, 5.468, 0.191,-1.085, 1.571, 0.160, 0.382, 0.000;
2.306,7.163,-0.969,7.163,-0.969,-0.007, 0.683,-0.293,0.193,0.386,0.000,-0.437,-0.914, 5.486, 0.163,-1.119, 1.571, 0.200, 0.423, 0.000;
2.318,5.120,-0.290,5.120,-0.290,-0.004, 0.687,-0.293,0.191,0.382,0.000,-0.435,-0.927, 5.504, 0.217,-1.071, 1.571, 0.159, 0.382, 0.000;
2.329,7.145,-0.836,7.145,-0.836,-0.002, 0.692,-0.293,0.199,0.398,0.000,-0.432,-0.939, 5.522, 0.189,-1.104, 1.571, 0.199, 0.421, 0.000;
2.340,5.175,-0.282,5.175,-0.282, 0.000, 0.696,-0.312,0.199,0.397,-1.703,-0.430,-0.951, 5.559, 0.241,-1.058, 1.571, 0.159, 0.382, 0.000;
2.352,5.967,1.609,5.967,1.609, 0.002, 0.699,-0.297,0.194,0.194,1.277,-0.428,-0.961, 5.562, 0.213,-1.010, 1.571, 0.200, 0.341, 0.000;
2.363,5.365,-0.391,5.365,-0.391, 0.002, 0.703,-0.293,0.000,0.385,0.384,-0.423,-0.973, 5.576, 0.266,-1.043, 1.571, 0.159, 0.382, 0.000;
2.385,6.509,3.301,6.509,3.301, 0.004, 0.708,-0.293,0.103,0.205,0.000,-0.416,-0.992, 5.610, 0.212,-0.952, 1.571, 0.235, 0.306, 0.000;
2.398,4.521,3.534,4.521,3.534, 0.007, 0.712,-0.307,0.179,0.357,-1.159,-0.412,-1.004, 5.644, 0.269,-0.899, 1.571, 0.190, 0.262, 0.000;
2.409,4.212,1.683,4.212,1.683, 0.009, 0.716,-0.307,0.193,0.386,0.000,-0.409,-1.016, 5.662, 0.321,-0.931, 1.571, 0.150, 0.302, 0.000;
2.412,4.416,2.467,4.416,2.467, 0.011, 0.719,-0.293,0.808,0.808,5.245,-0.410,-1.020, 5.652, 0.314,-0.919, 1.571, 0.160, 0.293, 0.000;
2.435,8.097,1.248,8.097,1.248, 0.013, 0.723,-0.293,0.096,0.192,0.000,-0.401,-1.039, 5.689, 0.254,-0.984, 1.571, 0.242, 0.375, 0.000;
2.446,6.068,1.995,6.068,1.995, 0.016, 0.728,-0.293,0.213,0.426,0.000,-0.398,-1.050, 5.705, 0.302,-0.938, 1.571, 0.204, 0.337, 0.000;
2.458,4.347,2.566,4.347,2.566, 0.018, 0.730,-0.293,0.184,0.184,0.000,-0.394,-1.059, 5.724, 0.356,-0.885, 1.571, 0.162, 0.294, 0.000;
2.470,6.641,1.912,6.641,1.912, 0.020, 0.734,-0.293,0.175,0.350,0.000,-0.390,-1.071, 5.744, 0.323,-0.919, 1.571, 0.206, 0.339, 0.000;
2.476,5.588,2.233,5.588,2.233, 0.022, 0.739,-0.307,0.397,0.793,-2.574,-0.389,-1.079, 5.768, 0.348,-0.895, 1.571, 0.187, 0.319, 0.000;
2.487,7.430,1.764,7.430,1.764, 0.025, 0.741,-0.293,0.200,0.200,1.298,-0.385,-1.087, 5.771, 0.318,-0.925, 1.571, 0.226, 0.358, 0.000;
2.499,9.064,1.273,9.064,1.273, 0.029, 0.745,-0.297,0.395,0.395,-0.394,-0.383,-1.098, 5.793, 0.289,-0.955, 1.571, 0.266, 0.398, 0.000;
2.510,7.000,1.963,7.000,1.963, 0.029, 0.748,-0.293,0.000,0.192,0.383,-0.377,-1.107, 5.807, 0.340,-0.903, 1.571, 0.224, 0.357, 0.000;
2.522,9.169,1.192,9.169,1.192, 0.033, 0.752,-0.312,0.379,0.379,-1.625,-0.375,-1.118, 5.844, 0.308,-0.934, 1.571, 0.266, 0.398, 0.000;
2.544,5.395,2.492,5.395,2.492, 0.036, 0.754,-0.297,0.100,0.100,0.659,-0.364,-1.132, 5.865, 0.405,-0.835, 1.571, 0.187, 0.319, 0.000;
2.556,3.944,3.081,3.944,3.081, 0.038, 0.757,-0.283,0.185,0.185,1.225,-0.359,-1.140, 5.869, 0.457,-0.780, 1.571, 0.145, 0.276, 0.000;
2.559,4.685,2.884,4.685,2.884, 0.040, 0.761,-0.293,0.825,1.649,-3.826,-0.359,-1.146, 5.883, 0.450,-0.787, 1.571, 0.154, 0.286, 0.000;
2.581,8.119,1.798,8.119,1.798, 0.045, 0.763,-0.297,0.204,0.102,-0.204,-0.351,-1.159, 5.922, 0.389,-0.843, 1.571, 0.232, 0.363, 0.000;
2.593,5.822,2.656,5.822,2.656, 0.047, 0.766,-0.283,0.185,0.185,1.229,-0.345,-1.167, 5.926, 0.441,-0.788, 1.571, 0.189, 0.320, 0.000;
2.596,5.626,2.769,5.626,2.769, 0.049, 0.768,-0.283,0.747,0.747,0.000,-0.346,-1.170, 5.931, 0.454,-0.775, 1.571, 0.179, 0.309, 0.000;
2.607,6.211,4.589,6.211,4.589, 0.054, 0.770,-0.283,0.387,0.194,0.000,-0.343,-1.178, 5.949, 0.421,-0.722, 1.571, 0.220, 0.268, 0.000;
2.629,9.666,3.197,9.666,3.197, 0.056, 0.775,-0.297,0.103,0.206,-0.683,-0.331,-1.192, 5.998, 0.360,-0.777, 1.571, 0.296, 0.345, 0.000;
2.640,7.509,4.065,7.509,4.065, 0.060, 0.775,-0.283,0.399,0.000,1.322,-0.328,-1.197, 6.001, 0.407,-0.725, 1.571, 0.256, 0.304, 0.000;
2.652,5.949,4.521,5.949,4.521, 0.062, 0.779,-0.283,0.198,0.395,0.000,-0.323,-1.206, 6.019, 0.454,-0.673, 1.571, 0.217, 0.264, 0.000;
2.663,6.732,6.324,6.732,6.324, 0.067, 0.781,-0.283,0.387,0.194,0.000,-0.319,-1.213, 6.037, 0.421,-0.620, 1.571, 0.257, 0.224, 0.000;
2.676,6.100,4.066,6.100,4.066, 0.069, 0.783,-0.283,0.174,0.174,0.000,-0.313,-1.220, 6.057, 0.473,-0.651, 1.571, 0.212, 0.268, 0.000;
2.688,6.663,6.272,6.663,6.272, 0.074, 0.783,-0.268,0.386,0.000,1.291,-0.309,-1.224, 6.060, 0.439,-0.598, 1.571, 0.253, 0.227, 0.000;
2.700,4.728,6.561,4.728,6.561, 0.076, 0.786,-0.268,0.187,0.187,0.000,-0.303,-1.231, 6.079, 0.488,-0.543, 1.571, 0.211, 0.186, 0.000;
2.712,6.970,5.970,6.970,5.970, 0.080, 0.788,-0.268,0.363,0.181,0.000,-0.299,-1.238, 6.098, 0.451,-0.572, 1.571, 0.255, 0.229, 0.000;
2.724,4.721,6.600,4.721,6.600, 0.083, 0.790,-0.264,0.177,0.177,0.321,-0.292,-1.244, 6.114, 0.503,-0.514, 1.571, 0.210, 0.184, 0.000;
2.737,7.159,5.860,7.159,5.860, 0.087, 0.792,-0.283,0.351,0.176,-1.495,-0.288,-1.250, 6.153, 0.464,-0.544, 1.571, 0.255, 0.229, 0.000;
2.749,7.495,7.767,7.495,7.767, 0.092, 0.795,-0.283,0.386,0.193,0.000,-0.284,-1.256, 6.171, 0.429,-0.490, 1.571, 0.296, 0.188, 0.000;
2.760,5.475,8.168,5.475,8.168, 0.094, 0.795,-0.268,0.192,0.000,1.282,-0.278,-1.260, 6.174, 0.476,-0.436, 1.571, 0.255, 0.147, 0.000;
2.772,7.643,7.575,7.643,7.575, 0.098, 0.797,-0.268,0.377,0.189,0.000,-0.273,-1.265, 6.193, 0.439,-0.464, 1.571, 0.297, 0.189, 0.000;
2.784,7.968,9.538,7.968,9.538, 0.103, 0.797,-0.268,0.375,0.000,0.000,-0.269,-1.268, 6.212, 0.402,-0.408, 1.571, 0.338, 0.147, 0.000;
2.797,7.355,7.171,7.355,7.171, 0.105, 0.799,-0.268,0.169,0.169,0.000,-0.261,-1.274, 6.232, 0.454,-0.439, 1.571, 0.292, 0.193, 0.000;
2.810,8.185,9.367,8.185,9.367, 0.109, 0.801,-0.283,0.344,0.172,-1.151,-0.256,-1.279, 6.268, 0.413,-0.378, 1.571, 0.337, 0.147, 0.000;
2.822,6.103,9.761,6.103,9.761, 0.114, 0.801,-0.268,0.374,0.000,1.251,-0.252,-1.282, 6.272, 0.459,-0.322, 1.571, 0.296, 0.105, 0.000;
2.835,6.808,11.854,6.808,11.854, 0.118, 0.801,-0.257,0.339,0.000,0.842,-0.246,-1.285, 6.281, 0.417,-0.260, 1.571, 0.342, 0.059, 0.000;
2.846,6.442,9.771,6.442,9.771, 0.121, 0.804,-0.268,0.207,0.207,-1.032,-0.240,-1.289, 6.309, 0.459,-0.285, 1.571, 0.304, 0.097, 0.000;
2.858,7.044,11.836,7.044,11.836, 0.125, 0.804,-0.268,0.382,0.000,0.000,-0.236,-1.291, 6.328, 0.421,-0.230, 1.571, 0.345, 0.056, 0.000;
2.871,9.096,10.979,9.096,10.979, 0.129, 0.806,-0.272,0.351,0.176,-0.329,-0.230,-1.295, 6.352, 0.380,-0.259, 1.571, 0.389, 0.101, 0.000;
2.883,6.915,11.580,6.915,11.580, 0.134, 0.806,-0.272,0.361,0.000,0.000,-0.225,-1.297, 6.371, 0.426,-0.201, 1.571, 0.346, 0.057, 0.000;
2.896,4.902,12.137,4.902,12.137, 0.136, 0.806,-0.253,0.175,0.000,1.507,-0.218,-1.299, 6.372, 0.474,-0.140, 1.571, 0.301, 0.012, 0.000;
2.909,7.261,11.516,7.261,11.516, 0.141, 0.806,-0.253,0.347,0.000,0.000,-0.212,-1.301, 6.392, 0.431,-0.170, 1.571, 0.346, 0.057, 0.000;
2.920,6.724,9.550,6.724,9.550, 0.145, 0.808,-0.268,0.380,0.190,-1.283,-0.208,-1.304, 6.426, 0.474,-0.197, 1.571, 0.305, 0.099, 0.000;
2.932,7.337,11.678,7.337,11.678, 0.150, 0.808,-0.268,0.370,0.000,0.000,-0.203,-1.305, 6.445, 0.434,-0.139, 1.571, 0.347, 0.056, 0.000;
2.944,5.545,11.888,5.545,11.888, 0.154, 0.808,-0.272,0.393,0.000,-0.367,-0.198,-1.306, 6.467, 0.475,-0.086, 1.571, 0.308, 0.016, 0.000;
2.956,7.507,11.378,7.507,11.378, 0.158, 0.808,-0.257,0.376,0.000,1.288,-0.193,-1.307, 6.470, 0.434,-0.113, 1.571, 0.349, 0.058, 0.000;
2.967,5.429,11.891,5.429,11.891, 0.163, 0.808,-0.257,0.379,0.000,0.000,-0.189,-1.307, 6.488, 0.476,-0.057, 1.571, 0.308, 0.017, 0.000;
2.978,7.469,11.323,7.469,11.323, 0.167, 0.808,-0.257,0.401,0.000,0.000,-0.184,-1.308, 6.506, 0.438,-0.082, 1.571, 0.347, 0.056, 0.000;
2.989,7.745,13.078,7.745,13.078, 0.172, 0.808,-0.257,0.411,0.000,0.000,-0.180,-1.308, 6.523, 0.400,-0.030, 1.571, 0.385, 0.017, 0.000;
3.000,9.475,12.370,9.475,12.370, 0.176, 0.808,-0.257,0.407,0.000,0.000,-0.176,-1.308, 6.540, 0.362,-0.055, 1.571, 0.424, 0.056, 0.000;
3.011,7.550,12.839,7.550,12.839, 0.181, 0.808,-0.257,0.410,0.000,0.000,-0.172,-1.308, 6.557, 0.400,-0.004, 1.571, 0.386, 0.018, 0.000;
3.032,11.136,11.841,11.136,11.841, 0.185, 0.808,-0.257,0.212,0.000,0.000,-0.160,-1.307, 6.590, 0.325,-0.052, 1.571, 0.459, 0.091, 0.000;
3.044,8.944,12.362,8.944,12.362, 0.190, 0.808,-0.257,0.383,0.000,0.000,-0.155,-1.307, 6.609, 0.366, 0.004, 1.571, 0.418, 0.050, 0.000;
3.055,7.531,12.640,7.531,12.640, 0.194, 0.808,-0.268,0.399,0.000,-0.991,-0.151,-1.306, 6.637, 0.404, 0.057, 1.571, 0.378, 0.011, 0.000;
3.066,9.607,12.002,9.607,12.002, 0.199, 0.808,-0.272,0.398,0.000,-0.372,-0.147,-1.305, 6.659, 0.363, 0.031, 1.571, 0.418, 0.050, 0.000;
3.078,9.712,13.978,9.712,13.978, 0.205, 0.806,-0.257,0.592,-0.197,1.351,-0.144,-1.302, 6.662, 0.322, 0.085, 1.571, 0.458, 0.010, 0.000;
3.090,7.762,14.190,7.762,14.190, 0.210, 0.806,-0.257,0.375,0.000,0.000,-0.140,-1.301, 6.680, 0.362, 0.141, 1.571, 0.416,-0.031, 0.000;
3.101,7.539,12.268,7.539,12.268, 0.214, 0.806,-0.257,0.396,0.000,0.000,-0.135,-1.299, 6.698, 0.399, 0.116, 1.571, 0.376, 0.008, 0.000;
3.114,8.371,14.352,8.371,14.352, 0.219, 0.806,-0.272,0.348,0.000,-1.192,-0.130,-1.298, 6.734, 0.352, 0.176, 1.571, 0.421,-0.037, 0.000;
3.124,8.634,15.856,8.634,15.856, 0.225, 0.804,-0.261,0.630,-0.210,1.053,-0.128,-1.294, 6.739, 0.312, 0.226, 1.571, 0.458,-0.074, 0.000;
3.136,8.260,13.668,8.260,13.668, 0.230, 0.804,-0.272,0.393,0.000,-0.986,-0.124,-1.292, 6.768, 0.349, 0.200, 1.571, 0.419,-0.034, 0.000;
3.147,8.579,15.701,8.579,15.701, 0.234, 0.801,-0.257,0.410,-0.205,1.403,-0.120,-1.288, 6.770, 0.308, 0.252, 1.571, 0.457,-0.073, 0.000;
3.158,8.088,13.656,8.088,13.656, 0.239, 0.801,-0.257,0.405,0.000,0.000,-0.116,-1.286, 6.787, 0.343, 0.226, 1.571, 0.418,-0.034, 0.000;
3.179,11.823,12.683,11.823,12.683, 0.246, 0.801,-0.276,0.313,0.000,-0.917,-0.107,-1.282, 6.840, 0.261, 0.177, 1.571, 0.494, 0.041, 0.000;
3.192,9.371,13.294,9.371,13.294, 0.250, 0.799,-0.272,0.352,-0.176,0.340,-0.102,-1.277, 6.856, 0.302, 0.237, 1.571, 0.448,-0.004, 0.000;
3.202,9.239,11.484,9.239,11.484, 0.257, 0.799,-0.276,0.658,0.000,-0.423,-0.101,-1.274, 6.876, 0.334, 0.213, 1.571, 0.412, 0.032, 0.000;
3.214,9.811,13.501,9.811,13.501, 0.261, 0.797,-0.276,0.378,-0.189,0.000,-0.096,-1.269, 6.895, 0.288, 0.269, 1.571, 0.453,-0.010, 0.000;
3.225,7.686,13.874,7.686,13.874, 0.266, 0.795,-0.257,0.393,-0.197,1.726,-0.093,-1.264, 6.893, 0.323, 0.322, 1.571, 0.414,-0.050, 0.000;
3.237,10.124,13.041,10.124,13.041, 0.272, 0.795,-0.276,0.554,0.000,-1.620,-0.090,-1.260, 6.932, 0.275, 0.293, 1.571, 0.456,-0.008, 0.000;
3.249,7.796,13.711,7.796,13.711, 0.277, 0.792,-0.257,0.389,-0.195,1.708,-0.086,-1.255, 6.930, 0.310, 0.347, 1.571, 0.416,-0.048, 0.000;
3.260,10.062,12.922,10.062,12.922, 0.283, 0.792,-0.276,0.608,0.000,-1.778,-0.085,-1.251, 6.967, 0.266, 0.321, 1.571, 0.455,-0.009, 0.000;
3.271,8.047,13.426,8.047,13.426, 0.288, 0.790,-0.276,0.396,-0.198,0.000,-0.082,-1.246, 6.985, 0.300, 0.373, 1.571, 0.415,-0.049, 0.000;
