0.000,0.000,0.000,0.000,0.000, 0.000, 0.000, 0.000,0.000,0.000,0.000, 0.000, 0.000, 0.000;
0.012,1.049,0.834,1.049,0.834,-0.047,-0.033, 0.000,0.000,0.000,0.000, 0.547, 0.043, 0.000;
0.023,1.078,0.800,1.072,0.807,-0.047,-0.033,-0.014,0.000,0.000,-1.241, 0.547, 0.052, 0.014;
0.035,1.077,0.804,1.077,0.804,-0.047,-0.033, 0.000,0.000,0.000,1.245, 0.546, 0.061, 0.000;
0.046,1.091,0.788,1.091,0.788,-0.047,-0.033, 0.000,0.000,0.000,0.000, 0.546, 0.070, 0.000;
0.057,1.104,0.773,1.104,0.773,-0.047,-0.033, 0.000,0.000,0.000,0.000, 0.545, 0.079, 0.000;
0.069,1.117,0.756,1.117,0.756,-0.047,-0.033, 0.000,0.000,0.000,0.000, 0.544, 0.088, 0.000;
0.080,1.130,0.741,1.130,0.741,-0.047,-0.033, 0.000,0.000,0.000,0.000, 0.543, 0.096, 0.000;
0.102,1.153,0.710,1.153,0.710,-0.047,-0.033, 0.000,0.000,0.000,0.000, 0.541, 0.113, 0.000;
0.113,1.165,0.693,1.165,0.693,-0.047,-0.033, 0.000,0.000,0.000,0.000, 0.539, 0.122, 0.000;
0.125,1.177,0.675,1.177,0.675,-0.047,-0.033, 0.000,0.000,0.000,0.000, 0.537, 0.131, 0.000;
0.136,1.188,0.658,1.188,0.658,-0.047,-0.033, 0.000,0.000,0.000,0.000, 0.535, 0.140, 0.000;
0.148,1.199,0.641,1.199,0.641,-0.047,-0.033, 0.000,0.000,0.000,0.000, 0.533, 0.149, 0.000;
0.159,1.222,0.602,1.215,0.609,-0.047,-0.033,-0.014,0.000,0.000,-1.287, 0.531, 0.157, 0.014;
0.171,1.220,0.605,1.220,0.605,-0.047,-0.033, 0.000,0.000,0.000,1.248, 0.529, 0.166, 0.000;
0.182,1.242,0.565,1.236,0.572,-0.047,-0.033,-0.014,0.000,0.000,-1.231, 0.526, 0.175, 0.014;
0.194,1.240,0.569,1.240,0.569,-0.047,-0.033, 0.000,0.000,0.000,1.299, 0.524, 0.183, 0.000;
0.205,1.260,0.530,1.254,0.536,-0.047,-0.033,-0.014,0.000,0.000,-1.315, 0.521, 0.191, 0.014;
0.216,1.258,0.533,1.258,0.533,-0.047,-0.033, 0.000,0.000,0.000,1.315, 0.518, 0.200, 0.000;
0.229,1.268,0.511,1.268,0.511,-0.047,-0.033, 0.000,0.000,0.000,0.000, 0.515, 0.210, 0.000;
0.240,1.276,0.493,1.276,0.493,-0.047,-0.033, 0.000,0.000,0.000,0.000, 0.512, 0.218, 0.000;
0.261,1.291,0.458,1.291,0.458,-0.047,-0.033, 0.000,0.000,0.000,0.000, 0.505, 0.233, 0.000;
0.273,1.298,0.439,1.298,0.439,-0.047,-0.033, 0.000,0.000,0.000,0.000, 0.502, 0.241, 0.000;
0.285,1.306,0.418,1.306,0.418,-0.047,-0.033, 0.000,0.000,0.000,0.000, 0.498, 0.250, 0.000;
0.296,1.312,0.399,1.312,0.399,-0.047,-0.033, 0.000,0.000,0.000,0.000, 0.494, 0.258, 0.000;
0.307,1.318,0.379,1.318,0.379,-0.047,-0.033, 0.000,0.000,0.000,0.000, 0.490, 0.266, 0.000;
0.320,1.333,0.336,1.327,0.342,-0.047,-0.033,-0.014,0.000,0.000,-1.180, 0.485, 0.274, 0.014;
0.331,1.330,0.338,1.330,0.338,-0.047,-0.033, 0.000,0.000,0.000,1.270, 0.481, 0.282, 0.000;
0.342,1.343,0.296,1.337,0.302,-0.047,-0.033,-0.014,0.000,0.000,-1.268, 0.476, 0.290, 0.014;
0.354,1.341,0.298,1.341,0.298,-0.047,-0.033, 0.000,0.000,0.000,1.233, 0.471, 0.298, 0.000;
0.365,1.352,0.256,1.346,0.262,-0.047,-0.033,-0.014,0.000,0.000,-1.322, 0.467, 0.305, 0.014;
0.378,1.349,0.256,1.349,0.256,-0.047,-0.033, 0.000,0.000,0.000,1.159, 0.461, 0.313, 0.000;
0.389,1.353,0.236,1.353,0.236,-0.047,-0.033, 0.000,0.000,0.000,0.000, 0.456, 0.320, 0.000;
0.400,1.357,0.216,1.357,0.216,-0.047,-0.033, 0.000,0.000,0.000,0.000, 0.451, 0.328, 0.000;
0.411,1.359,0.197,1.359,0.197,-0.047,-0.033, 0.000,0.000,0.000,0.000, 0.446, 0.334, 0.000;
0.422,1.362,0.177,1.362,0.177,-0.047,-0.033, 0.000,0.000,0.000,0.000, 0.441, 0.341, 0.000;
0.444,1.366,0.138,1.366,0.138,-0.047,-0.033, 0.000,0.000,0.000,0.000, 0.430, 0.355, 0.000;
0.456,1.368,0.116,1.368,0.116,-0.047,-0.033, 0.000,0.000,0.000,0.000, 0.424, 0.362, 0.000;
0.468,1.369,0.094,1.369,0.094,-0.047,-0.033, 0.000,0.000,0.000,0.000, 0.418, 0.369, 0.000;
0.480,1.370,0.074,1.370,0.074,-0.047,-0.033, 0.000,0.000,0.000,0.000, 0.412, 0.375, 0.000;
0.491,1.371,0.052,1.371,0.052,-0.047,-0.033, 0.000,0.000,0.000,0.000, 0.405, 0.382, 0.000;
0.505,1.371,0.029,1.371,0.029,-0.047,-0.033, 0.000,0.000,0.000,0.000, 0.398, 0.390, 0.000;
0.517,1.370,0.007,1.370,0.007,-0.047,-0.033, 0.000,0.000,0.000,0.000, 0.391, 0.396, 0.000;
0.528,1.372,-0.037,1.366,-0.030,-0.047,-0.033,-0.014,0.000,0.000,-1.265, 0.384, 0.402, 0.014;
0.540,1.368,-0.036,1.368,-0.036,-0.047,-0.033, 0.000,0.000,0.000,1.195, 0.377, 0.409, 0.000;
0.552,1.369,-0.080,1.362,-0.073,-0.047,-0.033,-0.014,0.000,0.000,-1.224, 0.370, 0.415, 0.014;
0.564,1.365,-0.079,1.365,-0.079,-0.047,-0.033, 0.000,0.000,0.000,1.185, 0.363, 0.421, 0.000;
0.575,1.364,-0.121,1.358,-0.114,-0.047,-0.033,-0.014,0.000,0.000,-1.378, 0.357, 0.426, 0.014;
0.587,1.360,-0.119,1.360,-0.119,-0.047,-0.033, 0.000,0.000,0.000,1.221, 0.349, 0.432, 0.000;
0.598,1.357,-0.140,1.357,-0.140,-0.047,-0.033, 0.000,0.000,0.000,0.000, 0.342, 0.437, 0.000;
0.609,1.354,-0.159,1.354,-0.159,-0.047,-0.033, 0.000,0.000,0.000,0.000, 0.335, 0.442, 0.000;
0.621,1.350,-0.180,1.350,-0.180,-0.047,-0.033, 0.000,0.000,0.000,0.000, 0.327, 0.447, 0.000;
0.632,1.346,-0.200,1.346,-0.200,-0.047,-0.033, 0.000,0.000,0.000,0.000, 0.320, 0.452, 0.000;
0.643,1.342,-0.219,1.342,-0.219,-0.047,-0.033, 0.000,0.000,0.000,0.000, 0.313, 0.457, 0.000;
0.664,1.332,-0.279,1.325,-0.272,-0.047,-0.033,-0.014,0.000,0.000,-0.685, 0.299, 0.466, 0.014;
0.676,1.327,-0.276,1.327,-0.276,-0.047,-0.033, 0.000,0.000,0.000,1.252, 0.291, 0.470, 0.000;
0.688,1.321,-0.297,1.321,-0.297,-0.047,-0.033, 0.000,0.000,0.000,0.000, 0.283, 0.474, 0.000;
0.699,1.315,-0.317,1.315,-0.317,-0.047,-0.033, 0.000,0.000,0.000,0.000, 0.274, 0.479, 0.000;
0.711,1.308,-0.337,1.308,-0.337,-0.047,-0.033, 0.000,0.000,0.000,0.000, 0.266, 0.483, 0.000;
0.722,1.301,-0.356,1.301,-0.356,-0.047,-0.033, 0.000,0.000,0.000,0.000, 0.258, 0.487, 0.000;
0.733,1.292,-0.397,1.285,-0.390,-0.047,-0.033,-0.014,0.000,0.000,-1.278, 0.250, 0.490, 0.014;
0.744,1.287,-0.393,1.287,-0.393,-0.047,-0.033, 0.000,0.000,0.000,1.328, 0.242, 0.494, 0.000;
0.756,1.276,-0.434,1.270,-0.428,-0.047,-0.033,-0.014,0.000,0.000,-1.274, 0.234, 0.497, 0.014;
0.767,1.271,-0.431,1.271,-0.431,-0.047,-0.033, 0.000,0.000,0.000,1.311, 0.226, 0.500, 0.000;
0.778,1.263,-0.449,1.263,-0.449,-0.047,-0.033, 0.000,0.000,0.000,0.000, 0.218, 0.503, 0.000;
0.799,1.246,-0.483,1.246,-0.483,-0.047,-0.033, 0.000,0.000,0.000,0.000, 0.202, 0.509, 0.000;
0.811,1.237,-0.502,1.237,-0.502,-0.047,-0.033, 0.000,0.000,0.000,0.000, 0.193, 0.512, 0.000;
0.823,1.226,-0.521,1.226,-0.521,-0.047,-0.033, 0.000,0.000,0.000,0.000, 0.184, 0.514, 0.000;
0.835,1.215,-0.541,1.215,-0.541,-0.047,-0.033, 0.000,0.000,0.000,0.000, 0.175, 0.517, 0.000;
0.847,1.204,-0.558,1.204,-0.558,-0.047,-0.033, 0.000,0.000,0.000,0.000, 0.166, 0.519, 0.000;
0.858,1.194,-0.576,1.194,-0.576,-0.047,-0.033, 0.000,0.000,0.000,0.000, 0.157, 0.521, 0.000;
0.869,1.182,-0.593,1.182,-0.593,-0.047,-0.033, 0.000,0.000,0.000,0.000, 0.149, 0.523, 0.000;
0.881,1.171,-0.610,1.171,-0.610,-0.047,-0.033, 0.000,0.000,0.000,0.000, 0.140, 0.525, 0.000;
0.893,1.152,-0.649,1.146,-0.642,-0.047,-0.033,-0.014,0.000,0.000,-1.164, 0.130, 0.526, 0.014;
0.905,1.146,-0.645,1.146,-0.645,-0.047,-0.033, 0.000,0.000,0.000,1.286, 0.122, 0.528, 0.000;
0.916,1.134,-0.661,1.134,-0.661,-0.047,-0.033, 0.000,0.000,0.000,0.000, 0.113, 0.529, 0.000;
0.927,1.122,-0.677,1.122,-0.677,-0.047,-0.033, 0.000,0.000,0.000,0.000, 0.104, 0.530, 0.000;
0.939,1.108,-0.694,1.108,-0.694,-0.047,-0.033, 0.000,0.000,0.000,0.000, 0.095, 0.531, 0.000;
0.951,1.094,-0.711,1.094,-0.711,-0.047,-0.033, 0.000,0.000,0.000,0.000, 0.085, 0.532, 0.000;
0.963,1.073,-0.745,1.066,-0.739,-0.047,-0.033,-0.014,0.000,0.000,-1.286, 0.076, 0.533, 0.014;
0.974,1.066,-0.742,1.066,-0.742,-0.047,-0.033, 0.000,0.000,0.000,1.267, 0.067, 0.533, 0.000;
0.986,1.052,-0.757,1.052,-0.757,-0.047,-0.033, 0.000,0.000,0.000,0.000, 0.058, 0.533, 0.000;
1.007,1.025,-0.784,1.025,-0.784,-0.047,-0.033, 0.000,0.000,0.000,0.000, 0.041, 0.533, 0.000;
1.018,1.010,-0.798,1.010,-0.798,-0.047,-0.033, 0.000,0.000,0.000,0.000, 0.032, 0.533, 0.000;
1.030,0.995,-0.813,0.995,-0.813,-0.047,-0.033, 0.000,0.000,0.000,0.000, 0.023, 0.533, 0.000;
1.042,0.979,-0.827,0.979,-0.827,-0.047,-0.033, 0.000,0.000,0.000,0.000, 0.014, 0.532, 0.000;
1.053,0.963,-0.841,0.963,-0.841,-0.047,-0.033, 0.000,0.000,0.000,0.000, 0.005, 0.532, 0.000;
1.065,0.947,-0.854,0.947,-0.854,-0.047,-0.033, 0.000,0.000,0.000,0.000,-0.004, 0.531, 0.000;
1.077,0.921,-0.884,0.915,-0.877,-0.047,-0.033,-0.014,0.000,0.000,-1.262,-0.013, 0.530, 0.014;
1.088,0.914,-0.880,0.914,-0.880,-0.047,-0.033, 0.000,0.000,0.000,1.239,-0.022, 0.529, 0.000;
1.099,0.898,-0.892,0.898,-0.892,-0.047,-0.033, 0.000,0.000,0.000,0.000,-0.031, 0.527, 0.000;
1.111,0.881,-0.904,0.881,-0.904,-0.047,-0.033, 0.000,0.000,0.000,0.000,-0.040, 0.526, 0.000;
1.123,0.853,-0.932,0.846,-0.925,-0.047,-0.033,-0.014,0.000,0.000,-1.179,-0.049, 0.524, 0.014;
1.134,0.846,-0.927,0.846,-0.927,-0.047,-0.033, 0.000,0.000,0.000,1.322,-0.058, 0.522, 0.000;
1.146,0.818,-0.954,0.811,-0.947,-0.047,-0.033,-0.014,0.000,0.000,-1.207,-0.067, 0.520, 0.014;
1.157,0.811,-0.949,0.811,-0.949,-0.047,-0.033, 0.000,0.000,0.000,1.322,-0.075, 0.518, 0.000;
1.178,0.778,-0.968,0.778,-0.968,-0.047,-0.033, 0.000,0.000,0.000,0.000,-0.091, 0.514, 0.000;
1.191,0.758,-0.979,0.758,-0.979,-0.047,-0.033, 0.000,0.000,0.000,0.000,-0.101, 0.511, 0.000;
1.202,0.739,-0.989,0.739,-0.989,-0.047,-0.033, 0.000,0.000,0.000,0.000,-0.110, 0.508, 0.000;
1.214,0.720,-0.998,0.720,-0.998,-0.047,-0.033, 0.000,0.000,0.000,0.000,-0.118, 0.505, 0.000;
1.226,0.701,-1.007,0.701,-1.007,-0.047,-0.033, 0.000,0.000,0.000,0.000,-0.127, 0.502, 0.000;
1.238,0.682,-1.016,0.682,-1.016,-0.047,-0.033, 0.000,0.000,0.000,0.000,-0.135, 0.499, 0.000;
1.250,0.662,-1.024,0.662,-1.024,-0.047,-0.033, 0.000,0.000,0.000,0.000,-0.144, 0.496, 0.000;
1.261,0.631,-1.045,0.624,-1.038,-0.047,-0.033,-0.014,0.000,0.000,-1.238,-0.153, 0.492, 0.014;
1.273,0.622,-1.040,0.622,-1.040,-0.047,-0.033, 0.000,0.000,0.000,1.222,-0.161, 0.488, 0.000;
1.285,0.603,-1.047,0.603,-1.047,-0.047,-0.033, 0.000,0.000,0.000,0.000,-0.169, 0.484, 0.000;
1.297,0.581,-1.054,0.581,-1.054,-0.047,-0.033, 0.000,0.000,0.000,0.000,-0.178, 0.480, 0.000;
1.308,0.563,-1.060,0.563,-1.060,-0.047,-0.033, 0.000,0.000,0.000,0.000,-0.186, 0.476, 0.000;
1.319,0.544,-1.066,0.544,-1.066,-0.047,-0.033, 0.000,0.000,0.000,0.000,-0.193, 0.472, 0.000;
1.331,0.524,-1.071,0.524,-1.071,-0.047,-0.033, 0.000,0.000,0.000,0.000,-0.201, 0.468, 0.000;
1.341,0.505,-1.076,0.505,-1.076,-0.047,-0.033, 0.000,0.000,0.000,0.000,-0.209, 0.463, 0.000;
1.352,0.486,-1.081,0.486,-1.081,-0.047,-0.033, 0.000,0.000,0.000,0.000,-0.216, 0.459, 0.000;
1.365,0.463,-1.086,0.463,-1.086,-0.047,-0.033, 0.000,0.000,0.000,0.000,-0.224, 0.453, 0.000;
1.376,0.444,-1.090,0.444,-1.090,-0.047,-0.033, 0.000,0.000,0.000,0.000,-0.232, 0.449, 0.000;
1.397,0.406,-1.097,0.406,-1.097,-0.047,-0.033, 0.000,0.000,0.000,0.000,-0.245, 0.439, 0.000;
1.408,0.386,-1.100,0.386,-1.100,-0.047,-0.033, 0.000,0.000,0.000,0.000,-0.252, 0.434, 0.000;
1.420,0.366,-1.103,0.366,-1.103,-0.047,-0.033, 0.000,0.000,0.000,0.000,-0.260, 0.429, 0.000;
1.431,0.345,-1.105,0.345,-1.105,-0.047,-0.033, 0.000,0.000,0.000,0.000,-0.267, 0.423, 0.000;
1.443,0.312,-1.115,0.305,-1.109,-0.047,-0.033,-0.014,0.000,0.000,-1.248,-0.274, 0.417, 0.014;
1.455,0.304,-1.109,0.304,-1.109,-0.047,-0.033, 0.000,0.000,0.000,1.251,-0.281, 0.411, 0.000;
1.466,0.271,-1.118,0.264,-1.111,-0.047,-0.033,-0.014,0.000,0.000,-1.313,-0.287, 0.406, 0.014;
1.477,0.264,-1.111,0.264,-1.111,-0.047,-0.033, 0.000,0.000,0.000,1.327,-0.293, 0.400, 0.000;
1.488,0.231,-1.118,0.225,-1.112,-0.047,-0.033,-0.014,0.000,0.000,-1.314,-0.300, 0.394, 0.014;
1.499,0.224,-1.112,0.224,-1.112,-0.047,-0.033, 0.000,0.000,0.000,1.299,-0.306, 0.388, 0.000;
1.521,0.184,-1.111,0.184,-1.111,-0.047,-0.033, 0.000,0.000,0.000,0.000,-0.318, 0.375, 0.000;
1.524,0.179,-1.111,0.179,-1.111,-0.047,-0.033, 0.000,0.000,0.000,0.000,-0.320, 0.374, 0.000;
1.545,0.141,-1.109,0.141,-1.109,-0.047,-0.033, 0.000,0.000,0.000,0.000,-0.331, 0.361, 0.000;
1.557,0.119,-1.107,0.119,-1.107,-0.047,-0.033, 0.000,0.000,0.000,0.000,-0.337, 0.354, 0.000;
1.569,0.098,-1.105,0.098,-1.105,-0.047,-0.033, 0.000,0.000,0.000,0.000,-0.343, 0.347, 0.000;
1.581,0.076,-1.103,0.076,-1.103,-0.047,-0.033, 0.000,0.000,0.000,0.000,-0.349, 0.339, 0.000;
1.592,0.057,-1.100,0.057,-1.100,-0.047,-0.033, 0.000,0.000,0.000,0.000,-0.354, 0.333, 0.000;
1.604,0.023,-1.100,0.016,-1.094,-0.047,-0.033,-0.014,0.000,0.000,-1.192,-0.359, 0.325, 0.014;
1.615,0.015,-1.093,0.015,-1.093,-0.047,-0.033, 0.000,0.000,0.000,1.290,-0.364, 0.318, 0.000;
1.626,-0.004,-1.089,-0.004,-1.089,-0.047,-0.033, 0.000,0.000,0.000,0.000,-0.369, 0.311, 0.000;
1.637,-0.023,-1.085,-0.023,-1.085,-0.047,-0.033, 0.000,0.000,0.000,0.000,-0.374, 0.303, 0.000;
1.649,-0.057,-1.083,-0.064,-1.076,-0.047,-0.033,-0.014,0.000,0.000,-1.190,-0.379, 0.295, 0.014;
1.660,-0.064,-1.076,-0.064,-1.076,-0.047,-0.033, 0.000,0.000,0.000,1.331,-0.383, 0.288, 0.000;
1.671,-0.083,-1.071,-0.083,-1.071,-0.047,-0.033, 0.000,0.000,0.000,0.000,-0.388, 0.281, 0.000;
1.682,-0.102,-1.065,-0.102,-1.065,-0.047,-0.033, 0.000,0.000,0.000,0.000,-0.392, 0.273, 0.000;
1.703,-0.139,-1.054,-0.139,-1.054,-0.047,-0.033, 0.000,0.000,0.000,0.000,-0.400, 0.258, 0.000;
1.715,-0.159,-1.047,-0.159,-1.047,-0.047,-0.033, 0.000,0.000,0.000,0.000,-0.404, 0.250, 0.000;
1.726,-0.178,-1.040,-0.178,-1.040,-0.047,-0.033, 0.000,0.000,0.000,0.000,-0.408, 0.242, 0.000;
1.738,-0.197,-1.033,-0.197,-1.033,-0.047,-0.033, 0.000,0.000,0.000,0.000,-0.411, 0.234, 0.000;
1.749,-0.216,-1.025,-0.216,-1.025,-0.047,-0.033, 0.000,0.000,0.000,0.000,-0.415, 0.225, 0.000;
1.760,-0.235,-1.017,-0.235,-1.017,-0.047,-0.033, 0.000,0.000,0.000,0.000,-0.418, 0.217, 0.000;
1.771,-0.253,-1.009,-0.253,-1.009,-0.047,-0.033, 0.000,0.000,0.000,0.000,-0.421, 0.209, 0.000;
1.782,-0.271,-1.001,-0.271,-1.001,-0.047,-0.033, 0.000,0.000,0.000,0.000,-0.424, 0.201, 0.000;
1.793,-0.289,-0.992,-0.289,-0.992,-0.047,-0.033, 0.000,0.000,0.000,0.000,-0.427, 0.193, 0.000;
1.804,-0.307,-0.983,-0.307,-0.983,-0.047,-0.033, 0.000,0.000,0.000,0.000,-0.430, 0.185, 0.000;
1.826,-0.341,-0.965,-0.341,-0.965,-0.047,-0.033, 0.000,0.000,0.000,0.000,-0.435, 0.169, 0.000;
1.839,-0.372,-0.951,-0.379,-0.944,-0.047,-0.033,-0.014,0.000,0.000,-1.102,-0.437, 0.159, 0.014;
1.842,-0.366,-0.950,-0.366,-0.950,-0.047,-0.033, 0.000,0.000,0.000,5.161,-0.438, 0.156, 0.000;
1.854,-0.394,-0.937,-0.401,-0.930,-0.047,-0.033,-0.014,0.000,0.000,-1.227,-0.440, 0.147, 0.014;
1.875,-0.417,-0.918,-0.417,-0.918,-0.047,-0.033, 0.000,0.000,0.000,0.671,-0.444, 0.131, 0.000;
1.888,-0.446,-0.902,-0.453,-0.895,-0.047,-0.033,-0.014,0.000,0.000,-1.118,-0.445, 0.121, 0.014;
1.891,-0.440,-0.902,-0.440,-0.902,-0.047,-0.033, 0.000,0.000,0.000,6.067,-0.446, 0.119, 0.000;
1.903,-0.458,-0.889,-0.458,-0.889,-0.047,-0.033, 0.000,0.000,0.000,0.000,-0.447, 0.110, 0.000;
1.924,-0.488,-0.866,-0.488,-0.866,-0.047,-0.033, 0.000,0.000,0.000,0.000,-0.450, 0.093, 0.000;
1.937,-0.506,-0.852,-0.506,-0.852,-0.047,-0.033, 0.000,0.000,0.000,0.000,-0.451, 0.083, 0.000;
1.941,-0.512,-0.847,-0.512,-0.847,-0.047,-0.033, 0.000,0.000,0.000,0.000,-0.451, 0.080, 0.000;
1.951,-0.526,-0.836,-0.526,-0.836,-0.047,-0.033, 0.000,0.000,0.000,0.000,-0.452, 0.072, 0.000;
1.972,-0.554,-0.810,-0.554,-0.810,-0.047,-0.033, 0.000,0.000,0.000,0.000,-0.453, 0.055, 0.000;
1.984,-0.570,-0.796,-0.570,-0.796,-0.047,-0.033, 0.000,0.000,0.000,0.000,-0.453, 0.046, 0.000;
1.996,-0.593,-0.776,-0.599,-0.769,-0.047,-0.033,-0.014,0.000,0.000,-1.250,-0.453, 0.037, 0.014;
2.007,-0.600,-0.766,-0.600,-0.766,-0.047,-0.033, 0.000,0.000,0.000,1.234,-0.453, 0.028, 0.000;
2.019,-0.622,-0.745,-0.628,-0.739,-0.047,-0.033,-0.014,0.000,0.000,-1.254,-0.453, 0.019, 0.014;
2.031,-0.629,-0.735,-0.629,-0.735,-0.047,-0.033, 0.000,0.000,0.000,1.177,-0.453, 0.009, 0.000;
2.043,-0.650,-0.713,-0.657,-0.707,-0.047,-0.033,-0.014,0.000,0.000,-1.260,-0.452, 0.000, 0.014;
2.054,-0.657,-0.703,-0.657,-0.703,-0.047,-0.033, 0.000,0.000,0.000,1.247,-0.451,-0.009, 0.000;
2.066,-0.670,-0.687,-0.670,-0.687,-0.047,-0.033, 0.000,0.000,0.000,0.000,-0.450,-0.018, 0.000;
2.077,-0.682,-0.672,-0.682,-0.672,-0.047,-0.033, 0.000,0.000,0.000,0.000,-0.449,-0.027, 0.000;
2.089,-0.702,-0.648,-0.708,-0.641,-0.047,-0.033,-0.014,0.000,0.000,-1.219,-0.448,-0.036, 0.014;
2.100,-0.707,-0.639,-0.707,-0.639,-0.047,-0.033, 0.000,0.000,0.000,1.308,-0.447,-0.045, 0.000;
2.111,-0.719,-0.622,-0.719,-0.622,-0.047,-0.033, 0.000,0.000,0.000,0.000,-0.446,-0.053, 0.000;
2.122,-0.736,-0.598,-0.743,-0.591,-0.047,-0.033,-0.014,0.000,0.000,-1.262,-0.444,-0.062, 0.014;
2.144,-0.752,-0.572,-0.752,-0.572,-0.047,-0.033, 0.000,0.000,0.000,0.667,-0.440,-0.079, 0.000;
2.156,-0.763,-0.555,-0.763,-0.555,-0.047,-0.033, 0.000,0.000,0.000,0.000,-0.438,-0.088, 0.000;
2.168,-0.774,-0.535,-0.774,-0.535,-0.047,-0.033, 0.000,0.000,0.000,0.000,-0.436,-0.097, 0.000;
2.179,-0.788,-0.510,-0.795,-0.503,-0.047,-0.033,-0.014,0.000,0.000,-1.302,-0.433,-0.105, 0.014;
2.191,-0.795,-0.499,-0.795,-0.499,-0.047,-0.033, 0.000,0.000,0.000,1.182,-0.431,-0.115, 0.000;
2.203,-0.808,-0.472,-0.814,-0.465,-0.047,-0.033,-0.014,0.000,0.000,-1.260,-0.428,-0.123, 0.014;
2.215,-0.814,-0.460,-0.814,-0.460,-0.047,-0.033, 0.000,0.000,0.000,1.149,-0.425,-0.133, 0.000;
2.228,-0.827,-0.431,-0.833,-0.424,-0.047,-0.033,-0.014,0.000,0.000,-1.180,-0.421,-0.142, 0.014;
2.240,-0.832,-0.420,-0.832,-0.420,-0.047,-0.033, 0.000,0.000,0.000,1.225,-0.418,-0.150, 0.000;
2.252,-0.843,-0.391,-0.850,-0.384,-0.047,-0.033,-0.014,0.000,0.000,-1.205,-0.415,-0.159, 0.014;
2.263,-0.848,-0.381,-0.848,-0.381,-0.047,-0.033, 0.000,0.000,0.000,1.262,-0.411,-0.167, 0.000;
2.275,-0.856,-0.361,-0.856,-0.361,-0.047,-0.033, 0.000,0.000,0.000,0.000,-0.407,-0.176, 0.000;
2.287,-0.863,-0.341,-0.863,-0.341,-0.047,-0.033, 0.000,0.000,0.000,0.000,-0.403,-0.184, 0.000;
2.298,-0.870,-0.321,-0.870,-0.321,-0.047,-0.033, 0.000,0.000,0.000,0.000,-0.399,-0.192, 0.000;
2.309,-0.876,-0.302,-0.876,-0.302,-0.047,-0.033, 0.000,0.000,0.000,0.000,-0.395,-0.200, 0.000;
2.321,-0.882,-0.282,-0.882,-0.282,-0.047,-0.033, 0.000,0.000,0.000,0.000,-0.391,-0.208, 0.000;
2.332,-0.887,-0.263,-0.887,-0.263,-0.047,-0.033, 0.000,0.000,0.000,0.000,-0.387,-0.215, 0.000;
2.343,-0.892,-0.244,-0.892,-0.244,-0.047,-0.033, 0.000,0.000,0.000,0.000,-0.382,-0.223, 0.000;
2.356,-0.898,-0.222,-0.898,-0.222,-0.047,-0.033, 0.000,0.000,0.000,0.000,-0.377,-0.231, 0.000;
2.366,-0.902,-0.202,-0.902,-0.202,-0.047,-0.033, 0.000,0.000,0.000,0.000,-0.373,-0.239, 0.000;
2.388,-0.908,-0.153,-0.915,-0.147,-0.047,-0.033,-0.014,0.000,0.000,-0.658,-0.363,-0.253, 0.014;
2.400,-0.913,-0.143,-0.913,-0.143,-0.047,-0.033, 0.000,0.000,0.000,1.242,-0.358,-0.260, 0.000;
2.413,-0.915,-0.110,-0.921,-0.104,-0.047,-0.033,-0.014,0.000,0.000,-1.153,-0.352,-0.268, 0.014;
2.424,-0.919,-0.100,-0.919,-0.100,-0.047,-0.033, 0.000,0.000,0.000,1.273,-0.346,-0.275, 0.000;
2.435,-0.921,-0.080,-0.921,-0.080,-0.047,-0.033, 0.000,0.000,0.000,0.000,-0.341,-0.282, 0.000;
2.448,-0.923,-0.057,-0.923,-0.057,-0.047,-0.033, 0.000,0.000,0.000,0.000,-0.334,-0.290, 0.000;
2.461,-0.925,-0.034,-0.925,-0.034,-0.047,-0.033, 0.000,0.000,0.000,0.000,-0.328,-0.298, 0.000;
2.473,-0.926,-0.012,-0.926,-0.012,-0.047,-0.033, 0.000,0.000,0.000,0.000,-0.322,-0.305, 0.000;
2.485,-0.927,0.010,-0.927,0.010,-0.047,-0.033, 0.000,0.000,0.000,0.000,-0.315,-0.312, 0.000;
2.496,-0.923,0.040,-0.930,0.047,-0.047,-0.033,-0.014,0.000,0.000,-1.289,-0.309,-0.318, 0.014;
2.508,-0.927,0.051,-0.927,0.051,-0.047,-0.033, 0.000,0.000,0.000,1.231,-0.302,-0.325, 0.000;
2.520,-0.927,0.074,-0.927,0.074,-0.047,-0.033, 0.000,0.000,0.000,0.000,-0.295,-0.331, 0.000;
2.533,-0.926,0.097,-0.926,0.097,-0.047,-0.033, 0.000,0.000,0.000,0.000,-0.288,-0.338, 0.000;
2.545,-0.924,0.118,-0.924,0.118,-0.047,-0.033, 0.000,0.000,0.000,0.000,-0.281,-0.344, 0.000;
2.558,-0.922,0.142,-0.922,0.142,-0.047,-0.033, 0.000,0.000,0.000,0.000,-0.273,-0.351, 0.000;
2.571,-0.914,0.175,-0.921,0.181,-0.047,-0.033,-0.014,0.000,0.000,-1.160,-0.265,-0.357, 0.014;
2.583,-0.917,0.186,-0.917,0.186,-0.047,-0.033, 0.000,0.000,0.000,1.192,-0.258,-0.363, 0.000;
2.595,-0.908,0.217,-0.915,0.224,-0.047,-0.033,-0.014,0.000,0.000,-1.250,-0.250,-0.369, 0.014;
2.606,-0.911,0.228,-0.911,0.228,-0.047,-0.033, 0.000,0.000,0.000,1.240,-0.243,-0.374, 0.000;
2.618,-0.907,0.249,-0.907,0.249,-0.047,-0.033, 0.000,0.000,0.000,0.000,-0.235,-0.379, 0.000;
2.630,-0.903,0.270,-0.903,0.270,-0.047,-0.033, 0.000,0.000,0.000,0.000,-0.228,-0.384, 0.000;
2.643,-0.898,0.293,-0.898,0.293,-0.047,-0.033, 0.000,0.000,0.000,0.000,-0.219,-0.390, 0.000;
2.654,-0.894,0.313,-0.894,0.313,-0.047,-0.033, 0.000,0.000,0.000,0.000,-0.211,-0.395, 0.000;
2.667,-0.888,0.334,-0.888,0.334,-0.047,-0.033, 0.000,0.000,0.000,0.000,-0.203,-0.399, 0.000;
2.678,-0.883,0.354,-0.883,0.354,-0.047,-0.033, 0.000,0.000,0.000,0.000,-0.195,-0.404, 0.000;
2.689,-0.877,0.373,-0.877,0.373,-0.047,-0.033, 0.000,0.000,0.000,0.000,-0.188,-0.408, 0.000;
2.701,-0.861,0.403,-0.868,0.409,-0.047,-0.033,-0.014,0.000,0.000,-1.235,-0.180,-0.412, 0.014;
2.712,-0.864,0.412,-0.864,0.412,-0.047,-0.033, 0.000,0.000,0.000,1.326,-0.172,-0.416, 0.000;
2.723,-0.848,0.440,-0.854,0.447,-0.047,-0.033,-0.014,0.000,0.000,-1.295,-0.164,-0.420, 0.014;
2.735,-0.850,0.452,-0.850,0.452,-0.047,-0.033, 0.000,0.000,0.000,1.203,-0.155,-0.424, 0.000;
2.746,-0.842,0.470,-0.842,0.470,-0.047,-0.033, 0.000,0.000,0.000,0.000,-0.147,-0.427, 0.000;
2.769,-0.826,0.509,-0.826,0.509,-0.047,-0.033, 0.000,0.000,0.000,0.000,-0.130,-0.434, 0.000;
2.780,-0.807,0.535,-0.813,0.541,-0.047,-0.033,-0.014,0.000,0.000,-1.362,-0.123,-0.437, 0.014;
2.792,-0.809,0.545,-0.809,0.545,-0.047,-0.033, 0.000,0.000,0.000,1.228,-0.114,-0.440, 0.000;
2.804,-0.798,0.565,-0.798,0.565,-0.047,-0.033, 0.000,0.000,0.000,0.000,-0.104,-0.443, 0.000;
2.816,-0.788,0.584,-0.788,0.584,-0.047,-0.033, 0.000,0.000,0.000,0.000,-0.096,-0.446, 0.000;
2.827,-0.766,0.610,-0.773,0.617,-0.047,-0.033,-0.014,0.000,0.000,-1.278,-0.087,-0.448, 0.014;
2.839,-0.768,0.620,-0.768,0.620,-0.047,-0.033, 0.000,0.000,0.000,1.263,-0.078,-0.451, 0.000;
2.850,-0.758,0.638,-0.758,0.638,-0.047,-0.033, 0.000,0.000,0.000,0.000,-0.070,-0.453, 0.000;
2.863,-0.746,0.657,-0.746,0.657,-0.047,-0.033, 0.000,0.000,0.000,0.000,-0.060,-0.455, 0.000;
2.875,-0.733,0.676,-0.733,0.676,-0.047,-0.033, 0.000,0.000,0.000,0.000,-0.050,-0.457, 0.000;
2.887,-0.721,0.694,-0.721,0.694,-0.047,-0.033, 0.000,0.000,0.000,0.000,-0.041,-0.459, 0.000;
2.899,-0.709,0.711,-0.709,0.711,-0.047,-0.033, 0.000,0.000,0.000,0.000,-0.032,-0.460, 0.000;
2.910,-0.697,0.727,-0.697,0.727,-0.047,-0.033, 0.000,0.000,0.000,0.000,-0.023,-0.462, 0.000;
2.922,-0.684,0.744,-0.684,0.744,-0.047,-0.033, 0.000,0.000,0.000,0.000,-0.014,-0.463, 0.000;
2.933,-0.657,0.766,-0.663,0.773,-0.047,-0.033,-0.014,0.000,0.000,-1.254,-0.005,-0.464, 0.014;
2.945,-0.658,0.776,-0.658,0.776,-0.047,-0.033, 0.000,0.000,0.000,1.286, 0.004,-0.465, 0.000;
2.956,-0.630,0.797,-0.637,0.804,-0.047,-0.033,-0.014,0.000,0.000,-1.297, 0.012,-0.465, 0.014;
2.967,-0.632,0.806,-0.632,0.806,-0.047,-0.033, 0.000,0.000,0.000,1.292, 0.021,-0.466, 0.000;
2.978,-0.603,0.827,-0.609,0.833,-0.047,-0.033,-0.014,0.000,0.000,-1.293, 0.030,-0.466, 0.014;
3.000,-0.591,0.849,-0.591,0.849,-0.047,-0.033, 0.000,0.000,0.000,0.674, 0.047,-0.467, 0.000;
3.005,-0.584,0.855,-0.584,0.855,-0.047,-0.033, 0.000,0.000,0.000,0.000, 0.051,-0.467, 0.000;
3.016,-0.570,0.869,-0.570,0.869,-0.047,-0.033, 0.000,0.000,0.000,0.000, 0.059,-0.466, 0.000;
3.027,-0.556,0.883,-0.556,0.883,-0.047,-0.033, 0.000,0.000,0.000,0.000, 0.068,-0.466, 0.000;
3.048,-0.527,0.909,-0.527,0.909,-0.047,-0.033, 0.000,0.000,0.000,0.000, 0.085,-0.465, 0.000;
3.061,-0.509,0.923,-0.509,0.923,-0.047,-0.033, 0.000,0.000,0.000,0.000, 0.095,-0.464, 0.000;
3.073,-0.476,0.940,-0.482,0.947,-0.047,-0.033,-0.014,0.000,0.000,-1.238, 0.104,-0.463, 0.014;
3.085,-0.476,0.950,-0.476,0.950,-0.047,-0.033, 0.000,0.000,0.000,1.233, 0.113,-0.462, 0.000;
3.096,-0.442,0.965,-0.449,0.972,-0.047,-0.033,-0.014,0.000,0.000,-1.274, 0.122,-0.461, 0.014;
3.108,-0.442,0.974,-0.442,0.974,-0.047,-0.033, 0.000,0.000,0.000,1.237, 0.131,-0.459, 0.000;
3.120,-0.406,0.990,-0.413,0.997,-0.047,-0.033,-0.014,0.000,0.000,-1.161, 0.141,-0.458, 0.014;
3.132,-0.407,0.999,-0.407,0.999,-0.047,-0.033, 0.000,0.000,0.000,1.260, 0.150,-0.456, 0.000;
3.143,-0.389,1.010,-0.389,1.010,-0.047,-0.033, 0.000,0.000,0.000,0.000, 0.159,-0.454, 0.000;
3.156,-0.370,1.022,-0.370,1.022,-0.047,-0.033, 0.000,0.000,0.000,0.000, 0.168,-0.452, 0.000;
3.168,-0.351,1.033,-0.351,1.033,-0.047,-0.033, 0.000,0.000,0.000,0.000, 0.177,-0.449, 0.000;
3.179,-0.333,1.043,-0.333,1.043,-0.047,-0.033, 0.000,0.000,0.000,0.000, 0.186,-0.447, 0.000;
3.191,-0.314,1.053,-0.314,1.053,-0.047,-0.033, 0.000,0.000,0.000,0.000, 0.195,-0.444, 0.000;
3.203,-0.295,1.063,-0.295,1.063,-0.047,-0.033, 0.000,0.000,0.000,0.000, 0.204,-0.441, 0.000;
3.215,-0.276,1.072,-0.276,1.072,-0.047,-0.033, 0.000,0.000,0.000,0.000, 0.212,-0.438, 0.000;
3.226,-0.258,1.081,-0.258,1.081,-0.047,-0.033, 0.000,0.000,0.000,0.000, 0.221,-0.435, 0.000;
3.237,-0.239,1.089,-0.239,1.089,-0.047,-0.033, 0.000,0.000,0.000,0.000, 0.229,-0.432, 0.000;
3.249,-0.219,1.098,-0.219,1.098,-0.047,-0.033, 0.000,0.000,0.000,0.000, 0.238,-0.429, 0.000;
3.260,-0.201,1.105,-0.201,1.105,-0.047,-0.033, 0.000,0.000,0.000,0.000, 0.246,-0.425, 0.000;
3.272,-0.162,1.112,-0.169,1.118,-0.047,-0.033,-0.014,0.000,0.000,-1.282, 0.254,-0.422, 0.014;
3.293,-0.145,1.126,-0.145,1.126,-0.047,-0.033, 0.000,0.000,0.000,0.662, 0.269,-0.414, 0.000;
3.305,-0.104,1.131,-0.111,1.138,-0.047,-0.033,-0.014,0.000,0.000,-1.206, 0.278,-0.410, 0.014;
3.308,-0.119,1.134,-0.119,1.134,-0.047,-0.033, 0.000,0.000,0.000,4.940, 0.280,-0.409, 0.000;
3.330,-0.062,1.143,-0.069,1.149,-0.047,-0.033,-0.014,0.000,0.000,-0.678, 0.294,-0.401, 0.014;
3.342,-0.061,1.151,-0.061,1.151,-0.047,-0.033, 0.000,0.000,0.000,1.207, 0.303,-0.396, 0.000;
3.353,-0.020,1.153,-0.027,1.159,-0.047,-0.033,-0.014,0.000,0.000,-1.250, 0.310,-0.391, 0.014;
3.365,-0.021,1.160,-0.021,1.160,-0.047,-0.033, 0.000,0.000,0.000,1.284, 0.318,-0.387, 0.000;
3.376,0.000,1.164,0.000,1.164,-0.047,-0.033, 0.000,0.000,0.000,0.000, 0.326,-0.382, 0.000;
3.388,0.021,1.168,0.021,1.168,-0.047,-0.033, 0.000,0.000,0.000,0.000, 0.333,-0.376, 0.000;
3.399,0.041,1.172,0.041,1.172,-0.047,-0.033, 0.000,0.000,0.000,0.000, 0.340,-0.371, 0.000;
3.411,0.061,1.175,0.061,1.175,-0.047,-0.033, 0.000,0.000,0.000,0.000, 0.347,-0.366, 0.000;
3.422,0.081,1.177,0.081,1.177,-0.047,-0.033, 0.000,0.000,0.000,0.000, 0.355,-0.361, 0.000;
3.433,0.101,1.179,0.101,1.179,-0.047,-0.033, 0.000,0.000,0.000,0.000, 0.361,-0.355, 0.000;
3.444,0.121,1.181,0.121,1.181,-0.047,-0.033, 0.000,0.000,0.000,0.000, 0.368,-0.350, 0.000;
3.455,0.141,1.183,0.141,1.183,-0.047,-0.033, 0.000,0.000,0.000,0.000, 0.375,-0.344, 0.000;
3.477,0.180,1.185,0.180,1.185,-0.047,-0.033, 0.000,0.000,0.000,0.000, 0.387,-0.333, 0.000;
3.488,0.221,1.179,0.214,1.186,-0.047,-0.033,-0.014,0.000,0.000,-1.242, 0.394,-0.327, 0.014;
3.500,0.223,1.186,0.223,1.186,-0.047,-0.033, 0.000,0.000,0.000,1.190, 0.401,-0.320, 0.000;
3.512,0.264,1.179,0.258,1.185,-0.047,-0.033,-0.014,0.000,0.000,-1.226, 0.407,-0.313, 0.014;
3.525,0.266,1.185,0.266,1.185,-0.047,-0.033, 0.000,0.000,0.000,1.165, 0.414,-0.306, 0.000;
3.537,0.309,1.176,0.302,1.183,-0.047,-0.033,-0.014,0.000,0.000,-1.190, 0.420,-0.299, 0.014;
3.549,0.311,1.182,0.311,1.182,-0.047,-0.033, 0.000,0.000,0.000,1.152, 0.427,-0.292, 0.000;
3.561,0.352,1.172,0.345,1.179,-0.047,-0.033,-0.014,0.000,0.000,-1.267, 0.433,-0.285, 0.014;
3.573,0.353,1.178,0.353,1.178,-0.047,-0.033, 0.000,0.000,0.000,1.231, 0.438,-0.277, 0.000;
3.585,0.374,1.176,0.374,1.176,-0.047,-0.033, 0.000,0.000,0.000,0.000, 0.444,-0.270, 0.000;
3.597,0.396,1.173,0.396,1.173,-0.047,-0.033, 0.000,0.000,0.000,0.000, 0.450,-0.262, 0.000;
3.609,0.417,1.169,0.417,1.169,-0.047,-0.033, 0.000,0.000,0.000,0.000, 0.455,-0.255, 0.000;
3.621,0.438,1.165,0.438,1.165,-0.047,-0.033, 0.000,0.000,0.000,0.000, 0.461,-0.247, 0.000;
3.633,0.459,1.161,0.459,1.161,-0.047,-0.033, 0.000,0.000,0.000,0.000, 0.466,-0.239, 0.000;
3.644,0.500,1.146,0.493,1.153,-0.047,-0.033,-0.014,0.000,0.000,-1.239, 0.471,-0.232, 0.014;
3.656,0.501,1.151,0.501,1.151,-0.047,-0.033, 0.000,0.000,0.000,1.216, 0.476,-0.224, 0.000;
3.668,0.541,1.135,0.535,1.142,-0.047,-0.033,-0.014,0.000,0.000,-1.229, 0.480,-0.216, 0.014;
3.679,0.541,1.141,0.541,1.141,-0.047,-0.033, 0.000,0.000,0.000,1.290, 0.485,-0.208, 0.000;
3.691,0.581,1.123,0.574,1.130,-0.047,-0.033,-0.014,0.000,0.000,-1.254, 0.489,-0.200, 0.014;
3.703,0.582,1.128,0.582,1.128,-0.047,-0.033, 0.000,0.000,0.000,1.203, 0.493,-0.191, 0.000;
3.714,0.601,1.121,0.601,1.121,-0.047,-0.033, 0.000,0.000,0.000,0.000, 0.497,-0.183, 0.000;
3.726,0.621,1.114,0.621,1.114,-0.047,-0.033, 0.000,0.000,0.000,0.000, 0.501,-0.175, 0.000;
3.737,0.640,1.107,0.640,1.107,-0.047,-0.033, 0.000,0.000,0.000,0.000, 0.505,-0.167, 0.000;
3.748,0.659,1.099,0.659,1.099,-0.047,-0.033, 0.000,0.000,0.000,0.000, 0.508,-0.159, 0.000;
3.770,0.695,1.084,0.695,1.084,-0.047,-0.033, 0.000,0.000,0.000,0.000, 0.515,-0.143, 0.000;
3.782,0.714,1.075,0.714,1.075,-0.047,-0.033, 0.000,0.000,0.000,0.000, 0.518,-0.135, 0.000;
3.793,0.732,1.066,0.732,1.066,-0.047,-0.033, 0.000,0.000,0.000,0.000, 0.521,-0.126, 0.000;
3.805,0.751,1.057,0.751,1.057,-0.047,-0.033, 0.000,0.000,0.000,0.000, 0.524,-0.117, 0.000;
3.817,0.770,1.047,0.770,1.047,-0.047,-0.033, 0.000,0.000,0.000,0.000, 0.526,-0.109, 0.000;
3.828,0.788,1.037,0.788,1.037,-0.047,-0.033, 0.000,0.000,0.000,0.000, 0.529,-0.100, 0.000;
3.840,0.806,1.026,0.806,1.026,-0.047,-0.033, 0.000,0.000,0.000,0.000, 0.531,-0.091, 0.000;
3.852,0.825,1.015,0.825,1.015,-0.047,-0.033, 0.000,0.000,0.000,0.000, 0.533,-0.082, 0.000;
3.864,0.844,1.003,0.844,1.003,-0.047,-0.033, 0.000,0.000,0.000,0.000, 0.536,-0.072, 0.000;
3.876,0.879,0.976,0.872,0.982,-0.047,-0.033,-0.014,0.000,0.000,-1.273, 0.537,-0.064, 0.014;
3.888,0.879,0.979,0.879,0.979,-0.047,-0.033, 0.000,0.000,0.000,1.182, 0.539,-0.054, 0.000;
3.899,0.913,0.951,0.906,0.958,-0.047,-0.033,-0.014,0.000,0.000,-1.322, 0.541,-0.046, 0.014;
3.910,0.912,0.956,0.912,0.956,-0.047,-0.033, 0.000,0.000,0.000,1.304, 0.542,-0.037, 0.000;
3.922,0.928,0.943,0.928,0.943,-0.047,-0.033, 0.000,0.000,0.000,0.000, 0.543,-0.028, 0.000;
3.933,0.944,0.930,0.944,0.930,-0.047,-0.033, 0.000,0.000,0.000,0.000, 0.544,-0.019, 0.000;
3.944,0.976,0.900,0.969,0.907,-0.047,-0.033,-0.014,0.000,0.000,-1.290, 0.545,-0.010, 0.014;
3.966,0.989,0.892,0.989,0.892,-0.047,-0.033, 0.000,0.000,0.000,0.666, 0.546, 0.007, 0.000;
3.978,1.005,0.877,1.005,0.877,-0.047,-0.033, 0.000,0.000,0.000,0.000, 0.547, 0.016, 0.000;
3.990,1.021,0.862,1.021,0.862,-0.047,-0.033, 0.000,0.000,0.000,0.000, 0.547, 0.025, 0.000;
4.002,1.036,0.847,1.036,0.847,-0.047,-0.033, 0.000,0.000,0.000,0.000, 0.547, 0.035, 0.000;
4.014,1.067,0.813,1.060,0.819,-0.047,-0.033,-0.014,0.000,0.000,-1.170, 0.547, 0.044, 0.014;
4.026,1.066,0.816,1.066,0.816,-0.047,-0.033, 0.000,0.000,0.000,1.222, 0.546, 0.054, 0.000;
4.038,1.081,0.800,1.081,0.800,-0.047,-0.033, 0.000,0.000,0.000,0.000, 0.546, 0.063, 0.000;
4.050,1.095,0.784,1.095,0.784,-0.047,-0.033, 0.000,0.000,0.000,0.000, 0.545, 0.072, 0.000;
4.061,1.122,0.748,1.116,0.755,-0.047,-0.033,-0.014,0.000,0.000,-1.270, 0.545, 0.081, 0.014;
4.073,1.121,0.752,1.121,0.752,-0.047,-0.033, 0.000,0.000,0.000,1.256, 0.544, 0.090, 0.000;
4.084,1.148,0.715,1.141,0.722,-0.047,-0.033,-0.014,0.000,0.000,-1.250, 0.543, 0.099, 0.014;
4.096,1.147,0.718,1.147,0.718,-0.047,-0.033, 0.000,0.000,0.000,1.212, 0.541, 0.109, 0.000;
4.108,1.173,0.681,1.166,0.687,-0.047,-0.033,-0.014,0.000,0.000,-1.249, 0.540, 0.118, 0.014;
4.120,1.172,0.683,1.172,0.683,-0.047,-0.033, 0.000,0.000,0.000,1.202, 0.538, 0.127, 0.000;
4.131,1.183,0.667,1.183,0.667,-0.047,-0.033, 0.000,0.000,0.000,0.000, 0.536, 0.135, 0.000;
4.142,1.194,0.649,1.194,0.649,-0.047,-0.033, 0.000,0.000,0.000,0.000, 0.534, 0.144, 0.000;
4.154,1.205,0.631,1.205,0.631,-0.047,-0.033, 0.000,0.000,0.000,0.000, 0.532, 0.153, 0.000;
4.165,1.215,0.614,1.215,0.614,-0.047,-0.033, 0.000,0.000,0.000,0.000, 0.530, 0.162, 0.000;
4.177,1.226,0.596,1.226,0.596,-0.047,-0.033, 0.000,0.000,0.000,0.000, 0.528, 0.170, 0.000;
4.198,1.244,0.561,1.244,0.561,-0.047,-0.033, 0.000,0.000,0.000,0.000, 0.523, 0.187, 0.000;
4.210,1.253,0.543,1.253,0.543,-0.047,-0.033, 0.000,0.000,0.000,0.000, 0.520, 0.195, 0.000;
4.221,1.262,0.525,1.262,0.525,-0.047,-0.033, 0.000,0.000,0.000,0.000, 0.517, 0.204, 0.000;
4.233,1.271,0.505,1.271,0.505,-0.047,-0.033, 0.000,0.000,0.000,0.000, 0.514, 0.213, 0.000;
4.244,1.289,0.465,1.283,0.471,-0.047,-0.033,-0.014,0.000,0.000,-1.321, 0.511, 0.221, 0.014;
4.256,1.287,0.467,1.287,0.467,-0.047,-0.033, 0.000,0.000,0.000,1.235, 0.507, 0.229, 0.000;
4.268,1.295,0.447,1.295,0.447,-0.047,-0.033, 0.000,0.000,0.000,0.000, 0.503, 0.238, 0.000;
4.280,1.303,0.426,1.303,0.426,-0.047,-0.033, 0.000,0.000,0.000,0.000, 0.499, 0.247, 0.000;
4.292,1.319,0.383,1.312,0.390,-0.047,-0.033,-0.014,0.000,0.000,-1.246, 0.495, 0.255, 0.014;
4.304,1.316,0.386,1.316,0.386,-0.047,-0.033, 0.000,0.000,0.000,1.246, 0.491, 0.263, 0.000;
4.315,1.322,0.367,1.322,0.367,-0.047,-0.033, 0.000,0.000,0.000,0.000, 0.487, 0.271, 0.000;
4.326,1.328,0.348,1.328,0.348,-0.047,-0.033, 0.000,0.000,0.000,0.000, 0.483, 0.278, 0.000;
4.337,1.333,0.329,1.333,0.329,-0.047,-0.033, 0.000,0.000,0.000,0.000, 0.479, 0.286, 0.000;
4.348,1.338,0.309,1.338,0.309,-0.047,-0.033, 0.000,0.000,0.000,0.000, 0.474, 0.293, 0.000;
4.369,1.346,0.272,1.346,0.272,-0.047,-0.033, 0.000,0.000,0.000,0.000, 0.465, 0.307, 0.000;
4.380,1.357,0.229,1.351,0.235,-0.047,-0.033,-0.014,0.000,0.000,-1.286, 0.460, 0.315, 0.014;
4.392,1.354,0.232,1.354,0.232,-0.047,-0.033, 0.000,0.000,0.000,1.275, 0.455, 0.322, 0.000;
4.403,1.357,0.212,1.357,0.212,-0.047,-0.033, 0.000,0.000,0.000,0.000, 0.450, 0.329, 0.000;
4.415,1.360,0.191,1.360,0.191,-0.047,-0.033, 0.000,0.000,0.000,0.000, 0.445, 0.337, 0.000;
4.427,1.369,0.146,1.362,0.152,-0.047,-0.033,-0.014,0.000,0.000,-1.198, 0.439, 0.344, 0.014;
4.438,1.365,0.149,1.365,0.149,-0.047,-0.033, 0.000,0.000,0.000,1.300, 0.433, 0.351, 0.000;
4.449,1.372,0.106,1.365,0.113,-0.047,-0.033,-0.014,0.000,0.000,-1.319, 0.428, 0.358, 0.014;
4.460,1.368,0.109,1.368,0.109,-0.047,-0.033, 0.000,0.000,0.000,1.318, 0.422, 0.364, 0.000;
4.471,1.374,0.066,1.367,0.073,-0.047,-0.033,-0.014,0.000,0.000,-1.320, 0.416, 0.370, 0.014;
4.482,1.370,0.070,1.370,0.070,-0.047,-0.033, 0.000,0.000,0.000,1.303, 0.410, 0.377, 0.000;
4.503,1.371,0.031,1.371,0.031,-0.047,-0.033, 0.000,0.000,0.000,0.000, 0.399, 0.389, 0.000;
4.515,1.370,0.010,1.370,0.010,-0.047,-0.033, 0.000,0.000,0.000,0.000, 0.392, 0.395, 0.000;
4.531,1.369,-0.019,1.369,-0.019,-0.047,-0.033, 0.000,0.000,0.000,0.000, 0.383, 0.404, 0.000;
4.536,1.369,-0.027,1.369,-0.027,-0.047,-0.033, 0.000,0.000,0.000,0.000, 0.380, 0.406, 0.000;
4.544,1.368,-0.042,1.368,-0.042,-0.047,-0.033, 0.000,0.000,0.000,0.000, 0.375, 0.410, 0.000;
4.565,1.365,-0.080,1.365,-0.080,-0.047,-0.033, 0.000,0.000,0.000,0.000, 0.362, 0.421, 0.000;
4.576,1.362,-0.100,1.362,-0.100,-0.047,-0.033, 0.000,0.000,0.000,0.000, 0.356, 0.427, 0.000;
4.588,1.360,-0.121,1.360,-0.121,-0.047,-0.033, 0.000,0.000,0.000,0.000, 0.348, 0.432, 0.000;
4.599,1.357,-0.141,1.357,-0.141,-0.047,-0.033, 0.000,0.000,0.000,0.000, 0.341, 0.438, 0.000;
4.612,1.353,-0.164,1.353,-0.164,-0.047,-0.033, 0.000,0.000,0.000,0.000, 0.333, 0.443, 0.000;
4.624,1.349,-0.185,1.349,-0.185,-0.047,-0.033, 0.000,0.000,0.000,0.000, 0.325, 0.449, 0.000;
4.636,1.345,-0.229,1.338,-0.222,-0.047,-0.033,-0.014,0.000,0.000,-1.254, 0.318, 0.454, 0.014;
4.648,1.340,-0.227,1.340,-0.227,-0.047,-0.033, 0.000,0.000,0.000,1.209, 0.310, 0.459, 0.000;
4.659,1.335,-0.247,1.335,-0.247,-0.047,-0.033, 0.000,0.000,0.000,0.000, 0.302, 0.464, 0.000;
4.670,1.330,-0.267,1.330,-0.267,-0.047,-0.033, 0.000,0.000,0.000,0.000, 0.294, 0.468, 0.000;
4.681,1.324,-0.286,1.324,-0.286,-0.047,-0.033, 0.000,0.000,0.000,0.000, 0.287, 0.472, 0.000;
4.692,1.319,-0.305,1.319,-0.305,-0.047,-0.033, 0.000,0.000,0.000,0.000, 0.279, 0.476, 0.000;
4.703,1.312,-0.324,1.312,-0.324,-0.047,-0.033, 0.000,0.000,0.000,0.000, 0.271, 0.480, 0.000;
4.715,1.306,-0.343,1.306,-0.343,-0.047,-0.033, 0.000,0.000,0.000,0.000, 0.264, 0.484, 0.000;
4.736,1.293,-0.379,1.293,-0.379,-0.047,-0.033, 0.000,0.000,0.000,0.000, 0.249, 0.491, 0.000;
4.747,1.283,-0.420,1.276,-0.413,-0.047,-0.033,-0.014,0.000,0.000,-1.277, 0.240, 0.495, 0.014;
4.758,1.277,-0.417,1.277,-0.417,-0.047,-0.033, 0.000,0.000,0.000,1.275, 0.232, 0.498, 0.000;
4.770,1.269,-0.436,1.269,-0.436,-0.047,-0.033, 0.000,0.000,0.000,0.000, 0.224, 0.501, 0.000;
4.782,1.260,-0.455,1.260,-0.455,-0.047,-0.033, 0.000,0.000,0.000,0.000, 0.215, 0.504, 0.000;
4.794,1.246,-0.497,1.240,-0.490,-0.047,-0.033,-0.014,0.000,0.000,-1.153, 0.206, 0.508, 0.014;
4.807,1.240,-0.495,1.240,-0.495,-0.047,-0.033, 0.000,0.000,0.000,1.154, 0.196, 0.511, 0.000;
4.819,1.225,-0.536,1.219,-0.529,-0.047,-0.033,-0.014,0.000,0.000,-1.186, 0.187, 0.513, 0.014;
4.831,1.219,-0.533,1.219,-0.533,-0.047,-0.033, 0.000,0.000,0.000,1.233, 0.178, 0.516, 0.000;
4.842,1.204,-0.572,1.197,-0.565,-0.047,-0.033,-0.014,0.000,0.000,-1.253, 0.170, 0.518, 0.014;
4.854,1.197,-0.570,1.197,-0.570,-0.047,-0.033, 0.000,0.000,0.000,1.210, 0.160, 0.520, 0.000;
4.865,1.186,-0.587,1.186,-0.587,-0.047,-0.033, 0.000,0.000,0.000,0.000, 0.152, 0.522, 0.000;
4.876,1.176,-0.603,1.176,-0.603,-0.047,-0.033, 0.000,0.000,0.000,0.000, 0.143, 0.524, 0.000;
4.888,1.164,-0.620,1.164,-0.620,-0.047,-0.033, 0.000,0.000,0.000,0.000, 0.135, 0.526, 0.000;
4.899,1.152,-0.637,1.152,-0.637,-0.047,-0.033, 0.000,0.000,0.000,0.000, 0.126, 0.527, 0.000;
4.910,1.140,-0.653,1.140,-0.653,-0.047,-0.033, 0.000,0.000,0.000,0.000, 0.117, 0.529, 0.000;
4.932,1.116,-0.684,1.116,-0.684,-0.047,-0.033, 0.000,0.000,0.000,0.000, 0.100, 0.531, 0.000;
4.943,1.103,-0.700,1.103,-0.700,-0.047,-0.033, 0.000,0.000,0.000,0.000, 0.091, 0.532, 0.000;
4.955,1.089,-0.716,1.089,-0.716,-0.047,-0.033, 0.000,0.000,0.000,0.000, 0.082, 0.532, 0.000;
4.968,1.074,-0.733,1.074,-0.733,-0.047,-0.033, 0.000,0.000,0.000,0.000, 0.072, 0.533, 0.000;
4.972,1.062,-0.758,1.055,-0.751,-0.047,-0.033,-0.014,0.000,0.000,-3.577, 0.069, 0.533, 0.014;
4.993,1.043,-0.767,1.043,-0.767,-0.047,-0.033, 0.000,0.000,0.000,0.681, 0.052, 0.533, 0.000;
5.005,1.019,-0.800,1.012,-0.794,-0.047,-0.033,-0.014,0.000,0.000,-1.194, 0.043, 0.533, 0.014;
5.018,1.011,-0.798,1.011,-0.798,-0.047,-0.033, 0.000,0.000,0.000,1.180, 0.033, 0.533, 0.000;
5.030,0.986,-0.831,0.980,-0.824,-0.047,-0.033,-0.014,0.000,0.000,-1.158, 0.023, 0.533, 0.014;
5.041,0.980,-0.827,0.980,-0.827,-0.047,-0.033, 0.000,0.000,0.000,1.283, 0.014, 0.532, 0.000;
5.053,0.963,-0.840,0.963,-0.840,-0.047,-0.033, 0.000,0.000,0.000,0.000, 0.005, 0.532, 0.000;
5.066,0.946,-0.855,0.946,-0.855,-0.047,-0.033, 0.000,0.000,0.000,0.000,-0.005, 0.531, 0.000;
5.077,0.930,-0.868,0.930,-0.868,-0.047,-0.033, 0.000,0.000,0.000,0.000,-0.014, 0.530, 0.000;
5.090,0.911,-0.882,0.911,-0.882,-0.047,-0.033, 0.000,0.000,0.000,0.000,-0.024, 0.528, 0.000;
5.101,0.895,-0.894,0.895,-0.894,-0.047,-0.033, 0.000,0.000,0.000,0.000,-0.032, 0.527, 0.000;
5.114,0.877,-0.907,0.877,-0.907,-0.047,-0.033, 0.000,0.000,0.000,0.000,-0.042, 0.526, 0.000;
5.126,0.859,-0.919,0.859,-0.919,-0.047,-0.033, 0.000,0.000,0.000,0.000,-0.051, 0.524, 0.000;
5.137,0.831,-0.946,0.824,-0.939,-0.047,-0.033,-0.014,0.000,0.000,-1.232,-0.060, 0.522, 0.014;
5.150,0.822,-0.942,0.822,-0.942,-0.047,-0.033, 0.000,0.000,0.000,1.171,-0.070, 0.520, 0.000;
5.163,0.802,-0.955,0.802,-0.955,-0.047,-0.033, 0.000,0.000,0.000,0.000,-0.080, 0.517, 0.000;
5.174,0.784,-0.965,0.784,-0.965,-0.047,-0.033, 0.000,0.000,0.000,0.000,-0.088, 0.515, 0.000;
5.186,0.755,-0.989,0.749,-0.982,-0.047,-0.033,-0.014,0.000,0.000,-1.286,-0.097, 0.512, 0.014;
5.197,0.748,-0.984,0.748,-0.984,-0.047,-0.033, 0.000,0.000,0.000,1.267,-0.105, 0.510, 0.000;
5.209,0.718,-1.007,0.712,-1.001,-0.047,-0.033,-0.014,0.000,0.000,-1.268,-0.114, 0.507, 0.014;
5.220,0.711,-1.002,0.711,-1.002,-0.047,-0.033, 0.000,0.000,0.000,1.300,-0.122, 0.504, 0.000;
5.231,0.693,-1.011,0.693,-1.011,-0.047,-0.033, 0.000,0.000,0.000,0.000,-0.131, 0.501, 0.000;
5.242,0.674,-1.019,0.674,-1.019,-0.047,-0.033, 0.000,0.000,0.000,0.000,-0.139, 0.498, 0.000;
5.254,0.655,-1.027,0.655,-1.027,-0.047,-0.033, 0.000,0.000,0.000,0.000,-0.147, 0.494, 0.000;
5.265,0.637,-1.034,0.637,-1.034,-0.047,-0.033, 0.000,0.000,0.000,0.000,-0.155, 0.491, 0.000;
5.286,0.600,-1.048,0.600,-1.048,-0.047,-0.033, 0.000,0.000,0.000,0.000,-0.171, 0.484, 0.000;
5.298,0.581,-1.054,0.581,-1.054,-0.047,-0.033, 0.000,0.000,0.000,0.000,-0.179, 0.480, 0.000;
5.310,0.560,-1.061,0.560,-1.061,-0.047,-0.033, 0.000,0.000,0.000,0.000,-0.187, 0.475, 0.000;
5.323,0.526,-1.079,0.519,-1.072,-0.047,-0.033,-0.014,0.000,0.000,-1.128,-0.196, 0.471, 0.014;
5.335,0.516,-1.074,0.516,-1.074,-0.047,-0.033, 0.000,0.000,0.000,1.163,-0.204, 0.466, 0.000;
5.347,0.483,-1.089,0.476,-1.083,-0.047,-0.033,-0.014,0.000,0.000,-1.215,-0.212, 0.461, 0.014;
5.358,0.476,-1.083,0.476,-1.083,-0.047,-0.033, 0.000,0.000,0.000,1.338,-0.220, 0.457, 0.000;
5.369,0.444,-1.098,0.437,-1.091,-0.047,-0.033,-0.014,0.000,0.000,-1.269,-0.227, 0.452, 0.014;
5.381,0.435,-1.092,0.435,-1.092,-0.047,-0.033, 0.000,0.000,0.000,1.228,-0.235, 0.447, 0.000;
5.392,0.416,-1.095,0.416,-1.095,-0.047,-0.033, 0.000,0.000,0.000,0.000,-0.242, 0.442, 0.000;
5.403,0.396,-1.099,0.396,-1.099,-0.047,-0.033, 0.000,0.000,0.000,0.000,-0.249, 0.437, 0.000;
5.414,0.363,-1.110,0.356,-1.104,-0.047,-0.033,-0.014,0.000,0.000,-1.266,-0.256, 0.431, 0.014;
5.426,0.356,-1.104,0.356,-1.104,-0.047,-0.033, 0.000,0.000,0.000,1.303,-0.263, 0.426, 0.000;
5.437,0.335,-1.106,0.335,-1.106,-0.047,-0.033, 0.000,0.000,0.000,0.000,-0.270, 0.420, 0.000;
5.449,0.314,-1.108,0.314,-1.108,-0.047,-0.033, 0.000,0.000,0.000,0.000,-0.277, 0.414, 0.000;
5.470,0.276,-1.111,0.276,-1.111,-0.047,-0.033, 0.000,0.000,0.000,0.000,-0.290, 0.403, 0.000;
5.482,0.241,-1.118,0.234,-1.112,-0.047,-0.033,-0.014,0.000,0.000,-1.170,-0.297, 0.397, 0.014;
5.486,0.248,-1.112,0.248,-1.112,-0.047,-0.033, 0.000,0.000,0.000,4.392,-0.299, 0.395, 0.000;
5.497,0.228,-1.112,0.228,-1.112,-0.047,-0.033, 0.000,0.000,0.000,0.000,-0.305, 0.389, 0.000;
5.518,0.190,-1.111,0.190,-1.111,-0.047,-0.033, 0.000,0.000,0.000,0.000,-0.316, 0.377, 0.000;
5.530,0.155,-1.116,0.149,-1.110,-0.047,-0.033,-0.014,0.000,0.000,-1.217,-0.323, 0.370, 0.014;
5.541,0.147,-1.109,0.147,-1.109,-0.047,-0.033, 0.000,0.000,0.000,1.244,-0.329, 0.363, 0.000;
5.553,0.113,-1.113,0.107,-1.106,-0.047,-0.033,-0.014,0.000,0.000,-1.227,-0.335, 0.356, 0.014;
5.564,0.106,-1.106,0.106,-1.106,-0.047,-0.033, 0.000,0.000,0.000,1.278,-0.341, 0.349, 0.000;
5.576,0.072,-1.108,0.065,-1.101,-0.047,-0.033,-0.014,0.000,0.000,-1.243,-0.346, 0.342, 0.014;
5.588,0.064,-1.101,0.064,-1.101,-0.047,-0.033, 0.000,0.000,0.000,1.265,-0.352, 0.335, 0.000;
5.599,0.044,-1.098,0.044,-1.098,-0.047,-0.033, 0.000,0.000,0.000,0.000,-0.357, 0.328, 0.000;
5.610,0.025,-1.095,0.025,-1.095,-0.047,-0.033, 0.000,0.000,0.000,0.000,-0.362, 0.321, 0.000;
5.621,0.005,-1.091,0.005,-1.091,-0.047,-0.033, 0.000,0.000,0.000,0.000,-0.367, 0.314, 0.000;
5.632,-0.014,-1.087,-0.014,-1.087,-0.047,-0.033, 0.000,0.000,0.000,0.000,-0.372, 0.307, 0.000;
5.653,-0.051,-1.079,-0.051,-1.079,-0.047,-0.033, 0.000,0.000,0.000,0.000,-0.381, 0.293, 0.000;
5.664,-0.072,-1.074,-0.072,-1.074,-0.047,-0.033, 0.000,0.000,0.000,0.000,-0.385, 0.285, 0.000;
5.676,-0.092,-1.068,-0.092,-1.068,-0.047,-0.033, 0.000,0.000,0.000,0.000,-0.390, 0.277, 0.000;
5.687,-0.123,-1.064,-0.130,-1.058,-0.047,-0.033,-0.014,0.000,0.000,-1.287,-0.394, 0.269, 0.014;
5.699,-0.131,-1.056,-0.131,-1.056,-0.047,-0.033, 0.000,0.000,0.000,1.232,-0.398, 0.261, 0.000;
5.710,-0.162,-1.051,-0.169,-1.044,-0.047,-0.033,-0.014,0.000,0.000,-1.315,-0.402, 0.254, 0.014;
5.721,-0.169,-1.043,-0.169,-1.043,-0.047,-0.033, 0.000,0.000,0.000,1.316,-0.406, 0.246, 0.000;
5.732,-0.188,-1.036,-0.188,-1.036,-0.047,-0.033, 0.000,0.000,0.000,0.000,-0.410, 0.238, 0.000;
5.743,-0.206,-1.029,-0.206,-1.029,-0.047,-0.033, 0.000,0.000,0.000,0.000,-0.413, 0.230, 0.000;
5.754,-0.236,-1.022,-0.243,-1.015,-0.047,-0.033,-0.014,0.000,0.000,-1.330,-0.416, 0.222, 0.014;
5.775,-0.259,-1.006,-0.259,-1.006,-0.047,-0.033, 0.000,0.000,0.000,0.684,-0.422, 0.206, 0.000;
5.786,-0.278,-0.998,-0.278,-0.998,-0.047,-0.033, 0.000,0.000,0.000,0.000,-0.425, 0.198, 0.000;
5.798,-0.297,-0.988,-0.297,-0.988,-0.047,-0.033, 0.000,0.000,0.000,0.000,-0.428, 0.189, 0.000;
5.810,-0.316,-0.979,-0.316,-0.979,-0.047,-0.033, 0.000,0.000,0.000,0.000,-0.431, 0.181, 0.000;
5.822,-0.335,-0.968,-0.335,-0.968,-0.047,-0.033, 0.000,0.000,0.000,0.000,-0.434, 0.171, 0.000;
5.834,-0.354,-0.958,-0.354,-0.958,-0.047,-0.033, 0.000,0.000,0.000,0.000,-0.436, 0.162, 0.000;
5.845,-0.371,-0.947,-0.371,-0.947,-0.047,-0.033, 0.000,0.000,0.000,0.000,-0.438, 0.154, 0.000;
5.857,-0.389,-0.936,-0.389,-0.936,-0.047,-0.033, 0.000,0.000,0.000,0.000,-0.441, 0.145, 0.000;
5.868,-0.416,-0.922,-0.423,-0.916,-0.047,-0.033,-0.014,0.000,0.000,-1.281,-0.442, 0.136, 0.014;
5.879,-0.423,-0.914,-0.423,-0.914,-0.047,-0.033, 0.000,0.000,0.000,1.312,-0.444, 0.128, 0.000;
5.891,-0.441,-0.902,-0.441,-0.902,-0.047,-0.033, 0.000,0.000,0.000,0.000,-0.446, 0.119, 0.000;
5.902,-0.457,-0.890,-0.457,-0.890,-0.047,-0.033, 0.000,0.000,0.000,0.000,-0.447, 0.110, 0.000;
5.914,-0.483,-0.874,-0.489,-0.868,-0.047,-0.033,-0.014,0.000,0.000,-1.283,-0.449, 0.101, 0.014;
5.935,-0.503,-0.854,-0.503,-0.854,-0.047,-0.033, 0.000,0.000,0.000,0.685,-0.451, 0.085, 0.000;
5.947,-0.529,-0.836,-0.535,-0.829,-0.047,-0.033,-0.014,0.000,0.000,-1.203,-0.451, 0.075, 0.014;
5.958,-0.536,-0.827,-0.536,-0.827,-0.047,-0.033, 0.000,0.000,0.000,1.260,-0.452, 0.066, 0.000;
5.970,-0.551,-0.813,-0.551,-0.813,-0.047,-0.033, 0.000,0.000,0.000,0.000,-0.453, 0.057, 0.000;
5.981,-0.566,-0.799,-0.566,-0.799,-0.047,-0.033, 0.000,0.000,0.000,0.000,-0.453, 0.048, 0.000;
5.992,-0.581,-0.785,-0.581,-0.785,-0.047,-0.033, 0.000,0.000,0.000,0.000,-0.453, 0.040, 0.000;
6.004,-0.596,-0.770,-0.596,-0.770,-0.047,-0.033, 0.000,0.000,0.000,0.000,-0.453, 0.030, 0.000;
6.016,-0.610,-0.755,-0.610,-0.755,-0.047,-0.033, 0.000,0.000,0.000,0.000,-0.453, 0.021, 0.000;
6.027,-0.624,-0.740,-0.624,-0.740,-0.047,-0.033, 0.000,0.000,0.000,0.000,-0.453, 0.012, 0.000;
6.038,-0.638,-0.725,-0.638,-0.725,-0.047,-0.033, 0.000,0.000,0.000,0.000,-0.452, 0.003, 0.000;
6.050,-0.658,-0.703,-0.665,-0.697,-0.047,-0.033,-0.014,0.000,0.000,-1.285,-0.452,-0.006, 0.014;
6.061,-0.664,-0.694,-0.664,-0.694,-0.047,-0.033, 0.000,0.000,0.000,1.298,-0.451,-0.014, 0.000;
6.072,-0.677,-0.679,-0.677,-0.679,-0.047,-0.033, 0.000,0.000,0.000,0.000,-0.450,-0.023, 0.000;
6.084,-0.691,-0.661,-0.691,-0.661,-0.047,-0.033, 0.000,0.000,0.000,0.000,-0.449,-0.032, 0.000;
6.105,-0.719,-0.624,-0.726,-0.617,-0.047,-0.033,-0.014,0.000,0.000,-0.688,-0.446,-0.049, 0.014;
6.118,-0.726,-0.612,-0.726,-0.612,-0.047,-0.033, 0.000,0.000,0.000,1.130,-0.445,-0.059, 0.000;
6.130,-0.744,-0.586,-0.751,-0.579,-0.047,-0.033,-0.014,0.000,0.000,-1.172,-0.443,-0.068, 0.014;
6.141,-0.750,-0.576,-0.750,-0.576,-0.047,-0.033, 0.000,0.000,0.000,1.303,-0.441,-0.077, 0.000;
6.154,-0.762,-0.556,-0.762,-0.556,-0.047,-0.033, 0.000,0.000,0.000,0.000,-0.438,-0.087, 0.000;
6.166,-0.772,-0.539,-0.772,-0.539,-0.047,-0.033, 0.000,0.000,0.000,0.000,-0.436,-0.095, 0.000;
6.178,-0.783,-0.520,-0.783,-0.520,-0.047,-0.033, 0.000,0.000,0.000,0.000,-0.434,-0.104, 0.000;
6.190,-0.793,-0.501,-0.793,-0.501,-0.047,-0.033, 0.000,0.000,0.000,0.000,-0.431,-0.113, 0.000;
6.201,-0.803,-0.483,-0.803,-0.483,-0.047,-0.033, 0.000,0.000,0.000,0.000,-0.428,-0.122, 0.000;
6.214,-0.813,-0.463,-0.813,-0.463,-0.047,-0.033, 0.000,0.000,0.000,0.000,-0.425,-0.131, 0.000;
6.225,-0.821,-0.444,-0.821,-0.444,-0.047,-0.033, 0.000,0.000,0.000,0.000,-0.422,-0.139, 0.000;
6.237,-0.833,-0.416,-0.840,-0.409,-0.047,-0.033,-0.014,0.000,0.000,-1.213,-0.419,-0.148, 0.014;
6.249,-0.839,-0.405,-0.839,-0.405,-0.047,-0.033, 0.000,0.000,0.000,1.227,-0.415,-0.157, 0.000;
6.259,-0.848,-0.378,-0.855,-0.371,-0.047,-0.033,-0.014,0.000,0.000,-1.334,-0.412,-0.165, 0.014;
6.270,-0.853,-0.368,-0.853,-0.368,-0.047,-0.033, 0.000,0.000,0.000,1.314,-0.409,-0.173, 0.000;
6.282,-0.862,-0.340,-0.869,-0.333,-0.047,-0.033,-0.014,0.000,0.000,-1.281,-0.405,-0.181, 0.014;
6.293,-0.867,-0.330,-0.867,-0.330,-0.047,-0.033, 0.000,0.000,0.000,1.306,-0.401,-0.189, 0.000;
6.304,-0.873,-0.311,-0.873,-0.311,-0.047,-0.033, 0.000,0.000,0.000,0.000,-0.397,-0.196, 0.000;
6.326,-0.884,-0.274,-0.884,-0.274,-0.047,-0.033, 0.000,0.000,0.000,0.000,-0.389,-0.211, 0.000;
6.338,-0.890,-0.242,-0.897,-0.236,-0.047,-0.033,-0.014,0.000,0.000,-1.153,-0.384,-0.220, 0.014;
6.350,-0.896,-0.230,-0.896,-0.230,-0.047,-0.033, 0.000,0.000,0.000,1.179,-0.379,-0.228, 0.000;
6.354,-0.897,-0.225,-0.897,-0.225,-0.047,-0.033, 0.000,0.000,0.000,0.000,-0.378,-0.230, 0.000;
6.375,-0.905,-0.188,-0.905,-0.188,-0.047,-0.033, 0.000,0.000,0.000,0.000,-0.369,-0.244, 0.000;
6.386,-0.909,-0.167,-0.909,-0.167,-0.047,-0.033, 0.000,0.000,0.000,0.000,-0.364,-0.252, 0.000;
6.398,-0.913,-0.146,-0.913,-0.146,-0.047,-0.033, 0.000,0.000,0.000,0.000,-0.358,-0.259, 0.000;
6.410,-0.916,-0.125,-0.916,-0.125,-0.047,-0.033, 0.000,0.000,0.000,0.000,-0.353,-0.267, 0.000;
6.421,-0.918,-0.104,-0.918,-0.104,-0.047,-0.033, 0.000,0.000,0.000,0.000,-0.348,-0.274, 0.000;
6.433,-0.921,-0.084,-0.921,-0.084,-0.047,-0.033, 0.000,0.000,0.000,0.000,-0.342,-0.281, 0.000;
6.445,-0.920,-0.051,-0.927,-0.045,-0.047,-0.033,-0.014,0.000,0.000,-1.163,-0.336,-0.289, 0.014;
6.457,-0.924,-0.041,-0.924,-0.041,-0.047,-0.033, 0.000,0.000,0.000,1.275,-0.330,-0.295, 0.000;
6.470,-0.926,-0.018,-0.926,-0.018,-0.047,-0.033, 0.000,0.000,0.000,0.000,-0.323,-0.303, 0.000;
6.481,-0.927,0.003,-0.927,0.003,-0.047,-0.033, 0.000,0.000,0.000,0.000,-0.317,-0.309, 0.000;
6.493,-0.923,0.035,-0.930,0.041,-0.047,-0.033,-0.014,0.000,0.000,-1.213,-0.310,-0.316, 0.014;
6.505,-0.927,0.045,-0.927,0.045,-0.047,-0.033, 0.000,0.000,0.000,1.258,-0.304,-0.323, 0.000;
6.516,-0.922,0.075,-0.929,0.082,-0.047,-0.033,-0.014,0.000,0.000,-1.320,-0.298,-0.329, 0.014;
6.527,-0.926,0.086,-0.926,0.086,-0.047,-0.033, 0.000,0.000,0.000,1.273,-0.291,-0.335, 0.000;
6.538,-0.925,0.106,-0.925,0.106,-0.047,-0.033, 0.000,0.000,0.000,0.000,-0.285,-0.341, 0.000;
6.549,-0.924,0.126,-0.924,0.126,-0.047,-0.033, 0.000,0.000,0.000,0.000,-0.278,-0.346, 0.000;
6.561,-0.922,0.147,-0.922,0.147,-0.047,-0.033, 0.000,0.000,0.000,0.000,-0.271,-0.352, 0.000;
6.583,-0.917,0.186,-0.917,0.186,-0.047,-0.033, 0.000,0.000,0.000,0.000,-0.258,-0.363, 0.000;
6.594,-0.915,0.207,-0.915,0.207,-0.047,-0.033, 0.000,0.000,0.000,0.000,-0.251,-0.368, 0.000;
6.606,-0.911,0.228,-0.911,0.228,-0.047,-0.033, 0.000,0.000,0.000,0.000,-0.243,-0.374, 0.000;
6.618,-0.908,0.248,-0.908,0.248,-0.047,-0.033, 0.000,0.000,0.000,0.000,-0.236,-0.379, 0.000;
6.630,-0.896,0.280,-0.903,0.286,-0.047,-0.033,-0.014,0.000,0.000,-1.184,-0.228,-0.384, 0.014;
6.641,-0.899,0.290,-0.899,0.290,-0.047,-0.033, 0.000,0.000,0.000,1.317,-0.220,-0.389, 0.000;
6.653,-0.894,0.311,-0.894,0.311,-0.047,-0.033, 0.000,0.000,0.000,0.000,-0.212,-0.394, 0.000;
6.665,-0.889,0.332,-0.889,0.332,-0.047,-0.033, 0.000,0.000,0.000,0.000,-0.204,-0.399, 0.000;
6.677,-0.874,0.362,-0.881,0.369,-0.047,-0.033,-0.014,0.000,0.000,-1.200,-0.196,-0.404, 0.014;
6.689,-0.877,0.373,-0.877,0.373,-0.047,-0.033, 0.000,0.000,0.000,1.218,-0.188,-0.408, 0.000;
6.702,-0.861,0.404,-0.867,0.411,-0.047,-0.033,-0.014,0.000,0.000,-1.143,-0.179,-0.413, 0.014;
6.714,-0.863,0.416,-0.863,0.416,-0.047,-0.033, 0.000,0.000,0.000,1.200,-0.170,-0.417, 0.000;
6.726,-0.856,0.436,-0.856,0.436,-0.047,-0.033, 0.000,0.000,0.000,0.000,-0.162,-0.421, 0.000;
6.738,-0.848,0.456,-0.848,0.456,-0.047,-0.033, 0.000,0.000,0.000,0.000,-0.153,-0.425, 0.000;
6.749,-0.840,0.476,-0.840,0.476,-0.047,-0.033, 0.000,0.000,0.000,0.000,-0.145,-0.428, 0.000;
6.761,-0.832,0.494,-0.832,0.494,-0.047,-0.033, 0.000,0.000,0.000,0.000,-0.137,-0.432, 0.000;
6.771,-0.824,0.512,-0.824,0.512,-0.047,-0.033, 0.000,0.000,0.000,0.000,-0.129,-0.435, 0.000;
6.783,-0.804,0.539,-0.811,0.546,-0.047,-0.033,-0.014,0.000,0.000,-1.268,-0.120,-0.438, 0.014;
6.794,-0.807,0.549,-0.807,0.549,-0.047,-0.033, 0.000,0.000,0.000,1.301,-0.112,-0.441, 0.000;
6.805,-0.786,0.575,-0.793,0.582,-0.047,-0.033,-0.014,0.000,0.000,-1.301,-0.104,-0.443, 0.014;
6.827,-0.779,0.601,-0.779,0.601,-0.047,-0.033, 0.000,0.000,0.000,0.674,-0.088,-0.448, 0.000;
6.838,-0.756,0.627,-0.763,0.634,-0.047,-0.033,-0.014,0.000,0.000,-1.237,-0.079,-0.450, 0.014;
6.850,-0.757,0.638,-0.757,0.638,-0.047,-0.033, 0.000,0.000,0.000,1.197,-0.069,-0.453, 0.000;
6.863,-0.732,0.665,-0.739,0.672,-0.047,-0.033,-0.014,0.000,0.000,-1.124,-0.060,-0.455, 0.014;
6.875,-0.734,0.675,-0.734,0.675,-0.047,-0.033, 0.000,0.000,0.000,1.283,-0.051,-0.457, 0.000;
6.886,-0.709,0.699,-0.715,0.706,-0.047,-0.033,-0.014,0.000,0.000,-1.237,-0.042,-0.459, 0.014;
6.898,-0.710,0.710,-0.710,0.710,-0.047,-0.033, 0.000,0.000,0.000,1.231,-0.033,-0.460, 0.000;
6.910,-0.697,0.727,-0.697,0.727,-0.047,-0.033, 0.000,0.000,0.000,0.000,-0.024,-0.462, 0.000;
6.922,-0.683,0.745,-0.683,0.745,-0.047,-0.033, 0.000,0.000,0.000,0.000,-0.014,-0.463, 0.000;
6.934,-0.670,0.761,-0.670,0.761,-0.047,-0.033, 0.000,0.000,0.000,0.000,-0.005,-0.464, 0.000;
6.946,-0.656,0.778,-0.656,0.778,-0.047,-0.033, 0.000,0.000,0.000,0.000, 0.005,-0.465, 0.000;
6.957,-0.643,0.793,-0.643,0.793,-0.047,-0.033, 0.000,0.000,0.000,0.000, 0.013,-0.465, 0.000;
6.969,-0.629,0.809,-0.629,0.809,-0.047,-0.033, 0.000,0.000,0.000,0.000, 0.023,-0.466, 0.000;
6.980,-0.615,0.824,-0.615,0.824,-0.047,-0.033, 0.000,0.000,0.000,0.000, 0.032,-0.466, 0.000;
6.992,-0.601,0.839,-0.601,0.839,-0.047,-0.033, 0.000,0.000,0.000,0.000, 0.040,-0.466, 0.000;
7.003,-0.587,0.853,-0.587,0.853,-0.047,-0.033, 0.000,0.000,0.000,0.000, 0.049,-0.467, 0.000;
7.014,-0.556,0.872,-0.563,0.879,-0.047,-0.033,-0.014,0.000,0.000,-1.289, 0.058,-0.466, 0.014;
7.025,-0.558,0.881,-0.558,0.881,-0.047,-0.033, 0.000,0.000,0.000,1.332, 0.067,-0.466, 0.000;
7.047,-0.512,0.911,-0.519,0.918,-0.047,-0.033,-0.014,0.000,0.000,-0.674, 0.083,-0.465, 0.014;
7.058,-0.513,0.920,-0.513,0.920,-0.047,-0.033, 0.000,0.000,0.000,1.246, 0.093,-0.464, 0.000;
7.071,-0.478,0.939,-0.485,0.945,-0.047,-0.033,-0.014,0.000,0.000,-1.113, 0.103,-0.463, 0.014;
7.083,-0.478,0.948,-0.478,0.948,-0.047,-0.033, 0.000,0.000,0.000,1.212, 0.112,-0.462, 0.000;
7.095,-0.461,0.961,-0.461,0.961,-0.047,-0.033, 0.000,0.000,0.000,0.000, 0.121,-0.461, 0.000;
7.107,-0.444,0.974,-0.444,0.974,-0.047,-0.033, 0.000,0.000,0.000,0.000, 0.130,-0.459, 0.000;
7.118,-0.427,0.985,-0.427,0.985,-0.047,-0.033, 0.000,0.000,0.000,0.000, 0.139,-0.458, 0.000;
7.131,-0.407,0.998,-0.407,0.998,-0.047,-0.033, 0.000,0.000,0.000,0.000, 0.149,-0.456, 0.000;
7.142,-0.391,1.009,-0.391,1.009,-0.047,-0.033, 0.000,0.000,0.000,0.000, 0.157,-0.454, 0.000;
7.153,-0.374,1.020,-0.374,1.020,-0.047,-0.033, 0.000,0.000,0.000,0.000, 0.166,-0.452, 0.000;
7.166,-0.354,1.031,-0.354,1.031,-0.047,-0.033, 0.000,0.000,0.000,0.000, 0.176,-0.450, 0.000;
7.178,-0.335,1.042,-0.335,1.042,-0.047,-0.033, 0.000,0.000,0.000,0.000, 0.185,-0.447, 0.000;
7.190,-0.316,1.052,-0.316,1.052,-0.047,-0.033, 0.000,0.000,0.000,0.000, 0.194,-0.445, 0.000;
7.202,-0.279,1.063,-0.285,1.069,-0.047,-0.033,-0.014,0.000,0.000,-1.220, 0.203,-0.442, 0.014;
7.213,-0.280,1.071,-0.280,1.071,-0.047,-0.033, 0.000,0.000,0.000,1.317, 0.211,-0.439, 0.000;
7.224,-0.242,1.080,-0.249,1.086,-0.047,-0.033,-0.014,0.000,0.000,-1.281, 0.219,-0.436, 0.014;
7.235,-0.242,1.088,-0.242,1.088,-0.047,-0.033, 0.000,0.000,0.000,1.244, 0.228,-0.433, 0.000;
7.247,-0.204,1.096,-0.210,1.103,-0.047,-0.033,-0.014,0.000,0.000,-1.267, 0.236,-0.429, 0.014;
7.258,-0.205,1.104,-0.205,1.104,-0.047,-0.033, 0.000,0.000,0.000,1.309, 0.244,-0.426, 0.000;
7.279,-0.149,1.117,-0.156,1.123,-0.047,-0.033,-0.014,0.000,0.000,-0.677, 0.259,-0.419, 0.014;
7.292,-0.148,1.125,-0.148,1.125,-0.047,-0.033, 0.000,0.000,0.000,1.187, 0.268,-0.415, 0.000;
7.304,-0.127,1.132,-0.127,1.132,-0.047,-0.033, 0.000,0.000,0.000,0.000, 0.276,-0.411, 0.000;
7.315,-0.107,1.138,-0.107,1.138,-0.047,-0.033, 0.000,0.000,0.000,0.000, 0.285,-0.406, 0.000;
7.328,-0.085,1.144,-0.085,1.144,-0.047,-0.033, 0.000,0.000,0.000,0.000, 0.293,-0.402, 0.000;
7.340,-0.064,1.150,-0.064,1.150,-0.047,-0.033, 0.000,0.000,0.000,0.000, 0.301,-0.397, 0.000;
7.352,-0.044,1.155,-0.044,1.155,-0.047,-0.033, 0.000,0.000,0.000,0.000, 0.309,-0.392, 0.000;
7.363,-0.023,1.159,-0.023,1.159,-0.047,-0.033, 0.000,0.000,0.000,0.000, 0.317,-0.387, 0.000;
7.375,-0.002,1.164,-0.002,1.164,-0.047,-0.033, 0.000,0.000,0.000,0.000, 0.325,-0.382, 0.000;
7.387,0.019,1.168,0.019,1.168,-0.047,-0.033, 0.000,0.000,0.000,0.000, 0.332,-0.377, 0.000;
7.399,0.041,1.172,0.041,1.172,-0.047,-0.033, 0.000,0.000,0.000,0.000, 0.340,-0.371, 0.000;
7.412,0.063,1.175,0.063,1.175,-0.047,-0.033, 0.000,0.000,0.000,0.000, 0.348,-0.366, 0.000;
7.424,0.084,1.178,0.084,1.178,-0.047,-0.033, 0.000,0.000,0.000,0.000, 0.356,-0.360, 0.000;
7.436,0.126,1.175,0.120,1.182,-0.047,-0.033,-0.014,0.000,0.000,-1.209, 0.363,-0.354, 0.014;
7.447,0.127,1.182,0.127,1.182,-0.047,-0.033, 0.000,0.000,0.000,1.224, 0.370,-0.348, 0.000;
7.459,0.148,1.183,0.148,1.183,-0.047,-0.033, 0.000,0.000,0.000,0.000, 0.377,-0.342, 0.000;
7.471,0.169,1.185,0.169,1.185,-0.047,-0.033, 0.000,0.000,0.000,0.000, 0.384,-0.336, 0.000;
7.483,0.191,1.185,0.191,1.185,-0.047,-0.033, 0.000,0.000,0.000,0.000, 0.391,-0.329, 0.000;
7.494,0.211,1.186,0.211,1.186,-0.047,-0.033, 0.000,0.000,0.000,0.000, 0.397,-0.323, 0.000;
7.506,0.232,1.186,0.232,1.186,-0.047,-0.033, 0.000,0.000,0.000,0.000, 0.404,-0.317, 0.000;
7.518,0.255,1.185,0.255,1.185,-0.047,-0.033, 0.000,0.000,0.000,0.000, 0.410,-0.310, 0.000;
