0.000,0.000,0.000,0.000,0.000, 0.000, 0.000, 0.000,0.000,0.000,0.000, 0.000, 0.000, 0.000, 0.000, 0.000, 0.000, 0.000, 0.000, 0.000;
0.013,-1.300,-1.213,-1.300,-1.213,-0.076,-0.051,-0.014,0.000,0.000,0.000, 0.576, 0.061, 1.605, 0.043, 0.840, 1.571,-0.059,-0.054, 0.000;
0.025,4.629,4.594,4.629,4.594,-0.076,-0.051,-0.014,0.000,0.000,0.000, 0.576, 0.071, 1.624, 0.081, 0.888, 1.571,-0.112,-0.103, 0.000;
0.039,4.599,4.621,4.599,4.621,-0.076,-0.051,-0.014,0.000,0.000,0.000, 0.575, 0.082, 1.647, 0.122, 0.942, 1.571,-0.171,-0.159, 0.000;
0.042,4.588,4.622,4.588,4.622,-0.076,-0.051,-0.014,0.000,0.000,0.000, 0.575, 0.085, 1.652, 0.130, 0.953, 1.571,-0.182,-0.169, 0.000;
0.061,4.554,4.659,4.554,4.659,-0.076,-0.051,-0.014,0.000,0.000,0.000, 0.574, 0.099, 1.680, 0.177, 1.017, 1.571,-0.252,-0.235, 0.000;
0.072,4.523,4.672,4.523,4.672,-0.076,-0.051,-0.014,0.000,0.000,0.000, 0.573, 0.108, 1.698, 0.203, 0.976, 1.571,-0.292,-0.196, 0.000;
0.083,4.494,4.688,4.494,4.688,-0.076,-0.051,-0.014,0.000,0.000,0.000, 0.572, 0.116, 1.716, 0.149, 0.934, 1.571,-0.252,-0.156, 0.000;
0.095,4.464,4.703,4.464,4.703,-0.076,-0.051,-0.014,0.000,0.000,0.000, 0.570, 0.125, 1.734, 0.095, 0.892, 1.571,-0.211,-0.115, 0.000;
0.106,4.433,4.717,4.433,4.717,-0.074,-0.051,-0.015,0.191,0.000,-0.018, 0.567, 0.134, 1.752, 0.039, 0.849, 1.571,-0.169,-0.074, 0.000;
0.119,4.375,4.710,4.375,4.710,-0.076,-0.051,-0.014,-0.178,0.000,0.017, 0.567, 0.144, 1.772,-0.020, 0.802, 1.571,-0.125,-0.030, 0.000;
0.131,4.361,4.743,4.361,4.743,-0.076,-0.051,-0.014,0.000,0.000,0.000, 0.565, 0.154, 1.791,-0.078, 0.756, 1.571,-0.082, 0.013, 0.000;
0.144,4.323,4.755,4.323,4.755,-0.076,-0.051,-0.014,0.000,0.000,0.000, 0.563, 0.163, 1.811,-0.139, 0.708, 1.571,-0.037, 0.057, 0.000;
0.156,4.283,4.763,4.283,4.763,-0.076,-0.051,-0.014,0.000,0.000,0.000, 0.561, 0.173, 1.831,-0.197, 0.748, 1.571, 0.006, 0.014, 0.000;
0.168,4.244,4.769,4.244,4.769,-0.076,-0.051,-0.014,0.000,0.000,0.000, 0.559, 0.182, 1.849,-0.170, 0.703, 1.571,-0.035, 0.055, 0.000;
0.179,4.206,4.772,4.206,4.772,-0.074,-0.051,-0.015,0.200,0.000,-0.019, 0.554, 0.190, 1.867,-0.222, 0.739, 1.571, 0.005, 0.016, 0.000;
0.192,4.209,4.698,4.209,4.698,-0.074,-0.049,-0.029,0.000,0.172,-1.099, 0.551, 0.198, 1.901,-0.283, 0.688, 1.571, 0.050, 0.062, 0.000;
0.203,4.165,4.697,4.165,4.697,-0.074,-0.049,-0.029,0.000,0.000,0.000, 0.548, 0.206, 1.919,-0.257, 0.723, 1.571, 0.011, 0.022, 0.000;
0.214,4.127,4.697,4.127,4.697,-0.071,-0.049,-0.029,0.205,0.000,-0.039, 0.543, 0.214, 1.936,-0.309, 0.681, 1.571, 0.049, 0.061, 0.000;
0.225,4.060,4.677,4.060,4.677,-0.071,-0.049,-0.029,0.000,0.000,0.039, 0.541, 0.222, 1.953,-0.283, 0.715, 1.571, 0.011, 0.022, 0.000;
0.236,4.018,4.677,4.018,4.677,-0.069,-0.049,-0.029,0.204,0.000,0.000, 0.535, 0.230, 1.970,-0.334, 0.672, 1.571, 0.050, 0.061, 0.000;
0.247,3.951,4.653,3.951,4.653,-0.067,-0.049,-0.029,0.204,0.000,0.000, 0.530, 0.238, 1.988,-0.385, 0.705, 1.571, 0.088, 0.022, 0.000;
0.268,3.874,4.655,3.874,4.655,-0.065,-0.047,-0.029,0.106,0.106,0.000, 0.521, 0.251, 2.021,-0.484, 0.620, 1.571, 0.163, 0.097, 0.000;
0.280,3.705,4.653,3.705,4.653,-0.062,-0.047,-0.014,0.191,0.000,1.240, 0.515, 0.260, 2.025,-0.456, 0.656, 1.571, 0.122, 0.055, 0.000;
0.292,3.631,4.626,3.631,4.626,-0.060,-0.047,-0.014,0.177,0.000,0.000, 0.508, 0.268, 2.044,-0.514, 0.693, 1.571, 0.166, 0.011, 0.000;
0.302,3.556,4.586,3.556,4.586,-0.058,-0.045,-0.014,0.236,0.236,0.000, 0.503, 0.273, 2.059,-0.491, 0.654, 1.571, 0.133, 0.044, 0.000;
0.313,3.422,4.611,3.422,4.611,-0.054,-0.045, 0.000,0.382,0.000,1.239, 0.494, 0.281, 2.063,-0.545, 0.607, 1.571, 0.174, 0.085, 0.000;
0.324,3.325,4.551,3.325,4.551,-0.051,-0.045, 0.000,0.205,0.000,0.000, 0.488, 0.289, 2.080,-0.596, 0.639, 1.571, 0.212, 0.047, 0.000;
0.335,3.252,4.516,3.252,4.516,-0.047,-0.042, 0.000,0.406,0.203,0.000, 0.479, 0.294, 2.098,-0.646, 0.593, 1.571, 0.251, 0.086, 0.000;
0.348,3.090,4.506,3.090,4.506,-0.045,-0.042, 0.014,0.180,0.000,1.167, 0.472, 0.302, 2.103,-0.616, 0.629, 1.571, 0.208, 0.042, 0.000;
0.359,3.010,4.461,3.010,4.461,-0.040,-0.040, 0.014,0.409,0.205,0.000, 0.463, 0.307, 2.120,-0.666, 0.583, 1.571, 0.246, 0.081, 0.000;
0.370,2.847,4.441,2.847,4.441,-0.036,-0.040, 0.029,0.403,0.000,1.346, 0.454, 0.315, 2.122,-0.716, 0.615, 1.571, 0.285, 0.042, 0.000;
0.391,2.808,4.362,2.808,4.362,-0.031,-0.038, 0.015,0.211,0.106,-0.696, 0.440, 0.326, 2.170,-0.812, 0.526, 1.571, 0.359, 0.116, 0.000;
0.402,2.603,4.288,2.603,4.288,-0.029,-0.038, 0.029,0.197,0.000,1.263, 0.433, 0.333, 2.174,-0.783, 0.558, 1.571, 0.319, 0.076, 0.000;
0.414,2.462,4.279,2.462,4.279,-0.025,-0.038, 0.043,0.378,0.000,1.224, 0.422, 0.341, 2.178,-0.753, 0.591, 1.571, 0.277, 0.035, 0.000;
0.426,2.356,4.208,2.356,4.208,-0.020,-0.036, 0.044,0.364,0.182,0.052, 0.412, 0.346, 2.196,-0.808, 0.538, 1.571, 0.321, 0.078, 0.000;
0.439,2.189,4.164,2.189,4.164,-0.016,-0.036, 0.059,0.357,0.000,1.172, 0.401, 0.354, 2.201,-0.864, 0.572, 1.571, 0.364, 0.034, 0.000;
0.451,2.142,4.052,2.142,4.052,-0.011,-0.033, 0.044,0.376,0.188,-1.237, 0.391, 0.359, 2.235,-0.834, 0.521, 1.571, 0.323, 0.076, 0.000;
0.463,1.974,4.006,1.974,4.006,-0.004,-0.033, 0.060,0.535,0.000,1.241, 0.378, 0.366, 2.239,-0.890, 0.555, 1.571, 0.367, 0.032, 0.000;
0.476,1.848,3.898,1.848,3.898, 0.000,-0.031, 0.059,0.355,0.178,-0.070, 0.367, 0.371, 2.259,-0.857, 0.500, 1.571, 0.323, 0.076, 0.000;
0.488,1.739,3.814,1.739,3.814, 0.004,-0.031, 0.059,0.351,0.000,0.000, 0.355, 0.378, 2.279,-0.913, 0.534, 1.571, 0.368, 0.031, 0.000;
0.500,1.573,3.749,1.573,3.749, 0.009,-0.031, 0.073,0.372,0.000,1.222, 0.344, 0.385, 2.283,-0.965, 0.482, 1.571, 0.410, 0.073, 0.000;
0.512,1.521,3.639,1.521,3.639, 0.013,-0.029, 0.059,0.382,0.191,-1.252, 0.333, 0.389, 2.317,-0.935, 0.430, 1.571, 0.369, 0.115, 0.000;
0.524,1.358,3.575,1.358,3.575, 0.020,-0.029, 0.074,0.565,0.000,1.328, 0.320, 0.396, 2.319,-0.987, 0.461, 1.571, 0.411, 0.073, 0.000;
0.535,1.234,3.457,1.234,3.457, 0.025,-0.027, 0.073,0.405,0.203,-0.099, 0.309, 0.399, 2.338,-0.957, 0.412, 1.571, 0.372, 0.112, 0.000;
0.547,1.128,3.373,1.128,3.373, 0.031,-0.027, 0.074,0.566,0.000,0.092, 0.295, 0.405, 2.355,-1.009, 0.443, 1.571, 0.414, 0.070, 0.000;
0.559,0.951,3.271,0.951,3.271, 0.036,-0.027, 0.089,0.376,0.000,1.250, 0.284, 0.411, 2.359,-0.977, 0.474, 1.571, 0.372, 0.028, 0.000;
0.571,0.892,3.165,0.892,3.165, 0.042,-0.025, 0.074,0.541,0.180,-1.197, 0.270, 0.415, 2.393,-1.030, 0.418, 1.571, 0.416, 0.072, 0.000;
0.584,0.760,3.045,0.760,3.045, 0.047,-0.025, 0.074,0.351,0.000,0.000, 0.257, 0.421, 2.413,-0.995, 0.450, 1.571, 0.372, 0.027, 0.000;
0.596,0.602,2.953,0.602,2.953, 0.054,-0.025, 0.089,0.558,0.000,1.235, 0.243, 0.427, 2.417,-1.046, 0.396, 1.571, 0.414, 0.069, 0.000;
0.609,0.515,2.825,0.515,2.825, 0.058,-0.022, 0.074,0.338,0.169,-1.121, 0.230, 0.431, 2.453,-1.009, 0.337, 1.571, 0.368, 0.116, 0.000;
0.621,0.357,2.725,0.357,2.725, 0.065,-0.022, 0.089,0.538,0.000,1.191, 0.215, 0.437, 2.458,-1.062, 0.368, 1.571, 0.412, 0.072, 0.000;
0.633,0.225,2.595,0.225,2.595, 0.069,-0.022, 0.089,0.374,0.000,0.000, 0.203, 0.442, 2.476,-1.028, 0.397, 1.571, 0.370, 0.030, 0.000;
0.640,0.150,2.474,0.150,2.474, 0.076,-0.020, 0.074,1.062,0.354,-2.351, 0.192, 0.442, 2.501,-1.055, 0.369, 1.571, 0.392, 0.052, 0.000;
0.651,0.014,2.386,0.014,2.386, 0.083,-0.020, 0.091,0.618,0.000,1.493, 0.178, 0.447, 2.502,-1.101, 0.319, 1.571, 0.431, 0.090, 0.000;
0.673,-0.067,2.294,-0.067,2.294, 0.087,-0.018, 0.074,0.202,0.101,-0.732, 0.159, 0.453, 2.553,-1.192, 0.218, 1.571, 0.508, 0.168, 0.000;
0.685,-0.277,2.111,-0.277,2.111, 0.094,-0.018, 0.091,0.554,0.000,1.339, 0.144, 0.458, 2.556,-1.156, 0.248, 1.571, 0.465, 0.125, 0.000;
0.697,-0.406,1.978,-0.406,1.978, 0.098,-0.018, 0.089,0.374,0.000,-0.113, 0.131, 0.462, 2.576,-1.121, 0.277, 1.571, 0.423, 0.083, 0.000;
0.709,-0.518,1.869,-0.518,1.869, 0.105,-0.018, 0.091,0.554,0.000,0.111, 0.116, 0.466, 2.593,-1.170, 0.307, 1.571, 0.466, 0.040, 0.000;
0.721,-0.673,1.726,-0.673,1.726, 0.109,-0.018, 0.104,0.358,0.000,1.079, 0.103, 0.471, 2.600,-1.133, 0.336, 1.571, 0.422,-0.003, 0.000;
0.735,-0.762,1.626,-0.762,1.626, 0.116,-0.016, 0.091,0.471,0.157,-0.946, 0.086, 0.473, 2.635,-1.190, 0.270, 1.571, 0.472, 0.047, 0.000;
0.741,-0.913,1.454,-0.913,1.454, 0.121,-0.016, 0.091,0.844,0.000,0.000, 0.078, 0.475, 2.644,-1.174, 0.283, 1.571, 0.453, 0.028, 0.000;
0.749,-1.003,1.370,-1.003,1.370, 0.127,-0.016, 0.106,0.782,0.000,1.754, 0.065, 0.477, 2.642,-1.209, 0.303, 1.571, 0.483,-0.002, 0.000;
0.761,-1.111,1.256,-1.111,1.256, 0.132,-0.016, 0.106,0.395,0.000,0.000, 0.052, 0.481, 2.660,-1.254, 0.251, 1.571, 0.523, 0.038, 0.000;
0.783,-1.208,1.172,-1.208,1.172, 0.138,-0.016, 0.107,0.295,0.000,0.071, 0.029, 0.487, 2.694,-1.343, 0.304, 1.571, 0.603,-0.042, 0.000;
0.787,-1.414,0.923,-1.414,0.923, 0.143,-0.016, 0.106,1.085,0.000,-0.392, 0.021, 0.488, 2.702,-1.330, 0.285, 1.571, 0.588,-0.027, 0.000;
0.798,-1.473,0.864,-1.473,0.864, 0.150,-0.013, 0.107,0.625,0.208,0.151, 0.006, 0.488, 2.717,-1.296, 0.234, 1.571, 0.550, 0.011, 0.000;
0.820,-1.583,0.756,-1.583,0.756, 0.154,-0.013, 0.107,0.206,0.000,0.000,-0.014, 0.493, 2.751,-1.228, 0.133, 1.571, 0.473, 0.087, 0.000;
0.832,-1.764,0.531,-1.764,0.531, 0.158,-0.016, 0.121,0.366,-0.183,1.094,-0.028, 0.498, 2.757,-1.188, 0.162, 1.571, 0.430, 0.043, 0.000;
0.835,-1.876,0.413,-1.876,0.413, 0.163,-0.016, 0.106,1.377,0.000,-4.615,-0.035, 0.499, 2.777,-1.178, 0.169, 1.571, 0.419, 0.032, 0.000;
0.846,-1.926,0.363,-1.926,0.363, 0.167,-0.016, 0.106,0.400,0.000,0.000,-0.048, 0.501, 2.794,-1.220, 0.195, 1.571, 0.458,-0.007, 0.000;
0.868,-2.017,0.269,-2.017,0.269, 0.174,-0.016, 0.107,0.310,0.000,0.075,-0.071, 0.505, 2.827,-1.303, 0.093, 1.571, 0.534, 0.068, 0.000;
0.880,-2.212,0.038,-2.212,0.038, 0.179,-0.016, 0.107,0.377,0.000,0.000,-0.085, 0.507, 2.845,-1.263, 0.121, 1.571, 0.491, 0.027, 0.000;
0.892,-2.317,-0.120,-2.317,-0.120, 0.183,-0.018, 0.122,0.365,-0.182,1.241,-0.099, 0.511, 2.849,-1.222, 0.149, 1.571, 0.448,-0.016, 0.000;
0.904,-2.428,-0.212,-2.428,-0.212, 0.187,-0.018, 0.107,0.377,0.000,-1.281,-0.112, 0.512, 2.883,-1.182, 0.093, 1.571, 0.406, 0.025, 0.000;
0.915,-2.534,-0.337,-2.534,-0.337, 0.192,-0.018, 0.107,0.382,0.000,0.000,-0.126, 0.513, 2.902,-1.143, 0.120, 1.571, 0.365,-0.016, 0.000;
0.929,-2.637,-0.457,-2.637,-0.457, 0.196,-0.020, 0.107,0.334,-0.167,0.000,-0.141, 0.517, 2.923,-1.192, 0.151, 1.571, 0.412,-0.063, 0.000;
0.941,-2.754,-0.597,-2.754,-0.597, 0.201,-0.020, 0.107,0.382,0.000,0.000,-0.154, 0.518, 2.941,-1.153, 0.095, 1.571, 0.371,-0.022, 0.000;
0.954,-2.856,-0.719,-2.856,-0.719, 0.205,-0.022, 0.107,0.332,-0.166,0.000,-0.169, 0.521, 2.962,-1.201, 0.126, 1.571, 0.418,-0.069, 0.000;
0.964,-2.960,-0.915,-2.960,-0.915, 0.210,-0.025, 0.124,0.452,-0.226,1.728,-0.181, 0.524, 2.961,-1.167, 0.149, 1.571, 0.383,-0.104, 0.000;
0.976,-3.066,-0.975,-3.066,-0.975, 0.212,-0.025, 0.107,0.189,0.000,-1.445,-0.193, 0.524, 2.996,-1.126, 0.092, 1.571, 0.341,-0.063, 0.000;
0.988,-3.148,-1.082,-3.148,-1.082, 0.217,-0.027, 0.109,0.366,-0.183,0.136,-0.207, 0.527, 3.014,-1.170, 0.120, 1.571, 0.384,-0.106, 0.000;
0.999,-3.257,-1.210,-3.257,-1.210, 0.219,-0.029, 0.107,0.199,-0.199,-0.148,-0.218, 0.529, 3.033,-1.130, 0.146, 1.571, 0.345,-0.145, 0.000;
1.012,-3.333,-1.312,-3.333,-1.312, 0.223,-0.031, 0.109,0.358,-0.179,0.134,-0.232, 0.531, 3.051,-1.174, 0.174, 1.571, 0.388,-0.189, 0.000;
1.025,-3.437,-1.444,-3.437,-1.444, 0.225,-0.033, 0.109,0.166,-0.166,0.000,-0.245, 0.533, 3.072,-1.126, 0.111, 1.571, 0.341,-0.142, 0.000;
1.039,-3.526,-1.557,-3.526,-1.557, 0.228,-0.036, 0.109,0.156,-0.156,0.000,-0.259, 0.535, 3.094,-1.074, 0.143, 1.571, 0.290,-0.192, 0.000;
1.051,-3.628,-1.678,-3.628,-1.678, 0.230,-0.038, 0.107,0.190,-0.190,-0.141,-0.270, 0.536, 3.115,-1.032, 0.087, 1.571, 0.249,-0.150, 0.000;
1.062,-3.709,-1.784,-3.709,-1.784, 0.232,-0.040, 0.107,0.197,-0.197,0.000,-0.281, 0.538, 3.132,-0.991, 0.113, 1.571, 0.209,-0.190, 0.000;
1.074,-3.787,-1.886,-3.787,-1.886, 0.234,-0.042, 0.107,0.195,-0.195,0.000,-0.292, 0.539, 3.150,-1.029, 0.059, 1.571, 0.249,-0.150, 0.000;
1.086,-3.829,-2.053,-3.829,-2.053, 0.237,-0.047, 0.124,0.183,-0.366,1.401,-0.304, 0.542, 3.152,-0.985, 0.087, 1.571, 0.206,-0.193, 0.000;
1.098,-3.909,-2.164,-3.909,-2.164, 0.239,-0.049, 0.124,0.188,-0.188,0.000,-0.315, 0.543, 3.171,-1.024, 0.115, 1.571, 0.248,-0.235, 0.000;
1.111,-3.983,-2.269,-3.983,-2.269, 0.241,-0.051, 0.124,0.170,-0.170,0.000,-0.328, 0.544, 3.192,-0.975, 0.053, 1.571, 0.202,-0.189, 0.000;
1.124,-4.106,-2.316,-4.106,-2.316, 0.241,-0.054, 0.107,0.000,-0.170,-1.301,-0.338, 0.544, 3.229,-0.926, 0.083, 1.571, 0.156,-0.235, 0.000;
1.137,-4.129,-2.479,-4.129,-2.479, 0.243,-0.058, 0.124,0.179,-0.357,1.366,-0.350, 0.547, 3.232,-0.967, 0.112, 1.571, 0.199,-0.279, 0.000;
1.148,-4.208,-2.593,-4.208,-2.593, 0.246,-0.060, 0.124,0.193,-0.193,0.000,-0.361, 0.547, 3.250,-0.923, 0.057, 1.571, 0.159,-0.238, 0.000;
1.160,-4.281,-2.699,-4.281,-2.699, 0.246,-0.065, 0.124,0.000,-0.383,0.000,-0.370, 0.549, 3.268,-0.879, 0.084, 1.571, 0.118,-0.279, 0.000;
1.173,-4.330,-2.778,-4.330,-2.778, 0.248,-0.067, 0.124,0.170,-0.170,0.000,-0.382, 0.549, 3.289,-0.921, 0.022, 1.571, 0.164,-0.233, 0.000;
1.187,-4.407,-2.894,-4.407,-2.894, 0.248,-0.071, 0.124,0.000,-0.321,0.000,-0.392, 0.550, 3.311,-0.867, 0.055, 1.571, 0.115,-0.282, 0.000;
1.192,-4.442,-3.074,-4.442,-3.074, 0.248,-0.076, 0.140,0.000,-0.934,3.214,-0.396, 0.553, 3.303,-0.848, 0.066, 1.571, 0.098,-0.299, 0.000;
1.202,-4.497,-3.031,-4.497,-3.031, 0.248,-0.078, 0.124,0.000,-0.226,-1.558,-0.403, 0.553, 3.334,-0.810, 0.089, 1.571, 0.063,-0.334, 0.000;
1.223,-4.512,-3.082,-4.512,-3.082, 0.248,-0.083, 0.124,0.000,-0.207,0.000,-0.419, 0.552, 3.368,-0.725, 0.140, 1.571,-0.012,-0.409, 0.000;
1.235,-4.575,-3.317,-4.575,-3.317, 0.248,-0.087, 0.140,0.000,-0.374,1.287,-0.428, 0.553, 3.371,-0.762, 0.083, 1.571, 0.030,-0.367, 0.000;
1.248,-4.672,-3.328,-4.672,-3.328, 0.248,-0.089, 0.124,0.000,-0.175,-1.202,-0.438, 0.552, 3.406,-0.711, 0.023, 1.571,-0.015,-0.321, 0.000;
1.253,-4.743,-3.427,-4.743,-3.427, 0.248,-0.094, 0.124,0.000,-0.921,0.000,-0.441, 0.555, 3.414,-0.726, 0.035, 1.571, 0.002,-0.338, 0.000;
1.262,-4.757,-3.445,-4.757,-3.445, 0.246,-0.098, 0.122,-0.231,-0.463,-0.196,-0.446, 0.556, 3.431,-0.687, 0.058, 1.571,-0.032,-0.372, 0.000;
1.283,-4.686,-3.553,-4.686,-3.553, 0.246,-0.103, 0.140,0.000,-0.212,0.820,-0.461, 0.554, 3.447,-0.750, 0.108, 1.571, 0.041,-0.446, 0.000;
1.294,-4.845,-3.638,-4.845,-3.638, 0.246,-0.105, 0.124,0.000,-0.201,-1.379,-0.469, 0.552, 3.480,-0.705, 0.056, 1.571, 0.002,-0.406, 0.000;
1.306,-4.885,-3.714,-4.885,-3.714, 0.243,-0.109, 0.124,-0.191,-0.382,0.000,-0.475, 0.553, 3.498,-0.657, 0.001, 1.571,-0.039,-0.365, 0.000;
1.317,-4.916,-3.759,-4.916,-3.759, 0.241,-0.114, 0.122,-0.199,-0.397,-0.168,-0.480, 0.553, 3.518,-0.611,-0.050, 1.571,-0.079,-0.325, 0.000;
1.328,-4.930,-3.820,-4.930,-3.820, 0.241,-0.118, 0.124,0.000,-0.403,0.171,-0.488, 0.553, 3.533,-0.643,-0.023, 1.571,-0.040,-0.364, 0.000;
1.339,-5.028,-3.818,-5.028,-3.818, 0.239,-0.121, 0.109,-0.203,-0.203,-1.401,-0.493, 0.551, 3.566,-0.598,-0.074, 1.571,-0.078,-0.325, 0.000;
1.351,-5.046,-3.866,-5.046,-3.866, 0.237,-0.125, 0.109,-0.201,-0.401,0.000,-0.498, 0.551, 3.583,-0.552,-0.046, 1.571,-0.118,-0.365, 0.000;
1.361,-5.072,-3.907,-5.072,-3.907, 0.234,-0.129, 0.107,-0.205,-0.411,-0.153,-0.503, 0.551, 3.602,-0.506,-0.020, 1.571,-0.156,-0.403, 0.000;
1.373,-5.087,-3.953,-5.087,-3.953, 0.232,-0.134, 0.107,-0.201,-0.402,0.000,-0.508, 0.551, 3.620,-0.460, 0.008, 1.571,-0.195,-0.441, 0.000;
1.394,-5.076,-3.993,-5.076,-3.993, 0.230,-0.136, 0.107,-0.105,-0.105,0.000,-0.520, 0.543, 3.653,-0.520,-0.089, 1.571,-0.120,-0.366, 0.000;
1.405,-5.150,-4.114,-5.150,-4.114, 0.228,-0.141, 0.107,-0.194,-0.389,0.000,-0.525, 0.543, 3.671,-0.552,-0.141, 1.571,-0.080,-0.326, 0.000;
1.418,-5.160,-4.162,-5.160,-4.162, 0.225,-0.145, 0.107,-0.170,-0.340,0.000,-0.531, 0.541, 3.692,-0.496,-0.108, 1.571,-0.126,-0.372, 0.000;
1.430,-5.247,-4.143,-5.247,-4.143, 0.221,-0.147, 0.092,-0.396,-0.198,-1.352,-0.533, 0.538, 3.725,-0.447,-0.159, 1.571,-0.166,-0.332, 0.000;
1.441,-5.239,-4.164,-5.239,-4.164, 0.219,-0.152, 0.092,-0.198,-0.396,0.000,-0.538, 0.537, 3.742,-0.399,-0.130, 1.571,-0.206,-0.372, 0.000;
1.453,-5.184,-4.289,-5.184,-4.289, 0.217,-0.156, 0.107,-0.187,-0.375,1.279,-0.543, 0.535, 3.746,-0.431,-0.100, 1.571,-0.164,-0.413, 0.000;
1.465,-5.261,-4.259,-5.261,-4.259, 0.214,-0.158, 0.092,-0.182,-0.182,-1.242,-0.548, 0.531, 3.780,-0.378,-0.154, 1.571,-0.207,-0.370, 0.000;
1.477,-5.273,-4.310,-5.273,-4.310, 0.210,-0.163, 0.092,-0.367,-0.367,0.000,-0.551, 0.529, 3.799,-0.325,-0.208, 1.571,-0.250,-0.327, 0.000;
1.489,-5.336,-4.248,-5.336,-4.248, 0.205,-0.165, 0.076,-0.396,-0.198,-1.456,-0.553, 0.525, 3.833,-0.276,-0.258, 1.571,-0.289,-0.287, 0.000;
1.500,-5.251,-4.353,-5.251,-4.353, 0.203,-0.170, 0.092,-0.190,-0.381,1.402,-0.557, 0.523, 3.835,-0.307,-0.227, 1.571,-0.248,-0.329, 0.000;
1.512,-5.330,-4.312,-5.330,-4.312, 0.199,-0.172, 0.076,-0.383,-0.191,-1.409,-0.559, 0.519, 3.870,-0.256,-0.278, 1.571,-0.289,-0.288, 0.000;
1.524,-5.309,-4.337,-5.309,-4.337, 0.196,-0.174, 0.077,-0.183,-0.183,0.095,-0.563, 0.514, 3.888,-0.288,-0.331, 1.571,-0.246,-0.245, 0.000;
1.538,-5.245,-4.465,-5.245,-4.465, 0.192,-0.179, 0.092,-0.334,-0.334,1.144,-0.566, 0.511, 3.894,-0.228,-0.295, 1.571,-0.293,-0.292, 0.000;
1.550,-5.240,-4.485,-5.240,-4.485, 0.187,-0.181, 0.091,-0.350,-0.175,-0.109,-0.568, 0.505, 3.915,-0.172,-0.351, 1.571,-0.338,-0.247, 0.000;
1.562,-5.293,-4.429,-5.293,-4.429, 0.183,-0.183, 0.076,-0.378,-0.189,-1.274,-0.569, 0.500, 3.949,-0.119,-0.401, 1.571,-0.379,-0.205, 0.000;
1.574,-5.269,-4.453,-5.269,-4.453, 0.181,-0.185, 0.077,-0.187,-0.187,0.097,-0.573, 0.495, 3.966,-0.150,-0.369, 1.571,-0.337,-0.247, 0.000;
1.586,-5.270,-4.494,-5.270,-4.494, 0.176,-0.187, 0.077,-0.376,-0.188,0.000,-0.574, 0.490, 3.985,-0.097,-0.420, 1.571,-0.379,-0.205, 0.000;
1.597,-5.255,-4.504,-5.255,-4.504, 0.172,-0.190, 0.076,-0.386,-0.193,-0.100,-0.575, 0.485, 4.004,-0.126,-0.388, 1.571,-0.338,-0.246, 0.000;
1.609,-5.232,-4.517,-5.232,-4.517, 0.167,-0.192, 0.076,-0.391,-0.195,0.000,-0.576, 0.480, 4.022,-0.074,-0.436, 1.571,-0.379,-0.206, 0.000;
1.620,-5.208,-4.529,-5.208,-4.529, 0.163,-0.194, 0.076,-0.396,-0.198,0.000,-0.577, 0.475, 4.040,-0.102,-0.404, 1.571,-0.339,-0.245, 0.000;
1.631,-5.182,-4.539,-5.182,-4.539, 0.158,-0.196, 0.076,-0.398,-0.199,0.000,-0.577, 0.470, 4.058,-0.051,-0.451, 1.571,-0.378,-0.206, 0.000;
1.643,-5.155,-4.548,-5.155,-4.548, 0.154,-0.199, 0.076,-0.390,-0.195,0.000,-0.577, 0.465, 4.076,-0.080,-0.419, 1.571,-0.338,-0.246, 0.000;
1.655,-5.126,-4.558,-5.126,-4.558, 0.150,-0.201, 0.076,-0.376,-0.188,0.000,-0.578, 0.459, 4.094,-0.025,-0.468, 1.571,-0.380,-0.204, 0.000;
1.667,-5.097,-4.568,-5.097,-4.568, 0.145,-0.203, 0.076,-0.373,-0.186,0.000,-0.578, 0.453, 4.113,-0.055,-0.434, 1.571,-0.338,-0.246, 0.000;
1.678,-5.069,-4.578,-5.069,-4.578, 0.141,-0.205, 0.076,-0.401,-0.201,0.000,-0.578, 0.448, 4.131,-0.004,-0.480, 1.571,-0.377,-0.207, 0.000;
1.701,-5.077,-4.510,-5.077,-4.510, 0.134,-0.205, 0.060,-0.286,0.000,-0.683,-0.580, 0.432, 4.183, 0.104,-0.576, 1.571,-0.460,-0.125, 0.000;
1.704,-5.086,-4.533,-5.086,-4.533, 0.129,-0.208, 0.060,-1.411,-0.706,0.000,-0.576, 0.432, 4.188, 0.096,-0.566, 1.571,-0.448,-0.136, 0.000;
1.715,-4.952,-4.584,-4.952,-4.584, 0.125,-0.210, 0.076,-0.407,-0.204,1.457,-0.576, 0.426, 4.190, 0.070,-0.534, 1.571,-0.409,-0.175, 0.000;
1.727,-4.984,-4.511,-4.984,-4.511, 0.121,-0.210, 0.061,-0.393,0.000,-1.327,-0.575, 0.418, 4.223, 0.043,-0.580, 1.571,-0.370,-0.134, 0.000;
1.748,-4.926,-4.517,-4.926,-4.517, 0.114,-0.212, 0.060,-0.320,-0.107,-0.043,-0.575, 0.405, 4.256, 0.140,-0.517, 1.571,-0.444,-0.208, 0.000;
1.760,-4.824,-4.600,-4.824,-4.600, 0.109,-0.214, 0.074,-0.357,-0.179,1.190,-0.574, 0.398, 4.261, 0.110,-0.567, 1.571,-0.399,-0.164, 0.000;
1.771,-4.856,-4.530,-4.856,-4.530, 0.103,-0.214, 0.060,-0.598,0.000,-1.328,-0.571, 0.390, 4.293, 0.162,-0.611, 1.571,-0.438,-0.124, 0.000;
1.782,-4.725,-4.574,-4.725,-4.574, 0.098,-0.217, 0.074,-0.398,-0.199,1.326,-0.569, 0.384, 4.296, 0.136,-0.576, 1.571,-0.399,-0.164, 0.000;
1.794,-4.750,-4.500,-4.750,-4.500, 0.092,-0.217, 0.060,-0.594,0.000,-1.318,-0.566, 0.376, 4.329, 0.189,-0.621, 1.571,-0.439,-0.124, 0.000;
1.805,-4.683,-4.472,-4.683,-4.472, 0.087,-0.219, 0.060,-0.382,-0.191,0.000,-0.564, 0.369, 4.347, 0.161,-0.584, 1.571,-0.398,-0.165, 0.000;
1.817,-4.642,-4.464,-4.642,-4.464, 0.080,-0.219, 0.059,-0.576,0.000,-0.075,-0.560, 0.360, 4.366, 0.216,-0.629, 1.571,-0.439,-0.124, 0.000;
1.828,-4.572,-4.438,-4.572,-4.438, 0.076,-0.219, 0.060,-0.408,0.000,0.080,-0.558, 0.352, 4.383, 0.191,-0.672, 1.571,-0.400,-0.085, 0.000;
1.839,-4.525,-4.429,-4.525,-4.429, 0.069,-0.221, 0.060,-0.611,-0.204,0.000,-0.553, 0.346, 4.400, 0.242,-0.637, 1.571,-0.439,-0.124, 0.000;
1.850,-4.455,-4.395,-4.455,-4.395, 0.065,-0.221, 0.060,-0.406,0.000,0.000,-0.551, 0.338, 4.417, 0.217,-0.679, 1.571,-0.400,-0.085, 0.000;
1.861,-4.470,-4.318,-4.470,-4.318, 0.058,-0.221, 0.045,-0.609,0.000,-1.353,-0.546, 0.329, 4.449, 0.269,-0.720, 1.571,-0.439,-0.047, 0.000;
1.882,-4.312,-4.359,-4.312,-4.359, 0.051,-0.223, 0.059,-0.314,-0.105,0.657,-0.543, 0.315, 4.469, 0.370,-0.650, 1.571,-0.514,-0.122, 0.000;
1.894,-4.249,-4.343,-4.249,-4.343, 0.047,-0.223, 0.060,-0.396,0.000,0.078,-0.540, 0.306, 4.486, 0.343,-0.693, 1.571,-0.474,-0.082, 0.000;
1.905,-4.194,-4.329,-4.194,-4.329, 0.040,-0.225, 0.060,-0.577,-0.192,0.000,-0.535, 0.300, 4.504, 0.316,-0.654, 1.571,-0.433,-0.122, 0.000;
1.917,-4.120,-4.287,-4.120,-4.287, 0.033,-0.225, 0.059,-0.570,0.000,-0.074,-0.529, 0.291, 4.523, 0.372,-0.698, 1.571,-0.474,-0.081, 0.000;
1.930,-4.038,-4.250,-4.038,-4.250, 0.027,-0.225, 0.059,-0.497,0.000,0.000,-0.524, 0.280, 4.544, 0.436,-0.747, 1.571,-0.522,-0.034, 0.000;
1.942,-3.959,-4.211,-3.959,-4.211, 0.020,-0.225, 0.059,-0.571,0.000,0.000,-0.518, 0.271, 4.563, 0.409,-0.707, 1.571,-0.481,-0.075, 0.000;
1.954,-3.877,-4.169,-3.877,-4.169, 0.013,-0.228, 0.059,-0.556,-0.185,0.000,-0.512, 0.264, 4.582, 0.466,-0.666, 1.571,-0.523,-0.117, 0.000;
1.966,-3.795,-4.125,-3.795,-4.125, 0.009,-0.228, 0.059,-0.392,0.000,0.000,-0.508, 0.255, 4.599, 0.440,-0.707, 1.571,-0.483,-0.077, 0.000;
1.977,-3.733,-4.103,-3.733,-4.103, 0.002,-0.228, 0.059,-0.591,0.000,0.000,-0.502, 0.246, 4.617, 0.494,-0.748, 1.571,-0.523,-0.037, 0.000;
1.990,-3.644,-4.059,-3.644,-4.059,-0.004,-0.228, 0.059,-0.496,0.000,0.000,-0.495, 0.235, 4.638, 0.558,-0.795, 1.571,-0.570, 0.010, 0.000;
2.003,-3.616,-3.960,-3.616,-3.960,-0.011,-0.228, 0.044,-0.549,0.000,-1.204,-0.489, 0.226, 4.672, 0.530,-0.753, 1.571,-0.527,-0.033, 0.000;
2.014,-3.469,-3.963,-3.469,-3.963,-0.018,-0.230, 0.059,-0.562,-0.187,1.232,-0.482, 0.219, 4.676, 0.587,-0.711, 1.571,-0.569,-0.075, 0.000;
2.027,-3.379,-3.914,-3.379,-3.914,-0.022,-0.230, 0.059,-0.361,0.000,0.000,-0.477, 0.209, 4.696, 0.558,-0.753, 1.571,-0.525,-0.031, 0.000;
2.038,-3.311,-3.884,-3.311,-3.884,-0.029,-0.230, 0.059,-0.597,0.000,0.000,-0.470, 0.200, 4.713, 0.611,-0.713, 1.571,-0.564,-0.070, 0.000;
2.050,-3.218,-3.832,-3.218,-3.832,-0.036,-0.230, 0.059,-0.545,0.000,0.000,-0.463, 0.190, 4.733, 0.669,-0.756, 1.571,-0.607,-0.027, 0.000;
2.063,-3.179,-3.732,-3.179,-3.732,-0.042,-0.230, 0.044,-0.533,0.000,-1.168,-0.455, 0.181, 4.767, 0.641,-0.710, 1.571,-0.563,-0.071, 0.000;
2.076,-3.030,-3.721,-3.030,-3.721,-0.049,-0.232, 0.058,-0.516,-0.172,1.064,-0.447, 0.173, 4.774, 0.702,-0.663, 1.571,-0.609,-0.117, 0.000;
2.088,-2.932,-3.663,-2.932,-3.663,-0.056,-0.232, 0.058,-0.530,0.000,0.000,-0.439, 0.163, 4.793, 0.673,-0.705, 1.571,-0.564,-0.073, 0.000;
2.100,-2.835,-3.603,-2.835,-3.603,-0.062,-0.232, 0.058,-0.572,0.000,0.000,-0.431, 0.154, 4.812, 0.728,-0.744, 1.571,-0.605,-0.031, 0.000;
2.113,-2.736,-3.543,-2.736,-3.543,-0.069,-0.232, 0.058,-0.537,0.000,0.000,-0.423, 0.144, 4.831, 0.700,-0.785, 1.571,-0.562, 0.012, 0.000;
2.126,-2.630,-3.485,-2.630,-3.485,-0.074,-0.232, 0.059,-0.335,0.000,0.064,-0.417, 0.134, 4.851, 0.669,-0.829, 1.571,-0.515, 0.059, 0.000;
2.138,-2.549,-3.443,-2.549,-3.443,-0.080,-0.234, 0.059,-0.558,-0.186,0.000,-0.408, 0.127, 4.870, 0.725,-0.783, 1.571,-0.557, 0.016, 0.000;
2.150,-2.450,-3.376,-2.450,-3.376,-0.087,-0.234, 0.058,-0.549,0.000,-0.070,-0.399, 0.118, 4.890, 0.783,-0.737, 1.571,-0.599,-0.026, 0.000;
2.164,-2.344,-3.312,-2.344,-3.312,-0.094,-0.234, 0.058,-0.497,0.000,0.000,-0.390, 0.107, 4.912, 0.752,-0.780, 1.571,-0.552, 0.021, 0.000;
2.176,-2.237,-3.240,-2.237,-3.240,-0.100,-0.234, 0.058,-0.564,0.000,0.000,-0.381, 0.098, 4.930, 0.724,-0.735, 1.571,-0.510,-0.021, 0.000;
2.187,-2.131,-3.169,-2.131,-3.169,-0.107,-0.234, 0.058,-0.561,0.000,0.000,-0.371, 0.089, 4.949, 0.780,-0.773, 1.571,-0.552, 0.021, 0.000;
2.199,-2.025,-3.097,-2.025,-3.097,-0.114,-0.234, 0.058,-0.566,0.000,0.000,-0.362, 0.080, 4.968, 0.753,-0.727, 1.571,-0.511,-0.020, 0.000;
2.212,-1.873,-3.054,-1.873,-3.054,-0.118,-0.237, 0.072,-0.351,-0.175,1.134,-0.354, 0.073, 4.973, 0.723,-0.677, 1.571,-0.466,-0.065, 0.000;
2.225,-1.826,-2.976,-1.826,-2.976,-0.125,-0.237, 0.058,-0.513,0.000,-1.105,-0.344, 0.063, 5.008, 0.784,-0.717, 1.571,-0.512,-0.019, 0.000;
2.237,-1.713,-2.896,-1.713,-2.896,-0.132,-0.237, 0.058,-0.561,0.000,0.000,-0.334, 0.055, 5.027, 0.756,-0.670, 1.571,-0.470,-0.061, 0.000;
2.249,-1.602,-2.819,-1.602,-2.819,-0.138,-0.237, 0.058,-0.549,0.000,0.000,-0.324, 0.046, 5.046, 0.813,-0.708, 1.571,-0.513,-0.018, 0.000;
2.261,-1.490,-2.738,-1.490,-2.738,-0.145,-0.237, 0.058,-0.571,0.000,0.000,-0.314, 0.037, 5.064, 0.867,-0.661, 1.571,-0.554,-0.059, 0.000;
2.273,-1.338,-2.679,-1.338,-2.679,-0.152,-0.239, 0.072,-0.534,-0.178,1.150,-0.303, 0.031, 5.070, 0.925,-0.611, 1.571,-0.598,-0.104, 0.000;
2.286,-1.263,-2.574,-1.263,-2.574,-0.158,-0.239, 0.057,-0.546,0.000,-1.245,-0.292, 0.022, 5.104, 0.896,-0.647, 1.571,-0.555,-0.060, 0.000;
2.298,-1.147,-2.489,-1.147,-2.489,-0.165,-0.239, 0.057,-0.561,0.000,0.000,-0.281, 0.013, 5.123, 0.951,-0.683, 1.571,-0.597,-0.018, 0.000;
2.310,-1.028,-2.406,-1.028,-2.406,-0.170,-0.239, 0.058,-0.362,0.000,0.067,-0.272, 0.005, 5.141, 0.921,-0.632, 1.571,-0.553,-0.062, 0.000;
2.323,-0.931,-2.344,-0.931,-2.344,-0.176,-0.239, 0.058,-0.522,0.000,0.000,-0.261,-0.004, 5.162, 0.890,-0.670, 1.571,-0.508,-0.017, 0.000;
2.335,-0.777,-2.263,-0.777,-2.263,-0.183,-0.241, 0.072,-0.565,-0.188,1.218,-0.249,-0.010, 5.166, 0.944,-0.621, 1.571,-0.550,-0.059, 0.000;
2.347,-0.660,-2.171,-0.660,-2.171,-0.190,-0.241, 0.072,-0.558,0.000,0.000,-0.238,-0.018, 5.185, 0.915,-0.655, 1.571,-0.508,-0.016, 0.000;
2.359,-0.572,-2.071,-0.572,-2.071,-0.196,-0.241, 0.058,-0.547,0.000,-1.178,-0.226,-0.026, 5.218, 0.971,-0.605, 1.571,-0.551,-0.059, 0.000;
2.371,-0.451,-1.977,-0.451,-1.977,-0.203,-0.241, 0.057,-0.540,0.000,-0.067,-0.214,-0.034, 5.239, 0.940,-0.640, 1.571,-0.507,-0.016, 0.000;
2.384,-0.328,-1.884,-0.328,-1.884,-0.210,-0.241, 0.057,-0.513,0.000,0.000,-0.202,-0.043, 5.259, 0.999,-0.585, 1.571,-0.553,-0.062, 0.000;
2.396,-0.201,-1.782,-0.201,-1.782,-0.217,-0.241, 0.057,-0.572,0.000,0.000,-0.190,-0.050, 5.277, 0.970,-0.618, 1.571,-0.512,-0.020, 0.000;
2.409,-0.053,-1.688,-0.053,-1.688,-0.221,-0.243, 0.072,-0.356,-0.178,1.215,-0.180,-0.056, 5.282, 0.938,-0.564, 1.571,-0.468,-0.065, 0.000;
2.421,0.051,-1.611,0.051,-1.611,-0.228,-0.243, 0.072,-0.526,0.000,0.000,-0.167,-0.064, 5.302, 0.995,-0.600, 1.571,-0.513,-0.020, 0.000;
2.425,0.152,-1.483,0.152,-1.483,-0.234,-0.243, 0.058,-1.990,0.000,-4.289,-0.158,-0.066, 5.322, 0.987,-0.585, 1.571,-0.501,-0.032, 0.000;
2.437,0.236,-1.427,0.236,-1.427,-0.241,-0.243, 0.057,-0.562,0.000,-0.069,-0.146,-0.073, 5.341, 1.041,-0.618, 1.571,-0.543, 0.010, 0.000;
2.458,0.365,-1.352,0.365,-1.352,-0.248,-0.243, 0.057,-0.309,0.000,0.000,-0.128,-0.086, 5.375, 1.138,-0.524, 1.571,-0.620,-0.066, 0.000;
2.462,0.536,-1.172,0.536,-1.172,-0.254,-0.243, 0.057,-1.786,0.000,0.000,-0.120,-0.089, 5.381, 1.128,-0.535, 1.571,-0.606,-0.053, 0.000;
2.474,0.639,-1.103,0.639,-1.103,-0.261,-0.246, 0.071,-0.557,-0.186,1.184,-0.107,-0.093, 5.386, 1.096,-0.482, 1.571,-0.564,-0.095, 0.000;
2.485,0.750,-1.002,0.750,-1.002,-0.266,-0.246, 0.057,-0.406,0.000,-1.293,-0.096,-0.100, 5.417, 1.067,-0.512, 1.571,-0.525,-0.057, 0.000;
2.507,0.854,-0.952,0.854,-0.952,-0.272,-0.246, 0.057,-0.306,0.000,0.000,-0.077,-0.112, 5.452, 1.163,-0.569, 1.571,-0.602, 0.020, 0.000;
2.519,1.035,-0.784,1.035,-0.784,-0.279,-0.246, 0.057,-0.553,0.000,0.000,-0.064,-0.118, 5.471, 1.130,-0.516, 1.571,-0.558,-0.022, 0.000;
2.531,1.166,-0.670,1.166,-0.670,-0.283,-0.246, 0.058,-0.384,0.000,0.071,-0.053,-0.125, 5.488, 1.098,-0.546, 1.571,-0.517, 0.018, 0.000;
2.542,1.273,-0.583,1.273,-0.583,-0.290,-0.246, 0.057,-0.570,0.000,-0.070,-0.039,-0.131, 5.507, 1.067,-0.494, 1.571,-0.476,-0.023, 0.000;
2.554,1.402,-0.470,1.402,-0.470,-0.297,-0.246, 0.057,-0.562,0.000,0.000,-0.025,-0.137, 5.526, 1.118,-0.525, 1.571,-0.518, 0.019, 0.000;
2.568,1.533,-0.360,1.533,-0.360,-0.301,-0.246, 0.057,-0.324,0.000,0.000,-0.012,-0.144, 5.548, 1.081,-0.464, 1.571,-0.469,-0.029, 0.000;
2.573,1.655,-0.236,1.655,-0.236,-0.306,-0.246, 0.058,-0.878,0.000,0.162,-0.005,-0.146, 5.555, 1.067,-0.477, 1.571,-0.451,-0.011, 0.000;
2.583,1.726,-0.182,1.726,-0.182,-0.312,-0.246, 0.057,-0.694,0.000,-0.086, 0.008,-0.151, 5.571, 1.108,-0.501, 1.571,-0.485, 0.022, 0.000;
2.605,1.842,-0.106,1.842,-0.106,-0.317,-0.246, 0.058,-0.202,0.000,0.037, 0.026,-0.161, 5.605, 1.202,-0.401, 1.571,-0.563,-0.055, 0.000;
2.617,2.016,0.029,2.016,0.029,-0.324,-0.243, 0.043,-0.565,0.188,-1.271, 0.041,-0.169, 5.638, 1.168,-0.431, 1.571,-0.521,-0.013, 0.000;
2.629,2.150,0.149,2.150,0.149,-0.328,-0.243, 0.043,-0.379,0.000,0.000, 0.053,-0.174, 5.657, 1.134,-0.461, 1.571,-0.479, 0.028, 0.000;
2.640,2.263,0.245,2.263,0.245,-0.335,-0.243, 0.043,-0.569,0.000,0.000, 0.067,-0.179, 5.675, 1.183,-0.407, 1.571,-0.520,-0.013, 0.000;
2.652,2.398,0.366,2.398,0.366,-0.339,-0.243, 0.043,-0.376,0.000,0.000, 0.080,-0.184, 5.694, 1.149,-0.436, 1.571,-0.478, 0.029, 0.000;
2.666,2.511,0.461,2.511,0.461,-0.344,-0.243, 0.043,-0.334,0.000,0.000, 0.093,-0.189, 5.715, 1.111,-0.375, 1.571,-0.431,-0.018, 0.000;
2.678,2.626,0.610,2.626,0.610,-0.348,-0.243, 0.058,-0.362,0.000,1.223, 0.106,-0.194, 5.719, 1.075,-0.405, 1.571,-0.388, 0.025, 0.000;
2.690,2.752,0.675,2.752,0.675,-0.355,-0.241, 0.043,-0.557,0.186,-1.255, 0.121,-0.201, 5.753, 1.124,-0.435, 1.571,-0.430, 0.067, 0.000;
2.702,2.890,0.803,2.890,0.803,-0.359,-0.241, 0.043,-0.381,0.000,0.000, 0.134,-0.205, 5.772, 1.090,-0.381, 1.571,-0.389, 0.026, 0.000;
2.713,3.004,0.905,3.004,0.905,-0.364,-0.241, 0.043,-0.379,0.000,0.000, 0.146,-0.209, 5.790, 1.138,-0.409, 1.571,-0.430, 0.067, 0.000;
2.726,3.118,1.008,3.118,1.008,-0.368,-0.241, 0.043,-0.371,0.000,0.000, 0.159,-0.213, 5.809, 1.102,-0.353, 1.571,-0.388, 0.025, 0.000;
2.737,3.250,1.071,3.250,1.071,-0.373,-0.239, 0.029,-0.400,0.200,-1.278, 0.172,-0.219, 5.841, 1.146,-0.380, 1.571,-0.427, 0.064, 0.000;
2.749,3.344,1.219,3.344,1.219,-0.375,-0.239, 0.043,-0.179,0.000,1.192, 0.183,-0.223, 5.846, 1.108,-0.322, 1.571,-0.383, 0.021, 0.000;
2.762,3.460,1.254,3.460,1.254,-0.379,-0.237, 0.029,-0.360,0.180,-1.199, 0.197,-0.229, 5.880, 1.071,-0.352, 1.571,-0.340, 0.064, 0.000;
2.774,3.581,1.365,3.581,1.365,-0.384,-0.237, 0.029,-0.370,0.000,0.000, 0.210,-0.232, 5.899, 1.118,-0.296, 1.571,-0.382, 0.022, 0.000;
2.786,3.699,1.473,3.699,1.473,-0.386,-0.234, 0.029,-0.184,0.184,0.000, 0.221,-0.238, 5.918, 1.080,-0.324, 1.571,-0.339, 0.065, 0.000;
2.798,3.795,1.558,3.795,1.558,-0.391,-0.234, 0.029,-0.357,0.000,0.000, 0.235,-0.241, 5.938, 1.129,-0.266, 1.571,-0.383, 0.021, 0.000;
2.811,3.917,1.672,3.917,1.672,-0.393,-0.232, 0.029,-0.182,0.182,0.000, 0.246,-0.246, 5.957, 1.090,-0.295, 1.571,-0.339, 0.064, 0.000;
2.823,4.013,1.762,4.013,1.762,-0.395,-0.230, 0.029,-0.177,0.177,0.033, 0.258,-0.251, 5.976, 1.050,-0.324, 1.571,-0.295, 0.109, 0.000;
2.835,4.113,1.855,4.113,1.855,-0.397,-0.230, 0.029,-0.187,0.000,0.000, 0.269,-0.253, 5.995, 1.012,-0.268, 1.571,-0.253, 0.066, 0.000;
2.847,4.210,1.943,4.210,1.943,-0.402,-0.228, 0.029,-0.378,0.189,-0.035, 0.283,-0.258, 6.014, 1.057,-0.295, 1.571,-0.295, 0.108, 0.000;
2.859,4.326,2.055,4.326,2.055,-0.404,-0.225, 0.029,-0.188,0.188,0.000, 0.294,-0.262, 6.033, 1.019,-0.323, 1.571,-0.253, 0.150, 0.000;
2.872,4.420,2.143,4.420,2.143,-0.406,-0.223, 0.029,-0.173,0.173,0.000, 0.306,-0.267, 6.053, 0.977,-0.352, 1.571,-0.208, 0.195, 0.000;
2.883,4.521,2.244,4.521,2.244,-0.406,-0.221, 0.029,0.000,0.191,0.035, 0.315,-0.271, 6.071, 0.939,-0.297, 1.571,-0.166, 0.154, 0.000;
2.895,4.593,2.309,4.593,2.309,-0.408,-0.219, 0.029,-0.187,0.187,-0.035, 0.327,-0.275, 6.090, 0.983,-0.324, 1.571,-0.208, 0.196, 0.000;
2.907,4.688,2.402,4.688,2.402,-0.411,-0.217, 0.029,-0.188,0.188,0.000, 0.338,-0.278, 6.109, 0.944,-0.268, 1.571,-0.166, 0.154, 0.000;
2.920,4.781,2.493,4.781,2.493,-0.411,-0.214, 0.029,0.000,0.179,0.000, 0.348,-0.282, 6.128, 0.902,-0.297, 1.571,-0.123, 0.198, 0.000;
2.933,4.853,2.567,4.853,2.567,-0.411,-0.212, 0.029,0.000,0.165,0.031, 0.358,-0.285, 6.149, 0.856,-0.233, 1.571,-0.075, 0.150, 0.000;
2.945,4.937,2.648,4.937,2.648,-0.413,-0.210, 0.029,-0.182,0.182,-0.034, 0.370,-0.288, 6.169, 0.901,-0.261, 1.571,-0.118, 0.194, 0.000;
2.957,4.994,2.817,4.994,2.817,-0.413,-0.208, 0.043,0.000,0.186,1.186, 0.380,-0.291, 6.174, 0.860,-0.204, 1.571,-0.076, 0.151, 0.000;
2.969,5.065,2.892,5.065,2.892,-0.413,-0.205, 0.043,0.000,0.189,0.000, 0.389,-0.294, 6.192, 0.819,-0.231, 1.571,-0.034, 0.193, 0.000;
2.982,5.089,3.037,5.089,3.037,-0.413,-0.203, 0.057,0.000,0.180,1.147, 0.399,-0.297, 6.197, 0.776,-0.172, 1.571, 0.009, 0.149, 0.000;
2.993,5.205,3.048,5.205,3.048,-0.411,-0.199, 0.043,0.204,0.408,-1.245, 0.405,-0.301, 6.228, 0.738,-0.197, 1.571, 0.048, 0.188, 0.000;
3.005,5.199,3.166,5.199,3.166,-0.411,-0.196, 0.058,0.000,0.187,1.214, 0.414,-0.304, 6.232, 0.779,-0.224, 1.571, 0.006, 0.230, 0.000;
3.016,5.269,3.238,5.269,3.238,-0.411,-0.194, 0.057,0.000,0.189,-0.070, 0.424,-0.306, 6.252, 0.738,-0.168, 1.571, 0.047, 0.188, 0.000;
3.029,5.282,3.393,5.282,3.393,-0.408,-0.192, 0.072,0.173,0.173,1.181, 0.431,-0.308, 6.257, 0.692,-0.197, 1.571, 0.093, 0.233, 0.000;
3.043,5.334,3.447,5.334,3.447,-0.408,-0.190, 0.071,0.000,0.166,-0.077, 0.442,-0.309, 6.279, 0.738,-0.134, 1.571, 0.045, 0.186, 0.000;
3.056,5.408,3.536,5.408,3.536,-0.406,-0.185, 0.071,0.173,0.345,0.000, 0.450,-0.313, 6.299, 0.691,-0.163, 1.571, 0.091, 0.232, 0.000;
3.067,5.404,3.685,5.404,3.685,-0.404,-0.183, 0.087,0.204,0.204,1.409, 0.456,-0.314, 6.301, 0.652,-0.111, 1.571, 0.130, 0.193, 0.000;
3.078,5.440,3.733,5.440,3.733,-0.402,-0.181, 0.087,0.196,0.196,0.000, 0.463,-0.315, 6.319, 0.610,-0.137, 1.571, 0.169, 0.233, 0.000;
3.090,5.422,3.862,5.422,3.862,-0.400,-0.179, 0.101,0.190,0.190,1.222, 0.470,-0.316, 6.323, 0.649,-0.082, 1.571, 0.128, 0.192, 0.000;
3.102,5.460,3.917,5.460,3.917,-0.397,-0.176, 0.101,0.184,0.184,0.000, 0.477,-0.317, 6.342, 0.605,-0.109, 1.571, 0.171, 0.235, 0.000;
3.115,5.497,3.972,5.497,3.972,-0.395,-0.172, 0.101,0.166,0.332,0.000, 0.485,-0.320, 6.363, 0.649,-0.140, 1.571, 0.124, 0.282, 0.000;
3.129,5.484,4.118,5.484,4.118,-0.393,-0.170, 0.115,0.165,0.165,1.058, 0.493,-0.320, 6.370, 0.598,-0.076, 1.571, 0.171, 0.234, 0.000;
3.141,5.531,4.189,5.531,4.189,-0.391,-0.167, 0.115,0.183,0.183,0.000, 0.500,-0.320, 6.389, 0.638,-0.019, 1.571, 0.128, 0.191, 0.000;
3.153,5.507,4.328,5.507,4.328,-0.388,-0.165, 0.130,0.184,0.184,1.174, 0.508,-0.320, 6.394, 0.592,-0.047, 1.571, 0.171, 0.234, 0.000;
3.166,5.550,4.377,5.550,4.377,-0.386,-0.163, 0.128,0.177,0.177,-0.145, 0.515,-0.320, 6.416, 0.632, 0.013, 1.571, 0.127, 0.190, 0.000;
3.178,5.517,4.530,5.517,4.530,-0.382,-0.161, 0.144,0.382,0.191,1.373, 0.519,-0.320, 6.418, 0.587,-0.014, 1.571, 0.168, 0.231, 0.000;
3.189,5.593,4.483,5.593,4.483,-0.379,-0.156, 0.130,0.195,0.389,-1.240, 0.526,-0.322, 6.450, 0.542,-0.041, 1.571, 0.209, 0.271, 0.000;
3.201,5.556,4.616,5.556,4.616,-0.375,-0.154, 0.144,0.368,0.184,1.171, 0.530,-0.321, 6.455, 0.495, 0.016, 1.571, 0.251, 0.228, 0.000;
3.213,5.568,4.650,5.568,4.650,-0.373,-0.152, 0.144,0.182,0.182,0.000, 0.537,-0.320, 6.475, 0.534, 0.073, 1.571, 0.208, 0.185, 0.000;
3.225,5.600,4.711,5.600,4.711,-0.368,-0.150, 0.144,0.376,0.188,0.000, 0.542,-0.319, 6.493, 0.487, 0.045, 1.571, 0.250, 0.227, 0.000;
3.237,5.541,4.822,5.541,4.822,-0.366,-0.147, 0.158,0.186,0.186,1.180, 0.548,-0.318, 6.498, 0.524, 0.101, 1.571, 0.208, 0.185, 0.000;
3.251,5.564,4.878,5.564,4.878,-0.362,-0.145, 0.158,0.317,0.159,0.000, 0.554,-0.316, 6.520, 0.467, 0.068, 1.571, 0.258, 0.234, 0.000;
3.264,5.500,5.019,5.500,5.019,-0.357,-0.143, 0.175,0.351,0.176,1.305, 0.559,-0.315, 6.523, 0.417, 0.127, 1.571, 0.302, 0.189, 0.000;
3.276,5.592,4.965,5.592,4.965,-0.355,-0.138, 0.158,0.181,0.361,-1.342, 0.565,-0.315, 6.559, 0.454, 0.097, 1.571, 0.259, 0.233, 0.000;
3.289,5.617,5.025,5.617,5.025,-0.350,-0.136, 0.158,0.351,0.175,0.000, 0.570,-0.313, 6.579, 0.402, 0.156, 1.571, 0.303, 0.188, 0.000;
3.301,5.626,5.063,5.626,5.063,-0.346,-0.134, 0.158,0.377,0.189,0.000, 0.574,-0.311, 6.598, 0.354, 0.128, 1.571, 0.345, 0.230, 0.000;
3.313,5.555,5.172,5.555,5.172,-0.341,-0.132, 0.172,0.359,0.180,1.135, 0.578,-0.309, 6.603, 0.304, 0.185, 1.571, 0.388, 0.186, 0.000;
3.317,5.568,5.231,5.568,5.231,-0.337,-0.129, 0.175,1.341,0.670,0.745, 0.576,-0.310, 6.606, 0.313, 0.177, 1.571, 0.377, 0.198, 0.000;
3.338,5.496,5.179,5.496,5.179,-0.333,-0.127, 0.175,0.206,0.103,0.000, 0.586,-0.304, 6.640, 0.224, 0.124, 1.571, 0.453, 0.274, 0.000;
3.350,5.551,5.287,5.551,5.287,-0.328,-0.125, 0.175,0.374,0.187,0.000, 0.590,-0.301, 6.659, 0.259, 0.179, 1.571, 0.411, 0.232, 0.000;
3.362,5.564,5.303,5.564,5.303,-0.324,-0.123, 0.172,0.386,0.193,-0.214, 0.593,-0.299, 6.680, 0.292, 0.232, 1.571, 0.370, 0.191, 0.000;
3.375,5.556,5.328,5.556,5.328,-0.319,-0.121, 0.172,0.333,0.167,0.000, 0.597,-0.295, 6.701, 0.236, 0.199, 1.571, 0.416, 0.238, 0.000;
3.379,5.582,5.375,5.582,5.375,-0.315,-0.118, 0.172,1.144,0.572,0.000, 0.595,-0.296, 6.707, 0.247, 0.217, 1.571, 0.403, 0.224, 0.000;
3.390,5.525,5.356,5.525,5.356,-0.308,-0.116, 0.175,0.627,0.209,0.233, 0.595,-0.293, 6.721, 0.202, 0.190, 1.571, 0.441, 0.262, 0.000;
3.411,5.469,5.338,5.469,5.338,-0.304,-0.114, 0.175,0.207,0.103,0.000, 0.605,-0.285, 6.755, 0.110, 0.287, 1.571, 0.517, 0.186, 0.000;
3.424,5.449,5.500,5.449,5.500,-0.299,-0.114, 0.186,0.354,0.000,0.915, 0.608,-0.279, 6.763, 0.146, 0.344, 1.571, 0.471, 0.141, 0.000;
3.436,5.429,5.545,5.429,5.545,-0.292,-0.112, 0.189,0.550,0.183,0.220, 0.609,-0.276, 6.780, 0.180, 0.313, 1.571, 0.428, 0.184, 0.000;
3.441,5.438,5.536,5.438,5.536,-0.288,-0.109, 0.186,0.950,0.475,-0.569, 0.607,-0.275, 6.790, 0.193, 0.334, 1.571, 0.412, 0.167, 0.000;
3.452,5.396,5.509,5.396,5.509,-0.283,-0.107, 0.186,0.417,0.209,0.000, 0.609,-0.272, 6.806, 0.146, 0.307, 1.571, 0.450, 0.205, 0.000;
3.463,5.381,5.525,5.381,5.525,-0.277,-0.105, 0.186,0.595,0.198,0.000, 0.609,-0.269, 6.824, 0.097, 0.357, 1.571, 0.489, 0.166, 0.000;
3.485,5.305,5.524,5.305,5.524,-0.270,-0.103, 0.189,0.301,0.100,0.120, 0.615,-0.259, 6.856, 0.001, 0.299, 1.571, 0.568, 0.244, 0.000;
3.497,5.244,5.666,5.244,5.666,-0.266,-0.103, 0.203,0.381,0.000,1.207, 0.617,-0.253, 6.861, 0.033, 0.351, 1.571, 0.525, 0.202, 0.000;
3.509,5.308,5.610,5.308,5.610,-0.259,-0.100, 0.189,0.565,0.188,-1.194, 0.617,-0.248, 6.893, 0.065, 0.403, 1.571, 0.483, 0.160, 0.000;
3.521,5.288,5.589,5.288,5.589,-0.254,-0.098, 0.186,0.366,0.183,-0.219, 0.619,-0.244, 6.915, 0.097, 0.371, 1.571, 0.440, 0.203, 0.000;
3.534,5.174,5.697,5.174,5.697,-0.248,-0.098, 0.203,0.510,0.000,1.281, 0.620,-0.236, 6.919, 0.039, 0.428, 1.571, 0.486, 0.156, 0.000;
3.539,5.244,5.625,5.244,5.625,-0.241,-0.096, 0.189,1.469,0.490,-3.104, 0.615,-0.235, 6.940, 0.050, 0.416, 1.571, 0.470, 0.172, 0.000;
3.549,5.196,5.556,5.196,5.556,-0.237,-0.094, 0.186,0.443,0.222,-0.266, 0.616,-0.232, 6.959, 0.005, 0.389, 1.571, 0.506, 0.207, 0.000;
3.571,5.126,5.573,5.126,5.573,-0.230,-0.094, 0.189,0.304,0.000,0.121, 0.620,-0.218, 6.991,-0.093, 0.484, 1.571, 0.584, 0.130, 0.000;
3.583,5.127,5.622,5.127,5.622,-0.223,-0.092, 0.189,0.559,0.186,0.000, 0.620,-0.213, 7.010,-0.062, 0.451, 1.571, 0.540, 0.172, 0.000;
3.596,5.099,5.596,5.099,5.596,-0.219,-0.092, 0.186,0.346,0.000,-0.208, 0.621,-0.205, 7.033,-0.028, 0.506, 1.571, 0.494, 0.126, 0.000;
3.598,5.106,5.615,5.106,5.615,-0.212,-0.089, 0.186,2.972,0.991,0.000, 0.616,-0.206, 7.036,-0.023, 0.500, 1.571, 0.487, 0.134, 0.000;
3.619,4.986,5.561,4.986,5.561,-0.205,-0.089, 0.189,0.313,0.000,0.125, 0.619,-0.192, 7.067,-0.121, 0.440, 1.571, 0.563, 0.209, 0.000;
3.632,4.974,5.597,4.974,5.597,-0.199,-0.087, 0.189,0.522,0.174,0.000, 0.617,-0.186, 7.087,-0.088, 0.494, 1.571, 0.517, 0.164, 0.000;
3.635,4.957,5.584,4.957,5.584,-0.192,-0.087, 0.189,2.274,0.000,0.000, 0.612,-0.184, 7.092,-0.081, 0.506, 1.571, 0.507, 0.153, 0.000;
3.646,4.896,5.507,4.896,5.507,-0.187,-0.085, 0.186,0.398,0.199,-0.238, 0.612,-0.179, 7.112,-0.132, 0.474, 1.571, 0.546, 0.193, 0.000;
3.668,4.824,5.526,4.824,5.526,-0.181,-0.085, 0.189,0.312,0.000,0.125, 0.614,-0.164, 7.143,-0.230, 0.564, 1.571, 0.621, 0.117, 0.000;
3.680,4.805,5.552,4.805,5.552,-0.174,-0.083, 0.189,0.544,0.181,0.000, 0.612,-0.158, 7.162,-0.199, 0.528, 1.571, 0.577, 0.160, 0.000;
3.692,4.756,5.533,4.756,5.533,-0.167,-0.083, 0.189,0.555,0.000,0.000, 0.610,-0.150, 7.181,-0.169, 0.578, 1.571, 0.534, 0.117, 0.000;
3.704,4.796,5.431,4.796,5.431,-0.163,-0.080, 0.172,0.371,0.186,-1.390, 0.610,-0.144, 7.217,-0.140, 0.542, 1.571, 0.492, 0.160, 0.000;
3.716,4.671,5.513,4.671,5.513,-0.156,-0.080, 0.189,0.574,0.000,1.433, 0.607,-0.136, 7.219,-0.194, 0.590, 1.571, 0.533, 0.118, 0.000;
3.727,4.695,5.420,4.695,5.420,-0.150,-0.078, 0.175,0.577,0.192,-1.226, 0.604,-0.130, 7.251,-0.247, 0.555, 1.571, 0.574, 0.159, 0.000;
3.739,4.564,5.458,4.564,5.458,-0.143,-0.078, 0.189,0.599,0.000,1.273, 0.601,-0.122, 7.254,-0.299, 0.600, 1.571, 0.613, 0.120, 0.000;
3.750,4.585,5.362,4.585,5.362,-0.136,-0.076, 0.175,0.598,0.199,-1.270, 0.598,-0.116, 7.286,-0.351, 0.566, 1.571, 0.652, 0.159, 0.000;
3.761,4.437,5.407,4.437,5.407,-0.129,-0.076, 0.192,0.601,0.000,1.524, 0.595,-0.108, 7.287,-0.325, 0.611, 1.571, 0.613, 0.120, 0.000;
3.772,4.469,5.298,4.469,5.298,-0.125,-0.074, 0.175,0.401,0.200,-1.524, 0.593,-0.102, 7.321,-0.298, 0.577, 1.571, 0.574, 0.159, 0.000;
3.783,4.353,5.353,4.353,5.353,-0.118,-0.074, 0.189,0.610,0.000,1.295, 0.590,-0.094, 7.324,-0.350, 0.620, 1.571, 0.612, 0.120, 0.000;
3.794,4.368,5.254,4.368,5.254,-0.112,-0.071, 0.175,0.612,0.204,-1.300, 0.586,-0.088, 7.356,-0.324, 0.586, 1.571, 0.574, 0.159, 0.000;
3.815,4.280,5.226,4.280,5.226,-0.105,-0.071, 0.175,0.316,0.000,0.000, 0.584,-0.072, 7.389,-0.423, 0.669, 1.571, 0.648, 0.084, 0.000;
3.826,4.236,5.217,4.236,5.217,-0.100,-0.069, 0.175,0.396,0.198,0.000, 0.582,-0.065, 7.407,-0.396, 0.633, 1.571, 0.607, 0.124, 0.000;
3.838,4.189,5.204,4.189,5.204,-0.094,-0.069, 0.175,0.574,0.000,0.000, 0.578,-0.057, 7.425,-0.368, 0.678, 1.571, 0.565, 0.082, 0.000;
3.849,4.124,5.165,4.124,5.165,-0.087,-0.067, 0.175,0.589,0.196,0.000, 0.573,-0.050, 7.443,-0.342, 0.641, 1.571, 0.526, 0.122, 0.000;
3.861,4.044,5.133,4.044,5.133,-0.080,-0.067, 0.177,0.596,0.000,0.227, 0.568,-0.042, 7.458,-0.395, 0.684, 1.571, 0.565, 0.083, 0.000;
3.872,3.975,5.090,3.975,5.090,-0.074,-0.065, 0.177,0.572,0.191,0.000, 0.564,-0.035, 7.476,-0.450, 0.646, 1.571, 0.606, 0.124, 0.000;
3.885,3.916,5.038,3.916,5.038,-0.069,-0.065, 0.175,0.352,0.000,-0.201, 0.561,-0.025, 7.499,-0.420, 0.693, 1.571, 0.561, 0.079, 0.000;
3.896,3.926,4.975,3.926,4.975,-0.062,-0.062, 0.163,0.591,0.197,-1.054, 0.556,-0.019, 7.528,-0.394, 0.656, 1.571, 0.521, 0.119, 0.000;
3.908,3.782,4.984,3.782,4.984,-0.056,-0.062, 0.177,0.579,0.000,1.253, 0.551,-0.010, 7.532,-0.449, 0.699, 1.571, 0.562, 0.079, 0.000;
3.919,3.782,4.881,3.782,4.881,-0.049,-0.060, 0.163,0.603,0.201,-1.306, 0.545,-0.003, 7.564,-0.424, 0.661, 1.571, 0.523, 0.118, 0.000;
3.930,3.651,4.875,3.651,4.875,-0.045,-0.060, 0.175,0.406,0.000,1.087, 0.542, 0.005, 7.569,-0.398, 0.702, 1.571, 0.485, 0.079, 0.000;
3.941,3.652,4.807,3.652,4.807,-0.038,-0.058, 0.163,0.586,0.195,-1.045, 0.536, 0.012, 7.599,-0.453, 0.663, 1.571, 0.525, 0.119, 0.000;
3.953,3.507,4.807,3.507,4.807,-0.031,-0.058, 0.177,0.590,0.000,1.278, 0.530, 0.021, 7.603,-0.506, 0.704, 1.571, 0.565, 0.079, 0.000;
3.964,3.499,4.703,3.499,4.703,-0.025,-0.056, 0.163,0.586,0.195,-1.268, 0.524, 0.028, 7.635,-0.481, 0.665, 1.571, 0.525, 0.119, 0.000;
3.986,3.396,4.665,3.396,4.665,-0.018,-0.056, 0.163,0.304,0.000,0.000, 0.518, 0.045, 7.670,-0.585, 0.743, 1.571, 0.602, 0.042, 0.000;
3.990,3.336,4.601,3.336,4.601,-0.013,-0.054, 0.163,1.077,0.539,0.000, 0.513, 0.046, 7.676,-0.575, 0.729, 1.571, 0.587, 0.056, 0.000;
4.001,3.276,4.566,3.276,4.566,-0.007,-0.054, 0.163,0.648,0.000,0.000, 0.507, 0.054, 7.692,-0.551, 0.693, 1.571, 0.550, 0.093, 0.000;
4.014,3.191,4.510,3.191,4.510, 0.000,-0.051, 0.163,0.515,0.172,0.000, 0.500, 0.062, 7.713,-0.613, 0.647, 1.571, 0.596, 0.138, 0.000;
4.035,3.086,4.467,3.086,4.467, 0.007,-0.051, 0.163,0.314,0.000,0.000, 0.493, 0.079, 7.746,-0.564, 0.721, 1.571, 0.521, 0.063, 0.000;
4.047,2.922,4.453,2.922,4.453, 0.013,-0.051, 0.180,0.550,0.000,1.407, 0.485, 0.088, 7.748,-0.536, 0.763, 1.571, 0.478, 0.020, 0.000;
4.059,2.912,4.338,2.912,4.338, 0.018,-0.049, 0.163,0.380,0.190,-1.458, 0.480, 0.095, 7.784,-0.509, 0.720, 1.571, 0.436, 0.062, 0.000;
4.070,2.844,4.298,2.844,4.298, 0.025,-0.049, 0.163,0.592,0.000,0.000, 0.472, 0.104, 7.802,-0.563, 0.758, 1.571, 0.476, 0.022, 0.000;
4.083,2.755,4.232,2.755,4.232, 0.031,-0.047, 0.163,0.545,0.182,0.000, 0.465, 0.112, 7.821,-0.621, 0.713, 1.571, 0.519, 0.066, 0.000;
4.094,2.655,4.169,2.655,4.169, 0.038,-0.047, 0.165,0.571,0.000,0.206, 0.457, 0.121, 7.837,-0.594, 0.752, 1.571, 0.478, 0.024, 0.000;
4.107,2.632,4.057,2.632,4.057, 0.042,-0.045, 0.148,0.350,0.175,-1.331, 0.451, 0.128, 7.874,-0.565, 0.705, 1.571, 0.433, 0.069, 0.000;
4.120,2.498,4.049,2.498,4.049, 0.049,-0.045, 0.163,0.537,0.000,1.168, 0.442, 0.138, 7.879,-0.624, 0.746, 1.571, 0.477, 0.026, 0.000;
4.132,2.404,3.975,2.404,3.975, 0.056,-0.045, 0.163,0.543,0.000,0.000, 0.433, 0.148, 7.899,-0.682, 0.700, 1.571, 0.520, 0.069, 0.000;
4.144,2.356,3.872,2.356,3.872, 0.062,-0.042, 0.150,0.534,0.178,-0.985, 0.425, 0.155, 7.931,-0.653, 0.652, 1.571, 0.477, 0.113, 0.000;
4.157,2.202,3.829,2.202,3.829, 0.069,-0.042, 0.165,0.540,0.000,1.191, 0.416, 0.164, 7.935,-0.712, 0.692, 1.571, 0.520, 0.069, 0.000;
4.169,2.169,3.713,2.169,3.713, 0.074,-0.040, 0.148,0.372,0.186,-1.415, 0.409, 0.171, 7.971,-0.684, 0.646, 1.571, 0.478, 0.112, 0.000;
4.182,2.080,3.666,2.080,3.666, 0.080,-0.040, 0.150,0.530,0.000,0.175, 0.399, 0.181, 7.989,-0.743, 0.687, 1.571, 0.522, 0.067, 0.000;
4.192,1.929,3.611,1.929,3.611, 0.087,-0.040, 0.165,0.616,0.000,1.360, 0.390, 0.189, 7.991,-0.718, 0.721, 1.571, 0.484, 0.029, 0.000;
4.205,1.883,3.503,1.883,3.503, 0.094,-0.038, 0.150,0.541,0.180,-1.194, 0.381, 0.196, 8.025,-0.776, 0.672, 1.571, 0.528, 0.073, 0.000;
4.217,1.781,3.419,1.781,3.419, 0.098,-0.038, 0.150,0.371,0.000,0.000, 0.373, 0.205, 8.044,-0.747, 0.710, 1.571, 0.485, 0.030, 0.000;
4.228,1.700,3.357,1.700,3.357, 0.105,-0.036, 0.150,0.597,0.199,0.000, 0.363, 0.211, 8.062,-0.800, 0.666, 1.571, 0.525, 0.070, 0.000;
4.239,1.600,3.271,1.600,3.271, 0.112,-0.036, 0.150,0.596,0.000,0.000, 0.353, 0.219, 8.079,-0.852, 0.700, 1.571, 0.564, 0.031, 0.000;
4.251,1.452,3.205,1.452,3.205, 0.118,-0.036, 0.165,0.595,0.000,1.313, 0.343, 0.227, 8.082,-0.904, 0.655, 1.571, 0.603, 0.070, 0.000;
4.261,1.398,3.094,1.398,3.094, 0.123,-0.033, 0.150,0.408,0.204,-1.350, 0.336, 0.233, 8.114,-0.878, 0.612, 1.571, 0.565, 0.109, 0.000;
4.272,1.316,3.029,1.316,3.029, 0.129,-0.033, 0.150,0.613,0.000,0.000, 0.325, 0.241, 8.131,-0.929, 0.645, 1.571, 0.603, 0.070, 0.000;
4.283,1.207,2.941,1.207,2.941, 0.136,-0.031, 0.153,0.609,0.203,0.207, 0.315, 0.247, 8.146,-0.903, 0.600, 1.571, 0.564, 0.109, 0.000;
4.294,1.105,2.848,1.105,2.848, 0.143,-0.031, 0.153,0.610,0.000,0.000, 0.305, 0.254, 8.164,-0.953, 0.633, 1.571, 0.603, 0.070, 0.000;
4.316,0.996,2.777,0.996,2.777, 0.147,-0.031, 0.150,0.210,0.000,-0.107, 0.292, 0.269, 8.199,-0.901, 0.695, 1.571, 0.528,-0.004, 0.000;
4.327,0.912,2.654,0.912,2.654, 0.154,-0.029, 0.138,0.573,0.191,-1.095, 0.281, 0.275, 8.230,-0.873, 0.647, 1.571, 0.486, 0.037, 0.000;
4.339,0.764,2.568,0.764,2.568, 0.161,-0.029, 0.153,0.574,0.000,1.290, 0.270, 0.283, 8.234,-0.926, 0.681, 1.571, 0.527,-0.004, 0.000;
4.350,0.693,2.456,0.693,2.456, 0.167,-0.027, 0.138,0.596,0.199,-1.342, 0.259, 0.288, 8.266,-0.977, 0.634, 1.571, 0.567, 0.036, 0.000;
4.363,0.547,2.368,0.547,2.368, 0.172,-0.027, 0.153,0.352,0.000,1.189, 0.249, 0.297, 8.271,-0.946, 0.670, 1.571, 0.522,-0.009, 0.000;
4.375,0.452,2.286,0.452,2.286, 0.179,-0.027, 0.153,0.564,0.000,0.000, 0.237, 0.304, 8.290,-1.000, 0.620, 1.571, 0.564, 0.033, 0.000;
4.386,0.374,2.173,0.374,2.173, 0.185,-0.025, 0.138,0.596,0.199,-1.341, 0.226, 0.309, 8.323,-0.972, 0.573, 1.571, 0.524, 0.073, 0.000;
4.397,0.232,2.073,0.232,2.073, 0.190,-0.025, 0.153,0.397,0.000,1.341, 0.216, 0.317, 8.325,-0.944, 0.604, 1.571, 0.485, 0.033, 0.000;
4.408,0.171,1.989,0.171,1.989, 0.196,-0.022, 0.138,0.611,0.204,-1.375, 0.204, 0.321, 8.357,-0.993, 0.558, 1.571, 0.523, 0.072, 0.000;
4.419,0.056,1.884,0.056,1.884, 0.203,-0.022, 0.140,0.590,0.000,0.187, 0.192, 0.328, 8.373,-1.044, 0.589, 1.571, 0.563, 0.032, 0.000;
4.431,-0.079,1.774,-0.079,1.774, 0.208,-0.022, 0.153,0.400,0.000,1.160, 0.182, 0.335, 8.378,-1.015, 0.620, 1.571, 0.524,-0.007, 0.000;
4.442,-0.150,1.691,-0.150,1.691, 0.214,-0.020, 0.140,0.600,0.200,-1.159, 0.170, 0.340, 8.408,-1.065, 0.571, 1.571, 0.563, 0.032, 0.000;
4.464,-0.265,1.610,-0.265,1.610, 0.219,-0.020, 0.138,0.205,0.000,-0.098, 0.154, 0.353, 8.445,-1.009, 0.630, 1.571, 0.486,-0.044, 0.000;
4.468,-0.428,1.436,-0.428,1.436, 0.225,-0.020, 0.155,1.483,0.000,3.857, 0.145, 0.355, 8.434,-0.997, 0.611, 1.571, 0.470,-0.028, 0.000;
4.479,-0.488,1.369,-0.488,1.369, 0.230,-0.018, 0.138,0.410,0.205,-1.599, 0.135, 0.360, 8.469,-1.045, 0.563, 1.571, 0.508, 0.010, 0.000;
4.492,-0.585,1.286,-0.585,1.286, 0.237,-0.018, 0.140,0.503,0.000,0.159, 0.121, 0.367, 8.488,-1.104, 0.505, 1.571, 0.555, 0.057, 0.000;
4.503,-0.728,1.146,-0.728,1.146, 0.241,-0.018, 0.155,0.398,0.000,1.363, 0.111, 0.373, 8.490,-1.074, 0.535, 1.571, 0.515, 0.018, 0.000;
4.515,-0.823,1.053,-0.823,1.053, 0.248,-0.018, 0.155,0.593,0.000,0.000, 0.097, 0.380, 8.508,-1.123, 0.485, 1.571, 0.555, 0.057, 0.000;
4.528,-0.939,0.937,-0.939,0.937, 0.252,-0.018, 0.155,0.348,0.000,0.000, 0.086, 0.386, 8.528,-1.089, 0.519, 1.571, 0.510, 0.012, 0.000;
4.539,-1.044,0.829,-1.044,0.829, 0.259,-0.018, 0.157,0.584,0.000,0.211, 0.072, 0.392, 8.543,-1.138, 0.468, 1.571, 0.550, 0.052, 0.000;
4.561,-1.151,0.751,-1.151,0.751, 0.263,-0.016, 0.142,0.204,0.102,-0.709, 0.055, 0.401, 8.593,-1.079, 0.370, 1.571, 0.473, 0.129, 0.000;
4.573,-1.303,0.587,-1.303,0.587, 0.268,-0.016, 0.140,0.358,0.000,-0.176, 0.043, 0.408, 8.615,-1.044, 0.403, 1.571, 0.428, 0.085, 0.000;
4.578,-1.407,0.460,-1.407,0.460, 0.272,-0.016, 0.140,1.016,0.000,0.000, 0.036, 0.410, 8.622,-1.032, 0.414, 1.571, 0.413, 0.070, 0.000;
4.588,-1.471,0.403,-1.471,0.403, 0.279,-0.016, 0.142,0.658,0.000,0.215, 0.022, 0.415, 8.636,-1.076, 0.440, 1.571, 0.449, 0.034, 0.000;
4.610,-1.587,0.288,-1.587,0.288, 0.283,-0.018, 0.157,0.207,-0.104,0.721, 0.004, 0.427, 8.654,-1.167, 0.494, 1.571, 0.525,-0.042, 0.000;
4.613,-1.741,0.088,-1.741,0.088, 0.288,-0.018, 0.157,1.145,0.000,0.000,-0.003, 0.428, 8.660,-1.156, 0.477, 1.571, 0.511,-0.028, 0.000;
4.625,-1.799,0.039,-1.799,0.039, 0.292,-0.018, 0.157,0.379,0.000,0.000,-0.015, 0.434, 8.679,-1.122, 0.423, 1.571, 0.469, 0.013, 0.000;
4.647,-1.898,-0.042,-1.898,-0.042, 0.299,-0.018, 0.157,0.308,0.000,0.000,-0.036, 0.443, 8.713,-1.213, 0.477, 1.571, 0.545,-0.063, 0.000;
4.650,-2.079,-0.250,-2.079,-0.250, 0.304,-0.018, 0.144,1.401,0.000,-4.163,-0.042, 0.444, 8.731,-1.203, 0.462, 1.571, 0.533,-0.052, 0.000;
4.661,-2.132,-0.296,-2.132,-0.296, 0.308,-0.018, 0.144,0.400,0.000,0.000,-0.054, 0.449, 8.749,-1.171, 0.411, 1.571, 0.494,-0.013, 0.000;
4.683,-2.223,-0.403,-2.223,-0.403, 0.312,-0.020, 0.157,0.206,-0.103,0.612,-0.074, 0.459, 8.769,-1.107, 0.464, 1.571, 0.417,-0.089, 0.000;
4.695,-2.380,-0.601,-2.380,-0.601, 0.317,-0.020, 0.160,0.369,0.000,0.207,-0.086, 0.464, 8.786,-1.072, 0.408, 1.571, 0.375,-0.046, 0.000;
4.707,-2.483,-0.718,-2.483,-0.718, 0.321,-0.020, 0.160,0.372,0.000,0.000,-0.099, 0.468, 8.805,-1.036, 0.353, 1.571, 0.332,-0.004, 0.000;
4.720,-2.585,-0.833,-2.585,-0.833, 0.326,-0.020, 0.160,0.350,0.000,0.000,-0.113, 0.472, 8.825,-1.088, 0.384, 1.571, 0.377,-0.049, 0.000;
4.732,-2.707,-0.914,-2.707,-0.914, 0.330,-0.020, 0.144,0.359,0.000,-1.268,-0.126, 0.476, 8.860,-1.051, 0.326, 1.571, 0.334,-0.005, 0.000;
4.744,-2.801,-1.073,-2.801,-1.073, 0.333,-0.022, 0.157,0.190,-0.190,1.130,-0.137, 0.482, 8.865,-1.015, 0.354, 1.571, 0.292,-0.047, 0.000;
4.756,-2.880,-1.173,-2.880,-1.173, 0.337,-0.022, 0.160,0.377,0.000,0.211,-0.150, 0.486, 8.881,-1.062, 0.299, 1.571, 0.334,-0.005, 0.000;
4.768,-2.985,-1.284,-2.985,-1.284, 0.339,-0.025, 0.157,0.179,-0.179,-0.201,-0.161, 0.492, 8.903,-1.024, 0.329, 1.571, 0.290,-0.049, 0.000;
4.781,-3.046,-1.437,-3.046,-1.437, 0.344,-0.027, 0.176,0.342,-0.171,1.394,-0.175, 0.498, 8.906,-1.075, 0.360, 1.571, 0.336,-0.095, 0.000;
4.793,-3.177,-1.521,-3.177,-1.521, 0.346,-0.027, 0.160,0.186,0.000,-1.307,-0.186, 0.501, 8.940,-1.038, 0.304, 1.571, 0.293,-0.053, 0.000;
4.805,-3.261,-1.620,-3.261,-1.620, 0.350,-0.029, 0.160,0.381,-0.191,0.000,-0.200, 0.506, 8.958,-1.083, 0.331, 1.571, 0.335,-0.094, 0.000;
4.817,-3.361,-1.742,-3.361,-1.742, 0.353,-0.029, 0.160,0.185,0.000,0.000,-0.211, 0.509, 8.977,-1.045, 0.274, 1.571, 0.292,-0.052, 0.000;
4.822,-3.452,-1.862,-3.452,-1.862, 0.355,-0.031, 0.160,0.481,-0.481,0.000,-0.217, 0.512, 8.985,-1.030, 0.285, 1.571, 0.276,-0.068, 0.000;
4.833,-3.490,-1.899,-3.490,-1.899, 0.357,-0.033, 0.160,0.198,-0.198,0.000,-0.227, 0.516, 9.002,-1.074, 0.312, 1.571, 0.315,-0.108, 0.000;
4.854,-3.527,-2.025,-3.527,-2.025, 0.359,-0.036, 0.176,0.105,-0.105,0.739,-0.246, 0.523, 9.020,-1.005, 0.361, 1.571, 0.240,-0.183, 0.000;
4.866,-3.666,-2.213,-3.666,-2.213, 0.362,-0.038, 0.176,0.192,-0.192,0.000,-0.257, 0.527, 9.038,-0.967, 0.306, 1.571, 0.199,-0.141, 0.000;
4.878,-3.745,-2.314,-3.745,-2.314, 0.364,-0.040, 0.176,0.189,-0.189,0.000,-0.268, 0.531, 9.057,-1.012, 0.333, 1.571, 0.241,-0.183, 0.000;
4.889,-3.825,-2.418,-3.825,-2.418, 0.366,-0.042, 0.176,0.192,-0.192,0.000,-0.279, 0.535, 9.075,-0.973, 0.278, 1.571, 0.200,-0.142, 0.000;
4.901,-3.896,-2.532,-3.896,-2.532, 0.368,-0.045, 0.178,0.187,-0.187,0.237,-0.291, 0.539, 9.091,-1.018, 0.305, 1.571, 0.242,-0.184, 0.000;
4.913,-3.933,-2.699,-3.933,-2.699, 0.371,-0.049, 0.194,0.182,-0.365,1.293,-0.303, 0.544, 9.094,-0.977, 0.334, 1.571, 0.199,-0.227, 0.000;
4.925,-4.057,-2.746,-4.057,-2.746, 0.371,-0.051, 0.178,0.000,-0.187,-1.327,-0.312, 0.548, 9.129,-0.937, 0.277, 1.571, 0.157,-0.185, 0.000;
4.937,-4.117,-2.827,-4.117,-2.827, 0.373,-0.054, 0.178,0.186,-0.186,0.000,-0.324, 0.551, 9.148,-0.980, 0.305, 1.571, 0.199,-0.227, 0.000;
4.950,-4.195,-2.934,-4.195,-2.934, 0.373,-0.056, 0.178,0.000,-0.181,0.000,-0.333, 0.554, 9.167,-0.938, 0.246, 1.571, 0.155,-0.184, 0.000;
4.963,-4.256,-3.017,-4.256,-3.017, 0.373,-0.058, 0.178,0.000,-0.169,0.000,-0.344, 0.557, 9.188,-0.892, 0.276, 1.571, 0.108,-0.230, 0.000;
4.974,-4.332,-3.100,-4.332,-3.100, 0.373,-0.062, 0.176,0.000,-0.384,-0.243,-0.353, 0.562, 9.209,-0.852, 0.303, 1.571, 0.068,-0.271, 0.000;
4.987,-4.388,-3.177,-4.388,-3.177, 0.373,-0.065, 0.176,0.000,-0.175,0.000,-0.363, 0.565, 9.229,-0.808, 0.242, 1.571, 0.023,-0.226, 0.000;
5.000,-4.442,-3.279,-4.442,-3.279, 0.375,-0.067, 0.178,0.176,-0.176,0.223,-0.375, 0.567, 9.246,-0.853, 0.182, 1.571, 0.068,-0.182, 0.000;
5.012,-4.531,-3.382,-4.531,-3.382, 0.373,-0.071, 0.176,-0.180,-0.361,-0.228,-0.382, 0.571, 9.268,-0.809, 0.211, 1.571, 0.024,-0.226, 0.000;
5.025,-4.626,-3.371,-4.626,-3.371, 0.373,-0.074, 0.160,0.000,-0.181,-1.268,-0.392, 0.573, 9.303,-0.765, 0.152, 1.571,-0.020,-0.182, 0.000;
5.036,-4.633,-3.532,-4.633,-3.532, 0.373,-0.078, 0.176,0.000,-0.385,1.351,-0.401, 0.577, 9.306,-0.805, 0.179, 1.571, 0.021,-0.223, 0.000;
5.047,-4.735,-3.553,-4.735,-3.553, 0.373,-0.080, 0.162,0.000,-0.197,-1.158,-0.410, 0.579, 9.337,-0.765, 0.125, 1.571,-0.019,-0.184, 0.000;
5.059,-4.798,-3.620,-4.798,-3.620, 0.371,-0.085, 0.160,-0.194,-0.387,-0.224,-0.417, 0.583, 9.358,-0.723, 0.152, 1.571,-0.059,-0.225, 0.000;
5.071,-4.882,-3.609,-4.882,-3.609, 0.371,-0.087, 0.146,0.000,-0.184,-1.105,-0.426, 0.584, 9.390,-0.764, 0.094, 1.571,-0.017,-0.182, 0.000;
5.083,-4.891,-3.761,-4.891,-3.761, 0.368,-0.092, 0.160,-0.191,-0.383,1.151,-0.433, 0.587, 9.395,-0.721, 0.121, 1.571,-0.058,-0.223, 0.000;
5.094,-4.986,-3.739,-4.986,-3.739, 0.366,-0.094, 0.144,-0.192,-0.192,-1.355,-0.440, 0.588, 9.429,-0.678, 0.066, 1.571,-0.099,-0.182, 0.000;
5.106,-5.021,-3.795,-5.021,-3.795, 0.366,-0.098, 0.144,0.000,-0.379,0.000,-0.449, 0.591, 9.447,-0.717, 0.094, 1.571,-0.057,-0.224, 0.000;
5.118,-5.076,-3.879,-5.076,-3.879, 0.364,-0.100, 0.144,-0.194,-0.194,0.000,-0.456, 0.592, 9.466,-0.674, 0.039, 1.571,-0.098,-0.184, 0.000;
5.129,-5.110,-3.934,-5.110,-3.934, 0.362,-0.105, 0.144,-0.193,-0.386,0.000,-0.462, 0.595, 9.484,-0.631, 0.066, 1.571,-0.139,-0.225, 0.000;
5.142,-5.202,-3.905,-5.202,-3.905, 0.359,-0.107, 0.128,-0.169,-0.169,-1.200,-0.470, 0.595, 9.520,-0.581, 0.004, 1.571,-0.185,-0.178, 0.000;
5.154,-5.193,-4.046,-5.193,-4.046, 0.357,-0.112, 0.142,-0.200,-0.399,1.214,-0.477, 0.597, 9.524,-0.617, 0.030, 1.571,-0.146,-0.218, 0.000;
5.165,-5.285,-4.017,-5.285,-4.017, 0.355,-0.114, 0.126,-0.193,-0.193,-1.349,-0.483, 0.597, 9.558,-0.573,-0.024, 1.571,-0.186,-0.177, 0.000;
5.177,-5.318,-4.073,-5.318,-4.073, 0.353,-0.118, 0.126,-0.198,-0.396,0.000,-0.490, 0.599, 9.576,-0.609, 0.002, 1.571,-0.147,-0.217, 0.000;
5.188,-5.339,-4.137,-5.339,-4.137, 0.350,-0.121, 0.128,-0.193,-0.193,0.175,-0.496, 0.599, 9.592,-0.564,-0.052, 1.571,-0.187,-0.177, 0.000;
5.200,-5.377,-4.181,-5.377,-4.181, 0.348,-0.125, 0.126,-0.188,-0.376,-0.170,-0.503, 0.601, 9.613,-0.601,-0.024, 1.571,-0.146,-0.219, 0.000;
5.221,-5.377,-4.234,-5.377,-4.234, 0.346,-0.127, 0.128,-0.104,-0.104,0.093,-0.516, 0.597, 9.644,-0.517,-0.125, 1.571,-0.221,-0.143, 0.000;
5.234,-5.546,-4.276,-5.546,-4.276, 0.341,-0.129, 0.111,-0.362,-0.181,-1.434,-0.521, 0.596, 9.681,-0.555,-0.182, 1.571,-0.178,-0.100, 0.000;
5.246,-5.490,-4.398,-5.490,-4.398, 0.339,-0.134, 0.126,-0.187,-0.373,1.309,-0.528, 0.597, 9.685,-0.508,-0.153, 1.571,-0.220,-0.142, 0.000;
5.258,-5.587,-4.368,-5.587,-4.368, 0.335,-0.136, 0.111,-0.366,-0.183,-1.284,-0.532, 0.596, 9.719,-0.459,-0.124, 1.571,-0.263,-0.185, 0.000;
5.272,-5.593,-4.400,-5.593,-4.400, 0.333,-0.138, 0.111,-0.165,-0.165,0.000,-0.539, 0.594, 9.741,-0.500,-0.187, 1.571,-0.215,-0.138, 0.000;
5.275,-5.651,-4.480,-5.651,-4.480, 0.328,-0.143, 0.111,-1.200,-1.200,0.000,-0.538, 0.597, 9.746,-0.485,-0.178, 1.571,-0.228,-0.151, 0.000;
5.287,-5.606,-4.445,-5.606,-4.445, 0.326,-0.145, 0.111,-0.198,-0.198,0.000,-0.543, 0.595, 9.764,-0.439,-0.151, 1.571,-0.268,-0.191, 0.000;
5.298,-5.630,-4.497,-5.630,-4.497, 0.321,-0.147, 0.111,-0.404,-0.202,0.000,-0.547, 0.594, 9.782,-0.394,-0.124, 1.571,-0.307,-0.230, 0.000;
5.319,-5.675,-4.422,-5.675,-4.422, 0.319,-0.150, 0.095,-0.104,-0.104,-0.730,-0.559, 0.588, 9.831,-0.457,-0.223, 1.571,-0.232,-0.154, 0.000;
5.332,-5.687,-4.641,-5.687,-4.641, 0.315,-0.154, 0.111,-0.354,-0.354,1.247,-0.564, 0.588, 9.835,-0.405,-0.192, 1.571,-0.276,-0.199, 0.000;
5.343,-5.773,-4.577,-5.773,-4.577, 0.310,-0.156, 0.093,-0.378,-0.189,-1.455,-0.567, 0.585, 9.871,-0.357,-0.246, 1.571,-0.317,-0.157, 0.000;
5.356,-5.774,-4.606,-5.774,-4.606, 0.306,-0.158, 0.093,-0.368,-0.184,0.000,-0.571, 0.582, 9.890,-0.306,-0.216, 1.571,-0.360,-0.200, 0.000;
5.368,-5.775,-4.636,-5.775,-4.636, 0.301,-0.161, 0.093,-0.364,-0.182,0.000,-0.574, 0.580, 9.909,-0.341,-0.272, 1.571,-0.317,-0.157, 0.000;
5.380,-5.776,-4.666,-5.776,-4.666, 0.297,-0.163, 0.093,-0.366,-0.183,0.000,-0.578, 0.576, 9.928,-0.290,-0.242, 1.571,-0.359,-0.200, 0.000;
5.392,-5.770,-4.705,-5.770,-4.705, 0.295,-0.165, 0.095,-0.190,-0.190,0.126,-0.583, 0.573, 9.945,-0.323,-0.295, 1.571,-0.318,-0.159, 0.000;
5.404,-5.785,-4.756,-5.785,-4.756, 0.290,-0.167, 0.095,-0.360,-0.180,0.000,-0.587, 0.570, 9.965,-0.271,-0.264, 1.571,-0.362,-0.202, 0.000;
5.416,-5.791,-4.777,-5.791,-4.777, 0.286,-0.170, 0.093,-0.368,-0.184,-0.121,-0.590, 0.566, 9.985,-0.304,-0.318, 1.571,-0.319,-0.159, 0.000;
5.420,-5.809,-4.810,-5.809,-4.810, 0.279,-0.172, 0.093,-1.751,-0.584,0.000,-0.586, 0.567, 9.991,-0.288,-0.309, 1.571,-0.333,-0.173, 0.000;
5.432,-5.745,-4.747,-5.745,-4.747, 0.275,-0.174, 0.092,-0.384,-0.192,-0.123,-0.588, 0.563,10.011,-0.237,-0.279, 1.571,-0.374,-0.214, 0.000;
5.453,-5.711,-4.766,-5.711,-4.766, 0.270,-0.176, 0.092,-0.208,-0.104,0.000,-0.597, 0.555,10.045,-0.145,-0.375, 1.571,-0.450,-0.139, 0.000;
5.467,-5.818,-4.773,-5.818,-4.773, 0.266,-0.176, 0.078,-0.318,0.000,-1.004,-0.601, 0.548,10.081,-0.184,-0.437, 1.571,-0.399,-0.089, 0.000;
5.471,-5.768,-4.903,-5.768,-4.903, 0.261,-0.179, 0.093,-1.286,-0.643,4.468,-0.598, 0.548,10.071,-0.193,-0.428, 1.571,-0.387,-0.101, 0.000;
5.482,-5.715,-4.872,-5.715,-4.872, 0.257,-0.181, 0.093,-0.399,-0.200,0.000,-0.600, 0.544,10.088,-0.144,-0.399, 1.571,-0.427,-0.141, 0.000;
5.494,-5.707,-4.882,-5.707,-4.882, 0.250,-0.183, 0.092,-0.565,-0.188,-0.121,-0.600, 0.540,10.108,-0.092,-0.368, 1.571,-0.468,-0.182, 0.000;
5.506,-5.749,-4.792,-5.749,-4.792, 0.246,-0.183, 0.077,-0.380,0.000,-1.302,-0.602, 0.533,10.142,-0.124,-0.419, 1.571,-0.427,-0.141, 0.000;
5.527,-5.634,-4.898,-5.634,-4.898, 0.241,-0.185, 0.092,-0.207,-0.104,0.709,-0.609, 0.523,10.161,-0.180,-0.362, 1.571,-0.352,-0.216, 0.000;
5.532,-5.762,-4.890,-5.762,-4.890, 0.234,-0.185, 0.077,-1.392,0.000,-3.176,-0.605, 0.521,10.183,-0.192,-0.383, 1.571,-0.335,-0.199, 0.000;
5.543,-5.617,-4.930,-5.617,-4.930, 0.230,-0.187, 0.092,-0.399,-0.200,1.367,-0.607, 0.516,10.186,-0.142,-0.432, 1.571,-0.374,-0.160, 0.000;
5.554,-5.598,-4.945,-5.598,-4.945, 0.223,-0.190, 0.092,-0.590,-0.197,0.000,-0.606, 0.512,10.204,-0.092,-0.401, 1.571,-0.414,-0.200, 0.000;
5.566,-5.632,-4.849,-5.632,-4.849, 0.219,-0.190, 0.077,-0.387,0.000,-1.325,-0.607, 0.505,10.237,-0.121,-0.451, 1.571,-0.374,-0.159, 0.000;
5.588,-5.516,-4.943,-5.516,-4.943, 0.212,-0.192, 0.091,-0.309,-0.103,0.641,-0.611, 0.494,10.257,-0.024,-0.391, 1.571,-0.450,-0.235, 0.000;
5.600,-5.585,-4.910,-5.585,-4.910, 0.208,-0.192, 0.077,-0.357,0.000,-1.110,-0.612, 0.486,10.291,-0.056,-0.445, 1.571,-0.405,-0.190, 0.000;
5.613,-5.569,-4.922,-5.569,-4.922, 0.201,-0.192, 0.076,-0.539,0.000,-0.093,-0.611, 0.478,10.311,-0.087,-0.498, 1.571,-0.362,-0.146, 0.000;
5.625,-5.520,-4.921,-5.520,-4.921, 0.196,-0.194, 0.077,-0.370,-0.185,0.096,-0.612, 0.472,10.329,-0.033,-0.464, 1.571,-0.404,-0.188, 0.000;
5.629,-5.523,-4.925,-5.523,-4.925, 0.190,-0.194, 0.076,-1.650,0.000,-0.286,-0.607, 0.470,10.337,-0.014,-0.481, 1.571,-0.419,-0.174, 0.000;
5.639,-5.447,-4.876,-5.447,-4.876, 0.183,-0.194, 0.076,-0.626,0.000,0.000,-0.605, 0.463,10.353, 0.035,-0.526, 1.571,-0.457,-0.136, 0.000;
5.663,-5.357,-4.869,-5.357,-4.869, 0.179,-0.196, 0.077,-0.193,-0.096,0.050,-0.610, 0.449,10.389, 0.141,-0.460, 1.571,-0.539,-0.218, 0.000;
5.666,-5.399,-4.920,-5.399,-4.920, 0.172,-0.196, 0.076,-1.719,0.000,-0.298,-0.605, 0.447,10.396, 0.132,-0.476, 1.571,-0.524,-0.204, 0.000;
5.676,-5.250,-4.948,-5.250,-4.948, 0.165,-0.199, 0.091,-0.671,-0.224,1.508,-0.602, 0.442,10.397, 0.107,-0.518, 1.571,-0.489,-0.168, 0.000;
5.698,-5.238,-4.851,-5.238,-4.851, 0.158,-0.199, 0.076,-0.308,0.000,-0.691,-0.603, 0.427,10.446, 0.208,-0.607, 1.571,-0.566,-0.091, 0.000;
5.701,-5.242,-4.868,-5.242,-4.868, 0.154,-0.199, 0.076,-1.341,0.000,0.000,-0.600, 0.425,10.451, 0.199,-0.621, 1.571,-0.554,-0.080, 0.000;
5.723,-5.152,-4.848,-5.152,-4.848, 0.147,-0.199, 0.076,-0.307,0.000,0.000,-0.601, 0.409,10.485, 0.146,-0.709, 1.571,-0.477,-0.003, 0.000;
5.727,-5.081,-4.930,-5.081,-4.930, 0.141,-0.201, 0.089,-1.603,-0.534,3.280,-0.595, 0.408,10.478, 0.136,-0.697, 1.571,-0.462,-0.018, 0.000;
5.738,-5.075,-4.804,-5.075,-4.804, 0.134,-0.201, 0.074,-0.622,0.000,-1.378,-0.592, 0.401,10.510, 0.187,-0.664, 1.571,-0.500,-0.056, 0.000;
5.750,-5.008,-4.784,-5.008,-4.784, 0.129,-0.201, 0.076,-0.383,0.000,0.096,-0.591, 0.392,10.527, 0.159,-0.711, 1.571,-0.460,-0.015, 0.000;
5.772,-4.942,-4.794,-4.942,-4.794, 0.123,-0.201, 0.076,-0.308,0.000,0.000,-0.591, 0.376,10.561, 0.260,-0.644, 1.571,-0.536,-0.091, 0.000;
5.784,-4.910,-4.797,-4.910,-4.797, 0.116,-0.203, 0.074,-0.531,-0.177,-0.089,-0.588, 0.369,10.582, 0.230,-0.605, 1.571,-0.491,-0.135, 0.000;
5.789,-4.867,-4.765,-4.867,-4.765, 0.109,-0.203, 0.074,-1.459,0.000,0.000,-0.582, 0.366,10.589, 0.219,-0.623, 1.571,-0.475,-0.119, 0.000;
5.799,-4.785,-4.721,-4.785,-4.721, 0.105,-0.203, 0.076,-0.460,0.000,0.116,-0.580, 0.359,10.604, 0.265,-0.661, 1.571,-0.509,-0.085, 0.000;
5.820,-4.716,-4.717,-4.716,-4.717, 0.098,-0.203, 0.074,-0.308,0.000,-0.052,-0.578, 0.342,10.639, 0.367,-0.746, 1.571,-0.586,-0.009, 0.000;
5.833,-4.598,-4.783,-4.598,-4.783, 0.092,-0.205, 0.089,-0.530,-0.177,1.173,-0.574, 0.335,10.644, 0.337,-0.705, 1.571,-0.540,-0.053, 0.000;
5.837,-4.621,-4.675,-4.621,-4.675, 0.085,-0.205, 0.074,-1.854,0.000,-4.106,-0.568, 0.332,10.664, 0.328,-0.719, 1.571,-0.527,-0.041, 0.000;
5.848,-4.537,-4.623,-4.537,-4.623, 0.078,-0.205, 0.074,-0.602,0.000,0.000,-0.564, 0.324,10.682, 0.381,-0.761, 1.571,-0.567,-0.002, 0.000;
5.869,-4.442,-4.602,-4.442,-4.602, 0.074,-0.205, 0.074,-0.209,0.000,0.000,-0.563, 0.307,10.715, 0.331,-0.692, 1.571,-0.492,-0.076, 0.000;
5.882,-4.334,-4.676,-4.334,-4.676, 0.067,-0.208, 0.089,-0.508,-0.169,1.125,-0.558, 0.300,10.721, 0.301,-0.649, 1.571,-0.445,-0.123, 0.000;
5.888,-4.344,-4.569,-4.344,-4.569, 0.060,-0.208, 0.074,-1.096,0.000,-2.427,-0.553, 0.295,10.746, 0.330,-0.672, 1.571,-0.467,-0.101, 0.000;
5.899,-4.264,-4.520,-4.264,-4.520, 0.054,-0.208, 0.074,-0.642,0.000,0.000,-0.547, 0.287,10.762, 0.379,-0.711, 1.571,-0.504,-0.064, 0.000;
5.910,-4.193,-4.474,-4.193,-4.474, 0.047,-0.208, 0.073,-0.606,0.000,-0.099,-0.542, 0.278,10.780, 0.432,-0.752, 1.571,-0.543,-0.026, 0.000;
5.921,-4.051,-4.491,-4.051,-4.491, 0.040,-0.210, 0.088,-0.608,-0.203,1.326,-0.536, 0.272,10.783, 0.484,-0.715, 1.571,-0.581,-0.065, 0.000;
5.942,-4.010,-4.410,-4.010,-4.410, 0.036,-0.210, 0.074,-0.208,0.000,-0.630,-0.534, 0.255,10.830, 0.434,-0.793, 1.571,-0.506, 0.011, 0.000;
5.954,-3.957,-4.401,-3.957,-4.401, 0.029,-0.210, 0.074,-0.550,0.000,0.000,-0.528, 0.246,10.850, 0.406,-0.751, 1.571,-0.463,-0.032, 0.000;
5.967,-3.879,-4.353,-3.879,-4.353, 0.022,-0.210, 0.073,-0.542,0.000,-0.088,-0.522, 0.236,10.870, 0.465,-0.796, 1.571,-0.506, 0.011, 0.000;
5.979,-3.730,-4.363,-3.730,-4.363, 0.016,-0.212, 0.088,-0.530,-0.177,1.156,-0.515, 0.228,10.875, 0.525,-0.752, 1.571,-0.550,-0.033, 0.000;
5.984,-3.725,-4.247,-3.725,-4.247, 0.009,-0.212, 0.073,-1.561,0.000,-3.405,-0.509, 0.225,10.897, 0.515,-0.767, 1.571,-0.535,-0.018, 0.000;
5.995,-3.640,-4.195,-3.640,-4.195, 0.002,-0.212, 0.073,-0.610,0.000,0.000,-0.502, 0.216,10.914, 0.568,-0.805, 1.571,-0.574, 0.020, 0.000;
6.017,-3.471,-4.215,-3.471,-4.215,-0.002,-0.214, 0.088,-0.204,-0.102,0.667,-0.498, 0.201,10.934, 0.518,-0.728, 1.571,-0.497,-0.057, 0.000;
6.021,-3.479,-4.122,-3.479,-4.122,-0.009,-0.214, 0.073,-1.400,0.000,-3.054,-0.491, 0.197,10.956, 0.507,-0.745, 1.571,-0.480,-0.040, 0.000;
6.031,-3.395,-4.067,-3.395,-4.067,-0.016,-0.214, 0.073,-0.682,0.000,0.000,-0.484, 0.190,10.971, 0.553,-0.779, 1.571,-0.515,-0.006, 0.000;
6.053,-3.285,-4.033,-3.285,-4.033,-0.022,-0.214, 0.073,-0.304,0.000,0.000,-0.476, 0.173,11.006, 0.658,-0.854, 1.571,-0.593, 0.071, 0.000;
6.065,-3.189,-3.971,-3.189,-3.971,-0.029,-0.217, 0.073,-0.585,-0.195,0.000,-0.468, 0.166,11.024, 0.631,-0.812, 1.571,-0.551, 0.031, 0.000;
6.077,-3.099,-3.911,-3.099,-3.911,-0.036,-0.217, 0.072,-0.549,0.000,-0.087,-0.461, 0.156,11.044, 0.603,-0.768, 1.571,-0.508,-0.012, 0.000;
6.089,-2.999,-3.855,-2.999,-3.855,-0.040,-0.217, 0.073,-0.365,0.000,0.087,-0.455, 0.147,11.062, 0.575,-0.809, 1.571,-0.465, 0.031, 0.000;
6.101,-2.868,-3.860,-2.868,-3.860,-0.047,-0.219, 0.088,-0.564,-0.188,1.230,-0.447, 0.140,11.066, 0.631,-0.764, 1.571,-0.507,-0.011, 0.000;
6.113,-2.826,-3.756,-2.826,-3.756,-0.054,-0.219, 0.073,-0.543,0.000,-1.186,-0.439, 0.130,11.100, 0.689,-0.719, 1.571,-0.550,-0.054, 0.000;
6.126,-2.726,-3.692,-2.726,-3.692,-0.060,-0.219, 0.073,-0.536,0.000,0.000,-0.430, 0.121,11.120, 0.660,-0.760, 1.571,-0.506,-0.010, 0.000;
6.138,-2.576,-3.662,-2.576,-3.662,-0.067,-0.221, 0.087,-0.539,-0.180,1.075,-0.421, 0.113,11.126, 0.719,-0.713, 1.571,-0.550,-0.054, 0.000;
6.150,-2.526,-3.557,-2.526,-3.557,-0.074,-0.221, 0.072,-0.545,0.000,-1.173,-0.412, 0.104,11.160, 0.691,-0.752, 1.571,-0.507,-0.011, 0.000;
6.162,-2.424,-3.487,-2.424,-3.487,-0.080,-0.221, 0.072,-0.576,0.000,0.000,-0.404, 0.095,11.178, 0.745,-0.708, 1.571,-0.548,-0.052, 0.000;
6.173,-2.319,-3.418,-2.319,-3.418,-0.085,-0.221, 0.073,-0.400,0.000,0.095,-0.397, 0.087,11.194, 0.719,-0.744, 1.571,-0.508,-0.013, 0.000;
6.184,-2.189,-3.403,-2.189,-3.403,-0.092,-0.223, 0.088,-0.599,-0.200,1.306,-0.388, 0.080,11.197, 0.772,-0.700, 1.571,-0.547,-0.052, 0.000;
6.196,-2.139,-3.295,-2.139,-3.295,-0.098,-0.223, 0.072,-0.599,0.000,-1.401,-0.378, 0.072,11.231, 0.824,-0.735, 1.571,-0.587,-0.013, 0.000;
6.207,-2.035,-3.222,-2.035,-3.222,-0.105,-0.223, 0.072,-0.579,0.000,0.000,-0.369, 0.063,11.249, 0.797,-0.691, 1.571,-0.546,-0.054, 0.000;
6.218,-1.930,-3.144,-1.930,-3.144,-0.112,-0.223, 0.072,-0.615,0.000,0.000,-0.359, 0.055,11.266, 0.848,-0.724, 1.571,-0.584,-0.015, 0.000;
6.229,-1.825,-3.068,-1.825,-3.068,-0.118,-0.225, 0.072,-0.601,-0.200,0.000,-0.350, 0.049,11.283, 0.900,-0.680, 1.571,-0.623,-0.055, 0.000;
6.240,-1.719,-2.989,-1.719,-2.989,-0.125,-0.225, 0.072,-0.612,0.000,0.000,-0.340, 0.041,11.300, 0.874,-0.714, 1.571,-0.585,-0.016, 0.000;
6.251,-1.610,-2.911,-1.610,-2.911,-0.129,-0.225, 0.073,-0.406,0.000,0.097,-0.332, 0.033,11.317, 0.848,-0.670, 1.571,-0.546,-0.055, 0.000;
6.272,-1.473,-2.901,-1.473,-2.901,-0.136,-0.228, 0.087,-0.315,-0.105,0.628,-0.319, 0.020,11.337, 0.947,-0.585, 1.571,-0.621,-0.130, 0.000;
6.284,-1.376,-2.763,-1.376,-2.763,-0.143,-0.228, 0.072,-0.574,0.000,-1.235,-0.308, 0.012,11.369, 0.918,-0.620, 1.571,-0.579,-0.088, 0.000;
6.297,-1.262,-2.681,-1.262,-2.681,-0.150,-0.228, 0.072,-0.523,0.000,0.000,-0.297, 0.003,11.390, 0.887,-0.658, 1.571,-0.534,-0.043, 0.000;
6.309,-1.144,-2.591,-1.144,-2.591,-0.156,-0.228, 0.072,-0.548,0.000,0.000,-0.286,-0.006,11.409, 0.857,-0.694, 1.571,-0.491,-0.000, 0.000;
6.320,-0.993,-2.515,-0.993,-2.515,-0.163,-0.230, 0.087,-0.593,-0.198,1.276,-0.275,-0.011,11.412, 0.909,-0.648, 1.571,-0.530,-0.040, 0.000;
6.332,-0.915,-2.411,-0.915,-2.411,-0.170,-0.230, 0.072,-0.593,0.000,-1.274,-0.264,-0.019,11.444, 0.961,-0.681, 1.571,-0.570,-0.001, 0.000;
6.343,-0.803,-2.321,-0.803,-2.321,-0.176,-0.230, 0.071,-0.567,0.000,-0.087,-0.253,-0.027,11.464, 0.932,-0.632, 1.571,-0.529,-0.042, 0.000;
6.355,-0.683,-2.229,-0.683,-2.229,-0.181,-0.230, 0.072,-0.380,0.000,0.088,-0.243,-0.035,11.481, 0.903,-0.666, 1.571,-0.487,-0.001, 0.000;
6.368,-0.554,-2.171,-0.554,-2.171,-0.187,-0.232, 0.087,-0.509,-0.170,1.094,-0.231,-0.041,11.487, 0.963,-0.610, 1.571,-0.533,-0.047, 0.000;
6.380,-0.461,-2.062,-0.461,-2.062,-0.194,-0.232, 0.072,-0.558,0.000,-1.200,-0.219,-0.049,11.521, 0.933,-0.644, 1.571,-0.491,-0.005, 0.000;
6.393,-0.340,-1.966,-0.340,-1.966,-0.201,-0.232, 0.072,-0.530,0.000,0.000,-0.207,-0.057,11.541, 0.990,-0.591, 1.571,-0.536,-0.049, 0.000;
6.407,-0.216,-1.868,-0.216,-1.868,-0.208,-0.232, 0.071,-0.490,0.000,-0.075,-0.194,-0.066,11.563, 0.956,-0.629, 1.571,-0.488,-0.001, 0.000;
6.418,-0.085,-1.759,-0.085,-1.759,-0.212,-0.232, 0.072,-0.378,0.000,0.087,-0.184,-0.073,11.581, 0.926,-0.579, 1.571,-0.446,-0.043, 0.000;
6.431,0.016,-1.683,0.016,-1.683,-0.219,-0.234, 0.072,-0.547,-0.182,0.000,-0.171,-0.079,11.600, 0.981,-0.527, 1.571,-0.489,-0.086, 0.000;
6.443,0.140,-1.580,0.140,-1.580,-0.225,-0.234, 0.071,-0.531,0.000,-0.082,-0.158,-0.086,11.621, 1.037,-0.561, 1.571,-0.534,-0.041, 0.000;
6.456,0.267,-1.472,0.267,-1.472,-0.232,-0.234, 0.071,-0.545,0.000,0.000,-0.145,-0.094,11.640, 1.006,-0.594, 1.571,-0.490, 0.002, 0.000;
6.468,0.396,-1.366,0.396,-1.366,-0.237,-0.234, 0.072,-0.356,0.000,0.082,-0.134,-0.101,11.659, 0.973,-0.540, 1.571,-0.446,-0.042, 0.000;
6.480,0.503,-1.279,0.503,-1.279,-0.243,-0.234, 0.072,-0.556,0.000,0.000,-0.121,-0.108,11.677, 1.027,-0.572, 1.571,-0.489,-0.000, 0.000;
6.493,0.629,-1.174,0.629,-1.174,-0.250,-0.234, 0.071,-0.505,0.000,-0.078,-0.107,-0.116,11.699, 1.085,-0.515, 1.571,-0.535,-0.047, 0.000;
6.505,0.764,-1.054,0.764,-1.054,-0.254,-0.234, 0.072,-0.388,0.000,0.090,-0.096,-0.122,11.716, 1.054,-0.545, 1.571,-0.495,-0.006, 0.000;
6.517,0.867,-0.970,0.867,-0.970,-0.261,-0.234, 0.071,-0.560,0.000,-0.086,-0.083,-0.128,11.736, 1.106,-0.492, 1.571,-0.536,-0.048, 0.000;
6.529,0.996,-0.856,0.996,-0.856,-0.266,-0.234, 0.072,-0.369,0.000,0.085,-0.071,-0.135,11.754, 1.074,-0.524, 1.571,-0.494,-0.006, 0.000;
6.541,1.103,-0.767,1.103,-0.767,-0.272,-0.234, 0.071,-0.544,0.000,-0.084,-0.058,-0.141,11.775, 1.127,-0.469, 1.571,-0.537,-0.049, 0.000;
6.553,1.234,-0.649,1.234,-0.649,-0.279,-0.234, 0.071,-0.554,0.000,0.000,-0.044,-0.148,11.794, 1.095,-0.501, 1.571,-0.495,-0.006, 0.000;
6.565,1.357,-0.549,1.357,-0.549,-0.283,-0.234, 0.057,-0.390,0.000,-1.243,-0.032,-0.153,11.826, 1.063,-0.450, 1.571,-0.454,-0.046, 0.000;
6.576,1.465,-0.458,1.465,-0.458,-0.288,-0.234, 0.058,-0.393,0.000,0.073,-0.021,-0.159,11.843, 1.032,-0.479, 1.571,-0.415,-0.007, 0.000;
6.589,1.576,-0.350,1.576,-0.350,-0.295,-0.234, 0.071,-0.514,0.000,1.028,-0.006,-0.165,11.850, 1.088,-0.420, 1.571,-0.461,-0.052, 0.000;
6.602,1.710,-0.248,1.710,-0.248,-0.299,-0.232, 0.058,-0.337,0.168,-1.011, 0.007,-0.174,11.884, 1.051,-0.454, 1.571,-0.414,-0.005, 0.000;
6.615,1.829,-0.147,1.829,-0.147,-0.306,-0.232, 0.057,-0.531,0.000,-0.065, 0.022,-0.179,11.905, 1.105,-0.485, 1.571,-0.458, 0.039, 0.000;
6.627,1.966,-0.021,1.966,-0.021,-0.310,-0.232, 0.057,-0.366,0.000,0.000, 0.034,-0.185,11.924, 1.070,-0.430, 1.571,-0.415,-0.004, 0.000;
6.640,2.080,0.080,2.080,0.080,-0.315,-0.232, 0.058,-0.362,0.000,0.067, 0.047,-0.190,11.942, 1.035,-0.461, 1.571,-0.372, 0.039, 0.000;
6.651,2.195,0.183,2.195,0.183,-0.319,-0.232, 0.058,-0.380,0.000,0.000, 0.059,-0.195,11.961, 1.084,-0.407, 1.571,-0.413,-0.002, 0.000;
6.664,2.311,0.247,2.311,0.247,-0.326,-0.230, 0.043,-0.543,0.181,-1.223, 0.074,-0.202,11.995, 1.135,-0.438, 1.571,-0.457, 0.042, 0.000;
6.676,2.449,0.373,2.449,0.373,-0.330,-0.230, 0.043,-0.373,0.000,0.000, 0.086,-0.207,12.014, 1.100,-0.383, 1.571,-0.415,-0.000, 0.000;
6.689,2.564,0.472,2.564,0.472,-0.335,-0.230, 0.043,-0.341,0.000,0.000, 0.100,-0.212,12.035, 1.062,-0.415, 1.571,-0.369, 0.046, 0.000;
6.701,2.686,0.582,2.686,0.582,-0.339,-0.230, 0.043,-0.362,0.000,0.000, 0.113,-0.216,12.054, 1.026,-0.358, 1.571,-0.326, 0.002, 0.000;
6.713,2.793,0.730,2.793,0.730,-0.344,-0.230, 0.058,-0.366,0.000,1.237, 0.126,-0.220,12.058, 1.075,-0.387, 1.571,-0.368, 0.045, 0.000;
6.718,2.927,0.817,2.927,0.817,-0.348,-0.228, 0.043,-1.054,0.527,-3.414, 0.134,-0.224,12.079, 1.063,-0.397, 1.571,-0.353, 0.060, 0.000;
6.728,2.991,0.865,2.991,0.865,-0.353,-0.228, 0.043,-0.410,0.000,-0.057, 0.146,-0.228,12.097, 1.107,-0.423, 1.571,-0.392, 0.098, 0.000;
6.740,3.100,0.965,3.100,0.965,-0.357,-0.228, 0.043,-0.391,0.000,0.000, 0.158,-0.231,12.115, 1.153,-0.370, 1.571,-0.432, 0.058, 0.000;
6.762,3.202,1.041,3.202,1.041,-0.362,-0.228, 0.043,-0.200,0.000,0.000, 0.179,-0.238,12.150, 1.085,-0.266, 1.571,-0.354,-0.020, 0.000;
6.766,3.398,1.252,3.398,1.252,-0.364,-0.225, 0.043,-0.555,0.555,0.154, 0.184,-0.241,12.156, 1.072,-0.276, 1.571,-0.339,-0.006, 0.000;
6.777,3.438,1.277,3.438,1.277,-0.368,-0.225, 0.043,-0.419,0.000,-0.058, 0.197,-0.244,12.173, 1.040,-0.301, 1.571,-0.302, 0.032, 0.000;
6.798,3.533,1.355,3.533,1.355,-0.371,-0.223, 0.043,-0.104,0.104,0.029, 0.215,-0.252,12.206, 0.973,-0.352, 1.571,-0.226, 0.107, 0.000;
6.811,3.718,1.461,3.718,1.461,-0.375,-0.221, 0.029,-0.358,0.179,-1.194, 0.229,-0.257,12.241, 1.021,-0.294, 1.571,-0.270, 0.064, 0.000;
6.823,3.817,1.631,3.817,1.631,-0.377,-0.221, 0.043,-0.190,0.000,1.215, 0.240,-0.260,12.245, 0.984,-0.239, 1.571,-0.229, 0.022, 0.000;
6.835,3.933,1.662,3.933,1.662,-0.379,-0.219, 0.029,-0.180,0.180,-1.148, 0.251,-0.265,12.279, 0.944,-0.268, 1.571,-0.185, 0.066, 0.000;
6.848,4.029,1.753,4.029,1.753,-0.382,-0.217, 0.029,-0.165,0.165,0.031, 0.264,-0.269,12.299, 0.901,-0.299, 1.571,-0.138, 0.114, 0.000;
6.852,4.148,1.875,4.148,1.875,-0.384,-0.217, 0.029,-0.595,0.000,0.000, 0.269,-0.270,12.305, 0.915,-0.281, 1.571,-0.151, 0.101, 0.000;
6.863,4.183,1.902,4.183,1.902,-0.386,-0.214, 0.029,-0.205,0.205,0.000, 0.279,-0.274,12.322, 0.957,-0.306, 1.571,-0.190, 0.139, 0.000;
6.874,4.272,1.984,4.272,1.984,-0.388,-0.212, 0.029,-0.198,0.198,-0.037, 0.290,-0.278,12.341, 0.999,-0.332, 1.571,-0.229, 0.178, 0.000;
6.897,4.346,2.047,4.346,2.047,-0.391,-0.210, 0.029,-0.101,0.101,0.000, 0.310,-0.284,12.375, 0.927,-0.228, 1.571,-0.152, 0.101, 0.000;
6.909,4.516,2.222,4.516,2.222,-0.391,-0.208, 0.029,0.000,0.175,0.032, 0.320,-0.287,12.395, 0.884,-0.168, 1.571,-0.106, 0.056, 0.000;
6.921,4.596,2.297,4.596,2.297,-0.393,-0.205, 0.029,-0.191,0.191,-0.035, 0.331,-0.291,12.414, 0.927,-0.195, 1.571,-0.147, 0.098, 0.000;
6.923,4.704,2.413,4.704,2.413,-0.393,-0.203, 0.029,0.000,1.023,0.190, 0.333,-0.293,12.417, 0.919,-0.200, 1.571,-0.140, 0.105, 0.000;
6.946,4.683,2.379,4.683,2.379,-0.395,-0.201, 0.029,-0.100,0.100,-0.019, 0.352,-0.297,12.452, 1.001,-0.251, 1.571,-0.218, 0.184, 0.000;
6.951,4.868,2.572,4.868,2.572,-0.395,-0.199, 0.029,0.000,0.375,0.000, 0.357,-0.300,12.462, 0.980,-0.223, 1.571,-0.197, 0.163, 0.000;
6.961,4.896,2.600,4.896,2.600,-0.395,-0.196, 0.029,0.000,0.226,0.000, 0.365,-0.303,12.477, 0.946,-0.176, 1.571,-0.162, 0.128, 0.000;
6.982,4.897,2.708,4.897,2.708,-0.395,-0.194, 0.043,0.000,0.108,0.690, 0.381,-0.306,12.495, 0.873,-0.223, 1.571,-0.088, 0.201, 0.000;
6.985,5.047,2.876,5.047,2.876,-0.393,-0.192, 0.043,0.651,0.651,0.181, 0.381,-0.308,12.500, 0.861,-0.207, 1.571,-0.076, 0.189, 0.000;
6.997,5.031,2.857,5.031,2.857,-0.393,-0.190, 0.043,0.000,0.196,0.000, 0.390,-0.310,12.518, 0.821,-0.153, 1.571,-0.036, 0.149, 0.000;
7.009,5.054,2.996,5.054,2.996,-0.393,-0.187, 0.057,0.000,0.181,1.102, 0.400,-0.312,12.524, 0.778,-0.181, 1.571, 0.007, 0.193, 0.000;
7.031,5.058,3.134,5.058,3.134,-0.391,-0.185, 0.072,0.104,0.104,0.708, 0.415,-0.314,12.542, 0.701,-0.079, 1.571, 0.083, 0.117, 0.000;
7.043,5.221,3.189,5.221,3.189,-0.391,-0.181, 0.057,0.000,0.352,-1.203, 0.425,-0.318,12.578, 0.745,-0.108, 1.571, 0.038, 0.162, 0.000;
7.056,5.242,3.353,5.242,3.353,-0.388,-0.179, 0.072,0.183,0.183,1.253, 0.432,-0.320,12.581, 0.701,-0.136, 1.571, 0.081, 0.204, 0.000;
7.068,5.286,3.409,5.286,3.409,-0.386,-0.176, 0.072,0.183,0.183,0.000, 0.439,-0.321,12.601, 0.657,-0.164, 1.571, 0.124, 0.247, 0.000;
7.079,5.285,3.537,5.285,3.537,-0.386,-0.174, 0.086,0.000,0.194,1.147, 0.448,-0.322,12.605, 0.696,-0.109, 1.571, 0.084, 0.207, 0.000;
7.091,5.344,3.614,5.344,3.614,-0.384,-0.172, 0.086,0.195,0.195,0.000, 0.455,-0.323,12.623, 0.654,-0.135, 1.571, 0.124, 0.247, 0.000;
7.103,5.328,3.741,5.328,3.741,-0.382,-0.170, 0.100,0.180,0.180,1.139, 0.462,-0.324,12.629, 0.608,-0.077, 1.571, 0.168, 0.203, 0.000;
7.108,5.380,3.823,5.380,3.823,-0.377,-0.167, 0.101,0.983,0.492,0.316, 0.461,-0.325,12.634, 0.591,-0.087, 1.571, 0.184, 0.219, 0.000;
7.119,5.294,3.869,5.294,3.869,-0.375,-0.165, 0.115,0.204,0.204,1.309, 0.468,-0.326,12.637, 0.550,-0.112, 1.571, 0.222, 0.258, 0.000;
7.140,5.303,3.900,5.303,3.900,-0.373,-0.163, 0.115,0.103,0.103,0.000, 0.482,-0.325,12.672, 0.620,-0.009, 1.571, 0.146, 0.181, 0.000;
7.153,5.354,4.109,5.354,4.109,-0.371,-0.161, 0.128,0.177,0.177,0.989, 0.490,-0.325,12.679, 0.661, 0.050, 1.571, 0.102, 0.137, 0.000;
7.165,5.444,4.105,5.444,4.105,-0.366,-0.156, 0.115,0.368,0.368,-1.027, 0.494,-0.327,12.710, 0.615, 0.021, 1.571, 0.145, 0.180, 0.000;
7.168,5.480,4.154,5.480,4.154,-0.364,-0.154, 0.115,0.769,0.769,0.000, 0.494,-0.329,12.715, 0.603, 0.015, 1.571, 0.155, 0.190, 0.000;
7.190,5.371,4.195,5.371,4.195,-0.359,-0.152, 0.130,0.204,0.102,0.654, 0.506,-0.326,12.735, 0.518,-0.036, 1.571, 0.233, 0.267, 0.000;
7.202,5.448,4.313,5.448,4.313,-0.357,-0.150, 0.130,0.181,0.181,0.000, 0.513,-0.325,12.754, 0.557, 0.022, 1.571, 0.189, 0.223, 0.000;
7.205,5.503,4.388,5.503,4.388,-0.353,-0.147, 0.130,1.410,0.705,0.000, 0.511,-0.327,12.759, 0.545, 0.037, 1.571, 0.200, 0.212, 0.000;
7.217,5.395,4.424,5.395,4.424,-0.350,-0.145, 0.144,0.197,0.197,1.257, 0.517,-0.326,12.763, 0.501, 0.011, 1.571, 0.240, 0.252, 0.000;
7.238,5.398,4.462,5.398,4.462,-0.346,-0.143, 0.144,0.205,0.103,0.000, 0.529,-0.322,12.797, 0.414, 0.112, 1.571, 0.317, 0.175, 0.000;
7.242,5.488,4.590,5.488,4.590,-0.341,-0.141, 0.144,1.143,0.571,0.000, 0.527,-0.324,12.803, 0.427, 0.130, 1.571, 0.303, 0.162, 0.000;
7.253,5.448,4.555,5.448,4.555,-0.337,-0.138, 0.144,0.407,0.204,0.000, 0.531,-0.323,12.820, 0.383, 0.104, 1.571, 0.341, 0.200, 0.000;
7.275,5.424,4.565,5.424,4.565,-0.335,-0.136, 0.144,0.101,0.101,0.000, 0.544,-0.318,12.855, 0.450, 0.207, 1.571, 0.263, 0.123, 0.000;
7.287,5.446,4.785,5.446,4.785,-0.330,-0.136, 0.158,0.380,0.000,1.204, 0.548,-0.314,12.859, 0.485, 0.262, 1.571, 0.222, 0.081, 0.000;
7.300,5.447,4.814,5.447,4.814,-0.326,-0.134, 0.158,0.349,0.175,0.000, 0.553,-0.312,12.879, 0.433, 0.231, 1.571, 0.267, 0.126, 0.000;
7.312,5.373,4.941,5.373,4.941,-0.319,-0.132, 0.175,0.548,0.183,1.356, 0.555,-0.309,12.882, 0.383, 0.201, 1.571, 0.310, 0.169, 0.000;
7.324,5.358,4.948,5.358,4.948,-0.315,-0.129, 0.175,0.364,0.182,0.000, 0.559,-0.307,12.901, 0.332, 0.172, 1.571, 0.353, 0.211, 0.000;
7.336,5.373,4.967,5.373,4.967,-0.310,-0.127, 0.172,0.373,0.186,-0.207, 0.562,-0.305,12.923, 0.367, 0.227, 1.571, 0.311, 0.170, 0.000;
7.348,5.373,4.997,5.373,4.997,-0.306,-0.125, 0.172,0.374,0.187,0.000, 0.566,-0.302,12.941, 0.317, 0.197, 1.571, 0.353, 0.211, 0.000;
7.353,5.391,5.035,5.391,5.035,-0.301,-0.123, 0.172,0.993,0.497,0.000, 0.565,-0.302,12.948, 0.330, 0.218, 1.571, 0.338, 0.196, 0.000;
7.373,5.326,4.996,5.326,4.996,-0.297,-0.121, 0.172,0.218,0.109,0.000, 0.574,-0.296,12.981, 0.244, 0.167, 1.571, 0.410, 0.268, 0.000;
7.376,5.308,5.189,5.308,5.189,-0.290,-0.121, 0.189,2.288,0.000,5.709, 0.569,-0.295,12.969, 0.252, 0.180, 1.571, 0.400, 0.257, 0.000;
7.398,5.227,5.097,5.227,5.097,-0.286,-0.118, 0.186,0.207,0.103,-0.124, 0.578,-0.287,13.005, 0.161, 0.279, 1.571, 0.476, 0.181, 0.000;
7.402,5.278,5.219,5.278,5.219,-0.279,-0.116, 0.189,1.614,0.538,0.645, 0.574,-0.287,13.009, 0.173, 0.298, 1.571, 0.461, 0.166, 0.000;
7.414,5.300,5.073,5.300,5.073,-0.275,-0.114, 0.172,0.383,0.192,-1.435, 0.577,-0.284,13.044, 0.205, 0.268, 1.571, 0.420, 0.207, 0.000;
7.425,5.281,5.110,5.281,5.110,-0.268,-0.112, 0.175,0.594,0.198,0.220, 0.577,-0.281,13.059, 0.157, 0.319, 1.571, 0.460, 0.167, 0.000;
7.447,5.167,5.157,5.167,5.157,-0.263,-0.112, 0.186,0.207,0.000,0.535, 0.586,-0.270,13.082, 0.216, 0.415, 1.571, 0.384, 0.091, 0.000;
7.459,5.189,5.265,5.189,5.265,-0.257,-0.109, 0.189,0.531,0.177,0.212, 0.587,-0.266,13.099, 0.250, 0.383, 1.571, 0.340, 0.136, 0.000;
7.463,5.201,5.259,5.201,5.259,-0.252,-0.107, 0.186,1.333,0.667,-0.799, 0.584,-0.267,13.107, 0.236, 0.374, 1.571, 0.352, 0.148, 0.000;
7.474,5.061,5.308,5.061,5.308,-0.246,-0.107, 0.203,0.596,0.000,1.498, 0.584,-0.261,13.107, 0.186, 0.424, 1.571, 0.392, 0.108, 0.000;
7.496,5.075,5.221,5.075,5.221,-0.239,-0.105, 0.189,0.307,0.102,-0.648, 0.590,-0.251,13.156, 0.090, 0.367, 1.571, 0.469, 0.185, 0.000;
7.508,5.087,5.283,5.087,5.283,-0.234,-0.103, 0.189,0.361,0.180,0.000, 0.592,-0.246,13.175, 0.123, 0.421, 1.571, 0.425, 0.141, 0.000;
7.519,5.076,5.306,5.076,5.306,-0.228,-0.103, 0.189,0.597,0.000,0.000, 0.592,-0.240,13.193, 0.153, 0.470, 1.571, 0.385, 0.102, 0.000;
7.531,5.039,5.294,5.039,5.294,-0.221,-0.100, 0.189,0.579,0.193,0.000, 0.591,-0.236,13.211, 0.102, 0.439, 1.571, 0.426, 0.142, 0.000;
7.542,5.078,5.212,5.078,5.212,-0.217,-0.098, 0.175,0.392,0.196,-1.248, 0.593,-0.231,13.243, 0.131, 0.409, 1.571, 0.386, 0.182, 0.000;
7.555,4.981,5.297,4.981,5.297,-0.210,-0.098, 0.189,0.541,0.000,1.150, 0.592,-0.224,13.248, 0.076, 0.462, 1.571, 0.430, 0.138, 0.000;
7.567,4.944,5.290,4.944,5.290,-0.203,-0.098, 0.189,0.542,0.000,0.000, 0.592,-0.216,13.268, 0.020, 0.516, 1.571, 0.474, 0.095, 0.000;
7.579,4.906,5.281,4.906,5.281,-0.199,-0.096, 0.189,0.370,0.185,0.000, 0.593,-0.211,13.287, 0.051, 0.482, 1.571, 0.431, 0.137, 0.000;
7.591,4.884,5.296,4.884,5.296,-0.192,-0.096, 0.189,0.562,0.000,0.000, 0.592,-0.204,13.306,-0.002, 0.533, 1.571, 0.473, 0.095, 0.000;
7.603,4.918,5.213,4.918,5.213,-0.185,-0.094, 0.175,0.573,0.191,-1.218, 0.591,-0.199,13.338,-0.055, 0.501, 1.571, 0.514, 0.136, 0.000;
7.614,4.800,5.267,4.800,5.267,-0.179,-0.094, 0.189,0.565,0.000,1.201, 0.590,-0.191,13.342,-0.108, 0.551, 1.571, 0.556, 0.095, 0.000;
7.627,4.816,5.195,4.816,5.195,-0.172,-0.092, 0.177,0.550,0.183,-0.958, 0.588,-0.185,13.373,-0.078, 0.517, 1.571, 0.513, 0.137, 0.000;
7.638,4.712,5.236,4.712,5.236,-0.167,-0.092, 0.189,0.378,0.000,0.989, 0.589,-0.178,13.380,-0.049, 0.566, 1.571, 0.471, 0.096, 0.000;
7.650,4.757,5.177,4.757,5.177,-0.161,-0.089, 0.175,0.552,0.184,-1.173, 0.587,-0.172,13.413,-0.104, 0.531, 1.571, 0.514, 0.139, 0.000;
7.664,4.693,5.173,4.693,5.173,-0.154,-0.089, 0.177,0.507,0.000,0.193, 0.586,-0.163,13.432,-0.164, 0.586, 1.571, 0.560, 0.092, 0.000;
7.676,4.648,5.159,4.648,5.159,-0.147,-0.087, 0.177,0.553,0.184,0.000, 0.584,-0.157,13.451,-0.135, 0.551, 1.571, 0.518, 0.135, 0.000;
7.688,4.610,5.128,4.610,5.128,-0.143,-0.087, 0.175,0.354,0.000,-0.202, 0.584,-0.148,13.473,-0.104, 0.603, 1.571, 0.473, 0.090, 0.000;
7.701,4.565,5.147,4.565,5.147,-0.136,-0.085, 0.177,0.547,0.182,0.208, 0.582,-0.142,13.490,-0.161, 0.567, 1.571, 0.517, 0.133, 0.000;
7.712,4.514,5.126,4.514,5.126,-0.129,-0.085, 0.177,0.564,0.000,0.000, 0.579,-0.133,13.508,-0.132, 0.615, 1.571, 0.475, 0.091, 0.000;
7.725,4.520,5.047,4.520,5.047,-0.123,-0.083, 0.165,0.543,0.181,-0.980, 0.577,-0.127,13.540,-0.189, 0.579, 1.571, 0.518, 0.135, 0.000;
7.737,4.466,5.023,4.466,5.023,-0.116,-0.083, 0.165,0.557,0.000,0.000, 0.574,-0.118,13.559,-0.161, 0.627, 1.571, 0.476, 0.092, 0.000;
7.749,4.470,4.942,4.470,4.942,-0.109,-0.080, 0.153,0.530,0.177,-0.990, 0.571,-0.111,13.591,-0.219, 0.589, 1.571, 0.521, 0.137, 0.000;
7.763,4.348,4.974,4.348,4.974,-0.105,-0.080, 0.165,0.332,0.000,0.930, 0.571,-0.102,13.600,-0.187, 0.642, 1.571, 0.473, 0.089, 0.000;
7.775,4.373,4.922,4.373,4.922,-0.098,-0.078, 0.153,0.555,0.185,-1.037, 0.567,-0.095,13.631,-0.243, 0.605, 1.571, 0.515, 0.132, 0.000;
7.787,4.301,4.903,4.301,4.903,-0.092,-0.078, 0.155,0.565,0.000,0.198, 0.564,-0.086,13.647,-0.299, 0.652, 1.571, 0.557, 0.090, 0.000;
7.798,4.152,4.946,4.152,4.946,-0.085,-0.078, 0.173,0.580,0.000,1.547, 0.560,-0.078,13.648,-0.353, 0.697, 1.571, 0.597, 0.049, 0.000;
7.813,4.144,4.861,4.144,4.861,-0.078,-0.076, 0.160,0.444,0.148,-0.859, 0.557,-0.069,13.684,-0.318, 0.649, 1.571, 0.545, 0.102, 0.000;
7.826,4.085,4.836,4.085,4.836,-0.074,-0.076, 0.160,0.364,0.000,0.000, 0.555,-0.059,13.703,-0.289, 0.697, 1.571, 0.501, 0.059, 0.000;
7.838,4.102,4.773,4.102,4.773,-0.067,-0.074, 0.146,0.537,0.179,-1.077, 0.551,-0.052,13.736,-0.260, 0.657, 1.571, 0.457, 0.103, 0.000;
7.850,4.024,4.748,4.024,4.748,-0.060,-0.074, 0.149,0.545,0.000,0.196, 0.547,-0.043,13.753,-0.318, 0.704, 1.571, 0.501, 0.060, 0.000;
7.854,3.966,4.711,3.966,4.711,-0.054,-0.071, 0.151,2.013,0.671,0.747, 0.540,-0.042,13.756,-0.333, 0.693, 1.571, 0.512, 0.072, 0.000;
7.865,3.808,4.716,3.808,4.716,-0.049,-0.071, 0.168,0.395,0.000,1.461, 0.538,-0.034,13.757,-0.387, 0.657, 1.571, 0.552, 0.111, 0.000;
7.887,3.731,4.711,3.731,4.711,-0.042,-0.069, 0.168,0.308,0.103,0.000, 0.535,-0.019,13.791,-0.490, 0.585, 1.571, 0.628, 0.188, 0.000;
7.899,3.517,4.804,3.517,4.804,-0.036,-0.069, 0.201,0.554,0.000,2.710, 0.529,-0.010,13.778,-0.461, 0.631, 1.571, 0.585, 0.145, 0.000;
7.911,3.212,4.918,3.212,4.918,-0.029,-0.069, 0.249,0.550,0.000,3.967, 0.524,-0.000,13.749,-0.432, 0.676, 1.571, 0.542, 0.101, 0.000;
7.915,2.954,4.987,2.954,4.987,-0.022,-0.067, 0.291,1.712,0.571,10.866, 0.518, 0.000,13.712,-0.424, 0.663, 1.571, 0.528, 0.115, 0.000;
7.936,2.557,5.091,2.557,5.091,-0.018,-0.067, 0.351,0.217,0.000,2.912, 0.515, 0.016,13.685,-0.522, 0.738, 1.571, 0.601, 0.043, 0.000;
7.947,2.247,5.191,2.247,5.191,-0.011,-0.065, 0.403,0.571,0.190,4.386, 0.509, 0.023,13.652,-0.494, 0.699, 1.571, 0.559, 0.084, 0.000;
7.959,1.833,5.258,1.833,5.258,-0.004,-0.065, 0.470,0.559,0.000,5.638, 0.503, 0.033,13.603,-0.466, 0.742, 1.571, 0.516, 0.042, 0.000;
7.971,1.489,5.273,1.489,5.273, 0.002,-0.062, 0.525,0.559,0.186,4.538, 0.497, 0.040,13.567,-0.523, 0.700, 1.571, 0.558, 0.084, 0.000;
7.983,1.214,5.250,1.214,5.250, 0.007,-0.062, 0.567,0.371,0.000,3.488, 0.493, 0.049,13.544,-0.495, 0.743, 1.571, 0.516, 0.042, 0.000;
7.995,1.014,5.231,1.014,5.231, 0.013,-0.060, 0.597,0.576,0.192,2.575, 0.487, 0.056,13.533,-0.550, 0.702, 1.571, 0.557, 0.083, 0.000;
8.007,0.803,5.172,0.803,5.172, 0.020,-0.060, 0.628,0.558,0.000,2.580, 0.480, 0.066,13.520,-0.523, 0.744, 1.571, 0.515, 0.041, 0.000;
8.020,0.525,5.112,0.525,5.112, 0.027,-0.060, 0.672,0.520,0.000,3.464, 0.473, 0.076,13.496,-0.584, 0.789, 1.571, 0.560,-0.004, 0.000;
8.032,0.378,5.027,0.378,5.027, 0.033,-0.058, 0.693,0.546,0.182,1.663, 0.466, 0.083,13.495,-0.556, 0.745, 1.571, 0.517, 0.039, 0.000;
8.044,0.212,4.937,0.212,4.937, 0.038,-0.058, 0.717,0.362,0.000,1.999, 0.461, 0.093,13.490,-0.528, 0.788, 1.571, 0.473,-0.004, 0.000;
8.056,0.174,4.869,0.174,4.869, 0.045,-0.056, 0.717,0.556,0.185,0.000, 0.453, 0.100,13.509,-0.585, 0.744, 1.571, 0.516, 0.038, 0.000;
8.068,0.027,4.770,0.027,4.770, 0.051,-0.056, 0.740,0.586,0.000,1.984, 0.446, 0.109,13.504,-0.639, 0.783, 1.571, 0.556,-0.002, 0.000;
8.079,-0.008,4.666,-0.008,4.666, 0.058,-0.054, 0.740,0.602,0.201,0.000, 0.438, 0.115,13.521,-0.692, 0.742, 1.571, 0.595, 0.038, 0.000;
