0.000,0.000,0.000,0.000,0.000, 0.000, 0.000, 0.000,0.000,0.000,0.000, 0.000, 0.000, 0.000;
0.012,29.831,56.122,29.831,56.122,-0.509, 0.304, 0.234,0.000,0.000,0.000, 1.009,-0.296, 1.022;
0.028,30.224,55.708,30.224,55.708,-0.509, 0.304, 0.234,0.000,0.000,0.000, 1.009,-0.286, 1.022;
0.033,30.342,55.581,30.342,55.581,-0.509, 0.304, 0.234,0.000,0.000,0.000, 1.008,-0.283, 1.022;
0.052,30.808,55.063,30.808,55.063,-0.509, 0.304, 0.234,0.000,0.000,0.000, 1.008,-0.271, 1.022;
0.064,31.085,54.742,31.085,54.742,-0.509, 0.304, 0.234,0.000,0.000,0.000, 1.007,-0.264, 1.022;
0.076,31.365,54.408,31.365,54.408,-0.509, 0.304, 0.234,0.000,0.000,0.000, 1.007,-0.256, 1.022;
0.088,31.649,54.059,31.649,54.059,-0.509, 0.304, 0.234,0.000,0.000,0.000, 1.006,-0.248, 1.022;
0.100,41.263,63.090,41.263,63.090,-0.507, 0.304, 0.238,0.182,0.000,0.279, 1.003,-0.241, 1.019;
0.113,32.170,53.358,32.170,53.358,-0.507, 0.304, 0.238,0.000,0.000,0.000, 1.002,-0.233, 1.019;
0.124,32.339,52.927,32.339,52.927,-0.507, 0.304, 0.234,0.000,0.000,-0.313, 1.001,-0.226, 1.022;
0.136,51.933,52.686,51.933,52.686,-0.504, 0.306, 0.238,0.189,0.189,0.289, 0.997,-0.221, 1.019;
0.147,32.624,52.245,32.624,52.245,-0.504, 0.306, 0.234,0.000,0.000,-0.305, 0.996,-0.214, 1.022;
0.158,43.316,62.517,43.316,62.517,-0.502, 0.306, 0.248,0.198,0.000,1.249, 0.992,-0.207, 1.008;
0.170,53.455,52.007,53.455,52.007,-0.500, 0.308, 0.252,0.195,0.195,0.316, 0.989,-0.202, 1.005;
0.181,43.208,61.495,43.208,61.495,-0.498, 0.308, 0.252,0.191,0.000,0.000, 0.985,-0.195, 1.005;
0.193,53.017,51.182,53.017,51.182,-0.496, 0.310, 0.252,0.190,0.190,0.000, 0.981,-0.190, 1.005;
0.204,44.323,61.791,44.323,61.791,-0.493, 0.310, 0.266,0.203,0.000,1.288, 0.977,-0.183, 0.990;
0.215,64.893,61.134,64.893,61.134,-0.489, 0.312, 0.266,0.398,0.199,0.000, 0.971,-0.179, 0.990;
0.226,44.566,61.244,44.566,61.244,-0.487, 0.312, 0.280,0.201,0.000,1.265, 0.967,-0.172, 0.976;
0.237,66.063,60.994,66.063,60.994,-0.482, 0.315, 0.284,0.405,0.202,0.371, 0.960,-0.168, 0.972;
0.259,44.739,49.443,44.739,49.443,-0.480, 0.317, 0.280,0.102,0.102,-0.186, 0.954,-0.157, 0.976;
0.271,54.099,69.053,54.099,69.053,-0.475, 0.317, 0.298,0.370,0.000,1.509, 0.947,-0.150, 0.958;
0.283,55.346,48.828,55.346,48.828,-0.473, 0.319, 0.294,0.198,0.198,-0.379, 0.942,-0.145, 0.962;
0.294,65.754,58.963,65.754,58.963,-0.469, 0.321, 0.298,0.395,0.197,0.377, 0.935,-0.141, 0.958;
0.305,65.754,58.526,65.754,58.526,-0.464, 0.324, 0.298,0.396,0.198,0.000, 0.928,-0.137, 0.958;
0.317,64.334,57.822,64.334,57.822,-0.460, 0.326, 0.312,0.374,0.187,1.174, 0.921,-0.132, 0.944;
0.329,54.226,67.330,54.226,67.330,-0.455, 0.326, 0.326,0.367,0.000,1.140, 0.913,-0.125, 0.930;
0.341,65.498,57.395,65.498,57.395,-0.451, 0.328, 0.326,0.386,0.193,0.000, 0.906,-0.120, 0.930;
0.352,65.482,56.997,65.482,56.997,-0.446, 0.330, 0.331,0.386,0.193,0.409, 0.898,-0.116, 0.926;
0.363,67.483,57.435,67.483,57.435,-0.442, 0.333, 0.345,0.407,0.203,1.267, 0.891,-0.112, 0.912;
0.374,67.374,56.982,67.374,56.982,-0.437, 0.335, 0.345,0.408,0.204,0.000, 0.883,-0.108, 0.912;
0.385,66.917,56.314,66.917,56.314,-0.433, 0.337, 0.340,0.406,0.203,-0.446, 0.876,-0.104, 0.917;
0.396,78.014,66.973,78.014,66.973,-0.426, 0.339, 0.345,0.611,0.204,0.448, 0.866,-0.100, 0.912;
0.418,50.393,49.488,50.393,49.488,-0.422, 0.341, 0.345,0.207,0.104,0.000, 0.855,-0.091, 0.912;
0.429,66.337,54.529,66.337,54.529,-0.417, 0.344, 0.359,0.399,0.200,1.232, 0.846,-0.087, 0.898;
0.441,75.184,64.021,75.184,64.021,-0.411, 0.346, 0.364,0.572,0.191,0.445, 0.836,-0.083, 0.893;
0.452,65.747,53.367,65.747,53.367,-0.406, 0.348, 0.359,0.399,0.199,-0.465, 0.828,-0.079, 0.898;
0.464,64.063,52.319,64.063,52.319,-0.402, 0.350, 0.359,0.381,0.191,0.000, 0.819,-0.075, 0.898;
0.476,72.313,61.211,72.313,61.211,-0.395, 0.353, 0.364,0.543,0.181,0.423, 0.808,-0.071, 0.893;
0.487,64.896,51.583,64.896,51.583,-0.391, 0.355, 0.359,0.398,0.199,-0.464, 0.800,-0.068, 0.898;
0.498,76.838,62.703,76.838,62.703,-0.384, 0.357, 0.378,0.607,0.202,1.721, 0.789,-0.064, 0.879;
0.509,65.215,50.906,65.215,50.906,-0.379, 0.359, 0.372,0.405,0.202,-0.486, 0.781,-0.061, 0.884;
0.520,87.060,50.260,87.060,50.260,-0.373, 0.364, 0.364,0.610,0.407,-0.767, 0.770,-0.060, 0.893;
0.531,74.755,60.418,74.755,60.418,-0.366, 0.366, 0.364,0.600,0.200,0.000, 0.759,-0.056, 0.893;
0.554,47.075,42.961,47.075,42.961,-0.362, 0.368, 0.364,0.201,0.100,0.000, 0.745,-0.048, 0.893;
0.560,109.513,76.697,109.513,76.697,-0.355, 0.371, 0.378,1.072,0.357,2.207, 0.736,-0.047, 0.879;
0.578,50.775,43.326,50.775,43.326,-0.350, 0.373, 0.378,0.250,0.125,0.000, 0.724,-0.041, 0.879;
0.589,82.595,46.322,82.595,46.322,-0.344, 0.377, 0.364,0.581,0.387,-1.195, 0.713,-0.040, 0.893;
0.601,70.038,55.519,70.038,55.519,-0.337, 0.379, 0.364,0.560,0.187,0.000, 0.701,-0.037, 0.893;
0.613,68.291,54.160,68.291,54.160,-0.330, 0.382, 0.364,0.542,0.181,0.000, 0.689,-0.033, 0.893;
0.626,58.292,43.716,58.292,43.716,-0.326, 0.384, 0.364,0.365,0.182,0.000, 0.679,-0.030, 0.893;
0.640,62.136,50.105,62.136,50.105,-0.319, 0.386, 0.364,0.468,0.156,0.000, 0.666,-0.026, 0.893;
0.643,178.947,108.027,178.947,108.027,-0.312, 0.388, 0.378,2.047,0.682,4.216, 0.658,-0.027, 0.879;
0.654,73.057,55.141,73.057,55.141,-0.306, 0.391, 0.378,0.623,0.208,0.000, 0.646,-0.024, 0.879;
0.665,70.441,31.537,70.441,31.537,-0.301, 0.395, 0.364,0.399,0.399,-1.234, 0.637,-0.024, 0.893;
0.687,48.264,41.592,48.264,41.592,-0.295, 0.397, 0.364,0.304,0.101,0.000, 0.619,-0.017, 0.893;
0.699,66.676,50.356,66.676,50.356,-0.288, 0.400, 0.364,0.561,0.187,0.000, 0.607,-0.015, 0.893;
0.711,67.055,50.140,67.055,50.140,-0.281, 0.402, 0.369,0.570,0.190,0.456, 0.595,-0.012, 0.887;
0.723,65.641,49.009,65.641,49.009,-0.275, 0.404, 0.369,0.557,0.186,0.000, 0.582,-0.010, 0.887;
0.734,66.946,27.991,66.946,27.991,-0.270, 0.408, 0.364,0.389,0.389,-0.467, 0.572,-0.010, 0.893;
0.746,66.727,48.906,66.727,48.906,-0.263, 0.411, 0.364,0.588,0.196,0.000, 0.559,-0.008, 0.893;
0.757,66.150,48.234,66.150,48.234,-0.257, 0.413, 0.369,0.584,0.195,0.467, 0.547,-0.006, 0.887;
0.768,66.951,48.260,66.951,48.260,-0.250, 0.415, 0.369,0.602,0.201,0.000, 0.534,-0.004, 0.887;
0.779,67.488,48.152,67.488,48.152,-0.243, 0.417, 0.369,0.616,0.205,0.000, 0.522,-0.002, 0.887;
0.790,55.626,36.221,55.626,36.221,-0.239, 0.420, 0.364,0.411,0.205,-0.493, 0.512,-0.001, 0.893;
0.801,76.367,35.377,76.367,35.377,-0.232, 0.424, 0.355,0.606,0.404,-0.792, 0.499,-0.002, 0.901;
0.812,65.289,46.066,65.289,46.066,-0.225, 0.426, 0.355,0.613,0.204,0.000, 0.487,-0.000, 0.901;
0.833,42.995,34.226,42.995,34.226,-0.219, 0.429, 0.355,0.317,0.106,0.000, 0.469, 0.004, 0.901;
0.844,63.776,44.296,63.776,44.296,-0.212, 0.431, 0.369,0.602,0.201,1.269, 0.456, 0.006, 0.887;
0.856,52.083,32.669,52.083,32.669,-0.208, 0.433, 0.369,0.400,0.200,0.000, 0.445, 0.007, 0.887;
0.867,59.725,41.632,59.725,41.632,-0.201, 0.435, 0.369,0.561,0.187,0.000, 0.432, 0.008, 0.887;
0.879,62.202,42.525,62.202,42.525,-0.194, 0.437, 0.369,0.602,0.201,0.000, 0.419, 0.009, 0.887;
0.890,62.247,42.219,62.247,42.219,-0.187, 0.440, 0.375,0.608,0.203,0.500, 0.406, 0.010, 0.882;
0.901,61.230,19.255,61.230,19.255,-0.183, 0.444, 0.355,0.407,0.407,-1.786, 0.396, 0.008, 0.901;
0.912,60.644,40.893,60.644,40.893,-0.176, 0.446, 0.355,0.610,0.203,0.000, 0.383, 0.009, 0.901;
0.923,59.216,39.861,59.216,39.861,-0.170, 0.449, 0.361,0.596,0.199,0.475, 0.369, 0.010, 0.896;
0.945,31.732,22.729,31.732,22.729,-0.165, 0.451, 0.355,0.205,0.103,-0.245, 0.352, 0.013, 0.901;
0.948,141.168,80.152,141.168,80.152,-0.158, 0.453, 0.355,1.733,0.578,0.000, 0.343, 0.011, 0.901;
0.961,54.084,36.282,54.084,36.282,-0.152, 0.455, 0.361,0.550,0.183,0.438, 0.330, 0.012, 0.896;
0.972,56.251,37.084,56.251,37.084,-0.145, 0.458, 0.375,0.582,0.194,1.242, 0.316, 0.012, 0.882;
0.983,66.826,25.905,66.826,25.905,-0.138, 0.462, 0.346,0.598,0.399,-2.564, 0.303, 0.010, 0.911;
1.005,28.676,19.778,28.676,19.778,-0.134, 0.464, 0.355,0.206,0.103,0.419, 0.285, 0.012, 0.901;
1.017,53.519,34.741,53.519,34.741,-0.127, 0.466, 0.361,0.578,0.193,0.461, 0.272, 0.012, 0.896;
1.028,52.912,34.165,52.912,34.165,-0.121, 0.469, 0.361,0.578,0.193,0.000, 0.258, 0.012, 0.896;
1.040,40.005,22.445,40.005,22.445,-0.116, 0.471, 0.355,0.366,0.183,-0.437, 0.246, 0.012, 0.901;
1.052,62.493,43.691,62.493,43.691,-0.107, 0.473, 0.366,0.773,0.193,0.937, 0.230, 0.011, 0.891;
1.063,40.581,21.902,40.581,21.902,-0.103, 0.475, 0.361,0.387,0.194,-0.476, 0.219, 0.011, 0.896;
1.075,50.528,31.928,50.528,31.928,-0.096, 0.478, 0.361,0.580,0.193,0.000, 0.205, 0.010, 0.896;
1.087,47.523,30.158,47.523,30.158,-0.089, 0.480, 0.366,0.547,0.182,0.448, 0.191, 0.010, 0.891;
1.100,35.781,19.227,35.781,19.227,-0.085, 0.482, 0.361,0.352,0.176,-0.434, 0.179, 0.009, 0.896;
1.112,45.794,28.814,45.794,28.814,-0.078, 0.484, 0.361,0.543,0.181,0.000, 0.164, 0.008, 0.896;
1.124,56.014,18.589,56.014,18.589,-0.071, 0.489, 0.351,0.557,0.371,-0.759, 0.150, 0.005, 0.905;
1.137,43.594,27.358,43.594,27.358,-0.065, 0.491, 0.351,0.536,0.179,0.000, 0.136, 0.004, 0.905;
1.149,34.638,17.575,34.638,17.575,-0.060, 0.493, 0.346,0.375,0.188,-0.446, 0.124, 0.003, 0.911;
1.160,45.347,27.832,45.347,27.832,-0.054, 0.496, 0.351,0.577,0.192,0.458, 0.110, 0.001, 0.905;
1.172,42.698,26.304,42.698,26.304,-0.047, 0.498, 0.351,0.551,0.184,0.000, 0.096,-0.000, 0.905;
1.185,31.891,15.733,31.891,15.733,-0.042, 0.500, 0.346,0.367,0.183,-0.436, 0.083,-0.002, 0.911;
1.196,44.722,26.956,44.722,26.956,-0.036, 0.502, 0.351,0.597,0.199,0.473, 0.070,-0.003, 0.905;
1.208,39.753,24.287,39.753,24.287,-0.029, 0.504, 0.351,0.539,0.180,0.000, 0.055,-0.005, 0.905;
1.219,32.268,15.010,32.268,15.010,-0.025, 0.507, 0.346,0.396,0.198,-0.471, 0.044,-0.007, 0.911;
1.231,41.713,24.959,41.713,24.959,-0.018, 0.509, 0.351,0.584,0.195,0.463, 0.030,-0.009, 0.905;
1.242,43.254,25.587,43.254,25.587,-0.011, 0.511, 0.351,0.615,0.205,0.000, 0.016,-0.011, 0.905;
1.253,39.861,23.732,39.861,23.732,-0.004, 0.513, 0.351,0.578,0.193,0.000, 0.002,-0.013, 0.905;
1.265,29.059,12.887,29.059,12.887, 0.000, 0.516, 0.351,0.390,0.195,0.000,-0.009,-0.016, 0.905;
1.287,18.040,12.450,18.040,12.450, 0.007, 0.518, 0.351,0.303,0.101,0.000,-0.030,-0.018, 0.905;
1.299,37.590,22.086,37.590,22.086, 0.013, 0.520, 0.357,0.579,0.193,0.473,-0.044,-0.021, 0.900;
1.311,32.885,19.611,32.885,19.611, 0.020, 0.522, 0.357,0.526,0.175,0.000,-0.059,-0.024, 0.900;
1.315,82.960,29.895,82.960,29.895, 0.025, 0.525, 0.351,1.084,0.542,-1.327,-0.066,-0.026, 0.905;
1.326,51.631,11.516,51.631,11.516, 0.031, 0.529, 0.342,0.643,0.429,-0.912,-0.079,-0.031, 0.915;
1.348,14.281,10.152,14.281,10.152, 0.038, 0.531, 0.342,0.305,0.102,0.000,-0.099,-0.035, 0.915;
1.360,20.602,8.393,20.602,8.393, 0.042, 0.533, 0.342,0.357,0.179,0.000,-0.111,-0.038, 0.915;
1.363,175.331,90.606,175.331,90.606, 0.049, 0.536, 0.342,2.537,0.846,0.000,-0.120,-0.041, 0.915;
1.375,29.842,17.772,29.842,17.772, 0.056, 0.538, 0.342,0.547,0.182,0.000,-0.134,-0.044, 0.915;
1.397,11.733,8.582,11.733,8.582, 0.062, 0.540, 0.347,0.312,0.104,0.254,-0.154,-0.049, 0.909;
1.400,81.062,27.938,81.062,27.938, 0.067, 0.542, 0.342,1.131,0.566,-1.378,-0.161,-0.051, 0.915;
1.412,30.530,17.937,30.530,17.937, 0.074, 0.545, 0.347,0.587,0.196,0.477,-0.175,-0.055, 0.909;
1.424,17.535,6.374,17.535,6.374, 0.078, 0.547, 0.342,0.373,0.186,-0.454,-0.187,-0.059, 0.915;
1.447,7.384,6.284,7.384,6.284, 0.085, 0.549, 0.347,0.295,0.098,0.240,-0.207,-0.064, 0.909;
1.450,109.341,57.254,109.341,57.254, 0.092, 0.551, 0.347,1.702,0.567,0.000,-0.216,-0.067, 0.909;
1.461,18.011,6.049,18.011,6.049, 0.096, 0.554, 0.347,0.407,0.204,0.000,-0.227,-0.071, 0.909;
1.473,26.908,16.061,26.908,16.061, 0.103, 0.556, 0.332,0.594,0.198,-1.359,-0.241,-0.075, 0.925;
1.495,4.886,4.983,4.886,4.983, 0.109, 0.558, 0.337,0.305,0.102,0.246,-0.261,-0.081, 0.919;
1.498,93.070,30.450,93.070,30.450, 0.114, 0.560, 0.347,1.351,0.675,3.005,-0.267,-0.084, 0.909;
1.509,24.464,14.837,24.464,14.837, 0.121, 0.562, 0.347,0.590,0.197,0.000,-0.281,-0.089, 0.909;
1.531,3.068,4.151,3.068,4.151, 0.127, 0.565, 0.337,0.313,0.104,-0.464,-0.300,-0.095, 0.919;
1.543,8.569,2.149,8.569,2.149, 0.132, 0.567, 0.332,0.355,0.178,-0.429,-0.312,-0.101, 0.925;
1.555,19.072,12.233,19.072,12.233, 0.138, 0.569, 0.337,0.556,0.185,0.448,-0.326,-0.106, 0.919;
1.559,67.454,21.722,67.454,21.722, 0.143, 0.571, 0.332,1.095,0.547,-1.324,-0.332,-0.109, 0.925;
1.580,0.771,3.226,0.771,3.226, 0.150, 0.574, 0.337,0.326,0.109,0.262,-0.351,-0.116, 0.919;
1.592,17.498,11.644,17.498,11.644, 0.156, 0.576, 0.337,0.568,0.189,0.000,-0.364,-0.121, 0.919;
1.604,5.419,0.740,5.419,0.740, 0.161, 0.578, 0.337,0.366,0.183,0.000,-0.376,-0.127, 0.919;
1.616,13.673,9.914,13.673,9.914, 0.167, 0.580, 0.337,0.537,0.179,0.000,-0.390,-0.132, 0.919;
1.628,5.660,0.747,5.660,0.747, 0.172, 0.583, 0.337,0.389,0.194,0.000,-0.400,-0.138, 0.919;
1.641,11.295,8.937,11.295,8.937, 0.179, 0.585, 0.337,0.527,0.176,0.000,-0.414,-0.144, 0.919;
1.654,9.604,8.187,9.604,8.187, 0.185, 0.587, 0.343,0.516,0.172,0.429,-0.428,-0.150, 0.914;
1.665,2.139,-0.504,2.139,-0.504, 0.190, 0.589, 0.337,0.376,0.188,-0.470,-0.439,-0.156, 0.919;
1.678,10.607,8.945,10.607,8.945, 0.196, 0.591, 0.343,0.552,0.184,0.459,-0.452,-0.162, 0.914;
1.690,-1.739,-1.772,-1.739,-1.772, 0.201, 0.594, 0.327,0.349,0.175,-1.246,-0.464,-0.168, 0.930;
1.693,134.442,71.050,134.442,71.050, 0.208, 0.596, 0.327,2.287,0.762,0.000,-0.472,-0.172, 0.930;
1.715,-14.664,-6.071,-14.664,-6.071, 0.212, 0.598, 0.327,0.210,0.105,0.000,-0.488,-0.181, 0.930;
1.718,117.954,63.118,117.954,63.118, 0.219, 0.600, 0.327,2.081,0.694,0.000,-0.496,-0.184, 0.930;
1.729,-1.629,-1.719,-1.629,-1.719, 0.223, 0.603, 0.327,0.386,0.193,0.000,-0.506,-0.191, 0.930;
1.752,-12.545,-1.671,-12.545,-1.671, 0.230, 0.605, 0.327,0.301,0.100,0.000,-0.525,-0.201, 0.930;
1.755,102.510,55.755,102.510,55.755, 0.237, 0.607, 0.333,1.898,0.633,1.565,-0.533,-0.204, 0.924;
1.766,-3.680,-2.264,-3.680,-2.264, 0.241, 0.609, 0.316,0.392,0.196,-1.436,-0.543,-0.211, 0.940;
1.788,-20.083,3.317,-20.083,3.317, 0.248, 0.609, 0.333,0.308,0.000,0.750,-0.561,-0.219, 0.924;
1.791,86.180,27.640,86.180,27.640, 0.252, 0.612, 0.333,1.515,0.758,0.000,-0.567,-0.223, 0.924;
1.803,-7.124,-3.343,-7.124,-3.343, 0.257, 0.614, 0.327,0.379,0.189,-0.468,-0.577,-0.230, 0.930;
1.825,-16.947,-2.777,-16.947,-2.777, 0.263, 0.616, 0.333,0.308,0.103,0.254,-0.594,-0.241, 0.924;
1.829,47.434,15.250,47.434,15.250, 0.268, 0.618, 0.316,1.076,0.538,-3.936,-0.600,-0.245, 0.940;
1.841,-9.555,-3.846,-9.555,-3.846, 0.272, 0.620, 0.316,0.379,0.189,0.000,-0.610,-0.252, 0.940;
1.852,-19.743,6.948,-19.743,6.948, 0.277, 0.620, 0.333,0.393,0.000,1.439,-0.620,-0.257, 0.924;
1.875,-26.226,-9.142,-26.226,-9.142, 0.281, 0.623, 0.333,0.197,0.099,0.000,-0.635,-0.269, 0.924;
1.878,21.405,49.340,21.405,49.340, 0.286, 0.623, 0.333,1.180,0.000,0.000,-0.641,-0.271, 0.924;
1.889,-9.911,-3.615,-9.911,-3.615, 0.290, 0.625, 0.316,0.410,0.205,-1.500,-0.650,-0.278, 0.940;
1.901,-23.083,5.773,-23.083,5.773, 0.295, 0.625, 0.322,0.383,0.000,0.469,-0.660,-0.283, 0.935;
1.923,-33.335,-14.709,-33.335,-14.709, 0.297, 0.627, 0.300,0.103,0.103,-1.013,-0.671,-0.295, 0.957;
1.935,-25.083,5.001,-25.083,5.001, 0.301, 0.627, 0.300,0.373,0.000,0.000,-0.680,-0.301, 0.957;
1.947,-35.493,-4.999,-35.493,-4.999, 0.304, 0.627, 0.295,0.186,0.000,-0.421,-0.687,-0.307, 0.962;
1.959,-17.175,-5.292,-17.175,-5.292, 0.308, 0.629, 0.283,0.362,0.181,-0.943,-0.697,-0.315, 0.974;
1.971,-46.597,5.254,-46.597,5.254, 0.310, 0.627, 0.295,0.191,-0.191,0.998,-0.704,-0.319, 0.962;
1.982,-16.455,-4.838,-16.455,-4.838, 0.315, 0.629, 0.266,0.384,0.192,-2.448,-0.713,-0.327, 0.990;
1.994,-47.465,5.086,-47.465,5.086, 0.317, 0.627, 0.283,0.192,-0.192,1.448,-0.719,-0.330, 0.974;
2.007,-29.741,3.066,-29.741,3.066, 0.321, 0.627, 0.283,0.348,0.000,0.000,-0.728,-0.337, 0.974;
2.018,-38.115,-5.180,-38.115,-5.180, 0.324, 0.627, 0.262,0.191,0.000,-1.833,-0.735,-0.343, 0.995;
2.030,-28.832,4.662,-28.832,4.662, 0.328, 0.627, 0.266,0.382,0.000,0.388,-0.743,-0.349, 0.990;
2.042,-39.786,-5.752,-39.786,-5.752, 0.330, 0.627, 0.266,0.183,0.000,0.000,-0.750,-0.355, 0.990;
2.055,-49.726,3.200,-49.726,3.200, 0.333, 0.625, 0.262,0.178,-0.178,-0.362,-0.756,-0.360, 0.995;
2.067,-40.560,-5.730,-40.560,-5.730, 0.335, 0.625, 0.262,0.185,0.000,0.000,-0.763,-0.366, 0.995;
2.079,-50.701,3.162,-50.701,3.162, 0.337, 0.623, 0.262,0.179,-0.179,0.000,-0.769,-0.371, 0.995;
2.092,-41.384,-5.971,-41.384,-5.971, 0.339, 0.623, 0.245,0.181,0.000,-1.356,-0.775,-0.377, 1.012;
2.104,-51.169,3.413,-51.169,3.413, 0.341, 0.620, 0.245,0.182,-0.182,0.000,-0.781,-0.382, 1.012;
2.117,-42.938,-6.586,-42.938,-6.586, 0.344, 0.620, 0.245,0.170,0.000,0.000,-0.787,-0.389, 1.012;
2.129,-52.158,3.231,-52.158,3.231, 0.346, 0.618, 0.245,0.180,-0.180,0.000,-0.793,-0.394, 1.012;
2.142,-52.042,-15.136,-52.042,-15.136, 0.346, 0.618, 0.228,0.000,0.000,-1.377,-0.796,-0.401, 1.029;
2.154,-52.444,4.167,-52.444,4.167, 0.348, 0.616, 0.228,0.189,-0.189,0.000,-0.802,-0.405, 1.029;
2.165,-52.846,4.051,-52.846,4.051, 0.350, 0.614, 0.228,0.188,-0.188,0.000,-0.807,-0.410, 1.029;
2.177,-53.238,4.344,-53.238,4.344, 0.353, 0.612, 0.228,0.192,-0.192,0.000,-0.812,-0.414, 1.029;
2.190,-61.596,-6.297,-61.596,-6.297, 0.353, 0.609, 0.207,0.000,-0.172,-1.591,-0.815,-0.419, 1.049;
2.202,-53.402,3.172,-53.402,3.172, 0.355, 0.607, 0.211,0.180,-0.180,0.290,-0.820,-0.424, 1.046;
2.215,-53.806,3.386,-53.806,3.386, 0.357, 0.605, 0.211,0.182,-0.182,0.000,-0.825,-0.429, 1.046;
2.227,-73.678,4.033,-73.678,4.033, 0.357, 0.600, 0.224,0.000,-0.376,1.108,-0.828,-0.432, 1.032;
2.239,-54.993,2.702,-54.993,2.702, 0.359, 0.598, 0.228,0.175,-0.175,0.304,-0.833,-0.437, 1.029;
2.252,-54.839,2.088,-54.839,2.088, 0.362, 0.596, 0.211,0.169,-0.169,-1.290,-0.838,-0.443, 1.046;
2.257,-105.261,34.874,-105.261,34.874, 0.362, 0.591, 0.224,0.000,-0.980,2.886,-0.838,-0.441, 1.032;
2.267,-66.658,17.713,-66.658,17.713, 0.364, 0.587, 0.228,0.216,-0.432,0.374,-0.843,-0.443, 1.029;
2.290,-56.325,-5.278,-56.325,-5.278, 0.366, 0.585, 0.228,0.098,-0.098,0.000,-0.849,-0.454, 1.029;
2.294,-114.293,42.641,-114.293,42.641, 0.366, 0.580, 0.228,0.000,-1.133,0.000,-0.849,-0.452, 1.029;
2.305,-66.889,15.688,-66.889,15.688, 0.368, 0.576, 0.228,0.203,-0.406,0.000,-0.853,-0.455, 1.029;
2.320,-64.584,-7.581,-64.584,-7.581, 0.368, 0.574, 0.228,0.000,-0.151,0.000,-0.856,-0.461, 1.029;
2.331,-67.118,14.661,-67.118,14.661, 0.371, 0.569, 0.228,0.196,-0.391,0.000,-0.859,-0.464, 1.029;
2.343,-76.730,4.119,-76.730,4.119, 0.371, 0.565, 0.228,0.000,-0.380,0.000,-0.861,-0.467, 1.029;
2.356,-67.410,12.363,-67.410,12.363, 0.373, 0.560, 0.245,0.180,-0.359,1.359,-0.865,-0.470, 1.012;
2.367,-79.094,5.309,-79.094,5.309, 0.373, 0.556, 0.245,0.000,-0.402,0.000,-0.866,-0.472, 1.012;
2.378,-68.649,14.869,-68.649,14.869, 0.375, 0.551, 0.245,0.196,-0.392,0.000,-0.869,-0.475, 1.012;
2.390,-68.305,12.555,-68.305,12.555, 0.377, 0.547, 0.249,0.181,-0.362,0.347,-0.872,-0.478, 1.007;
2.412,-75.850,0.616,-75.850,0.616, 0.377, 0.540, 0.262,0.000,-0.310,0.576,-0.874,-0.485, 0.995;
2.424,-79.896,4.588,-79.896,4.588, 0.377, 0.536, 0.262,0.000,-0.384,0.000,-0.875,-0.488, 0.995;
2.435,-70.547,16.053,-70.547,16.053, 0.379, 0.531, 0.262,0.201,-0.403,0.000,-0.878,-0.490, 0.995;
2.446,-80.263,4.658,-80.263,4.658, 0.379, 0.527, 0.262,0.000,-0.385,0.000,-0.878,-0.493, 0.995;
2.457,-81.180,5.540,-81.180,5.540, 0.379, 0.522, 0.262,0.000,-0.400,0.000,-0.879,-0.496, 0.995;
2.468,-70.942,16.065,-70.942,16.065, 0.382, 0.518, 0.262,0.201,-0.402,0.000,-0.881,-0.498, 0.995;
2.480,-81.491,5.604,-81.491,5.604, 0.382, 0.513, 0.262,0.000,-0.401,0.000,-0.882,-0.501, 0.995;
2.490,-82.139,6.240,-82.139,6.240, 0.382, 0.509, 0.262,0.000,-0.411,0.000,-0.882,-0.503, 0.995;
2.501,-93.517,16.958,-93.517,16.958, 0.382, 0.502, 0.278,0.000,-0.613,1.519,-0.882,-0.503, 0.978;
2.512,-72.098,16.729,-72.098,16.729, 0.384, 0.498, 0.278,0.203,-0.406,0.000,-0.884,-0.506, 0.978;
2.533,-72.907,-3.876,-72.907,-3.876, 0.384, 0.493, 0.278,0.000,-0.212,0.000,-0.883,-0.514, 0.978;
2.545,-82.802,6.047,-82.802,6.047, 0.384, 0.489, 0.278,0.000,-0.398,0.000,-0.883,-0.517, 0.978;
2.556,-72.498,16.653,-72.498,16.653, 0.386, 0.484, 0.278,0.200,-0.399,0.000,-0.885,-0.519, 0.978;
2.567,-83.142,6.266,-83.142,6.266, 0.386, 0.480, 0.278,0.000,-0.400,0.000,-0.884,-0.522, 0.978;
2.578,-72.923,16.855,-72.923,16.855, 0.388, 0.475, 0.283,0.200,-0.400,0.429,-0.886,-0.524, 0.974;
2.589,-95.400,17.784,-95.400,17.784, 0.388, 0.469, 0.295,0.000,-0.615,1.068,-0.885,-0.525, 0.962;
2.600,-84.321,6.733,-84.321,6.733, 0.388, 0.464, 0.295,0.000,-0.405,0.000,-0.884,-0.527, 0.962;
2.611,-73.112,17.541,-73.112,17.541, 0.391, 0.460, 0.278,0.204,-0.407,-1.499,-0.886,-0.529, 0.978;
2.622,-95.444,17.871,-95.444,17.871, 0.391, 0.453, 0.295,0.000,-0.613,1.504,-0.885,-0.529, 0.962;
2.643,-68.794,2.341,-68.794,2.341, 0.393, 0.449, 0.295,0.105,-0.210,0.000,-0.885,-0.538, 0.962;
2.655,-84.564,26.675,-84.564,26.675, 0.395, 0.442, 0.316,0.192,-0.575,1.853,-0.886,-0.539, 0.940;
2.667,-83.119,4.839,-83.119,4.839, 0.395, 0.437, 0.311,0.000,-0.359,-0.425,-0.884,-0.542, 0.946;
2.680,-73.140,14.273,-73.140,14.273, 0.397, 0.433, 0.300,0.178,-0.356,-0.896,-0.885,-0.545, 0.957;
2.691,-83.813,6.279,-83.813,6.279, 0.397, 0.429, 0.295,0.000,-0.382,-0.432,-0.883,-0.548, 0.962;
2.703,-84.232,25.917,-84.232,25.917, 0.400, 0.422, 0.316,0.186,-0.559,1.800,-0.883,-0.548, 0.940;
2.715,-74.562,16.542,-74.562,16.542, 0.402, 0.417, 0.316,0.190,-0.380,0.000,-0.884,-0.551, 0.940;
2.728,-93.844,15.142,-93.844,15.142, 0.402, 0.411, 0.327,0.000,-0.541,0.873,-0.881,-0.552, 0.930;
2.740,-74.315,15.850,-74.315,15.850, 0.404, 0.406, 0.316,0.185,-0.369,-0.894,-0.881,-0.555, 0.940;
2.751,-74.603,16.547,-74.603,16.547, 0.406, 0.402, 0.316,0.188,-0.377,0.000,-0.881,-0.557, 0.940;
2.765,-83.081,22.265,-83.081,22.265, 0.408, 0.395, 0.333,0.167,-0.500,1.220,-0.881,-0.558, 0.924;
2.777,-84.337,5.607,-84.337,5.607, 0.408, 0.391, 0.333,0.000,-0.356,0.000,-0.878,-0.561, 0.924;
2.789,-85.887,28.076,-85.887,28.076, 0.411, 0.384, 0.333,0.193,-0.578,0.000,-0.878,-0.562, 0.924;
2.802,-74.572,14.898,-74.572,14.898, 0.413, 0.379, 0.333,0.175,-0.350,0.000,-0.877,-0.565, 0.924;
2.807,-138.080,59.289,-138.080,59.289, 0.413, 0.373, 0.343,0.000,-1.338,2.080,-0.876,-0.561, 0.914;
2.818,-75.718,18.755,-75.718,18.755, 0.415, 0.368, 0.333,0.199,-0.398,-0.928,-0.876,-0.563, 0.924;
2.830,-74.621,15.439,-74.621,15.439, 0.417, 0.364, 0.333,0.178,-0.356,0.000,-0.875,-0.566, 0.924;
2.852,-76.915,9.485,-76.915,9.485, 0.420, 0.357, 0.349,0.104,-0.312,0.753,-0.872,-0.571, 0.908;
2.856,-121.303,98.283,-121.303,98.283, 0.422, 0.350, 0.349,0.511,-1.533,0.000,-0.873,-0.567, 0.908;
2.867,-76.545,19.908,-76.545,19.908, 0.424, 0.346, 0.349,0.203,-0.407,0.000,-0.872,-0.569, 0.908;
2.879,-87.243,29.963,-87.243,29.963, 0.426, 0.339, 0.355,0.198,-0.594,0.527,-0.871,-0.568, 0.902;
2.901,-71.229,3.670,-71.229,3.670, 0.429, 0.335, 0.355,0.101,-0.203,0.000,-0.867,-0.576, 0.902;
2.905,-143.875,65.422,-143.875,65.422, 0.429, 0.328, 0.349,0.000,-1.437,-1.273,-0.865,-0.572, 0.908;
2.926,-71.284,5.215,-71.284,5.215, 0.431, 0.324, 0.349,0.109,-0.218,0.000,-0.861,-0.579, 0.908;
2.929,-142.845,142.549,-142.845,142.549, 0.433, 0.317, 0.365,0.705,-2.115,5.042,-0.862,-0.574, 0.892;
2.940,-75.736,18.840,-75.736,18.840, 0.435, 0.312, 0.349,0.193,-0.386,-1.381,-0.861,-0.575, 0.908;
2.952,-86.945,30.029,-86.945,30.029, 0.437, 0.306, 0.365,0.195,-0.584,1.393,-0.859,-0.575, 0.892;
2.974,-70.658,4.331,-70.658,4.331, 0.440, 0.301, 0.349,0.101,-0.203,-0.726,-0.854,-0.582, 0.908;
2.986,-85.307,27.425,-85.307,27.425, 0.442, 0.295, 0.365,0.180,-0.541,1.291,-0.851,-0.582, 0.892;
2.998,-75.379,19.074,-75.379,19.074, 0.444, 0.290, 0.349,0.190,-0.381,-1.361,-0.849,-0.583, 0.908;
3.010,-86.488,29.941,-86.488,29.941, 0.446, 0.283, 0.371,0.191,-0.572,1.890,-0.847,-0.582, 0.886;
3.021,-86.514,30.201,-86.514,30.201, 0.449, 0.277, 0.371,0.192,-0.576,0.000,-0.845,-0.581, 0.886;
3.033,-75.602,18.962,-75.602,18.962, 0.451, 0.272, 0.371,0.187,-0.374,0.000,-0.843,-0.583, 0.886;
3.045,-85.347,28.478,-85.347,28.478, 0.453, 0.266, 0.371,0.183,-0.550,0.000,-0.840,-0.582, 0.886;
3.058,-74.943,17.868,-74.943,17.868, 0.455, 0.261, 0.371,0.179,-0.359,0.000,-0.837,-0.584, 0.886;
3.070,-84.436,27.357,-84.436,27.357, 0.458, 0.254, 0.371,0.177,-0.531,0.000,-0.834,-0.583, 0.886;
3.084,-92.582,16.121,-92.582,16.121, 0.458, 0.248, 0.381,0.000,-0.500,0.718,-0.829,-0.583, 0.876;
3.096,-64.611,29.709,-64.611,29.709, 0.462, 0.243, 0.371,0.373,-0.373,-0.804,-0.828,-0.584, 0.886;
3.108,-94.349,18.385,-94.349,18.385, 0.462, 0.237, 0.381,0.000,-0.537,0.771,-0.823,-0.583, 0.876;
3.121,-83.960,27.855,-83.960,27.855, 0.464, 0.230, 0.381,0.177,-0.530,0.000,-0.820,-0.582, 0.876;
3.133,-74.837,20.558,-74.837,20.558, 0.466, 0.225, 0.381,0.191,-0.382,0.000,-0.817,-0.582, 0.876;
3.144,-85.137,31.037,-85.137,31.037, 0.469, 0.219, 0.381,0.190,-0.571,0.000,-0.814,-0.581, 0.876;
3.156,-73.702,19.682,-73.702,19.682, 0.471, 0.214, 0.365,0.185,-0.371,-1.311,-0.810,-0.581, 0.892;
3.168,-84.299,30.347,-84.299,30.347, 0.473, 0.208, 0.381,0.186,-0.559,1.316,-0.807,-0.580, 0.876;
3.180,-84.889,31.953,-84.889,31.953, 0.475, 0.201, 0.381,0.193,-0.580,0.000,-0.804,-0.578, 0.876;
3.192,-73.727,20.505,-73.727,20.505, 0.478, 0.196, 0.381,0.188,-0.377,0.000,-0.800,-0.578, 0.876;
3.204,-84.271,31.349,-84.271,31.349, 0.480, 0.190, 0.387,0.190,-0.569,0.541,-0.797,-0.576, 0.870;
3.216,-73.160,19.694,-73.160,19.694, 0.482, 0.185, 0.387,0.182,-0.364,0.000,-0.793,-0.577, 0.870;
3.228,-83.776,31.373,-83.776,31.373, 0.484, 0.179, 0.387,0.189,-0.566,0.000,-0.789,-0.575, 0.870;
3.240,-83.109,29.844,-83.109,29.844, 0.487, 0.172, 0.403,0.181,-0.542,1.278,-0.786,-0.573, 0.854;
3.253,-72.137,19.003,-72.137,19.003, 0.489, 0.167, 0.387,0.176,-0.353,-1.247,-0.781,-0.573, 0.870;
3.265,-83.397,31.585,-83.397,31.585, 0.491, 0.161, 0.403,0.188,-0.563,1.327,-0.778,-0.571, 0.854;
3.277,-81.903,29.185,-81.903,29.185, 0.493, 0.154, 0.403,0.177,-0.530,0.000,-0.773,-0.568, 0.854;
3.289,-62.167,30.303,-62.167,30.303, 0.498, 0.150, 0.409,0.362,-0.362,0.550,-0.771,-0.568, 0.847;
3.301,-83.353,32.610,-83.353,32.610, 0.500, 0.143, 0.409,0.191,-0.574,0.000,-0.767,-0.565, 0.847;
3.313,-72.294,22.168,-72.294,22.168, 0.502, 0.138, 0.403,0.193,-0.386,-0.586,-0.763,-0.565, 0.854;
3.324,-82.554,32.588,-82.554,32.588, 0.504, 0.132, 0.403,0.191,-0.573,0.000,-0.759,-0.562, 0.854;
3.337,-82.079,31.299,-82.079,31.299, 0.507, 0.125, 0.425,0.184,-0.551,1.857,-0.755,-0.559, 0.831;
3.348,-71.554,22.236,-71.554,22.236, 0.509, 0.121, 0.409,0.192,-0.384,-1.355,-0.751,-0.558, 0.847;
3.359,-83.194,34.779,-83.194,34.779, 0.511, 0.114, 0.425,0.199,-0.596,1.404,-0.747,-0.555, 0.831;
3.371,-70.817,22.372,-70.817,22.372, 0.513, 0.109, 0.403,0.192,-0.385,-1.944,-0.743,-0.554, 0.854;
3.384,-79.094,28.331,-79.094,28.331, 0.516, 0.103, 0.418,0.170,-0.509,1.184,-0.737,-0.551, 0.838;
3.395,-83.265,36.989,-83.265,36.989, 0.518, 0.096, 0.425,0.208,-0.624,0.650,-0.734,-0.547, 0.831;
3.406,-82.137,35.405,-82.137,35.405, 0.520, 0.089, 0.425,0.201,-0.603,0.000,-0.730,-0.543, 0.831;
3.417,-70.670,24.579,-70.670,24.579, 0.522, 0.085, 0.425,0.204,-0.407,0.000,-0.725,-0.542, 0.831;
3.438,-70.449,14.362,-70.449,14.362, 0.525, 0.078, 0.418,0.106,-0.318,-0.332,-0.716,-0.540, 0.838;
3.450,-69.183,23.057,-69.183,23.057, 0.527, 0.074, 0.425,0.192,-0.384,0.600,-0.711,-0.538, 0.831;
3.461,-80.713,36.005,-80.713,36.005, 0.529, 0.067, 0.425,0.201,-0.604,0.000,-0.707,-0.534, 0.831;
3.472,-79.208,33.802,-79.208,33.802, 0.531, 0.060, 0.425,0.192,-0.575,0.000,-0.702,-0.530, 0.831;
3.484,-68.435,24.130,-68.435,24.130, 0.533, 0.056, 0.425,0.198,-0.396,0.000,-0.698,-0.528, 0.831;
3.495,-79.653,35.833,-79.653,35.833, 0.536, 0.049, 0.434,0.200,-0.600,0.751,-0.693,-0.524, 0.823;
3.507,-77.915,32.884,-77.915,32.884, 0.538, 0.042, 0.441,0.187,-0.560,0.600,-0.688,-0.519, 0.816;
3.518,-79.546,36.904,-79.546,36.904, 0.540, 0.036, 0.441,0.205,-0.614,0.000,-0.684,-0.515, 0.816;
3.529,-67.581,25.276,-67.581,25.276, 0.542, 0.031, 0.441,0.204,-0.409,0.000,-0.680,-0.512, 0.816;
3.540,-78.496,36.320,-78.496,36.320, 0.545, 0.025, 0.441,0.202,-0.606,0.000,-0.675,-0.507, 0.816;
3.561,-61.021,8.869,-61.021,8.869, 0.547, 0.020, 0.441,0.106,-0.212,0.000,-0.665,-0.506, 0.816;
3.572,-76.348,34.387,-76.348,34.387, 0.549, 0.013, 0.441,0.192,-0.576,0.000,-0.660,-0.501, 0.816;
3.584,-75.739,34.072,-75.739,34.072, 0.551, 0.007, 0.441,0.191,-0.572,0.000,-0.655,-0.496, 0.816;
3.595,-65.408,47.208,-65.408,47.208, 0.556,-0.000, 0.464,0.396,-0.594,2.032,-0.652,-0.491, 0.793;
3.607,-75.769,13.189,-75.769,13.189, 0.556,-0.004, 0.441,0.000,-0.396,-2.032,-0.645,-0.487, 0.816;
3.618,-74.384,33.411,-74.384,33.411, 0.558,-0.011, 0.456,0.187,-0.562,1.285,-0.640,-0.482, 0.801;
3.630,-63.389,23.708,-63.389,23.708, 0.560,-0.016, 0.441,0.194,-0.387,-1.329,-0.635,-0.479, 0.816;
3.643,-61.662,38.608,-61.662,38.608, 0.565,-0.022, 0.448,0.337,-0.506,0.559,-0.632,-0.473, 0.808;
3.655,-84.632,23.635,-84.632,23.635, 0.565,-0.029, 0.456,0.000,-0.579,0.685,-0.624,-0.467, 0.801;
3.666,-51.196,36.285,-51.196,36.285, 0.569,-0.033, 0.448,0.402,-0.402,-0.713,-0.622,-0.464, 0.808;
3.677,-85.686,25.502,-85.686,25.502, 0.569,-0.040, 0.456,0.000,-0.613,0.725,-0.615,-0.458, 0.801;
3.688,-62.086,48.596,-62.086,48.596, 0.574,-0.047, 0.464,0.407,-0.611,0.691,-0.613,-0.452, 0.793;
3.699,-61.657,25.109,-61.657,25.109, 0.576,-0.051, 0.464,0.203,-0.406,0.000,-0.608,-0.448, 0.793;
3.720,-61.416,14.780,-61.416,14.780, 0.578,-0.058, 0.464,0.106,-0.319,0.000,-0.597,-0.442, 0.793;
3.731,-71.403,35.710,-71.403,35.710, 0.580,-0.065, 0.464,0.198,-0.594,0.000,-0.592,-0.435, 0.793;
3.742,-59.802,24.847,-59.802,24.847, 0.583,-0.069, 0.464,0.201,-0.402,0.000,-0.587,-0.431, 0.793;
3.753,-70.728,36.150,-70.728,36.150, 0.585,-0.076, 0.464,0.201,-0.602,0.000,-0.583,-0.424, 0.793;
3.765,-70.272,35.777,-70.272,35.777, 0.587,-0.083, 0.479,0.199,-0.596,1.358,-0.578,-0.417, 0.778;
3.776,-57.927,23.466,-57.927,23.466, 0.589,-0.087, 0.464,0.194,-0.389,-1.329,-0.573,-0.413, 0.793;
3.787,-69.761,36.604,-69.761,36.604, 0.591,-0.094, 0.479,0.203,-0.608,1.387,-0.568,-0.406, 0.778;
3.798,-69.377,36.699,-69.377,36.699, 0.594,-0.100, 0.479,0.204,-0.612,0.000,-0.564,-0.399, 0.778;
3.809,-56.975,24.890,-56.975,24.890, 0.596,-0.105, 0.464,0.205,-0.409,-1.399,-0.559,-0.394, 0.793;
3.820,-68.270,36.396,-68.270,36.396, 0.598,-0.112, 0.479,0.203,-0.610,1.391,-0.554,-0.386, 0.778;
3.841,-56.122,13.882,-56.122,13.882, 0.600,-0.118, 0.479,0.105,-0.316,0.000,-0.543,-0.378, 0.778;
3.853,-54.105,21.415,-54.105,21.415, 0.603,-0.123, 0.479,0.184,-0.368,0.000,-0.538,-0.373, 0.778;
3.865,-65.246,34.126,-65.246,34.126, 0.605,-0.129, 0.479,0.194,-0.582,0.000,-0.533,-0.365, 0.778;
3.876,-53.648,23.625,-53.648,23.625, 0.607,-0.134, 0.464,0.199,-0.398,-1.361,-0.528,-0.360, 0.793;
3.887,-64.006,33.661,-64.006,33.661, 0.609,-0.141, 0.479,0.193,-0.579,1.320,-0.523,-0.352, 0.778;
3.899,-64.076,34.394,-64.076,34.394, 0.612,-0.147, 0.494,0.196,-0.589,1.321,-0.519,-0.344, 0.763;
3.910,-52.020,22.739,-52.020,22.739, 0.614,-0.152, 0.479,0.196,-0.391,-1.317,-0.514,-0.338, 0.778;
3.923,-60.338,28.982,-60.338,28.982, 0.616,-0.158, 0.494,0.174,-0.522,1.170,-0.508,-0.330, 0.763;
3.934,-62.673,34.601,-62.673,34.601, 0.618,-0.165, 0.494,0.199,-0.597,0.000,-0.503,-0.321, 0.763;
3.946,-50.583,22.771,-50.583,22.771, 0.620,-0.170, 0.494,0.198,-0.396,0.000,-0.499,-0.315, 0.763;
3.957,-61.314,33.828,-61.314,33.828, 0.623,-0.176, 0.494,0.197,-0.591,0.000,-0.494,-0.307, 0.763;
3.968,-49.315,22.062,-49.315,22.062, 0.625,-0.181, 0.494,0.195,-0.391,0.000,-0.489,-0.301, 0.763;
3.980,-59.375,31.948,-59.375,31.948, 0.627,-0.187, 0.494,0.190,-0.571,0.000,-0.485,-0.292, 0.763;
3.992,-48.100,21.586,-48.100,21.586, 0.629,-0.192, 0.494,0.195,-0.389,0.000,-0.480,-0.285, 0.763;
4.013,-47.649,11.423,-47.649,11.423, 0.632,-0.199, 0.494,0.102,-0.307,0.000,-0.469,-0.274, 0.763;
4.025,-57.145,31.218,-57.145,31.218, 0.634,-0.205, 0.509,0.188,-0.565,1.247,-0.464,-0.265, 0.748;
4.037,-57.253,32.404,-57.253,32.404, 0.636,-0.212, 0.509,0.194,-0.583,0.000,-0.460,-0.256, 0.748;
4.050,-43.920,17.085,-43.920,17.085, 0.638,-0.217, 0.494,0.172,-0.345,-1.143,-0.454,-0.248, 0.763;
4.062,-54.061,28.311,-54.061,28.311, 0.641,-0.223, 0.509,0.178,-0.535,1.181,-0.449,-0.239, 0.748;
4.074,-43.861,20.212,-43.861,20.212, 0.643,-0.228, 0.494,0.193,-0.386,-1.277,-0.445,-0.232, 0.763;
4.086,-53.327,28.772,-53.327,28.772, 0.645,-0.234, 0.517,0.182,-0.545,1.881,-0.440,-0.222, 0.740;
4.098,-53.069,29.239,-53.069,29.239, 0.647,-0.241, 0.517,0.185,-0.555,0.000,-0.435,-0.212, 0.740;
4.110,-41.615,18.196,-41.615,18.196, 0.650,-0.246, 0.509,0.185,-0.370,-0.687,-0.431,-0.204, 0.748;
4.122,-51.909,29.043,-51.909,29.043, 0.652,-0.252, 0.517,0.186,-0.559,0.693,-0.426,-0.194, 0.740;
4.134,-40.741,18.673,-40.741,18.673, 0.654,-0.257, 0.517,0.190,-0.380,0.000,-0.422,-0.186, 0.740;
4.149,-46.673,20.801,-46.673,20.801, 0.656,-0.263, 0.517,0.153,-0.458,0.000,-0.416,-0.175, 0.740;
4.153,-82.474,92.839,-82.474,92.839, 0.658,-0.270, 0.517,0.464,-1.392,0.000,-0.416,-0.167, 0.740;
4.163,-41.492,25.142,-41.492,25.142, 0.661,-0.275, 0.517,0.232,-0.464,0.000,-0.413,-0.160, 0.740;
4.185,-38.827,8.253,-38.827,8.253, 0.663,-0.281, 0.517,0.103,-0.308,0.000,-0.403,-0.146, 0.740;
4.196,-48.530,28.520,-48.530,28.520, 0.665,-0.288, 0.532,0.191,-0.571,1.254,-0.399,-0.135, 0.725;
4.209,-36.198,15.554,-36.198,15.554, 0.667,-0.292, 0.517,0.182,-0.364,-1.197,-0.395,-0.127, 0.740;
4.221,-46.134,25.800,-46.134,25.800, 0.670,-0.299, 0.532,0.181,-0.544,1.194,-0.391,-0.116, 0.725;
4.233,-35.076,15.546,-35.076,15.546, 0.672,-0.304, 0.517,0.185,-0.370,-1.219,-0.387,-0.107, 0.740;
4.246,-34.185,34.859,-34.185,34.859, 0.676,-0.310, 0.540,0.357,-0.535,1.868,-0.385,-0.096, 0.716;
4.250,-80.571,39.528,-80.571,39.528, 0.676,-0.315, 0.517,0.000,-0.982,-5.144,-0.382,-0.090, 0.740;
4.260,-47.910,32.637,-47.910,32.637, 0.679,-0.321, 0.532,0.216,-0.648,1.423,-0.379,-0.079, 0.725;
4.282,-27.566,-0.190,-27.566,-0.190, 0.681,-0.326, 0.517,0.102,-0.205,-0.673,-0.371,-0.066, 0.740;
4.295,-41.912,23.472,-41.912,23.472, 0.683,-0.333, 0.532,0.180,-0.539,1.182,-0.367,-0.055, 0.725;
4.308,-30.248,11.028,-30.248,11.028, 0.685,-0.337, 0.532,0.170,-0.340,0.000,-0.363,-0.045, 0.725;
4.311,-93.768,128.834,-93.768,128.834, 0.687,-0.344, 0.540,0.632,-1.896,2.462,-0.363,-0.037, 0.716;
4.322,-31.380,16.304,-31.380,16.304, 0.690,-0.348, 0.540,0.204,-0.409,0.000,-0.360,-0.028, 0.716;
4.334,-41.976,26.376,-41.976,26.376, 0.692,-0.355, 0.555,0.198,-0.593,1.290,-0.357,-0.017, 0.702;
4.356,-23.596,-2.637,-23.596,-2.637, 0.694,-0.359, 0.540,0.101,-0.201,-0.657,-0.349,-0.003, 0.716;
4.360,-51.763,82.359,-51.763,82.359, 0.696,-0.364, 0.540,0.586,-1.173,0.000,-0.350, 0.003, 0.716;
4.371,-39.261,23.880,-39.261,23.880, 0.699,-0.371, 0.555,0.192,-0.575,1.251,-0.347, 0.015, 0.702;
4.393,-21.866,-3.044,-21.866,-3.044, 0.701,-0.375, 0.540,0.105,-0.209,-0.684,-0.340, 0.029, 0.716;
4.404,-38.084,24.054,-38.084,24.054, 0.703,-0.382, 0.564,0.195,-0.586,2.073,-0.337, 0.041, 0.693;
4.416,-25.471,10.513,-25.471,10.513, 0.705,-0.386, 0.564,0.186,-0.372,0.000,-0.334, 0.051, 0.693;
4.428,-36.288,22.120,-36.288,22.120, 0.708,-0.393, 0.564,0.191,-0.573,0.000,-0.331, 0.063, 0.693;
4.440,-24.093,9.491,-24.093,9.491, 0.710,-0.397, 0.564,0.185,-0.371,0.000,-0.329, 0.074, 0.693;
4.451,-23.752,9.886,-23.752,9.886, 0.712,-0.402, 0.564,0.190,-0.379,0.000,-0.326, 0.084, 0.693;
4.463,-34.614,21.344,-34.614,21.344, 0.714,-0.408, 0.564,0.193,-0.579,0.000,-0.324, 0.096, 0.693;
4.474,-22.879,10.229,-22.879,10.229, 0.716,-0.413, 0.564,0.197,-0.393,0.000,-0.322, 0.106, 0.693;
4.487,-21.362,7.130,-21.362,7.130, 0.719,-0.417, 0.564,0.181,-0.363,0.000,-0.319, 0.117, 0.693;
4.500,-29.982,-5.171,-29.982,-5.171, 0.719,-0.422, 0.564,0.000,-0.341,0.000,-0.314, 0.128, 0.693;
4.512,-20.386,7.483,-20.386,7.483, 0.721,-0.426, 0.579,0.187,-0.375,1.213,-0.312, 0.138, 0.678;
4.523,-20.138,7.995,-20.138,7.995, 0.723,-0.431, 0.579,0.193,-0.386,0.000,-0.310, 0.149, 0.678;
4.535,-18.972,5.896,-18.972,5.896, 0.725,-0.435, 0.579,0.183,-0.367,0.000,-0.308, 0.160, 0.678;
4.547,-19.207,7.849,-19.207,7.849, 0.728,-0.440, 0.588,0.197,-0.394,0.836,-0.307, 0.170, 0.669;
4.558,-18.775,7.765,-18.775,7.765, 0.730,-0.444, 0.588,0.199,-0.398,0.000,-0.305, 0.180, 0.669;
4.571,-27.222,-7.008,-27.222,-7.008, 0.730,-0.449, 0.602,0.000,-0.353,1.130,-0.301, 0.192, 0.654;
4.582,-17.763,7.693,-17.763,7.693, 0.732,-0.453, 0.602,0.203,-0.406,0.000,-0.300, 0.202, 0.654;
4.593,-16.392,4.846,-16.392,4.846, 0.734,-0.458, 0.616,0.189,-0.379,1.189,-0.298, 0.213, 0.640;
4.604,-30.054,-3.770,-30.054,-3.770, 0.734,-0.462, 0.616,0.000,-0.430,0.000,-0.295, 0.223, 0.640;
4.615,-4.041,-6.184,-4.041,-6.184, 0.737,-0.464, 0.616,0.198,-0.198,0.000,-0.294, 0.232, 0.640;
4.638,-8.906,-12.799,-8.906,-12.799, 0.739,-0.469, 0.640,0.098,-0.197,1.050,-0.290, 0.249, 0.617;
4.642,-31.594,-1.794,-31.594,-1.794, 0.739,-0.471, 0.630,0.000,-0.483,-2.177,-0.288, 0.254, 0.627;
4.652,-2.342,-2.832,-2.342,-2.832, 0.741,-0.473, 0.640,0.236,-0.236,1.062,-0.288, 0.261, 0.617;
4.674,4.511,-25.303,4.511,-25.303, 0.743,-0.473, 0.640,0.103,0.000,0.000,-0.285, 0.274, 0.617;
4.686,-1.145,-31.573,-1.145,-31.573, 0.743,-0.473, 0.630,0.000,0.000,-0.835,-0.282, 0.281, 0.627;
4.697,21.593,-31.742,21.593,-31.742, 0.745,-0.471, 0.626,0.189,0.189,-0.319,-0.281, 0.285, 0.630;
4.709,-0.465,-31.890,-0.465,-31.890, 0.745,-0.471, 0.616,0.000,0.000,-0.854,-0.279, 0.292, 0.640;
4.721,11.030,-43.042,11.030,-43.042, 0.745,-0.469, 0.602,0.000,0.188,-1.179,-0.276, 0.297, 0.654;
4.733,0.340,-32.065,0.340,-32.065, 0.745,-0.469, 0.593,0.000,0.000,-0.779,-0.273, 0.304, 0.664;
4.745,22.920,-32.248,22.920,-32.248, 0.748,-0.466, 0.588,0.189,0.189,-0.397,-0.273, 0.309, 0.669;
4.757,-9.978,-43.400,-9.978,-43.400, 0.745,-0.466, 0.579,-0.188,0.000,-0.797,-0.269, 0.316, 0.678;
4.769,1.547,-32.535,1.547,-32.535, 0.745,-0.466, 0.579,0.000,0.000,0.000,-0.266, 0.323, 0.678;
4.781,12.546,-43.101,12.546,-43.101, 0.745,-0.464, 0.549,0.000,0.182,-2.372,-0.264, 0.329, 0.707;
4.793,2.308,-32.704,2.308,-32.704, 0.745,-0.464, 0.549,0.000,0.000,0.000,-0.262, 0.336, 0.707;
4.806,2.752,-32.779,2.752,-32.779, 0.745,-0.464, 0.526,0.000,0.000,-1.839,-0.260, 0.344, 0.731;
4.819,3.183,-33.043,3.183,-33.043, 0.745,-0.464, 0.526,0.000,0.000,0.000,-0.258, 0.351, 0.731;
4.831,-7.155,-43.923,-7.155,-43.923, 0.743,-0.464, 0.510,-0.187,0.000,-1.264,-0.255, 0.359, 0.746;
4.842,4.096,-33.319,4.096,-33.319, 0.743,-0.464, 0.510,0.000,0.000,0.000,-0.253, 0.366, 0.746;
4.854,4.477,-33.441,4.477,-33.441, 0.743,-0.464, 0.495,0.000,0.000,-1.301,-0.252, 0.373, 0.762;
4.866,-5.720,-44.233,-5.720,-44.233, 0.741,-0.464, 0.487,-0.185,0.000,-0.684,-0.248, 0.380, 0.770;
4.878,-5.504,-44.500,-5.504,-44.500, 0.739,-0.464, 0.471,-0.191,0.000,-1.321,-0.245, 0.388, 0.785;
4.890,5.859,-33.835,5.859,-33.835, 0.739,-0.464, 0.471,0.000,0.000,0.000,-0.244, 0.396, 0.785;
4.904,-3.300,-43.445,-3.300,-43.445, 0.737,-0.464, 0.448,-0.169,0.000,-1.770,-0.240, 0.404, 0.808;
4.917,6.770,-34.200,6.770,-34.200, 0.737,-0.464, 0.456,0.000,0.000,0.585,-0.239, 0.412, 0.801;
4.929,7.112,-54.846,7.112,-54.846, 0.734,-0.462, 0.432,-0.184,0.184,-1.926,-0.236, 0.417, 0.824;
4.941,7.470,-34.406,7.470,-34.406, 0.734,-0.462, 0.440,0.000,0.000,0.627,-0.236, 0.425, 0.817;
4.953,7.800,-54.384,7.800,-54.384, 0.732,-0.460, 0.416,-0.179,0.179,-1.878,-0.233, 0.430, 0.840;
4.965,18.019,-44.237,18.019,-44.237, 0.732,-0.458, 0.400,0.000,0.179,-1.301,-0.233, 0.436, 0.856;
4.977,-2.265,-45.121,-2.265,-45.121, 0.730,-0.458, 0.400,-0.191,0.000,0.000,-0.230, 0.443, 0.856;
4.989,8.754,-55.247,8.754,-55.247, 0.728,-0.455, 0.393,-0.186,0.186,-0.567,-0.228, 0.449, 0.863;
5.001,19.272,-44.849,19.272,-44.849, 0.728,-0.453, 0.384,0.000,0.186,-0.802,-0.228, 0.454, 0.873;
5.013,9.241,-55.713,9.241,-55.713, 0.725,-0.451, 0.377,-0.191,0.191,-0.562,-0.225, 0.459, 0.879;
5.024,30.359,-55.234,30.359,-55.234, 0.725,-0.446, 0.344,0.000,0.387,-2.864,-0.226, 0.462, 0.912;
5.036,9.498,-55.212,9.498,-55.212, 0.723,-0.444, 0.344,-0.192,0.192,0.000,-0.224, 0.467, 0.912;
5.047,20.447,-45.240,20.447,-45.240, 0.723,-0.442, 0.344,0.000,0.197,0.000,-0.224, 0.472, 0.912;
5.059,20.434,-66.011,20.434,-66.011, 0.721,-0.437, 0.322,-0.197,0.394,-1.983,-0.222, 0.474, 0.935;
5.070,20.590,-44.996,20.590,-44.996, 0.721,-0.435, 0.322,0.000,0.197,0.000,-0.223, 0.479, 0.935;
5.083,19.391,-43.938,19.391,-43.938, 0.721,-0.433, 0.327,0.000,0.170,0.431,-0.224, 0.485, 0.929;
5.095,20.507,-64.946,20.507,-64.946, 0.719,-0.429, 0.288,-0.194,0.389,-3.424,-0.222, 0.488, 0.969;
5.106,20.864,-44.849,20.864,-44.849, 0.719,-0.426, 0.288,0.000,0.199,0.000,-0.223, 0.493, 0.969;
5.118,29.467,-53.284,29.467,-53.284, 0.719,-0.422, 0.271,0.000,0.365,-1.399,-0.224, 0.496, 0.986;
5.129,20.663,-64.865,20.663,-64.865, 0.716,-0.417, 0.266,-0.196,0.392,-0.412,-0.223, 0.498, 0.990;
5.141,20.762,-44.539,20.762,-44.539, 0.716,-0.415, 0.266,0.000,0.195,0.000,-0.224, 0.503, 0.990;
5.163,21.264,-45.077,21.264,-45.077, 0.716,-0.411, 0.254,0.000,0.203,-0.572,-0.227, 0.512, 1.003;
5.168,54.757,-78.210,54.757,-78.210, 0.716,-0.406, 0.236,0.000,0.858,-3.349,-0.228, 0.511, 1.020;
5.177,35.362,-59.093,35.362,-59.093, 0.716,-0.402, 0.236,0.000,0.483,0.000,-0.229, 0.512, 1.020;
5.199,15.875,-49.769,15.875,-49.769, 0.714,-0.397, 0.215,-0.103,0.205,-0.986,-0.230, 0.521, 1.042;
5.211,29.516,-53.148,29.516,-53.148, 0.714,-0.393, 0.215,0.000,0.371,0.000,-0.232, 0.524, 1.042;
5.223,29.304,-52.798,29.304,-52.798, 0.714,-0.388, 0.197,0.000,0.373,-1.454,-0.234, 0.527, 1.059;
5.235,29.385,-53.081,29.385,-53.081, 0.714,-0.384, 0.197,0.000,0.374,0.000,-0.236, 0.529, 1.059;
5.247,28.624,-52.568,28.624,-52.568, 0.714,-0.379, 0.201,0.000,0.358,0.285,-0.238, 0.532, 1.056;
5.260,28.312,-52.450,28.312,-52.450, 0.714,-0.375, 0.201,0.000,0.351,0.000,-0.241, 0.536, 1.056;
5.273,19.498,-61.183,19.498,-61.183, 0.712,-0.371, 0.197,-0.175,0.350,-0.279,-0.241, 0.539, 1.059;
5.285,29.074,-53.058,29.074,-53.058, 0.712,-0.366, 0.180,0.000,0.373,-1.465,-0.244, 0.541, 1.077;
5.297,36.326,-60.223,36.326,-60.223, 0.712,-0.359, 0.162,0.000,0.530,-1.398,-0.247, 0.542, 1.094;
5.300,84.102,-108.095,84.102,-108.095, 0.712,-0.355, 0.162,0.000,1.508,0.000,-0.247, 0.539, 1.094;
5.322,20.573,-44.961,20.573,-44.961, 0.712,-0.350, 0.162,0.000,0.210,0.000,-0.252, 0.547, 1.094;
5.334,28.345,-52.969,28.345,-52.969, 0.712,-0.346, 0.162,0.000,0.370,0.000,-0.255, 0.550, 1.094;
5.345,37.793,-62.282,37.793,-62.282, 0.712,-0.339, 0.144,0.000,0.575,-1.524,-0.258, 0.550, 1.112;
5.358,27.229,-52.026,27.229,-52.026, 0.712,-0.335, 0.144,0.000,0.358,0.000,-0.262, 0.552, 1.112;
5.370,27.198,-69.091,27.198,-69.091, 0.710,-0.328, 0.124,-0.183,0.549,-1.648,-0.263, 0.552, 1.132;
5.382,28.165,-53.278,28.165,-53.278, 0.710,-0.324, 0.142,0.000,0.381,1.497,-0.266, 0.554, 1.115;
5.394,27.817,-53.220,27.817,-53.220, 0.710,-0.319, 0.144,0.000,0.374,0.213,-0.270, 0.557, 1.112;
5.405,36.646,-61.923,36.646,-61.923, 0.710,-0.312, 0.127,0.000,0.570,-1.518,-0.273, 0.556, 1.130;
5.418,25.975,-51.603,25.975,-51.603, 0.710,-0.308, 0.127,0.000,0.348,0.000,-0.277, 0.559, 1.130;
5.431,35.264,-61.188,35.264,-61.188, 0.710,-0.301, 0.127,0.000,0.546,0.000,-0.281, 0.559, 1.130;
5.443,33.776,-59.605,33.776,-59.605, 0.710,-0.295, 0.109,0.000,0.528,-1.415,-0.285, 0.559, 1.148;
5.455,26.082,-52.258,26.082,-52.258, 0.710,-0.290, 0.109,0.000,0.367,0.000,-0.289, 0.561, 1.148;
5.468,33.447,-59.950,33.447,-59.950, 0.710,-0.283, 0.109,0.000,0.528,0.000,-0.294, 0.561, 1.148;
5.480,25.743,-52.567,25.743,-52.567, 0.710,-0.279, 0.109,0.000,0.366,0.000,-0.298, 0.563, 1.148;
5.492,34.429,-61.128,34.429,-61.128, 0.710,-0.272, 0.091,0.000,0.565,-1.520,-0.302, 0.562, 1.166;
5.504,26.123,-53.621,26.123,-53.621, 0.710,-0.268, 0.109,0.000,0.381,1.538,-0.307, 0.564, 1.148;
5.516,32.932,-60.295,32.932,-60.295, 0.710,-0.261, 0.091,0.000,0.540,-1.452,-0.311, 0.563, 1.166;
5.540,20.628,-48.263,20.628,-48.263, 0.710,-0.254, 0.073,0.000,0.286,-0.771,-0.320, 0.568, 1.184;
5.543,42.800,-142.351,42.800,-142.351, 0.708,-0.250, 0.089,-0.768,1.536,5.660,-0.319, 0.565, 1.168;
5.553,27.160,-55.410,27.160,-55.410, 0.708,-0.246, 0.089,0.000,0.426,0.000,-0.324, 0.566, 1.168;
5.565,32.024,-60.169,32.024,-60.169, 0.708,-0.239, 0.071,0.000,0.546,-1.446,-0.328, 0.565, 1.185;
5.576,33.876,-61.900,33.876,-61.900, 0.708,-0.232, 0.054,0.000,0.603,-1.602,-0.333, 0.563, 1.203;
5.588,24.095,-53.001,24.095,-53.001, 0.708,-0.228, 0.071,0.000,0.381,1.520,-0.338, 0.564, 1.185;
5.600,24.069,-53.304,24.069,-53.304, 0.708,-0.223, 0.071,0.000,0.384,0.000,-0.343, 0.565, 1.185;
5.611,31.849,-60.945,31.849,-60.945, 0.708,-0.217, 0.054,0.000,0.571,-1.516,-0.348, 0.564, 1.203;
5.623,23.065,-52.576,23.065,-52.576, 0.708,-0.212, 0.054,0.000,0.379,0.000,-0.353, 0.565, 1.203;
5.636,30.101,-60.006,30.101,-60.006, 0.708,-0.205, 0.054,0.000,0.542,0.000,-0.359, 0.564, 1.203;
5.648,28.790,-58.595,28.790,-58.595, 0.708,-0.199, 0.036,0.000,0.528,-1.355,-0.364, 0.562, 1.220;
5.660,21.831,-52.058,21.831,-52.058, 0.708,-0.194, 0.036,0.000,0.375,0.000,-0.370, 0.563, 1.220;
5.673,28.820,-59.453,28.820,-59.453, 0.708,-0.187, 0.036,0.000,0.540,0.000,-0.376, 0.562, 1.220;
5.685,20.328,-51.362,20.328,-51.362, 0.708,-0.183, 0.036,0.000,0.352,-0.051,-0.382, 0.562, 1.221;
5.698,26.594,-57.507,26.594,-57.507, 0.708,-0.176, 0.018,0.000,0.511,-1.361,-0.388, 0.561, 1.239;
5.710,28.645,-59.991,28.645,-59.991, 0.708,-0.170, 0.018,0.000,0.565,0.000,-0.394, 0.559, 1.239;
5.722,20.552,-52.294,20.552,-52.294, 0.708,-0.165, 0.018,0.000,0.383,0.000,-0.400, 0.559, 1.239;
5.734,27.904,-60.057,27.904,-60.057, 0.708,-0.158, 0.018,0.000,0.559,0.000,-0.405, 0.557, 1.239;
5.746,19.680,-52.246,19.680,-52.246, 0.708,-0.154, 0.018,0.000,0.375,0.000,-0.411, 0.557, 1.239;
5.758,26.010,-59.032,26.010,-59.032, 0.708,-0.147, 0.018,0.000,0.528,0.026,-0.418, 0.555, 1.238;
5.771,26.691,-60.133,26.691,-60.133, 0.708,-0.141, 0.018,0.000,0.551,-0.027,-0.424, 0.553, 1.239;
5.784,17.417,-51.327,17.417,-51.327, 0.708,-0.136, 0.018,0.000,0.343,0.000,-0.431, 0.553, 1.239;
5.795,26.721,-61.061,26.721,-61.061, 0.708,-0.129, 0.018,0.000,0.565,0.000,-0.437, 0.550, 1.239;
5.807,26.680,-60.791,26.680,-60.791, 0.708,-0.123, 0.000,0.000,0.582,-1.551,-0.443, 0.547, 1.257;
5.818,18.409,-53.628,18.409,-53.628, 0.708,-0.118, 0.018,0.000,0.387,1.549,-0.449, 0.547, 1.239;
5.831,23.652,-58.659,23.652,-58.659, 0.708,-0.112, 0.000,0.000,0.525,-1.399,-0.456, 0.544, 1.257;
5.845,22.246,-57.785,22.246,-57.785, 0.708,-0.105, 0.000,0.000,0.500,0.000,-0.464, 0.541, 1.257;
5.856,24.615,-59.897,24.615,-59.897, 0.708,-0.098,-0.018,0.000,0.574,-1.531,-0.470, 0.538, 1.274;
5.868,16.111,-52.565,16.111,-52.565, 0.708,-0.094, 0.000,0.000,0.371,1.486,-0.477, 0.537, 1.257;
5.880,23.881,-60.045,23.881,-60.045, 0.708,-0.087,-0.018,0.000,0.571,-1.523,-0.483, 0.534, 1.274;
5.892,23.889,-60.528,23.889,-60.528, 0.708,-0.080,-0.018,0.000,0.580,0.000,-0.490, 0.530, 1.274;
5.902,25.016,-62.066,25.016,-62.066, 0.708,-0.074,-0.018,0.000,0.616,0.000,-0.496, 0.527, 1.274;
5.913,15.995,-53.449,15.995,-53.449, 0.708,-0.069,-0.018,0.000,0.407,-0.030,-0.502, 0.525, 1.275;
5.924,24.070,-61.945,24.070,-61.945, 0.708,-0.062,-0.018,0.000,0.608,0.000,-0.509, 0.521, 1.275;
5.936,22.894,-60.452,22.894,-60.452, 0.708,-0.056,-0.036,0.000,0.599,-1.566,-0.515, 0.517, 1.292;
5.957,6.600,-45.752,6.600,-45.752, 0.708,-0.051,-0.018,0.000,0.210,0.839,-0.527, 0.518, 1.274;
5.969,21.328,-60.917,21.328,-60.917, 0.708,-0.045,-0.018,0.000,0.571,-0.028,-0.534, 0.514, 1.275;
5.980,21.780,-61.000,21.780,-61.000, 0.708,-0.038,-0.036,0.000,0.600,-1.628,-0.541, 0.509, 1.293;
5.991,13.237,-53.745,13.237,-53.745, 0.708,-0.033,-0.018,0.000,0.394,1.605,-0.548, 0.507, 1.275;
6.003,20.110,-60.226,20.110,-60.226, 0.708,-0.027,-0.036,0.000,0.576,-1.563,-0.555, 0.503, 1.293;
6.014,20.616,-61.214,20.616,-61.214, 0.708,-0.020,-0.036,0.000,0.598,0.000,-0.561, 0.498, 1.293;
6.025,20.610,-61.640,20.610,-61.640, 0.708,-0.013,-0.036,0.000,0.608,0.000,-0.568, 0.494, 1.293;
6.036,12.047,-53.510,12.047,-53.510, 0.708,-0.009,-0.036,0.000,0.407,0.000,-0.575, 0.491, 1.293;
6.047,19.520,-61.426,19.520,-61.426, 0.708,-0.002,-0.036,0.000,0.599,0.000,-0.581, 0.486, 1.293;
6.058,19.134,-60.597,19.134,-60.597, 0.708, 0.004,-0.054,0.000,0.608,-1.647,-0.588, 0.481, 1.311;
6.080,6.433,-48.798,6.433,-48.798, 0.708, 0.011,-0.054,0.000,0.307,0.000,-0.601, 0.477, 1.311;
6.091,10.664,-54.345,10.664,-54.345, 0.708, 0.016,-0.036,0.000,0.415,1.688,-0.608, 0.474, 1.293;
6.102,17.165,-60.355,17.165,-60.355, 0.708, 0.022,-0.054,0.000,0.591,-1.601,-0.615, 0.469, 1.311;
6.114,15.911,-59.611,15.911,-59.611, 0.708, 0.029,-0.054,0.000,0.571,0.000,-0.622, 0.464, 1.311;
6.125,16.384,-59.581,16.384,-59.581, 0.708, 0.036,-0.073,0.000,0.601,-1.625,-0.629, 0.458, 1.329;
6.136,8.391,-53.004,8.391,-53.004, 0.708, 0.040,-0.054,0.000,0.404,1.637,-0.636, 0.455, 1.311;
6.147,15.945,-60.001,15.945,-60.001, 0.708, 0.047,-0.073,0.000,0.609,-1.646,-0.643, 0.449, 1.329;
6.158,15.733,-60.261,15.733,-60.261, 0.708, 0.054,-0.073,0.000,0.614,0.000,-0.650, 0.443, 1.329;
6.169,7.439,-53.362,7.439,-53.362, 0.708, 0.058,-0.054,0.000,0.410,1.661,-0.657, 0.439, 1.311;
6.190,2.999,-48.774,2.999,-48.774, 0.708, 0.065,-0.073,0.000,0.316,-0.854,-0.670, 0.434, 1.329;
6.201,13.124,-59.362,13.124,-59.362, 0.708, 0.071,-0.073,0.000,0.583,0.000,-0.677, 0.428, 1.329;
6.213,12.947,-58.693,12.947,-58.693, 0.708, 0.078,-0.089,0.000,0.596,-1.464,-0.684, 0.421, 1.346;
6.224,5.078,-52.224,5.078,-52.224, 0.708, 0.083,-0.073,0.000,0.400,1.475,-0.691, 0.417, 1.329;
6.235,12.226,-58.835,12.226,-58.835, 0.708, 0.089,-0.089,0.000,0.598,-1.468,-0.698, 0.411, 1.346;
6.246,11.774,-58.761,11.774,-58.761, 0.708, 0.096,-0.091,0.000,0.598,-0.144,-0.705, 0.404, 1.347;
6.257,4.161,-51.570,4.161,-51.570, 0.708, 0.100,-0.091,0.000,0.411,0.000,-0.712, 0.400, 1.347;
6.268,11.199,-59.036,11.199,-59.036, 0.708, 0.107,-0.091,0.000,0.604,0.000,-0.719, 0.393, 1.347;
6.279,3.194,-51.550,3.194,-51.550, 0.708, 0.112,-0.089,0.000,0.406,0.147,-0.726, 0.388, 1.346;
6.290,10.607,-59.286,10.607,-59.286, 0.708, 0.118,-0.091,0.000,0.610,-0.147,-0.733, 0.381, 1.347;
6.311,-1.377,-47.033,-1.377,-47.033, 0.708, 0.125,-0.109,0.000,0.316,-0.849,-0.746, 0.374, 1.365;
6.323,7.875,-56.858,7.875,-56.858, 0.708, 0.132,-0.107,0.000,0.572,0.165,-0.753, 0.366, 1.363;
6.336,-0.962,-49.594,-0.962,-49.594, 0.708, 0.136,-0.089,0.000,0.351,1.389,-0.761, 0.361, 1.346;
6.340,39.555,-88.948,39.555,-88.948, 0.708, 0.143,-0.107,0.000,1.424,-3.762,-0.764, 0.354, 1.363;
6.352,-0.544,-49.531,-0.544,-49.531, 0.708, 0.147,-0.107,0.000,0.380,0.000,-0.772, 0.349, 1.363;
6.364,6.790,-57.294,6.790,-57.294, 0.708, 0.154,-0.107,0.000,0.585,0.000,-0.779, 0.341, 1.363;
6.387,-5.341,-46.042,-5.341,-46.042, 0.708, 0.161,-0.107,0.000,0.284,0.000,-0.793, 0.332, 1.363;
6.391,51.915,-101.913,51.915,-101.913, 0.708, 0.167,-0.124,0.000,1.829,-4.812,-0.796, 0.325, 1.381;
6.402,-2.120,-49.853,-2.120,-49.853, 0.708, 0.172,-0.107,0.000,0.388,1.532,-0.803, 0.319, 1.363;
6.413,12.549,-48.976,12.549,-48.976, 0.710, 0.179,-0.127,0.199,0.598,-1.773,-0.812, 0.311, 1.383;
6.425,-10.298,-57.344,-10.298,-57.344, 0.708, 0.183,-0.107,-0.196,0.391,1.741,-0.817, 0.305, 1.363;
6.437,2.036,-54.076,2.036,-54.076, 0.708, 0.190,-0.124,0.000,0.535,-1.407,-0.824, 0.296, 1.381;
6.459,-7.098,-45.755,-7.098,-45.755, 0.708, 0.196,-0.124,0.000,0.308,0.000,-0.837, 0.286, 1.381;
6.462,32.884,-85.851,32.884,-85.851, 0.708, 0.201,-0.124,0.000,1.392,0.000,-0.839, 0.281, 1.381;
6.473,11.183,-49.336,11.183,-49.336, 0.710, 0.208,-0.127,0.205,0.616,-0.206,-0.848, 0.273, 1.383;
6.495,-16.105,-45.482,-16.105,-45.482, 0.708, 0.212,-0.124,-0.100,0.201,0.101,-0.859, 0.264, 1.381;
6.500,35.533,-89.831,35.533,-89.831, 0.708, 0.219,-0.124,0.000,1.502,0.000,-0.862, 0.257, 1.381;
6.510,3.349,-56.721,3.349,-56.721, 0.708, 0.225,-0.142,0.000,0.648,-1.697,-0.868, 0.248, 1.399;
6.533,-14.023,-41.282,-14.023,-41.282, 0.708, 0.230,-0.127,0.000,0.195,0.668,-0.882, 0.239, 1.383;
6.537,38.467,-92.311,38.467,-92.311, 0.708, 0.237,-0.144,0.000,1.644,-4.383,-0.884, 0.231, 1.401;
6.557,-13.795,-42.331,-13.795,-42.331, 0.708, 0.241,-0.127,0.000,0.226,0.904,-0.896, 0.222, 1.383;
6.569,-2.441,-52.748,-2.441,-52.748, 0.708, 0.248,-0.144,0.000,0.545,-1.453,-0.903, 0.213, 1.401;
6.573,20.583,-75.930,20.583,-75.930, 0.708, 0.252,-0.144,0.000,1.190,0.000,-0.905, 0.207, 1.401;
6.584,-7.788,-49.265,-7.788,-49.265, 0.708, 0.257,-0.127,0.000,0.420,1.679,-0.911, 0.200, 1.383;
6.596,-3.671,-52.399,-3.671,-52.399, 0.708, 0.263,-0.144,0.000,0.542,-1.445,-0.918, 0.190, 1.401;
6.618,-16.446,-40.358,-16.446,-40.358, 0.708, 0.268,-0.144,0.000,0.207,0.000,-0.930, 0.180, 1.401;
6.630,-5.024,-52.180,-5.024,-52.180, 0.708, 0.275,-0.144,0.000,0.537,0.000,-0.937, 0.170, 1.401;
6.642,-11.508,-46.081,-11.508,-46.081, 0.708, 0.279,-0.144,0.000,0.370,0.000,-0.944, 0.162, 1.401;
6.654,-4.789,-51.749,-4.789,-51.749, 0.708, 0.286,-0.162,0.000,0.566,-1.500,-0.951, 0.151, 1.419;
6.666,-12.344,-46.017,-12.344,-46.017, 0.708, 0.290,-0.144,0.000,0.373,1.482,-0.957, 0.143, 1.401;
6.677,-5.061,-52.190,-5.061,-52.190, 0.708, 0.297,-0.162,0.000,0.584,-1.548,-0.963, 0.133, 1.419;
6.689,-12.701,-44.941,-12.701,-44.941, 0.708, 0.301,-0.162,0.000,0.379,0.000,-0.970, 0.124, 1.419;
6.702,-14.298,-55.804,-14.298,-55.804, 0.705, 0.308,-0.162,-0.173,0.520,0.000,-0.974, 0.113, 1.419;
6.715,-14.687,-43.581,-14.687,-43.581, 0.705, 0.312,-0.162,0.000,0.348,0.000,-0.981, 0.105, 1.419;
6.727,-8.255,-50.371,-8.255,-50.371, 0.705, 0.319,-0.162,0.000,0.545,0.000,-0.987, 0.094, 1.419;
6.739,-21.083,-51.206,-21.083,-51.206, 0.703, 0.324,-0.162,-0.191,0.382,0.000,-0.991, 0.085, 1.419;
6.751,-15.286,-43.889,-15.286,-43.889, 0.703, 0.328,-0.162,0.000,0.368,0.000,-0.997, 0.076, 1.419;
6.763,-22.320,-50.133,-22.320,-50.133, 0.701, 0.333,-0.159,-0.181,0.363,0.231,-1.001, 0.067, 1.416;
6.776,-16.262,-43.464,-16.262,-43.464, 0.701, 0.337,-0.162,0.000,0.363,-0.232,-1.008, 0.058, 1.419;
6.787,-22.676,-50.713,-22.676,-50.713, 0.699, 0.341,-0.162,-0.191,0.382,0.000,-1.011, 0.049, 1.419;
6.799,-16.278,-42.454,-16.278,-42.454, 0.699, 0.346,-0.180,0.000,0.373,-1.475,-1.017, 0.040, 1.436;
6.811,-22.975,-48.924,-22.975,-48.924, 0.696, 0.350,-0.180,-0.189,0.377,0.000,-1.020, 0.030, 1.436;
6.824,-23.739,-47.565,-23.739,-47.565, 0.694, 0.355,-0.180,-0.177,0.354,0.000,-1.024, 0.021, 1.436;
6.836,-23.265,-46.786,-23.265,-46.786, 0.692, 0.359,-0.197,-0.183,0.367,-1.441,-1.028, 0.011, 1.454;
6.847,-30.483,-42.181,-30.483,-42.181, 0.690, 0.362,-0.180,-0.192,0.192,1.508,-1.031, 0.004, 1.436;
6.859,-23.822,-47.283,-23.822,-47.283, 0.687, 0.366,-0.194,-0.189,0.378,-1.194,-1.034,-0.006, 1.451;
6.871,-31.111,-42.069,-31.111,-42.069, 0.685, 0.368,-0.180,-0.195,0.195,1.232,-1.037,-0.013, 1.436;
6.882,-24.251,-47.500,-24.251,-47.500, 0.683, 0.373,-0.194,-0.194,0.388,-1.227,-1.040,-0.022, 1.451;
6.894,-30.911,-40.712,-30.911,-40.712, 0.681, 0.375,-0.197,-0.196,0.196,-0.301,-1.043,-0.030, 1.454;
6.905,-31.184,-40.525,-31.184,-40.525, 0.679, 0.377,-0.197,-0.195,0.195,0.000,-1.045,-0.037, 1.454;
6.917,-24.351,-45.526,-24.351,-45.526, 0.676, 0.382,-0.215,-0.194,0.388,-1.514,-1.048,-0.047, 1.471;
6.928,-37.407,-45.496,-37.407,-45.496, 0.672, 0.384,-0.211,-0.386,0.193,0.322,-1.048,-0.055, 1.468;
6.940,-31.337,-39.187,-31.337,-39.187, 0.670, 0.386,-0.211,-0.196,0.196,0.000,-1.051,-0.062, 1.468;
6.951,-31.414,-38.917,-31.414,-38.917, 0.667, 0.388,-0.215,-0.197,0.197,-0.329,-1.053,-0.070, 1.471;
6.973,-31.246,-38.295,-31.246,-38.295, 0.663, 0.393,-0.228,-0.205,0.205,-0.609,-1.057,-0.085, 1.485;
6.976,-31.080,-71.839,-31.080,-71.839, 0.661, 0.395,-0.232,-0.739,0.739,-1.326,-1.056,-0.089, 1.489;
6.988,-37.448,-42.623,-37.448,-42.623, 0.656, 0.397,-0.228,-0.371,0.185,0.332,-1.056,-0.097, 1.485;
7.009,-35.290,-34.668,-35.290,-34.668, 0.652, 0.400,-0.228,-0.210,0.105,0.000,-1.060,-0.110, 1.485;
7.022,-44.539,-36.656,-44.539,-36.656, 0.647, 0.400,-0.211,-0.353,0.000,1.343,-1.060,-0.117, 1.468;
7.025,-32.023,-69.165,-32.023,-69.165, 0.645, 0.402,-0.228,-0.703,0.703,-5.354,-1.059,-0.121, 1.485;
7.036,-38.609,-42.828,-38.609,-42.828, 0.641, 0.404,-0.228,-0.392,0.196,0.000,-1.058,-0.129, 1.485;
7.058,-36.038,-33.568,-36.038,-33.568, 0.636, 0.406,-0.228,-0.204,0.102,0.000,-1.061,-0.143, 1.485;
7.070,-37.724,-39.855,-37.724,-39.855, 0.632, 0.408,-0.245,-0.364,0.182,-1.376,-1.061,-0.151, 1.502;
7.082,-45.004,-35.202,-45.004,-35.202, 0.627, 0.408,-0.228,-0.372,0.000,1.406,-1.060,-0.158, 1.485;
7.094,-44.154,-45.739,-44.154,-45.739, 0.620, 0.411,-0.241,-0.556,0.185,-1.058,-1.057,-0.167, 1.497;
7.106,-38.753,-40.264,-38.753,-40.264, 0.616, 0.413,-0.241,-0.383,0.192,0.000,-1.056,-0.175, 1.497;
7.120,-44.290,-33.134,-44.290,-33.134, 0.612, 0.413,-0.224,-0.325,0.000,1.211,-1.056,-0.183, 1.481;
7.123,-55.371,-90.653,-55.371,-90.653, 0.607, 0.415,-0.245,-1.477,0.739,-6.865,-1.052,-0.187, 1.502;
7.134,-45.911,-47.292,-45.911,-47.292, 0.600, 0.417,-0.241,-0.617,0.206,0.381,-1.048,-0.195, 1.497;
7.156,-39.760,-27.672,-39.760,-27.672, 0.596, 0.417,-0.241,-0.204,0.000,0.000,-1.050,-0.208, 1.497;
7.167,-45.488,-44.939,-45.488,-44.939, 0.589, 0.420,-0.241,-0.575,0.192,0.000,-1.046,-0.217, 1.497;
7.181,-44.060,-31.137,-44.060,-31.137, 0.585, 0.420,-0.241,-0.333,0.000,0.000,-1.045,-0.224, 1.497;
7.192,-46.084,-44.697,-46.084,-44.697, 0.578, 0.422,-0.237,-0.576,0.192,0.344,-1.041,-0.233, 1.493;
7.204,-46.585,-32.464,-46.585,-32.464, 0.574, 0.422,-0.224,-0.366,0.000,1.034,-1.040,-0.240, 1.481;
7.216,-46.322,-44.165,-46.322,-44.165, 0.567, 0.424,-0.237,-0.577,0.192,-1.087,-1.035,-0.249, 1.493;
7.228,-46.087,-43.063,-46.087,-43.063, 0.560, 0.426,-0.237,-0.559,0.186,0.000,-1.031,-0.259, 1.493;
7.240,-45.763,-30.748,-45.763,-30.748, 0.556, 0.426,-0.241,-0.368,0.000,-0.330,-1.029,-0.266, 1.497;
7.252,-46.327,-42.455,-46.327,-42.455, 0.549, 0.429,-0.237,-0.559,0.186,0.334,-1.025,-0.275, 1.493;
7.264,-46.663,-42.555,-46.663,-42.555, 0.542, 0.431,-0.237,-0.570,0.190,0.000,-1.021,-0.285, 1.493;
7.275,-46.903,-30.484,-46.903,-30.484, 0.538, 0.431,-0.237,-0.384,0.000,0.000,-1.018,-0.292, 1.493;
7.287,-46.650,-41.480,-46.650,-41.480, 0.531, 0.433,-0.237,-0.559,0.186,0.000,-1.013,-0.301, 1.493;
7.300,-53.464,-35.586,-53.464,-35.586, 0.525, 0.433,-0.217,-0.533,0.000,1.591,-1.009,-0.309, 1.474;
7.312,-46.982,-40.817,-46.982,-40.817, 0.518, 0.435,-0.233,-0.554,0.185,-1.332,-1.004,-0.318, 1.490;
7.325,-47.558,-28.781,-47.558,-28.781, 0.513, 0.435,-0.217,-0.345,0.000,1.243,-1.001,-0.326, 1.474;
7.337,-48.576,-41.428,-48.576,-41.428, 0.507, 0.437,-0.217,-0.559,0.186,0.000,-0.996,-0.336, 1.474;
7.349,-47.015,-39.147,-47.015,-39.147, 0.500, 0.440,-0.233,-0.539,0.180,-1.297,-0.991,-0.346, 1.490;
7.362,-54.309,-33.982,-54.309,-33.982, 0.493, 0.440,-0.213,-0.535,0.000,1.566,-0.986,-0.353, 1.470;
7.374,-42.889,-34.434,-42.889,-34.434, 0.489, 0.442,-0.217,-0.376,0.188,-0.295,-0.983,-0.363, 1.474;
7.386,-54.642,-33.563,-54.642,-33.563, 0.482, 0.442,-0.217,-0.548,0.000,0.000,-0.977,-0.371, 1.474;
7.398,-48.933,-39.018,-48.933,-39.018, 0.475, 0.444,-0.213,-0.542,0.181,0.284,-0.971,-0.381, 1.470;
7.411,-41.744,-31.432,-41.744,-31.432, 0.471, 0.446,-0.233,-0.355,0.177,-1.559,-0.968,-0.391, 1.490;
7.423,-55.198,-32.649,-55.198,-32.649, 0.464, 0.446,-0.217,-0.556,0.000,1.338,-0.962,-0.398, 1.474;
7.436,-48.851,-37.099,-48.851,-37.099, 0.458, 0.449,-0.213,-0.525,0.175,0.275,-0.956,-0.408, 1.470;
7.447,-49.545,-39.519,-49.545,-39.519, 0.451, 0.451,-0.229,-0.613,0.204,-1.452,-0.950,-0.417, 1.486;
7.459,-49.891,-25.822,-49.891,-25.822, 0.446, 0.451,-0.213,-0.377,0.000,1.341,-0.946,-0.425, 1.470;
7.470,-49.880,-37.567,-49.880,-37.567, 0.440, 0.453,-0.213,-0.562,0.187,0.000,-0.939,-0.435, 1.470;
7.483,-54.837,-29.859,-54.837,-29.859, 0.433, 0.453,-0.213,-0.526,0.000,0.000,-0.933,-0.443, 1.470;
7.495,-49.881,-36.538,-49.881,-36.538, 0.426, 0.455,-0.213,-0.558,0.186,0.000,-0.926,-0.452, 1.470;
7.507,-44.098,-30.581,-44.098,-30.581, 0.422, 0.458,-0.213,-0.382,0.191,0.000,-0.922,-0.462, 1.470;
7.519,-61.370,-34.812,-61.370,-34.812, 0.413, 0.458,-0.210,-0.711,0.000,0.270,-0.913,-0.470, 1.467;
7.532,-43.977,-28.563,-43.977,-28.563, 0.408, 0.460,-0.210,-0.355,0.178,0.000,-0.908,-0.480, 1.467;
7.544,-58.194,-30.027,-58.194,-30.027, 0.402, 0.460,-0.194,-0.568,0.000,1.336,-0.901,-0.487, 1.451;
7.556,-50.473,-34.813,-50.473,-34.813, 0.395, 0.462,-0.210,-0.562,0.187,-1.320,-0.894,-0.497, 1.467;
7.568,-50.209,-33.653,-50.209,-33.653, 0.388, 0.464,-0.210,-0.546,0.182,0.000,-0.887,-0.507, 1.467;
7.581,-50.814,-21.158,-50.814,-21.158, 0.384, 0.464,-0.194,-0.344,0.000,1.212,-0.881,-0.515, 1.451;
7.593,-50.760,-33.757,-50.760,-33.757, 0.377, 0.466,-0.210,-0.567,0.189,-1.332,-0.874,-0.525, 1.467;
7.605,-57.600,-27.000,-57.600,-27.000, 0.371, 0.466,-0.194,-0.544,0.000,1.279,-0.866,-0.532, 1.451;
7.619,-50.504,-30.186,-50.504,-30.186, 0.364, 0.469,-0.191,-0.488,0.163,0.223,-0.858,-0.543, 1.448;
7.631,-50.424,-31.130,-50.424,-31.130, 0.357, 0.471,-0.207,-0.536,0.179,-1.240,-0.850,-0.553, 1.463;
7.643,-58.144,-25.865,-58.144,-25.865, 0.350, 0.471,-0.191,-0.550,0.000,1.274,-0.842,-0.561, 1.448;
7.655,-45.895,-26.189,-45.895,-26.189, 0.346, 0.473,-0.194,-0.384,0.192,-0.263,-0.836,-0.570, 1.451;
7.667,-58.057,-24.882,-58.057,-24.882, 0.339, 0.473,-0.191,-0.546,0.000,0.249,-0.828,-0.578, 1.448;
7.679,-52.289,-31.273,-52.289,-31.273, 0.333, 0.475,-0.191,-0.563,0.188,0.000,-0.820,-0.587, 1.448;
7.691,-59.203,-25.133,-59.203,-25.133, 0.326, 0.475,-0.191,-0.581,0.000,0.000,-0.812,-0.594, 1.448;
7.703,-52.173,-30.177,-52.173,-30.177, 0.319, 0.478,-0.191,-0.559,0.186,0.000,-0.803,-0.604, 1.448;
7.715,-50.616,-27.903,-50.616,-27.903, 0.312, 0.480,-0.203,-0.532,0.177,-0.977,-0.794,-0.614, 1.460;
7.728,-57.094,-21.524,-57.094,-21.524, 0.306, 0.480,-0.191,-0.519,0.000,0.954,-0.785,-0.621, 1.448;
7.740,-52.954,-29.967,-52.954,-29.967, 0.299, 0.482,-0.188,-0.584,0.195,0.259,-0.777,-0.630, 1.445;
7.752,-51.510,-15.058,-51.510,-15.058, 0.295, 0.482,-0.191,-0.354,0.000,-0.235,-0.770,-0.638, 1.448;
7.764,-52.260,-28.000,-52.260,-28.000, 0.288, 0.484,-0.191,-0.564,0.188,0.000,-0.761,-0.647, 1.448;
7.777,-57.366,-19.998,-57.366,-19.998, 0.281, 0.484,-0.191,-0.529,0.000,0.000,-0.751,-0.655, 1.448;
7.789,-52.504,-27.313,-52.504,-27.313, 0.275, 0.487,-0.188,-0.568,0.189,0.251,-0.742,-0.664, 1.445;
7.801,-57.783,-19.353,-57.783,-19.353, 0.268, 0.487,-0.188,-0.536,0.000,0.000,-0.732,-0.671, 1.445;
7.812,-52.907,-27.347,-52.907,-27.347, 0.261, 0.489,-0.188,-0.590,0.197,0.000,-0.723,-0.680, 1.445;
7.824,-58.730,-19.445,-58.730,-19.445, 0.254, 0.489,-0.188,-0.568,0.000,0.000,-0.714,-0.687, 1.445;
7.836,-52.313,-25.416,-52.313,-25.416, 0.248, 0.491,-0.188,-0.569,0.190,0.000,-0.704,-0.696, 1.445;
7.847,-61.152,-19.930,-61.152,-19.930, 0.241, 0.491,-0.170,-0.596,0.000,1.603,-0.694,-0.702, 1.427;
7.859,-53.836,-25.671,-53.836,-25.671, 0.234, 0.493,-0.170,-0.582,0.194,0.000,-0.684,-0.711, 1.427;
7.870,-54.287,-12.431,-54.287,-12.431, 0.230, 0.493,-0.173,-0.408,0.000,-0.242,-0.677,-0.717, 1.429;
7.881,-53.929,-25.442,-53.929,-25.442, 0.223, 0.496,-0.173,-0.599,0.200,0.000,-0.667,-0.726, 1.429;
7.892,-60.088,-17.395,-60.088,-17.395, 0.217, 0.496,-0.173,-0.580,0.000,0.000,-0.657,-0.732, 1.429;
7.914,-47.208,-10.972,-47.208,-10.972, 0.210, 0.498,-0.173,-0.313,0.104,0.000,-0.644,-0.746, 1.429;
7.927,-56.940,-13.059,-56.940,-13.059, 0.203, 0.498,-0.173,-0.492,0.000,0.000,-0.633,-0.754, 1.429;
7.931,-81.400,-78.529,-81.400,-78.529, 0.196, 0.500,-0.170,-1.786,0.595,0.706,-0.625,-0.758, 1.427;
7.942,-60.412,-15.785,-60.412,-15.785, 0.190, 0.500,-0.170,-0.593,0.000,0.000,-0.614,-0.764, 1.427;
7.954,-53.222,-21.659,-53.222,-21.659, 0.183, 0.502,-0.170,-0.583,0.194,0.000,-0.604,-0.772, 1.427;
7.966,-61.059,-14.619,-61.059,-14.619, 0.176, 0.502,-0.155,-0.580,0.000,1.319,-0.593,-0.778, 1.412;
7.988,-46.567,-7.439,-46.567,-7.439, 0.170, 0.504,-0.170,-0.304,0.101,-0.691,-0.579,-0.792, 1.427;
7.991,-109.071,-61.422,-109.071,-61.422, 0.163, 0.504,-0.155,-1.931,0.000,4.389,-0.571,-0.794, 1.412;
8.002,-53.406,-20.897,-53.406,-20.897, 0.156, 0.507,-0.170,-0.611,0.204,-1.389,-0.560,-0.802, 1.427;
8.024,-50.603,-2.216,-50.603,-2.216, 0.150, 0.507,-0.155,-0.299,0.000,0.680,-0.545,-0.813, 1.412;
8.028,-80.100,-73.706,-80.100,-73.706, 0.143, 0.509,-0.168,-1.765,0.588,-3.333,-0.537,-0.817, 1.424;
8.039,-61.576,-12.457,-61.576,-12.457, 0.136, 0.509,-0.153,-0.610,0.000,1.366,-0.526,-0.822, 1.409;
8.061,-47.016,-4.526,-47.016,-4.526, 0.129, 0.511,-0.153,-0.308,0.103,0.000,-0.510,-0.835, 1.409;
8.072,-60.149,-10.019,-60.149,-10.019, 0.123, 0.511,-0.153,-0.578,0.000,0.000,-0.499,-0.841, 1.409;
8.084,-44.942,-8.512,-44.942,-8.512, 0.118, 0.513,-0.170,-0.371,0.185,-1.459,-0.489,-0.848, 1.427;
8.096,-59.351,-8.586,-59.351,-8.586, 0.112, 0.513,-0.155,-0.568,0.000,1.290,-0.478,-0.854, 1.412;
8.108,-58.660,-20.366,-58.660,-20.366, 0.103, 0.516,-0.153,-0.732,0.183,0.192,-0.464,-0.862, 1.409;
8.120,-52.999,-1.532,-52.999,-1.532, 0.098, 0.516,-0.155,-0.399,0.000,-0.210,-0.454,-0.867, 1.412;
8.133,-50.525,-10.442,-50.525,-10.442, 0.092, 0.518,-0.155,-0.500,0.167,0.000,-0.441,-0.875, 1.412;
8.146,-57.223,-4.792,-57.223,-4.792, 0.085, 0.518,-0.153,-0.522,0.000,0.183,-0.429,-0.881, 1.409;
8.158,-57.646,-17.382,-57.646,-17.382, 0.076, 0.520,-0.150,-0.713,0.178,0.182,-0.414,-0.888, 1.407;
8.171,-51.177,1.983,-51.177,1.983, 0.071, 0.520,-0.153,-0.363,0.000,-0.185,-0.404,-0.893, 1.409;
8.183,-58.022,-3.443,-58.022,-3.443, 0.065, 0.520,-0.138,-0.528,0.000,1.189,-0.391,-0.899, 1.394;
8.195,-51.122,-10.599,-51.122,-10.599, 0.058, 0.522,-0.153,-0.560,0.187,-1.259,-0.379,-0.906, 1.409;
8.208,-58.301,-3.015,-58.301,-3.015, 0.051, 0.522,-0.138,-0.547,0.000,1.231,-0.366,-0.911, 1.394;
8.220,-50.265,-8.602,-50.265,-8.602, 0.045, 0.525,-0.153,-0.541,0.180,-1.217,-0.354,-0.918, 1.409;
8.223,-134.635,-78.151,-134.635,-78.151, 0.036, 0.525,-0.136,-2.638,0.000,5.059,-0.343,-0.919, 1.392;
8.235,-43.768,-2.291,-43.768,-2.291, 0.031, 0.527,-0.153,-0.379,0.190,-1.454,-0.333,-0.926, 1.409;
8.256,-48.879,7.746,-48.879,7.746, 0.025, 0.527,-0.138,-0.313,0.000,0.703,-0.315,-0.934, 1.394;
8.269,-56.672,0.205,-56.672,0.205, 0.018, 0.527,-0.138,-0.534,0.000,0.000,-0.302,-0.938, 1.394;
8.273,-80.683,-67.213,-80.683,-67.213, 0.011, 0.529,-0.138,-1.796,0.599,0.000,-0.293,-0.942, 1.394;
8.284,-58.468,-0.984,-58.468,-0.984, 0.004, 0.529,-0.136,-0.591,0.000,0.182,-0.281,-0.946, 1.392;
8.295,-59.193,-0.326,-59.193,-0.326,-0.002, 0.529,-0.121,-0.586,0.000,1.305,-0.268,-0.950, 1.377;
8.318,-43.624,7.368,-43.624,7.368,-0.009, 0.531,-0.136,-0.299,0.100,-0.665,-0.249,-0.959, 1.392;
8.321,-107.904,-48.065,-107.904,-48.065,-0.016, 0.531,-0.121,-1.904,0.000,4.238,-0.241,-0.960, 1.377;
8.333,-50.925,8.777,-50.925,8.777,-0.020, 0.531,-0.121,-0.385,0.000,0.000,-0.230,-0.964, 1.377;
8.344,-58.287,1.623,-58.287,1.623,-0.027, 0.531,-0.121,-0.590,0.000,0.000,-0.217,-0.968, 1.377;
8.366,-47.425,12.868,-47.425,12.868,-0.033, 0.531,-0.121,-0.309,0.000,0.000,-0.199,-0.974, 1.377;
8.378,-50.402,11.265,-50.402,11.265,-0.038, 0.531,-0.106,-0.370,0.000,1.238,-0.187,-0.978, 1.362;
8.390,-57.999,3.842,-57.999,3.842,-0.045, 0.531,-0.106,-0.578,0.000,0.000,-0.174,-0.981, 1.362;
8.401,-57.852,4.176,-57.852,4.176,-0.051, 0.531,-0.106,-0.583,0.000,0.000,-0.161,-0.984, 1.362;
8.414,-48.732,13.498,-48.732,13.498,-0.056, 0.531,-0.106,-0.350,0.000,0.000,-0.149,-0.987, 1.362;
8.426,-56.593,5.818,-56.593,5.818,-0.062, 0.531,-0.106,-0.566,0.000,0.000,-0.136,-0.990, 1.362;
8.438,-49.132,13.453,-49.132,13.453,-0.067, 0.531,-0.106,-0.376,0.000,0.000,-0.124,-0.993, 1.362;
8.450,-55.559,7.323,-55.559,7.323,-0.074, 0.531,-0.104,-0.552,0.000,0.129,-0.111,-0.996, 1.361;
8.462,-47.942,14.983,-47.942,14.983,-0.078, 0.531,-0.106,-0.361,0.000,-0.127,-0.099,-0.999, 1.362;
8.474,-63.154,15.410,-63.154,15.410,-0.085, 0.529,-0.089,-0.555,-0.185,1.356,-0.085,-0.999, 1.346;
8.486,-48.649,15.602,-48.649,15.602,-0.089, 0.529,-0.091,-0.375,0.000,-0.113,-0.074,-1.002, 1.347;
8.498,-55.021,9.489,-55.021,9.489,-0.096, 0.529,-0.089,-0.547,0.000,0.110,-0.060,-1.004, 1.346;
8.512,-46.238,18.429,-46.238,18.429,-0.100, 0.529,-0.089,-0.329,0.000,0.000,-0.047,-1.007, 1.346;
8.524,-54.066,24.477,-54.066,24.477,-0.105, 0.527,-0.091,-0.362,-0.181,-0.109,-0.035,-1.007, 1.347;
8.536,-55.220,9.559,-55.220,9.559,-0.112, 0.527,-0.089,-0.580,0.000,0.117,-0.021,-1.009, 1.346;
8.548,-55.446,25.464,-55.446,25.464,-0.116, 0.525,-0.074,-0.381,-0.190,1.265,-0.010,-1.008, 1.331;
8.559,-46.539,18.296,-46.539,18.296,-0.121, 0.525,-0.089,-0.375,0.000,-1.244, 0.002,-1.010, 1.346;
8.572,-53.668,26.554,-53.668,26.554,-0.125, 0.522,-0.076,-0.364,-0.182,1.118, 0.014,-1.010, 1.332;
8.585,-51.861,14.210,-51.861,14.210,-0.132, 0.522,-0.074,-0.510,0.000,0.086, 0.029,-1.012, 1.331;
8.597,-52.297,27.674,-52.297,27.674,-0.136, 0.520,-0.074,-0.354,-0.177,0.000, 0.041,-1.011, 1.331;
8.610,-44.675,21.433,-44.675,21.433,-0.141, 0.520,-0.074,-0.347,0.000,0.000, 0.053,-1.012, 1.331;
8.623,-52.112,28.276,-52.112,28.276,-0.145, 0.518,-0.074,-0.364,-0.182,0.000, 0.065,-1.011, 1.331;
8.635,-52.305,29.225,-52.305,29.225,-0.150, 0.516,-0.060,-0.360,-0.180,1.198, 0.078,-1.010, 1.316;
8.647,-44.872,21.128,-44.872,21.128,-0.154, 0.516,-0.074,-0.383,0.000,-1.274, 0.089,-1.011, 1.331;
8.659,-52.121,29.785,-52.121,29.785,-0.158, 0.513,-0.060,-0.370,-0.185,1.232, 0.101,-1.010, 1.316;
8.671,-50.411,30.542,-50.411,30.542,-0.163, 0.511,-0.060,-0.349,-0.175,0.000, 0.114,-1.009, 1.316;
8.684,-51.080,31.327,-51.080,31.327,-0.167, 0.509,-0.045,-0.354,-0.177,1.180, 0.126,-1.007, 1.301;
8.697,-50.792,31.600,-50.792,31.600,-0.172, 0.507,-0.045,-0.357,-0.179,0.000, 0.138,-1.006, 1.301;
8.709,-42.687,24.056,-42.687,24.056,-0.176, 0.507,-0.060,-0.364,0.000,-1.214, 0.150,-1.006, 1.316;
8.721,-50.305,32.251,-50.305,32.251,-0.181, 0.504,-0.045,-0.363,-0.182,1.211, 0.163,-1.004, 1.301;
8.733,-50.252,32.423,-50.252,32.423,-0.185, 0.502,-0.045,-0.370,-0.185,0.000, 0.175,-1.002, 1.301;
8.745,-50.044,32.659,-50.044,32.659,-0.190, 0.500,-0.045,-0.374,-0.187,0.000, 0.187,-1.000, 1.301;
8.757,-49.624,32.960,-49.624,32.960,-0.194, 0.498,-0.045,-0.375,-0.188,0.000, 0.199,-0.998, 1.301;
8.769,-48.450,33.511,-48.450,33.511,-0.199, 0.496,-0.045,-0.364,-0.182,0.000, 0.211,-0.995, 1.301;
8.782,-48.694,34.434,-48.694,34.434,-0.203, 0.493,-0.029,-0.363,-0.182,1.248, 0.223,-0.993, 1.286;
8.793,-41.084,41.459,-41.084,41.459,-0.205, 0.491,-0.045,-0.194,-0.194,-1.332, 0.232,-0.990, 1.301;
8.806,-46.687,34.491,-46.687,34.491,-0.210, 0.489,-0.045,-0.358,-0.179,0.000, 0.245,-0.988, 1.301;
8.818,-46.564,34.672,-46.564,34.672,-0.214, 0.487,-0.045,-0.364,-0.182,0.000, 0.257,-0.985, 1.301;
8.830,-45.376,35.244,-45.376,35.244,-0.219, 0.484,-0.044,-0.353,-0.176,0.052, 0.269,-0.982, 1.301;
8.842,-46.772,50.955,-46.772,50.955,-0.221, 0.480,-0.030,-0.186,-0.372,1.189, 0.279,-0.977, 1.286;
8.855,-45.538,36.064,-45.538,36.064,-0.225, 0.478,-0.030,-0.361,-0.180,0.000, 0.291,-0.973, 1.286;
8.868,-43.490,36.900,-43.490,36.900,-0.230, 0.475,-0.029,-0.336,-0.168,0.033, 0.304,-0.970, 1.286;
8.872,-67.742,43.913,-67.742,43.913,-0.232, 0.473,-0.030,-0.549,-0.549,-0.108, 0.309,-0.967, 1.286;
8.884,-53.185,44.838,-53.185,44.838,-0.237, 0.469,-0.015,-0.370,-0.370,1.237, 0.320,-0.962, 1.272;
8.895,-46.812,36.678,-46.812,36.678,-0.241, 0.466,-0.015,-0.400,-0.200,0.020, 0.332,-0.958, 1.271;
8.907,-37.560,45.275,-37.560,45.275,-0.243, 0.464,-0.015,-0.196,-0.196,-0.019, 0.341,-0.955, 1.272;
8.929,-32.476,40.867,-32.476,40.867,-0.248, 0.462,-0.029,-0.201,-0.100,-0.651, 0.359,-0.949, 1.286;
8.941,-49.926,45.940,-49.926,45.940,-0.252, 0.458,-0.015,-0.360,-0.360,1.184, 0.371,-0.943, 1.271;
8.945,-76.584,45.968,-76.584,45.968,-0.254, 0.455,-0.015,-0.679,-0.679,0.000, 0.376,-0.940, 1.271;
8.956,-52.182,46.861,-52.182,46.861,-0.259, 0.451, 0.000,-0.388,-0.388,1.276, 0.387,-0.934, 1.257;
8.978,-27.107,47.158,-27.107,47.158,-0.261, 0.449, 0.000,-0.102,-0.102,0.000, 0.402,-0.928, 1.257;
8.991,-48.077,47.336,-48.077,47.336,-0.266, 0.444, 0.000,-0.356,-0.356,0.000, 0.414,-0.922, 1.257;
8.996,-54.095,47.408,-54.095,47.408,-0.268, 0.442, 0.000,-0.430,-0.430,0.000, 0.420,-0.918, 1.257;
9.005,-38.563,47.529,-38.563,47.529,-0.270, 0.440, 0.000,-0.253,-0.253,0.000, 0.427,-0.914, 1.257;
9.027,-32.823,47.828,-32.823,47.828,-0.275, 0.435, 0.000,-0.196,-0.196,0.000, 0.445,-0.905, 1.257;
9.033,-48.825,47.900,-48.825,47.900,-0.277, 0.433, 0.000,-0.388,-0.388,0.000, 0.451,-0.902, 1.257;
9.044,-41.715,57.457,-41.715,57.457,-0.279, 0.429, 0.015,-0.202,-0.405,1.354, 0.460,-0.895, 1.242;
9.055,-49.386,48.790,-49.386,48.790,-0.283, 0.424, 0.015,-0.400,-0.400,-0.020, 0.471,-0.888, 1.242;
9.067,-30.564,48.929,-30.564,48.929,-0.286, 0.422, 0.015,-0.188,-0.188,0.000, 0.480,-0.883, 1.242;
9.078,-39.722,57.649,-39.722,57.649,-0.288, 0.417, 0.015,-0.200,-0.401,0.000, 0.488,-0.875, 1.242;
9.101,-25.735,44.985,-25.735,44.985,-0.292, 0.415, 0.015,-0.199,-0.100,0.000, 0.506,-0.867, 1.242;
9.104,-100.427,78.570,-100.427,78.570,-0.295, 0.411, 0.015,-0.677,-1.354,0.000, 0.510,-0.862, 1.242;
9.115,-37.791,58.580,-37.791,58.580,-0.297, 0.406, 0.029,-0.195,-0.391,1.287, 0.518,-0.854, 1.227;
9.127,-27.294,49.382,-27.294,49.382,-0.299, 0.404, 0.015,-0.184,-0.184,-1.212, 0.527,-0.849, 1.242;
9.149,-24.151,54.722,-24.151,54.722,-0.301, 0.400, 0.029,-0.103,-0.205,0.676, 0.542,-0.838, 1.227;
9.154,-87.471,50.249,-87.471,50.249,-0.306, 0.395, 0.029,-0.880,-0.880,0.000, 0.549,-0.832, 1.227;
9.164,-39.496,60.217,-39.496,60.217,-0.308, 0.391, 0.029,-0.227,-0.454,0.000, 0.557,-0.824, 1.227;
9.186,-17.890,50.412,-17.890,50.412,-0.310, 0.388, 0.029,-0.104,-0.104,0.000, 0.570,-0.815, 1.227;
9.198,-32.548,58.545,-32.548,58.545,-0.312, 0.384, 0.029,-0.185,-0.370,0.000, 0.579,-0.807, 1.227;
9.209,-33.913,59.870,-33.913,59.870,-0.315, 0.379, 0.044,-0.197,-0.393,1.294, 0.587,-0.799, 1.213;
9.222,-29.880,58.718,-29.880,58.718,-0.317, 0.375, 0.044,-0.171,-0.343,0.000, 0.596,-0.790, 1.213;
9.235,-29.749,58.879,-29.749,58.879,-0.319, 0.371, 0.044,-0.175,-0.350,0.000, 0.605,-0.781, 1.213;
9.246,-23.280,51.140,-23.280,51.140,-0.321, 0.368, 0.044,-0.196,-0.196,0.000, 0.613,-0.774, 1.213;
9.258,-30.173,59.436,-30.173,59.436,-0.324, 0.364, 0.044,-0.187,-0.374,0.000, 0.622,-0.765, 1.213;
9.270,-29.596,60.102,-29.596,60.102,-0.326, 0.359, 0.059,-0.185,-0.369,1.212, 0.630,-0.756, 1.198;
9.282,-29.690,60.284,-29.690,60.284,-0.328, 0.355, 0.059,-0.190,-0.380,0.000, 0.638,-0.747, 1.198;
9.294,-28.215,59.962,-28.215,59.962,-0.330, 0.350, 0.059,-0.184,-0.367,0.000, 0.646,-0.738, 1.198;
9.306,-27.242,59.805,-27.242,59.805,-0.333, 0.346, 0.059,-0.181,-0.363,0.000, 0.654,-0.729, 1.198;
9.318,-27.905,60.179,-27.905,60.179,-0.335, 0.341, 0.059,-0.191,-0.382,0.000, 0.662,-0.719, 1.198;
9.330,-27.164,60.040,-27.164,60.040,-0.337, 0.337, 0.058,-0.190,-0.380,-0.072, 0.670,-0.710, 1.199;
9.341,-18.588,69.721,-18.588,69.721,-0.337, 0.333, 0.073,0.000,-0.387,1.344, 0.675,-0.701, 1.183;
9.354,-25.264,60.275,-25.264,60.275,-0.339, 0.328, 0.073,-0.182,-0.365,0.000, 0.683,-0.691, 1.183;
9.361,-39.107,64.978,-39.107,64.978,-0.341, 0.324, 0.073,-0.287,-0.574,0.000, 0.689,-0.683, 1.183;
9.372,-26.857,60.968,-26.857,60.968,-0.344, 0.319, 0.072,-0.203,-0.405,-0.096, 0.696,-0.674, 1.184;
9.384,-16.388,69.413,-16.388,69.413,-0.344, 0.315, 0.073,0.000,-0.390,0.093, 0.701,-0.664, 1.183;
9.406,-11.627,56.162,-11.627,56.162,-0.346, 0.310, 0.073,-0.102,-0.205,0.000, 0.713,-0.650, 1.183;
9.419,-26.963,66.314,-26.963,66.314,-0.348, 0.304, 0.072,-0.165,-0.495,-0.078, 0.721,-0.637, 1.184;
9.424,-44.327,99.821,-44.327,99.821,-0.348, 0.299, 0.088,0.000,-1.037,3.639, 0.723,-0.630, 1.169;
9.435,-23.255,60.096,-23.255,60.096,-0.350, 0.295, 0.073,-0.200,-0.399,-1.307, 0.729,-0.621, 1.183;
9.446,-21.919,59.718,-21.919,59.718,-0.353, 0.290, 0.072,-0.195,-0.389,-0.092, 0.736,-0.611, 1.184;
9.457,-22.435,79.133,-22.435,79.133,-0.353, 0.283, 0.088,0.000,-0.603,1.411, 0.741,-0.599, 1.169;
9.479,-7.724,55.752,-7.724,55.752,-0.355, 0.279, 0.088,-0.102,-0.204,0.000, 0.752,-0.583, 1.169;
9.492,-17.537,59.043,-17.537,59.043,-0.357, 0.275, 0.087,-0.178,-0.355,-0.101, 0.759,-0.573, 1.170;
9.503,-10.222,68.523,-10.222,68.523,-0.357, 0.270, 0.088,0.000,-0.386,0.110, 0.763,-0.562, 1.169;
9.516,-24.799,67.630,-24.799,67.630,-0.359, 0.263, 0.101,-0.178,-0.534,1.044, 0.770,-0.549, 1.156;
9.528,-8.607,67.702,-8.607,67.702,-0.359, 0.259, 0.088,0.000,-0.379,-1.113, 0.774,-0.539, 1.169;
9.539,-8.412,67.825,-8.412,67.825,-0.359, 0.254, 0.088,0.000,-0.387,0.000, 0.778,-0.528, 1.169;
9.551,-24.126,67.457,-24.126,67.457,-0.362, 0.248, 0.101,-0.184,-0.553,1.082, 0.784,-0.515, 1.156;
9.563,-6.154,67.076,-6.154,67.076,-0.362, 0.243, 0.103,0.000,-0.365,0.121, 0.788,-0.504, 1.154;
9.577,-19.942,65.455,-19.942,65.455,-0.364, 0.237, 0.101,-0.169,-0.508,-0.112, 0.795,-0.490, 1.156;
9.581,-38.598,100.133,-38.598,100.133,-0.364, 0.232, 0.103,0.000,-1.081,0.358, 0.796,-0.484, 1.154;
9.592,-15.894,78.433,-15.894,78.433,-0.364, 0.225, 0.117,0.000,-0.606,1.316, 0.799,-0.471, 1.140;
9.614,-0.636,53.497,-0.636,53.497,-0.366, 0.221, 0.101,-0.102,-0.203,-0.728, 0.808,-0.454, 1.156;
9.625,-13.111,76.580,-13.111,76.580,-0.366, 0.214, 0.117,0.000,-0.582,1.391, 0.812,-0.441, 1.140;
9.637,-2.424,66.105,-2.424,66.105,-0.366, 0.210, 0.117,0.000,-0.368,0.000, 0.815,-0.430, 1.140;
9.650,-8.959,55.956,-8.959,55.956,-0.368, 0.205, 0.101,-0.174,-0.348,-1.248, 0.821,-0.418, 1.156;
9.663,-9.033,73.355,-9.033,73.355,-0.368, 0.199, 0.115,0.000,-0.536,1.147, 0.824,-0.404, 1.141;
9.675,-9.611,74.125,-9.611,74.125,-0.368, 0.192, 0.115,0.000,-0.562,0.000, 0.827,-0.391, 1.141;
9.687,-0.414,65.234,-0.414,65.234,-0.368, 0.187, 0.117,0.000,-0.379,0.143, 0.830,-0.379, 1.140;
9.699,-7.882,72.916,-7.882,72.916,-0.368, 0.181, 0.117,0.000,-0.550,0.000, 0.833,-0.366, 1.140;
