0.000,0.000,0.000,0.000,0.000, 0.000, 0.000, 0.000,0.000,0.000,0.000, 0.000, 0.000, 0.000;
0.000,-0.146,4.893,5.624,-0.876,-0.057, 0.186, 1.629,0.000,0.000,0.000, 0.557,-0.186,-1.000;
0.000,-0.146,4.893,5.624,-0.876,-0.057, 0.186, 1.629,0.000,0.000,0.000, 0.557,-0.186,-1.000;
0.000,-0.146,4.893,5.624,-0.876,-0.057, 0.186, 1.629,0.000,0.000,0.000, 0.557,-0.186,-1.000;
0.000,-0.146,4.893,5.624,-0.876,-0.057, 0.186, 1.629,0.000,0.000,0.000, 0.557,-0.186,-1.000;
0.000,-0.146,4.893,5.624,-0.876,-0.057, 0.186, 1.629,0.000,0.000,0.000, 0.557,-0.186,-1.000;
0.000,-0.146,4.893,5.624,-0.876,-0.057, 0.186, 1.629,0.000,0.000,0.000, 0.557,-0.186,-1.000;
0.000,-0.146,4.893,5.624,-0.876,-0.057, 0.186, 1.629,0.000,0.000,0.000, 0.557,-0.186,-1.000;
0.000,-0.146,4.893,5.624,-0.876,-0.057, 0.186, 1.629,0.000,0.000,0.000, 0.557,-0.186,-1.000;
0.000,-0.146,4.893,5.624,-0.876,-0.057, 0.186, 1.629,0.000,0.000,0.000, 0.557,-0.186,-1.000;
0.000,-0.146,4.893,5.624,-0.876,-0.057, 0.186, 1.629,0.000,0.000,0.000, 0.557,-0.186,-1.000;
0.000,-0.146,4.893,5.624,-0.876,-0.057, 0.186, 1.629,0.000,0.000,0.000, 0.557,-0.186,-1.000;
0.000,-0.146,4.893,5.624,-0.876,-0.057, 0.186, 1.629,0.000,0.000,0.000, 0.557,-0.186,-1.000;
0.000,-0.146,4.893,5.624,-0.876,-0.057, 0.186, 1.629,0.000,0.000,0.000, 0.557,-0.186,-1.000;
0.000,-0.146,4.893,5.624,-0.876,-0.057, 0.186, 1.629,0.000,0.000,0.000, 0.557,-0.186,-1.000;
0.000,-0.146,4.893,5.624,-0.876,-0.057, 0.186, 1.629,0.000,0.000,0.000, 0.557,-0.186,-1.000;
0.000,-0.146,4.893,5.624,-0.876,-0.057, 0.186, 1.629,0.000,0.000,0.000, 0.557,-0.186,-1.000;
0.000,5.735,-0.988,11.505,-6.757,-0.057, 0.188, 1.629,0.000,0.147,0.000, 0.557,-0.188,-1.000;
0.000,-0.168,4.915,5.602,-0.854,-0.057, 0.188, 1.629,0.000,0.000,0.000, 0.557,-0.188,-1.000;
0.000,-6.165,-1.186,-0.479,-6.872,-0.059, 0.188, 1.614,-0.150,0.000,-1.244, 0.559,-0.188,-0.986;
0.000,-0.060,4.928,5.626,-0.757,-0.059, 0.188, 1.614,0.000,0.000,0.000, 0.559,-0.188,-0.986;
0.000,6.194,-1.325,11.879,-7.011,-0.059, 0.190, 1.614,0.000,0.154,0.000, 0.559,-0.190,-0.986;
0.000,-0.082,4.951,5.604,-0.735,-0.059, 0.190, 1.614,0.000,0.000,0.000, 0.559,-0.190,-0.986;
0.000,6.282,-1.413,11.968,-7.099,-0.059, 0.191, 1.614,0.000,0.157,0.000, 0.559,-0.191,-0.986;
0.000,-6.098,-1.225,-0.580,-6.744,-0.061, 0.191, 1.585,-0.147,0.000,-2.450, 0.561,-0.191,-0.957;
0.000,6.818,-1.751,12.337,-7.270,-0.061, 0.193, 1.585,0.000,0.161,0.000, 0.561,-0.193,-0.957;
0.000,-6.574,-1.739,-1.139,-7.174,-0.063, 0.193, 1.571,-0.158,0.000,-1.317, 0.563,-0.193,-0.942;
0.000,6.873,-1.685,12.308,-7.120,-0.063, 0.195, 1.571,0.000,0.158,0.000, 0.563,-0.195,-0.942;
0.000,0.234,-2.091,5.586,-7.442,-0.064, 0.197, 1.556,-0.083,0.083,-0.689, 0.564,-0.197,-0.928;
0.000,-6.524,-1.777,-1.256,-7.045,-0.066, 0.197, 1.542,-0.156,0.000,-1.302, 0.566,-0.197,-0.914;
0.000,0.337,-8.593,5.606,-13.861,-0.068, 0.198, 1.542,-0.156,0.156,0.000, 0.568,-0.198,-0.914;
0.000,-6.462,-1.757,-1.278,-6.942,-0.070, 0.198, 1.527,-0.155,0.000,-1.291, 0.570,-0.198,-0.899;
0.000,0.537,-9.043,5.638,-14.144,-0.071, 0.200, 1.513,-0.158,0.158,-1.312, 0.571,-0.200,-0.885;
0.000,-6.522,-1.846,-1.421,-6.947,-0.073, 0.200, 1.513,-0.157,0.000,0.000, 0.573,-0.200,-0.885;
0.000,0.643,-9.320,5.661,-14.338,-0.075, 0.202, 1.498,-0.160,0.160,-1.324, 0.575,-0.202,-0.870;
0.000,-6.632,-2.094,-1.697,-7.029,-0.077, 0.202, 1.484,-0.160,0.000,-1.320, 0.577,-0.202,-0.856;
0.000,-3.013,1.446,1.839,-3.406,-0.078, 0.202, 1.470,-0.082,0.000,-0.680, 0.578,-0.202,-0.841;
0.000,8.293,-2.054,13.053,-6.814,-0.078, 0.204, 1.454,0.000,0.156,-1.433, 0.578,-0.204,-0.825;
0.000,-6.452,-2.134,-1.775,-6.810,-0.080, 0.204, 1.439,-0.156,0.000,-1.296, 0.580,-0.204,-0.811;
0.000,-6.425,-2.194,-1.831,-6.787,-0.082, 0.204, 1.425,-0.156,0.000,-1.291, 0.582,-0.204,-0.796;
0.000,-6.279,-2.134,-1.768,-6.645,-0.084, 0.204, 1.410,-0.153,0.000,-1.265, 0.584,-0.204,-0.782;
0.000,-6.397,12.991,-1.887,8.481,-0.084, 0.202, 1.410,0.000,-0.156,0.000, 0.584,-0.202,-0.782;
0.000,-6.410,-2.504,-2.064,-6.850,-0.085, 0.202, 1.382,-0.157,0.000,-2.575, 0.585,-0.202,-0.754;
0.000,-6.431,-2.620,-2.184,-6.867,-0.087, 0.202, 1.365,-0.158,0.000,-1.552, 0.587,-0.202,-0.736;
0.000,-6.351,13.255,-2.087,8.991,-0.087, 0.200, 1.368,0.000,-0.157,0.266, 0.587,-0.200,-0.739;
0.000,-6.086,-2.513,-2.002,-6.597,-0.089, 0.200, 1.336,-0.153,0.000,-2.750, 0.589,-0.200,-0.708;
0.000,-6.312,5.332,-2.310,1.330,-0.091, 0.198, 1.322,-0.079,-0.079,-0.638, 0.591,-0.198,-0.694;
0.000,-6.161,13.375,-2.159,9.373,-0.091, 0.197, 1.322,0.000,-0.156,0.000, 0.591,-0.197,-0.694;
0.000,-5.877,-2.698,-2.058,-6.517,-0.092, 0.197, 1.290,-0.151,0.000,-2.764, 0.592,-0.197,-0.662;
0.000,-5.661,13.066,-1.843,9.247,-0.092, 0.195, 1.290,0.000,-0.147,0.000, 0.592,-0.195,-0.662;
0.000,-5.537,12.942,-1.718,9.123,-0.092, 0.193, 1.290,0.000,-0.146,0.000, 0.592,-0.193,-0.662;
0.000,-12.694,5.197,-9.035,1.538,-0.094, 0.191, 1.263,-0.140,-0.140,-2.238, 0.594,-0.191,-0.634;
0.000,-5.403,12.977,-1.744,9.318,-0.094, 0.190, 1.263,0.000,-0.145,0.000, 0.594,-0.190,-0.634;
0.000,-12.613,20.187,-8.954,16.528,-0.094, 0.186, 1.263,0.000,-0.281,0.000, 0.594,-0.186,-0.634;
0.000,-13.259,5.074,-9.757,1.572,-0.096, 0.185, 1.235,-0.146,-0.146,-2.292, 0.596,-0.185,-0.607;
0.000,-5.401,13.153,-1.927,9.679,-0.096, 0.183, 1.231,0.000,-0.149,-0.407, 0.596,-0.183,-0.602;
0.000,-13.058,20.804,-9.557,17.302,-0.096, 0.179, 1.235,0.000,-0.291,0.398, 0.596,-0.179,-0.607;
0.000,-13.522,4.966,-10.127,1.571,-0.097, 0.178, 1.217,-0.150,-0.150,-1.580, 0.597,-0.178,-0.589;
0.000,-13.613,21.504,-10.295,18.186,-0.097, 0.174, 1.204,0.000,-0.301,-1.165, 0.597,-0.174,-0.575;
0.000,-14.583,4.870,-11.342,1.629,-0.099, 0.172, 1.190,-0.160,-0.160,-1.223, 0.599,-0.172,-0.562;
0.000,-5.619,13.653,-2.409,10.443,-0.099, 0.171, 1.185,0.000,-0.158,-0.489, 0.599,-0.171,-0.557;
0.000,-14.201,22.239,-10.991,19.030,-0.099, 0.167, 1.185,0.000,-0.314,0.000, 0.599,-0.167,-0.557;
0.000,-14.354,22.385,-11.113,19.144,-0.099, 0.164, 1.190,0.000,-0.318,0.491, 0.599,-0.164,-0.562;
0.000,-1.227,9.265,1.982,6.055,-0.099, 0.162, 1.185,0.000,-0.082,-0.254, 0.599,-0.162,-0.557;
0.000,-13.908,21.947,-10.698,18.737,-0.099, 0.158, 1.185,0.000,-0.311,0.000, 0.599,-0.158,-0.557;
0.000,-13.881,21.911,-10.640,18.670,-0.099, 0.155, 1.190,0.000,-0.312,0.482, 0.599,-0.155,-0.562;
0.000,-4.494,12.528,-1.284,9.318,-0.099, 0.153, 1.185,0.000,-0.144,-0.444, 0.599,-0.153,-0.557;
0.000,-15.801,23.840,-12.591,20.630,-0.099, 0.150, 1.185,0.000,-0.348,0.000, 0.599,-0.150,-0.557;
0.000,-14.161,22.192,-10.920,18.951,-0.099, 0.146, 1.190,0.000,-0.320,0.494, 0.599,-0.146,-0.562;
0.000,-5.097,30.375,-1.779,27.057,-0.097, 0.143, 1.204,0.157,-0.314,1.204, 0.597,-0.143,-0.575;
0.000,-14.115,22.049,-10.874,18.808,-0.097, 0.139, 1.190,0.000,-0.321,-1.228, 0.597,-0.139,-0.562;
0.000,-5.128,30.592,-1.810,27.275,-0.096, 0.136, 1.204,0.159,-0.319,1.221, 0.596,-0.136,-0.575;
0.000,-0.856,8.725,2.432,5.438,-0.096, 0.134, 1.198,0.000,-0.082,-0.247, 0.596,-0.134,-0.570;
0.000,-13.197,37.947,-9.880,34.629,-0.094, 0.129, 1.204,0.154,-0.461,0.461, 0.594,-0.129,-0.575;
0.000,-4.681,12.474,-1.364,9.156,-0.094, 0.127, 1.204,0.000,-0.153,0.000, 0.594,-0.127,-0.575;
0.000,-4.813,29.815,-1.526,26.527,-0.092, 0.124, 1.198,0.156,-0.312,-0.468, 0.592,-0.124,-0.570;
0.000,-13.043,37.556,-9.619,34.132,-0.091, 0.118, 1.222,0.154,-0.462,2.090, 0.591,-0.118,-0.594;
0.000,-4.933,12.587,-1.615,9.269,-0.091, 0.117, 1.204,0.000,-0.160,-1.689, 0.591,-0.117,-0.575;
0.000,-4.600,29.115,-1.205,25.719,-0.089, 0.113, 1.217,0.154,-0.309,1.194, 0.589,-0.113,-0.589;
0.000,-4.681,29.299,-1.286,25.903,-0.087, 0.110, 1.217,0.156,-0.312,0.000, 0.587,-0.110,-0.589;
0.000,-4.656,29.223,-1.261,25.827,-0.085, 0.106, 1.217,0.156,-0.312,0.000, 0.585,-0.106,-0.589;
0.000,-0.496,16.744,2.899,13.348,-0.084, 0.103, 1.217,0.081,-0.162,0.000, 0.584,-0.103,-0.589;
0.000,-3.901,26.762,-0.400,23.260,-0.082, 0.099, 1.235,0.143,-0.286,1.512, 0.582,-0.099,-0.607;
0.000,-4.204,27.601,-0.703,24.100,-0.080, 0.096, 1.235,0.149,-0.298,0.000, 0.580,-0.096,-0.607;
0.000,3.916,19.432,7.390,15.958,-0.078, 0.094, 1.231,0.149,-0.149,-0.407, 0.578,-0.094,-0.602;
0.000,-4.317,27.950,-0.843,24.476,-0.077, 0.091, 1.231,0.152,-0.303,0.000, 0.577,-0.091,-0.602;
0.000,-3.379,25.081,0.123,21.579,-0.075, 0.087, 1.235,0.135,-0.270,0.370, 0.575,-0.087,-0.607;
0.000,3.975,20.533,7.449,17.059,-0.073, 0.085, 1.231,0.161,-0.161,-0.441, 0.573,-0.085,-0.602;
0.000,-3.978,26.873,-0.504,23.399,-0.071, 0.082, 1.231,0.147,-0.293,0.000, 0.571,-0.082,-0.602;
0.000,-3.910,26.616,-0.408,23.115,-0.070, 0.078, 1.235,0.146,-0.292,0.400, 0.570,-0.078,-0.607;
0.000,4.012,34.619,7.513,31.118,-0.066, 0.075, 1.235,0.293,-0.293,0.000, 0.566,-0.075,-0.607;
0.000,4.012,18.756,7.513,15.255,-0.064, 0.073, 1.235,0.148,-0.148,0.000, 0.564,-0.073,-0.607;
0.000,-3.874,26.312,-0.372,22.810,-0.063, 0.070, 1.235,0.146,-0.291,0.000, 0.563,-0.070,-0.607;
0.000,4.042,19.516,7.543,16.014,-0.061, 0.068, 1.235,0.156,-0.156,0.000, 0.561,-0.068,-0.607;
0.000,4.042,35.127,7.543,31.625,-0.057, 0.064, 1.235,0.301,-0.301,0.000, 0.557,-0.064,-0.607;
0.000,4.042,18.782,7.543,15.281,-0.056, 0.063, 1.235,0.151,-0.151,0.000, 0.556,-0.063,-0.607;
0.000,4.042,19.071,7.543,15.569,-0.054, 0.061, 1.235,0.155,-0.155,0.000, 0.554,-0.061,-0.607;
0.000,12.085,26.398,15.587,22.896,-0.050, 0.059, 1.235,0.297,-0.149,0.000, 0.550,-0.059,-0.607;
0.000,4.012,18.787,7.513,15.285,-0.049, 0.057, 1.235,0.153,-0.153,0.000, 0.549,-0.057,-0.607;
0.000,8.245,15.069,11.824,11.490,-0.045, 0.056, 1.249,0.161,-0.080,0.626, 0.545,-0.056,-0.621;
0.000,11.785,9.806,15.259,6.332,-0.044, 0.056, 1.231,0.143,0.000,-1.511, 0.544,-0.056,-0.602;
0.000,3.956,18.178,7.458,14.677,-0.042, 0.054, 1.235,0.149,-0.149,0.410, 0.542,-0.054,-0.607;
0.000,11.950,26.147,15.530,22.567,-0.038, 0.052, 1.249,0.300,-0.150,1.168, 0.538,-0.052,-0.621;
0.000,11.811,9.855,15.391,6.275,-0.037, 0.052, 1.249,0.148,0.000,0.000, 0.537,-0.052,-0.621;
0.000,19.134,17.274,22.793,13.615,-0.033, 0.052, 1.263,0.288,0.000,1.133, 0.533,-0.052,-0.634;
0.000,11.540,9.700,15.198,6.042,-0.031, 0.052, 1.263,0.147,0.000,0.000, 0.531,-0.052,-0.634;
0.000,11.530,9.799,15.269,6.061,-0.030, 0.052, 1.277,0.150,0.000,1.191, 0.530,-0.052,-0.648;
0.000,11.455,9.768,15.217,6.005,-0.028, 0.052, 1.281,0.150,0.000,0.357, 0.528,-0.052,-0.652;
0.000,18.821,17.237,22.663,13.395,-0.024, 0.052, 1.294,0.293,0.000,1.159, 0.524,-0.052,-0.666;
0.000,19.544,1.816,23.465,-2.106,-0.023, 0.054, 1.308,0.156,0.156,1.244, 0.523,-0.054,-0.680;
0.000,11.267,9.883,15.188,5.961,-0.021, 0.054, 1.308,0.155,0.000,0.000, 0.521,-0.054,-0.680;
0.000,11.008,9.765,15.031,5.743,-0.019, 0.054, 1.326,0.154,0.000,1.542, 0.519,-0.054,-0.697;
0.000,18.914,1.853,23.017,-2.250,-0.017, 0.056, 1.340,0.156,0.156,1.244, 0.517,-0.056,-0.711;
0.000,18.995,1.887,23.160,-2.278,-0.016, 0.057, 1.351,0.159,0.159,0.990, 0.516,-0.057,-0.722;
0.000,18.242,1.897,22.407,-2.268,-0.014, 0.059, 1.351,0.152,0.152,0.000, 0.514,-0.059,-0.722;
0.000,6.715,-2.092,10.898,-6.275,-0.014, 0.061, 1.354,0.000,0.079,0.143, 0.514,-0.061,-0.725;
0.000,17.242,1.966,21.507,-2.298,-0.012, 0.063, 1.368,0.146,0.146,1.177, 0.512,-0.063,-0.739;
0.000,9.897,-5.371,14.161,-9.635,-0.012, 0.064, 1.368,0.000,0.146,0.000, 0.512,-0.064,-0.739;
0.000,16.821,2.036,21.167,-2.310,-0.010, 0.066, 1.382,0.145,0.145,1.175, 0.510,-0.066,-0.754;
0.000,9.391,-5.025,13.833,-9.467,-0.010, 0.068, 1.399,0.000,0.145,1.388, 0.510,-0.068,-0.770;
0.000,25.186,-5.526,29.696,-10.037,-0.009, 0.071, 1.410,0.157,0.314,1.067, 0.509,-0.071,-0.782;
0.000,9.319,-5.040,13.843,-9.563,-0.009, 0.073, 1.413,0.000,0.148,0.195, 0.509,-0.073,-0.784;
0.000,16.447,-12.156,20.957,-16.666,-0.009, 0.077, 1.410,0.000,0.295,-0.193, 0.509,-0.077,-0.782;
0.000,9.205,-4.926,13.728,-9.449,-0.009, 0.078, 1.413,0.000,0.148,0.194, 0.509,-0.078,-0.784;
0.000,15.940,-11.714,20.533,-16.307,-0.009, 0.082, 1.425,0.000,0.291,1.009, 0.509,-0.082,-0.796;
0.000,8.797,-4.562,13.402,-9.167,-0.009, 0.084, 1.427,0.000,0.144,0.173, 0.509,-0.084,-0.799;
0.000,9.880,-21.490,14.403,-26.014,-0.010, 0.087, 1.413,-0.163,0.327,-1.329, 0.510,-0.087,-0.784;
0.000,16.458,-12.190,21.063,-16.795,-0.010, 0.091, 1.427,0.000,0.305,1.239, 0.510,-0.091,-0.799;
0.000,9.384,-5.095,13.989,-9.700,-0.010, 0.092, 1.427,0.000,0.159,0.000, 0.510,-0.092,-0.799;
0.000,9.315,-20.232,13.921,-24.837,-0.012, 0.096, 1.427,-0.158,0.315,0.000, 0.512,-0.096,-0.799;
0.000,9.128,-19.671,13.734,-24.276,-0.014, 0.099, 1.427,-0.154,0.309,0.000, 0.514,-0.099,-0.799;
0.000,9.398,-5.002,14.003,-9.608,-0.014, 0.103, 1.427,0.000,0.161,0.000, 0.514,-0.103,-0.799;
0.000,8.343,-17.382,12.936,-21.975,-0.016, 0.106, 1.425,-0.139,0.279,-0.167, 0.516,-0.106,-0.796;
0.000,1.579,-11.081,6.184,-15.687,-0.017, 0.108, 1.427,-0.145,0.145,0.174, 0.517,-0.108,-0.799;
0.000,8.575,-18.065,13.181,-22.670,-0.019, 0.111, 1.427,-0.145,0.290,0.000, 0.519,-0.111,-0.799;
0.000,8.678,-18.373,13.284,-22.979,-0.021, 0.115, 1.427,-0.148,0.296,0.000, 0.521,-0.115,-0.799;
0.000,8.731,-18.492,13.324,-23.086,-0.023, 0.118, 1.425,-0.149,0.298,-0.179, 0.523,-0.118,-0.796;
0.000,1.499,-10.828,6.104,-15.433,-0.024, 0.120, 1.427,-0.145,0.145,0.174, 0.524,-0.120,-0.799;
0.000,1.601,-25.181,6.125,-29.705,-0.028, 0.124, 1.413,-0.291,0.291,-1.185, 0.528,-0.124,-0.784;
0.000,8.741,-18.148,13.251,-22.659,-0.030, 0.127, 1.410,-0.146,0.293,-0.192, 0.530,-0.127,-0.782;
0.000,1.553,-10.866,6.077,-15.390,-0.031, 0.129, 1.413,-0.146,0.146,0.192, 0.531,-0.129,-0.784;
0.000,8.701,-18.016,13.224,-22.539,-0.033, 0.132, 1.413,-0.147,0.294,0.000, 0.533,-0.132,-0.784;
0.000,1.640,-22.631,6.068,-27.059,-0.037, 0.136, 1.396,-0.265,0.265,-1.262, 0.537,-0.136,-0.768;
0.000,9.642,-20.764,14.152,-25.274,-0.038, 0.139, 1.410,-0.166,0.333,1.367, 0.538,-0.139,-0.782;
0.000,1.499,-11.158,6.023,-15.682,-0.040, 0.141, 1.413,-0.152,0.152,0.200, 0.540,-0.141,-0.784;
0.000,1.619,-25.948,6.047,-30.375,-0.044, 0.144, 1.396,-0.301,0.301,-1.434, 0.544,-0.144,-0.768;
0.000,1.578,-11.087,6.020,-15.529,-0.045, 0.146, 1.399,-0.152,0.152,0.216, 0.545,-0.146,-0.770;
0.000,1.598,-27.487,6.026,-31.915,-0.049, 0.150, 1.396,-0.318,0.318,-0.227, 0.549,-0.150,-0.768;
0.000,1.578,-11.666,6.020,-16.108,-0.050, 0.151, 1.399,-0.159,0.159,0.227, 0.550,-0.151,-0.770;
0.000,9.201,-18.774,13.629,-23.202,-0.052, 0.155, 1.396,-0.154,0.309,-0.220, 0.552,-0.155,-0.768;
0.000,-2.354,-7.642,2.074,-12.070,-0.056, 0.157, 1.396,-0.160,0.080,0.000, 0.556,-0.157,-0.768;
0.000,1.693,-25.299,6.039,-29.644,-0.059, 0.160, 1.382,-0.296,0.296,-1.210, 0.559,-0.160,-0.754;
0.000,1.584,-9.966,6.012,-14.394,-0.061, 0.162, 1.396,-0.145,0.145,1.184, 0.561,-0.162,-0.768;
0.000,1.692,-24.447,6.038,-28.792,-0.064, 0.165, 1.382,-0.289,0.289,-1.182, 0.564,-0.165,-0.754;
0.000,1.672,-9.581,6.018,-13.927,-0.066, 0.167, 1.382,-0.141,0.141,0.000, 0.566,-0.167,-0.754;
0.000,-4.895,-15.193,-0.549,-19.539,-0.070, 0.169, 1.382,-0.264,0.132,0.000, 0.570,-0.169,-0.754;
0.000,1.799,-25.368,6.063,-29.632,-0.073, 0.172, 1.368,-0.298,0.298,-1.211, 0.573,-0.172,-0.739;
0.000,1.689,-10.045,6.035,-14.391,-0.075, 0.174, 1.382,-0.148,0.148,1.204, 0.575,-0.174,-0.754;
0.000,-5.509,-17.172,-1.245,-21.437,-0.078, 0.176, 1.368,-0.291,0.145,-1.182, 0.578,-0.176,-0.739;
0.000,1.805,-25.865,6.069,-30.129,-0.082, 0.179, 1.368,-0.305,0.305,0.000, 0.582,-0.179,-0.739;
0.000,1.805,-10.261,6.069,-14.525,-0.084, 0.181, 1.368,-0.151,0.151,0.000, 0.584,-0.181,-0.739;
0.000,-5.929,-18.215,-1.665,-22.479,-0.087, 0.183, 1.368,-0.308,0.154,0.000, 0.587,-0.183,-0.739;
0.000,1.853,-25.604,6.100,-29.851,-0.091, 0.186, 1.365,-0.305,0.305,-0.258, 0.591,-0.186,-0.736;
0.000,-6.005,-18.690,-1.840,-22.856,-0.094, 0.188, 1.351,-0.313,0.156,-1.282, 0.594,-0.188,-0.722;
0.000,1.865,-10.083,6.112,-14.330,-0.096, 0.190, 1.365,-0.152,0.152,1.248, 0.596,-0.190,-0.736;
0.000,-6.005,-18.329,-1.758,-22.577,-0.099, 0.191, 1.365,-0.313,0.157,0.000, 0.599,-0.191,-0.736;
0.000,-6.083,-18.804,-1.900,-22.987,-0.103, 0.193, 1.354,-0.318,0.159,-1.016, 0.603,-0.193,-0.725;
0.000,-5.995,-18.491,-1.812,-22.674,-0.106, 0.195, 1.354,-0.315,0.158,0.000, 0.606,-0.195,-0.725;
0.000,-1.944,-6.337,2.239,-10.520,-0.110, 0.197, 1.354,-0.157,0.078,0.000, 0.610,-0.197,-0.725;
0.000,-6.780,-20.846,-2.597,-25.029,-0.113, 0.198, 1.354,-0.348,0.174,0.000, 0.613,-0.198,-0.725;
0.000,-6.747,-20.818,-2.582,-24.983,-0.117, 0.200, 1.351,-0.348,0.174,-0.314, 0.617,-0.200,-0.722;
0.000,-6.702,-20.984,-2.619,-25.067,-0.120, 0.202, 1.336,-0.348,0.174,-1.417, 0.620,-0.202,-0.708;
0.000,-7.498,-13.754,-3.496,-17.757,-0.125, 0.204, 1.322,-0.285,0.095,-0.769, 0.625,-0.204,-0.694;
0.000,-5.080,-1.359,-0.996,-5.442,-0.127, 0.204, 1.336,-0.144,0.000,1.161, 0.627,-0.204,-0.708;
0.000,-5.213,-16.846,-1.210,-20.848,-0.131, 0.205, 1.322,-0.295,0.147,-1.192, 0.631,-0.205,-0.694;
0.000,-12.461,-8.777,-8.458,-12.779,-0.134, 0.205, 1.322,-0.288,0.000,0.000, 0.634,-0.205,-0.694;
0.000,-13.406,-9.829,-9.484,-13.751,-0.138, 0.205, 1.308,-0.306,0.000,-1.230, 0.638,-0.205,-0.680;
0.000,-5.209,-17.622,-1.390,-21.441,-0.141, 0.207, 1.290,-0.302,0.151,-1.546, 0.641,-0.207,-0.662;
0.000,-12.727,-9.175,-8.908,-12.994,-0.144, 0.207, 1.290,-0.294,0.000,0.000, 0.644,-0.207,-0.662;
0.000,-4.754,-1.202,-0.935,-5.021,-0.146, 0.207, 1.290,-0.143,0.000,0.000, 0.646,-0.207,-0.662;
0.000,-12.501,-9.053,-8.762,-12.791,-0.150, 0.207, 1.277,-0.291,0.000,-1.163, 0.650,-0.207,-0.648;
0.000,-12.880,6.427,-9.142,2.689,-0.151, 0.205, 1.277,-0.149,-0.149,0.000, 0.651,-0.205,-0.648;
0.000,-12.433,-9.126,-8.775,-12.784,-0.155, 0.205, 1.263,-0.291,0.000,-1.154, 0.655,-0.205,-0.634;
0.000,-5.085,-1.786,-1.452,-5.419,-0.157, 0.205, 1.258,-0.154,0.000,-0.393, 0.657,-0.205,-0.630;
0.000,-21.477,-1.755,-17.897,-5.335,-0.160, 0.204, 1.249,-0.307,-0.153,-0.815, 0.660,-0.204,-0.621;
0.000,-4.924,-1.767,-1.371,-5.320,-0.162, 0.204, 1.244,-0.154,0.000,-0.407, 0.662,-0.204,-0.616;
0.000,-13.460,6.559,-9.907,3.006,-0.164, 0.202, 1.244,-0.156,-0.156,0.000, 0.664,-0.202,-0.616;
0.000,-21.602,-1.847,-18.128,-5.321,-0.167, 0.200, 1.231,-0.309,-0.154,-1.218, 0.667,-0.200,-0.602;
0.000,-12.721,6.562,-9.326,3.166,-0.169, 0.198, 1.217,-0.150,-0.150,-1.174, 0.669,-0.198,-0.589;
0.000,-4.872,6.573,-1.477,3.177,-0.171, 0.197, 1.217,-0.079,-0.079,0.000, 0.671,-0.197,-0.589;
0.000,-12.460,6.573,-9.065,3.177,-0.172, 0.195, 1.217,-0.149,-0.149,0.000, 0.672,-0.195,-0.589;
0.000,-11.908,6.545,-8.620,3.258,-0.174, 0.193, 1.198,-0.144,-0.144,-1.549, 0.674,-0.193,-0.570;
0.000,-11.846,6.560,-8.558,3.272,-0.176, 0.191, 1.198,-0.144,-0.144,0.000, 0.676,-0.191,-0.570;
0.000,-20.141,14.635,-16.931,11.425,-0.178, 0.188, 1.185,-0.146,-0.292,-1.133, 0.678,-0.188,-0.557;
0.000,-12.168,6.519,-8.958,3.310,-0.179, 0.186, 1.185,-0.148,-0.148,0.000, 0.679,-0.186,-0.557;
0.000,-12.380,23.166,-9.062,19.848,-0.179, 0.183, 1.204,0.000,-0.302,1.625, 0.679,-0.183,-0.575;
0.000,-11.748,6.443,-8.539,3.234,-0.181, 0.181, 1.185,-0.146,-0.146,-1.565, 0.681,-0.181,-0.557;
0.000,-19.946,14.588,-16.736,11.378,-0.183, 0.178, 1.185,-0.147,-0.293,0.000, 0.683,-0.178,-0.557;
0.000,-3.539,14.449,-0.251,11.161,-0.183, 0.176, 1.198,0.000,-0.145,1.126, 0.683,-0.176,-0.570;
0.000,-19.877,14.531,-16.589,11.244,-0.185, 0.172, 1.198,-0.147,-0.295,0.000, 0.685,-0.172,-0.570;
0.000,-10.928,21.871,-7.611,18.553,-0.185, 0.169, 1.204,0.000,-0.282,0.423, 0.685,-0.169,-0.575;
0.000,-11.589,22.523,-8.271,19.206,-0.185, 0.165, 1.204,0.000,-0.295,0.000, 0.685,-0.165,-0.575;
0.000,-19.430,14.292,-16.190,11.051,-0.186, 0.162, 1.190,-0.146,-0.292,-1.116, 0.686,-0.162,-0.562;
0.000,-2.821,13.901,0.389,10.692,-0.186, 0.160, 1.185,0.000,-0.139,-0.429, 0.686,-0.160,-0.557;
0.000,-11.270,22.355,-8.060,19.145,-0.186, 0.157, 1.185,0.000,-0.292,0.000, 0.686,-0.157,-0.557;
0.000,-11.135,22.177,-7.847,18.889,-0.186, 0.153, 1.198,0.000,-0.291,1.127, 0.686,-0.153,-0.570;
0.000,-3.548,31.390,-0.182,28.024,-0.185, 0.150, 1.212,0.154,-0.308,1.205, 0.685,-0.150,-0.584;
0.000,-12.294,23.229,-9.007,19.941,-0.185, 0.146, 1.198,0.000,-0.313,-1.226, 0.685,-0.146,-0.570;
0.000,-11.659,22.618,-8.371,19.331,-0.185, 0.143, 1.198,0.000,-0.303,0.000, 0.685,-0.143,-0.570;
0.000,-11.932,22.892,-8.644,19.604,-0.185, 0.139, 1.198,0.000,-0.309,0.000, 0.685,-0.139,-0.570;
0.000,-12.226,40.422,-8.802,36.998,-0.183, 0.134, 1.222,0.159,-0.476,2.152, 0.683,-0.134,-0.594;
0.000,0.717,10.090,4.113,6.694,-0.183, 0.132, 1.217,0.000,-0.081,-0.228, 0.683,-0.132,-0.589;
0.000,-11.117,38.050,-7.616,34.548,-0.181, 0.127, 1.235,0.149,-0.448,1.576, 0.681,-0.127,-0.607;
0.000,-2.802,13.535,0.593,10.140,-0.181, 0.125, 1.217,0.000,-0.146,-1.545, 0.681,-0.125,-0.589;
0.000,-10.982,37.808,-7.481,34.307,-0.179, 0.120, 1.235,0.149,-0.447,1.572, 0.679,-0.120,-0.607;
0.000,-2.753,13.426,0.642,10.031,-0.179, 0.118, 1.217,0.000,-0.147,-1.552, 0.679,-0.118,-0.589;
0.000,-2.511,28.668,0.963,25.194,-0.178, 0.115, 1.231,0.143,-0.286,1.117, 0.678,-0.115,-0.602;
0.000,-11.092,21.697,-7.696,18.301,-0.178, 0.111, 1.217,0.000,-0.301,-1.175, 0.678,-0.111,-0.589;
0.000,-2.859,29.838,0.615,26.364,-0.176, 0.108, 1.231,0.151,-0.302,1.180, 0.676,-0.108,-0.602;
0.000,-2.682,29.251,0.792,25.777,-0.174, 0.104, 1.231,0.148,-0.296,0.000, 0.674,-0.104,-0.602;
0.000,-11.172,21.656,-7.776,18.261,-0.174, 0.101, 1.217,0.000,-0.304,-1.189, 0.674,-0.101,-0.589;
0.000,-2.773,29.701,0.701,26.227,-0.172, 0.097, 1.231,0.152,-0.303,1.185, 0.672,-0.097,-0.602;
0.000,-2.752,29.515,0.750,26.013,-0.171, 0.094, 1.235,0.151,-0.303,0.415, 0.671,-0.094,-0.607;
0.000,-3.211,30.872,0.291,27.370,-0.169, 0.091, 1.235,0.160,-0.321,0.000, 0.669,-0.091,-0.607;
0.000,5.527,21.326,9.001,17.852,-0.167, 0.089, 1.231,0.153,-0.153,-0.419, 0.667,-0.089,-0.602;
0.000,-3.047,30.403,0.427,26.930,-0.165, 0.085, 1.231,0.158,-0.316,0.000, 0.665,-0.085,-0.602;
0.000,1.205,17.572,4.706,14.070,-0.164, 0.082, 1.235,0.080,-0.160,0.220, 0.664,-0.082,-0.607;
0.000,-2.532,28.777,0.969,25.275,-0.162, 0.078, 1.235,0.149,-0.299,0.000, 0.662,-0.078,-0.607;
0.000,5.616,20.411,9.090,16.937,-0.160, 0.077, 1.231,0.147,-0.147,-0.404, 0.660,-0.077,-0.602;
0.000,5.553,35.985,9.107,32.432,-0.157, 0.073, 1.244,0.293,-0.293,1.157, 0.657,-0.073,-0.616;
0.000,-1.925,26.551,1.655,22.972,-0.155, 0.070, 1.249,0.138,-0.276,0.366, 0.655,-0.070,-0.621;
0.000,-2.646,28.880,0.856,25.378,-0.153, 0.066, 1.235,0.152,-0.305,-1.187, 0.653,-0.066,-0.607;
0.000,5.649,20.077,9.151,16.575,-0.151, 0.064, 1.235,0.148,-0.148,0.000, 0.651,-0.064,-0.607;
0.000,5.580,33.912,9.160,30.332,-0.148, 0.061, 1.249,0.278,-0.278,1.084, 0.648,-0.061,-0.621;
0.000,5.561,19.902,9.141,16.322,-0.146, 0.059, 1.249,0.149,-0.149,0.000, 0.646,-0.059,-0.621;
0.000,5.665,19.684,9.139,16.210,-0.144, 0.057, 1.231,0.146,-0.146,-1.542, 0.644,-0.057,-0.602;
0.000,5.591,35.880,9.171,32.301,-0.141, 0.054, 1.249,0.298,-0.298,1.572, 0.641,-0.054,-0.621;
0.000,5.561,19.057,9.141,15.477,-0.139, 0.052, 1.249,0.143,-0.143,0.000, 0.639,-0.052,-0.621;
0.000,5.561,35.736,9.141,32.157,-0.136, 0.049, 1.249,0.299,-0.299,0.000, 0.636,-0.049,-0.621;
0.000,5.561,19.500,9.141,15.920,-0.134, 0.047, 1.249,0.149,-0.149,0.000, 0.634,-0.047,-0.621;
0.000,13.967,28.646,17.547,25.067,-0.131, 0.045, 1.249,0.312,-0.156,0.000, 0.631,-0.045,-0.621;
0.000,5.531,20.125,9.111,16.545,-0.129, 0.044, 1.249,0.156,-0.156,0.000, 0.629,-0.044,-0.621;
0.000,13.602,27.491,17.182,23.911,-0.125, 0.042, 1.249,0.300,-0.150,0.000, 0.625,-0.042,-0.621;
0.000,13.762,11.415,17.315,7.861,-0.124, 0.042, 1.244,0.153,0.000,-0.404, 0.624,-0.042,-0.616;
0.000,13.641,27.887,17.300,24.228,-0.120, 0.040, 1.263,0.308,-0.154,1.621, 0.620,-0.040,-0.634;
0.000,13.635,11.276,17.215,7.696,-0.118, 0.040, 1.249,0.152,0.000,-1.199, 0.618,-0.040,-0.621;
0.000,5.413,11.708,8.993,8.128,-0.117, 0.038, 1.249,0.081,-0.081,0.000, 0.617,-0.038,-0.621;
0.000,21.908,19.575,25.567,15.916,-0.113, 0.038, 1.263,0.310,0.000,1.220, 0.613,-0.038,-0.634;
0.000,13.376,11.067,17.035,7.409,-0.111, 0.038, 1.263,0.152,0.000,0.000, 0.611,-0.038,-0.634;
0.000,20.584,18.377,24.323,14.638,-0.108, 0.038, 1.277,0.291,0.000,1.155, 0.608,-0.038,-0.648;
0.000,12.965,10.813,16.727,7.050,-0.106, 0.038, 1.281,0.149,0.000,0.356, 0.606,-0.038,-0.652;
0.000,12.521,10.486,16.363,6.644,-0.104, 0.038, 1.294,0.144,0.000,1.141, 0.604,-0.038,-0.666;
0.000,20.093,2.884,23.935,-0.958,-0.103, 0.040, 1.294,0.145,0.145,0.000, 0.603,-0.040,-0.666;
0.000,19.942,18.078,23.863,14.157,-0.099, 0.040, 1.308,0.291,0.000,1.160, 0.599,-0.040,-0.680;
0.000,20.042,2.859,23.963,-1.063,-0.097, 0.042, 1.308,0.147,0.147,0.000, 0.597,-0.042,-0.680;
0.000,12.072,10.434,16.095,6.411,-0.096, 0.042, 1.326,0.146,0.000,1.468, 0.596,-0.042,-0.697;
0.000,20.364,2.872,24.386,-1.151,-0.094, 0.044, 1.326,0.154,0.154,0.000, 0.594,-0.044,-0.697;
0.000,20.587,2.892,24.689,-1.210,-0.092, 0.045, 1.340,0.159,0.159,1.267, 0.592,-0.045,-0.711;
0.000,20.102,2.904,24.205,-1.198,-0.091, 0.047, 1.340,0.155,0.155,0.000, 0.591,-0.047,-0.711;
0.000,19.822,2.926,24.005,-1.257,-0.089, 0.049, 1.354,0.155,0.155,1.242, 0.589,-0.049,-0.725;
0.000,18.850,2.960,23.114,-1.305,-0.087, 0.050, 1.368,0.148,0.148,1.196, 0.587,-0.050,-0.739;
0.000,12.002,2.970,16.266,-1.294,-0.085, 0.052, 1.368,0.081,0.081,0.000, 0.585,-0.052,-0.739;
0.000,18.594,2.997,22.955,-1.365,-0.084, 0.054, 1.385,0.149,0.149,1.443, 0.584,-0.054,-0.756;
0.000,18.462,-11.732,22.808,-16.078,-0.084, 0.057, 1.382,0.000,0.296,-0.228, 0.584,-0.057,-0.754;
0.000,18.299,3.083,22.741,-1.359,-0.082, 0.059, 1.399,0.150,0.150,1.439, 0.582,-0.059,-0.770;
0.000,18.103,-11.492,22.531,-15.920,-0.082, 0.063, 1.396,0.000,0.296,-0.211, 0.582,-0.063,-0.768;
0.000,17.319,3.170,21.842,-1.354,-0.080, 0.064, 1.413,0.143,0.143,1.367, 0.580,-0.064,-0.784;
0.000,17.858,-11.368,22.368,-15.878,-0.080, 0.068, 1.410,0.000,0.298,-0.196, 0.580,-0.068,-0.782;
0.000,10.484,-4.010,15.008,-8.534,-0.080, 0.070, 1.413,0.000,0.149,0.195, 0.580,-0.070,-0.784;
0.000,17.292,-10.904,21.897,-15.509,-0.080, 0.073, 1.427,0.000,0.294,1.198, 0.580,-0.073,-0.799;
0.000,16.941,-10.532,21.546,-15.137,-0.080, 0.077, 1.427,0.000,0.288,0.000, 0.580,-0.077,-0.799;
0.000,18.541,-12.119,23.134,-16.712,-0.080, 0.080, 1.425,0.000,0.321,-0.193, 0.580,-0.080,-0.796;
0.000,16.669,-10.339,21.345,-15.016,-0.080, 0.084, 1.439,0.000,0.289,1.198, 0.580,-0.084,-0.811;
0.000,10.178,-3.839,14.865,-8.527,-0.080, 0.085, 1.441,0.000,0.155,0.167, 0.580,-0.085,-0.813;
0.000,17.618,-11.278,22.306,-15.966,-0.080, 0.089, 1.441,0.000,0.311,0.000, 0.580,-0.089,-0.813;
0.000,16.817,-10.568,21.586,-15.337,-0.080, 0.092, 1.455,0.000,0.301,1.235, 0.580,-0.092,-0.827;
0.000,9.921,-18.017,14.609,-22.704,-0.082, 0.096, 1.441,-0.152,0.303,-1.243, 0.582,-0.096,-0.813;
0.000,17.161,-10.862,21.931,-15.631,-0.082, 0.099, 1.455,0.000,0.310,1.271, 0.582,-0.099,-0.827;
0.000,6.335,-7.402,11.022,-12.089,-0.084, 0.103, 1.441,-0.079,0.157,-0.644, 0.584,-0.103,-0.813;
0.000,18.884,-12.538,23.653,-17.308,-0.084, 0.106, 1.455,0.000,0.348,1.428, 0.584,-0.106,-0.827;
0.000,10.843,-20.976,15.531,-25.663,-0.085, 0.110, 1.441,-0.174,0.348,-1.428, 0.585,-0.110,-0.813;
0.000,7.666,-11.513,12.353,-16.201,-0.087, 0.113, 1.441,-0.109,0.217,0.000, 0.587,-0.113,-0.813;
0.000,9.542,-17.142,14.229,-21.829,-0.089, 0.117, 1.441,-0.148,0.297,0.000, 0.589,-0.117,-0.813;
0.000,9.601,-17.318,14.288,-22.005,-0.091, 0.120, 1.441,-0.150,0.300,0.000, 0.591,-0.120,-0.813;
0.000,9.762,-17.492,14.367,-22.097,-0.092, 0.124, 1.427,-0.150,0.300,-1.227, 0.592,-0.124,-0.799;
0.000,9.697,-17.349,14.302,-21.954,-0.094, 0.127, 1.427,-0.150,0.299,0.000, 0.594,-0.127,-0.799;
0.000,16.528,-9.789,21.215,-14.476,-0.094, 0.131, 1.441,0.000,0.297,1.215, 0.594,-0.131,-0.813;
0.000,2.422,-24.303,7.027,-28.908,-0.097, 0.134, 1.427,-0.298,0.298,-1.218, 0.597,-0.134,-0.799;
0.000,2.401,-9.318,7.007,-13.923,-0.099, 0.136, 1.427,-0.144,0.144,0.000, 0.599,-0.136,-0.799;
0.000,9.913,-17.944,14.518,-22.549,-0.101, 0.139, 1.427,-0.156,0.312,0.000, 0.601,-0.139,-0.799;
0.000,9.916,-17.953,14.521,-22.558,-0.103, 0.143, 1.427,-0.156,0.313,0.000, 0.603,-0.143,-0.799;
0.000,9.423,-16.475,14.028,-21.080,-0.104, 0.146, 1.427,-0.147,0.294,0.000, 0.604,-0.146,-0.799;
0.000,9.841,-17.684,14.435,-22.278,-0.106, 0.150, 1.425,-0.155,0.311,-0.186, 0.606,-0.150,-0.796;
0.000,2.294,-9.979,6.899,-14.584,-0.108, 0.151, 1.427,-0.154,0.154,0.185, 0.608,-0.151,-0.799;
0.000,2.423,-23.832,6.933,-28.342,-0.111, 0.155, 1.410,-0.295,0.295,-1.394, 0.611,-0.155,-0.782;
0.000,9.806,-17.170,14.317,-21.681,-0.113, 0.158, 1.410,-0.152,0.304,0.000, 0.613,-0.158,-0.782;
0.000,-1.371,-6.095,3.139,-10.605,-0.117, 0.160, 1.410,-0.154,0.077,0.000, 0.617,-0.160,-0.782;
0.000,10.893,-20.270,15.404,-24.781,-0.118, 0.164, 1.410,-0.174,0.348,0.000, 0.618,-0.164,-0.782;
0.000,-6.099,-20.468,-1.671,-24.896,-0.122, 0.165, 1.396,-0.348,0.174,-1.430, 0.622,-0.165,-0.768;
0.000,10.872,-20.117,15.382,-24.627,-0.124, 0.169, 1.410,-0.174,0.348,1.430, 0.624,-0.169,-0.782;
0.000,-2.505,-9.475,1.923,-13.903,-0.127, 0.171, 1.396,-0.202,0.101,-0.830, 0.627,-0.171,-0.768;
0.000,2.372,-8.923,6.896,-13.446,-0.129, 0.172, 1.413,-0.148,0.148,1.414, 0.629,-0.172,-0.784;
0.000,2.513,-24.154,6.941,-28.582,-0.132, 0.176, 1.396,-0.302,0.302,-1.437, 0.632,-0.176,-0.768;
0.000,-4.822,-16.238,-0.394,-20.666,-0.136, 0.178, 1.396,-0.297,0.148,0.000, 0.636,-0.178,-0.768;
0.000,2.400,-8.326,6.923,-12.850,-0.138, 0.179, 1.413,-0.145,0.145,1.380, 0.638,-0.179,-0.784;
0.000,2.538,-22.737,6.966,-27.165,-0.141, 0.183, 1.396,-0.290,0.290,-1.381, 0.641,-0.183,-0.768;
0.000,-4.666,-15.606,-0.238,-20.034,-0.144, 0.185, 1.396,-0.291,0.146,0.000, 0.644,-0.185,-0.768;
0.000,-4.612,-15.446,-0.184,-19.874,-0.148, 0.186, 1.396,-0.290,0.145,0.000, 0.648,-0.186,-0.768;
0.000,-4.175,-14.388,0.187,-18.749,-0.151, 0.188, 1.385,-0.275,0.137,-0.912, 0.651,-0.188,-0.756;
0.000,9.785,-15.375,14.198,-19.788,-0.153, 0.191, 1.394,-0.146,0.291,0.752, 0.653,-0.191,-0.765;
0.000,-4.713,-15.576,-0.285,-20.004,-0.157, 0.193, 1.396,-0.295,0.148,0.217, 0.657,-0.193,-0.768;
0.000,-4.436,-14.753,-0.008,-19.181,-0.160, 0.195, 1.396,-0.285,0.143,0.000, 0.660,-0.195,-0.768;
0.000,-4.379,-14.959,-0.049,-19.289,-0.164, 0.197, 1.379,-0.286,0.143,-1.394, 0.664,-0.197,-0.751;
0.000,-4.598,-15.558,-0.268,-19.888,-0.167, 0.198, 1.379,-0.295,0.148,0.000, 0.667,-0.198,-0.751;
0.000,-3.984,-13.716,0.346,-18.046,-0.171, 0.200, 1.379,-0.272,0.136,0.000, 0.671,-0.200,-0.751;
0.000,-4.239,-14.480,0.091,-18.810,-0.174, 0.202, 1.379,-0.283,0.141,0.000, 0.674,-0.202,-0.751;
0.000,-4.680,-16.124,-0.432,-20.371,-0.178, 0.204, 1.365,-0.303,0.151,-1.248, 0.678,-0.204,-0.736;
0.000,-12.035,-8.131,-7.770,-12.395,-0.181, 0.204, 1.368,-0.298,0.000,0.252, 0.681,-0.204,-0.739;
0.000,-4.562,-15.837,-0.315,-20.085,-0.185, 0.205, 1.365,-0.301,0.151,-0.255, 0.685,-0.205,-0.736;
0.000,-4.753,-16.720,-0.588,-20.885,-0.188, 0.207, 1.351,-0.311,0.155,-1.273, 0.688,-0.207,-0.722;
0.000,-12.307,-8.400,-8.142,-12.565,-0.191, 0.207, 1.351,-0.304,0.000,0.000, 0.691,-0.207,-0.722;
0.000,-4.405,-16.045,-0.322,-20.128,-0.195, 0.209, 1.336,-0.301,0.151,-1.226, 0.695,-0.209,-0.708;
0.000,-12.815,-8.935,-8.731,-13.018,-0.198, 0.209, 1.336,-0.315,0.000,0.000, 0.698,-0.209,-0.708;
0.000,-4.869,-1.078,-0.866,-5.080,-0.202, 0.209, 1.322,-0.162,0.000,-0.654, 0.702,-0.209,-0.694;
0.000,-3.684,0.113,0.318,-3.889,-0.204, 0.209, 1.322,-0.140,0.000,0.000, 0.704,-0.209,-0.694;
0.000,-11.914,-8.117,-7.912,-12.119,-0.207, 0.209, 1.322,-0.299,0.000,0.000, 0.707,-0.209,-0.694;
0.000,-11.620,-7.926,-7.698,-11.848,-0.211, 0.209, 1.308,-0.294,0.000,-1.181, 0.711,-0.209,-0.680;
0.000,-11.320,-7.738,-7.502,-11.556,-0.214, 0.209, 1.290,-0.289,0.000,-1.480, 0.714,-0.209,-0.662;
0.000,-3.703,-0.093,0.116,-3.912,-0.216, 0.209, 1.290,-0.145,0.000,0.000, 0.716,-0.209,-0.662;
0.000,-11.217,7.563,-7.375,3.722,-0.218, 0.207, 1.294,-0.144,-0.144,0.329, 0.718,-0.207,-0.666;
0.000,-11.720,-8.280,-7.982,-12.018,-0.221, 0.207, 1.277,-0.298,0.000,-1.535, 0.721,-0.207,-0.648;
0.000,-3.505,-0.036,0.233,-3.774,-0.223, 0.207, 1.277,-0.144,0.000,0.000, 0.723,-0.207,-0.648;
0.000,-23.638,-1.673,-19.979,-5.332,-0.226, 0.205, 1.263,-0.348,-0.174,-1.382, 0.726,-0.205,-0.634;
0.000,-14.301,7.670,-10.721,4.090,-0.228, 0.204, 1.249,-0.174,-0.174,-1.370, 0.728,-0.204,-0.621;
0.000,-0.710,2.450,2.844,-1.103,-0.230, 0.204, 1.244,-0.097,0.000,-0.258, 0.730,-0.204,-0.616;
0.000,-11.354,7.715,-7.801,4.162,-0.232, 0.202, 1.244,-0.148,-0.148,0.000, 0.732,-0.202,-0.616;
0.000,-11.142,7.715,-7.589,4.162,-0.233, 0.200, 1.244,-0.146,-0.146,0.000, 0.733,-0.200,-0.616;
0.000,-10.719,7.705,-7.245,4.231,-0.235, 0.198, 1.231,-0.143,-0.143,-1.125, 0.735,-0.198,-0.602;
0.000,-11.169,7.715,-7.695,4.241,-0.237, 0.197, 1.231,-0.147,-0.147,0.000, 0.737,-0.197,-0.602;
0.000,-10.935,7.715,-7.461,4.241,-0.238, 0.195, 1.231,-0.146,-0.146,0.000, 0.738,-0.195,-0.602;
0.000,-19.199,15.767,-15.804,12.372,-0.240, 0.191, 1.217,-0.148,-0.295,-1.155, 0.740,-0.191,-0.589;
0.000,-2.752,15.471,0.722,11.997,-0.240, 0.190, 1.231,0.000,-0.143,1.121, 0.740,-0.190,-0.602;
0.000,-10.919,7.655,-7.445,4.181,-0.242, 0.188, 1.231,-0.147,-0.147,0.000, 0.742,-0.188,-0.602;
0.000,-2.716,15.484,0.758,12.010,-0.242, 0.186, 1.231,0.000,-0.144,0.000, 0.742,-0.186,-0.602;
0.000,-18.552,15.532,-15.157,12.137,-0.244, 0.183, 1.217,-0.145,-0.290,-1.134, 0.744,-0.183,-0.589;
0.000,-2.815,15.654,0.659,12.180,-0.244, 0.181, 1.231,0.000,-0.148,1.160, 0.744,-0.181,-0.602;
0.000,-2.834,15.688,0.611,12.242,-0.244, 0.179, 1.226,0.000,-0.149,-0.421, 0.744,-0.179,-0.597;
0.000,-11.314,24.151,-7.840,20.677,-0.244, 0.176, 1.231,0.000,-0.306,0.431, 0.744,-0.176,-0.602;
0.000,-2.967,15.795,0.507,12.321,-0.244, 0.174, 1.231,0.000,-0.153,0.000, 0.744,-0.174,-0.602;
0.000,-11.329,24.157,-7.855,20.683,-0.244, 0.171, 1.231,0.000,-0.308,0.000, 0.744,-0.171,-0.602;
0.000,-12.143,24.971,-8.669,21.497,-0.244, 0.167, 1.231,0.000,-0.324,0.000, 0.744,-0.167,-0.602;
0.000,-2.742,15.641,0.653,12.245,-0.244, 0.165, 1.217,0.000,-0.152,-1.191, 0.744,-0.165,-0.589;
0.000,1.159,20.431,4.632,16.957,-0.242, 0.162, 1.231,0.081,-0.162,0.632, 0.742,-0.162,-0.602;
0.000,-10.146,22.914,-6.672,19.441,-0.242, 0.158, 1.231,0.000,-0.289,0.000, 0.742,-0.158,-0.602;
0.000,-2.360,15.128,1.114,11.654,-0.242, 0.157, 1.231,0.000,-0.147,0.000, 0.742,-0.157,-0.602;
0.000,-2.383,31.218,1.091,27.745,-0.240, 0.153, 1.231,0.148,-0.296,0.000, 0.740,-0.153,-0.602;
0.000,-9.742,22.451,-6.268,18.977,-0.240, 0.150, 1.231,0.000,-0.284,0.000, 0.740,-0.150,-0.602;
0.000,-3.027,33.003,0.553,29.423,-0.238, 0.146, 1.249,0.161,-0.322,1.699, 0.738,-0.146,-0.621;
0.000,-10.277,22.875,-6.776,19.374,-0.238, 0.143, 1.235,0.000,-0.296,-1.152, 0.738,-0.143,-0.607;
0.000,5.746,22.436,9.299,18.883,-0.237, 0.141, 1.244,0.145,-0.145,0.746, 0.737,-0.141,-0.616;
0.000,-2.331,30.905,1.249,27.326,-0.235, 0.138, 1.249,0.150,-0.299,0.396, 0.735,-0.138,-0.621;
0.000,-10.490,22.908,-6.911,19.328,-0.235, 0.134, 1.249,0.000,-0.302,0.000, 0.735,-0.134,-0.621;
0.000,5.824,23.469,9.377,19.916,-0.233, 0.132, 1.244,0.156,-0.156,-0.414, 0.733,-0.132,-0.616;
0.000,-2.391,31.146,1.189,27.566,-0.232, 0.129, 1.249,0.152,-0.305,0.403, 0.732,-0.129,-0.621;
0.000,-2.391,31.125,1.189,27.545,-0.230, 0.125, 1.249,0.153,-0.305,0.000, 0.730,-0.125,-0.621;
0.000,-1.991,14.256,1.562,10.703,-0.230, 0.124, 1.244,0.000,-0.146,-0.387, 0.730,-0.124,-0.616;
0.000,-2.117,30.383,1.463,26.803,-0.228, 0.120, 1.249,0.149,-0.298,0.394, 0.728,-0.120,-0.621;
0.000,5.943,22.490,9.496,18.937,-0.226, 0.118, 1.244,0.150,-0.150,-0.398, 0.726,-0.118,-0.616;
0.000,-2.435,31.350,1.118,27.797,-0.225, 0.115, 1.244,0.155,-0.311,0.000, 0.725,-0.115,-0.616;
0.000,1.679,18.921,5.259,15.342,-0.223, 0.111, 1.249,0.080,-0.159,0.211, 0.723,-0.111,-0.621;
0.000,-1.742,29.180,1.838,25.600,-0.221, 0.108, 1.249,0.143,-0.287,0.000, 0.721,-0.108,-0.621;
0.000,6.032,22.568,9.585,19.015,-0.219, 0.106, 1.244,0.154,-0.154,-0.408, 0.719,-0.106,-0.616;
0.000,-2.038,30.027,1.542,26.447,-0.218, 0.103, 1.249,0.150,-0.299,0.396, 0.718,-0.103,-0.621;
0.000,-1.811,29.326,1.769,25.747,-0.216, 0.099, 1.249,0.146,-0.292,0.000, 0.716,-0.099,-0.621;
0.000,6.064,21.961,9.643,18.381,-0.214, 0.097, 1.249,0.151,-0.151,0.000, 0.714,-0.097,-0.621;
0.000,6.091,21.605,9.644,18.051,-0.212, 0.096, 1.244,0.148,-0.148,-0.392, 0.712,-0.096,-0.616;
0.000,-1.706,28.911,1.874,25.331,-0.211, 0.092, 1.249,0.145,-0.289,0.383, 0.711,-0.092,-0.621;
0.000,13.737,28.672,17.396,25.013,-0.207, 0.091, 1.263,0.289,-0.145,1.138, 0.707,-0.091,-0.634;
0.000,-1.552,27.986,2.107,24.328,-0.205, 0.087, 1.263,0.141,-0.282,0.000, 0.705,-0.087,-0.634;
0.000,5.999,20.724,9.658,17.066,-0.204, 0.085, 1.263,0.144,-0.144,0.000, 0.704,-0.085,-0.634;
0.000,6.082,21.407,9.662,17.828,-0.202, 0.084, 1.249,0.150,-0.150,-1.181, 0.702,-0.084,-0.621;
0.000,6.093,21.401,9.673,17.821,-0.200, 0.082, 1.249,0.151,-0.151,0.000, 0.700,-0.082,-0.621;
0.000,14.396,29.971,17.949,26.418,-0.197, 0.080, 1.244,0.307,-0.154,-0.406, 0.697,-0.080,-0.616;
0.000,6.068,21.904,9.647,18.325,-0.195, 0.078, 1.249,0.157,-0.157,0.415, 0.695,-0.078,-0.621;
0.000,6.064,21.944,9.643,18.365,-0.193, 0.077, 1.249,0.158,-0.158,0.000, 0.693,-0.077,-0.621;
0.000,14.343,30.011,18.002,26.353,-0.190, 0.075, 1.263,0.313,-0.156,1.230, 0.690,-0.075,-0.634;
0.000,10.180,9.104,13.839,5.445,-0.188, 0.075, 1.263,0.080,0.000,0.000, 0.688,-0.075,-0.634;
0.000,5.994,20.519,9.573,16.939,-0.186, 0.073, 1.249,0.146,-0.146,-1.149, 0.686,-0.073,-0.621;
0.000,13.743,12.496,17.323,8.916,-0.185, 0.073, 1.249,0.144,0.000,0.000, 0.685,-0.073,-0.621;
0.000,21.927,20.770,25.586,17.111,-0.181, 0.073, 1.263,0.300,0.000,1.181, 0.681,-0.073,-0.634;
0.000,13.474,12.339,17.132,8.680,-0.179, 0.073, 1.263,0.143,0.000,0.000, 0.679,-0.073,-0.634;
0.000,13.394,12.259,17.052,8.600,-0.178, 0.073, 1.263,0.142,0.000,0.000, 0.678,-0.073,-0.634;
0.000,13.455,12.424,17.194,8.686,-0.176, 0.073, 1.277,0.147,0.000,1.165, 0.676,-0.073,-0.648;
0.000,13.312,12.323,17.075,8.561,-0.174, 0.073, 1.281,0.146,0.000,0.347, 0.674,-0.073,-0.652;
0.000,29.914,12.729,33.732,8.911,-0.171, 0.075, 1.290,0.309,0.154,0.869, 0.671,-0.075,-0.662;
0.000,12.974,12.158,16.815,8.316,-0.169, 0.075, 1.294,0.144,0.000,0.329, 0.669,-0.075,-0.666;
0.000,20.139,4.567,24.060,0.646,-0.167, 0.077, 1.308,0.143,0.143,1.137, 0.667,-0.077,-0.680;
0.000,20.375,4.577,24.297,0.656,-0.165, 0.078, 1.308,0.145,0.145,0.000, 0.665,-0.078,-0.680;
0.000,20.016,4.586,24.019,0.584,-0.164, 0.080, 1.322,0.145,0.145,1.161, 0.664,-0.080,-0.694;
0.000,20.792,4.596,24.794,0.594,-0.162, 0.082, 1.322,0.153,0.153,0.000, 0.662,-0.082,-0.694;
0.000,20.943,4.603,25.027,0.519,-0.160, 0.084, 1.336,0.157,0.157,1.269, 0.660,-0.084,-0.708;
0.000,12.907,-3.523,17.010,-7.626,-0.160, 0.085, 1.340,0.000,0.159,0.304, 0.660,-0.085,-0.711;
0.000,21.090,4.647,25.193,0.545,-0.158, 0.087, 1.340,0.160,0.160,0.000, 0.658,-0.087,-0.711;
0.000,28.718,-3.392,32.883,-7.557,-0.157, 0.091, 1.351,0.158,0.316,0.986, 0.657,-0.091,-0.722;
0.000,20.430,4.695,24.694,0.430,-0.155, 0.092, 1.368,0.160,0.160,1.577, 0.655,-0.092,-0.739;
0.000,12.509,-3.455,16.774,-7.719,-0.155, 0.096, 1.368,0.000,0.163,0.000, 0.655,-0.096,-0.739;
0.000,19.596,4.769,23.942,0.424,-0.153, 0.097, 1.382,0.155,0.155,1.258, 0.653,-0.097,-0.754;
0.000,19.491,-10.577,23.837,-14.922,-0.153, 0.101, 1.382,0.000,0.309,0.000, 0.653,-0.101,-0.754;
0.000,19.246,4.840,23.688,0.398,-0.151, 0.103, 1.399,0.155,0.155,1.491, 0.651,-0.103,-0.770;
0.000,19.355,-10.577,23.783,-15.005,-0.151, 0.106, 1.396,0.000,0.313,-0.223, 0.651,-0.106,-0.768;
0.000,19.221,-10.447,23.649,-14.875,-0.151, 0.110, 1.396,0.000,0.312,0.000, 0.651,-0.110,-0.768;
0.000,26.639,-2.689,31.149,-7.200,-0.150, 0.113, 1.410,0.157,0.313,1.287, 0.650,-0.113,-0.782;
0.000,19.043,-10.412,23.554,-14.922,-0.150, 0.117, 1.410,0.000,0.316,0.000, 0.650,-0.117,-0.782;
0.000,11.124,-2.610,15.729,-7.215,-0.150, 0.118, 1.427,0.000,0.159,1.504, 0.650,-0.118,-0.799;
0.000,11.381,-2.853,15.986,-7.459,-0.150, 0.122, 1.427,0.000,0.165,0.000, 0.650,-0.122,-0.799;
0.000,18.228,-9.700,22.833,-14.306,-0.150, 0.125, 1.427,0.000,0.308,0.000, 0.650,-0.125,-0.799;
0.000,10.849,-17.018,15.372,-21.541,-0.151, 0.129, 1.413,-0.152,0.304,-1.237, 0.651,-0.129,-0.784;
0.000,25.752,-17.187,30.345,-21.780,-0.151, 0.134, 1.425,0.000,0.465,1.076, 0.651,-0.134,-0.796;
0.000,17.883,-9.289,22.476,-13.882,-0.151, 0.138, 1.425,0.000,0.303,0.000, 0.651,-0.138,-0.796;
0.000,10.560,-16.375,15.070,-20.885,-0.153, 0.141, 1.410,-0.149,0.298,-1.228, 0.653,-0.141,-0.782;
0.000,17.794,-9.169,22.388,-13.762,-0.153, 0.144, 1.425,0.000,0.303,1.252, 0.653,-0.144,-0.796;
0.000,10.680,-16.839,15.190,-21.349,-0.155, 0.148, 1.410,-0.153,0.306,-1.262, 0.655,-0.148,-0.782;
0.000,17.045,-8.364,21.638,-12.957,-0.155, 0.151, 1.425,0.000,0.290,1.195, 0.655,-0.151,-0.796;
0.000,10.435,-16.214,14.945,-20.725,-0.157, 0.155, 1.410,-0.150,0.299,-1.234, 0.657,-0.155,-0.782;
0.000,10.646,-16.901,15.157,-21.412,-0.158, 0.158, 1.410,-0.155,0.310,0.000, 0.658,-0.158,-0.782;
0.000,10.668,-16.630,15.096,-21.058,-0.160, 0.162, 1.396,-0.152,0.304,-1.248, 0.660,-0.162,-0.768;
0.000,17.593,-8.661,22.103,-13.171,-0.160, 0.165, 1.410,0.000,0.299,1.226, 0.660,-0.165,-0.782;
0.000,6.872,-5.685,11.382,-10.195,-0.162, 0.169, 1.410,-0.080,0.160,0.000, 0.662,-0.169,-0.782;
0.000,10.026,-15.148,14.536,-19.658,-0.164, 0.172, 1.410,-0.145,0.290,0.000, 0.664,-0.172,-0.782;
0.000,10.570,-16.780,15.080,-21.290,-0.165, 0.176, 1.410,-0.157,0.313,0.000, 0.665,-0.176,-0.782;
0.000,10.140,-15.489,14.650,-19.999,-0.167, 0.179, 1.410,-0.148,0.297,0.000, 0.667,-0.179,-0.782;
0.000,2.985,-7.992,7.413,-12.420,-0.169, 0.181, 1.396,-0.145,0.145,-1.190, 0.669,-0.181,-0.768;
0.000,10.214,-15.378,14.642,-19.806,-0.171, 0.185, 1.396,-0.147,0.294,0.000, 0.671,-0.185,-0.768;
0.000,10.174,-15.255,14.601,-19.683,-0.172, 0.188, 1.396,-0.147,0.293,0.000, 0.672,-0.188,-0.768;
0.000,10.482,-16.181,14.910,-20.609,-0.174, 0.191, 1.396,-0.153,0.307,0.000, 0.674,-0.191,-0.768;
0.000,-4.415,-15.667,-0.069,-20.013,-0.178, 0.193, 1.382,-0.298,0.149,-1.218, 0.678,-0.193,-0.754;
0.000,10.384,-15.447,14.730,-19.793,-0.179, 0.197, 1.382,-0.148,0.296,0.000, 0.679,-0.197,-0.754;
0.000,10.431,-15.921,14.859,-20.348,-0.181, 0.200, 1.396,-0.153,0.307,1.253, 0.681,-0.200,-0.768;
0.000,2.867,-8.145,7.295,-12.573,-0.183, 0.202, 1.396,-0.152,0.152,0.000, 0.683,-0.202,-0.768;
0.000,2.981,-24.014,7.327,-28.360,-0.186, 0.205, 1.382,-0.310,0.310,-1.269, 0.686,-0.205,-0.754;
0.000,10.533,-15.667,14.864,-19.997,-0.188, 0.209, 1.379,-0.152,0.303,-0.240, 0.688,-0.209,-0.751;
0.000,2.928,-7.685,7.274,-12.031,-0.190, 0.211, 1.382,-0.148,0.148,0.234, 0.690,-0.211,-0.754;
0.000,10.755,-16.276,15.085,-20.606,-0.191, 0.214, 1.379,-0.157,0.313,-0.247, 0.691,-0.214,-0.751;
0.000,3.016,-8.436,7.264,-12.683,-0.195, 0.218, 1.365,-0.156,0.156,-0.643, 0.695,-0.218,-0.736;
0.000,3.010,-8.883,7.258,-13.130,-0.197, 0.219, 1.365,-0.161,0.161,0.000, 0.697,-0.219,-0.736;
0.000,3.010,-23.003,7.258,-27.250,-0.200, 0.223, 1.365,-0.302,0.302,0.000, 0.700,-0.223,-0.736;
0.000,3.010,-7.347,7.258,-11.595,-0.202, 0.225, 1.365,-0.148,0.148,0.000, 0.702,-0.225,-0.736;
0.000,10.424,-14.685,14.671,-18.932,-0.204, 0.228, 1.365,-0.147,0.295,0.000, 0.704,-0.228,-0.736;
0.000,-4.345,-14.652,-0.180,-18.817,-0.207, 0.230, 1.351,-0.293,0.146,-1.198, 0.707,-0.230,-0.722;
0.000,10.715,-15.116,14.880,-19.281,-0.209, 0.233, 1.351,-0.150,0.300,0.000, 0.709,-0.233,-0.722;
0.000,-4.587,-15.159,-0.422,-19.324,-0.212, 0.235, 1.351,-0.302,0.151,0.000, 0.712,-0.235,-0.722;
0.000,3.099,-6.937,7.264,-11.102,-0.214, 0.237, 1.351,-0.146,0.146,0.000, 0.714,-0.237,-0.722;
0.000,3.210,-23.920,7.293,-28.004,-0.218, 0.240, 1.336,-0.311,0.311,-1.266, 0.718,-0.240,-0.708;
0.000,3.086,-8.167,7.251,-12.332,-0.219, 0.242, 1.351,-0.160,0.160,1.300, 0.719,-0.242,-0.722;
0.000,3.234,-22.216,7.297,-26.280,-0.223, 0.245, 1.333,-0.296,0.296,-1.493, 0.723,-0.245,-0.705;
0.000,3.183,-7.578,7.266,-11.661,-0.225, 0.247, 1.336,-0.154,0.154,0.303, 0.725,-0.247,-0.708;
0.000,-4.461,-14.634,-0.377,-18.718,-0.228, 0.249, 1.336,-0.298,0.149,0.000, 0.728,-0.249,-0.708;
0.000,-4.664,-15.548,-0.662,-19.550,-0.232, 0.251, 1.322,-0.309,0.154,-1.248, 0.732,-0.251,-0.694;
0.000,7.515,-3.999,11.496,-7.980,-0.233, 0.254, 1.319,-0.081,0.161,-0.167, 0.733,-0.254,-0.690;
0.000,-4.342,-14.707,-0.442,-18.607,-0.237, 0.256, 1.305,-0.297,0.149,-1.209, 0.737,-0.256,-0.676;
0.000,3.435,-6.873,7.334,-10.773,-0.238, 0.258, 1.305,-0.149,0.149,0.000, 0.738,-0.258,-0.676;
0.000,-4.306,1.016,-0.385,-2.906,-0.240, 0.258, 1.308,-0.148,0.000,0.323, 0.740,-0.258,-0.680;
0.000,-4.113,-14.272,-0.294,-18.091,-0.244, 0.259, 1.290,-0.292,0.146,-1.496, 0.744,-0.259,-0.662;
0.000,3.603,-6.607,7.398,-10.402,-0.245, 0.261, 1.286,-0.147,0.147,-0.344, 0.745,-0.261,-0.658;
0.000,-12.112,-6.851,-8.374,-10.590,-0.249, 0.261, 1.277,-0.298,0.000,-0.842, 0.749,-0.261,-0.648;
0.000,3.744,-5.245,7.457,-8.959,-0.251, 0.263, 1.272,-0.134,0.134,-0.328, 0.751,-0.263,-0.644;
0.000,-12.960,-7.833,-9.406,-11.386,-0.254, 0.263, 1.244,-0.313,0.000,-2.506, 0.754,-0.263,-0.616;
0.000,-3.806,1.371,-0.252,-2.182,-0.256, 0.263, 1.244,-0.144,0.000,0.000, 0.756,-0.263,-0.616;
0.000,-3.485,1.613,-0.011,-1.861,-0.258, 0.263, 1.231,-0.139,0.000,-1.099, 0.758,-0.263,-0.602;
0.000,-3.723,1.386,-0.249,-2.088,-0.259, 0.263, 1.231,-0.144,0.000,0.000, 0.759,-0.263,-0.602;
0.000,-12.504,-7.579,-9.187,-10.897,-0.263, 0.263, 1.204,-0.306,0.000,-2.378, 0.763,-0.263,-0.575;
0.000,-4.098,0.843,-0.811,-2.444,-0.265, 0.263, 1.198,-0.154,0.000,-0.461, 0.765,-0.263,-0.570;
0.000,-3.997,0.870,-0.787,-2.340,-0.266, 0.263, 1.185,-0.153,0.000,-1.185, 0.766,-0.263,-0.557;
0.000,-4.058,0.787,-0.880,-2.391,-0.268, 0.263, 1.179,-0.155,0.000,-0.491, 0.768,-0.263,-0.551;
0.000,-3.842,0.927,-0.742,-2.173,-0.270, 0.263, 1.166,-0.152,0.000,-1.177, 0.770,-0.263,-0.538;
0.000,-21.159,0.800,-18.135,-2.223,-0.273, 0.261, 1.153,-0.308,-0.154,-1.178, 0.773,-0.261,-0.524;
0.000,-3.640,17.956,-0.617,14.933,-0.273, 0.259, 1.153,0.000,-0.151,0.000, 0.773,-0.259,-0.524;
0.000,0.507,5.065,3.496,2.076,-0.275, 0.259, 1.147,-0.078,0.000,-0.268, 0.775,-0.259,-0.518;
0.000,-10.989,9.476,-8.077,6.564,-0.277, 0.258, 1.133,-0.141,-0.141,-1.081, 0.777,-0.258,-0.505;
0.000,-12.689,9.473,-9.853,6.637,-0.279, 0.256, 1.120,-0.157,-0.157,-1.185, 0.779,-0.256,-0.492;
0.000,-11.106,9.486,-8.270,6.649,-0.280, 0.254, 1.120,-0.143,-0.143,0.000, 0.780,-0.254,-0.492;
0.000,-11.757,9.473,-8.995,6.711,-0.282, 0.252, 1.107,-0.150,-0.150,-1.116, 0.782,-0.252,-0.479;
0.000,-11.330,9.462,-8.681,6.813,-0.284, 0.251, 1.088,-0.146,-0.146,-1.638, 0.784,-0.251,-0.459;
0.000,-11.501,9.479,-8.851,6.830,-0.285, 0.249, 1.088,-0.148,-0.148,0.000, 0.785,-0.249,-0.459;
0.000,-2.810,17.895,-0.161,15.246,-0.285, 0.247, 1.088,0.000,-0.147,0.000, 0.785,-0.247,-0.459;
0.000,-11.992,9.420,-9.457,6.885,-0.287, 0.245, 1.068,-0.153,-0.153,-1.738, 0.787,-0.245,-0.440;
0.000,-10.354,25.571,-7.778,22.996,-0.287, 0.242, 1.075,0.000,-0.280,0.558, 0.787,-0.242,-0.447;
0.000,-11.528,9.350,-9.066,6.888,-0.289, 0.240, 1.055,-0.151,-0.151,-1.700, 0.789,-0.240,-0.427;
0.000,-2.996,18.353,-0.534,15.890,-0.289, 0.238, 1.055,0.000,-0.155,0.000, 0.789,-0.238,-0.427;
0.000,-2.765,18.145,-0.344,15.725,-0.289, 0.237, 1.048,0.000,-0.152,-0.631, 0.789,-0.237,-0.420;
0.000,-11.673,27.043,-9.211,24.581,-0.289, 0.233, 1.055,0.000,-0.306,0.636, 0.789,-0.233,-0.427;
0.000,-2.797,18.177,-0.377,15.757,-0.289, 0.232, 1.048,0.000,-0.154,-0.641, 0.789,-0.232,-0.420;
0.000,-20.576,18.110,-18.257,15.791,-0.291, 0.228, 1.030,-0.153,-0.307,-1.553, 0.791,-0.228,-0.402;
0.000,-2.803,18.346,-0.528,16.071,-0.291, 0.226, 1.023,0.000,-0.157,-0.673, 0.791,-0.226,-0.395;
0.000,6.376,18.222,8.723,15.874,-0.289, 0.225, 1.035,0.078,-0.078,0.560, 0.789,-0.225,-0.407;
0.000,-13.926,29.364,-11.578,27.016,-0.289, 0.221, 1.035,0.000,-0.348,0.000, 0.789,-0.221,-0.407;
0.000,-13.881,29.336,-11.605,27.061,-0.289, 0.218, 1.023,0.000,-0.348,-1.244, 0.789,-0.218,-0.395;
0.000,-0.139,15.625,2.137,13.349,-0.289, 0.216, 1.023,0.000,-0.115,0.000, 0.789,-0.216,-0.395;
0.000,-2.158,35.146,0.117,32.870,-0.287, 0.212, 1.023,0.150,-0.299,0.000, 0.787,-0.212,-0.395;
0.000,-8.996,24.417,-6.720,22.142,-0.287, 0.209, 1.023,0.000,-0.267,0.000, 0.787,-0.209,-0.395;
0.000,6.717,28.469,8.948,26.237,-0.285, 0.207, 1.015,0.169,-0.169,-0.739, 0.785,-0.207,-0.387;
0.000,-11.045,26.416,-8.769,24.140,-0.285, 0.204, 1.023,0.000,-0.303,0.665, 0.785,-0.204,-0.395;
0.000,-1.972,34.779,0.304,32.504,-0.284, 0.200, 1.023,0.149,-0.299,0.000, 0.784,-0.200,-0.395;
0.000,-10.240,25.533,-7.964,23.257,-0.284, 0.197, 1.023,0.000,-0.291,0.000, 0.784,-0.197,-0.395;
0.000,6.850,25.609,9.125,23.333,-0.282, 0.195, 1.023,0.147,-0.147,0.000, 0.782,-0.195,-0.395;
0.000,-1.743,34.158,0.533,31.882,-0.280, 0.191, 1.023,0.147,-0.294,0.000, 0.780,-0.191,-0.395;
0.000,-2.207,17.422,-0.047,15.262,-0.280, 0.190, 1.003,0.000,-0.156,-1.793, 0.780,-0.190,-0.375;
0.000,-2.238,35.804,0.038,33.528,-0.279, 0.186, 1.023,0.157,-0.314,1.802, 0.779,-0.186,-0.395;
0.000,6.946,26.599,9.222,24.323,-0.277, 0.185, 1.023,0.158,-0.158,0.000, 0.777,-0.185,-0.395;
0.000,-2.170,35.438,0.106,33.163,-0.275, 0.181, 1.023,0.156,-0.312,0.000, 0.775,-0.181,-0.395;
0.000,6.978,25.318,9.254,23.043,-0.273, 0.179, 1.023,0.148,-0.148,0.000, 0.773,-0.179,-0.395;
0.000,6.978,17.182,9.254,14.906,-0.272, 0.178, 1.023,0.079,-0.079,0.000, 0.772,-0.178,-0.395;
0.000,6.978,25.342,9.254,23.066,-0.270, 0.176, 1.023,0.149,-0.149,0.000, 0.770,-0.176,-0.395;
0.000,15.750,16.532,17.982,14.301,-0.268, 0.176, 1.015,0.149,0.000,-0.654, 0.768,-0.176,-0.387;
0.000,6.952,23.608,9.227,21.332,-0.266, 0.174, 1.023,0.136,-0.136,0.594, 0.766,-0.174,-0.395;
0.000,6.946,26.317,9.222,24.041,-0.265, 0.172, 1.023,0.159,-0.159,0.000, 0.765,-0.172,-0.395;
0.000,15.503,16.263,17.850,13.915,-0.263, 0.172, 1.035,0.148,0.000,1.057, 0.763,-0.172,-0.407;
0.000,15.347,16.117,17.694,13.770,-0.261, 0.172, 1.035,0.146,0.000,0.000, 0.761,-0.172,-0.407;
0.000,6.791,24.910,9.181,22.520,-0.259, 0.171, 1.043,0.149,-0.149,0.628, 0.759,-0.171,-0.414;
0.000,15.255,16.074,17.717,13.612,-0.258, 0.171, 1.055,0.147,0.000,1.059, 0.758,-0.171,-0.427;
0.000,15.257,16.125,17.760,13.622,-0.256, 0.171, 1.062,0.149,0.000,0.603, 0.756,-0.171,-0.434;
0.000,14.001,14.874,16.503,12.372,-0.254, 0.171, 1.062,0.128,0.000,0.000, 0.754,-0.171,-0.434;
0.000,25.681,7.464,28.143,5.002,-0.252, 0.172, 1.055,0.164,0.164,-0.666, 0.752,-0.172,-0.427;
0.000,15.018,16.016,17.593,13.441,-0.251, 0.172, 1.075,0.148,0.000,1.674, 0.751,-0.172,-0.447;
0.000,23.998,25.154,26.759,22.393,-0.247, 0.172, 1.107,0.310,0.000,2.874, 0.747,-0.172,-0.479;
0.000,23.941,7.414,26.703,4.652,-0.245, 0.174, 1.107,0.155,0.155,0.000, 0.745,-0.174,-0.479;
0.000,23.951,7.413,26.751,4.614,-0.244, 0.176, 1.114,0.157,0.157,0.592, 0.744,-0.176,-0.485;
0.000,14.919,16.337,17.755,13.500,-0.242, 0.176, 1.120,0.157,0.000,0.578, 0.742,-0.176,-0.492;
0.000,23.518,7.390,26.466,4.442,-0.240, 0.178, 1.139,0.156,0.156,1.731, 0.740,-0.178,-0.511;
0.000,10.263,2.946,13.210,-0.001,-0.240, 0.179, 1.139,0.000,0.079,0.000, 0.740,-0.179,-0.511;
0.000,22.385,7.439,25.333,4.492,-0.238, 0.181, 1.139,0.147,0.147,0.000, 0.738,-0.181,-0.511;
0.000,22.228,7.436,25.251,4.413,-0.237, 0.183, 1.153,0.148,0.148,1.119, 0.737,-0.183,-0.524;
0.000,21.882,7.444,24.983,4.344,-0.235, 0.185, 1.166,0.147,0.147,1.124, 0.735,-0.185,-0.538;
0.000,22.014,7.453,25.147,4.320,-0.233, 0.186, 1.172,0.149,0.149,0.486, 0.733,-0.186,-0.543;
0.000,21.266,7.453,24.476,4.243,-0.232, 0.188, 1.185,0.144,0.144,1.106, 0.732,-0.188,-0.557;
0.000,22.034,-9.365,25.244,-12.575,-0.232, 0.191, 1.185,0.000,0.304,0.000, 0.732,-0.191,-0.557;
0.000,20.817,7.516,24.135,4.198,-0.230, 0.193, 1.204,0.144,0.144,1.543, 0.730,-0.193,-0.575;
0.000,28.829,-0.446,32.195,-3.812,-0.228, 0.197, 1.212,0.146,0.291,0.703, 0.728,-0.197,-0.584;
0.000,22.611,7.559,26.006,4.163,-0.226, 0.198, 1.217,0.163,0.163,0.474, 0.726,-0.198,-0.589;
0.000,21.688,-9.378,25.083,-12.774,-0.226, 0.202, 1.217,0.000,0.310,0.000, 0.726,-0.202,-0.589;
0.000,30.051,-0.877,33.525,-4.351,-0.225, 0.205, 1.231,0.156,0.313,1.221, 0.725,-0.205,-0.602;
0.000,28.643,-0.433,32.196,-3.986,-0.223, 0.209, 1.244,0.150,0.299,1.181, 0.723,-0.209,-0.616;
0.000,21.420,-9.389,24.973,-12.942,-0.223, 0.212, 1.244,0.000,0.317,0.000, 0.723,-0.212,-0.616;
0.000,21.420,7.740,25.000,4.160,-0.221, 0.214, 1.249,0.159,0.159,0.422, 0.721,-0.214,-0.621;
0.000,12.736,-0.791,16.316,-4.371,-0.221, 0.218, 1.249,0.000,0.159,0.000, 0.721,-0.218,-0.621;
0.000,19.795,-7.851,23.375,-11.430,-0.221, 0.221, 1.249,0.000,0.291,0.000, 0.721,-0.221,-0.621;
0.000,19.915,-7.970,23.495,-11.550,-0.221, 0.225, 1.249,0.000,0.294,0.000, 0.721,-0.225,-0.621;
0.000,20.402,-8.458,23.982,-12.037,-0.221, 0.228, 1.249,0.000,0.304,0.000, 0.721,-0.228,-0.621;
0.000,27.812,-0.017,31.471,-3.676,-0.219, 0.232, 1.263,0.149,0.299,1.175, 0.719,-0.232,-0.634;
0.000,11.031,-13.411,14.610,-16.991,-0.221, 0.235, 1.249,-0.133,0.266,-1.045, 0.721,-0.235,-0.621;
0.000,19.677,-7.732,23.257,-11.312,-0.221, 0.238, 1.249,0.000,0.294,0.000, 0.721,-0.238,-0.621;
0.000,19.012,-7.170,22.670,-10.829,-0.221, 0.242, 1.263,0.000,0.287,1.128, 0.721,-0.242,-0.634;
0.000,27.335,-15.435,30.968,-19.068,-0.221, 0.247, 1.258,0.000,0.442,-0.376, 0.721,-0.247,-0.630;
0.000,19.369,-7.480,23.002,-11.114,-0.221, 0.251, 1.258,0.000,0.295,0.000, 0.721,-0.251,-0.630;
0.000,19.436,-7.581,23.094,-11.240,-0.221, 0.254, 1.263,0.000,0.298,0.380, 0.721,-0.254,-0.634;
0.000,27.093,-15.194,30.727,-18.827,-0.221, 0.259, 1.258,0.000,0.441,-0.375, 0.721,-0.259,-0.630;
0.000,19.002,-7.147,22.661,-10.806,-0.221, 0.263, 1.263,0.000,0.293,0.374, 0.721,-0.263,-0.634;
0.000,25.648,1.063,29.386,-2.675,-0.219, 0.266, 1.277,0.141,0.282,1.119, 0.719,-0.266,-0.648;
0.000,19.401,-23.662,23.034,-27.295,-0.221, 0.272, 1.258,-0.151,0.452,-1.580, 0.721,-0.272,-0.630;
0.000,19.646,-7.792,23.304,-11.450,-0.221, 0.275, 1.263,0.000,0.309,0.394, 0.721,-0.275,-0.634;
0.000,20.163,-8.301,23.821,-11.960,-0.221, 0.279, 1.263,0.000,0.319,0.000, 0.721,-0.279,-0.634;
0.000,28.619,-16.718,32.252,-20.351,-0.221, 0.284, 1.258,0.000,0.477,-0.406, 0.721,-0.284,-0.630;
0.000,19.415,-7.526,23.048,-11.159,-0.221, 0.287, 1.258,0.000,0.307,0.000, 0.721,-0.287,-0.630;
0.000,19.159,-7.270,22.792,-10.903,-0.221, 0.291, 1.258,0.000,0.303,0.000, 0.721,-0.291,-0.630;
0.000,11.452,0.437,15.085,-3.196,-0.221, 0.294, 1.258,0.000,0.161,0.000, 0.721,-0.294,-0.630;
0.000,18.520,-22.149,22.073,-25.703,-0.223, 0.299, 1.244,-0.145,0.435,-1.155, 0.723,-0.299,-0.616;
0.000,18.614,-6.583,22.168,-10.136,-0.223, 0.303, 1.244,0.000,0.293,0.000, 0.723,-0.303,-0.616;
0.000,10.650,-14.427,14.203,-17.980,-0.225, 0.306, 1.244,-0.147,0.293,0.000, 0.725,-0.306,-0.616;
0.000,18.413,-6.323,21.967,-9.876,-0.225, 0.310, 1.244,0.000,0.291,0.000, 0.725,-0.310,-0.616;
0.000,17.844,-5.754,21.397,-9.307,-0.225, 0.313, 1.244,0.000,0.282,0.000, 0.725,-0.313,-0.616;
0.000,10.607,-14.536,14.160,-18.089,-0.226, 0.317, 1.244,-0.149,0.297,0.000, 0.726,-0.317,-0.616;
0.000,10.752,-14.695,14.226,-18.169,-0.228, 0.320, 1.231,-0.149,0.298,-1.178, 0.728,-0.320,-0.602;
0.000,18.730,-6.439,22.204,-9.913,-0.228, 0.324, 1.231,0.000,0.297,0.000, 0.728,-0.324,-0.602;
0.000,10.358,-13.594,13.804,-17.039,-0.230, 0.327, 1.226,-0.143,0.286,-0.403, 0.730,-0.327,-0.597;
0.000,17.814,-5.434,21.259,-8.880,-0.230, 0.331, 1.226,0.000,0.281,0.000, 0.730,-0.331,-0.597;
0.000,11.443,-16.986,14.888,-20.431,-0.232, 0.334, 1.226,-0.165,0.329,0.000, 0.732,-0.334,-0.597;
0.000,11.073,-15.601,14.439,-18.967,-0.233, 0.338, 1.212,-0.156,0.312,-1.233, 0.733,-0.338,-0.584;
0.000,18.373,-5.896,21.819,-9.342,-0.233, 0.341, 1.226,0.000,0.293,1.160, 0.733,-0.341,-0.597;
0.000,10.722,-14.944,14.168,-18.390,-0.235, 0.345, 1.226,-0.154,0.307,0.000, 0.735,-0.345,-0.597;
0.000,11.161,-15.881,14.498,-19.218,-0.237, 0.348, 1.207,-0.159,0.317,-1.730, 0.737,-0.348,-0.578;
0.000,10.784,-14.837,14.120,-18.173,-0.238, 0.352, 1.207,-0.153,0.306,0.000, 0.738,-0.352,-0.578;
0.000,2.336,1.700,5.702,-1.667,-0.240, 0.353, 1.212,-0.080,0.080,0.239, 0.740,-0.353,-0.584;
0.000,10.271,-13.318,13.637,-16.684,-0.242, 0.357, 1.212,-0.145,0.290,0.000, 0.742,-0.357,-0.584;
0.000,11.843,-18.035,15.210,-21.402,-0.244, 0.360, 1.212,-0.174,0.348,0.000, 0.744,-0.360,-0.584;
0.000,8.951,-9.264,12.287,-12.600,-0.245, 0.364, 1.207,-0.121,0.242,-0.363, 0.745,-0.364,-0.578;
0.000,2.243,-5.438,5.609,-8.804,-0.247, 0.366, 1.212,-0.148,0.148,0.442, 0.747,-0.366,-0.584;
0.000,10.258,-13.120,13.594,-16.456,-0.249, 0.369, 1.207,-0.145,0.291,-0.435, 0.749,-0.369,-0.578;
0.000,10.708,-14.490,14.044,-17.826,-0.251, 0.373, 1.207,-0.154,0.309,0.000, 0.751,-0.373,-0.578;
0.000,2.183,-4.981,5.549,-8.348,-0.252, 0.374, 1.212,-0.146,0.146,0.437, 0.752,-0.374,-0.584;
0.000,2.304,-20.651,5.561,-23.907,-0.256, 0.378, 1.193,-0.287,0.287,-1.568, 0.756,-0.378,-0.565;
0.000,10.572,-13.693,13.829,-16.950,-0.258, 0.381, 1.193,-0.150,0.301,0.000, 0.758,-0.381,-0.565;
0.000,2.244,-5.241,5.501,-8.498,-0.259, 0.383, 1.193,-0.150,0.150,0.000, 0.759,-0.383,-0.565;
0.000,2.244,-21.606,5.501,-24.862,-0.263, 0.386, 1.193,-0.298,0.298,0.000, 0.763,-0.386,-0.565;
0.000,2.244,-4.703,5.501,-7.960,-0.265, 0.388, 1.193,-0.146,0.146,0.000, 0.765,-0.388,-0.565;
0.000,10.334,-12.738,13.591,-15.994,-0.266, 0.392, 1.193,-0.147,0.293,0.000, 0.766,-0.392,-0.565;
0.000,2.248,-21.184,5.473,-24.409,-0.270, 0.395, 1.188,-0.296,0.296,-0.470, 0.770,-0.395,-0.559;
0.000,2.208,-5.957,5.465,-9.214,-0.272, 0.397, 1.193,-0.160,0.160,0.508, 0.772,-0.397,-0.565;
0.000,-6.369,-13.942,-3.113,-17.199,-0.275, 0.399, 1.193,-0.311,0.155,0.000, 0.775,-0.399,-0.565;
0.000,2.366,-22.135,5.511,-25.281,-0.279, 0.402, 1.174,-0.306,0.306,-1.697, 0.779,-0.402,-0.545;
0.000,2.228,-4.290,5.485,-7.546,-0.280, 0.404, 1.193,-0.148,0.148,1.639, 0.780,-0.404,-0.565;
0.000,2.366,-22.338,5.512,-25.483,-0.284, 0.407, 1.174,-0.309,0.309,-1.716, 0.784,-0.407,-0.545;
0.000,-2.058,-0.935,1.087,-4.080,-0.287, 0.409, 1.174,-0.158,0.079,0.000, 0.787,-0.409,-0.545;
0.000,10.724,-12.762,13.869,-15.907,-0.289, 0.413, 1.174,-0.150,0.300,0.000, 0.789,-0.413,-0.545;
0.000,-5.811,-12.011,-2.666,-15.157,-0.292, 0.414, 1.174,-0.293,0.146,0.000, 0.792,-0.414,-0.545;
0.000,2.362,-3.265,5.507,-6.411,-0.294, 0.416, 1.174,-0.142,0.142,0.000, 0.794,-0.416,-0.545;
0.000,2.398,-21.563,5.510,-24.674,-0.298, 0.420, 1.168,-0.306,0.306,-0.512, 0.798,-0.420,-0.540;
0.000,-5.670,-11.596,-2.603,-14.663,-0.301, 0.421, 1.160,-0.290,0.145,-0.649, 0.801,-0.421,-0.532;
0.000,-5.769,-11.861,-2.702,-14.928,-0.305, 0.423, 1.160,-0.294,0.147,0.000, 0.805,-0.423,-0.532;
0.000,-5.783,-11.904,-2.716,-14.970,-0.308, 0.425, 1.160,-0.295,0.148,0.000, 0.808,-0.425,-0.532;
0.000,2.515,-3.678,5.582,-6.744,-0.310, 0.426, 1.160,-0.149,0.149,0.000, 0.810,-0.426,-0.532;
0.000,2.552,-20.076,5.584,-23.108,-0.313, 0.430, 1.154,-0.295,0.295,-0.508, 0.813,-0.430,-0.526;
0.000,-5.636,-11.350,-2.604,-14.382,-0.317, 0.432, 1.154,-0.292,0.146,0.000, 0.817,-0.432,-0.526;
0.000,-5.604,-11.254,-2.572,-14.286,-0.320, 0.433, 1.154,-0.292,0.146,0.000, 0.820,-0.433,-0.526;
0.000,-5.831,-11.838,-2.764,-14.904,-0.324, 0.435, 1.160,-0.300,0.150,0.516, 0.824,-0.435,-0.532;
0.000,-5.956,-12.238,-2.889,-15.305,-0.327, 0.437, 1.160,-0.306,0.153,0.000, 0.827,-0.437,-0.532;
0.000,-5.959,-12.569,-3.006,-15.523,-0.331, 0.439, 1.140,-0.309,0.154,-1.740, 0.831,-0.439,-0.512;
0.000,-6.113,-12.939,-3.159,-15.893,-0.334, 0.440, 1.140,-0.315,0.157,0.000, 0.834,-0.440,-0.512;
0.000,-6.261,-13.383,-3.307,-16.336,-0.338, 0.442, 1.140,-0.321,0.160,0.000, 0.838,-0.442,-0.512;
0.000,-1.681,0.356,1.272,-2.598,-0.341, 0.444, 1.140,-0.160,0.080,0.000, 0.841,-0.444,-0.512;
0.000,-13.903,-2.804,-10.949,-5.757,-0.345, 0.444, 1.140,-0.297,0.000,0.000, 0.845,-0.444,-0.512;
0.000,-5.626,-11.925,-2.787,-14.764,-0.348, 0.446, 1.121,-0.305,0.152,-1.741, 0.848,-0.446,-0.492;
0.000,-5.634,5.545,-2.680,2.592,-0.350, 0.446, 1.140,-0.152,0.000,1.737, 0.850,-0.446,-0.512;
0.000,-13.892,-2.791,-11.016,-5.667,-0.353, 0.446, 1.127,-0.299,0.000,-1.155, 0.853,-0.446,-0.499;
0.000,-5.120,-10.747,-2.358,-13.508,-0.357, 0.447, 1.107,-0.292,0.146,-1.666, 0.857,-0.447,-0.479;
0.000,-13.304,-2.175,-10.542,-4.936,-0.360, 0.447, 1.107,-0.290,0.000,0.000, 0.860,-0.447,-0.479;
0.000,-13.528,-2.462,-10.843,-5.147,-0.364, 0.447, 1.094,-0.295,0.000,-1.120, 0.864,-0.447,-0.466;
0.000,-5.199,5.862,-2.554,3.217,-0.366, 0.447, 1.087,-0.150,0.000,-0.595, 0.866,-0.447,-0.459;
0.000,-13.508,-2.441,-10.863,-5.086,-0.369, 0.447, 1.087,-0.296,0.000,0.000, 0.869,-0.447,-0.459;
0.000,-14.169,14.590,-11.484,11.905,-0.371, 0.446, 1.094,-0.154,-0.154,0.610, 0.871,-0.446,-0.466;
0.000,-13.407,-2.480,-10.838,-5.050,-0.374, 0.446, 1.074,-0.296,0.000,-1.707, 0.874,-0.446,-0.446;
0.000,-5.564,5.398,-2.994,2.829,-0.376, 0.446, 1.074,-0.161,0.000,0.000, 0.876,-0.446,-0.446;
0.000,-23.018,5.757,-20.524,3.263,-0.379, 0.444, 1.061,-0.309,-0.154,-1.154, 0.879,-0.444,-0.433;
0.000,-13.725,14.748,-11.231,12.254,-0.381, 0.442, 1.061,-0.152,-0.152,0.000, 0.881,-0.442,-0.433;
0.000,-4.816,5.943,-2.364,3.490,-0.383, 0.442, 1.054,-0.152,0.000,-0.638, 0.883,-0.442,-0.425;
0.000,-9.373,10.308,-6.996,7.930,-0.386, 0.440, 1.041,-0.155,-0.077,-0.574, 0.886,-0.440,-0.412;
0.000,-14.666,14.828,-12.289,12.451,-0.388, 0.439, 1.041,-0.162,-0.162,0.000, 0.888,-0.439,-0.412;
0.000,-13.270,14.828,-10.892,12.451,-0.390, 0.437, 1.041,-0.150,-0.150,0.000, 0.890,-0.437,-0.412;
0.000,-20.549,6.517,-18.245,4.213,-0.393, 0.435, 1.028,-0.284,-0.142,-1.041, 0.893,-0.435,-0.400;
0.000,-13.235,14.864,-10.975,12.605,-0.395, 0.433, 1.020,-0.151,-0.151,-0.672, 0.895,-0.433,-0.392;
0.000,-21.669,23.607,-19.365,21.303,-0.397, 0.430, 1.028,-0.150,-0.299,0.663, 0.897,-0.430,-0.400;
0.000,-12.648,14.836,-10.344,12.531,-0.399, 0.428, 1.028,-0.148,-0.148,0.000, 0.899,-0.428,-0.400;
0.000,-12.606,14.832,-10.346,12.573,-0.400, 0.426, 1.020,-0.148,-0.148,-0.657, 0.900,-0.426,-0.392;
0.000,-20.605,23.295,-18.301,20.991,-0.402, 0.423, 1.028,-0.145,-0.289,0.642, 0.902,-0.423,-0.400;
0.000,-11.878,14.801,-9.618,12.541,-0.404, 0.421, 1.020,-0.143,-0.143,-0.635, 0.904,-0.421,-0.392;
0.000,-11.807,31.524,-9.503,29.220,-0.404, 0.418, 1.028,0.000,-0.286,0.635, 0.904,-0.418,-0.400;
0.000,-19.905,23.029,-17.601,20.725,-0.406, 0.414, 1.028,-0.142,-0.284,0.000, 0.906,-0.414,-0.400;
0.000,-21.122,23.435,-18.818,21.131,-0.407, 0.411, 1.028,-0.149,-0.299,0.000, 0.907,-0.411,-0.400;
0.000,-3.818,23.681,-1.559,21.421,-0.407, 0.409, 1.020,0.000,-0.154,-0.683, 0.907,-0.409,-0.392;
0.000,-21.583,23.579,-19.279,21.275,-0.409, 0.406, 1.028,-0.153,-0.306,0.678, 0.909,-0.406,-0.400;
0.000,-12.401,32.297,-10.097,29.993,-0.409, 0.402, 1.028,0.000,-0.303,0.000, 0.909,-0.402,-0.400;
0.000,-20.805,23.265,-18.501,20.961,-0.411, 0.399, 1.028,-0.149,-0.299,0.000, 0.911,-0.399,-0.400;
0.000,-12.549,32.510,-10.245,30.206,-0.411, 0.395, 1.028,0.000,-0.308,0.000, 0.911,-0.395,-0.400;
0.000,-12.291,32.211,-9.914,29.834,-0.411, 0.392, 1.041,0.000,-0.305,1.116, 0.911,-0.392,-0.412;
0.000,-8.398,19.039,-6.094,16.734,-0.413, 0.388, 1.028,-0.080,-0.160,-0.585, 0.913,-0.388,-0.400;
0.000,-11.455,31.480,-9.151,29.176,-0.413, 0.385, 1.028,0.000,-0.293,0.000, 0.913,-0.385,-0.400;
0.000,-11.500,31.482,-9.122,29.105,-0.413, 0.381, 1.041,0.000,-0.295,1.080, 0.913,-0.381,-0.412;
0.000,-11.894,31.854,-9.516,29.476,-0.413, 0.378, 1.041,0.000,-0.303,0.000, 0.913,-0.378,-0.412;
0.000,-12.329,32.289,-9.951,29.912,-0.413, 0.374, 1.041,0.000,-0.312,0.000, 0.913,-0.374,-0.412;
0.000,-10.796,30.756,-8.419,28.379,-0.413, 0.371, 1.041,0.000,-0.286,0.000, 0.913,-0.371,-0.412;
0.000,-11.644,31.604,-9.266,29.227,-0.413, 0.367, 1.041,0.000,-0.302,0.000, 0.913,-0.367,-0.412;
0.000,-12.067,31.956,-9.573,29.462,-0.413, 0.364, 1.061,0.000,-0.311,1.807, 0.913,-0.364,-0.433;
0.000,-11.422,31.273,-8.928,28.779,-0.413, 0.360, 1.061,0.000,-0.300,0.000, 0.913,-0.360,-0.433;
0.000,-11.697,31.548,-9.203,29.053,-0.413, 0.357, 1.061,0.000,-0.306,0.000, 0.913,-0.357,-0.433;
0.000,-11.863,49.623,-9.328,47.088,-0.411, 0.352, 1.068,0.155,-0.466,0.636, 0.911,-0.352,-0.440;
0.000,-2.847,22.628,-0.353,20.133,-0.411, 0.350, 1.061,0.000,-0.155,-0.636, 0.911,-0.350,-0.433;
0.000,-11.563,31.350,-9.069,28.856,-0.411, 0.346, 1.061,0.000,-0.307,0.000, 0.911,-0.346,-0.433;
0.000,-12.088,31.875,-9.594,29.381,-0.411, 0.343, 1.061,0.000,-0.317,0.000, 0.911,-0.343,-0.433;
0.000,1.662,27.235,4.231,24.666,-0.409, 0.339, 1.074,0.080,-0.160,0.596, 0.909,-0.339,-0.446;
0.000,-10.808,30.481,-8.273,27.946,-0.409, 0.336, 1.068,0.000,-0.296,-0.500, 0.909,-0.336,-0.440;
0.000,-2.263,39.063,0.346,36.453,-0.407, 0.332, 1.081,0.149,-0.298,1.104, 0.907,-0.332,-0.453;
0.000,-10.811,30.355,-8.201,27.746,-0.407, 0.329, 1.081,0.000,-0.298,0.000, 0.907,-0.329,-0.453;
0.000,-2.112,38.680,0.497,36.071,-0.406, 0.326, 1.081,0.148,-0.296,0.000, 0.906,-0.326,-0.453;
0.000,-10.254,29.735,-7.644,27.125,-0.406, 0.322, 1.081,0.000,-0.290,0.000, 0.906,-0.322,-0.453;
0.000,-2.038,38.583,0.572,35.973,-0.404, 0.319, 1.081,0.148,-0.297,0.000, 0.904,-0.319,-0.453;
0.000,-2.091,38.496,0.633,35.773,-0.402, 0.315, 1.101,0.149,-0.299,1.696, 0.902,-0.315,-0.472;
0.000,-9.915,29.208,-7.266,26.559,-0.402, 0.312, 1.088,0.000,-0.286,-1.064, 0.902,-0.312,-0.459;
0.000,6.556,29.476,9.241,26.791,-0.400, 0.310, 1.094,0.146,-0.146,0.523, 0.900,-0.310,-0.466;
0.000,-1.924,38.089,0.761,35.404,-0.399, 0.306, 1.094,0.148,-0.296,0.000, 0.899,-0.306,-0.466;
0.000,-11.438,30.560,-8.714,27.836,-0.399, 0.303, 1.101,0.000,-0.315,0.606, 0.899,-0.303,-0.472;
0.000,-2.459,39.703,0.265,36.979,-0.397, 0.299, 1.101,0.159,-0.317,0.000, 0.897,-0.299,-0.472;
0.000,-2.252,39.082,0.472,36.358,-0.395, 0.296, 1.101,0.155,-0.311,0.000, 0.895,-0.296,-0.472;
0.000,-2.458,21.441,0.266,18.717,-0.395, 0.294, 1.101,0.000,-0.160,0.000, 0.895,-0.294,-0.472;
0.000,2.132,25.994,4.856,23.270,-0.393, 0.291, 1.101,0.080,-0.160,0.000, 0.893,-0.291,-0.472;
0.000,-1.593,37.167,1.131,34.443,-0.392, 0.287, 1.101,0.146,-0.291,0.000, 0.892,-0.287,-0.472;
0.000,6.766,28.749,9.490,26.026,-0.390, 0.285, 1.101,0.146,-0.146,0.000, 0.890,-0.285,-0.472;
0.000,-1.882,37.801,0.917,35.002,-0.388, 0.282, 1.114,0.151,-0.302,1.137, 0.888,-0.282,-0.485;
0.000,-1.666,37.096,1.133,34.297,-0.386, 0.279, 1.114,0.147,-0.295,0.000, 0.886,-0.279,-0.485;
0.000,6.755,28.576,9.555,25.776,-0.385, 0.277, 1.114,0.147,-0.147,0.000, 0.885,-0.277,-0.485;
0.000,-1.407,36.255,1.393,33.456,-0.383, 0.273, 1.114,0.143,-0.287,0.000, 0.883,-0.273,-0.485;
0.000,-1.741,20.272,0.983,17.549,-0.383, 0.272, 1.101,0.000,-0.150,-1.132, 0.883,-0.272,-0.472;
0.000,-1.821,37.706,0.940,34.944,-0.381, 0.268, 1.107,0.152,-0.304,0.571, 0.881,-0.268,-0.479;
0.000,6.918,28.168,9.641,25.444,-0.379, 0.266, 1.101,0.145,-0.145,-0.545, 0.879,-0.266,-0.472;
0.000,-1.118,35.529,1.644,32.767,-0.378, 0.263, 1.107,0.140,-0.281,0.527, 0.878,-0.263,-0.479;
0.000,6.949,28.239,9.673,25.515,-0.376, 0.261, 1.101,0.147,-0.147,-0.553, 0.876,-0.261,-0.472;
0.000,6.955,27.686,9.678,24.962,-0.374, 0.259, 1.101,0.143,-0.143,0.000, 0.874,-0.259,-0.472;
0.000,15.445,36.905,18.244,34.105,-0.371, 0.258, 1.114,0.300,-0.150,1.131, 0.871,-0.258,-0.485;
0.000,6.849,28.867,9.648,26.067,-0.369, 0.256, 1.114,0.155,-0.155,0.000, 0.869,-0.256,-0.485;
0.000,6.849,28.269,9.648,25.470,-0.367, 0.254, 1.114,0.151,-0.151,0.000, 0.867,-0.254,-0.485;
0.000,6.880,28.395,9.642,25.634,-0.366, 0.252, 1.107,0.152,-0.152,-0.574, 0.866,-0.252,-0.479;
0.000,15.999,20.073,18.722,17.350,-0.364, 0.252, 1.101,0.159,0.000,-0.596, 0.864,-0.252,-0.472;
0.000,15.173,36.045,18.009,33.208,-0.360, 0.251, 1.120,0.295,-0.147,1.652, 0.860,-0.251,-0.492;
0.000,15.142,19.223,17.941,16.423,-0.359, 0.251, 1.114,0.147,0.000,-0.540, 0.859,-0.251,-0.485;
0.000,11.445,15.520,14.244,12.721,-0.357, 0.251, 1.114,0.083,0.000,0.000, 0.857,-0.251,-0.485;
0.000,15.360,19.435,18.159,16.636,-0.355, 0.251, 1.114,0.152,0.000,0.000, 0.855,-0.251,-0.485;
0.000,23.422,27.568,26.334,24.656,-0.352, 0.251, 1.133,0.298,0.000,1.672, 0.852,-0.251,-0.505;
0.000,14.763,18.943,17.675,16.030,-0.350, 0.251, 1.133,0.146,0.000,0.000, 0.850,-0.251,-0.505;
0.000,14.722,18.901,17.634,15.989,-0.348, 0.251, 1.133,0.146,0.000,0.000, 0.848,-0.251,-0.505;
0.000,14.655,18.921,17.679,15.897,-0.346, 0.251, 1.153,0.148,0.000,1.639, 0.846,-0.251,-0.524;
0.000,22.909,10.595,25.933,7.572,-0.345, 0.252, 1.153,0.148,0.148,0.000, 0.845,-0.252,-0.524;
0.000,14.695,19.038,17.718,16.015,-0.343, 0.252, 1.153,0.150,0.000,0.000, 0.843,-0.252,-0.524;
0.000,30.604,18.689,33.782,15.511,-0.339, 0.254, 1.179,0.295,0.147,2.269, 0.839,-0.254,-0.551;
0.000,14.082,18.651,17.292,15.441,-0.338, 0.254, 1.185,0.147,0.000,0.466, 0.838,-0.254,-0.557;
0.000,22.742,10.455,26.030,7.167,-0.336, 0.256, 1.198,0.154,0.154,1.189, 0.836,-0.256,-0.570;
0.000,22.670,10.466,25.958,7.179,-0.334, 0.258, 1.198,0.153,0.153,0.000, 0.834,-0.258,-0.570;
0.000,22.502,10.440,25.869,7.074,-0.332, 0.259, 1.212,0.154,0.154,1.207, 0.832,-0.259,-0.584;
0.000,22.187,10.414,25.660,6.940,-0.331, 0.261, 1.231,0.154,0.154,1.655, 0.831,-0.261,-0.602;
0.000,21.919,-5.938,25.286,-9.304,-0.331, 0.265, 1.212,0.000,0.300,-1.607, 0.831,-0.265,-0.584;
0.000,21.882,10.484,25.328,7.039,-0.329, 0.266, 1.226,0.152,0.152,1.201, 0.829,-0.266,-0.597;
0.000,13.887,10.489,17.361,7.015,-0.327, 0.268, 1.231,0.080,0.080,0.225, 0.827,-0.268,-0.602;
0.000,28.564,2.661,32.090,-0.865,-0.326, 0.272, 1.240,0.144,0.289,0.747, 0.826,-0.272,-0.611;
0.000,21.122,10.465,24.755,6.832,-0.324, 0.273, 1.258,0.151,0.151,1.615, 0.824,-0.273,-0.630;
0.000,20.858,-5.366,24.411,-8.920,-0.324, 0.277, 1.244,0.000,0.295,-1.173, 0.824,-0.277,-0.616;
0.000,20.555,10.517,24.214,6.859,-0.322, 0.279, 1.263,0.148,0.148,1.551, 0.822,-0.279,-0.634;
0.000,28.068,2.707,31.782,-1.007,-0.320, 0.282, 1.272,0.147,0.293,0.805, 0.820,-0.282,-0.644;
0.000,20.026,-4.893,23.740,-8.606,-0.320, 0.285, 1.272,0.000,0.290,0.000, 0.820,-0.285,-0.644;
0.000,27.935,2.728,31.730,-1.067,-0.319, 0.289, 1.286,0.148,0.297,1.204, 0.819,-0.289,-0.658;
0.000,11.860,3.188,15.599,-0.551,-0.319, 0.291, 1.277,0.000,0.140,-0.794, 0.819,-0.291,-0.648;
0.000,19.910,-4.869,23.648,-8.607,-0.319, 0.294, 1.277,0.000,0.293,0.000, 0.819,-0.294,-0.648;
0.000,19.880,-4.798,23.594,-8.512,-0.319, 0.298, 1.272,0.000,0.292,-0.358, 0.819,-0.298,-0.644;
0.000,28.272,2.712,32.068,-1.084,-0.317, 0.301, 1.286,0.152,0.304,1.233, 0.817,-0.301,-0.658;
0.000,11.917,-12.604,15.712,-16.399,-0.319, 0.305, 1.286,-0.148,0.296,0.000, 0.819,-0.305,-0.658;
0.000,19.388,-4.427,23.183,-8.222,-0.319, 0.308, 1.286,0.000,0.290,0.000, 0.819,-0.308,-0.658;
0.000,20.224,-5.263,24.019,-9.058,-0.319, 0.312, 1.286,0.000,0.307,0.000, 0.819,-0.312,-0.658;
0.000,20.649,-5.688,24.444,-9.483,-0.319, 0.315, 1.286,0.000,0.316,0.000, 0.819,-0.315,-0.658;
0.000,19.035,-4.074,22.831,-7.870,-0.319, 0.319, 1.286,0.000,0.287,0.000, 0.819,-0.319,-0.658;
0.000,20.492,-5.531,24.287,-9.326,-0.319, 0.322, 1.286,0.000,0.315,0.000, 0.819,-0.322,-0.658;
0.000,12.079,-13.328,15.793,-17.042,-0.320, 0.326, 1.272,-0.154,0.308,-1.247, 0.820,-0.326,-0.644;
0.000,19.932,-4.937,23.728,-8.733,-0.320, 0.329, 1.286,0.000,0.307,1.243, 0.820,-0.329,-0.658;
0.000,7.983,-1.201,11.697,-4.915,-0.322, 0.332, 1.272,-0.079,0.158,-0.640, 0.822,-0.332,-0.644;
0.000,19.942,-4.707,23.630,-8.396,-0.322, 0.336, 1.268,0.000,0.303,-0.382, 0.822,-0.336,-0.640;
0.000,11.441,-11.725,15.155,-15.439,-0.324, 0.339, 1.272,-0.146,0.291,0.367, 0.824,-0.339,-0.644;
0.000,19.116,-3.823,22.804,-7.512,-0.324, 0.343, 1.268,0.000,0.289,-0.364, 0.824,-0.343,-0.640;
0.000,11.766,-12.382,15.373,-15.989,-0.326, 0.346, 1.254,-0.149,0.299,-1.216, 0.826,-0.346,-0.625;
0.000,19.338,-4.016,23.027,-7.705,-0.326, 0.350, 1.268,0.000,0.295,1.202, 0.826,-0.350,-0.640;
0.000,3.622,-2.403,7.255,-6.036,-0.327, 0.352, 1.258,-0.133,0.133,-0.733, 0.827,-0.352,-0.630;
0.000,12.091,-13.559,15.724,-17.193,-0.329, 0.355, 1.258,-0.158,0.316,0.000, 0.829,-0.355,-0.630;
0.000,19.260,-3.857,22.974,-7.571,-0.329, 0.359, 1.272,0.000,0.297,1.192, 0.829,-0.359,-0.644;
0.000,11.228,-10.934,14.835,-14.541,-0.331, 0.362, 1.254,-0.143,0.285,-1.521, 0.831,-0.362,-0.625;
0.000,11.513,-11.858,15.120,-15.465,-0.332, 0.366, 1.254,-0.149,0.298,0.000, 0.832,-0.366,-0.625;
0.000,11.233,-11.017,14.840,-14.624,-0.334, 0.369, 1.254,-0.144,0.288,0.000, 0.834,-0.369,-0.625;
0.000,3.553,-3.231,7.079,-6.757,-0.336, 0.371, 1.240,-0.144,0.144,-1.161, 0.836,-0.371,-0.611;
0.000,11.691,-12.067,15.217,-15.593,-0.338, 0.374, 1.240,-0.151,0.302,0.000, 0.838,-0.374,-0.611;
0.000,19.270,-3.423,22.877,-7.029,-0.338, 0.378, 1.254,0.000,0.295,1.191, 0.838,-0.378,-0.625;
0.000,11.797,-12.769,15.404,-16.376,-0.339, 0.381, 1.254,-0.157,0.314,0.000, 0.839,-0.381,-0.625;
0.000,3.347,-3.994,6.954,-7.601,-0.341, 0.383, 1.254,-0.154,0.154,0.000, 0.841,-0.383,-0.625;
0.000,3.449,-21.331,6.975,-24.857,-0.345, 0.386, 1.240,-0.315,0.315,-1.269, 0.845,-0.386,-0.611;
0.000,11.913,-12.561,15.411,-16.059,-0.346, 0.390, 1.235,-0.156,0.312,-0.437, 0.846,-0.390,-0.607;
0.000,3.393,4.268,6.918,0.742,-0.348, 0.392, 1.240,-0.080,0.080,0.224, 0.848,-0.392,-0.611;
0.000,11.439,-11.191,14.964,-14.717,-0.350, 0.395, 1.240,-0.149,0.298,0.000, 0.850,-0.395,-0.611;
0.000,11.368,-10.868,14.866,-14.366,-0.352, 0.399, 1.235,-0.147,0.294,-0.412, 0.852,-0.399,-0.607;
0.000,3.330,-3.019,6.856,-6.545,-0.353, 0.400, 1.240,-0.149,0.149,0.418, 0.853,-0.400,-0.611;
0.000,3.466,-18.698,6.882,-22.114,-0.357, 0.404, 1.221,-0.293,0.293,-1.593, 0.857,-0.404,-0.592;
0.000,3.319,-2.555,6.845,-6.080,-0.359, 0.406, 1.240,-0.147,0.147,1.597, 0.859,-0.406,-0.611;
0.000,11.259,-10.304,14.757,-13.802,-0.360, 0.409, 1.235,-0.146,0.291,-0.408, 0.860,-0.409,-0.607;
0.000,-4.401,-9.973,-0.985,-13.390,-0.364, 0.411, 1.221,-0.287,0.143,-1.160, 0.864,-0.411,-0.592;
0.000,12.141,-12.528,15.558,-15.945,-0.366, 0.414, 1.221,-0.160,0.319,0.000, 0.866,-0.414,-0.592;
0.000,-4.844,-11.069,-1.428,-14.486,-0.369, 0.416, 1.221,-0.303,0.151,0.000, 0.869,-0.416,-0.592;
0.000,3.435,-2.510,6.852,-5.926,-0.371, 0.418, 1.221,-0.149,0.149,0.000, 0.871,-0.418,-0.592;
0.000,3.435,-20.959,6.852,-24.375,-0.374, 0.421, 1.221,-0.319,0.319,0.000, 0.874,-0.421,-0.592;
0.000,-5.126,-11.735,-1.710,-15.151,-0.378, 0.423, 1.221,-0.314,0.157,0.000, 0.878,-0.423,-0.592;
0.000,11.893,-11.124,15.280,-14.511,-0.379, 0.426, 1.216,-0.154,0.307,-0.457, 0.879,-0.426,-0.587;
0.000,-5.148,-11.936,-1.843,-15.242,-0.383, 0.428, 1.201,-0.316,0.158,-1.282, 0.883,-0.428,-0.573;
0.000,-0.869,1.042,2.467,-2.294,-0.386, 0.430, 1.207,-0.161,0.081,0.248, 0.886,-0.430,-0.578;
0.000,3.569,-2.069,6.905,-5.405,-0.388, 0.432, 1.207,-0.150,0.150,0.000, 0.888,-0.432,-0.578;
0.000,3.605,-18.181,6.911,-21.486,-0.392, 0.435, 1.201,-0.296,0.296,-0.456, 0.892,-0.435,-0.573;
0.000,3.596,-1.697,6.902,-5.002,-0.393, 0.437, 1.201,-0.148,0.148,0.000, 0.893,-0.437,-0.573;
0.000,-4.347,-9.225,-1.042,-12.530,-0.397, 0.439, 1.201,-0.289,0.144,0.000, 0.897,-0.439,-0.573;
0.000,-4.392,-9.594,-1.167,-12.819,-0.400, 0.440, 1.188,-0.293,0.147,-1.174, 0.900,-0.440,-0.559;
0.000,-4.339,-9.379,-1.115,-12.604,-0.404, 0.442, 1.188,-0.292,0.146,0.000, 0.904,-0.442,-0.559;
0.000,-4.307,-9.281,-1.082,-12.506,-0.407, 0.444, 1.188,-0.292,0.146,0.000, 0.907,-0.444,-0.559;
0.000,3.790,-0.656,7.015,-3.881,-0.409, 0.446, 1.188,-0.142,0.142,0.000, 0.909,-0.446,-0.559;
0.000,-4.751,-10.554,-1.526,-13.779,-0.413, 0.447, 1.188,-0.309,0.154,0.000, 0.913,-0.447,-0.559;
0.000,-4.319,-9.353,-1.127,-12.545,-0.416, 0.449, 1.182,-0.295,0.147,-0.480, 0.916,-0.449,-0.554;
0.000,-13.811,-2.482,-10.699,-5.594,-0.420, 0.449, 1.168,-0.319,0.000,-1.277, 0.920,-0.449,-0.540;
0.000,-4.648,6.772,-1.423,3.547,-0.421, 0.449, 1.188,-0.154,0.000,1.742, 0.921,-0.449,-0.559;
0.000,-4.357,-9.889,-1.245,-13.000,-0.425, 0.451, 1.168,-0.302,0.151,-1.703, 0.925,-0.451,-0.540;
0.000,-13.057,-1.640,-9.945,-4.752,-0.428, 0.451, 1.168,-0.307,0.000,0.000, 0.928,-0.451,-0.540;
