0.000,0.000,0.000,0.000,0.000, 0.000, 0.000, 0.000,0.000,0.000,0.000, 0.000, 0.000, 0.000, 0.000, 0.000, 0.000, 0.000, 0.000, 0.000;
0.012,2.265,-0.844,2.265,-0.844, 0.248, 0.096,-0.168,0.000,0.000,0.000, 0.252,-0.086, 1.758,-0.109, 0.724, 1.571, 0.094, 0.061, 0.000;
0.027,7.409,0.739,7.409,0.739, 0.248, 0.098,-0.183,0.000,0.154,-1.028, 0.252,-0.077, 1.796,-0.227, 0.656, 1.571, 0.194, 0.128, 0.000;
0.040,10.630,0.690,10.630,0.690, 0.248, 0.098,-0.183,0.000,0.000,0.000, 0.251,-0.067, 1.816,-0.321, 0.601, 1.571, 0.272, 0.183, 0.000;
0.052,13.411,0.804,13.411,0.804, 0.248, 0.096,-0.168,0.000,-0.185,1.236, 0.251,-0.055, 1.820,-0.403, 0.551, 1.571, 0.340, 0.232, 0.000;
0.064,16.010,0.456,16.010,0.456, 0.248, 0.098,-0.183,0.000,0.186,-1.242, 0.250,-0.048, 1.853,-0.480, 0.504, 1.571, 0.401, 0.278, 0.000;
0.075,18.251,0.588,18.251,0.588, 0.248, 0.096,-0.168,0.000,-0.198,1.321, 0.249,-0.037, 1.856,-0.546, 0.461, 1.571, 0.454, 0.318, 0.000;
0.086,20.388,0.108,20.388,0.108, 0.248, 0.098,-0.183,0.000,0.198,-1.326, 0.248,-0.031, 1.889,-0.609, 0.420, 1.571, 0.503, 0.358, 0.000;
0.098,20.939,2.236,20.939,2.236, 0.248, 0.098,-0.183,0.000,0.000,0.000, 0.246,-0.021, 1.908,-0.674, 0.461, 1.571, 0.553, 0.315, 0.000;
0.110,21.385,4.178,21.385,4.178, 0.248, 0.098,-0.183,0.000,0.000,0.000, 0.245,-0.012, 1.926,-0.732, 0.500, 1.571, 0.597, 0.273, 0.000;
0.121,21.747,5.995,21.747,5.995, 0.248, 0.098,-0.183,0.000,0.000,0.000, 0.243,-0.004, 1.944,-0.786, 0.537, 1.571, 0.637, 0.234, 0.000;
0.133,19.784,6.612,19.784,6.612, 0.250, 0.098,-0.168,0.196,0.000,1.309, 0.239, 0.005, 1.947,-0.759, 0.575, 1.571, 0.597, 0.193, 0.000;
0.144,17.923,6.871,17.923,6.871, 0.250, 0.098,-0.168,0.000,0.000,0.000, 0.237, 0.014, 1.964,-0.732, 0.612, 1.571, 0.556, 0.154, 0.000;
0.156,15.977,7.147,15.977,7.147, 0.250, 0.098,-0.168,0.000,0.000,0.000, 0.235, 0.023, 1.983,-0.704, 0.650, 1.571, 0.514, 0.112, 0.000;
0.166,15.652,5.305,15.652,5.305, 0.250, 0.100,-0.168,0.000,0.205,0.000, 0.233, 0.029, 2.000,-0.677, 0.608, 1.571, 0.474, 0.151, 0.000;
0.177,13.727,5.786,13.727,5.786, 0.252, 0.100,-0.153,0.202,0.000,1.357, 0.228, 0.037, 2.002,-0.650, 0.643, 1.571, 0.434, 0.112, 0.000;
0.199,9.971,6.436,9.971,6.436, 0.252, 0.100,-0.138,0.000,0.000,0.689, 0.223, 0.054, 2.021,-0.597, 0.712, 1.571, 0.355, 0.035, 0.000;
0.211,9.724,4.478,9.724,4.478, 0.252, 0.103,-0.138,0.000,0.199,0.000, 0.221, 0.060, 2.039,-0.570, 0.668, 1.571, 0.315, 0.074, 0.000;
0.222,7.876,4.703,7.876,4.703, 0.254, 0.103,-0.138,0.200,0.000,0.000, 0.216, 0.068, 2.057,-0.543, 0.703, 1.571, 0.275, 0.035, 0.000;
0.233,7.616,2.800,7.616,2.800, 0.257, 0.105,-0.138,0.198,0.198,0.000, 0.210, 0.074, 2.074,-0.516, 0.658, 1.571, 0.235, 0.075, 0.000;
0.245,5.614,3.121,5.614,3.121, 0.257, 0.105,-0.122,0.000,0.000,1.286, 0.207, 0.083, 2.078,-0.488, 0.694, 1.571, 0.194, 0.034, 0.000;
0.256,5.404,1.229,5.404,1.229, 0.259, 0.107,-0.122,0.198,0.198,0.000, 0.201, 0.089, 2.095,-0.462, 0.649, 1.571, 0.154, 0.074, 0.000;
0.267,3.570,1.478,3.570,1.478, 0.259, 0.107,-0.106,0.000,0.000,1.544, 0.198, 0.096, 2.096,-0.436, 0.682, 1.571, 0.116, 0.035, 0.000;
0.278,3.731,3.325,3.731,3.325, 0.261, 0.107,-0.092,0.202,0.000,1.230, 0.192, 0.104, 2.099,-0.487, 0.715, 1.571, 0.155,-0.003, 0.000;
0.289,3.817,5.149,3.817,5.149, 0.263, 0.107,-0.077,0.204,0.000,1.394, 0.186, 0.112, 2.101,-0.538, 0.748, 1.571, 0.193,-0.042, 0.000;
0.300,3.619,3.331,3.619,3.331, 0.263, 0.109,-0.061,0.000,0.202,1.473, 0.182, 0.118, 2.102,-0.511, 0.703, 1.571, 0.154,-0.003, 0.000;
0.321,7.074,3.232,7.074,3.232, 0.266, 0.109,-0.046,0.105,0.000,0.679, 0.172, 0.132, 2.121,-0.608, 0.616, 1.571, 0.229, 0.071, 0.000;
0.333,6.987,1.184,6.987,1.184, 0.268, 0.112,-0.046,0.190,0.190,0.000, 0.165, 0.138, 2.140,-0.579, 0.568, 1.571, 0.187, 0.113, 0.000;
0.344,5.081,1.321,5.081,1.321, 0.270, 0.112,-0.031,0.198,0.000,1.361, 0.159, 0.146, 2.142,-0.552, 0.601, 1.571, 0.148, 0.073, 0.000;
0.356,7.045,1.216,7.045,1.216, 0.272, 0.114,-0.031,0.188,0.188,0.000, 0.152, 0.151, 2.161,-0.606, 0.551, 1.571, 0.189, 0.115, 0.000;
0.368,5.029,1.396,5.029,1.396, 0.272, 0.114, 0.000,0.000,0.000,2.618, 0.147, 0.159, 2.148,-0.577, 0.585, 1.571, 0.148, 0.073, 0.000;
0.379,6.986,1.358,6.986,1.358, 0.275, 0.116, 0.000,0.190,0.190,0.000, 0.139, 0.165, 2.167,-0.630, 0.535, 1.571, 0.189, 0.115, 0.000;
0.391,5.045,1.407,5.045,1.407, 0.277, 0.116, 0.015,0.195,0.000,1.342, 0.132, 0.172, 2.169,-0.601, 0.568, 1.571, 0.149, 0.074, 0.000;
0.403,7.022,1.394,7.022,1.394, 0.279, 0.118, 0.016,0.187,0.187,0.020, 0.124, 0.177, 2.188,-0.655, 0.517, 1.571, 0.191, 0.116, 0.000;
0.415,5.036,1.412,5.036,1.412, 0.281, 0.118, 0.031,0.190,0.000,1.332, 0.116, 0.185, 2.191,-0.625, 0.550, 1.571, 0.149, 0.075, 0.000;
0.426,5.099,-0.454,5.099,-0.454, 0.281, 0.121, 0.046,0.000,0.196,1.306, 0.111, 0.190, 2.194,-0.596, 0.501, 1.571, 0.109, 0.115, 0.000;
0.437,4.981,1.510,4.981,1.510, 0.283, 0.121, 0.061,0.194,0.000,1.336, 0.103, 0.197, 2.196,-0.648, 0.533, 1.571, 0.150, 0.075, 0.000;
0.449,6.853,1.575,6.853,1.575, 0.286, 0.123, 0.061,0.197,0.197,0.000, 0.095, 0.201, 2.214,-0.698, 0.484, 1.571, 0.189, 0.114, 0.000;
0.460,4.908,1.512,4.908,1.512, 0.288, 0.123, 0.078,0.194,0.000,1.437, 0.087, 0.208, 2.216,-0.669, 0.515, 1.571, 0.149, 0.074, 0.000;
0.472,6.836,1.614,6.836,1.614, 0.290, 0.125, 0.078,0.191,0.191,0.000, 0.079, 0.213, 2.234,-0.720, 0.464, 1.571, 0.190, 0.115, 0.000;
0.484,4.789,1.503,4.789,1.503, 0.292, 0.125, 0.093,0.184,0.000,1.280, 0.070, 0.220, 2.238,-0.689, 0.497, 1.571, 0.148, 0.072, 0.000;
0.496,6.724,1.752,6.724,1.752, 0.295, 0.127, 0.111,0.188,0.188,1.444, 0.061, 0.224, 2.239,-0.741, 0.445, 1.571, 0.189, 0.114, 0.000;
0.518,3.070,1.377,3.070,1.377, 0.295, 0.127, 0.124,0.000,0.000,0.628, 0.049, 0.236, 2.260,-0.683, 0.502, 1.571, 0.112, 0.038, 0.000;
0.521,3.565,1.321,3.565,1.321, 0.297, 0.129, 0.124,0.767,0.767,0.000, 0.045, 0.235, 2.264,-0.695, 0.489, 1.571, 0.122, 0.048, 0.000;
0.543,7.207,1.826,7.207,1.826, 0.299, 0.132, 0.126,0.101,0.101,0.089, 0.030, 0.245, 2.297,-0.792, 0.391, 1.571, 0.200, 0.126, 0.000;
0.547,6.421,1.717,6.421,1.717, 0.301, 0.132, 0.142,0.498,0.000,3.479, 0.025, 0.247, 2.288,-0.779, 0.402, 1.571, 0.185, 0.110, 0.000;
0.567,3.131,1.304,3.131,1.304, 0.301, 0.134, 0.157,0.000,0.113,0.786, 0.013, 0.255, 2.304,-0.725, 0.453, 1.571, 0.115, 0.041, 0.000;
0.578,2.777,3.180,2.777,3.180, 0.304, 0.134, 0.173,0.192,0.000,1.330, 0.004, 0.260, 2.307,-0.775, 0.483, 1.571, 0.155, 0.000, 0.000;
0.590,4.725,3.482,4.725,3.482, 0.306, 0.136, 0.176,0.186,0.186,0.228,-0.006, 0.264, 2.323,-0.826, 0.428, 1.571, 0.197, 0.043, 0.000;
0.602,5.027,1.566,5.027,1.566, 0.306, 0.138, 0.188,0.000,0.189,1.069,-0.013, 0.267, 2.329,-0.793, 0.375, 1.571, 0.156, 0.084, 0.000;
0.615,4.557,3.666,4.557,3.666, 0.308, 0.138, 0.207,0.179,0.000,1.477,-0.024, 0.273, 2.330,-0.845, 0.407, 1.571, 0.199, 0.040, 0.000;
0.627,4.977,1.566,4.977,1.566, 0.308, 0.141, 0.207,0.000,0.178,0.000,-0.032, 0.276, 2.349,-0.810, 0.349, 1.571, 0.155, 0.085, 0.000;
0.640,6.987,2.075,6.987,2.075, 0.310, 0.143, 0.222,0.177,0.177,1.218,-0.042, 0.279, 2.354,-0.862, 0.292, 1.571, 0.199, 0.129, 0.000;
0.652,7.397,0.141,7.397,0.141, 0.312, 0.145, 0.226,0.188,0.188,0.297,-0.052, 0.282, 2.369,-0.829, 0.238, 1.571, 0.158, 0.170, 0.000;
0.664,5.326,-0.301,5.326,-0.301, 0.312, 0.145, 0.237,0.000,0.000,0.932,-0.061, 0.287, 2.377,-0.792, 0.269, 1.571, 0.113, 0.126, 0.000;
0.676,7.225,0.260,7.225,0.260, 0.315, 0.147, 0.257,0.189,0.190,1.625,-0.071, 0.289, 2.376,-0.841, 0.215, 1.571, 0.155, 0.167, 0.000;
0.688,6.690,2.177,6.690,2.177, 0.317, 0.150, 0.257,0.183,0.183,0.000,-0.082, 0.292, 2.396,-0.891, 0.245, 1.571, 0.198, 0.124, 0.000;
0.702,7.252,-0.116,7.252,-0.116, 0.317, 0.152, 0.257,0.000,0.159,0.000,-0.092, 0.295, 2.418,-0.849, 0.180, 1.571, 0.148, 0.174, 0.000;
0.706,7.082,0.584,7.082,0.584, 0.319, 0.152, 0.291,0.699,0.000,10.948,-0.096, 0.296, 2.388,-0.862, 0.188, 1.571, 0.159, 0.162, 0.000;
0.717,5.323,0.057,5.323,0.057, 0.319, 0.154, 0.291,0.000,0.202,0.000,-0.104, 0.297, 2.405,-0.829, 0.215, 1.571, 0.121, 0.124, 0.000;
0.728,7.112,0.575,7.112,0.575, 0.321, 0.156, 0.291,0.197,0.197,0.000,-0.114, 0.299, 2.423,-0.875, 0.162, 1.571, 0.160, 0.163, 0.000;
0.750,8.188,-2.867,8.188,-2.867, 0.321, 0.158, 0.307,0.000,0.100,0.682,-0.130, 0.304, 2.443,-0.807, 0.059, 1.571, 0.082, 0.242, 0.000;
0.754,8.033,-2.257,8.033,-2.257, 0.324, 0.158, 0.327,0.638,0.000,5.764,-0.135, 0.305, 2.428,-0.821, 0.067, 1.571, 0.094, 0.229, 0.000;
0.766,7.403,-0.303,7.403,-0.303, 0.324, 0.161, 0.342,0.000,0.190,1.291,-0.144, 0.306, 2.431,-0.868, 0.095, 1.571, 0.135, 0.188, 0.000;
0.776,9.086,0.274,9.086,0.274, 0.326, 0.163, 0.342,0.205,0.205,0.000,-0.154, 0.307, 2.448,-0.911, 0.044, 1.571, 0.173, 0.226, 0.000;
0.797,7.741,3.842,7.741,3.842, 0.328, 0.163, 0.378,0.106,0.000,1.687,-0.172, 0.312, 2.446,-0.993, 0.094, 1.571, 0.247, 0.151, 0.000;
0.801,7.932,3.187,7.932,3.187, 0.328, 0.165, 0.378,0.000,0.656,0.000,-0.174, 0.311, 2.451,-0.982, 0.078, 1.571, 0.235, 0.163, 0.000;
0.822,9.212,-0.030,9.212,-0.030, 0.330, 0.167, 0.378,0.106,0.106,0.000,-0.192, 0.313, 2.484,-0.916,-0.021, 1.571, 0.161, 0.237, 0.000;
0.834,8.419,1.844,8.419,1.844, 0.333, 0.170, 0.399,0.193,0.193,1.811,-0.203, 0.313, 2.482,-0.960, 0.007, 1.571, 0.201, 0.196, 0.000;
0.845,6.535,1.128,6.535,1.128, 0.333, 0.170, 0.413,0.000,0.000,1.239,-0.212, 0.316, 2.486,-0.921, 0.035, 1.571, 0.159, 0.154, 0.000;
0.858,8.427,1.928,8.427,1.928, 0.335, 0.172, 0.413,0.179,0.179,0.000,-0.224, 0.316, 2.505,-0.969,-0.024, 1.571, 0.203, 0.198, 0.000;
0.869,6.630,1.264,6.630,1.264, 0.337, 0.172, 0.435,0.195,0.000,1.867,-0.235, 0.318, 2.502,-0.932, 0.003, 1.571, 0.163, 0.157, 0.000;
0.881,8.279,2.123,8.279,2.123, 0.339, 0.174, 0.449,0.199,0.199,1.299,-0.246, 0.317, 2.505,-0.974,-0.050, 1.571, 0.202, 0.197, 0.000;
0.892,6.571,1.259,6.571,1.259, 0.339, 0.176, 0.449,0.000,0.198,0.000,-0.255, 0.316, 2.523,-0.936,-0.024, 1.571, 0.162, 0.157, 0.000;
0.903,8.175,2.078,8.175,2.078, 0.341, 0.179, 0.456,0.204,0.204,0.646,-0.265, 0.316, 2.533,-0.977,-0.076, 1.571, 0.201, 0.196, 0.000;
0.914,6.492,1.275,6.492,1.275, 0.341, 0.179, 0.464,0.000,0.000,0.664,-0.274, 0.317, 2.543,-0.940,-0.051, 1.571, 0.162, 0.157, 0.000;
0.925,8.091,2.112,8.091,2.112, 0.344, 0.181, 0.471,0.204,0.204,0.663,-0.285, 0.316, 2.553,-0.980,-0.103, 1.571, 0.200, 0.195, 0.000;
0.936,6.424,1.227,6.424,1.227, 0.344, 0.183, 0.471,0.000,0.201,0.000,-0.293, 0.314, 2.570,-0.942,-0.077, 1.571, 0.161, 0.156, 0.000;
0.957,9.466,3.022,9.466,3.022, 0.346, 0.185, 0.493,0.106,0.106,1.039,-0.312, 0.314, 2.581,-1.019,-0.177, 1.571, 0.235, 0.230, 0.000;
0.968,7.727,2.149,7.727,2.149, 0.348, 0.185, 0.507,0.198,0.000,1.268,-0.323, 0.314, 2.585,-0.980,-0.151, 1.571, 0.195, 0.190, 0.000;
0.980,6.072,1.184,6.072,1.184, 0.348, 0.187, 0.507,0.000,0.198,0.000,-0.332, 0.312, 2.602,-0.940,-0.125, 1.571, 0.155, 0.150, 0.000;
0.991,7.674,2.129,7.674,2.129, 0.350, 0.190, 0.515,0.197,0.197,0.705,-0.343, 0.310, 2.612,-0.980,-0.179, 1.571, 0.195, 0.190, 0.000;
1.003,5.893,1.085,5.893,1.085, 0.350, 0.192, 0.515,0.000,0.184,0.000,-0.353, 0.308, 2.631,-0.937,-0.151, 1.571, 0.152, 0.147, 0.000;
1.015,4.804,2.920,4.804,2.920, 0.353, 0.192, 0.552,0.191,0.000,3.130,-0.364, 0.308, 2.613,-0.978,-0.124, 1.571, 0.193, 0.106, 0.000;
1.026,5.785,1.248,5.785,1.248, 0.353, 0.194, 0.552,0.000,0.196,0.000,-0.373, 0.305, 2.631,-0.937,-0.179, 1.571, 0.153, 0.146, 0.000;
1.037,6.702,-0.322,6.702,-0.322, 0.353, 0.196, 0.552,0.000,0.206,0.000,-0.382, 0.303, 2.648,-0.898,-0.230, 1.571, 0.114, 0.184, 0.000;
1.049,8.411,0.929,8.411,0.929, 0.355, 0.199, 0.574,0.180,0.180,1.826,-0.394, 0.300, 2.645,-0.941,-0.289, 1.571, 0.158, 0.228, 0.000;
1.060,6.845,-0.124,6.845,-0.124, 0.355, 0.201, 0.574,0.000,0.202,0.000,-0.402, 0.297, 2.662,-0.901,-0.264, 1.571, 0.119, 0.189, 0.000;
1.071,7.801,-1.673,7.801,-1.673, 0.355, 0.203, 0.574,0.000,0.205,0.000,-0.411, 0.294, 2.679,-0.861,-0.315, 1.571, 0.081, 0.227, 0.000;
1.082,6.800,-0.088,6.800,-0.088, 0.357, 0.205, 0.588,0.205,0.205,1.260,-0.421, 0.291, 2.683,-0.898,-0.290, 1.571, 0.119, 0.189, 0.000;
1.103,3.870,-2.008,3.870,-2.008, 0.357, 0.205, 0.601,0.000,0.000,0.635,-0.438, 0.288, 2.702,-0.819,-0.242, 1.571, 0.044, 0.115, 0.000;
1.115,5.486,-0.911,5.486,-0.911, 0.359, 0.208, 0.611,0.187,0.187,0.778,-0.449, 0.284, 2.712,-0.859,-0.298, 1.571, 0.086, 0.157, 0.000;
1.127,3.906,-2.014,3.906,-2.014, 0.359, 0.210, 0.624,0.000,0.192,1.144,-0.458, 0.280, 2.717,-0.815,-0.271, 1.571, 0.046, 0.116, 0.000;
1.139,5.487,-0.832,5.487,-0.832, 0.362, 0.212, 0.634,0.188,0.188,0.810,-0.470, 0.276, 2.726,-0.854,-0.327, 1.571, 0.088, 0.157, 0.000;
1.152,3.731,-2.150,3.731,-2.150, 0.362, 0.214, 0.634,0.000,0.172,0.000,-0.480, 0.272, 2.746,-0.805,-0.298, 1.571, 0.042, 0.112, 0.000;
1.163,4.891,-3.673,4.891,-3.673, 0.362, 0.217, 0.647,0.000,0.192,1.129,-0.488, 0.267, 2.751,-0.761,-0.352, 1.571, 0.001, 0.153, 0.000;
1.175,6.466,-2.435,6.466,-2.435, 0.364, 0.219, 0.657,0.187,0.187,0.833,-0.500, 0.262, 2.760,-0.799,-0.408, 1.571, 0.043, 0.195, 0.000;
1.187,4.997,-3.564,4.997,-3.564, 0.364, 0.221, 0.670,0.000,0.197,1.143,-0.508, 0.258, 2.765,-0.756,-0.382, 1.571, 0.004, 0.155, 0.000;
1.198,6.487,-2.392,6.487,-2.392, 0.364, 0.223, 0.670,0.000,0.191,0.000,-0.517, 0.253, 2.783,-0.792,-0.437, 1.571, 0.045, 0.196, 0.000;
1.209,5.036,-3.526,5.036,-3.526, 0.364, 0.225, 0.680,0.000,0.199,0.916,-0.525, 0.248, 2.791,-0.749,-0.411, 1.571, 0.005, 0.157, 0.000;
1.220,6.470,-2.257,6.470,-2.257, 0.366, 0.228, 0.703,0.205,0.205,2.138,-0.536, 0.243, 2.784,-0.783,-0.461, 1.571, 0.044, 0.195, 0.000;
1.232,5.009,-3.514,5.009,-3.514, 0.366, 0.230, 0.703,0.000,0.197,0.000,-0.544, 0.237, 2.802,-0.738,-0.435, 1.571, 0.004, 0.155, 0.000;
1.243,6.381,-2.356,6.381,-2.356, 0.366, 0.232, 0.703,0.000,0.201,0.000,-0.552, 0.232, 2.820,-0.772,-0.487, 1.571, 0.043, 0.194, 0.000;
1.254,5.001,-3.506,5.001,-3.506, 0.366, 0.234, 0.716,0.000,0.202,1.134,-0.560, 0.226, 2.825,-0.728,-0.460, 1.571, 0.004, 0.156, 0.000;
1.276,7.722,-1.058,7.722,-1.058, 0.366, 0.237, 0.727,0.000,0.103,0.501,-0.576, 0.217, 2.848,-0.793,-0.561, 1.571, 0.080, 0.232, 0.000;
1.287,6.361,0.440,6.361,0.440, 0.368, 0.237, 0.750,0.194,0.000,2.040,-0.586, 0.213, 2.842,-0.828,-0.533, 1.571, 0.121, 0.191, 0.000;
1.299,4.876,-0.940,4.876,-0.940, 0.366, 0.239, 0.762,-0.184,0.184,0.989,-0.593, 0.207, 2.849,-0.778,-0.504, 1.571, 0.078, 0.148, 0.000;
1.304,5.392,-1.559,5.392,-1.559, 0.366, 0.241, 0.762,0.000,0.458,0.000,-0.596, 0.203, 2.857,-0.758,-0.526, 1.571, 0.060, 0.165, 0.000;
1.316,6.737,-2.973,6.737,-2.973, 0.366, 0.243, 0.762,0.000,0.189,0.000,-0.604, 0.196, 2.876,-0.710,-0.580, 1.571, 0.019, 0.207, 0.000;
1.327,5.454,-1.531,5.454,-1.531, 0.366, 0.246, 0.785,0.000,0.199,2.069,-0.612, 0.190, 2.870,-0.742,-0.553, 1.571, 0.058, 0.167, 0.000;
1.350,8.087,-4.180,8.087,-4.180, 0.366, 0.248, 0.785,0.000,0.099,0.000,-0.627, 0.179, 2.906,-0.649,-0.656, 1.571,-0.021, 0.246, 0.000;
1.353,7.627,-3.768,7.627,-3.768, 0.366, 0.250, 0.797,0.000,0.618,3.258,-0.630, 0.175, 2.899,-0.659,-0.647, 1.571,-0.008, 0.233, 0.000;
1.364,6.314,-2.391,6.314,-2.391, 0.366, 0.252, 0.809,0.000,0.200,1.027,-0.637, 0.168, 2.905,-0.691,-0.620, 1.571, 0.031, 0.194, 0.000;
1.376,7.613,-3.704,7.613,-3.704, 0.364, 0.254, 0.809,-0.201,0.201,0.000,-0.642, 0.161, 2.923,-0.644,-0.670, 1.571,-0.008, 0.233, 0.000;
1.399,5.059,-6.385,5.059,-6.385, 0.364, 0.257, 0.832,0.000,0.095,0.989,-0.657, 0.148, 2.937,-0.545,-0.611, 1.571,-0.091, 0.151, 0.000;
1.404,4.397,-5.954,4.397,-5.954, 0.364, 0.259, 0.832,0.000,0.470,0.000,-0.660, 0.144, 2.944,-0.559,-0.599, 1.571,-0.074, 0.134, 0.000;
1.415,5.771,-7.214,5.771,-7.214, 0.362, 0.261, 0.832,-0.198,0.198,0.000,-0.665, 0.136, 2.962,-0.511,-0.650, 1.571,-0.114, 0.174, 0.000;
1.427,4.409,-5.888,4.409,-5.888, 0.362, 0.263, 0.844,0.000,0.195,1.073,-0.672, 0.129, 2.967,-0.542,-0.621, 1.571,-0.073, 0.134, 0.000;
1.437,5.798,-7.058,5.798,-7.058, 0.359, 0.266, 0.855,-0.205,0.205,1.003,-0.677, 0.121, 2.974,-0.496,-0.670, 1.571,-0.112, 0.172, 0.000;
1.459,8.194,-4.216,8.194,-4.216, 0.359, 0.268, 0.868,0.000,0.103,0.576,-0.690, 0.108, 2.995,-0.555,-0.766, 1.571,-0.035, 0.248, 0.000;
1.471,6.983,-5.608,6.983,-5.608, 0.359, 0.268, 0.891,0.000,0.000,1.996,-0.696, 0.102, 2.990,-0.504,-0.735, 1.571,-0.076, 0.206, 0.000;
1.482,5.754,-7.131,5.754,-7.131, 0.357, 0.270, 0.891,-0.193,0.193,0.000,-0.701, 0.093, 3.008,-0.454,-0.705, 1.571,-0.117, 0.165, 0.000;
1.496,7.276,-5.192,7.276,-5.192, 0.357, 0.272, 0.914,0.000,0.162,1.689,-0.709, 0.083, 3.007,-0.490,-0.766, 1.571,-0.068, 0.214, 0.000;
1.499,6.912,-5.649,6.912,-5.649, 0.355, 0.275, 0.914,-0.737,0.737,0.000,-0.708, 0.079, 3.012,-0.477,-0.758, 1.571,-0.079, 0.203, 0.000;
1.510,8.335,-6.729,8.335,-6.729, 0.355, 0.277, 0.914,0.000,0.205,0.000,-0.714, 0.071, 3.029,-0.429,-0.805, 1.571,-0.117, 0.241, 0.000;
1.532,6.176,-9.598,6.176,-9.598, 0.353, 0.279, 0.927,-0.100,0.100,0.589,-0.724, 0.056, 3.051,-0.330,-0.746, 1.571,-0.196, 0.163, 0.000;
1.536,5.743,-9.245,5.743,-9.245, 0.353, 0.281, 0.941,0.000,0.638,3.849,-0.726, 0.052, 3.043,-0.340,-0.736, 1.571,-0.183, 0.150, 0.000;
1.548,4.267,-8.062,4.267,-8.062, 0.350, 0.281, 0.951,-0.194,0.000,0.849,-0.729, 0.045, 3.051,-0.370,-0.705, 1.571,-0.143, 0.110, 0.000;
1.560,5.520,-6.317,5.520,-6.317, 0.350, 0.283, 0.960,0.000,0.178,0.759,-0.736, 0.035, 3.061,-0.402,-0.759, 1.571,-0.099, 0.154, 0.000;
1.572,4.380,-7.930,4.380,-7.930, 0.348, 0.286, 0.960,-0.192,0.192,0.000,-0.739, 0.026, 3.079,-0.350,-0.728, 1.571,-0.139, 0.113, 0.000;
1.594,6.508,-4.846,6.508,-4.846, 0.348, 0.288, 0.974,0.000,0.102,0.619,-0.750, 0.010, 3.100,-0.406,-0.821, 1.571,-0.062, 0.190, 0.000;
1.606,4.780,-3.703,4.780,-3.703, 0.348, 0.290, 0.987,0.000,0.181,1.118,-0.755,-0.000, 3.106,-0.437,-0.786, 1.571,-0.019, 0.147, 0.000;
1.609,5.214,-4.077,5.214,-4.077, 0.346, 0.292, 0.987,-0.630,0.630,0.000,-0.755,-0.005, 3.111,-0.421,-0.801, 1.571,-0.031, 0.159, 0.000;
1.621,4.224,-5.600,4.224,-5.600, 0.344, 0.292, 0.996,-0.197,0.000,0.801,-0.758,-0.012, 3.120,-0.369,-0.769, 1.571,-0.072, 0.119, 0.000;
1.643,6.275,-2.390,6.275,-2.390, 0.344, 0.295, 1.010,0.000,0.100,0.624,-0.767,-0.029, 3.141,-0.424,-0.863, 1.571, 0.007, 0.198, 0.000;
1.655,5.212,-4.031,5.212,-4.031, 0.341, 0.297, 1.019,-0.196,0.196,0.763,-0.770,-0.039, 3.151,-0.372,-0.830, 1.571,-0.034, 0.157, 0.000;
1.667,6.252,-2.247,6.252,-2.247, 0.341, 0.299, 1.033,0.000,0.185,1.164,-0.774,-0.049, 3.155,-0.402,-0.880, 1.571, 0.009, 0.200, 0.000;
1.678,5.305,-3.828,5.305,-3.828, 0.339, 0.299, 1.056,-0.192,0.000,1.937,-0.777,-0.057, 3.151,-0.348,-0.846, 1.571,-0.032, 0.159, 0.000;
1.690,6.250,-2.083,6.250,-2.083, 0.339, 0.301, 1.070,0.000,0.193,1.248,-0.781,-0.067, 3.155,-0.376,-0.893, 1.571, 0.008, 0.199, 0.000;
1.701,5.284,-3.825,5.284,-3.825, 0.337, 0.304, 1.070,-0.191,0.191,0.000,-0.783,-0.078, 3.173,-0.322,-0.859, 1.571,-0.033, 0.158, 0.000;
1.714,6.999,-4.805,6.999,-4.805, 0.335, 0.306, 1.070,-0.185,0.185,0.000,-0.785,-0.088, 3.192,-0.266,-0.908, 1.571,-0.076, 0.200, 0.000;
1.725,5.325,-3.817,5.325,-3.817, 0.335, 0.308, 1.085,0.000,0.193,1.265,-0.789,-0.099, 3.196,-0.294,-0.873, 1.571,-0.035, 0.160, 0.000;
1.737,4.374,-5.627,4.374,-5.627, 0.333, 0.308, 1.092,-0.181,0.000,0.623,-0.791,-0.108, 3.207,-0.236,-0.836, 1.571,-0.079, 0.116, 0.000;
1.750,5.350,-3.723,5.350,-3.723, 0.333, 0.310, 1.107,0.000,0.180,1.183,-0.794,-0.119, 3.212,-0.266,-0.886, 1.571,-0.035, 0.160, 0.000;
1.763,4.362,-5.665,4.362,-5.665, 0.330, 0.312, 1.107,-0.174,0.174,0.000,-0.796,-0.130, 3.232,-0.206,-0.847, 1.571,-0.080, 0.115, 0.000;
1.774,5.262,-3.834,5.262,-3.834, 0.330, 0.315, 1.129,0.000,0.192,1.893,-0.799,-0.141, 3.229,-0.233,-0.893, 1.571,-0.039, 0.156, 0.000;
1.786,4.509,-5.528,4.509,-5.528, 0.328, 0.315, 1.151,-0.191,0.000,1.858,-0.800,-0.150, 3.225,-0.178,-0.856, 1.571,-0.081, 0.115, 0.000;
1.798,6.304,-6.351,6.304,-6.351, 0.326, 0.317, 1.151,-0.186,0.186,0.000,-0.801,-0.161, 3.244,-0.122,-0.903, 1.571,-0.123, 0.157, 0.000;
1.809,4.632,-5.527,4.632,-5.527, 0.326, 0.319, 1.166,0.000,0.198,1.330,-0.804,-0.172, 3.247,-0.149,-0.868, 1.571,-0.083, 0.118, 0.000;
1.820,6.299,-6.288,6.299,-6.288, 0.324, 0.321, 1.166,-0.200,0.200,0.000,-0.804,-0.182, 3.265,-0.096,-0.911, 1.571,-0.122, 0.157, 0.000;
1.831,5.585,-7.927,5.585,-7.927, 0.321, 0.321, 1.172,-0.205,0.000,0.585,-0.804,-0.191, 3.275,-0.045,-0.876, 1.571,-0.161, 0.118, 0.000;
1.843,6.365,-6.123,6.365,-6.123, 0.321, 0.324, 1.187,0.000,0.200,1.344,-0.806,-0.201, 3.278,-0.071,-0.919, 1.571,-0.121, 0.158, 0.000;
1.853,8.088,-6.701,8.088,-6.701, 0.319, 0.326, 1.202,-0.207,0.207,1.405,-0.806,-0.212, 3.280,-0.020,-0.960, 1.571,-0.159, 0.195, 0.000;
1.875,11.486,-8.014,11.486,-8.014, 0.317, 0.328, 1.202,-0.101,0.101,0.000,-0.807,-0.231, 3.314, 0.084,-1.043, 1.571,-0.237, 0.273, 0.000;
1.879,10.956,-7.701,10.956,-7.701, 0.317, 0.328, 1.218,0.000,0.000,4.523,-0.808,-0.234, 3.304, 0.076,-1.032, 1.571,-0.225, 0.261, 0.000;
1.889,9.377,-7.111,9.377,-7.111, 0.315, 0.330, 1.218,-0.220,0.220,0.000,-0.807,-0.244, 3.320, 0.053,-0.999, 1.571,-0.189, 0.225, 0.000;
1.910,6.238,-5.682,6.238,-5.682, 0.315, 0.333, 1.249,0.000,0.105,1.475,-0.810,-0.262, 3.322, 0.004,-0.928, 1.571,-0.114, 0.151, 0.000;
1.922,5.537,-7.588,5.537,-7.588, 0.312, 0.335, 1.249,-0.190,0.190,0.000,-0.809,-0.274, 3.341, 0.059,-0.889, 1.571,-0.155, 0.110, 0.000;
1.934,4.921,-9.412,4.921,-9.412, 0.310, 0.335, 1.254,-0.191,0.000,0.444,-0.808,-0.283, 3.354, 0.114,-0.850, 1.571,-0.196, 0.069, 0.000;
1.945,6.750,-10.020,6.750,-10.020, 0.308, 0.337, 1.254,-0.189,0.189,0.000,-0.806,-0.294, 3.372, 0.170,-0.893, 1.571,-0.238, 0.110, 0.000;
1.957,5.194,-9.242,5.194,-9.242, 0.308, 0.337, 1.290,0.000,0.000,3.101,-0.807,-0.303, 3.355, 0.143,-0.853, 1.571,-0.196, 0.069, 0.000;
1.968,5.694,-7.448,5.694,-7.448, 0.306, 0.339, 1.290,-0.196,0.196,0.000,-0.805,-0.314, 3.372, 0.118,-0.894, 1.571,-0.157, 0.109, 0.000;
1.980,7.477,-7.987,7.477,-7.987, 0.304, 0.341, 1.290,-0.194,0.194,0.000,-0.803,-0.326, 3.390, 0.172,-0.935, 1.571,-0.197, 0.150, 0.000;
1.991,5.813,-7.383,5.813,-7.383, 0.301, 0.341, 1.310,-0.203,0.000,1.811,-0.801,-0.334, 3.388, 0.147,-0.896, 1.571,-0.158, 0.111, 0.000;
2.002,6.354,-5.449,6.354,-5.449, 0.301, 0.344, 1.326,0.000,0.195,1.366,-0.801,-0.346, 3.390, 0.121,-0.936, 1.571,-0.118, 0.151, 0.000;
2.014,8.143,-5.974,8.143,-5.974, 0.299, 0.346, 1.322,-0.194,0.194,-0.346,-0.799,-0.357, 3.412, 0.176,-0.977, 1.571,-0.159, 0.191, 0.000;
2.025,7.787,-7.592,7.787,-7.592, 0.297, 0.346, 1.342,-0.204,0.000,1.807,-0.796,-0.365, 3.410, 0.227,-0.938, 1.571,-0.197, 0.153, 0.000;
2.038,9.875,-8.084,9.875,-8.084, 0.295, 0.348, 1.342,-0.170,0.170,0.000,-0.794,-0.378, 3.430, 0.289,-0.983, 1.571,-0.243, 0.199, 0.000;
2.049,8.045,-7.687,8.045,-7.687, 0.292, 0.350, 1.342,-0.204,0.204,0.000,-0.791,-0.389, 3.447, 0.264,-0.943, 1.571,-0.204, 0.160, 0.000;
2.071,4.673,-6.702,4.673,-6.702, 0.292, 0.350, 1.373,0.000,0.000,1.448,-0.789,-0.406, 3.450, 0.214,-0.864, 1.571,-0.127, 0.083, 0.000;
2.074,5.059,-6.854,5.059,-6.854, 0.290, 0.353, 1.373,-0.744,0.744,0.000,-0.787,-0.410, 3.455, 0.228,-0.874, 1.571,-0.137, 0.094, 0.000;
2.085,6.859,-7.186,6.859,-7.186, 0.288, 0.353, 1.377,-0.204,0.000,0.288,-0.784,-0.419, 3.469, 0.280,-0.910, 1.571,-0.176, 0.132, 0.000;
2.107,10.517,-7.705,10.517,-7.705, 0.286, 0.355, 1.392,-0.102,0.102,0.727,-0.779,-0.438, 3.487, 0.383,-0.983, 1.571,-0.252, 0.208, 0.000;
2.118,8.572,-7.241,8.572,-7.241, 0.286, 0.357, 1.408,0.000,0.188,1.344,-0.777,-0.450, 3.490, 0.355,-0.938, 1.571,-0.210, 0.166, 0.000;
2.130,6.735,-6.847,6.735,-6.847, 0.283, 0.357, 1.424,-0.193,0.000,1.384,-0.773,-0.458, 3.492, 0.328,-0.895, 1.571,-0.169, 0.126, 0.000;
2.143,8.827,-7.160,8.827,-7.160, 0.281, 0.359, 1.424,-0.172,0.172,0.000,-0.769,-0.471, 3.513, 0.389,-0.937, 1.571,-0.215, 0.171, 0.000;
2.155,6.853,-6.880,6.853,-6.880, 0.279, 0.359, 1.427,-0.191,0.000,0.199,-0.764,-0.480, 3.529, 0.362,-0.892, 1.571,-0.173, 0.130, 0.000;
2.167,9.039,-7.044,9.039,-7.044, 0.277, 0.362, 1.442,-0.174,0.174,1.231,-0.760,-0.492, 3.533, 0.423,-0.933, 1.571,-0.219, 0.175, 0.000;
2.181,6.823,-6.785,6.823,-6.785, 0.275, 0.362, 1.442,-0.171,0.000,0.000,-0.755,-0.501, 3.553, 0.392,-0.883, 1.571,-0.173, 0.129, 0.000;
2.193,7.106,-4.672,7.106,-4.672, 0.275, 0.364, 1.458,0.000,0.184,1.310,-0.752,-0.513, 3.557, 0.364,-0.921, 1.571,-0.130, 0.171, 0.000;
2.204,6.954,-6.473,6.954,-6.473, 0.272, 0.364, 1.476,-0.195,0.000,1.525,-0.747,-0.521, 3.557, 0.418,-0.876, 1.571,-0.170, 0.131, 0.000;
2.216,7.103,-4.467,7.103,-4.467, 0.270, 0.366, 1.474,-0.183,0.183,-0.125,-0.741,-0.533, 3.578, 0.389,-0.914, 1.571,-0.127, 0.174, 0.000;
2.228,6.963,-6.257,6.963,-6.257, 0.268, 0.366, 1.492,-0.195,0.000,1.508,-0.736,-0.541, 3.579, 0.443,-0.869, 1.571,-0.168, 0.133, 0.000;
2.240,7.084,-4.219,7.084,-4.219, 0.266, 0.368, 1.490,-0.180,0.180,-0.103,-0.730,-0.552, 3.599, 0.414,-0.907, 1.571,-0.124, 0.177, 0.000;
2.252,5.167,-3.990,5.167,-3.990, 0.266, 0.368, 1.507,0.000,0.000,1.473,-0.727,-0.561, 3.600, 0.386,-0.860, 1.571,-0.083, 0.136, 0.000;
2.265,7.405,-4.033,7.405,-4.033, 0.263, 0.371, 1.522,-0.168,0.168,1.133,-0.721,-0.573, 3.606, 0.448,-0.901, 1.571,-0.130, 0.182, 0.000;
2.276,7.244,-5.938,7.244,-5.938, 0.261, 0.371, 1.523,-0.196,0.000,0.067,-0.715,-0.581, 3.623, 0.501,-0.854, 1.571,-0.170, 0.142, 0.000;
2.288,9.274,-5.889,9.274,-5.889, 0.259, 0.373, 1.539,-0.187,0.187,1.283,-0.708,-0.592, 3.627, 0.556,-0.890, 1.571,-0.212, 0.184, 0.000;
2.300,7.297,-5.841,7.297,-5.841, 0.257, 0.373, 1.539,-0.193,0.000,0.044,-0.702,-0.600, 3.645, 0.528,-0.843, 1.571,-0.171, 0.143, 0.000;
2.312,9.300,-5.754,9.300,-5.754, 0.254, 0.375, 1.555,-0.189,0.189,1.347,-0.696,-0.610, 3.647, 0.582,-0.877, 1.571,-0.213, 0.184, 0.000;
2.325,7.030,-5.736,7.030,-5.736, 0.252, 0.375, 1.555,-0.167,0.000,0.000,-0.688,-0.619, 3.668, 0.550,-0.822, 1.571,-0.166, 0.137, 0.000;
2.337,7.122,-3.514,7.122,-3.514, 0.252, 0.377, 1.587,0.000,0.186,2.666,-0.684,-0.630, 3.655, 0.520,-0.857, 1.571,-0.124, 0.179, 0.000;
2.349,7.101,-5.483,7.101,-5.483, 0.250, 0.377, 1.587,-0.191,0.000,-0.022,-0.677,-0.638, 3.674, 0.574,-0.808, 1.571,-0.165, 0.138, 0.000;
2.361,5.159,-5.437,5.159,-5.437, 0.248, 0.377, 1.603,-0.187,0.000,1.327,-0.670,-0.646, 3.676, 0.544,-0.759, 1.571,-0.123, 0.096, 0.000;
2.374,7.272,-5.364,7.272,-5.364, 0.246, 0.379, 1.603,-0.172,0.172,0.000,-0.662,-0.656, 3.697, 0.603,-0.795, 1.571,-0.168, 0.142, 0.000;
2.386,5.249,-5.365,5.249,-5.365, 0.243, 0.379, 1.618,-0.181,0.000,1.287,-0.654,-0.664, 3.700, 0.573,-0.743, 1.571,-0.125, 0.098, 0.000;
2.398,7.273,-5.263,7.273,-5.263, 0.241, 0.382, 1.618,-0.179,0.179,0.000,-0.646,-0.675, 3.720, 0.629,-0.778, 1.571,-0.169, 0.142, 0.000;
2.411,5.110,-5.381,5.110,-5.381, 0.239, 0.382, 1.618,-0.176,0.000,0.000,-0.638,-0.683, 3.740, 0.597,-0.724, 1.571,-0.125, 0.097, 0.000;
2.424,5.277,-7.459,5.277,-7.459, 0.237, 0.382, 1.633,-0.172,0.000,1.140,-0.630,-0.691, 3.745, 0.656,-0.669, 1.571,-0.170, 0.051, 0.000;
2.428,5.281,-6.806,5.281,-6.806, 0.237, 0.384, 1.650,0.000,0.656,4.930,-0.628,-0.695, 3.734, 0.647,-0.678, 1.571,-0.158, 0.063, 0.000;
2.449,5.090,-3.230,5.090,-3.230, 0.234, 0.384, 1.666,-0.105,0.000,0.744,-0.615,-0.708, 3.752, 0.593,-0.736, 1.571,-0.084, 0.138, 0.000;
2.461,3.054,-3.423,3.054,-3.423, 0.232, 0.386, 1.667,-0.190,0.190,0.129,-0.607,-0.717, 3.768, 0.563,-0.685, 1.571,-0.043, 0.096, 0.000;
2.473,3.281,-5.460,3.281,-5.460, 0.230, 0.386, 1.681,-0.178,0.000,1.131,-0.598,-0.724, 3.774, 0.618,-0.631, 1.571,-0.087, 0.052, 0.000;
2.485,3.570,-7.381,3.570,-7.381, 0.228, 0.386, 1.697,-0.186,0.000,1.303,-0.589,-0.731, 3.777, 0.671,-0.578, 1.571,-0.129, 0.010, 0.000;
2.497,5.582,-7.098,5.582,-7.098, 0.225, 0.388, 1.699,-0.180,0.180,0.163,-0.580,-0.741, 3.795, 0.726,-0.612, 1.571,-0.173, 0.054, 0.000;
2.509,3.688,-7.310,3.688,-7.310, 0.223, 0.388, 1.713,-0.190,0.000,1.154,-0.572,-0.747, 3.800, 0.695,-0.560, 1.571,-0.131, 0.013, 0.000;
2.521,5.562,-7.033,5.562,-7.033, 0.221, 0.388, 1.713,-0.191,0.000,0.000,-0.563,-0.753, 3.818, 0.746,-0.591, 1.571,-0.172, 0.054, 0.000;
2.533,5.338,-5.012,5.338,-5.012, 0.219, 0.391, 1.731,-0.191,0.191,1.542,-0.554,-0.762, 3.818, 0.715,-0.621, 1.571,-0.132, 0.095, 0.000;
2.544,5.575,-6.859,5.575,-6.859, 0.217, 0.391, 1.731,-0.199,0.000,0.000,-0.545,-0.768, 3.836, 0.763,-0.571, 1.571,-0.171, 0.055, 0.000;
2.555,3.784,-7.102,3.784,-7.102, 0.214, 0.391, 1.744,-0.199,0.000,1.151,-0.536,-0.773, 3.841, 0.733,-0.521, 1.571,-0.132, 0.016, 0.000;
2.567,5.650,-6.744,5.650,-6.744, 0.212, 0.393, 1.746,-0.193,0.193,0.237,-0.527,-0.781, 3.856, 0.782,-0.551, 1.571,-0.172, 0.057, 0.000;
2.578,3.918,-7.010,3.918,-7.010, 0.210, 0.393, 1.762,-0.204,0.000,1.426,-0.518,-0.787, 3.858, 0.752,-0.502, 1.571,-0.134, 0.018, 0.000;
2.589,5.765,-6.572,5.765,-6.572, 0.208, 0.393, 1.777,-0.203,0.000,1.410,-0.509,-0.792, 3.859, 0.799,-0.530, 1.571,-0.172, 0.057, 0.000;
2.599,6.089,-8.336,6.089,-8.336, 0.205, 0.393, 1.777,-0.205,0.000,0.000,-0.500,-0.797, 3.876, 0.845,-0.481, 1.571,-0.210, 0.019, 0.000;
2.610,5.867,-6.356,5.867,-6.356, 0.205, 0.395, 1.808,0.000,0.203,2.792,-0.493,-0.804, 3.863, 0.815,-0.509, 1.571,-0.172, 0.057, 0.000;
2.632,6.681,-9.788,6.681,-9.788, 0.203, 0.395, 1.808,-0.105,0.000,0.000,-0.477,-0.814, 3.896, 0.904,-0.413, 1.571,-0.246,-0.017, 0.000;
2.643,6.229,-7.788,6.229,-7.788, 0.201, 0.395, 1.823,-0.190,0.000,1.291,-0.467,-0.819, 3.900, 0.870,-0.442, 1.571,-0.204, 0.024, 0.000;
2.655,5.722,-5.870,5.722,-5.870, 0.199, 0.397, 1.827,-0.190,0.190,0.338,-0.456,-0.826, 3.914, 0.836,-0.471, 1.571,-0.163, 0.066, 0.000;
2.666,6.253,-7.587,6.253,-7.587, 0.196, 0.397, 1.843,-0.199,0.000,1.360,-0.447,-0.830, 3.916, 0.883,-0.419, 1.571,-0.203, 0.026, 0.000;
2.679,5.641,-5.654,5.641,-5.654, 0.194, 0.397, 1.838,-0.183,0.000,-0.342,-0.436,-0.835, 3.940, 0.847,-0.449, 1.571,-0.160, 0.069, 0.000;
2.691,6.230,-7.473,6.230,-7.473, 0.192, 0.397, 1.853,-0.186,0.000,1.246,-0.426,-0.839, 3.944, 0.896,-0.394, 1.571,-0.202, 0.027, 0.000;
2.702,5.712,-5.492,5.712,-5.492, 0.190, 0.397, 1.868,-0.188,0.000,1.247,-0.415,-0.844, 3.948, 0.861,-0.422, 1.571,-0.160, 0.068, 0.000;
2.714,7.571,-4.869,7.571,-4.869, 0.187, 0.400, 1.873,-0.188,0.188,0.387,-0.404,-0.850, 3.962, 0.909,-0.451, 1.571,-0.202, 0.110, 0.000;
2.726,5.727,-5.377,5.727,-5.377, 0.185, 0.400, 1.888,-0.189,0.000,1.262,-0.394,-0.854, 3.965, 0.874,-0.396, 1.571,-0.160, 0.069, 0.000;
2.738,6.269,-7.171,6.269,-7.171, 0.183, 0.400, 1.888,-0.195,0.000,0.000,-0.383,-0.858, 3.983, 0.920,-0.343, 1.571,-0.201, 0.029, 0.000;
2.749,5.712,-5.290,5.712,-5.290, 0.181, 0.400, 1.902,-0.196,0.000,1.295,-0.373,-0.861, 3.986, 0.886,-0.370, 1.571,-0.161, 0.068, 0.000;
2.760,6.277,-7.058,6.277,-7.058, 0.179, 0.400, 1.902,-0.197,0.000,0.000,-0.362,-0.864, 4.004, 0.931,-0.318, 1.571,-0.200, 0.029, 0.000;
2.772,4.556,-7.598,4.556,-7.598, 0.176, 0.400, 1.917,-0.196,0.000,1.279,-0.352,-0.868, 4.008, 0.896,-0.265, 1.571,-0.161,-0.011, 0.000;
2.783,6.256,-6.933,6.256,-6.933, 0.174, 0.402, 1.922,-0.204,0.204,0.485,-0.342,-0.873, 4.019, 0.939,-0.290, 1.571,-0.199, 0.027, 0.000;
2.805,2.799,-8.207,2.799,-8.207, 0.172, 0.402, 1.937,-0.098,0.000,0.639,-0.322,-0.879, 4.041, 0.868,-0.184, 1.571,-0.119,-0.053, 0.000;
2.810,2.515,-7.473,2.515,-7.473, 0.170, 0.402, 1.951,-0.508,0.000,3.291,-0.317,-0.880, 4.033, 0.854,-0.194, 1.571,-0.103,-0.037, 0.000;
2.821,4.250,-6.774,4.250,-6.774, 0.167, 0.402, 1.951,-0.198,0.000,0.000,-0.306,-0.882, 4.051, 0.898,-0.220, 1.571,-0.143, 0.002, 0.000;
2.833,5.027,-8.448,5.027,-8.448, 0.165, 0.402, 1.966,-0.196,0.000,1.253,-0.295,-0.885, 4.055, 0.941,-0.167, 1.571,-0.183,-0.038, 0.000;
2.844,4.263,-6.715,4.263,-6.715, 0.163, 0.402, 1.966,-0.198,0.000,0.000,-0.284,-0.887, 4.072, 0.906,-0.193, 1.571,-0.144, 0.002, 0.000;
2.866,5.732,-10.090,5.732,-10.090, 0.161, 0.402, 1.972,-0.100,0.000,0.269,-0.265,-0.891, 4.101, 0.990,-0.088, 1.571,-0.222,-0.076, 0.000;
2.877,5.011,-8.289,5.011,-8.289, 0.158, 0.402, 1.986,-0.201,0.000,1.283,-0.254,-0.892, 4.104, 0.953,-0.113, 1.571,-0.183,-0.037, 0.000;
2.881,4.901,-7.563,4.901,-7.563, 0.158, 0.402, 2.014,0.000,0.000,7.381,-0.251,-0.893, 4.082, 0.941,-0.122, 1.571,-0.169,-0.024, 0.000;
2.892,6.570,-6.802,6.570,-6.802, 0.154, 0.404, 2.006,-0.394,0.197,-0.655,-0.238,-0.897, 4.108, 0.983,-0.148, 1.571,-0.209, 0.016, 0.000;
2.905,4.754,-7.591,4.754,-7.591, 0.154, 0.404, 2.021,0.000,0.000,1.144,-0.229,-0.898, 4.113, 0.942,-0.090, 1.571,-0.166,-0.027, 0.000;
2.917,6.724,-6.570,6.724,-6.570, 0.152, 0.404, 2.034,-0.174,0.000,1.084,-0.216,-0.900, 4.119, 0.989,-0.120, 1.571,-0.211, 0.018, 0.000;
2.929,5.047,-7.360,5.047,-7.360, 0.150, 0.402, 2.048,-0.193,-0.193,1.182,-0.205,-0.899, 4.124, 0.950,-0.064, 1.571,-0.170,-0.023, 0.000;
2.951,8.245,-5.626,8.245,-5.626, 0.147, 0.404, 2.055,-0.104,0.104,0.332,-0.186,-0.902, 4.150, 1.028,-0.114, 1.571,-0.245, 0.053, 0.000;
2.963,6.326,-6.532,6.326,-6.532, 0.145, 0.404, 2.069,-0.174,0.000,1.062,-0.174,-0.903, 4.157, 0.984,-0.053, 1.571,-0.200, 0.008, 0.000;
2.967,5.996,-6.051,5.996,-6.051, 0.143, 0.404, 2.069,-0.702,0.000,0.000,-0.169,-0.903, 4.162, 0.973,-0.060, 1.571,-0.189, 0.019, 0.000;
2.977,6.845,-7.608,6.845,-7.608, 0.141, 0.404, 2.069,-0.208,0.000,0.000,-0.158,-0.904, 4.179, 1.011,-0.009, 1.571,-0.226,-0.019, 0.000;
2.998,5.217,-4.465,5.217,-4.465, 0.138, 0.404, 2.082,-0.106,0.000,0.637,-0.140,-0.904, 4.198, 0.938,-0.057, 1.571,-0.152, 0.055, 0.000;
3.010,3.544,-5.313,3.544,-5.313, 0.136, 0.404, 2.103,-0.192,0.000,1.800,-0.128,-0.904, 4.196, 0.897,-0.002, 1.571,-0.111, 0.014, 0.000;
3.022,5.162,-4.324,5.162,-4.324, 0.134, 0.404, 2.103,-0.192,0.000,0.000,-0.117,-0.904, 4.214, 0.937,-0.028, 1.571,-0.152, 0.055, 0.000;
3.033,6.180,-5.912,6.180,-5.912, 0.132, 0.404, 2.116,-0.190,0.000,1.119,-0.105,-0.903, 4.219, 0.978, 0.027, 1.571,-0.194, 0.014, 0.000;
3.045,5.173,-4.222,5.173,-4.222, 0.129, 0.404, 2.124,-0.193,0.000,0.695,-0.094,-0.903, 4.229, 0.937, 0.001, 1.571,-0.153, 0.054, 0.000;
3.057,6.223,-5.782,6.223,-5.782, 0.127, 0.404, 2.138,-0.191,0.000,1.114,-0.083,-0.902, 4.235, 0.976, 0.057, 1.571,-0.194, 0.013, 0.000;
3.071,4.151,-7.071,4.151,-7.071, 0.125, 0.402, 2.129,-0.158,-0.158,-0.577,-0.070,-0.899, 4.265, 0.925, 0.124, 1.571,-0.145,-0.037, 0.000;
3.082,5.808,-5.920,5.808,-5.920, 0.123, 0.402, 2.150,-0.197,0.000,1.855,-0.058,-0.898, 4.262, 0.963, 0.098, 1.571,-0.184, 0.003, 0.000;
3.093,4.211,-6.922,4.211,-6.922, 0.121, 0.402, 2.150,-0.200,0.000,0.000,-0.048,-0.896, 4.279, 0.922, 0.151, 1.571,-0.145,-0.036, 0.000;
3.105,5.844,-5.786,5.844,-5.786, 0.118, 0.402, 2.163,-0.193,0.000,1.093,-0.036,-0.895, 4.285, 0.961, 0.124, 1.571,-0.186, 0.004, 0.000;
3.116,4.344,-6.750,4.344,-6.750, 0.116, 0.402, 2.172,-0.203,0.000,0.777,-0.026,-0.894, 4.294, 0.920, 0.176, 1.571,-0.147,-0.034, 0.000;
3.127,5.874,-5.633,5.874,-5.633, 0.114, 0.402, 2.184,-0.203,0.000,1.137,-0.015,-0.892, 4.298, 0.956, 0.151, 1.571,-0.186, 0.005, 0.000;
3.138,4.397,-6.632,4.397,-6.632, 0.112, 0.402, 2.193,-0.203,0.000,0.802,-0.004,-0.890, 4.307, 0.914, 0.203, 1.571,-0.147,-0.034, 0.000;
3.149,5.914,-5.475,5.914,-5.475, 0.109, 0.402, 2.205,-0.201,0.000,1.115, 0.006,-0.888, 4.312, 0.950, 0.177, 1.571,-0.186, 0.005, 0.000;
3.170,3.086,-7.540,3.086,-7.540, 0.107, 0.402, 2.205,-0.106,0.000,0.000, 0.025,-0.884, 4.345, 0.870, 0.276, 1.571,-0.113,-0.069, 0.000;
3.181,2.009,-5.951,2.009,-5.951, 0.105, 0.402, 2.226,-0.198,0.000,1.890, 0.035,-0.882, 4.341, 0.827, 0.250, 1.571,-0.073,-0.029, 0.000;
3.193,3.579,-4.705,3.579,-4.705, 0.103, 0.402, 2.226,-0.183,0.000,0.000, 0.047,-0.879, 4.360, 0.866, 0.221, 1.571,-0.116, 0.014, 0.000;
3.206,1.901,-5.982,1.901,-5.982, 0.103, 0.400, 2.238,0.000,-0.173,0.929, 0.057,-0.874, 4.369, 0.815, 0.282, 1.571,-0.071,-0.032, 0.000;
3.218,3.498,-4.672,3.498,-4.672, 0.100, 0.400, 2.250,-0.185,0.000,0.975, 0.068,-0.870, 4.376, 0.853, 0.254, 1.571,-0.113, 0.010, 0.000;
3.224,4.067,-5.329,4.067,-5.329, 0.098, 0.400, 2.260,-0.400,0.000,1.705, 0.074,-0.869, 4.375, 0.870, 0.280, 1.571,-0.133,-0.009, 0.000;
3.235,5.505,-4.113,5.505,-4.113, 0.096, 0.400, 2.271,-0.204,0.000,1.057, 0.084,-0.866, 4.381, 0.904, 0.254, 1.571,-0.171, 0.029, 0.000;
3.256,7.850,-6.762,7.850,-6.762, 0.094, 0.400, 2.281,-0.104,0.000,0.454, 0.102,-0.860, 4.405, 0.969, 0.354, 1.571,-0.247,-0.046, 0.000;
3.269,6.487,-5.117,6.487,-5.117, 0.092, 0.400, 2.292,-0.184,0.000,0.936, 0.113,-0.856, 4.413, 0.920, 0.325, 1.571,-0.204,-0.004, 0.000;
3.280,5.018,-6.362,5.018,-6.362, 0.089, 0.397, 2.292,-0.196,-0.196,0.000, 0.124,-0.850, 4.431, 0.874, 0.378, 1.571,-0.164,-0.044, 0.000;
3.292,6.549,-4.900,6.549,-4.900, 0.087, 0.397, 2.314,-0.189,0.000,1.798, 0.134,-0.846, 4.428, 0.909, 0.350, 1.571,-0.205,-0.003, 0.000;
3.304,5.004,-6.261,5.004,-6.261, 0.085, 0.397, 2.314,-0.182,0.000,0.000, 0.145,-0.841, 4.447, 0.859, 0.407, 1.571,-0.162,-0.046, 0.000;
3.318,6.708,-4.616,6.708,-4.616, 0.083, 0.397, 2.324,-0.161,0.000,0.739, 0.157,-0.836, 4.459, 0.900, 0.373, 1.571,-0.211, 0.003, 0.000;
3.330,5.208,-5.950,5.208,-5.950, 0.080, 0.397, 2.335,-0.179,0.000,0.881, 0.168,-0.831, 4.467, 0.849, 0.430, 1.571,-0.167,-0.041, 0.000;
3.333,5.427,-6.221,5.427,-6.221, 0.078, 0.395, 2.335,-0.884,-0.884,0.000, 0.172,-0.828, 4.471, 0.856, 0.442, 1.571,-0.176,-0.049, 0.000;
3.354,7.930,-8.804,7.930,-8.804, 0.076, 0.395, 2.335,-0.104,0.000,0.000, 0.188,-0.820, 4.505, 0.918, 0.540, 1.571,-0.252,-0.125, 0.000;
3.366,6.636,-7.207,6.636,-7.207, 0.074, 0.395, 2.356,-0.192,0.000,1.827, 0.198,-0.815, 4.502, 0.869, 0.511, 1.571,-0.210,-0.084, 0.000;
3.380,5.073,-5.555,5.073,-5.555, 0.071, 0.395, 2.367,-0.166,0.000,0.799, 0.209,-0.809, 4.512, 0.813, 0.477, 1.571,-0.163,-0.036, 0.000;
3.386,5.802,-6.181,5.802,-6.181, 0.069, 0.393, 2.377,-0.363,-0.363,1.711, 0.216,-0.804, 4.512, 0.830, 0.505, 1.571,-0.184,-0.058, 0.000;
3.394,4.834,-7.169,4.834,-7.169, 0.069, 0.393, 2.388,0.000,0.000,1.165, 0.221,-0.800, 4.515, 0.793, 0.545, 1.571,-0.153,-0.089, 0.000;
3.406,6.133,-5.758,6.133,-5.758, 0.067, 0.393, 2.399,-0.203,0.000,0.996, 0.230,-0.795, 4.521, 0.823, 0.517, 1.571,-0.192,-0.050, 0.000;
3.428,3.609,-8.505,3.609,-8.505, 0.065, 0.391, 2.398,-0.100,-0.100,-0.040, 0.247,-0.782, 4.557, 0.728, 0.618, 1.571,-0.114,-0.129, 0.000;
3.440,2.069,-6.993,2.069,-6.993, 0.062, 0.391, 2.409,-0.179,0.000,0.877, 0.256,-0.776, 4.566, 0.675, 0.586, 1.571,-0.070,-0.085, 0.000;
3.452,3.384,-5.490,3.384,-5.490, 0.060, 0.391, 2.420,-0.191,0.000,0.957, 0.266,-0.770, 4.573, 0.707, 0.555, 1.571,-0.111,-0.043, 0.000;
3.464,4.935,-6.775,4.935,-6.775, 0.058, 0.388, 2.430,-0.182,-0.182,0.801, 0.275,-0.761, 4.583, 0.740, 0.610, 1.571,-0.154,-0.087, 0.000;
3.476,3.443,-5.393,3.443,-5.393, 0.056, 0.388, 2.441,-0.186,0.000,0.944, 0.284,-0.755, 4.590, 0.688, 0.579, 1.571,-0.112,-0.044, 0.000;
3.489,4.714,-3.820,4.714,-3.820, 0.054, 0.388, 2.441,-0.182,0.000,0.000, 0.294,-0.748, 4.609, 0.720, 0.547, 1.571,-0.155,-0.001, 0.000;
3.501,3.359,-5.369,3.359,-5.369, 0.051, 0.386, 2.441,-0.181,-0.181,0.000, 0.303,-0.739, 4.629, 0.667, 0.601, 1.571,-0.112,-0.045, 0.000;
3.512,1.969,-4.040,1.969,-4.040, 0.051, 0.386, 2.471,0.000,0.000,2.634, 0.309,-0.733, 4.617, 0.616, 0.570, 1.571,-0.071,-0.004, 0.000;
3.525,3.664,-5.285,3.664,-5.285, 0.049, 0.386, 2.483,-0.176,0.000,0.921, 0.318,-0.726, 4.625, 0.649, 0.626, 1.571,-0.116,-0.049, 0.000;
3.538,5.297,-6.568,5.297,-6.568, 0.047, 0.384, 2.483,-0.174,-0.175,0.000, 0.327,-0.716, 4.645, 0.682, 0.681, 1.571,-0.161,-0.094, 0.000;
3.543,4.586,-6.011,4.586,-6.011, 0.045, 0.384, 2.483,-0.451,0.000,0.000, 0.332,-0.713, 4.653, 0.661, 0.668, 1.571,-0.144,-0.076, 0.000;
3.553,6.022,-7.031,6.022,-7.031, 0.042, 0.382, 2.492,-0.212,-0.212,0.857, 0.339,-0.704, 4.660, 0.688, 0.713, 1.571,-0.181,-0.113, 0.000;
3.564,7.157,-5.446,7.157,-5.446, 0.040, 0.382, 2.504,-0.201,0.000,1.069, 0.347,-0.698, 4.666, 0.716, 0.683, 1.571,-0.220,-0.074, 0.000;
3.586,4.291,-3.218,4.291,-3.218, 0.040, 0.382, 2.525,0.000,0.000,0.955, 0.358,-0.684, 4.679, 0.618, 0.623, 1.571,-0.143, 0.002, 0.000;
3.599,5.920,-4.373,5.920,-4.373, 0.038, 0.379, 2.525,-0.178,-0.178,0.000, 0.366,-0.674, 4.699, 0.650, 0.677, 1.571,-0.187,-0.043, 0.000;
3.610,4.370,-3.131,4.370,-3.131, 0.036, 0.379, 2.545,-0.192,0.000,1.776, 0.373,-0.667, 4.696, 0.597, 0.645, 1.571,-0.146,-0.002, 0.000;
3.623,6.025,-4.271,6.025,-4.271, 0.033, 0.377, 2.545,-0.181,-0.181,0.000, 0.381,-0.657, 4.716, 0.628, 0.697, 1.571,-0.189,-0.045, 0.000;
3.626,5.474,-3.786,5.474,-3.786, 0.031, 0.377, 2.558,-0.570,0.000,3.151, 0.385,-0.654, 4.710, 0.610, 0.686, 1.571,-0.176,-0.032, 0.000;
3.638,7.102,-4.880,7.102,-4.880, 0.029, 0.375, 2.558,-0.189,-0.189,0.000, 0.392,-0.644, 4.728, 0.640, 0.735, 1.571,-0.217,-0.073, 0.000;
3.660,4.117,-2.801,4.117,-2.801, 0.029, 0.375, 2.578,0.000,0.000,0.950, 0.401,-0.630, 4.741, 0.540, 0.673, 1.571,-0.140, 0.003, 0.000;
3.663,4.527,-2.900,4.527,-2.900, 0.027, 0.375, 2.599,-0.728,0.000,6.639, 0.405,-0.627, 4.726, 0.548, 0.686, 1.571,-0.151,-0.008, 0.000;
3.675,6.190,-3.925,6.190,-3.925, 0.025, 0.373, 2.599,-0.191,-0.191,0.000, 0.412,-0.617, 4.744, 0.577, 0.734, 1.571,-0.192,-0.049, 0.000;
3.696,3.098,-2.057,3.098,-2.057, 0.022, 0.373, 2.599,-0.103,0.000,0.000, 0.422,-0.602, 4.778, 0.477, 0.671, 1.571,-0.117, 0.027, 0.000;
3.708,2.054,-3.668,2.054,-3.668, 0.020, 0.371, 2.611,-0.188,-0.188,1.073, 0.428,-0.592, 4.784, 0.423, 0.720, 1.571,-0.075,-0.015, 0.000;
3.720,3.759,-4.648,3.759,-4.648, 0.018, 0.371, 2.611,-0.183,0.000,0.000, 0.435,-0.583, 4.803, 0.452, 0.769, 1.571,-0.118,-0.058, 0.000;
3.733,2.773,-6.413,2.773,-6.413, 0.018, 0.368, 2.632,0.000,-0.174,1.581, 0.439,-0.572, 4.803, 0.392, 0.820, 1.571,-0.073,-0.103, 0.000;
3.736,3.067,-5.839,3.067,-5.839, 0.016, 0.368, 2.645,-0.690,0.000,4.018, 0.442,-0.569, 4.795, 0.400, 0.811, 1.571,-0.084,-0.092, 0.000;
3.758,6.275,-7.520,6.275,-7.520, 0.013, 0.366, 2.652,-0.104,-0.104,0.328, 0.451,-0.552, 4.822, 0.452, 0.896, 1.571,-0.160,-0.167, 0.000;
3.770,4.478,-6.415,4.478,-6.415, 0.011, 0.366, 2.665,-0.183,0.000,1.069, 0.457,-0.543, 4.828, 0.394, 0.858, 1.571,-0.117,-0.123, 0.000;
3.781,5.314,-4.705,5.314,-4.705, 0.009, 0.364, 2.665,-0.195,-0.195,0.000, 0.462,-0.532, 4.846, 0.421, 0.823, 1.571,-0.157,-0.083, 0.000;
3.793,3.609,-3.705,3.609,-3.705, 0.009, 0.364, 2.685,0.000,0.000,1.689, 0.465,-0.523, 4.845, 0.366, 0.786, 1.571,-0.116,-0.042, 0.000;
