0.000,0.000,0.000,0.000,0.000, 0.000, 0.000, 0.000,0.000,0.000,0.000, 0.000, 0.000, 0.000, 0.000, 0.000, 0.000, 0.000, 0.000, 0.000;
0.012,-1.179,-1.331,-1.179,-1.331, 0.317,-0.040, 0.079,0.000,0.000,0.000, 0.183, 0.050, 1.510,-0.123, 0.834, 1.571, 0.108,-0.049, 0.000;
0.024,2.084,-3.007,2.084,-3.007, 0.317,-0.040, 0.079,0.000,0.000,0.000, 0.183, 0.059, 1.529,-0.232, 0.879, 1.571, 0.203,-0.095, 0.000;
0.037,1.965,-3.464,1.965,-3.464, 0.317,-0.040, 0.079,0.000,0.000,0.000, 0.182, 0.069, 1.549,-0.343, 0.927, 1.571, 0.297,-0.143, 0.000;
0.049,1.856,-3.939,1.856,-3.939, 0.317,-0.040, 0.079,0.000,0.000,0.000, 0.182, 0.078, 1.568,-0.436, 0.969, 1.571, 0.376,-0.186, 0.000;
0.060,1.771,-4.344,1.771,-4.344, 0.317,-0.040, 0.079,0.000,0.000,0.000, 0.181, 0.088, 1.586,-0.520, 1.009, 1.571, 0.446,-0.227, 0.000;
0.072,1.699,-4.718,1.699,-4.718, 0.317,-0.040, 0.079,0.000,0.000,0.000, 0.180, 0.097, 1.605,-0.600, 0.965, 1.571, 0.511,-0.185, 0.000;
0.085,1.390,-4.867,1.390,-4.867, 0.317,-0.040, 0.079,0.000,0.000,0.000, 0.179, 0.107, 1.625,-0.677, 0.919, 1.571, 0.573,-0.140, 0.000;
0.098,1.083,-5.005,1.083,-5.005, 0.317,-0.040, 0.079,0.000,0.000,0.000, 0.177, 0.116, 1.645,-0.750, 0.872, 1.571, 0.630,-0.096, 0.000;
0.111,0.786,-5.127,0.786,-5.127, 0.317,-0.040, 0.079,0.000,0.000,0.000, 0.176, 0.127, 1.665,-0.819, 0.824, 1.571, 0.684,-0.050, 0.000;
0.123,0.493,-5.242,0.493,-5.242, 0.317,-0.040, 0.079,0.000,0.000,0.000, 0.174, 0.136, 1.684,-0.879, 0.779, 1.571, 0.729,-0.008, 0.000;
0.135,0.231,-5.331,0.231,-5.331, 0.317,-0.040, 0.079,0.000,0.000,0.000, 0.172, 0.146, 1.704,-0.940, 0.821, 1.571, 0.774,-0.053, 0.000;
0.147,0.225,-5.647,0.225,-5.647, 0.317,-0.040, 0.079,0.000,0.000,0.000, 0.170, 0.155, 1.723,-0.911, 0.776, 1.571, 0.732,-0.012, 0.000;
0.159,0.187,-5.477,0.187,-5.477, 0.317,-0.040, 0.079,0.000,0.000,0.000, 0.168, 0.163, 1.741,-0.883, 0.813, 1.571, 0.689,-0.052, 0.000;
0.170,0.388,-5.513,0.388,-5.513, 0.317,-0.040, 0.079,0.000,0.000,0.000, 0.165, 0.172, 1.758,-0.855, 0.770, 1.571, 0.648,-0.013, 0.000;
0.181,0.351,-5.346,0.351,-5.346, 0.317,-0.040, 0.079,0.000,0.000,0.000, 0.163, 0.181, 1.776,-0.826, 0.806, 1.571, 0.605,-0.052, 0.000;
0.193,0.548,-5.377,0.548,-5.377, 0.317,-0.040, 0.079,0.000,0.000,0.000, 0.160, 0.189, 1.795,-0.796, 0.760, 1.571, 0.561,-0.011, 0.000;
0.205,0.500,-5.201,0.500,-5.201, 0.317,-0.040, 0.078,0.000,0.000,-0.103, 0.157, 0.198, 1.815,-0.765, 0.797, 1.571, 0.517,-0.052, 0.000;
0.216,0.625,-5.246,0.625,-5.246, 0.317,-0.038, 0.062,0.000,0.197,-1.374, 0.154, 0.205, 1.848,-0.737, 0.753, 1.571, 0.475,-0.012, 0.000;
0.228,0.578,-5.064,0.578,-5.064, 0.317,-0.038, 0.063,0.000,0.000,0.087, 0.151, 0.213, 1.865,-0.708, 0.708, 1.571, 0.433, 0.028, 0.000;
0.239,0.538,-4.894,0.538,-4.894, 0.317,-0.038, 0.063,0.000,0.000,0.000, 0.148, 0.221, 1.882,-0.680, 0.742, 1.571, 0.392,-0.011, 0.000;
0.250,0.645,-4.938,0.645,-4.938, 0.317,-0.036, 0.048,0.000,0.204,-1.445, 0.145, 0.227, 1.915,-0.653, 0.698, 1.571, 0.352, 0.028, 0.000;
0.261,0.668,-4.751,0.668,-4.751, 0.317,-0.036, 0.063,0.000,0.000,1.378, 0.142, 0.235, 1.918,-0.624, 0.733, 1.571, 0.311,-0.012, 0.000;
0.273,0.853,-4.787,0.853,-4.787, 0.315,-0.036, 0.062,-0.196,0.000,-0.087, 0.140, 0.243, 1.936,-0.595, 0.687, 1.571, 0.269, 0.027, 0.000;
0.293,0.737,-4.591,0.737,-4.591, 0.315,-0.033, 0.047,0.000,0.107,-0.746, 0.133, 0.256, 1.985,-0.543, 0.602, 1.571, 0.194, 0.101, 0.000;
0.305,0.654,-4.288,0.654,-4.288, 0.315,-0.031, 0.048,0.000,0.198,0.066, 0.129, 0.261, 2.002,-0.516, 0.636, 1.571, 0.154, 0.062, 0.000;
0.317,0.822,-4.311,0.822,-4.311, 0.315,-0.031, 0.048,0.000,0.000,0.000, 0.125, 0.270, 2.021,-0.485, 0.672, 1.571, 0.110, 0.018, 0.000;
0.329,1.016,-4.355,1.016,-4.355, 0.312,-0.031, 0.047,-0.194,0.000,-0.064, 0.122, 0.278, 2.040,-0.457, 0.625, 1.571, 0.069, 0.058, 0.000;
0.340,0.980,-4.168,0.980,-4.168, 0.312,-0.029, 0.048,0.000,0.193,0.064, 0.118, 0.284, 2.058,-0.428, 0.577, 1.571, 0.028, 0.099, 0.000;
0.352,0.852,-3.996,0.852,-3.996, 0.312,-0.027, 0.032,0.000,0.192,-1.364, 0.113, 0.289, 2.092,-0.400, 0.529, 1.571,-0.012, 0.140, 0.000;
0.363,0.787,-3.810,0.787,-3.810, 0.310,-0.027, 0.031,-0.201,0.000,-0.045, 0.111, 0.297, 2.110,-0.372, 0.561, 1.571,-0.052, 0.101, 0.000;
0.374,0.910,-3.850,0.910,-3.850, 0.310,-0.025, 0.016,0.000,0.205,-1.433, 0.106, 0.302, 2.142,-0.422, 0.515, 1.571,-0.013, 0.139, 0.000;
0.385,0.705,-3.873,0.705,-3.873, 0.308,-0.025, 0.031,-0.201,0.000,1.404, 0.103, 0.309, 2.144,-0.394, 0.546, 1.571,-0.053, 0.100, 0.000;
0.396,0.827,-3.911,0.827,-3.911, 0.308,-0.022, 0.016,0.000,0.205,-1.433, 0.098, 0.314, 2.177,-0.443, 0.500, 1.571,-0.014, 0.138, 0.000;
0.407,0.560,-3.942,0.560,-3.942, 0.308,-0.022, 0.016,0.000,0.000,0.022, 0.093, 0.321, 2.194,-0.415, 0.532, 1.571,-0.053, 0.099, 0.000;
0.428,0.662,-3.963,0.662,-3.963, 0.306,-0.020, 0.000,-0.106,0.106,-0.753, 0.085, 0.331, 2.243,-0.362, 0.442, 1.571,-0.128, 0.173, 0.000;
0.439,0.631,-3.623,0.631,-3.623, 0.306,-0.020, 0.016,0.000,0.000,1.385, 0.080, 0.338, 2.245,-0.412, 0.473, 1.571,-0.087, 0.133, 0.000;
0.451,0.525,-3.891,0.525,-3.891, 0.306,-0.018, 0.000,0.000,0.197,-1.382, 0.074, 0.343, 2.279,-0.463, 0.504, 1.571,-0.048, 0.093, 0.000;
0.462,0.397,-4.142,0.397,-4.142, 0.304,-0.016,-0.016,-0.198,0.198,-1.389, 0.071, 0.347, 2.312,-0.434, 0.455, 1.571,-0.087, 0.133, 0.000;
0.474,0.411,-3.928,0.411,-3.928, 0.301,-0.016, 0.000,-0.186,0.000,1.305, 0.066, 0.354, 2.315,-0.403, 0.487, 1.571,-0.129, 0.091, 0.000;
0.486,0.537,-3.963,0.537,-3.963, 0.301,-0.013,-0.016,0.000,0.188,-1.315, 0.060, 0.359, 2.349,-0.455, 0.435, 1.571,-0.088, 0.132, 0.000;
0.497,0.240,-3.985,0.240,-3.985, 0.299,-0.011,-0.016,-0.197,0.197,0.000, 0.056, 0.363, 2.367,-0.425, 0.386, 1.571,-0.127, 0.172, 0.000;
0.508,0.191,-3.777,0.191,-3.777, 0.299,-0.011,-0.016,0.000,0.000,0.000, 0.050, 0.369, 2.384,-0.474, 0.415, 1.571,-0.088, 0.133, 0.000;
0.519,0.135,-4.021,0.135,-4.021, 0.297,-0.009,-0.016,-0.202,0.202,0.000, 0.046, 0.373, 2.402,-0.444, 0.367, 1.571,-0.127, 0.172, 0.000;
0.531,0.027,-3.814,0.027,-3.814, 0.295,-0.007,-0.031,-0.193,0.193,-1.309, 0.042, 0.377, 2.435,-0.413, 0.316, 1.571,-0.168, 0.212, 0.000;
0.543,-0.024,-3.597,-0.024,-3.597, 0.295,-0.004,-0.031,0.000,0.187,-0.040, 0.035, 0.381, 2.454,-0.466, 0.263, 1.571,-0.126, 0.254, 0.000;
0.554,-0.382,-3.603,-0.382,-3.603, 0.292,-0.002,-0.047,-0.190,0.190,-1.330, 0.030, 0.385, 2.488,-0.434, 0.293, 1.571,-0.167, 0.213, 0.000;
0.576,-0.209,-3.590,-0.209,-3.590, 0.290,-0.000,-0.047,-0.103,0.103,0.000, 0.019, 0.393, 2.522,-0.527, 0.196, 1.571,-0.091, 0.289, 0.000;
0.579,-0.746,-3.645,-0.746,-3.645, 0.290, 0.002,-0.047,0.000,0.724,0.000, 0.017, 0.392, 2.527,-0.540, 0.204, 1.571,-0.080, 0.278, 0.000;
0.591,-0.771,-3.675,-0.771,-3.675, 0.288, 0.004,-0.047,-0.185,0.185,0.000, 0.012, 0.396, 2.546,-0.507, 0.235, 1.571,-0.122, 0.236, 0.000;
0.606,-0.655,-3.670,-0.655,-3.670, 0.286, 0.007,-0.062,-0.150,0.150,-1.049, 0.004, 0.401, 2.585,-0.465, 0.272, 1.571,-0.174, 0.184, 0.000;
0.616,-0.449,-3.704,-0.449,-3.704, 0.283, 0.009,-0.062,-0.219,0.219,0.000, 0.000, 0.403, 2.601,-0.508, 0.298, 1.571,-0.138, 0.148, 0.000;
0.628,-0.509,-3.892,-0.509,-3.892, 0.281, 0.011,-0.061,-0.195,0.195,0.084,-0.005, 0.406, 2.618,-0.476, 0.246, 1.571,-0.179, 0.188, 0.000;
0.639,-0.558,-3.666,-0.558,-3.666, 0.281, 0.013,-0.062,0.000,0.191,-0.082,-0.013, 0.408, 2.637,-0.525, 0.275, 1.571,-0.137, 0.147, 0.000;
0.661,-0.638,-3.870,-0.638,-3.870, 0.279, 0.016,-0.062,-0.102,0.102,0.000,-0.025, 0.415, 2.672,-0.462, 0.174, 1.571,-0.214, 0.224, 0.000;
0.674,-0.790,-3.467,-0.790,-3.467, 0.277, 0.018,-0.078,-0.181,0.181,-1.261,-0.031, 0.418, 2.707,-0.514, 0.205, 1.571,-0.171, 0.180, 0.000;
0.686,-0.874,-3.698,-0.874,-3.698, 0.275, 0.020,-0.078,-0.185,0.185,0.000,-0.038, 0.420, 2.726,-0.479, 0.234, 1.571,-0.213, 0.138, 0.000;
0.697,-0.707,-3.707,-0.707,-3.707, 0.272, 0.022,-0.078,-0.191,0.191,0.000,-0.043, 0.422, 2.744,-0.526, 0.180, 1.571,-0.172, 0.179, 0.000;
0.709,-0.994,-3.677,-0.994,-3.677, 0.270, 0.025,-0.078,-0.192,0.192,0.000,-0.049, 0.424, 2.762,-0.492, 0.208, 1.571,-0.213, 0.138, 0.000;
0.721,-0.890,-3.668,-0.890,-3.668, 0.268, 0.029,-0.093,-0.190,0.381,-1.322,-0.055, 0.424, 2.796,-0.539, 0.154, 1.571,-0.172, 0.180, 0.000;
0.733,-1.183,-3.617,-1.183,-3.617, 0.266, 0.031,-0.092,-0.175,0.175,0.112,-0.062, 0.426, 2.815,-0.501, 0.095, 1.571,-0.216, 0.225, 0.000;
0.746,-1.178,-3.375,-1.178,-3.375, 0.263, 0.033,-0.077,-0.180,0.180,1.230,-0.069, 0.427, 2.819,-0.551, 0.124, 1.571,-0.173, 0.181, 0.000;
0.758,-1.318,-3.580,-1.318,-3.580, 0.261, 0.036,-0.092,-0.190,0.190,-1.301,-0.075, 0.428, 2.853,-0.515, 0.070, 1.571,-0.214, 0.222, 0.000;
0.769,-1.309,-3.356,-1.309,-3.356, 0.259, 0.038,-0.077,-0.191,0.191,1.306,-0.082, 0.430, 2.856,-0.562, 0.097, 1.571,-0.173, 0.181, 0.000;
0.781,-1.444,-3.540,-1.444,-3.540, 0.257, 0.042,-0.092,-0.194,0.387,-1.325,-0.088, 0.428, 2.889,-0.526, 0.043, 1.571,-0.213, 0.222, 0.000;
0.793,-1.496,-3.283,-1.496,-3.283, 0.254, 0.045,-0.092,-0.189,0.189,0.000,-0.094, 0.429, 2.908,-0.572, 0.071, 1.571,-0.172, 0.181, 0.000;
0.805,-1.586,-3.484,-1.586,-3.484, 0.252, 0.047,-0.093,-0.188,0.188,-0.120,-0.101, 0.430, 2.928,-0.535, 0.015, 1.571,-0.214, 0.222, 0.000;
0.816,-1.678,-3.207,-1.678,-3.207, 0.250, 0.051,-0.109,-0.188,0.377,-1.305,-0.108, 0.428, 2.962,-0.581,-0.041, 1.571,-0.172, 0.264, 0.000;
0.830,-1.976,-3.139,-1.976,-3.139, 0.248, 0.054,-0.109,-0.164,0.164,0.000,-0.116, 0.429, 2.983,-0.538,-0.009, 1.571,-0.220, 0.216, 0.000;
0.843,-1.734,-3.170,-1.734,-3.170, 0.243, 0.056,-0.092,-0.336,0.168,1.272,-0.121, 0.429, 2.987,-0.495, 0.022, 1.571,-0.267, 0.170, 0.000;
0.856,-1.539,-3.156,-1.539,-3.156, 0.241, 0.058,-0.092,-0.179,0.179,0.000,-0.129, 0.429, 3.007,-0.543,-0.037, 1.571,-0.223, 0.213, 0.000;
0.868,-1.894,-3.078,-1.894,-3.078, 0.239, 0.062,-0.107,-0.186,0.373,-1.272,-0.136, 0.427, 3.041,-0.588,-0.094, 1.571,-0.181, 0.256, 0.000;
0.880,-2.198,-3.009,-2.198,-3.009, 0.237, 0.065,-0.107,-0.189,0.189,0.000,-0.143, 0.426, 3.060,-0.549,-0.066, 1.571,-0.222, 0.214, 0.000;
0.892,-2.033,-3.001,-2.033,-3.001, 0.234, 0.069,-0.107,-0.183,0.366,0.000,-0.150, 0.424, 3.079,-0.595,-0.124, 1.571,-0.179, 0.257, 0.000;
0.904,-2.343,-2.929,-2.343,-2.929, 0.230, 0.071,-0.107,-0.376,0.188,0.000,-0.154, 0.423, 3.097,-0.555,-0.097, 1.571,-0.221, 0.216, 0.000;
0.915,-2.119,-2.940,-2.119,-2.940, 0.228, 0.074,-0.092,-0.190,0.190,1.298,-0.161, 0.422, 3.101,-0.598,-0.152, 1.571,-0.180, 0.257, 0.000;
0.927,-2.450,-2.848,-2.450,-2.848, 0.225, 0.078,-0.107,-0.189,0.377,-1.287,-0.168, 0.419, 3.134,-0.559,-0.209, 1.571,-0.221, 0.298, 0.000;
0.940,-2.495,-2.568,-2.495,-2.568, 0.221, 0.080,-0.107,-0.350,0.175,0.000,-0.174, 0.417, 3.154,-0.516,-0.179, 1.571,-0.266, 0.253, 0.000;
0.952,-2.305,-2.546,-2.305,-2.546, 0.219, 0.083,-0.107,-0.184,0.184,0.000,-0.181, 0.416, 3.174,-0.560,-0.152, 1.571,-0.224, 0.211, 0.000;
0.964,-2.393,-2.740,-2.393,-2.740, 0.214, 0.085,-0.107,-0.376,0.188,0.000,-0.186, 0.414, 3.192,-0.519,-0.208, 1.571,-0.265, 0.252, 0.000;
0.976,-2.374,-2.500,-2.374,-2.500, 0.210, 0.087,-0.091,-0.362,0.181,1.347,-0.191, 0.413, 3.195,-0.476,-0.180, 1.571,-0.309, 0.209, 0.000;
0.990,-2.187,-2.463,-2.187,-2.463, 0.208, 0.089,-0.092,-0.158,0.158,-0.098,-0.200, 0.411, 3.219,-0.526,-0.247, 1.571,-0.259, 0.259, 0.000;
1.002,-2.538,-2.397,-2.538,-2.397, 0.203, 0.092,-0.092,-0.383,0.192,0.000,-0.205, 0.408, 3.237,-0.485,-0.220, 1.571,-0.300, 0.218, 0.000;
1.014,-2.394,-2.326,-2.394,-2.326, 0.199, 0.094,-0.107,-0.364,0.182,-1.243,-0.210, 0.406, 3.271,-0.442,-0.278, 1.571,-0.343, 0.260, 0.000;
1.026,-2.418,-2.035,-2.418,-2.035, 0.194, 0.096,-0.107,-0.371,0.186,0.000,-0.215, 0.404, 3.290,-0.484,-0.251, 1.571,-0.301, 0.218, 0.000;
1.039,-2.489,-2.208,-2.489,-2.208, 0.190, 0.098,-0.107,-0.362,0.181,0.000,-0.220, 0.401, 3.310,-0.440,-0.309, 1.571,-0.344, 0.261, 0.000;
1.051,-2.508,-1.916,-2.508,-1.916, 0.183, 0.098,-0.106,-0.543,0.000,0.131,-0.223, 0.400, 3.327,-0.395,-0.280, 1.571,-0.388, 0.218, 0.000;
1.063,-2.294,-1.884,-2.294,-1.884, 0.179, 0.100,-0.106,-0.362,0.181,0.000,-0.228, 0.397, 3.347,-0.437,-0.252, 1.571,-0.344, 0.174, 0.000;
1.076,-2.400,-2.018,-2.400,-2.018, 0.174, 0.103,-0.122,-0.357,0.179,-1.343,-0.233, 0.394, 3.383,-0.392,-0.312, 1.571,-0.388, 0.218, 0.000;
1.089,-2.385,-1.754,-2.385,-1.754, 0.167, 0.103,-0.106,-0.502,0.000,1.259,-0.237, 0.392, 3.387,-0.342,-0.281, 1.571,-0.435, 0.171, 0.000;
1.092,-2.180,-1.732,-2.180,-1.732, 0.163, 0.103,-0.106,-1.362,0.000,0.000,-0.235, 0.392, 3.392,-0.353,-0.273, 1.571,-0.424, 0.159, 0.000;
1.104,-2.185,-1.723,-2.185,-1.723, 0.156, 0.105,-0.121,-0.595,0.198,-1.330,-0.237, 0.388, 3.425,-0.311,-0.326, 1.571,-0.464, 0.199, 0.000;
1.125,-2.137,-1.452,-2.137,-1.452, 0.152, 0.105,-0.106,-0.211,0.000,0.707,-0.249, 0.386, 3.443,-0.233,-0.277, 1.571,-0.538, 0.124, 0.000;
1.136,-1.830,-1.430,-1.830,-1.430, 0.145, 0.105,-0.106,-0.577,0.000,0.000,-0.251, 0.384, 3.462,-0.271,-0.250, 1.571,-0.496, 0.083, 0.000;
1.149,-1.869,-1.590,-1.869,-1.590, 0.141, 0.107,-0.106,-0.348,0.174,0.000,-0.257, 0.379, 3.482,-0.313,-0.311, 1.571,-0.451, 0.128, 0.000;
1.152,-2.186,-1.504,-2.186,-1.504, 0.134, 0.107,-0.106,-2.069,0.000,0.000,-0.253, 0.379, 3.487,-0.300,-0.303, 1.571,-0.463, 0.117, 0.000;
1.174,-2.055,-1.450,-2.055,-1.450, 0.129, 0.107,-0.106,-0.212,0.000,0.000,-0.264, 0.374, 3.520,-0.219,-0.254, 1.571,-0.537, 0.043, 0.000;
1.185,-1.742,-1.416,-1.742,-1.416, 0.123, 0.109,-0.106,-0.578,0.193,0.000,-0.266, 0.370, 3.538,-0.257,-0.309, 1.571,-0.496, 0.084, 0.000;
1.196,-1.992,-1.316,-1.992,-1.316, 0.116, 0.109,-0.104,-0.601,0.000,0.141,-0.268, 0.367, 3.554,-0.292,-0.283, 1.571,-0.457, 0.044, 0.000;
1.208,-2.025,-1.462,-2.025,-1.462, 0.109, 0.109,-0.104,-0.576,0.000,0.000,-0.270, 0.364, 3.572,-0.246,-0.256, 1.571,-0.498, 0.004, 0.000;
1.221,-1.793,-1.438,-1.793,-1.438, 0.105, 0.109,-0.091,-0.353,0.000,1.062,-0.275, 0.361, 3.579,-0.286,-0.315, 1.571,-0.453, 0.048, 0.000;
1.232,-2.088,-1.325,-2.088,-1.325, 0.098, 0.112,-0.104,-0.592,0.197,-1.188,-0.276, 0.356, 3.610,-0.241,-0.368, 1.571,-0.493, 0.088, 0.000;
1.243,-2.087,-1.024,-2.087,-1.024, 0.092, 0.112,-0.104,-0.597,0.000,0.000,-0.278, 0.352, 3.628,-0.196,-0.341, 1.571,-0.532, 0.049, 0.000;
1.254,-1.881,-0.976,-1.881,-0.976, 0.085, 0.112,-0.104,-0.612,0.000,0.000,-0.279, 0.349, 3.645,-0.153,-0.315, 1.571,-0.571, 0.010, 0.000;
1.265,-1.666,-0.949,-1.666,-0.949, 0.080, 0.112,-0.091,-0.409,0.000,1.230,-0.283, 0.346, 3.648,-0.186,-0.366, 1.571,-0.532, 0.048, 0.000;
1.278,-1.903,-0.842,-1.903,-0.842, 0.074, 0.114,-0.104,-0.527,0.176,-1.058,-0.285, 0.339, 3.682,-0.135,-0.425, 1.571,-0.577, 0.093, 0.000;
1.289,-1.898,-0.535,-1.898,-0.535, 0.067, 0.114,-0.089,-0.606,0.000,1.339,-0.286, 0.336, 3.684,-0.168,-0.398, 1.571,-0.538, 0.054, 0.000;
1.300,-1.924,-0.674,-1.924,-0.674, 0.060, 0.114,-0.089,-0.608,0.000,0.000,-0.287, 0.332, 3.702,-0.123,-0.372, 1.571,-0.577, 0.016, 0.000;
1.321,-1.698,-0.587,-1.698,-0.587, 0.056, 0.116,-0.104,-0.210,0.105,-0.695,-0.297, 0.322, 3.750,-0.186,-0.470, 1.571,-0.502, 0.091, 0.000;
1.332,-2.201,-0.429,-2.201,-0.429, 0.049, 0.116,-0.104,-0.587,0.000,0.000,-0.298, 0.317, 3.768,-0.220,-0.442, 1.571,-0.461, 0.051, 0.000;
1.344,-2.218,-0.604,-2.218,-0.604, 0.042, 0.116,-0.089,-0.562,0.000,1.242,-0.300, 0.313, 3.772,-0.170,-0.413, 1.571,-0.503, 0.009, 0.000;
1.356,-1.995,-0.546,-1.995,-0.546, 0.036, 0.116,-0.088,-0.583,0.000,0.114,-0.301, 0.308, 3.788,-0.123,-0.465, 1.571,-0.543, 0.049, 0.000;
1.368,-1.978,-0.245,-1.978,-0.245, 0.029, 0.116,-0.088,-0.560,0.000,0.000,-0.302, 0.303, 3.807,-0.073,-0.436, 1.571,-0.585, 0.007, 0.000;
1.380,-1.755,-0.155,-1.755,-0.155, 0.025, 0.118,-0.104,-0.378,0.189,-1.363,-0.305, 0.295, 3.842,-0.106,-0.490, 1.571,-0.544, 0.049, 0.000;
1.392,-2.006,-0.075,-2.006,-0.075, 0.018, 0.118,-0.089,-0.547,0.000,1.207,-0.307, 0.290, 3.846,-0.055,-0.459, 1.571,-0.586, 0.006, 0.000;
1.404,-1.774,-0.013,-1.774,-0.013, 0.011, 0.118,-0.088,-0.550,0.000,0.107,-0.308, 0.284, 3.864,-0.089,-0.514, 1.571,-0.544, 0.048, 0.000;
1.416,-2.009,0.093,-2.009,0.093, 0.004, 0.118,-0.088,-0.546,0.000,0.000,-0.309, 0.279, 3.883,-0.037,-0.483, 1.571,-0.587, 0.005, 0.000;
1.428,-1.777,0.162,-1.777,0.162, 0.000, 0.118,-0.089,-0.392,0.000,-0.115,-0.311, 0.273, 3.903,-0.068,-0.534, 1.571,-0.546, 0.045, 0.000;
1.440,-2.005,0.251,-2.005,0.251,-0.007, 0.121,-0.088,-0.561,0.187,0.110,-0.312, 0.265, 3.920,-0.017,-0.587, 1.571,-0.588, 0.087, 0.000;
1.450,-1.997,0.580,-1.997,0.580,-0.013, 0.121,-0.088,-0.620,0.000,0.000,-0.312, 0.260, 3.937,-0.047,-0.560, 1.571,-0.550, 0.049, 0.000;
1.462,-2.007,0.457,-2.007,0.457,-0.018, 0.121,-0.089,-0.398,0.000,-0.116,-0.314, 0.254, 3.956,-0.077,-0.531, 1.571,-0.511, 0.010, 0.000;
1.475,-2.032,0.283,-2.032,0.283,-0.025, 0.121,-0.073,-0.501,0.000,1.190,-0.315, 0.247, 3.961,-0.019,-0.590, 1.571,-0.558, 0.057, 0.000;
1.486,-2.018,0.637,-2.018,0.637,-0.031, 0.121,-0.073,-0.582,0.000,0.000,-0.315, 0.240, 3.979,-0.050,-0.560, 1.571,-0.517, 0.016, 0.000;
1.497,-2.030,0.503,-2.030,0.503,-0.038, 0.121,-0.073,-0.606,0.000,0.000,-0.314, 0.234, 3.996,-0.001,-0.608, 1.571,-0.556, 0.055, 0.000;
1.509,-1.993,0.830,-1.993,0.830,-0.042, 0.123,-0.088,-0.392,0.196,-1.284,-0.316, 0.226, 4.029,-0.031,-0.658, 1.571,-0.516, 0.095, 0.000;
1.520,-2.240,0.907,-2.240,0.907,-0.049, 0.123,-0.073,-0.602,0.000,1.313,-0.315, 0.220, 4.032, 0.018,-0.628, 1.571,-0.555, 0.056, 0.000;
1.542,-1.972,1.003,-1.972,1.003,-0.056, 0.123,-0.088,-0.309,0.000,-0.674,-0.320, 0.207, 4.080, 0.113,-0.570, 1.571,-0.631,-0.020, 0.000;
1.545,-1.634,1.090,-1.634,1.090,-0.062, 0.123,-0.072,-1.888,0.000,4.419,-0.315, 0.205, 4.070, 0.104,-0.586, 1.571,-0.618,-0.008, 0.000;
1.557,-1.651,1.142,-1.651,1.142,-0.067, 0.123,-0.073,-0.388,0.000,-0.092,-0.317, 0.198, 4.089, 0.074,-0.635, 1.571,-0.578, 0.033, 0.000;
1.570,-1.870,1.237,-1.870,1.237,-0.074, 0.123,-0.073,-0.522,0.000,0.000,-0.316, 0.190, 4.110, 0.041,-0.600, 1.571,-0.533,-0.012, 0.000;
1.580,-1.884,1.087,-1.884,1.087,-0.080, 0.123,-0.072,-0.619,0.000,0.098,-0.315, 0.183, 4.126, 0.090,-0.647, 1.571,-0.571, 0.026, 0.000;
1.603,-1.819,1.378,-1.819,1.378,-0.085, 0.123,-0.073,-0.197,0.000,-0.047,-0.321, 0.169, 4.162, 0.032,-0.584, 1.571,-0.491,-0.054, 0.000;
1.609,-1.914,1.091,-1.914,1.091,-0.092, 0.123,-0.073,-1.129,0.000,0.000,-0.317, 0.165, 4.172, 0.017,-0.609, 1.571,-0.470,-0.033, 0.000;
1.618,-2.011,1.129,-2.011,1.129,-0.098, 0.123,-0.058,-0.736,0.000,1.703,-0.314, 0.160, 4.170, 0.058,-0.647, 1.571,-0.502,-0.001, 0.000;
1.630,-1.952,1.414,-1.952,1.414,-0.103, 0.123,-0.073,-0.390,0.000,-1.353,-0.315, 0.152, 4.204, 0.110,-0.615, 1.571,-0.542,-0.041, 0.000;
1.652,-1.718,1.444,-1.718,1.444,-0.109, 0.123,-0.058,-0.301,0.000,0.696,-0.318, 0.137, 4.223, 0.211,-0.708, 1.571,-0.620, 0.037, 0.000;
1.658,-1.734,2.038,-1.734,2.038,-0.116, 0.123,-0.058,-1.148,0.000,0.000,-0.313, 0.133, 4.233, 0.197,-0.691, 1.571,-0.599, 0.016, 0.000;
1.669,-1.698,1.983,-1.698,1.983,-0.121, 0.123,-0.058,-0.389,0.000,0.000,-0.313, 0.126, 4.251, 0.168,-0.658, 1.571,-0.558,-0.024, 0.000;
1.680,-1.704,1.844,-1.704,1.844,-0.127, 0.123,-0.058,-0.598,0.000,0.000,-0.311, 0.118, 4.268, 0.141,-0.704, 1.571,-0.519, 0.015, 0.000;
1.692,-1.867,1.976,-1.867,1.976,-0.132, 0.123,-0.072,-0.383,0.000,-1.238,-0.311, 0.110, 4.301, 0.113,-0.670, 1.571,-0.478,-0.025, 0.000;
1.704,-1.895,1.808,-1.895,1.808,-0.138, 0.121,-0.058,-0.543,-0.181,1.170,-0.309, 0.103, 4.306, 0.169,-0.633, 1.571,-0.521,-0.069, 0.000;
1.715,-1.626,1.884,-1.626,1.884,-0.143, 0.121,-0.058,-0.417,0.000,0.000,-0.308, 0.096, 4.323, 0.143,-0.677, 1.571,-0.483,-0.031, 0.000;
1.736,-1.792,1.963,-1.792,1.963,-0.150, 0.121,-0.058,-0.314,0.000,0.000,-0.308, 0.081, 4.356, 0.243,-0.762, 1.571,-0.559, 0.043, 0.000;
1.748,-1.770,2.535,-1.770,2.535,-0.154, 0.121,-0.058,-0.377,0.000,0.000,-0.307, 0.072, 4.375, 0.213,-0.727, 1.571,-0.516, 0.002, 0.000;
1.760,-1.804,2.364,-1.804,2.364,-0.158, 0.118,-0.043,-0.364,-0.182,1.180,-0.307, 0.065, 4.380, 0.183,-0.689, 1.571,-0.472,-0.041, 0.000;
1.773,-1.787,2.204,-1.787,2.204,-0.163, 0.118,-0.044,-0.368,0.000,-0.053,-0.305, 0.057, 4.399, 0.154,-0.737, 1.571,-0.429, 0.001, 0.000;
1.784,-2.006,2.301,-2.006,2.301,-0.170, 0.116,-0.043,-0.575,-0.192,0.055,-0.302, 0.050, 4.417, 0.209,-0.701, 1.571,-0.470,-0.040, 0.000;
1.796,-1.737,2.376,-1.737,2.376,-0.174, 0.116,-0.043,-0.378,0.000,0.000,-0.300, 0.041, 4.435, 0.181,-0.747, 1.571,-0.429, 0.002, 0.000;
1.808,-1.943,2.472,-1.943,2.472,-0.179, 0.116,-0.043,-0.366,0.000,0.000,-0.299, 0.032, 4.455, 0.153,-0.709, 1.571,-0.386,-0.041, 0.000;
1.821,-1.965,2.298,-1.965,2.298,-0.183, 0.114,-0.029,-0.361,-0.181,1.171,-0.297, 0.025, 4.460, 0.124,-0.670, 1.571,-0.343,-0.085, 0.000;
1.833,-1.907,2.166,-1.907,2.166,-0.187, 0.114,-0.043,-0.363,0.000,-1.178,-0.295, 0.016, 4.493, 0.182,-0.717, 1.571,-0.386,-0.041, 0.000;
1.845,-1.910,2.467,-1.910,2.467,-0.194, 0.112,-0.029,-0.574,-0.191,1.241,-0.291, 0.009, 4.497, 0.237,-0.679, 1.571,-0.427,-0.083, 0.000;
1.857,-1.598,2.569,-1.598,2.569,-0.199, 0.112,-0.043,-0.365,0.000,-1.182,-0.289,-0.000, 4.531, 0.209,-0.726, 1.571,-0.384,-0.040, 0.000;
1.869,-1.845,2.642,-1.845,2.642,-0.203, 0.109,-0.029,-0.357,-0.179,1.159,-0.286,-0.007, 4.536, 0.267,-0.685, 1.571,-0.428,-0.084, 0.000;
1.884,-1.560,2.710,-1.560,2.710,-0.208, 0.107,-0.029,-0.307,-0.154,0.000,-0.284,-0.016, 4.559, 0.234,-0.638, 1.571,-0.376,-0.135, 0.000;
1.889,-1.549,2.536,-1.549,2.536,-0.212, 0.107,-0.029,-0.841,0.000,0.000,-0.280,-0.020, 4.567, 0.222,-0.658, 1.571,-0.358,-0.116, 0.000;
1.900,-1.612,2.581,-1.612,2.581,-0.217, 0.105,-0.029,-0.401,-0.200,0.000,-0.277,-0.027, 4.585, 0.275,-0.621, 1.571,-0.397,-0.155, 0.000;
1.911,-1.394,2.627,-1.394,2.627,-0.221, 0.103,-0.014,-0.398,-0.199,1.291,-0.274,-0.033, 4.588, 0.328,-0.583, 1.571,-0.437,-0.194, 0.000;
1.923,-1.096,2.712,-1.096,2.712,-0.225, 0.103,-0.029,-0.374,0.000,-1.213,-0.271,-0.043, 4.621, 0.300,-0.628, 1.571,-0.395,-0.152, 0.000;
1.945,-1.273,2.789,-1.273,2.789,-0.230, 0.100,-0.029,-0.205,-0.102,0.000,-0.268,-0.057, 4.655, 0.404,-0.554, 1.571,-0.471,-0.229, 0.000;
1.957,-0.862,2.911,-0.862,2.911,-0.234, 0.098,-0.014,-0.371,-0.185,1.220,-0.265,-0.065, 4.660, 0.375,-0.598, 1.571,-0.428,-0.186, 0.000;
1.969,-1.052,2.991,-1.052,2.991,-0.239, 0.096,-0.014,-0.376,-0.188,0.000,-0.261,-0.072, 4.678, 0.348,-0.640, 1.571,-0.386,-0.144, 0.000;
1.982,-1.233,3.068,-1.233,3.068,-0.241, 0.094,-0.014,-0.180,-0.180,-0.017,-0.259,-0.079, 4.698, 0.320,-0.597, 1.571,-0.342,-0.188, 0.000;
1.994,-1.241,2.877,-1.241,2.877,-0.246, 0.092, 0.000,-0.363,-0.181,1.178,-0.254,-0.087, 4.703, 0.378,-0.641, 1.571,-0.385,-0.145, 0.000;
2.006,-1.145,3.209,-1.145,3.209,-0.250, 0.092,-0.014,-0.355,0.000,-1.154,-0.250,-0.097, 4.737, 0.349,-0.685, 1.571,-0.341,-0.100, 0.000;
2.010,-1.364,3.321,-1.364,3.321,-0.254, 0.089,-0.014,-1.256,-0.628,0.000,-0.245,-0.097, 4.743, 0.366,-0.672, 1.571,-0.354,-0.113, 0.000;
2.021,-1.242,3.333,-1.242,3.333,-0.259, 0.087,-0.014,-0.388,-0.194,0.018,-0.241,-0.104, 4.760, 0.421,-0.631, 1.571,-0.395,-0.154, 0.000;
2.043,-0.947,3.382,-0.947,3.382,-0.261, 0.085,-0.014,-0.104,-0.104,-0.010,-0.238,-0.118, 4.794, 0.372,-0.555, 1.571,-0.319,-0.229, 0.000;
2.056,-0.955,3.084,-0.955,3.084,-0.266, 0.083, 0.000,-0.334,-0.167,1.083,-0.232,-0.127, 4.801, 0.341,-0.601, 1.571,-0.272,-0.181, 0.000;
2.060,-1.174,3.187,-1.174,3.187,-0.268, 0.080, 0.000,-0.599,-0.599,0.000,-0.230,-0.127, 4.807, 0.333,-0.614, 1.571,-0.259,-0.168, 0.000;
2.071,-1.204,3.192,-1.204,3.192,-0.272, 0.078, 0.000,-0.416,-0.208,0.000,-0.225,-0.134, 4.823, 0.384,-0.575, 1.571,-0.297,-0.206, 0.000;
2.082,-0.940,3.258,-0.940,3.258,-0.275, 0.076, 0.000,-0.195,-0.195,0.000,-0.221,-0.140, 4.841, 0.358,-0.613, 1.571,-0.257,-0.166, 0.000;
2.103,-1.100,3.296,-1.100,3.296,-0.279, 0.074, 0.000,-0.212,-0.106,0.000,-0.214,-0.154, 4.874, 0.458,-0.535, 1.571,-0.331,-0.240, 0.000;
2.115,-0.680,3.428,-0.680,3.428,-0.281, 0.071, 0.014,-0.194,-0.194,1.259,-0.211,-0.161, 4.878, 0.431,-0.574, 1.571,-0.290,-0.199, 0.000;
2.126,-0.858,3.482,-0.858,3.482,-0.283, 0.069, 0.014,-0.192,-0.192,0.000,-0.207,-0.168, 4.896, 0.403,-0.612, 1.571,-0.249,-0.158, 0.000;
2.138,-1.034,3.538,-1.034,3.538,-0.288, 0.067, 0.014,-0.385,-0.193,-0.018,-0.200,-0.174, 4.915, 0.458,-0.568, 1.571,-0.289,-0.199, 0.000;
2.149,-0.801,3.601,-0.801,3.601,-0.290, 0.065, 0.029,-0.199,-0.199,1.273,-0.196,-0.181, 4.918, 0.432,-0.604, 1.571,-0.250,-0.160, 0.000;
2.160,-0.968,3.651,-0.968,3.651,-0.292, 0.062, 0.029,-0.200,-0.200,0.000,-0.192,-0.187, 4.935, 0.406,-0.562, 1.571,-0.211,-0.199, 0.000;
2.171,-0.912,3.493,-0.912,3.493,-0.295, 0.060, 0.029,-0.204,-0.204,0.000,-0.187,-0.193, 4.953, 0.458,-0.597, 1.571,-0.249,-0.160, 0.000;
2.182,-0.924,3.745,-0.924,3.745,-0.297, 0.058, 0.043,-0.203,-0.203,1.356,-0.183,-0.199, 4.955, 0.432,-0.555, 1.571,-0.211,-0.199, 0.000;
2.193,-0.864,3.588,-0.864,3.588,-0.299, 0.056, 0.043,-0.204,-0.204,0.000,-0.178,-0.205, 4.972, 0.483,-0.589, 1.571,-0.249,-0.161, 0.000;
2.204,-0.874,3.842,-0.874,3.842,-0.301, 0.054, 0.057,-0.203,-0.203,1.242,-0.173,-0.211, 4.976, 0.458,-0.546, 1.571,-0.210,-0.199, 0.000;
2.225,-0.745,3.671,-0.745,3.671,-0.304, 0.054, 0.043,-0.106,0.000,-0.675,-0.166,-0.227, 5.023, 0.556,-0.612, 1.571,-0.284,-0.125, 0.000;
2.237,-0.765,4.204,-0.765,4.204,-0.306, 0.051, 0.057,-0.192,-0.192,1.223,-0.160,-0.233, 5.027, 0.528,-0.566, 1.571,-0.243,-0.165, 0.000;
2.248,-0.701,4.034,-0.701,4.034,-0.306, 0.049, 0.058,0.000,-0.191,0.071,-0.157,-0.239, 5.045, 0.500,-0.602, 1.571,-0.202,-0.125, 0.000;
2.260,-0.939,4.051,-0.939,4.051,-0.308, 0.047, 0.072,-0.192,-0.192,1.244,-0.151,-0.245, 5.049, 0.473,-0.556, 1.571,-0.161,-0.165, 0.000;
2.272,-0.861,3.884,-0.861,3.884,-0.310, 0.045, 0.071,-0.190,-0.190,-0.088,-0.145,-0.252, 5.068, 0.527,-0.591, 1.571,-0.202,-0.124, 0.000;
2.283,-0.823,4.166,-0.823,4.166,-0.310, 0.042, 0.072,0.000,-0.197,0.091,-0.141,-0.258, 5.085, 0.500,-0.545, 1.571,-0.162,-0.164, 0.000;
2.295,-0.817,3.975,-0.817,3.975,-0.312, 0.040, 0.087,-0.192,-0.192,1.237,-0.135,-0.263, 5.089, 0.554,-0.498, 1.571,-0.203,-0.205, 0.000;
2.307,-0.534,4.049,-0.534,4.049,-0.312, 0.038, 0.087,0.000,-0.190,0.000,-0.131,-0.269, 5.107, 0.525,-0.450, 1.571,-0.161,-0.246, 0.000;
2.318,-0.515,3.861,-0.515,3.861,-0.315, 0.036, 0.100,-0.202,-0.202,1.171,-0.124,-0.275, 5.112, 0.576,-0.483, 1.571,-0.200,-0.207, 0.000;
2.329,-0.483,4.123,-0.483,4.123,-0.315, 0.033, 0.101,0.000,-0.196,0.126,-0.120,-0.280, 5.128, 0.548,-0.436, 1.571,-0.160,-0.247, 0.000;
2.341,-0.410,3.942,-0.410,3.942,-0.315, 0.031, 0.101,0.000,-0.187,0.000,-0.115,-0.286, 5.147, 0.518,-0.470, 1.571,-0.117,-0.205, 0.000;
2.352,-0.644,3.953,-0.644,3.953,-0.315, 0.029, 0.115,0.000,-0.197,1.266,-0.111,-0.292, 5.150, 0.490,-0.424, 1.571,-0.078,-0.245, 0.000;
2.364,-0.568,3.774,-0.568,3.774,-0.315, 0.027, 0.115,0.000,-0.191,0.000,-0.106,-0.297, 5.169, 0.462,-0.457, 1.571,-0.037,-0.204, 0.000;
2.385,-0.784,3.751,-0.784,3.751,-0.317, 0.025, 0.130,-0.104,-0.104,0.665,-0.094,-0.309, 5.188, 0.559,-0.367, 1.571,-0.112,-0.279, 0.000;
2.397,-0.281,3.926,-0.281,3.926,-0.317, 0.022, 0.130,0.000,-0.187,0.000,-0.089,-0.315, 5.207, 0.529,-0.401, 1.571,-0.070,-0.236, 0.000;
2.402,-0.469,3.954,-0.469,3.954,-0.315, 0.020, 0.132,0.467,-0.467,0.395,-0.089,-0.315, 5.212, 0.517,-0.414, 1.571,-0.053,-0.220, 0.000;
2.422,-0.577,3.891,-0.577,3.891,-0.315, 0.016, 0.144,0.000,-0.225,0.622,-0.079,-0.323, 5.231, 0.466,-0.329, 1.571, 0.017,-0.290, 0.000;
2.435,-0.476,3.580,-0.476,3.580,-0.315, 0.013, 0.158,0.000,-0.166,1.053,-0.073,-0.329, 5.238, 0.526,-0.367, 1.571,-0.030,-0.242, 0.000;
2.439,-0.461,3.910,-0.461,3.910,-0.315, 0.011, 0.158,0.000,-0.559,0.000,-0.071,-0.330, 5.245, 0.516,-0.378, 1.571,-0.016,-0.228, 0.000;
2.451,-0.569,3.876,-0.569,3.876,-0.312, 0.009, 0.175,0.201,-0.201,1.496,-0.067,-0.334, 5.245, 0.488,-0.330, 1.571, 0.023,-0.267, 0.000;
2.462,-0.485,3.686,-0.485,3.686,-0.312, 0.007, 0.175,0.000,-0.198,0.000,-0.062,-0.338, 5.263, 0.538,-0.361, 1.571,-0.016,-0.227, 0.000;
2.473,-0.512,3.929,-0.512,3.929,-0.312, 0.004, 0.186,0.000,-0.197,1.018,-0.056,-0.343, 5.269, 0.508,-0.312, 1.571, 0.023,-0.267, 0.000;
2.495,-0.417,3.719,-0.417,3.719,-0.310, 0.002, 0.189,0.101,-0.101,0.121,-0.046,-0.353, 5.301, 0.450,-0.370, 1.571, 0.101,-0.189, 0.000;
2.507,-0.749,3.727,-0.749,3.727,-0.310,-0.000, 0.189,0.000,-0.184,0.000,-0.039,-0.358, 5.320, 0.504,-0.402, 1.571, 0.058,-0.147, 0.000;
2.519,-0.786,3.985,-0.786,3.985,-0.308,-0.002, 0.203,0.192,-0.192,1.219,-0.035,-0.362, 5.325, 0.473,-0.351, 1.571, 0.099,-0.187, 0.000;
2.531,-0.688,3.784,-0.688,3.784,-0.308,-0.004, 0.203,0.000,-0.182,0.000,-0.028,-0.366, 5.344, 0.526,-0.383, 1.571, 0.056,-0.144, 0.000;
2.543,-0.727,4.044,-0.727,4.044,-0.306,-0.009, 0.217,0.195,-0.390,1.230,-0.023,-0.367, 5.348, 0.495,-0.332, 1.571, 0.096,-0.185, 0.000;
2.554,-0.665,3.827,-0.665,3.827,-0.306,-0.011, 0.231,0.000,-0.193,1.206,-0.016,-0.371, 5.352, 0.545,-0.281, 1.571, 0.055,-0.226, 0.000;
2.566,-0.397,3.909,-0.397,3.909,-0.304,-0.013, 0.234,0.183,-0.183,0.273,-0.011,-0.375, 5.368, 0.512,-0.312, 1.571, 0.098,-0.183, 0.000;
2.579,-0.556,3.875,-0.556,3.875,-0.304,-0.016, 0.231,0.000,-0.180,-0.268,-0.004,-0.379, 5.390, 0.565,-0.256, 1.571, 0.055,-0.226, 0.000;
2.590,-0.255,3.967,-0.255,3.967,-0.301,-0.018, 0.231,0.192,-0.192,0.000, 0.001,-0.382, 5.409, 0.533,-0.286, 1.571, 0.096,-0.185, 0.000;
2.602,-0.486,3.923,-0.486,3.923,-0.299,-0.020, 0.248,0.193,-0.193,1.502, 0.006,-0.385, 5.410, 0.500,-0.234, 1.571, 0.136,-0.226, 0.000;
2.614,-0.360,3.723,-0.360,3.723,-0.299,-0.022, 0.245,0.000,-0.186,-0.293, 0.014,-0.389, 5.432, 0.551,-0.264, 1.571, 0.094,-0.184, 0.000;
2.627,-0.362,3.975,-0.362,3.975,-0.297,-0.025, 0.248,0.177,-0.177,0.278, 0.020,-0.392, 5.448, 0.515,-0.206, 1.571, 0.139,-0.228, 0.000;
2.639,-0.292,3.752,-0.292,3.752,-0.295,-0.027, 0.262,0.175,-0.175,1.097, 0.026,-0.395, 5.454, 0.479,-0.238, 1.571, 0.183,-0.184, 0.000;
2.652,-0.516,3.700,-0.516,3.700,-0.295,-0.031, 0.276,0.000,-0.352,1.095, 0.035,-0.396, 5.460, 0.532,-0.180, 1.571, 0.139,-0.228, 0.000;
2.664,-0.193,3.791,-0.193,3.791,-0.292,-0.033, 0.276,0.182,-0.182,0.000, 0.041,-0.399, 5.480, 0.497,-0.210, 1.571, 0.182,-0.185, 0.000;
2.677,-0.357,3.741,-0.357,3.741,-0.290,-0.036, 0.276,0.181,-0.181,0.000, 0.047,-0.401, 5.499, 0.548,-0.154, 1.571, 0.138,-0.228, 0.000;
2.689,-0.133,3.818,-0.133,3.818,-0.288,-0.038, 0.294,0.180,-0.180,1.446, 0.053,-0.404, 5.500, 0.512,-0.184, 1.571, 0.182,-0.185, 0.000;
2.701,-0.281,3.766,-0.281,3.766,-0.288,-0.040, 0.290,0.000,-0.188,-0.350, 0.062,-0.406, 5.523, 0.560,-0.129, 1.571, 0.140,-0.227, 0.000;
2.712,0.010,3.859,0.010,3.859,-0.286,-0.042, 0.290,0.198,-0.198,0.000, 0.067,-0.407, 5.541, 0.527,-0.156, 1.571, 0.179,-0.187, 0.000;
2.725,-0.206,3.799,-0.206,3.799,-0.283,-0.045, 0.308,0.175,-0.175,1.407, 0.074,-0.409, 5.543, 0.579,-0.097, 1.571, 0.135,-0.232, 0.000;
2.737,0.098,3.887,0.098,3.887,-0.281,-0.047, 0.308,0.181,-0.181,0.000, 0.081,-0.411, 5.562, 0.541,-0.127, 1.571, 0.178,-0.188, 0.000;
2.749,-0.062,3.827,-0.062,3.827,-0.279,-0.049, 0.308,0.188,-0.188,0.000, 0.087,-0.413, 5.581, 0.589,-0.072, 1.571, 0.136,-0.230, 0.000;
2.760,0.222,3.906,0.222,3.906,-0.277,-0.051, 0.308,0.198,-0.198,0.000, 0.093,-0.414, 5.599, 0.554,-0.098, 1.571, 0.176,-0.190, 0.000;
2.773,0.024,3.844,0.024,3.844,-0.275,-0.054, 0.322,0.183,-0.183,1.123, 0.100,-0.415, 5.604, 0.603,-0.041, 1.571, 0.133,-0.233, 0.000;
2.785,0.316,3.925,0.316,3.925,-0.272,-0.056, 0.322,0.178,-0.178,0.000, 0.107,-0.416, 5.624, 0.564,-0.071, 1.571, 0.177,-0.189, 0.000;
2.799,0.155,3.852,0.155,3.852,-0.270,-0.058, 0.322,0.165,-0.165,0.000, 0.115,-0.417, 5.645, 0.617,-0.008, 1.571, 0.130,-0.237, 0.000;
2.810,0.481,3.949,0.481,3.949,-0.268,-0.060, 0.322,0.190,-0.190,0.000, 0.121,-0.418, 5.664, 0.580,-0.035, 1.571, 0.171,-0.195, 0.000;
2.823,0.280,3.882,0.280,3.882,-0.266,-0.062, 0.335,0.179,-0.179,1.089, 0.128,-0.418, 5.670, 0.628, 0.023, 1.571, 0.127,-0.239, 0.000;
2.835,0.579,3.966,0.579,3.966,-0.263,-0.065, 0.335,0.184,-0.184,0.000, 0.135,-0.419, 5.689, 0.589,-0.005, 1.571, 0.170,-0.196, 0.000;
2.847,0.409,3.895,0.409,3.895,-0.261,-0.067, 0.340,0.191,-0.191,0.408, 0.142,-0.419, 5.702, 0.634, 0.050, 1.571, 0.129,-0.237, 0.000;
2.858,0.709,3.967,0.709,3.967,-0.259,-0.069, 0.335,0.189,-0.189,-0.404, 0.149,-0.419, 5.726, 0.596, 0.023, 1.571, 0.170,-0.196, 0.000;
2.870,0.511,3.898,0.511,3.898,-0.257,-0.071, 0.349,0.190,-0.190,1.145, 0.155,-0.418, 5.731, 0.640, 0.078, 1.571, 0.129,-0.237, 0.000;
2.883,0.773,3.977,0.773,3.977,-0.252,-0.074, 0.354,0.360,-0.180,0.398, 0.161,-0.418, 5.745, 0.599, 0.050, 1.571, 0.173,-0.194, 0.000;
2.894,0.615,3.879,0.615,3.879,-0.250,-0.076, 0.354,0.190,-0.190,0.000, 0.167,-0.417, 5.764, 0.560, 0.105, 1.571, 0.214,-0.235, 0.000;
2.906,0.714,3.674,0.714,3.674,-0.248,-0.078, 0.367,0.193,-0.193,1.168, 0.174,-0.416, 5.768, 0.603, 0.078, 1.571, 0.174,-0.194, 0.000;
2.918,0.704,3.878,0.704,3.878,-0.246,-0.080, 0.367,0.188,-0.188,0.000, 0.181,-0.415, 5.787, 0.563, 0.134, 1.571, 0.215,-0.236, 0.000;
2.929,0.838,3.666,0.838,3.666,-0.241,-0.083, 0.372,0.389,-0.195,0.456, 0.186,-0.414, 5.800, 0.525, 0.108, 1.571, 0.256,-0.195, 0.000;
2.941,0.695,3.565,0.695,3.565,-0.239,-0.085, 0.372,0.196,-0.196,0.000, 0.192,-0.413, 5.817, 0.566, 0.162, 1.571, 0.216,-0.235, 0.000;
2.952,0.940,3.646,0.940,3.646,-0.237,-0.087, 0.381,0.195,-0.195,0.709, 0.199,-0.412, 5.827, 0.527, 0.136, 1.571, 0.256,-0.195, 0.000;
2.963,0.806,3.558,0.806,3.558,-0.234,-0.089, 0.381,0.201,-0.201,0.000, 0.205,-0.410, 5.845, 0.567, 0.188, 1.571, 0.217,-0.234, 0.000;
2.975,1.102,3.619,1.102,3.619,-0.230,-0.089, 0.372,0.387,0.000,-0.703, 0.210,-0.410, 5.871, 0.527, 0.162, 1.571, 0.258,-0.193, 0.000;
2.997,0.949,3.487,0.949,3.487,-0.228,-0.092, 0.367,0.101,-0.101,-0.235, 0.225,-0.408, 5.911, 0.606, 0.111, 1.571, 0.180,-0.115, 0.000;
3.009,0.884,3.921,0.884,3.921,-0.225,-0.094, 0.381,0.180,-0.180,1.077, 0.233,-0.406, 5.917, 0.649, 0.083, 1.571, 0.136,-0.072, 0.000;
3.021,0.851,4.138,0.851,4.138,-0.221,-0.096, 0.386,0.385,-0.192,0.463, 0.237,-0.404, 5.930, 0.608, 0.138, 1.571, 0.177,-0.113, 0.000;
3.032,1.001,3.901,1.001,3.901,-0.219,-0.098, 0.386,0.195,-0.195,0.000, 0.244,-0.401, 5.948, 0.567, 0.193, 1.571, 0.218,-0.153, 0.000;
3.044,1.156,3.680,1.156,3.680,-0.214,-0.100, 0.386,0.374,-0.187,0.000, 0.249,-0.398, 5.967, 0.524, 0.249, 1.571, 0.260,-0.195, 0.000;
3.057,1.264,3.452,1.264,3.452,-0.212,-0.103, 0.399,0.178,-0.178,1.061, 0.257,-0.395, 5.973, 0.567, 0.221, 1.571, 0.216,-0.151, 0.000;
3.069,1.298,3.644,1.298,3.644,-0.208,-0.103, 0.386,0.368,0.000,-1.099, 0.262,-0.394, 6.006, 0.522, 0.193, 1.571, 0.258,-0.108, 0.000;
3.082,1.133,3.527,1.133,3.527,-0.205,-0.105, 0.386,0.177,-0.177,0.000, 0.269,-0.391, 6.025, 0.565, 0.253, 1.571, 0.214,-0.152, 0.000;
3.094,1.390,3.619,1.390,3.619,-0.201,-0.107, 0.399,0.353,-0.176,1.054, 0.275,-0.387, 6.032, 0.518, 0.224, 1.571, 0.259,-0.108, 0.000;
3.106,1.238,3.489,1.238,3.489,-0.199,-0.109, 0.399,0.183,-0.183,0.000, 0.282,-0.384, 6.051, 0.559, 0.282, 1.571, 0.216,-0.151, 0.000;
3.119,1.532,3.560,1.532,3.560,-0.194,-0.112, 0.399,0.366,-0.183,0.000, 0.287,-0.380, 6.070, 0.513, 0.254, 1.571, 0.259,-0.108, 0.000;
3.130,1.433,3.415,1.433,3.415,-0.192,-0.112, 0.386,0.205,0.000,-1.223, 0.293,-0.378, 6.101, 0.549, 0.229, 1.571, 0.221,-0.070, 0.000;
3.142,1.357,3.607,1.357,3.607,-0.187,-0.114, 0.399,0.354,-0.177,1.058, 0.298,-0.374, 6.107, 0.501, 0.288, 1.571, 0.265,-0.114, 0.000;
3.155,1.524,3.340,1.524,3.340,-0.183,-0.116, 0.399,0.345,-0.173,0.000, 0.304,-0.369, 6.128, 0.452, 0.349, 1.571, 0.311,-0.160, 0.000;
3.167,1.697,3.071,1.697,3.071,-0.181,-0.118, 0.399,0.187,-0.187,0.000, 0.310,-0.365, 6.146, 0.490, 0.322, 1.571, 0.268,-0.118, 0.000;
3.179,1.683,3.257,1.683,3.257,-0.176,-0.121, 0.399,0.379,-0.189,0.000, 0.315,-0.360, 6.165, 0.445, 0.377, 1.571, 0.310,-0.159, 0.000;
3.191,1.822,3.014,1.822,3.014,-0.172,-0.121, 0.405,0.377,0.000,0.479, 0.319,-0.357, 6.178, 0.399, 0.349, 1.571, 0.351,-0.117, 0.000;
3.203,1.679,2.875,1.679,2.875,-0.170,-0.123, 0.399,0.180,-0.180,-0.458, 0.326,-0.352, 6.203, 0.438, 0.407, 1.571, 0.308,-0.161, 0.000;
3.215,1.978,2.939,1.978,2.939,-0.165,-0.125, 0.399,0.377,-0.189,0.000, 0.331,-0.347, 6.221, 0.392, 0.380, 1.571, 0.349,-0.120, 0.000;
3.227,1.872,2.778,1.872,2.778,-0.161,-0.125, 0.386,0.367,0.000,-1.097, 0.335,-0.344, 6.254, 0.429, 0.351, 1.571, 0.307,-0.077, 0.000;
3.240,1.778,2.984,1.778,2.984,-0.156,-0.127, 0.405,0.341,-0.170,1.451, 0.340,-0.338, 6.255, 0.378, 0.412, 1.571, 0.353,-0.123, 0.000;
3.253,1.968,2.690,1.968,2.690,-0.154,-0.129, 0.399,0.172,-0.172,-0.436, 0.348,-0.332, 6.282, 0.418, 0.473, 1.571, 0.307,-0.168, 0.000;
3.265,2.280,2.753,2.280,2.753,-0.150,-0.129, 0.399,0.361,0.000,0.000, 0.352,-0.328, 6.301, 0.368, 0.443, 1.571, 0.350,-0.125, 0.000;
3.277,2.115,2.616,2.115,2.616,-0.145,-0.132, 0.399,0.387,-0.194,0.000, 0.356,-0.322, 6.319, 0.403, 0.496, 1.571, 0.310,-0.165, 0.000;
3.289,2.369,2.661,2.369,2.661,-0.141,-0.134, 0.405,0.369,-0.184,0.468, 0.360,-0.315, 6.332, 0.354, 0.467, 1.571, 0.352,-0.123, 0.000;
3.302,2.219,2.512,2.219,2.512,-0.136,-0.134, 0.405,0.335,0.000,0.000, 0.365,-0.311, 6.353, 0.393, 0.435, 1.571, 0.305,-0.076, 0.000;
3.308,2.193,2.712,2.193,2.712,-0.132,-0.136, 0.405,0.879,-0.439,0.000, 0.364,-0.307, 6.361, 0.372, 0.459, 1.571, 0.323,-0.094, 0.000;
3.317,2.300,2.525,2.300,2.525,-0.129,-0.136, 0.386,0.228,0.000,-1.942, 0.368,-0.303, 6.396, 0.332, 0.504, 1.571, 0.358,-0.128, 0.000;
3.339,2.388,2.296,2.388,2.296,-0.125,-0.136, 0.386,0.202,0.000,0.000, 0.379,-0.294, 6.430, 0.241, 0.450, 1.571, 0.435,-0.051, 0.000;
3.342,2.109,2.122,2.109,2.122,-0.121,-0.138, 0.399,1.428,-0.714,4.267, 0.377,-0.291, 6.422, 0.251, 0.464, 1.571, 0.424,-0.062, 0.000;
3.353,2.154,2.103,2.154,2.103,-0.114,-0.138, 0.405,0.612,0.000,0.518, 0.377,-0.287, 6.433, 0.205, 0.514, 1.571, 0.462,-0.100, 0.000;
3.375,2.276,1.793,2.276,1.793,-0.109,-0.138, 0.391,0.206,0.000,-0.621, 0.387,-0.277, 6.481, 0.267, 0.460, 1.571, 0.386,-0.024, 0.000;
3.388,2.218,2.134,2.218,2.134,-0.105,-0.138, 0.399,0.360,0.000,0.630, 0.391,-0.272, 6.493, 0.302, 0.516, 1.571, 0.342,-0.067, 0.000;
3.401,2.516,2.135,2.516,2.135,-0.100,-0.136, 0.386,0.337,0.168,-1.006, 0.395,-0.268, 6.527, 0.339, 0.483, 1.571, 0.296,-0.020, 0.000;
3.405,2.463,2.341,2.463,2.341,-0.094,-0.136, 0.391,1.433,0.000,1.182, 0.391,-0.266, 6.529, 0.319, 0.471, 1.571, 0.312,-0.004, 0.000;
3.417,2.369,2.241,2.369,2.241,-0.089,-0.134, 0.391,0.402,0.201,0.000, 0.394,-0.263, 6.546, 0.272, 0.443, 1.571, 0.352, 0.035, 0.000;
3.428,2.167,2.133,2.167,2.133,-0.085,-0.134, 0.405,0.391,0.000,1.181, 0.396,-0.257, 6.551, 0.223, 0.494, 1.571, 0.392,-0.005, 0.000;
3.439,2.333,1.826,2.333,1.826,-0.080,-0.132, 0.386,0.407,0.203,-1.731, 0.398,-0.254, 6.587, 0.253, 0.465, 1.571, 0.353, 0.034, 0.000;
3.460,2.213,1.998,2.213,1.998,-0.074,-0.132, 0.405,0.314,0.000,0.891, 0.404,-0.243, 6.601, 0.160, 0.560, 1.571, 0.429,-0.040, 0.000;
3.472,2.480,1.523,2.480,1.523,-0.069,-0.129, 0.405,0.368,0.184,0.000, 0.407,-0.239, 6.620, 0.193, 0.528, 1.571, 0.386, 0.002, 0.000;
3.484,2.419,1.682,2.419,1.682,-0.062,-0.127, 0.405,0.573,0.191,0.000, 0.407,-0.235, 6.639, 0.143, 0.498, 1.571, 0.426, 0.044, 0.000;
3.496,2.232,1.519,2.232,1.519,-0.058,-0.125, 0.405,0.383,0.191,0.000, 0.409,-0.231, 6.657, 0.174, 0.467, 1.571, 0.386, 0.085, 0.000;
3.508,2.167,1.665,2.167,1.665,-0.054,-0.123, 0.405,0.361,0.180,0.000, 0.412,-0.226, 6.676, 0.119, 0.434, 1.571, 0.429, 0.128, 0.000;
3.520,1.978,1.507,1.978,1.507,-0.047,-0.121, 0.405,0.570,0.190,0.000, 0.411,-0.222, 6.695, 0.068, 0.403, 1.571, 0.470, 0.169, 0.000;
3.532,1.789,1.340,1.789,1.340,-0.042,-0.118, 0.405,0.379,0.189,0.000, 0.413,-0.217, 6.713, 0.098, 0.372, 1.571, 0.429, 0.211, 0.000;
3.543,1.725,1.485,1.725,1.485,-0.036,-0.116, 0.405,0.576,0.192,0.000, 0.412,-0.213, 6.732, 0.047, 0.422, 1.571, 0.470, 0.170, 0.000;
3.556,1.828,1.198,1.828,1.198,-0.031,-0.114, 0.405,0.362,0.181,0.000, 0.414,-0.208, 6.751, 0.078, 0.389, 1.571, 0.426, 0.213, 0.000;
3.567,1.761,1.350,1.761,1.350,-0.025,-0.109, 0.405,0.569,0.379,0.000, 0.413,-0.205, 6.770, 0.026, 0.356, 1.571, 0.468, 0.255, 0.000;
3.579,1.554,1.184,1.554,1.184,-0.020,-0.107, 0.405,0.394,0.197,0.000, 0.415,-0.200, 6.787, 0.055, 0.405, 1.571, 0.428, 0.215, 0.000;
3.590,1.776,1.205,1.776,1.205,-0.013,-0.105, 0.405,0.613,0.204,0.000, 0.413,-0.195, 6.805, 0.005, 0.375, 1.571, 0.467, 0.253, 0.000;
3.601,1.587,1.050,1.587,1.050,-0.007,-0.103, 0.411,0.603,0.201,0.524, 0.412,-0.191, 6.816,-0.045, 0.422, 1.571, 0.506, 0.214, 0.000;
3.612,1.689,0.761,1.689,0.761,-0.002,-0.100, 0.405,0.410,0.205,-0.535, 0.412,-0.186, 6.839,-0.017, 0.392, 1.571, 0.467, 0.252, 0.000;
3.623,1.617,0.897,1.617,0.897, 0.004,-0.098, 0.411,0.608,0.203,0.529, 0.410,-0.181, 6.851,-0.067, 0.438, 1.571, 0.506, 0.214, 0.000;
3.644,1.696,0.581,1.696,0.581, 0.009,-0.094, 0.391,0.212,0.212,-0.917, 0.415,-0.172, 6.903,-0.015, 0.378, 1.571, 0.432, 0.288, 0.000;
3.655,1.584,0.888,1.584,0.888, 0.016,-0.092, 0.411,0.592,0.197,1.708, 0.413,-0.166, 6.901, 0.013, 0.425, 1.571, 0.392, 0.248, 0.000;
3.667,1.800,0.878,1.800,0.878, 0.020,-0.089, 0.405,0.385,0.192,-0.502, 0.413,-0.161, 6.925,-0.040, 0.473, 1.571, 0.433, 0.207, 0.000;
3.679,1.903,0.599,1.903,0.599, 0.027,-0.087, 0.405,0.565,0.188,0.000, 0.411,-0.155, 6.944,-0.095, 0.522, 1.571, 0.475, 0.165, 0.000;
3.690,2.002,0.298,2.002,0.298, 0.031,-0.085, 0.405,0.394,0.197,0.000, 0.411,-0.149, 6.962,-0.067, 0.489, 1.571, 0.435, 0.205, 0.000;
3.701,1.926,0.437,1.926,0.437, 0.038,-0.083, 0.411,0.596,0.199,0.518, 0.408,-0.144, 6.974,-0.119, 0.535, 1.571, 0.474, 0.165, 0.000;
3.712,2.020,0.110,2.020,0.110, 0.042,-0.078, 0.391,0.405,0.405,-1.752, 0.407,-0.140, 7.010,-0.093, 0.502, 1.571, 0.436, 0.205, 0.000;
3.723,1.929,0.251,1.929,0.251, 0.049,-0.076, 0.397,0.593,0.198,0.503, 0.404,-0.135, 7.022,-0.145, 0.468, 1.571, 0.476, 0.244, 0.000;
3.734,1.730,0.075,1.730,0.075, 0.054,-0.074, 0.397,0.402,0.201,0.000, 0.404,-0.129, 7.040,-0.118, 0.513, 1.571, 0.437, 0.205, 0.000;
3.746,1.933,0.083,1.933,0.083, 0.060,-0.071, 0.397,0.570,0.190,0.000, 0.401,-0.123, 7.058,-0.173, 0.478, 1.571, 0.478, 0.246, 0.000;
3.757,1.727,-0.100,1.727,-0.100, 0.065,-0.069, 0.397,0.407,0.204,0.000, 0.399,-0.117, 7.076,-0.147, 0.521, 1.571, 0.440, 0.208, 0.000;
3.779,1.897,-0.108,1.897,-0.108, 0.071,-0.067, 0.389,0.314,0.105,-0.381, 0.399,-0.103, 7.117,-0.247, 0.456, 1.571, 0.515, 0.283, 0.000;
3.790,1.562,-0.430,1.562,-0.430, 0.076,-0.062, 0.375,0.398,0.398,-1.259, 0.397,-0.100, 7.149,-0.220, 0.500, 1.571, 0.474, 0.243, 0.000;
3.802,1.748,-0.419,1.748,-0.419, 0.080,-0.060, 0.375,0.352,0.176,0.000, 0.396,-0.092, 7.169,-0.189, 0.549, 1.571, 0.429, 0.199, 0.000;
3.815,1.980,-0.420,1.980,-0.420, 0.087,-0.058, 0.372,0.555,0.185,-0.259, 0.392,-0.086, 7.191,-0.246, 0.596, 1.571, 0.472, 0.156, 0.000;
3.827,2.057,-0.735,2.057,-0.735, 0.092,-0.056, 0.372,0.361,0.181,0.000, 0.390,-0.078, 7.210,-0.217, 0.557, 1.571, 0.428, 0.200, 0.000;
3.839,1.969,-0.605,1.969,-0.605, 0.098,-0.054, 0.368,0.541,0.180,-0.272, 0.386,-0.071, 7.233,-0.276, 0.604, 1.571, 0.472, 0.156, 0.000;
3.851,2.033,-0.961,2.033,-0.961, 0.103,-0.049, 0.353,0.370,0.370,-1.273, 0.384,-0.067, 7.267,-0.247, 0.565, 1.571, 0.429, 0.199, 0.000;
3.863,1.941,-0.801,1.941,-0.801, 0.107,-0.047, 0.363,0.389,0.194,0.832, 0.381,-0.060, 7.276,-0.221, 0.608, 1.571, 0.389, 0.159, 0.000;
3.876,2.150,-0.766,2.150,-0.766, 0.112,-0.045, 0.381,0.328,0.164,1.322, 0.379,-0.052, 7.279,-0.285, 0.564, 1.571, 0.437, 0.206, 0.000;
3.881,1.951,-0.919,1.951,-0.919, 0.118,-0.042, 0.403,1.578,0.526,5.279, 0.373,-0.051, 7.264,-0.305, 0.580, 1.571, 0.451, 0.191, 0.000;
3.901,1.921,-1.031,1.921,-1.031, 0.123,-0.038, 0.411,0.215,0.215,0.375, 0.371,-0.039, 7.288,-0.404, 0.511, 1.571, 0.525, 0.265, 0.000;
3.914,1.613,-1.272,1.613,-1.272, 0.127,-0.036, 0.444,0.364,0.182,2.697, 0.368,-0.032, 7.275,-0.375, 0.557, 1.571, 0.481, 0.222, 0.000;
3.926,1.891,-1.156,1.891,-1.156, 0.132,-0.033, 0.497,0.358,0.179,4.261, 0.365,-0.024, 7.241,-0.345, 0.602, 1.571, 0.436, 0.178, 0.000;
3.929,2.205,-0.983,2.205,-0.983, 0.138,-0.031, 0.567,2.255,0.752,23.489, 0.359,-0.024, 7.176,-0.360, 0.592, 1.571, 0.447, 0.188, 0.000;
3.941,2.164,-0.959,2.164,-0.959, 0.143,-0.027, 0.618,0.364,0.364,4.212, 0.355,-0.019, 7.144,-0.418, 0.550, 1.571, 0.490, 0.232, 0.000;
3.953,2.026,-1.077,2.026,-1.077, 0.147,-0.025, 0.672,0.385,0.193,4.643, 0.351,-0.012, 7.108,-0.392, 0.511, 1.571, 0.450, 0.272, 0.000;
3.976,1.921,-0.878,1.921,-0.878, 0.152,-0.022, 0.729,0.197,0.099,2.523, 0.348, 0.003, 7.086,-0.340, 0.592, 1.571, 0.370, 0.193, 0.000;
3.980,2.375,-0.622,2.375,-0.622, 0.156,-0.020, 0.774,1.082,0.541,10.813, 0.344, 0.004, 7.048,-0.331, 0.607, 1.571, 0.356, 0.178, 0.000;
3.990,2.442,-0.476,2.442,-0.476, 0.163,-0.018, 0.832,0.627,0.209,5.425, 0.337, 0.010, 7.007,-0.382, 0.569, 1.571, 0.393, 0.216, 0.000;
4.001,2.332,-0.695,2.332,-0.695, 0.167,-0.013, 0.846,0.403,0.403,1.237, 0.333, 0.015, 7.011,-0.434, 0.530, 1.571, 0.432, 0.255, 0.000;
4.023,2.187,-0.888,2.187,-0.888, 0.172,-0.011, 0.870,0.207,0.103,1.111, 0.328, 0.029, 7.021,-0.385, 0.606, 1.571, 0.357, 0.179, 0.000;
4.038,2.538,-0.667,2.538,-0.667, 0.176,-0.007, 0.883,0.301,0.301,0.885, 0.323, 0.036, 7.031,-0.351, 0.553, 1.571, 0.304, 0.231, 0.000;
4.041,2.372,-0.561,2.372,-0.561, 0.181,-0.004, 0.893,1.305,0.653,3.146, 0.318, 0.037, 7.025,-0.367, 0.564, 1.571, 0.316, 0.219, 0.000;
4.053,2.408,-0.620,2.408,-0.620, 0.185,-0.000, 0.907,0.396,0.396,1.184, 0.313, 0.041, 7.030,-0.421, 0.524, 1.571, 0.356, 0.259, 0.000;
4.064,2.290,-0.857,2.290,-0.857, 0.190, 0.002, 0.917,0.404,0.202,0.941, 0.308, 0.048, 7.037,-0.473, 0.561, 1.571, 0.395, 0.220, 0.000;
4.075,2.484,-1.065,2.484,-1.065, 0.194, 0.007, 0.920,0.393,0.393,0.283, 0.302, 0.052, 7.051,-0.447, 0.519, 1.571, 0.355, 0.260, 0.000;
4.097,2.295,-0.998,2.295,-0.998, 0.199, 0.009, 0.931,0.202,0.101,0.467, 0.296, 0.067, 7.076,-0.552, 0.593, 1.571, 0.433, 0.183, 0.000;
4.109,2.705,-1.419,2.705,-1.419, 0.203, 0.013, 0.920,0.381,0.381,-0.881, 0.290, 0.072, 7.105,-0.524, 0.550, 1.571, 0.391, 0.224, 0.000;
4.121,2.534,-1.363,2.534,-1.363, 0.208, 0.018, 0.924,0.382,0.382,0.288, 0.283, 0.076, 7.120,-0.497, 0.506, 1.571, 0.349, 0.265, 0.000;
4.132,2.352,-1.328,2.352,-1.328, 0.210, 0.020, 0.920,0.189,0.189,-0.286, 0.279, 0.083, 7.141,-0.470, 0.545, 1.571, 0.308, 0.224, 0.000;
4.144,2.524,-1.187,2.524,-1.187, 0.214, 0.022, 0.934,0.386,0.193,1.204, 0.273, 0.090, 7.146,-0.525, 0.582, 1.571, 0.349, 0.183, 0.000;
4.156,2.700,-1.449,2.700,-1.449, 0.217, 0.025, 0.920,0.186,0.186,-1.162, 0.269, 0.097, 7.178,-0.497, 0.621, 1.571, 0.306, 0.141, 0.000;
4.169,2.866,-1.312,2.866,-1.312, 0.219, 0.027, 0.931,0.176,0.176,0.814, 0.264, 0.104, 7.188,-0.467, 0.572, 1.571, 0.262, 0.186, 0.000;
4.182,2.672,-1.275,2.672,-1.275, 0.223, 0.031, 0.920,0.345,0.345,-0.798, 0.257, 0.109, 7.219,-0.528, 0.522, 1.571, 0.307, 0.232, 0.000;
4.194,2.544,-1.542,2.544,-1.542, 0.228, 0.033, 0.934,0.362,0.181,1.129, 0.249, 0.116, 7.224,-0.586, 0.561, 1.571, 0.350, 0.188, 0.000;
4.205,2.729,-1.819,2.729,-1.819, 0.230, 0.036, 0.920,0.199,0.199,-1.242, 0.244, 0.123, 7.256,-0.559, 0.518, 1.571, 0.311, 0.227, 0.000;
4.217,2.564,-1.763,2.564,-1.763, 0.232, 0.040, 0.920,0.193,0.386,0.000, 0.239, 0.127, 7.274,-0.532, 0.472, 1.571, 0.270, 0.268, 0.000;
4.229,2.377,-1.708,2.377,-1.708, 0.237, 0.042, 0.920,0.374,0.187,0.000, 0.232, 0.133, 7.293,-0.588, 0.509, 1.571, 0.312, 0.226, 0.000;
4.241,2.570,-1.945,2.570,-1.945, 0.239, 0.047, 0.920,0.182,0.364,0.000, 0.226, 0.138, 7.312,-0.559, 0.460, 1.571, 0.269, 0.269, 0.000;
4.253,2.392,-1.861,2.392,-1.861, 0.243, 0.049, 0.931,0.378,0.189,0.874, 0.218, 0.144, 7.320,-0.614, 0.497, 1.571, 0.311, 0.228, 0.000;
4.265,2.582,-2.095,2.582,-2.095, 0.246, 0.051, 0.931,0.178,0.178,0.000, 0.212, 0.151, 7.340,-0.584, 0.534, 1.571, 0.267, 0.184, 0.000;
4.277,2.711,-2.013,2.711,-2.013, 0.250, 0.056, 0.920,0.365,0.365,-0.845, 0.203, 0.155, 7.369,-0.641, 0.485, 1.571, 0.310, 0.227, 0.000;
4.289,2.550,-2.312,2.550,-2.312, 0.252, 0.058, 0.917,0.186,0.186,-0.267, 0.197, 0.162, 7.391,-0.612, 0.521, 1.571, 0.267, 0.185, 0.000;
4.301,2.670,-2.238,2.670,-2.238, 0.254, 0.062, 0.907,0.190,0.380,-0.885, 0.191, 0.165, 7.420,-0.584, 0.473, 1.571, 0.226, 0.227, 0.000;
4.312,2.475,-2.183,2.475,-2.183, 0.259, 0.065, 0.907,0.402,0.201,0.000, 0.182, 0.171, 7.438,-0.635, 0.505, 1.571, 0.265, 0.188, 0.000;
4.325,2.639,-2.409,2.639,-2.409, 0.261, 0.069, 0.907,0.181,0.362,0.000, 0.175, 0.175, 7.457,-0.605, 0.454, 1.571, 0.222, 0.231, 0.000;
4.336,2.427,-2.357,2.427,-2.357, 0.263, 0.071, 0.904,0.191,0.191,-0.245, 0.168, 0.181, 7.478,-0.577, 0.488, 1.571, 0.181, 0.190, 0.000;
4.347,2.571,-2.257,2.571,-2.257, 0.268, 0.076, 0.907,0.430,0.430,0.275, 0.160, 0.183, 7.492,-0.625, 0.445, 1.571, 0.218, 0.227, 0.000;
4.358,2.417,-2.515,2.417,-2.515, 0.270, 0.078, 0.904,0.204,0.204,-0.262, 0.153, 0.188, 7.512,-0.674, 0.399, 1.571, 0.256, 0.265, 0.000;
4.369,2.278,-2.758,2.278,-2.758, 0.272, 0.083, 0.904,0.192,0.384,0.000, 0.146, 0.191, 7.530,-0.646, 0.351, 1.571, 0.215, 0.306, 0.000;
4.390,2.046,-2.696,2.046,-2.696, 0.275, 0.085, 0.901,0.106,0.106,-0.129, 0.134, 0.203, 7.566,-0.741, 0.410, 1.571, 0.289, 0.232, 0.000;
4.403,2.380,-3.094,2.380,-3.094, 0.277, 0.089, 0.901,0.175,0.350,0.000, 0.126, 0.207, 7.586,-0.709, 0.357, 1.571, 0.244, 0.277, 0.000;
4.414,2.155,-3.038,2.155,-3.038, 0.279, 0.092, 0.899,0.199,0.199,-0.233, 0.119, 0.211, 7.606,-0.680, 0.388, 1.571, 0.205, 0.237, 0.000;
4.426,2.276,-2.947,2.276,-2.947, 0.281, 0.096, 0.899,0.192,0.383,0.000, 0.111, 0.214, 7.625,-0.732, 0.338, 1.571, 0.245, 0.278, 0.000;
4.437,2.106,-3.208,2.106,-3.208, 0.283, 0.100, 0.899,0.199,0.398,0.000, 0.103, 0.217, 7.642,-0.704, 0.290, 1.571, 0.206, 0.318, 0.000;
4.448,1.927,-3.141,1.927,-3.141, 0.286, 0.103, 0.906,0.198,0.198,0.635, 0.095, 0.221, 7.653,-0.754, 0.321, 1.571, 0.245, 0.278, 0.000;
4.460,2.042,-3.380,2.042,-3.380, 0.288, 0.107, 0.894,0.198,0.396,-1.066, 0.087, 0.223, 7.682,-0.725, 0.272, 1.571, 0.206, 0.318, 0.000;
4.471,1.759,-3.367,1.759,-3.367, 0.288, 0.112, 0.870,0.000,0.384,-2.008, 0.081, 0.226, 7.724,-0.695, 0.221, 1.571, 0.165, 0.359, 0.000;
4.483,1.542,-3.291,1.542,-3.291, 0.290, 0.114, 0.869,0.189,0.189,-0.149, 0.073, 0.230, 7.744,-0.747, 0.253, 1.571, 0.206, 0.317, 0.000;
4.494,1.657,-3.540,1.657,-3.540, 0.292, 0.118, 0.857,0.204,0.408,-1.014, 0.064, 0.232, 7.773,-0.718, 0.205, 1.571, 0.168, 0.355, 0.000;
4.505,1.419,-3.496,1.419,-3.496, 0.292, 0.123, 0.847,0.000,0.403,-0.984, 0.058, 0.234, 7.801,-0.689, 0.157, 1.571, 0.129, 0.394, 0.000;
4.516,1.212,-3.418,1.212,-3.418, 0.295, 0.127, 0.845,0.202,0.404,-0.110, 0.050, 0.235, 7.820,-0.737, 0.186, 1.571, 0.168, 0.355, 0.000;
4.527,1.357,-3.627,1.357,-3.627, 0.295, 0.129, 0.853,0.000,0.201,0.716, 0.043, 0.239, 7.829,-0.707, 0.215, 1.571, 0.129, 0.316, 0.000;
4.550,1.515,-3.476,1.515,-3.476, 0.297, 0.134, 0.873,0.101,0.201,0.869, 0.028, 0.246, 7.845,-0.803, 0.116, 1.571, 0.206, 0.394, 0.000;
4.555,1.283,-3.955,1.283,-3.955, 0.297, 0.138, 0.890,0.000,0.846,3.265, 0.025, 0.244, 7.836,-0.789, 0.130, 1.571, 0.188, 0.375, 0.000;
4.566,1.515,-3.816,1.515,-3.816, 0.299, 0.143, 0.946,0.204,0.407,5.120, 0.016, 0.245, 7.797,-0.759, 0.158, 1.571, 0.149, 0.337, 0.000;
4.577,1.891,-3.584,1.891,-3.584, 0.299, 0.147, 1.026,0.000,0.385,6.907, 0.009, 0.246, 7.735,-0.727, 0.106, 1.571, 0.108, 0.378, 0.000;
4.589,1.962,-3.382,1.962,-3.382, 0.301, 0.152, 1.113,0.200,0.399,7.773,-0.000, 0.247, 7.666,-0.774, 0.135, 1.571, 0.147, 0.339, 0.000;
4.611,2.237,-3.463,2.237,-3.463, 0.301, 0.154, 1.151,0.000,0.100,1.726,-0.014, 0.255, 7.662,-0.712, 0.191, 1.571, 0.069, 0.260, 0.000;
4.616,2.521,-3.156,2.521,-3.156, 0.301, 0.158, 1.179,0.000,0.848,5.227,-0.018, 0.253, 7.643,-0.697, 0.204, 1.571, 0.050, 0.242, 0.000;
4.626,2.538,-3.079,2.538,-3.079, 0.301, 0.163, 1.186,0.000,0.430,0.654,-0.025, 0.253, 7.652,-0.668, 0.156, 1.571, 0.014, 0.278, 0.000;
4.638,2.425,-2.989,2.425,-2.989, 0.304, 0.167, 1.221,0.201,0.401,3.172,-0.034, 0.254, 7.635,-0.715, 0.106, 1.571, 0.053, 0.318, 0.000;
4.659,2.368,-3.220,2.368,-3.220, 0.304, 0.172, 1.241,0.000,0.207,0.925,-0.048, 0.258, 7.649,-0.653, 0.007, 1.571,-0.022, 0.393, 0.000;
4.671,1.992,-3.217,1.992,-3.217, 0.304, 0.176, 1.249,0.000,0.371,0.682,-0.057, 0.258, 7.659,-0.703, 0.038, 1.571, 0.020, 0.350, 0.000;
4.684,2.238,-3.333,2.238,-3.333, 0.304, 0.179, 1.266,0.000,0.179,1.327,-0.065, 0.261, 7.662,-0.667, 0.068, 1.571,-0.024, 0.306, 0.000;
4.687,2.344,-3.174,2.344,-3.174, 0.304, 0.183, 1.274,0.000,1.379,2.681,-0.067, 0.258, 7.659,-0.680, 0.053, 1.571,-0.012, 0.318, 0.000;
4.708,2.254,-3.237,2.254,-3.237, 0.304, 0.187, 1.274,0.000,0.207,0.000,-0.083, 0.261, 7.693,-0.768,-0.047, 1.571, 0.063, 0.394, 0.000;
4.721,2.115,-3.788,2.115,-3.788, 0.304, 0.192, 1.274,0.000,0.369,0.000,-0.091, 0.261, 7.712,-0.732,-0.017, 1.571, 0.021, 0.351, 0.000;
4.732,2.106,-3.672,2.106,-3.672, 0.301, 0.196, 1.262,-0.194,0.389,-1.102,-0.097, 0.260, 7.742,-0.697, 0.010, 1.571,-0.020, 0.311, 0.000;
4.743,2.130,-3.524,2.130,-3.524, 0.301, 0.201, 1.262,0.000,0.397,0.000,-0.105, 0.259, 7.760,-0.742,-0.042, 1.571, 0.020, 0.350, 0.000;
4.755,2.026,-3.807,2.026,-3.807, 0.301, 0.205, 1.262,0.000,0.389,0.000,-0.113, 0.258, 7.778,-0.707,-0.095, 1.571,-0.021, 0.390, 0.000;
4.766,1.761,-3.824,1.761,-3.824, 0.301, 0.210, 1.258,0.000,0.386,-0.353,-0.122, 0.257, 7.800,-0.753,-0.068, 1.571, 0.020, 0.350, 0.000;
4.779,1.929,-3.968,1.929,-3.968, 0.301, 0.214, 1.258,0.000,0.339,0.000,-0.132, 0.256, 7.821,-0.712,-0.130, 1.571,-0.026, 0.396, 0.000;
4.791,1.630,-3.985,1.630,-3.985, 0.301, 0.221, 1.253,0.000,0.566,-0.353,-0.140, 0.252, 7.844,-0.759,-0.185, 1.571, 0.015, 0.438, 0.000;
4.804,1.500,-4.287,1.500,-4.287, 0.301, 0.225, 1.253,0.000,0.358,0.000,-0.150, 0.251, 7.863,-0.720,-0.156, 1.571,-0.028, 0.394, 0.000;
4.817,1.475,-4.157,1.475,-4.157, 0.299, 0.230, 1.240,-0.165,0.330,-0.949,-0.158, 0.250, 7.897,-0.677,-0.124, 1.571,-0.076, 0.347, 0.000;
4.829,1.507,-3.986,1.507,-3.986, 0.299, 0.234, 1.240,0.000,0.391,0.000,-0.166, 0.248, 7.915,-0.721,-0.098, 1.571,-0.036, 0.307, 0.000;
4.840,1.668,-4.133,1.668,-4.133, 0.299, 0.239, 1.240,0.000,0.387,0.000,-0.175, 0.246, 7.933,-0.765,-0.152, 1.571, 0.005, 0.347, 0.000;
4.853,1.545,-4.417,1.545,-4.417, 0.299, 0.243, 1.240,0.000,0.365,0.000,-0.184, 0.243, 7.953,-0.726,-0.210, 1.571,-0.038, 0.390, 0.000;
4.865,1.214,-4.433,1.214,-4.433, 0.297, 0.248, 1.228,-0.174,0.347,-0.990,-0.192, 0.241, 7.986,-0.684,-0.180, 1.571,-0.084, 0.345, 0.000;
4.877,1.237,-4.267,1.237,-4.267, 0.297, 0.252, 1.228,0.000,0.382,0.000,-0.201, 0.238, 8.004,-0.728,-0.235, 1.571,-0.043, 0.386, 0.000;
4.889,1.088,-4.559,1.088,-4.559, 0.297, 0.259, 1.223,0.000,0.568,-0.389,-0.210, 0.233, 8.027,-0.772,-0.291, 1.571,-0.001, 0.428, 0.000;
4.902,0.876,-4.863,0.876,-4.863, 0.295, 0.263, 1.210,-0.176,0.353,-1.007,-0.218, 0.231, 8.060,-0.730,-0.262, 1.571,-0.046, 0.383, 0.000;
4.914,0.957,-4.684,0.957,-4.684, 0.295, 0.268, 1.223,0.000,0.360,1.029,-0.227, 0.228, 8.066,-0.776,-0.321, 1.571,-0.002, 0.426, 0.000;
4.926,0.730,-4.999,0.730,-4.999, 0.292, 0.275, 1.206,-0.188,0.564,-1.481,-0.234, 0.222, 8.103,-0.736,-0.377, 1.571,-0.045, 0.468, 0.000;
4.938,0.433,-4.978,0.433,-4.978, 0.292, 0.279, 1.206,0.000,0.358,0.000,-0.244, 0.219, 8.122,-0.781,-0.348, 1.571,-0.001, 0.424, 0.000;
4.950,0.662,-5.131,0.662,-5.131, 0.292, 0.283, 1.218,0.000,0.375,1.084,-0.253, 0.215, 8.128,-0.740,-0.321, 1.571,-0.043, 0.383, 0.000;
4.963,0.615,-4.993,0.615,-4.993, 0.290, 0.288, 1.206,-0.176,0.351,-1.014,-0.261, 0.211, 8.161,-0.697,-0.381, 1.571,-0.087, 0.427, 0.000;
4.974,0.315,-4.967,0.315,-4.967, 0.290, 0.292, 1.206,0.000,0.388,0.000,-0.270, 0.207, 8.179,-0.738,-0.355, 1.571,-0.047, 0.387, 0.000;
4.986,0.460,-5.114,0.460,-5.114, 0.288, 0.299, 1.206,-0.197,0.590,0.000,-0.277, 0.201, 8.197,-0.698,-0.409, 1.571,-0.087, 0.427, 0.000;
4.999,0.167,-5.090,0.167,-5.090, 0.288, 0.304, 1.206,0.000,0.345,0.000,-0.287, 0.196, 8.217,-0.744,-0.380, 1.571,-0.041, 0.382, 0.000;
5.011,0.264,-5.256,0.264,-5.256, 0.286, 0.308, 1.193,-0.177,0.354,-1.013,-0.295, 0.192, 8.250,-0.699,-0.351, 1.571,-0.086, 0.337, 0.000;
5.023,0.277,-5.085,0.277,-5.085, 0.286, 0.312, 1.193,0.000,0.366,0.000,-0.304, 0.187, 8.269,-0.742,-0.409, 1.571,-0.043, 0.380, 0.000;
5.036,0.092,-5.371,0.092,-5.371, 0.283, 0.319, 1.188,-0.180,0.540,-0.412,-0.312, 0.180, 8.293,-0.697,-0.468, 1.571,-0.087, 0.424, 0.000;
5.047,-0.291,-5.339,-0.291,-5.339, 0.281, 0.324, 1.175,-0.202,0.405,-1.159,-0.318, 0.175, 8.323,-0.658,-0.443, 1.571,-0.125, 0.385, 0.000;
5.059,-0.285,-5.184,-0.285,-5.184, 0.281, 0.328, 1.175,0.000,0.380,0.000,-0.327, 0.170, 8.342,-0.698,-0.499, 1.571,-0.084, 0.426, 0.000;
5.071,-0.515,-5.447,-0.515,-5.447, 0.279, 0.333, 1.162,-0.177,0.354,-1.003,-0.335, 0.164, 8.374,-0.652,-0.470, 1.571,-0.128, 0.382, 0.000;
5.083,-0.435,-5.278,-0.435,-5.278, 0.279, 0.337, 1.175,0.000,0.368,1.041,-0.344, 0.159, 8.381,-0.693,-0.527, 1.571,-0.086, 0.425, 0.000;
5.096,-0.671,-5.545,-0.671,-5.545, 0.277, 0.341, 1.162,-0.171,0.341,-0.966,-0.352, 0.153, 8.414,-0.645,-0.497, 1.571,-0.132, 0.379, 0.000;
5.109,-0.658,-5.362,-0.658,-5.362, 0.275, 0.346, 1.162,-0.177,0.354,0.000,-0.360, 0.147, 8.434,-0.598,-0.468, 1.571,-0.176, 0.335, 0.000;
5.121,-0.742,-5.173,-0.742,-5.173, 0.272, 0.350, 1.144,-0.184,0.369,-1.499,-0.367, 0.141, 8.471,-0.553,-0.526, 1.571,-0.218, 0.377, 0.000;
5.134,-1.041,-5.117,-1.041,-5.117, 0.272, 0.355, 1.144,0.000,0.360,0.000,-0.376, 0.134, 8.490,-0.594,-0.497, 1.571,-0.174, 0.333, 0.000;
5.145,-0.905,-5.275,-0.905,-5.275, 0.270, 0.359, 1.144,-0.190,0.381,0.000,-0.383, 0.128, 8.509,-0.550,-0.552, 1.571,-0.215, 0.375, 0.000;
5.158,-1.227,-5.209,-1.227,-5.209, 0.268, 0.364, 1.138,-0.176,0.351,-0.455,-0.391, 0.121, 8.535,-0.591,-0.523, 1.571,-0.171, 0.330, 0.000;
5.170,-1.163,-5.337,-1.163,-5.337, 0.266, 0.368, 1.126,-0.180,0.361,-1.019,-0.398, 0.114, 8.567,-0.543,-0.581, 1.571,-0.214, 0.373, 0.000;
5.183,-1.439,-5.279,-1.439,-5.279, 0.266, 0.371, 1.132,0.000,0.182,0.482,-0.407, 0.109, 8.580,-0.583,-0.552, 1.571,-0.171, 0.330, 0.000;
5.195,-1.326,-5.417,-1.326,-5.417, 0.263, 0.375, 1.126,-0.179,0.358,-0.474,-0.414, 0.102, 8.605,-0.535,-0.611, 1.571,-0.214, 0.374, 0.000;
5.207,-1.702,-5.327,-1.702,-5.327, 0.261, 0.379, 1.113,-0.181,0.363,-1.012,-0.421, 0.094, 8.637,-0.573,-0.582, 1.571,-0.171, 0.331, 0.000;
5.220,-1.583,-5.463,-1.583,-5.463, 0.259, 0.384, 1.113,-0.181,0.363,0.000,-0.428, 0.087, 8.657,-0.525,-0.639, 1.571,-0.214, 0.374, 0.000;
5.232,-1.956,-5.366,-1.956,-5.366, 0.257, 0.386, 1.101,-0.185,0.185,-1.020,-0.435, 0.081, 8.688,-0.562,-0.611, 1.571,-0.172, 0.331, 0.000;
5.244,-1.826,-5.493,-1.826,-5.493, 0.254, 0.391, 1.101,-0.186,0.372,0.000,-0.441, 0.073, 8.707,-0.514,-0.667, 1.571,-0.214, 0.373, 0.000;
5.256,-2.161,-5.400,-2.161,-5.400, 0.252, 0.395, 1.095,-0.184,0.369,-0.519,-0.448, 0.065, 8.732,-0.551,-0.638, 1.571,-0.172, 0.331, 0.000;
5.269,-2.117,-5.502,-2.117,-5.502, 0.250, 0.397, 1.082,-0.166,0.166,-0.913,-0.455, 0.059, 8.765,-0.498,-0.606, 1.571,-0.219, 0.283, 0.000;
5.281,-2.147,-5.273,-2.147,-5.273, 0.248, 0.402, 1.070,-0.192,0.385,-1.044,-0.461, 0.050, 8.796,-0.532,-0.660, 1.571,-0.178, 0.324, 0.000;
5.293,-2.349,-5.488,-2.349,-5.488, 0.246, 0.404, 1.070,-0.192,0.192,0.000,-0.467, 0.044, 8.814,-0.485,-0.632, 1.571,-0.219, 0.283, 0.000;
5.305,-2.419,-5.258,-2.419,-5.258, 0.243, 0.408, 1.052,-0.184,0.367,-1.539,-0.474, 0.035, 8.852,-0.521,-0.688, 1.571,-0.176, 0.326, 0.000;
5.317,-2.662,-5.464,-2.662,-5.464, 0.241, 0.411, 1.047,-0.186,0.186,-0.419,-0.480, 0.029, 8.876,-0.472,-0.658, 1.571,-0.218, 0.284, 0.000;
5.329,-2.690,-5.242,-2.690,-5.242, 0.237, 0.413, 1.035,-0.372,0.186,-0.969,-0.483, 0.022, 8.906,-0.423,-0.629, 1.571,-0.260, 0.242, 0.000;
5.341,-2.658,-5.033,-2.658,-5.033, 0.234, 0.415, 1.035,-0.182,0.182,0.000,-0.490, 0.015, 8.925,-0.458,-0.599, 1.571,-0.217, 0.199, 0.000;
5.353,-2.540,-5.161,-2.540,-5.161, 0.232, 0.417, 1.035,-0.183,0.183,0.000,-0.495, 0.008, 8.945,-0.493,-0.655, 1.571,-0.174, 0.241, 0.000;
5.366,-2.782,-5.346,-2.782,-5.346, 0.230, 0.420, 1.028,-0.168,0.168,-0.521,-0.502,-0.000, 8.972,-0.531,-0.622, 1.571,-0.128, 0.195, 0.000;
5.378,-2.718,-5.456,-2.718,-5.456, 0.225, 0.422, 1.016,-0.375,0.188,-0.972,-0.505,-0.008, 9.003,-0.481,-0.593, 1.571,-0.170, 0.153, 0.000;
5.390,-2.686,-5.246,-2.686,-5.246, 0.223, 0.424, 1.016,-0.199,0.199,0.000,-0.510,-0.015, 9.020,-0.434,-0.644, 1.571,-0.209, 0.192, 0.000;
5.402,-3.009,-5.094,-3.009,-5.094, 0.219, 0.424, 1.005,-0.373,0.000,-0.952,-0.514,-0.020, 9.050,-0.383,-0.613, 1.571,-0.252, 0.150, 0.000;
5.413,-2.957,-4.877,-2.957,-4.877, 0.217, 0.426, 1.005,-0.189,0.189,0.000,-0.519,-0.028, 9.069,-0.416,-0.666, 1.571,-0.210, 0.191, 0.000;
5.426,-3.218,-5.027,-3.218,-5.027, 0.212, 0.426, 0.994,-0.349,0.000,-0.879,-0.522,-0.034, 9.100,-0.361,-0.634, 1.571,-0.255, 0.146, 0.000;
5.438,-3.214,-4.760,-3.214,-4.760, 0.208, 0.429, 0.983,-0.366,0.183,-0.907,-0.525,-0.042, 9.131,-0.308,-0.688, 1.571,-0.298, 0.189, 0.000;
5.451,-3.548,-4.564,-3.548,-4.564, 0.203, 0.429, 0.972,-0.344,0.000,-0.840,-0.529,-0.049, 9.162,-0.253,-0.655, 1.571,-0.344, 0.143, 0.000;
5.465,-3.515,-4.300,-3.515,-4.300, 0.201, 0.431, 0.964,-0.165,0.165,-0.554,-0.534,-0.058, 9.190,-0.289,-0.714, 1.571,-0.296, 0.191, 0.000;
5.477,-3.772,-4.493,-3.772,-4.493, 0.196, 0.431, 0.961,-0.354,0.000,-0.260,-0.537,-0.065, 9.214,-0.235,-0.681, 1.571,-0.340, 0.146, 0.000;
5.489,-3.754,-4.223,-3.754,-4.223, 0.192, 0.431, 0.951,-0.396,0.000,-0.939,-0.539,-0.071, 9.242,-0.264,-0.651, 1.571,-0.301, 0.106, 0.000;
5.501,-3.687,-4.275,-3.687,-4.275, 0.187, 0.431, 0.940,-0.373,0.000,-0.873,-0.541,-0.078, 9.271,-0.212,-0.620, 1.571,-0.343, 0.064, 0.000;
5.513,-3.663,-4.012,-3.663,-4.012, 0.183, 0.431, 0.930,-0.355,0.000,-0.818,-0.544,-0.085, 9.301,-0.157,-0.587, 1.571,-0.387, 0.020, 0.000;
5.525,-3.631,-3.744,-3.631,-3.744, 0.179, 0.431, 0.920,-0.372,0.000,-0.844,-0.546,-0.091, 9.330,-0.104,-0.639, 1.571,-0.429, 0.062, 0.000;
5.536,-3.956,-3.487,-3.956,-3.487, 0.172, 0.431, 0.900,-0.600,0.000,-1.774,-0.545,-0.098, 9.367,-0.055,-0.609, 1.571,-0.468, 0.023, 0.000;
5.547,-3.920,-3.221,-3.920,-3.221, 0.167, 0.431, 0.890,-0.401,0.000,-0.868,-0.546,-0.105, 9.395,-0.084,-0.657, 1.571,-0.429, 0.062, 0.000;
5.558,-4.151,-3.305,-4.151,-3.305, 0.163, 0.431, 0.881,-0.408,0.000,-0.869,-0.547,-0.111, 9.421,-0.035,-0.627, 1.571,-0.467, 0.023, 0.000;
5.569,-4.107,-3.058,-4.107,-3.058, 0.158, 0.431, 0.871,-0.410,0.000,-0.860,-0.548,-0.118, 9.448,-0.063,-0.674, 1.571,-0.429, 0.062, 0.000;
5.580,-4.360,-3.091,-4.360,-3.091, 0.152, 0.431, 0.853,-0.603,0.000,-1.648,-0.547,-0.125, 9.483,-0.013,-0.644, 1.571,-0.468, 0.023, 0.000;
5.591,-4.307,-2.825,-4.307,-2.825, 0.147, 0.429, 0.844,-0.404,-0.202,-0.809,-0.548,-0.129, 9.510,-0.041,-0.613, 1.571,-0.429,-0.016, 0.000;
5.613,-4.169,-2.897,-4.169,-2.897, 0.143, 0.429, 0.844,-0.212,0.000,0.000,-0.553,-0.143, 9.543, 0.054,-0.702, 1.571,-0.503, 0.057, 0.000;
5.625,-4.607,-2.567,-4.607,-2.567, 0.136, 0.426, 0.843,-0.560,-0.187,-0.081,-0.552,-0.148, 9.563, 0.024,-0.668, 1.571,-0.461, 0.015, 0.000;
5.636,-4.505,-2.611,-4.505,-2.611, 0.129, 0.426, 0.835,-0.588,0.000,-0.759,-0.550,-0.156, 9.589, 0.076,-0.636, 1.571,-0.501,-0.025, 0.000;
5.649,-4.394,-2.410,-4.394,-2.410, 0.125, 0.426, 0.843,-0.341,0.000,0.660,-0.551,-0.164, 9.601, 0.043,-0.690, 1.571,-0.455, 0.021, 0.000;
5.661,-4.675,-2.465,-4.675,-2.465, 0.118, 0.426, 0.827,-0.575,0.000,-1.416,-0.549,-0.172, 9.636, 0.097,-0.657, 1.571,-0.496,-0.020, 0.000;
5.672,-4.546,-2.298,-4.546,-2.298, 0.114, 0.424, 0.843,-0.384,-0.192,1.417,-0.549,-0.178, 9.638, 0.068,-0.623, 1.571,-0.455,-0.061, 0.000;
5.684,-4.441,-2.349,-4.441,-2.349, 0.107, 0.424, 0.835,-0.563,0.000,-0.727,-0.547,-0.186, 9.665, 0.123,-0.672, 1.571,-0.497,-0.019, 0.000;
5.695,-4.658,-2.152,-4.658,-2.152, 0.100, 0.422, 0.842,-0.594,-0.198,0.684,-0.544,-0.192, 9.675, 0.175,-0.638, 1.571,-0.536,-0.059, 0.000;
5.707,-4.568,-1.876,-4.568,-1.876, 0.096, 0.422, 0.835,-0.392,0.000,-0.678,-0.544,-0.200, 9.701, 0.147,-0.685, 1.571,-0.496,-0.019, 0.000;
5.719,-4.770,-1.976,-4.770,-1.976, 0.089, 0.422, 0.835,-0.538,0.000,0.000,-0.541,-0.208, 9.720, 0.205,-0.648, 1.571,-0.540,-0.062, 0.000;
5.733,-4.694,-1.636,-4.694,-1.636, 0.083, 0.422, 0.818,-0.478,0.000,-1.169,-0.539,-0.218, 9.758, 0.171,-0.704, 1.571,-0.491,-0.013, 0.000;
5.745,-4.938,-1.785,-4.938,-1.785, 0.078, 0.420, 0.826,-0.374,-0.187,0.658,-0.539,-0.225, 9.769, 0.143,-0.668, 1.571,-0.449,-0.056, 0.000;
5.757,-4.808,-1.873,-4.808,-1.873, 0.071, 0.420, 0.826,-0.556,0.000,0.000,-0.536,-0.234, 9.788, 0.199,-0.716, 1.571,-0.491,-0.013, 0.000;
5.770,-5.034,-1.628,-5.034,-1.628, 0.065, 0.420, 0.826,-0.523,0.000,0.000,-0.532,-0.243, 9.808, 0.258,-0.677, 1.571,-0.536,-0.058, 0.000;
5.783,-4.917,-1.395,-4.917,-1.395, 0.058, 0.417, 0.834,-0.537,-0.179,0.620,-0.529,-0.250, 9.820, 0.229,-0.638, 1.571,-0.492,-0.102, 0.000;
5.795,-4.793,-1.431,-4.793,-1.431, 0.054, 0.417, 0.826,-0.370,0.000,-0.641,-0.528,-0.259, 9.847, 0.201,-0.685, 1.571,-0.450,-0.059, 0.000;
5.806,-5.008,-1.531,-5.008,-1.531, 0.047, 0.417, 0.826,-0.606,0.000,0.000,-0.524,-0.267, 9.864, 0.253,-0.728, 1.571,-0.489,-0.021, 0.000;
5.818,-5.202,-1.338,-5.202,-1.338, 0.040, 0.415, 0.834,-0.556,-0.185,0.641,-0.520,-0.274, 9.875, 0.309,-0.690, 1.571,-0.531,-0.063, 0.000;
5.830,-5.082,-1.074,-5.082,-1.074, 0.033, 0.415, 0.834,-0.548,0.000,0.000,-0.516,-0.283, 9.895, 0.281,-0.737, 1.571,-0.488,-0.020, 0.000;
5.842,-5.294,-1.156,-5.294,-1.156, 0.029, 0.415, 0.834,-0.357,0.000,0.000,-0.514,-0.293, 9.914, 0.252,-0.697, 1.571,-0.444,-0.064, 0.000;
5.855,-5.160,-1.281,-5.160,-1.281, 0.022, 0.413, 0.841,-0.540,-0.180,0.613,-0.509,-0.300, 9.926, 0.310,-0.657, 1.571,-0.488,-0.108, 0.000;
5.870,-5.046,-0.924,-5.046,-0.924, 0.016, 0.413, 0.825,-0.448,0.000,-1.069,-0.505,-0.311, 9.966, 0.381,-0.714, 1.571,-0.540,-0.055, 0.000;
5.882,-5.328,-0.625,-5.328,-0.625, 0.009, 0.413, 0.825,-0.554,0.000,0.000,-0.500,-0.321, 9.985, 0.353,-0.759, 1.571,-0.498,-0.013, 0.000;
5.895,-5.525,-0.742,-5.525,-0.742, 0.004, 0.411, 0.833,-0.328,-0.164,0.559,-0.498,-0.329, 9.998, 0.321,-0.714, 1.571,-0.450,-0.061, 0.000;
5.900,-5.392,-0.837,-5.392,-0.837,-0.002, 0.411, 0.833,-1.447,0.000,0.000,-0.492,-0.333,10.006, 0.343,-0.731, 1.571,-0.466,-0.045, 0.000;
5.910,-5.467,-0.665,-5.467,-0.665,-0.009, 0.411, 0.825,-0.641,0.000,-0.728,-0.486,-0.341,10.030, 0.393,-0.770, 1.571,-0.503,-0.008, 0.000;
5.922,-5.651,-0.477,-5.651,-0.477,-0.013, 0.408, 0.833,-0.395,-0.197,0.673,-0.483,-0.347,10.040, 0.447,-0.732, 1.571,-0.543,-0.048, 0.000;
5.933,-5.532,-0.148,-5.532,-0.148,-0.020, 0.408, 0.817,-0.573,0.000,-1.357,-0.477,-0.356,10.074, 0.502,-0.774, 1.571,-0.584,-0.007, 0.000;
5.955,-5.711,0.108,-5.711,0.108,-0.027, 0.408, 0.817,-0.309,0.000,0.000,-0.472,-0.373,10.108, 0.453,-0.701, 1.571,-0.508,-0.083, 0.000;
5.968,-5.505,-0.125,-5.505,-0.125,-0.031, 0.406, 0.833,-0.343,-0.171,1.217,-0.468,-0.381,10.113, 0.422,-0.656, 1.571,-0.461,-0.129, 0.000;
5.971,-5.376,-0.211,-5.376,-0.211,-0.038, 0.406, 0.833,-2.472,0.000,0.000,-0.462,-0.383,10.117, 0.416,-0.666, 1.571,-0.452,-0.119, 0.000;
5.994,-5.365,-0.225,-5.365,-0.225,-0.045, 0.404, 0.840,-0.291,-0.097,0.325,-0.455,-0.399,10.146, 0.526,-0.586, 1.571,-0.534,-0.200, 0.000;
6.002,-5.171,0.299,-5.171,0.299,-0.049, 0.404, 0.833,-0.578,0.000,-0.969,-0.451,-0.405,10.165, 0.508,-0.613, 1.571,-0.506,-0.172, 0.000;
6.012,-5.288,0.297,-5.288,0.297,-0.056, 0.404, 0.825,-0.639,0.000,-0.785,-0.444,-0.413,10.190, 0.484,-0.650, 1.571,-0.469,-0.135, 0.000;
6.024,-5.456,0.247,-5.456,0.247,-0.062, 0.402, 0.824,-0.555,-0.185,-0.051,-0.437,-0.421,10.209, 0.541,-0.608, 1.571,-0.511,-0.177, 0.000;
6.036,-5.323,0.482,-5.323,0.482,-0.067, 0.402, 0.832,-0.374,0.000,0.678,-0.432,-0.430,10.220, 0.514,-0.649, 1.571,-0.469,-0.135, 0.000;
6.048,-5.516,0.399,-5.516,0.399,-0.074, 0.400, 0.832,-0.580,-0.193,0.000,-0.425,-0.437,10.238, 0.568,-0.608, 1.571,-0.510,-0.176, 0.000;
6.060,-5.383,0.669,-5.383,0.669,-0.080, 0.400, 0.832,-0.562,0.000,0.000,-0.417,-0.446,10.257, 0.625,-0.648, 1.571,-0.551,-0.134, 0.000;
6.071,-5.589,0.929,-5.589,0.929,-0.085, 0.400, 0.832,-0.384,0.000,0.000,-0.412,-0.455,10.275, 0.598,-0.688, 1.571,-0.510,-0.093, 0.000;
6.083,-5.765,0.898,-5.765,0.898,-0.092, 0.397, 0.824,-0.571,-0.190,-0.691,-0.404,-0.462,10.302, 0.654,-0.645, 1.571,-0.552,-0.134, 0.000;
6.095,-5.635,1.126,-5.635,1.126,-0.096, 0.397, 0.832,-0.383,0.000,0.695,-0.399,-0.471,10.312, 0.627,-0.684, 1.571,-0.510,-0.093, 0.000;
6.106,-5.826,1.006,-5.826,1.006,-0.103, 0.395, 0.840,-0.595,-0.198,0.655,-0.390,-0.478,10.322, 0.680,-0.642, 1.571,-0.550,-0.132, 0.000;
6.117,-5.693,1.273,-5.693,1.273,-0.107, 0.395, 0.840,-0.393,0.000,0.000,-0.384,-0.487,10.340, 0.653,-0.680, 1.571,-0.510,-0.092, 0.000;
6.139,-5.839,1.194,-5.839,1.194,-0.114, 0.393, 0.840,-0.308,-0.103,0.000,-0.374,-0.501,10.374, 0.756,-0.598, 1.571,-0.586,-0.169, 0.000;
6.151,-5.617,1.671,-5.617,1.671,-0.118, 0.393, 0.840,-0.364,0.000,0.000,-0.368,-0.510,10.393, 0.726,-0.638, 1.571,-0.542,-0.125, 0.000;
6.163,-5.792,1.632,-5.792,1.632,-0.125, 0.391, 0.832,-0.566,-0.189,-0.683,-0.359,-0.517,10.420, 0.699,-0.676, 1.571,-0.500,-0.084, 0.000;
6.175,-5.953,1.571,-5.953,1.571,-0.132, 0.391, 0.832,-0.540,0.000,0.000,-0.349,-0.527,10.440, 0.757,-0.716, 1.571,-0.543,-0.040, 0.000;
6.187,-6.155,1.846,-6.155,1.846,-0.136, 0.388, 0.832,-0.373,-0.187,0.000,-0.342,-0.533,10.458, 0.729,-0.669, 1.571,-0.501,-0.082, 0.000;
6.199,-5.989,1.786,-5.989,1.786,-0.143, 0.388, 0.832,-0.570,0.000,0.000,-0.333,-0.542,10.477, 0.784,-0.706, 1.571,-0.542,-0.041, 0.000;
6.211,-6.193,2.005,-6.193,2.005,-0.147, 0.386, 0.839,-0.379,-0.190,0.617,-0.326,-0.549,10.488, 0.756,-0.660, 1.571,-0.501,-0.082, 0.000;
6.223,-6.024,1.947,-6.024,1.947,-0.154, 0.384, 0.839,-0.540,-0.180,0.000,-0.316,-0.556,10.508, 0.814,-0.611, 1.571,-0.544,-0.126, 0.000;
6.236,-5.849,2.283,-5.849,2.283,-0.158, 0.384, 0.832,-0.341,0.000,-0.555,-0.307,-0.565,10.535, 0.783,-0.652, 1.571,-0.498,-0.080, 0.000;
6.248,-6.074,2.106,-6.074,2.106,-0.163, 0.382, 0.847,-0.370,-0.185,1.271,-0.299,-0.572,10.539, 0.754,-0.604, 1.571,-0.455,-0.122, 0.000;
6.261,-5.897,2.054,-5.897,2.054,-0.170, 0.379, 0.846,-0.545,-0.182,-0.076,-0.289,-0.579,10.559, 0.811,-0.555, 1.571,-0.499,-0.166, 0.000;
6.272,-5.761,2.303,-5.761,2.303,-0.174, 0.379, 0.854,-0.385,0.000,0.695,-0.281,-0.587,10.569, 0.783,-0.590, 1.571,-0.458,-0.125, 0.000;
6.284,-5.924,2.228,-5.924,2.228,-0.179, 0.377, 0.854,-0.384,-0.192,0.000,-0.273,-0.593,10.588, 0.756,-0.543, 1.571,-0.417,-0.165, 0.000;
6.295,-5.771,2.131,-5.771,2.131,-0.183, 0.375, 0.862,-0.399,-0.199,0.730,-0.264,-0.599,10.597, 0.729,-0.576, 1.571,-0.378,-0.126, 0.000;
6.306,-5.905,2.068,-5.905,2.068,-0.190, 0.373, 0.861,-0.595,-0.198,-0.103,-0.253,-0.604,10.616, 0.781,-0.531, 1.571,-0.417,-0.166, 0.000;
6.318,-5.760,2.344,-5.760,2.344,-0.194, 0.371, 0.861,-0.383,-0.192,0.000,-0.245,-0.610,10.634, 0.753,-0.483, 1.571,-0.377,-0.206, 0.000;
6.330,-5.568,2.335,-5.568,2.335,-0.199, 0.371, 0.854,-0.384,0.000,-0.604,-0.236,-0.618,10.659, 0.806,-0.517, 1.571,-0.417,-0.165, 0.000;
6.341,-5.747,2.578,-5.747,2.578,-0.203, 0.368, 0.854,-0.387,-0.194,0.000,-0.227,-0.624,10.678, 0.778,-0.469, 1.571,-0.377,-0.206, 0.000;
6.352,-5.610,2.445,-5.610,2.445,-0.208, 0.366, 0.869,-0.410,-0.205,1.393,-0.218,-0.629,10.679, 0.828,-0.501, 1.571,-0.415,-0.168, 0.000;
6.363,-5.762,2.674,-5.762,2.674,-0.212, 0.364, 0.869,-0.403,-0.201,0.000,-0.209,-0.634,10.697, 0.800,-0.455, 1.571,-0.376,-0.206, 0.000;
6.374,-5.607,2.592,-5.607,2.592,-0.217, 0.362, 0.876,-0.405,-0.202,0.624,-0.200,-0.639,10.707, 0.850,-0.486, 1.571,-0.415,-0.168, 0.000;
6.395,-5.737,2.809,-5.737,2.809,-0.221, 0.359, 0.876,-0.211,-0.106,0.000,-0.186,-0.650,10.741, 0.798,-0.397, 1.571,-0.341,-0.242, 0.000;
6.408,-5.434,2.710,-5.434,2.710,-0.225, 0.357, 0.876,-0.348,-0.174,0.000,-0.175,-0.656,10.761, 0.765,-0.433, 1.571,-0.296,-0.196, 0.000;
6.411,-5.604,2.638,-5.604,2.638,-0.230, 0.355, 0.876,-1.494,-0.747,0.000,-0.169,-0.656,10.765, 0.779,-0.441, 1.571,-0.306,-0.186, 0.000;
6.432,-5.594,2.698,-5.594,2.698,-0.234, 0.353, 0.876,-0.216,-0.108,0.000,-0.155,-0.666,10.798, 0.872,-0.353, 1.571,-0.380,-0.259, 0.000;
6.444,-5.316,3.214,-5.316,3.214,-0.239, 0.350, 0.868,-0.382,-0.191,-0.696,-0.145,-0.671,10.824, 0.842,-0.385, 1.571,-0.338,-0.217, 0.000;
6.455,-5.447,3.137,-5.447,3.137,-0.243, 0.348, 0.868,-0.381,-0.191,0.000,-0.134,-0.676,10.843, 0.812,-0.417, 1.571,-0.297,-0.176, 0.000;
6.467,-5.620,2.979,-5.620,2.979,-0.246, 0.346, 0.883,-0.188,-0.188,1.260,-0.126,-0.681,10.846, 0.781,-0.366, 1.571,-0.255,-0.218, 0.000;
6.479,-5.423,2.917,-5.423,2.917,-0.250, 0.344, 0.883,-0.380,-0.190,0.000,-0.115,-0.685,10.865, 0.833,-0.397, 1.571,-0.297,-0.176, 0.000;
6.491,-5.579,3.160,-5.579,3.160,-0.254, 0.341, 0.883,-0.374,-0.187,0.000,-0.104,-0.690,10.884, 0.886,-0.345, 1.571,-0.338,-0.218, 0.000;
6.503,-5.439,3.391,-5.439,3.391,-0.257, 0.339, 0.891,-0.180,-0.180,0.663,-0.095,-0.695,10.895, 0.853,-0.378, 1.571,-0.295,-0.175, 0.000;
6.514,-5.591,3.256,-5.591,3.256,-0.261, 0.335, 0.898,-0.417,-0.417,0.620,-0.085,-0.696,10.905, 0.900,-0.331, 1.571,-0.332,-0.212, 0.000;
6.525,-5.423,3.511,-5.423,3.511,-0.266, 0.333, 0.898,-0.387,-0.194,0.000,-0.074,-0.700,10.923, 0.950,-0.280, 1.571,-0.373,-0.253, 0.000;
6.539,-5.258,3.778,-5.258,3.778,-0.268, 0.330, 0.898,-0.167,-0.167,0.000,-0.064,-0.705,10.944, 0.914,-0.315, 1.571,-0.326,-0.206, 0.000;
6.551,-5.394,3.668,-5.394,3.668,-0.272, 0.328, 0.898,-0.369,-0.184,0.000,-0.052,-0.709,10.963, 0.966,-0.346, 1.571,-0.368,-0.164, 0.000;
6.563,-5.550,3.913,-5.550,3.913,-0.275, 0.326, 0.898,-0.185,-0.185,0.000,-0.042,-0.713,10.982, 0.933,-0.292, 1.571,-0.325,-0.206, 0.000;
6.574,-5.335,3.860,-5.335,3.860,-0.279, 0.321, 0.896,-0.387,-0.387,-0.143,-0.031,-0.714,11.002, 0.982,-0.240, 1.571,-0.366,-0.246, 0.000;
6.585,-5.186,4.090,-5.186,4.090,-0.281, 0.319, 0.904,-0.203,-0.203,0.744,-0.022,-0.717,11.011, 0.952,-0.268, 1.571,-0.327,-0.208, 0.000;
6.596,-5.255,4.042,-5.255,4.042,-0.286, 0.317, 0.896,-0.403,-0.202,-0.740,-0.010,-0.720,11.036, 0.999,-0.219, 1.571,-0.366,-0.247, 0.000;
6.608,-5.120,4.268,-5.120,4.268,-0.288, 0.312, 0.903,-0.195,-0.391,0.565,-0.001,-0.721,11.048, 0.966,-0.167, 1.571,-0.325,-0.287, 0.000;
6.619,-4.872,4.244,-4.872,4.244,-0.290, 0.310, 0.896,-0.203,-0.203,-0.586, 0.008,-0.723,11.072, 0.936,-0.195, 1.571,-0.287,-0.248, 0.000;
6.641,-4.979,4.098,-4.979,4.098,-0.292, 0.306, 0.903,-0.102,-0.204,0.295, 0.025,-0.728,11.100, 0.874,-0.095, 1.571,-0.210,-0.325, 0.000;
6.644,-4.610,4.012,-4.610,4.012,-0.297, 0.304, 0.903,-1.495,-0.748,0.000, 0.031,-0.727,11.104, 0.886,-0.103, 1.571,-0.220,-0.314, 0.000;
6.655,-4.650,4.049,-4.650,4.049,-0.299, 0.299, 0.909,-0.197,-0.394,0.560, 0.041,-0.727,11.116, 0.933,-0.131, 1.571,-0.260,-0.275, 0.000;
6.677,-4.727,4.269,-4.727,4.269,-0.301, 0.297, 0.903,-0.101,-0.101,-0.288, 0.058,-0.734,11.157, 0.869,-0.184, 1.571,-0.183,-0.197, 0.000;
6.690,-5.005,4.015,-5.005,4.015,-0.304, 0.292, 0.917,-0.179,-0.357,1.159, 0.069,-0.734,11.162, 0.833,-0.127, 1.571,-0.139,-0.241, 0.000;
6.702,-4.757,3.953,-4.757,3.953,-0.306, 0.290, 0.917,-0.182,-0.182,0.000, 0.080,-0.736,11.181, 0.883,-0.157, 1.571,-0.182,-0.198, 0.000;
6.713,-4.904,4.178,-4.904,4.178,-0.308, 0.286, 0.917,-0.193,-0.386,0.000, 0.090,-0.736,11.199, 0.849,-0.103, 1.571,-0.141,-0.239, 0.000;
6.725,-4.703,4.083,-4.703,4.083,-0.310, 0.283, 0.925,-0.196,-0.196,0.723, 0.101,-0.737,11.209, 0.895,-0.130, 1.571,-0.181,-0.199, 0.000;
6.736,-4.829,4.301,-4.829,4.301,-0.315, 0.279, 0.923,-0.398,-0.398,-0.180, 0.113,-0.737,11.229, 0.940,-0.078, 1.571,-0.221,-0.239, 0.000;
6.748,-4.678,4.526,-4.678,4.526,-0.315, 0.277, 0.931,0.000,-0.187,0.689, 0.122,-0.738,11.239, 0.904,-0.106, 1.571,-0.179,-0.197, 0.000;
6.760,-4.732,4.440,-4.732,4.440,-0.319, 0.272, 0.923,-0.366,-0.366,-0.674, 0.135,-0.737,11.266, 0.952,-0.049, 1.571,-0.222,-0.240, 0.000;
6.772,-4.530,4.726,-4.530,4.726,-0.321, 0.270, 0.923,-0.196,-0.196,0.000, 0.146,-0.738,11.284, 0.917,-0.076, 1.571,-0.182,-0.200, 0.000;
6.783,-4.655,4.584,-4.655,4.584,-0.321, 0.266, 0.931,0.000,-0.373,0.685, 0.155,-0.737,11.295, 0.880,-0.020, 1.571,-0.140,-0.242, 0.000;
6.796,-4.467,4.443,-4.467,4.443,-0.324, 0.261, 0.946,-0.183,-0.366,1.179, 0.166,-0.736,11.300, 0.928, 0.037, 1.571,-0.183,-0.285, 0.000;
6.809,-4.264,4.711,-4.264,4.711,-0.326, 0.259, 0.946,-0.172,-0.172,0.000, 0.178,-0.736,11.320, 0.887, 0.007, 1.571,-0.137,-0.239, 0.000;
6.821,-4.388,4.564,-4.388,4.564,-0.328, 0.254, 0.952,-0.186,-0.373,0.497, 0.189,-0.735,11.333, 0.933, 0.063, 1.571,-0.179,-0.282, 0.000;
6.833,-4.188,4.829,-4.188,4.829,-0.330, 0.250, 0.952,-0.182,-0.364,0.000, 0.201,-0.733,11.352, 0.895, 0.121, 1.571,-0.136,-0.325, 0.000;
6.845,-3.928,4.769,-3.928,4.769,-0.333, 0.246, 0.952,-0.178,-0.356,0.000, 0.212,-0.731,11.372, 0.943, 0.180, 1.571,-0.180,-0.369, 0.000;
6.858,-3.761,5.014,-3.761,5.014,-0.333, 0.243, 0.960,0.000,-0.180,0.674, 0.222,-0.731,11.383, 0.902, 0.151, 1.571,-0.136,-0.325, 0.000;
6.871,-3.871,4.852,-3.871,4.852,-0.335, 0.239, 0.966,-0.175,-0.351,0.458, 0.234,-0.729,11.397, 0.950, 0.211, 1.571,-0.181,-0.370, 0.000;
6.882,-3.662,5.134,-3.662,5.134,-0.337, 0.234, 0.966,-0.188,-0.375,0.000, 0.245,-0.726,11.416, 0.911, 0.184, 1.571,-0.139,-0.328, 0.000;
6.895,-3.693,5.038,-3.693,5.038,-0.339, 0.232, 0.960,-0.172,-0.172,-0.448, 0.258,-0.725,11.442, 0.960, 0.154, 1.571,-0.185,-0.282, 0.000;
6.908,-3.873,5.237,-3.873,5.237,-0.339, 0.228, 0.966,0.000,-0.368,0.480, 0.267,-0.722,11.455, 0.919, 0.211, 1.571,-0.142,-0.325, 0.000;
6.919,-3.606,5.162,-3.606,5.162,-0.341, 0.223, 0.966,-0.194,-0.389,0.000, 0.278,-0.719,11.473, 0.961, 0.265, 1.571,-0.182,-0.365, 0.000;
6.930,-3.441,5.395,-3.441,5.395,-0.344, 0.219, 0.972,-0.198,-0.396,0.508, 0.289,-0.716,11.485, 0.923, 0.319, 1.571,-0.143,-0.404, 0.000;
6.943,-3.190,5.338,-3.190,5.338,-0.346, 0.214, 0.972,-0.181,-0.362,0.000, 0.301,-0.712,11.505, 0.968, 0.291, 1.571,-0.186,-0.361, 0.000;
6.956,-3.357,5.514,-3.357,5.514,-0.346, 0.212, 0.980,0.000,-0.166,0.623, 0.312,-0.711,11.517, 0.922, 0.260, 1.571,-0.139,-0.314, 0.000;
6.969,-3.391,5.385,-3.391,5.385,-0.348, 0.208, 0.972,-0.175,-0.350,-0.656, 0.324,-0.707,11.546, 0.968, 0.320, 1.571,-0.183,-0.359, 0.000;
6.980,-3.175,5.663,-3.175,5.663,-0.350, 0.203, 0.972,-0.195,-0.390,0.000, 0.335,-0.703,11.564, 0.928, 0.294, 1.571,-0.143,-0.318, 0.000;
6.985,-3.275,5.537,-3.275,5.537,-0.350, 0.199, 0.980,0.000,-0.876,1.641, 0.339,-0.699,11.563, 0.910, 0.318, 1.571,-0.125,-0.336, 0.000;
7.007,-3.117,5.472,-3.117,5.472,-0.353, 0.194, 0.977,-0.105,-0.209,-0.128, 0.358,-0.694,11.600, 0.986, 0.420, 1.571,-0.200,-0.412, 0.000;
7.019,-2.822,5.918,-2.822,5.918,-0.353, 0.190, 0.986,0.000,-0.368,0.687, 0.367,-0.690,11.610, 0.942, 0.392, 1.571,-0.157,-0.369, 0.000;
7.031,-2.872,5.769,-2.872,5.769,-0.355, 0.185, 0.986,-0.179,-0.358,0.000, 0.380,-0.685,11.630, 0.898, 0.363, 1.571,-0.113,-0.325, 0.000;
7.043,-2.846,5.677,-2.846,5.677,-0.357, 0.183, 0.972,-0.187,-0.187,-1.167, 0.391,-0.682,11.663, 0.939, 0.336, 1.571,-0.155,-0.283, 0.000;
7.056,-3.021,5.840,-3.021,5.840,-0.357, 0.179, 0.980,0.000,-0.352,0.659, 0.401,-0.677,11.674, 0.893, 0.396, 1.571,-0.110,-0.327, 0.000;
7.068,-2.762,5.739,-2.762,5.739,-0.359, 0.174, 0.986,-0.187,-0.375,0.470, 0.413,-0.671,11.687, 0.933, 0.369, 1.571,-0.152,-0.286, 0.000;
7.080,-2.922,5.903,-2.922,5.903,-0.359, 0.170, 0.994,0.000,-0.366,0.691, 0.422,-0.666,11.698, 0.888, 0.427, 1.571,-0.109,-0.328, 0.000;
7.092,-2.688,5.798,-2.688,5.798,-0.359, 0.165, 1.003,0.000,-0.367,0.699, 0.432,-0.660,11.709, 0.844, 0.484, 1.571,-0.066,-0.371, 0.000;
7.104,-2.356,5.737,-2.356,5.737,-0.362, 0.161, 0.994,-0.183,-0.365,-0.696, 0.443,-0.654,11.737, 0.884, 0.542, 1.571,-0.109,-0.414, 0.000;
7.117,-2.227,5.965,-2.227,5.965,-0.362, 0.156, 1.008,0.000,-0.354,1.106, 0.453,-0.648,11.742, 0.837, 0.513, 1.571,-0.065,-0.370, 0.000;
7.129,-2.267,5.807,-2.267,5.807,-0.364, 0.152, 1.008,-0.189,-0.379,0.000, 0.464,-0.642,11.761, 0.876, 0.569, 1.571,-0.107,-0.411, 0.000;
7.141,-2.115,6.041,-2.115,6.041,-0.364, 0.147, 1.016,0.000,-0.383,0.734, 0.473,-0.635,11.771, 0.832, 0.542, 1.571,-0.066,-0.370, 0.000;
7.153,-2.198,5.869,-2.198,5.869,-0.364, 0.143, 1.025,0.000,-0.349,0.677, 0.483,-0.628,11.782, 0.784, 0.602, 1.571,-0.021,-0.415, 0.000;
7.167,-1.946,5.766,-1.946,5.766,-0.364, 0.138, 1.034,0.000,-0.323,0.632, 0.494,-0.621,11.795, 0.828, 0.570, 1.571,-0.069,-0.366, 0.000;
7.170,-2.026,5.998,-2.026,5.998,-0.366, 0.134, 1.025,-0.796,-1.592,-3.118, 0.498,-0.616,11.808, 0.837, 0.563, 1.571,-0.079,-0.356, 0.000;
7.182,-2.064,6.022,-2.064,6.022,-0.366, 0.129, 1.030,0.000,-0.381,0.447, 0.507,-0.609,11.821, 0.874, 0.619, 1.571,-0.120,-0.398, 0.000;
7.193,-1.857,6.258,-1.857,6.258,-0.366, 0.125, 1.030,0.000,-0.407,0.000, 0.515,-0.602,11.839, 0.831, 0.670, 1.571,-0.082,-0.436, 0.000;
7.215,-1.594,6.153,-1.594,6.153,-0.366, 0.121, 1.030,0.000,-0.198,0.000, 0.532,-0.592,11.874, 0.744, 0.618, 1.571,-0.003,-0.357, 0.000;
7.220,-1.670,5.893,-1.670,5.893,-0.366, 0.116, 1.030,0.000,-0.888,0.000, 0.536,-0.586,11.882, 0.759, 0.606, 1.571,-0.020,-0.340, 0.000;
7.239,-1.733,5.915,-1.733,5.915,-0.366, 0.109, 1.036,0.000,-0.350,0.269, 0.550,-0.574,11.907, 0.684, 0.696, 1.571, 0.047,-0.407, 0.000;
7.252,-1.217,5.814,-1.217,5.814,-0.368, 0.105, 1.027,-0.182,-0.364,-0.698, 0.561,-0.566,11.935, 0.721, 0.666, 1.571, 0.003,-0.364, 0.000;
7.264,-1.333,5.986,-1.333,5.986,-0.368, 0.100, 1.027,0.000,-0.361,0.000, 0.570,-0.558,11.954, 0.759, 0.637, 1.571,-0.040,-0.320, 0.000;
7.276,-1.442,6.143,-1.442,6.143,-0.368, 0.096, 1.027,0.000,-0.371,0.000, 0.578,-0.550,11.973, 0.710, 0.692, 1.571, 0.002,-0.363, 0.000;
7.281,-1.145,6.075,-1.145,6.075,-0.368, 0.092, 1.027,0.000,-0.968,0.000, 0.582,-0.544,11.980, 0.724, 0.681, 1.571,-0.014,-0.346, 0.000;
7.292,-1.253,6.103,-1.253,6.103,-0.368, 0.085, 1.041,0.000,-0.593,1.205, 0.590,-0.533,11.984, 0.679, 0.734, 1.571, 0.026,-0.387, 0.000;
7.303,-0.926,6.032,-0.926,6.032,-0.368, 0.080, 1.036,0.000,-0.393,-0.445, 0.598,-0.525,12.007, 0.712, 0.787, 1.571,-0.014,-0.427, 0.000;
7.326,-0.784,6.212,-0.784,6.212,-0.368, 0.076, 1.044,0.000,-0.200,0.387, 0.613,-0.512,12.034, 0.621, 0.733, 1.571, 0.064,-0.348, 0.000;
7.331,-0.892,5.922,-0.892,5.922,-0.366, 0.071, 1.053,0.390,-0.780,1.527, 0.615,-0.505,12.034, 0.597, 0.719, 1.571, 0.084,-0.328, 0.000;
7.343,-0.886,5.811,-0.886,5.811,-0.366, 0.067, 1.053,0.000,-0.369,0.000, 0.623,-0.496,12.053, 0.632, 0.774, 1.571, 0.042,-0.371, 0.000;
7.355,-0.704,6.040,-0.704,6.040,-0.366, 0.060, 1.058,0.000,-0.592,0.438, 0.630,-0.485,12.066, 0.664, 0.826, 1.571, 0.002,-0.410, 0.000;
