0.000,0.000,0.000,0.000,0.000, 0.000, 0.000, 0.000,0.000,0.000,0.000, 0.000, 0.000, 0.000;
0.011,-10.126,10.692,1.451,-0.885, 0.315, 0.385, 1.541,0.000,0.000,0.000, 0.185,-0.383,-1.226;
0.046,-10.082,10.632,1.495,-0.945, 0.315, 0.385, 1.541,0.000,0.000,0.000, 0.185,-0.377,-1.226;
0.048,-10.080,10.629,1.497,-0.948, 0.315, 0.385, 1.541,0.000,0.000,0.000, 0.185,-0.377,-1.226;
0.054,-10.073,10.619,1.504,-0.958, 0.315, 0.385, 1.541,0.000,0.000,0.000, 0.185,-0.376,-1.226;
0.065,-10.059,10.600,1.518,-0.977, 0.315, 0.385, 1.541,0.000,0.000,0.000, 0.185,-0.374,-1.226;
0.076,-10.046,10.581,1.531,-0.996, 0.315, 0.385, 1.541,0.000,0.000,0.000, 0.185,-0.373,-1.226;
0.088,-10.032,10.562,1.545,-1.015, 0.315, 0.385, 1.541,0.000,0.000,0.000, 0.185,-0.371,-1.226;
0.099,-10.019,10.543,1.558,-1.034, 0.315, 0.385, 1.541,0.000,0.000,0.000, 0.185,-0.369,-1.226;
0.110,-10.006,10.524,1.571,-1.053, 0.315, 0.385, 1.541,0.000,0.000,0.000, 0.185,-0.367,-1.226;
0.122,-9.991,10.503,1.586,-1.074, 0.315, 0.385, 1.541,0.000,0.000,0.000, 0.185,-0.366,-1.226;
0.133,-9.978,10.484,1.599,-1.093, 0.315, 0.385, 1.541,0.000,0.000,0.000, 0.184,-0.364,-1.226;
0.154,-9.954,10.447,1.623,-1.130, 0.315, 0.385, 1.541,0.000,0.000,0.000, 0.184,-0.360,-1.226;
0.165,-9.941,10.428,1.636,-1.149, 0.315, 0.385, 1.541,0.000,0.000,0.000, 0.184,-0.359,-1.226;
0.177,-9.927,10.408,1.650,-1.169, 0.315, 0.385, 1.541,0.000,0.000,0.000, 0.184,-0.357,-1.226;
0.189,-9.913,10.386,1.664,-1.191, 0.315, 0.385, 1.541,0.000,0.000,0.000, 0.184,-0.355,-1.226;
0.200,-9.901,10.368,1.676,-1.209, 0.315, 0.385, 1.541,0.000,0.000,0.000, 0.184,-0.353,-1.226;
0.211,-9.889,10.348,1.688,-1.229, 0.315, 0.385, 1.541,0.000,0.000,0.000, 0.184,-0.352,-1.226;
0.222,-9.862,10.321,1.572,-1.113, 0.315, 0.385, 1.525,0.000,0.000,-1.374, 0.184,-0.350,-1.211;
0.233,-9.850,10.302,1.584,-1.132, 0.315, 0.385, 1.525,0.000,0.000,0.000, 0.184,-0.348,-1.211;
0.245,-9.838,10.282,1.603,-1.159, 0.315, 0.385, 1.526,0.000,0.000,0.060, 0.183,-0.346,-1.212;
0.255,4.436,10.263,15.870,-1.172, 0.317, 0.386, 1.525,0.160,0.160,-0.062, 0.182,-0.346,-1.211;
0.277,-9.850,10.224,1.584,-1.210, 0.317, 0.386, 1.525,0.000,0.000,0.000, 0.181,-0.343,-1.211;
0.288,-9.823,10.194,1.469,-1.098, 0.317, 0.386, 1.510,0.000,0.000,-1.350, 0.181,-0.341,-1.196;
0.300,-9.809,10.171,1.483,-1.121, 0.317, 0.386, 1.510,0.000,0.000,0.000, 0.181,-0.339,-1.196;
0.312,-9.780,10.138,1.369,-1.011, 0.317, 0.386, 1.495,0.000,0.000,-1.310, 0.181,-0.338,-1.181;
0.323,-9.750,10.104,1.257,-0.903, 0.317, 0.386, 1.480,0.000,0.000,-1.308, 0.181,-0.336,-1.166;
0.335,-3.042,16.776,7.965,5.769, 0.319, 0.386, 1.480,0.145,0.000,0.000, 0.179,-0.334,-1.166;
0.347,-2.670,2.971,8.180,-7.879, 0.319, 0.388, 1.464,0.000,0.151,-1.437, 0.178,-0.334,-1.149;
0.358,-9.722,10.005,0.985,-0.702, 0.319, 0.388, 1.448,0.000,0.000,-1.314, 0.178,-0.332,-1.134;
0.369,-9.692,9.969,0.892,-0.614, 0.319, 0.388, 1.435,0.000,0.000,-1.200, 0.178,-0.330,-1.121;
0.380,5.618,9.947,16.182,-0.617, 0.320, 0.390, 1.433,0.159,0.159,-0.189, 0.176,-0.330,-1.119;
0.391,-9.696,9.905,0.726,-0.517, 0.320, 0.390, 1.418,0.000,0.000,-1.372, 0.176,-0.329,-1.104;
0.403,-9.638,9.841,0.501,-0.299, 0.320, 0.390, 1.388,0.000,0.000,-2.642, 0.176,-0.327,-1.074;
0.424,-1.404,9.794,8.709,-0.319, 0.322, 0.392, 1.385,0.083,0.083,-0.133, 0.174,-0.325,-1.071;
0.435,-9.627,9.747,0.345,-0.225, 0.322, 0.392, 1.370,0.000,0.000,-1.299, 0.173,-0.324,-1.056;
0.447,5.954,9.708,15.752,-0.091, 0.324, 0.393, 1.352,0.153,0.153,-1.607, 0.171,-0.323,-1.038;
0.458,-9.599,9.643,0.058,-0.014, 0.324, 0.393, 1.337,0.000,0.000,-1.307, 0.171,-0.322,-1.023;
0.470,-9.537,9.570,-0.125,0.158, 0.324, 0.393, 1.311,0.000,0.000,-2.236, 0.171,-0.320,-0.997;
0.481,6.361,9.541,15.736,0.166, 0.326, 0.395, 1.307,0.152,0.152,-0.344, 0.169,-0.320,-0.993;
0.492,-9.493,9.445,-0.437,0.389, 0.326, 0.395, 1.273,0.000,0.000,-3.049, 0.169,-0.318,-0.959;
0.503,-1.149,17.751,7.907,8.696, 0.327, 0.395, 1.273,0.157,0.000,0.000, 0.167,-0.316,-0.959;
0.515,-1.045,0.943,7.688,-7.790, 0.327, 0.397, 1.239,0.000,0.155,-3.038, 0.166,-0.316,-0.925;
0.526,-1.081,17.595,7.514,9.000, 0.329, 0.397, 1.225,0.153,0.000,-1.282, 0.164,-0.315,-0.911;
0.537,-0.769,17.856,7.826,9.261, 0.331, 0.397, 1.225,0.159,0.000,0.000, 0.162,-0.313,-0.911;
0.559,-9.358,9.050,-1.033,0.725, 0.331, 0.397, 1.196,0.000,0.000,-1.293, 0.162,-0.310,-0.882;
0.569,9.915,9.009,18.131,0.793, 0.332, 0.399, 1.184,0.173,0.173,-1.145, 0.160,-0.310,-0.870;
0.580,-0.698,17.573,7.381,9.494, 0.334, 0.399, 1.170,0.155,0.000,-1.286, 0.157,-0.308,-0.856;
0.592,-9.271,8.792,-1.459,0.980, 0.334, 0.399, 1.142,0.000,0.000,-2.483, 0.157,-0.306,-0.827;
0.603,-0.429,17.562,7.321,9.812, 0.336, 0.399, 1.135,0.156,0.000,-0.583, 0.155,-0.304,-0.821;
0.614,-0.230,17.648,7.387,10.031, 0.338, 0.399, 1.121,0.158,0.000,-1.281, 0.153,-0.303,-0.807;
0.625,8.820,8.573,16.372,1.021, 0.339, 0.400, 1.114,0.158,0.158,-0.623, 0.151,-0.303,-0.800;
0.636,-9.186,8.452,-1.897,1.162, 0.339, 0.400, 1.086,0.000,0.000,-2.544, 0.151,-0.301,-0.772;
0.648,-0.531,16.990,6.629,9.829, 0.341, 0.400, 1.073,0.149,0.000,-1.169, 0.149,-0.299,-0.759;
0.669,0.342,8.271,7.432,1.181, 0.343, 0.402, 1.065,0.082,0.082,-0.352, 0.146,-0.298,-0.751;
0.680,-0.123,17.208,6.839,10.246, 0.345, 0.402, 1.052,0.155,0.000,-1.209, 0.144,-0.296,-0.737;
0.691,8.838,8.115,15.726,1.226, 0.346, 0.404, 1.044,0.154,0.154,-0.691, 0.142,-0.296,-0.730;
0.702,-9.081,7.984,-2.445,1.348, 0.346, 0.404, 1.017,0.000,0.000,-2.384, 0.141,-0.294,-0.703;
0.714,9.047,7.933,15.606,1.374, 0.348, 0.406, 1.009,0.154,0.154,-0.730, 0.139,-0.294,-0.695;
0.725,0.267,17.175,6.701,10.741, 0.350, 0.406, 0.996,0.158,0.000,-1.197, 0.137,-0.293,-0.682;
0.736,9.712,7.764,16.066,1.411, 0.352, 0.407, 0.987,0.159,0.159,-0.783, 0.135,-0.293,-0.673;
0.747,0.082,16.898,6.435,10.545, 0.353, 0.407, 0.987,0.156,0.000,0.000, 0.133,-0.291,-0.673;
0.758,9.672,7.629,15.902,1.399, 0.355, 0.409, 0.974,0.159,0.159,-1.186, 0.131,-0.291,-0.660;
0.769,9.688,7.562,15.835,1.415, 0.357, 0.411, 0.965,0.159,0.159,-0.809, 0.129,-0.291,-0.651;
0.790,-4.328,12.296,1.818,6.149, 0.359, 0.411, 0.965,0.081,0.000,0.000, 0.126,-0.288,-0.651;
0.802,-0.180,16.460,6.050,10.230, 0.360, 0.411, 0.974,0.152,0.000,0.777, 0.124,-0.286,-0.660;
0.813,9.360,7.382,15.507,1.236, 0.362, 0.413, 0.965,0.157,0.157,-0.799, 0.122,-0.286,-0.651;
0.824,-9.174,7.293,-3.149,1.268, 0.362, 0.413, 0.952,0.000,0.000,-1.159, 0.121,-0.285,-0.638;
0.835,9.436,7.236,15.374,1.298, 0.364, 0.414, 0.943,0.156,0.156,-0.826, 0.119,-0.285,-0.629;
0.846,0.227,16.670,6.252,10.645, 0.366, 0.414, 0.952,0.159,0.000,0.841, 0.117,-0.283,-0.638;
0.857,9.712,7.146,15.650,1.208, 0.367, 0.416, 0.943,0.159,0.159,-0.841, 0.115,-0.283,-0.629;
0.868,-9.210,7.055,-3.392,1.238, 0.367, 0.416, 0.930,0.000,0.000,-1.147, 0.114,-0.281,-0.616;
0.879,0.373,16.599,6.191,10.781, 0.369, 0.416, 0.930,0.161,0.000,0.000, 0.112,-0.280,-0.616;
0.901,0.302,6.899,6.030,1.171, 0.371, 0.418, 0.921,0.080,0.080,-0.436, 0.109,-0.278,-0.607;
0.911,-9.229,6.868,-3.501,1.140, 0.371, 0.418, 0.921,0.000,0.000,0.000, 0.109,-0.277,-0.607;
0.923,0.029,16.151,5.847,10.334, 0.373, 0.418, 0.930,0.156,0.000,0.852, 0.107,-0.275,-0.616;
0.934,8.909,6.784,14.637,1.056, 0.374, 0.420, 0.921,0.152,0.152,-0.832, 0.104,-0.275,-0.607;
0.945,-9.246,6.692,-3.636,1.083, 0.374, 0.420, 0.908,0.000,0.000,-1.123, 0.104,-0.273,-0.594;
0.956,0.173,16.160,5.901,10.432, 0.376, 0.420, 0.921,0.159,0.000,1.144, 0.102,-0.272,-0.607;
0.967,0.145,-2.783,5.662,-8.300, 0.376, 0.421, 0.899,0.000,0.156,-2.011, 0.101,-0.272,-0.584;
0.978,0.171,16.045,5.781,10.435, 0.378, 0.421, 0.908,0.158,0.000,0.893, 0.099,-0.270,-0.594;
0.989,-9.303,6.541,-3.693,0.932, 0.378, 0.421, 0.908,0.000,0.000,0.000, 0.098,-0.268,-0.594;
1.010,-4.383,11.385,1.227,5.776, 0.379, 0.421, 0.908,0.082,0.000,0.000, 0.096,-0.265,-0.594;
1.022,0.029,-2.907,5.545,-8.424, 0.379, 0.423, 0.899,0.000,0.155,-0.877, 0.095,-0.265,-0.584;
1.033,-0.031,15.641,5.486,10.125, 0.381, 0.423, 0.899,0.155,0.000,0.000, 0.093,-0.264,-0.584;
1.044,-9.314,6.319,-3.797,0.802, 0.381, 0.423, 0.899,0.000,0.000,0.000, 0.092,-0.262,-0.584;
1.055,-9.254,6.235,-3.854,0.835, 0.381, 0.423, 0.886,0.000,0.000,-1.114, 0.092,-0.260,-0.572;
1.066,0.145,15.685,5.662,10.169, 0.383, 0.423, 0.899,0.158,0.000,1.121, 0.089,-0.259,-0.584;
1.077,-9.318,6.196,-3.801,0.679, 0.383, 0.423, 0.899,0.000,0.000,0.000, 0.089,-0.257,-0.584;
1.088,0.177,-3.304,5.481,-8.609, 0.383, 0.425, 0.876,0.000,0.157,-2.024, 0.088,-0.257,-0.562;
1.099,-9.241,6.070,-3.937,0.766, 0.383, 0.425, 0.876,0.000,0.000,0.000, 0.088,-0.255,-0.562;
1.121,-9.224,6.012,-3.919,0.707, 0.383, 0.425, 0.876,0.000,0.000,0.000, 0.086,-0.252,-0.562;
1.132,0.041,15.237,5.346,9.933, 0.385, 0.425, 0.876,0.155,0.000,0.000, 0.084,-0.251,-0.562;
1.143,-9.239,5.917,-3.934,0.613, 0.385, 0.425, 0.876,0.000,0.000,0.000, 0.083,-0.249,-0.562;
1.155,-9.230,5.886,-3.926,0.581, 0.385, 0.425, 0.876,0.000,0.000,0.000, 0.083,-0.247,-0.562;
1.166,-9.221,5.853,-3.916,0.549, 0.385, 0.425, 0.876,0.000,0.000,0.000, 0.082,-0.246,-0.562;
1.178,-9.212,5.822,-3.908,0.518, 0.385, 0.425, 0.876,0.000,0.000,0.000, 0.081,-0.244,-0.562;
1.189,-9.204,5.791,-3.899,0.487, 0.385, 0.425, 0.876,0.000,0.000,0.000, 0.081,-0.242,-0.562;
1.200,-9.145,5.707,-3.955,0.517, 0.385, 0.425, 0.864,0.000,0.000,-1.104, 0.080,-0.241,-0.550;
1.211,-9.137,5.677,-3.947,0.488, 0.385, 0.425, 0.864,0.000,0.000,0.000, 0.080,-0.239,-0.550;
1.222,9.442,5.689,14.746,0.384, 0.386, 0.426, 0.876,0.155,0.155,1.087, 0.077,-0.239,-0.562;
1.243,-9.230,5.642,-3.926,0.338, 0.386, 0.426, 0.876,0.000,0.000,0.000, 0.076,-0.236,-0.562;
1.254,-9.223,5.612,-3.918,0.307, 0.386, 0.426, 0.876,0.000,0.000,0.000, 0.075,-0.235,-0.562;
1.265,-9.215,5.581,-3.911,0.277, 0.386, 0.426, 0.876,0.000,0.000,0.000, 0.075,-0.233,-0.562;
1.277,-9.157,5.494,-3.967,0.305, 0.386, 0.426, 0.864,0.000,0.000,-1.036, 0.074,-0.231,-0.550;
1.302,-9.140,5.425,-3.950,0.236, 0.386, 0.426, 0.864,0.000,0.000,0.000, 0.072,-0.228,-0.550;
1.304,-9.138,5.418,-3.949,0.228, 0.386, 0.426, 0.864,0.000,0.000,0.000, 0.072,-0.227,-0.550;
1.310,-9.135,5.401,-3.945,0.212, 0.386, 0.426, 0.864,0.000,0.000,0.000, 0.072,-0.226,-0.550;
1.321,-9.127,5.370,-3.938,0.181, 0.386, 0.426, 0.864,0.000,0.000,0.000, 0.071,-0.225,-0.550;
1.332,-9.120,5.340,-3.931,0.150, 0.386, 0.426, 0.864,0.000,0.000,0.000, 0.070,-0.223,-0.550;
1.345,-9.113,5.304,-3.923,0.115, 0.386, 0.426, 0.864,0.000,0.000,0.000, 0.070,-0.221,-0.550;
1.356,-9.106,5.273,-3.916,0.083, 0.386, 0.426, 0.864,0.000,0.000,0.000, 0.069,-0.220,-0.550;
1.378,-9.093,5.214,-3.904,0.024, 0.386, 0.426, 0.864,0.000,0.000,0.000, 0.067,-0.217,-0.550;
1.389,-9.087,5.182,-3.897,-0.008, 0.386, 0.426, 0.864,0.000,0.000,0.000, 0.067,-0.215,-0.550;
1.400,-9.080,5.150,-3.890,-0.040, 0.386, 0.426, 0.864,0.000,0.000,0.000, 0.066,-0.214,-0.550;
1.412,-9.074,5.118,-3.884,-0.071, 0.386, 0.426, 0.864,0.000,0.000,0.000, 0.065,-0.212,-0.550;
1.423,-9.067,5.085,-3.878,-0.104, 0.386, 0.426, 0.864,0.000,0.000,0.000, 0.064,-0.210,-0.550;
1.434,-9.061,5.055,-3.872,-0.134, 0.386, 0.426, 0.864,0.000,0.000,0.000, 0.064,-0.209,-0.550;
1.445,-9.056,5.025,-3.866,-0.165, 0.386, 0.426, 0.864,0.000,0.000,0.000, 0.063,-0.207,-0.550;
1.456,-9.050,4.994,-3.860,-0.196, 0.386, 0.426, 0.864,0.000,0.000,0.000, 0.062,-0.206,-0.550;
1.467,-9.044,4.962,-3.855,-0.227, 0.386, 0.426, 0.864,0.000,0.000,0.000, 0.061,-0.204,-0.550;
1.478,-9.039,4.931,-3.849,-0.259, 0.386, 0.426, 0.864,0.000,0.000,0.000, 0.061,-0.203,-0.550;
1.500,-9.028,4.871,-3.839,-0.318, 0.386, 0.426, 0.864,0.000,0.000,0.000, 0.059,-0.200,-0.550;
1.511,-9.023,4.839,-3.833,-0.350, 0.386, 0.426, 0.864,0.000,0.000,0.000, 0.058,-0.198,-0.550;
1.522,-9.018,4.807,-3.828,-0.382, 0.386, 0.426, 0.864,0.000,0.000,0.000, 0.057,-0.196,-0.550;
1.534,-9.013,4.775,-3.823,-0.414, 0.386, 0.426, 0.864,0.000,0.000,0.000, 0.057,-0.195,-0.550;
1.545,-9.008,4.743,-3.818,-0.447, 0.386, 0.426, 0.864,0.000,0.000,0.000, 0.056,-0.193,-0.550;
1.557,-9.003,4.711,-3.813,-0.479, 0.386, 0.426, 0.864,0.000,0.000,0.000, 0.055,-0.192,-0.550;
1.568,-8.998,4.680,-3.808,-0.510, 0.386, 0.426, 0.864,0.000,0.000,0.000, 0.054,-0.190,-0.550;
1.579,-8.993,4.649,-3.804,-0.541, 0.386, 0.426, 0.864,0.000,0.000,0.000, 0.053,-0.189,-0.550;
1.590,-8.989,4.616,-3.799,-0.573, 0.386, 0.426, 0.864,0.000,0.000,0.000, 0.052,-0.187,-0.550;
1.601,-8.985,4.585,-3.795,-0.604, 0.386, 0.426, 0.864,0.000,0.000,0.000, 0.052,-0.185,-0.550;
1.622,-8.977,4.525,-3.787,-0.664, 0.386, 0.426, 0.864,0.000,0.000,0.000, 0.050,-0.183,-0.550;
1.633,-8.972,4.494,-3.783,-0.696, 0.386, 0.426, 0.864,0.000,0.000,0.000, 0.049,-0.181,-0.550;
1.645,-8.968,4.460,-3.779,-0.730, 0.386, 0.426, 0.864,0.000,0.000,0.000, 0.048,-0.179,-0.550;
1.657,-8.964,4.427,-3.775,-0.762, 0.386, 0.426, 0.864,0.000,0.000,0.000, 0.047,-0.178,-0.550;
1.668,-8.960,4.394,-3.771,-0.795, 0.386, 0.426, 0.864,0.000,0.000,0.000, 0.046,-0.176,-0.550;
1.680,-8.957,4.361,-3.767,-0.829, 0.386, 0.426, 0.864,0.000,0.000,0.000, 0.046,-0.175,-0.550;
1.691,-8.953,4.329,-3.764,-0.860, 0.386, 0.426, 0.864,0.000,0.000,0.000, 0.045,-0.173,-0.550;
1.703,-8.950,4.296,-3.760,-0.893, 0.386, 0.426, 0.864,0.000,0.000,0.000, 0.044,-0.172,-0.550;
1.714,-8.947,4.265,-3.757,-0.924, 0.386, 0.426, 0.864,0.000,0.000,0.000, 0.043,-0.170,-0.550;
1.725,-8.943,4.234,-3.754,-0.955, 0.386, 0.426, 0.864,0.000,0.000,0.000, 0.042,-0.169,-0.550;
1.736,-8.940,4.203,-3.751,-0.987, 0.386, 0.426, 0.864,0.000,0.000,0.000, 0.041,-0.167,-0.550;
1.747,-8.938,4.172,-3.748,-1.018, 0.386, 0.426, 0.864,0.000,0.000,0.000, 0.040,-0.166,-0.550;
1.768,-8.932,4.112,-3.743,-1.078, 0.386, 0.426, 0.864,0.000,0.000,0.000, 0.038,-0.163,-0.550;
1.779,-8.930,4.080,-3.740,-1.110, 0.386, 0.426, 0.864,0.000,0.000,0.000, 0.037,-0.161,-0.550;
1.791,-8.927,4.047,-3.738,-1.143, 0.386, 0.426, 0.864,0.000,0.000,0.000, 0.036,-0.160,-0.550;
1.802,-8.925,4.014,-3.735,-1.176, 0.386, 0.426, 0.864,0.000,0.000,0.000, 0.036,-0.158,-0.550;
1.815,-8.922,3.978,-3.733,-1.212, 0.386, 0.426, 0.864,0.000,0.000,0.000, 0.034,-0.157,-0.550;
1.827,-8.920,3.945,-3.730,-1.245, 0.386, 0.426, 0.864,0.000,0.000,0.000, 0.033,-0.155,-0.550;
1.839,-8.918,3.910,-3.728,-1.280, 0.386, 0.426, 0.864,0.000,0.000,0.000, 0.032,-0.153,-0.550;
1.850,-8.916,3.879,-3.726,-1.310, 0.386, 0.426, 0.864,0.000,0.000,0.000, 0.031,-0.152,-0.550;
1.861,-8.914,3.848,-3.725,-1.341, 0.386, 0.426, 0.864,0.000,0.000,0.000, 0.031,-0.151,-0.550;
1.871,-8.912,3.817,-3.723,-1.373, 0.386, 0.426, 0.864,0.000,0.000,0.000, 0.030,-0.149,-0.550;
1.882,-8.911,3.786,-3.721,-1.404, 0.386, 0.426, 0.864,0.000,0.000,0.000, 0.029,-0.148,-0.550;
1.904,-8.908,3.724,-3.719,-1.465, 0.386, 0.426, 0.864,0.000,0.000,0.000, 0.027,-0.145,-0.550;
1.915,-8.907,3.694,-3.717,-1.496, 0.386, 0.426, 0.864,0.000,0.000,0.000, 0.026,-0.144,-0.550;
1.926,-8.906,3.661,-3.716,-1.529, 0.386, 0.426, 0.864,0.000,0.000,0.000, 0.025,-0.142,-0.550;
1.938,-8.905,3.628,-3.715,-1.561, 0.386, 0.426, 0.864,0.000,0.000,0.000, 0.024,-0.141,-0.550;
1.949,-8.904,3.596,-3.714,-1.593, 0.386, 0.426, 0.864,0.000,0.000,0.000, 0.023,-0.139,-0.550;
1.960,-8.903,3.563,-3.713,-1.626, 0.386, 0.426, 0.864,0.000,0.000,0.000, 0.022,-0.138,-0.550;
1.971,-8.902,3.532,-3.713,-1.658, 0.386, 0.426, 0.864,0.000,0.000,0.000, 0.021,-0.136,-0.550;
1.982,-8.902,3.500,-3.712,-1.689, 0.386, 0.426, 0.864,0.000,0.000,0.000, 0.020,-0.135,-0.550;
1.994,-8.901,3.469,-3.712,-1.721, 0.386, 0.426, 0.864,0.000,0.000,0.000, 0.019,-0.133,-0.550;
2.005,-8.901,3.436,-3.711,-1.754, 0.386, 0.426, 0.864,0.000,0.000,0.000, 0.018,-0.132,-0.550;
2.016,-8.901,3.404,-3.711,-1.785, 0.386, 0.426, 0.864,0.000,0.000,0.000, 0.017,-0.131,-0.550;
2.037,-8.901,3.344,-3.711,-1.846, 0.386, 0.426, 0.864,0.000,0.000,0.000, 0.015,-0.128,-0.550;
2.049,-8.901,3.312,-3.711,-1.878, 0.386, 0.426, 0.864,0.000,0.000,0.000, 0.014,-0.126,-0.550;
2.060,-8.901,3.278,-3.711,-1.912, 0.386, 0.426, 0.864,0.000,0.000,0.000, 0.012,-0.125,-0.550;
2.072,-8.901,3.245,-3.712,-1.945, 0.386, 0.426, 0.864,0.000,0.000,0.000, 0.011,-0.124,-0.550;
2.083,-8.902,3.213,-3.712,-1.977, 0.386, 0.426, 0.864,0.000,0.000,0.000, 0.010,-0.122,-0.550;
2.094,-8.902,3.182,-3.713,-2.008, 0.386, 0.426, 0.864,0.000,0.000,0.000, 0.009,-0.121,-0.550;
2.105,-8.903,3.150,-3.713,-2.039, 0.386, 0.426, 0.864,0.000,0.000,0.000, 0.008,-0.119,-0.550;
2.116,-8.904,3.118,-3.714,-2.072, 0.386, 0.426, 0.864,0.000,0.000,0.000, 0.007,-0.118,-0.550;
2.127,-8.904,3.087,-3.715,-2.103, 0.386, 0.426, 0.864,0.000,0.000,0.000, 0.006,-0.117,-0.550;
2.138,-8.905,3.056,-3.716,-2.134, 0.386, 0.426, 0.864,0.000,0.000,0.000, 0.005,-0.115,-0.550;
2.159,-8.908,2.996,-3.718,-2.194, 0.386, 0.426, 0.864,0.000,0.000,0.000, 0.003,-0.113,-0.550;
2.171,-8.909,2.963,-3.719,-2.227, 0.386, 0.426, 0.864,0.000,0.000,0.000, 0.002,-0.111,-0.550;
2.182,-8.910,2.931,-3.721,-2.259, 0.386, 0.426, 0.864,0.000,0.000,0.000, 0.001,-0.110,-0.550;
2.194,-8.912,2.898,-3.722,-2.292, 0.386, 0.426, 0.864,0.000,0.000,0.000,-0.001,-0.109,-0.550;
2.205,-8.914,2.865,-3.724,-2.325, 0.386, 0.426, 0.864,0.000,0.000,0.000,-0.002,-0.107,-0.550;
2.216,-8.915,2.833,-3.726,-2.356, 0.386, 0.426, 0.864,0.000,0.000,0.000,-0.003,-0.106,-0.550;
2.227,-8.917,2.802,-3.728,-2.388, 0.386, 0.426, 0.864,0.000,0.000,0.000,-0.004,-0.104,-0.550;
2.239,-8.919,2.770,-3.730,-2.420, 0.386, 0.426, 0.864,0.000,0.000,0.000,-0.005,-0.103,-0.550;
2.249,-8.921,2.739,-3.732,-2.451, 0.386, 0.426, 0.864,0.000,0.000,0.000,-0.006,-0.102,-0.550;
2.260,-8.924,2.708,-3.734,-2.482, 0.386, 0.426, 0.864,0.000,0.000,0.000,-0.007,-0.101,-0.550;
2.282,-8.928,2.647,-3.738,-2.543, 0.386, 0.426, 0.864,0.000,0.000,0.000,-0.009,-0.098,-0.550;
2.293,-8.931,2.615,-3.741,-2.575, 0.386, 0.426, 0.864,0.000,0.000,0.000,-0.011,-0.097,-0.550;
2.305,-8.933,2.581,-3.744,-2.609, 0.386, 0.426, 0.864,0.000,0.000,0.000,-0.012,-0.095,-0.550;
2.316,-8.936,2.550,-3.747,-2.639, 0.386, 0.426, 0.864,0.000,0.000,0.000,-0.013,-0.094,-0.550;
2.328,-8.939,2.516,-3.750,-2.674, 0.386, 0.426, 0.864,0.000,0.000,0.000,-0.014,-0.093,-0.550;
2.339,-8.942,2.485,-3.753,-2.705, 0.386, 0.426, 0.864,0.000,0.000,0.000,-0.015,-0.091,-0.550;
2.350,-8.945,2.453,-3.756,-2.736, 0.386, 0.426, 0.864,0.000,0.000,0.000,-0.017,-0.090,-0.550;
2.361,-8.948,2.422,-3.759,-2.767, 0.386, 0.426, 0.864,0.000,0.000,0.000,-0.018,-0.089,-0.550;
2.372,-8.952,2.391,-3.762,-2.799, 0.386, 0.426, 0.864,0.000,0.000,0.000,-0.019,-0.087,-0.550;
2.383,-8.955,2.360,-3.765,-2.830, 0.386, 0.426, 0.864,0.000,0.000,0.000,-0.020,-0.086,-0.550;
2.404,-8.962,2.299,-3.772,-2.891, 0.386, 0.426, 0.864,0.000,0.000,0.000,-0.022,-0.084,-0.550;
2.416,-8.966,2.266,-3.776,-2.924, 0.386, 0.426, 0.864,0.000,0.000,0.000,-0.024,-0.082,-0.550;
2.428,-8.970,2.232,-3.780,-2.957, 0.386, 0.426, 0.864,0.000,0.000,0.000,-0.025,-0.081,-0.550;
2.439,-8.974,2.199,-3.785,-2.990, 0.386, 0.426, 0.864,0.000,0.000,0.000,-0.026,-0.080,-0.550;
2.451,-8.978,2.167,-3.789,-3.023, 0.386, 0.426, 0.864,0.000,0.000,0.000,-0.027,-0.078,-0.550;
2.462,-8.983,2.134,-3.793,-3.056, 0.386, 0.426, 0.864,0.000,0.000,0.000,-0.029,-0.077,-0.550;
2.474,-8.987,2.101,-3.798,-3.088, 0.386, 0.426, 0.864,0.000,0.000,0.000,-0.030,-0.076,-0.550;
2.485,-8.992,2.069,-3.802,-3.121, 0.386, 0.426, 0.864,0.000,0.000,0.000,-0.031,-0.075,-0.550;
2.496,-8.996,2.038,-3.807,-3.152, 0.386, 0.426, 0.864,0.000,0.000,0.000,-0.032,-0.073,-0.550;
2.507,-9.001,2.007,-3.811,-3.183, 0.386, 0.426, 0.864,0.000,0.000,0.000,-0.034,-0.072,-0.550;
2.519,-9.006,1.974,-3.816,-3.216, 0.386, 0.426, 0.864,0.000,0.000,0.000,-0.035,-0.071,-0.550;
2.529,-9.010,1.945,-3.821,-3.245, 0.386, 0.426, 0.864,0.000,0.000,0.000,-0.036,-0.070,-0.550;
2.551,-9.020,1.883,-3.831,-3.306, 0.386, 0.426, 0.864,0.000,0.000,0.000,-0.039,-0.067,-0.550;
2.562,-9.025,1.853,-3.836,-3.336, 0.386, 0.426, 0.864,0.000,0.000,0.000,-0.040,-0.066,-0.550;
2.573,-9.031,1.821,-3.841,-3.369, 0.386, 0.426, 0.864,0.000,0.000,0.000,-0.041,-0.065,-0.550;
2.585,-9.036,1.789,-3.847,-3.400, 0.386, 0.426, 0.864,0.000,0.000,0.000,-0.042,-0.064,-0.550;
2.596,-9.042,1.757,-3.852,-3.433, 0.386, 0.426, 0.864,0.000,0.000,0.000,-0.044,-0.062,-0.550;
2.608,-9.048,1.724,-3.858,-3.465, 0.386, 0.426, 0.864,0.000,0.000,0.000,-0.045,-0.061,-0.550;
2.619,-9.053,1.693,-3.864,-3.496, 0.386, 0.426, 0.864,0.000,0.000,0.000,-0.046,-0.060,-0.550;
2.630,-9.059,1.662,-3.870,-3.527, 0.386, 0.426, 0.864,0.000,0.000,0.000,-0.048,-0.059,-0.550;
2.641,-9.065,1.631,-3.876,-3.558, 0.386, 0.426, 0.864,0.000,0.000,0.000,-0.049,-0.058,-0.550;
2.652,-9.071,1.600,-3.882,-3.589, 0.386, 0.426, 0.864,0.000,0.000,0.000,-0.050,-0.056,-0.550;
2.673,-9.083,1.541,-3.894,-3.649, 0.386, 0.426, 0.864,0.000,0.000,0.000,-0.053,-0.054,-0.550;
2.684,-9.090,1.509,-3.900,-3.680, 0.386, 0.426, 0.864,0.000,0.000,0.000,-0.054,-0.053,-0.550;
2.696,-9.096,1.478,-3.907,-3.712, 0.386, 0.426, 0.864,0.000,0.000,0.000,-0.055,-0.052,-0.550;
2.707,-9.103,1.445,-3.914,-3.745, 0.386, 0.426, 0.864,0.000,0.000,0.000,-0.057,-0.051,-0.550;
2.719,-9.110,1.414,-3.920,-3.776, 0.386, 0.426, 0.864,0.000,0.000,0.000,-0.058,-0.049,-0.550;
2.730,-9.117,1.382,-3.927,-3.807, 0.386, 0.426, 0.864,0.000,0.000,0.000,-0.059,-0.048,-0.550;
2.741,-9.124,1.351,-3.934,-3.838, 0.386, 0.426, 0.864,0.000,0.000,0.000,-0.061,-0.047,-0.550;
2.752,-9.131,1.321,-3.941,-3.869, 0.386, 0.426, 0.864,0.000,0.000,0.000,-0.062,-0.046,-0.550;
2.763,-9.138,1.290,-3.948,-3.900, 0.386, 0.426, 0.864,0.000,0.000,0.000,-0.063,-0.045,-0.550;
2.774,-9.145,1.259,-3.955,-3.930, 0.386, 0.426, 0.864,0.000,0.000,0.000,-0.065,-0.044,-0.550;
2.795,-9.159,1.201,-3.970,-3.989, 0.386, 0.426, 0.864,0.000,0.000,0.000,-0.067,-0.042,-0.550;
2.807,-9.167,1.169,-3.977,-4.020, 0.386, 0.426, 0.864,0.000,0.000,0.000,-0.069,-0.041,-0.550;
2.819,-9.175,1.136,-3.986,-4.054, 0.386, 0.426, 0.864,0.000,0.000,0.000,-0.070,-0.039,-0.550;
2.830,-9.183,1.104,-3.994,-4.085, 0.386, 0.426, 0.864,0.000,0.000,0.000,-0.071,-0.038,-0.550;
2.841,-9.191,1.073,-4.002,-4.117, 0.386, 0.426, 0.864,0.000,0.000,0.000,-0.073,-0.037,-0.550;
2.853,-9.199,1.042,-4.010,-4.148, 0.386, 0.426, 0.864,0.000,0.000,0.000,-0.074,-0.036,-0.550;
2.864,-9.207,1.012,-4.018,-4.178, 0.386, 0.426, 0.864,0.000,0.000,0.000,-0.075,-0.035,-0.550;
2.875,-9.215,0.981,-4.026,-4.208, 0.386, 0.426, 0.864,0.000,0.000,0.000,-0.077,-0.034,-0.550;
2.886,-9.224,0.951,-4.034,-4.239, 0.386, 0.426, 0.864,0.000,0.000,0.000,-0.078,-0.033,-0.550;
2.897,-9.232,0.921,-4.043,-4.269, 0.386, 0.426, 0.864,0.000,0.000,0.000,-0.080,-0.032,-0.550;
2.918,-9.248,0.863,-4.059,-4.327, 0.386, 0.426, 0.864,0.000,0.000,0.000,-0.082,-0.030,-0.550;
2.929,-9.257,0.832,-4.068,-4.357, 0.386, 0.426, 0.864,0.000,0.000,0.000,-0.084,-0.029,-0.550;
2.940,-9.266,0.801,-4.077,-4.389, 0.386, 0.426, 0.864,0.000,0.000,0.000,-0.085,-0.028,-0.550;
2.952,-9.276,0.769,-4.086,-4.421, 0.386, 0.426, 0.864,0.000,0.000,0.000,-0.086,-0.026,-0.550;
2.963,-9.285,0.739,-4.095,-4.451, 0.386, 0.426, 0.864,0.000,0.000,0.000,-0.088,-0.025,-0.550;
2.975,-9.294,0.707,-4.105,-4.483, 0.386, 0.426, 0.864,0.000,0.000,0.000,-0.089,-0.024,-0.550;
2.986,-9.304,0.676,-4.114,-4.513, 0.386, 0.426, 0.864,0.000,0.000,0.000,-0.091,-0.023,-0.550;
2.997,-9.313,0.647,-4.123,-4.543, 0.386, 0.426, 0.864,0.000,0.000,0.000,-0.092,-0.022,-0.550;
3.008,-9.322,0.617,-4.133,-4.573, 0.386, 0.426, 0.864,0.000,0.000,0.000,-0.094,-0.021,-0.550;
3.019,-9.332,0.587,-4.142,-4.602, 0.386, 0.426, 0.864,0.000,0.000,0.000,-0.095,-0.020,-0.550;
3.040,-9.351,0.528,-4.161,-4.661, 0.386, 0.426, 0.864,0.000,0.000,0.000,-0.098,-0.018,-0.550;
3.052,-9.361,0.496,-4.172,-4.693, 0.386, 0.426, 0.864,0.000,0.000,0.000,-0.099,-0.017,-0.550;
3.064,-9.372,0.464,-4.182,-4.725, 0.386, 0.426, 0.864,0.000,0.000,0.000,-0.101,-0.016,-0.550;
3.076,-9.383,0.431,-4.194,-4.759, 0.386, 0.426, 0.864,0.000,0.000,0.000,-0.102,-0.015,-0.550;
3.088,-9.394,0.398,-4.205,-4.792, 0.386, 0.426, 0.864,0.000,0.000,0.000,-0.104,-0.014,-0.550;
3.101,-9.406,0.365,-4.216,-4.825, 0.386, 0.426, 0.864,0.000,0.000,0.000,-0.105,-0.013,-0.550;
3.113,-9.417,0.333,-4.228,-4.857, 0.386, 0.426, 0.864,0.000,0.000,0.000,-0.107,-0.012,-0.550;
3.124,-9.428,0.301,-4.239,-4.888, 0.386, 0.426, 0.864,0.000,0.000,0.000,-0.109,-0.011,-0.550;
3.136,-9.440,0.270,-4.250,-4.919, 0.386, 0.426, 0.864,0.000,0.000,0.000,-0.110,-0.010,-0.550;
3.147,-9.450,0.240,-4.261,-4.949, 0.386, 0.426, 0.864,0.000,0.000,0.000,-0.112,-0.009,-0.550;
3.158,-9.461,0.210,-4.272,-4.979, 0.386, 0.426, 0.864,0.000,0.000,0.000,-0.113,-0.008,-0.550;
3.169,-9.472,0.181,-4.283,-5.008, 0.386, 0.426, 0.864,0.000,0.000,0.000,-0.114,-0.007,-0.550;
3.180,-9.483,0.152,-4.294,-5.038, 0.386, 0.426, 0.864,0.000,0.000,0.000,-0.116,-0.006,-0.550;
3.191,-9.494,0.122,-4.305,-5.067, 0.386, 0.426, 0.864,0.000,0.000,0.000,-0.117,-0.005,-0.550;
3.202,-9.506,0.093,-4.316,-5.097, 0.386, 0.426, 0.864,0.000,0.000,0.000,-0.119,-0.004,-0.550;
3.224,-9.528,0.036,-4.338,-5.154, 0.386, 0.426, 0.864,0.000,0.000,0.000,-0.122,-0.002,-0.550;
3.235,-9.540,0.005,-4.350,-5.184, 0.386, 0.426, 0.864,0.000,0.000,0.000,-0.123,-0.001,-0.550;
3.247,-9.552,-0.025,-4.362,-5.215, 0.386, 0.426, 0.864,0.000,0.000,0.000,-0.125,-0.000,-0.550;
3.258,-9.564,-0.056,-4.375,-5.245, 0.386, 0.426, 0.864,0.000,0.000,0.000,-0.126, 0.000,-0.550;
3.269,-9.576,-0.086,-4.387,-5.275, 0.386, 0.426, 0.864,0.000,0.000,0.000,-0.128, 0.001,-0.550;
3.280,-9.588,-0.115,-4.399,-5.304, 0.386, 0.426, 0.864,0.000,0.000,0.000,-0.129, 0.002,-0.550;
3.291,-9.600,-0.144,-4.411,-5.333, 0.386, 0.426, 0.864,0.000,0.000,0.000,-0.131, 0.003,-0.550;
3.303,-9.613,-0.173,-4.423,-5.363, 0.386, 0.426, 0.864,0.000,0.000,0.000,-0.132, 0.004,-0.550;
3.314,-9.625,-0.202,-4.435,-5.391, 0.386, 0.426, 0.864,0.000,0.000,0.000,-0.134, 0.005,-0.550;
3.324,-9.637,-0.231,-4.447,-5.420, 0.386, 0.426, 0.864,0.000,0.000,0.000,-0.135, 0.006,-0.550;
3.346,-9.661,-0.286,-4.472,-5.476, 0.386, 0.426, 0.864,0.000,0.000,0.000,-0.138, 0.008,-0.550;
3.357,-9.674,-0.316,-4.484,-5.505, 0.386, 0.426, 0.864,0.000,0.000,0.000,-0.140, 0.008,-0.550;
3.368,-9.687,-0.345,-4.497,-5.534, 0.386, 0.426, 0.864,0.000,0.000,0.000,-0.141, 0.009,-0.550;
3.379,-9.700,-0.374,-4.510,-5.563, 0.386, 0.426, 0.864,0.000,0.000,0.000,-0.143, 0.010,-0.550;
3.390,-9.713,-0.403,-4.524,-5.592, 0.386, 0.426, 0.864,0.000,0.000,0.000,-0.144, 0.011,-0.550;
3.401,-9.726,-0.431,-4.536,-5.621, 0.386, 0.426, 0.864,0.000,0.000,0.000,-0.146, 0.012,-0.550;
3.412,-9.739,-0.460,-4.550,-5.649, 0.386, 0.426, 0.864,0.000,0.000,0.000,-0.147, 0.013,-0.550;
3.424,-9.753,-0.489,-4.563,-5.678, 0.386, 0.426, 0.864,0.000,0.000,0.000,-0.149, 0.013,-0.550;
3.435,-9.766,-0.517,-4.576,-5.707, 0.386, 0.426, 0.864,0.000,0.000,0.000,-0.150, 0.014,-0.550;
3.456,-9.792,-0.572,-4.602,-5.761, 0.386, 0.426, 0.864,0.000,0.000,0.000,-0.153, 0.016,-0.550;
3.467,-9.806,-0.601,-4.616,-5.790, 0.386, 0.426, 0.864,0.000,0.000,0.000,-0.155, 0.017,-0.550;
3.478,-9.820,-0.629,-4.630,-5.819, 0.386, 0.426, 0.864,0.000,0.000,0.000,-0.156, 0.017,-0.550;
3.489,-9.834,-0.658,-4.644,-5.848, 0.386, 0.426, 0.864,0.000,0.000,0.000,-0.158, 0.018,-0.550;
3.500,-9.848,-0.687,-4.658,-5.876, 0.386, 0.426, 0.864,0.000,0.000,0.000,-0.160, 0.019,-0.550;
3.512,-9.862,-0.715,-4.672,-5.904, 0.386, 0.426, 0.864,0.000,0.000,0.000,-0.161, 0.020,-0.550;
3.523,-9.876,-0.743,-4.687,-5.933, 0.386, 0.426, 0.864,0.000,0.000,0.000,-0.163, 0.021,-0.550;
3.534,-9.890,-0.771,-4.701,-5.961, 0.386, 0.426, 0.864,0.000,0.000,0.000,-0.164, 0.021,-0.550;
3.545,-9.905,-0.799,-4.715,-5.989, 0.386, 0.426, 0.864,0.000,0.000,0.000,-0.166, 0.022,-0.550;
3.566,-9.932,-0.853,-4.743,-6.042, 0.386, 0.426, 0.864,0.000,0.000,0.000,-0.169, 0.024,-0.550;
3.577,-9.948,-0.882,-4.758,-6.071, 0.386, 0.426, 0.864,0.000,0.000,0.000,-0.170, 0.024,-0.550;
3.590,-9.964,-0.913,-4.774,-6.102, 0.386, 0.426, 0.864,0.000,0.000,0.000,-0.172, 0.025,-0.550;
3.601,-9.979,-0.941,-4.790,-6.131, 0.386, 0.426, 0.864,0.000,0.000,0.000,-0.174, 0.026,-0.550;
3.612,-9.994,-0.969,-4.805,-6.159, 0.386, 0.426, 0.864,0.000,0.000,0.000,-0.175, 0.027,-0.550;
3.623,-10.010,-0.998,-4.820,-6.187, 0.386, 0.426, 0.864,0.000,0.000,0.000,-0.177, 0.027,-0.550;
3.635,-10.025,-1.026,-4.836,-6.215, 0.386, 0.426, 0.864,0.000,0.000,0.000,-0.178, 0.028,-0.550;
3.646,-10.040,-1.053,-4.851,-6.243, 0.386, 0.426, 0.864,0.000,0.000,0.000,-0.180, 0.029,-0.550;
3.657,-10.056,-1.081,-4.866,-6.271, 0.386, 0.426, 0.864,0.000,0.000,0.000,-0.182, 0.030,-0.550;
3.668,-10.071,-1.109,-4.882,-6.298, 0.386, 0.426, 0.864,0.000,0.000,0.000,-0.183, 0.030,-0.550;
3.679,-10.087,-1.136,-4.897,-6.326, 0.386, 0.426, 0.864,0.000,0.000,0.000,-0.185, 0.031,-0.550;
3.700,-10.117,-1.189,-4.928,-6.379, 0.386, 0.426, 0.864,0.000,0.000,0.000,-0.188, 0.032,-0.550;
3.712,-10.134,-1.218,-4.944,-6.407, 0.386, 0.426, 0.864,0.000,0.000,0.000,-0.190, 0.033,-0.550;
3.723,-10.150,-1.246,-4.961,-6.436, 0.386, 0.426, 0.864,0.000,0.000,0.000,-0.191, 0.034,-0.550;
3.736,-10.168,-1.276,-4.979,-6.466, 0.386, 0.426, 0.864,0.000,0.000,0.000,-0.193, 0.035,-0.550;
3.747,-10.184,-1.303,-4.995,-6.493, 0.386, 0.426, 0.864,0.000,0.000,0.000,-0.195, 0.035,-0.550;
3.758,-10.201,-1.331,-5.011,-6.521, 0.386, 0.426, 0.864,0.000,0.000,0.000,-0.196, 0.036,-0.550;
3.770,-10.219,-1.360,-5.029,-6.550, 0.386, 0.426, 0.864,0.000,0.000,0.000,-0.198, 0.037,-0.550;
3.781,-10.236,-1.388,-5.046,-6.578, 0.386, 0.426, 0.864,0.000,0.000,0.000,-0.200, 0.037,-0.550;
3.792,-10.252,-1.415,-5.062,-6.605, 0.386, 0.426, 0.864,0.000,0.000,0.000,-0.201, 0.038,-0.550;
3.804,-10.269,-1.443,-5.079,-6.632, 0.386, 0.426, 0.864,0.000,0.000,0.000,-0.203, 0.039,-0.550;
3.815,-10.286,-1.469,-5.096,-6.659, 0.386, 0.426, 0.864,0.000,0.000,0.000,-0.205, 0.039,-0.550;
3.826,-10.302,-1.496,-5.113,-6.686, 0.386, 0.426, 0.864,0.000,0.000,0.000,-0.206, 0.040,-0.550;
3.847,-10.335,-1.547,-5.145,-6.736, 0.386, 0.426, 0.864,0.000,0.000,0.000,-0.209, 0.041,-0.550;
3.858,-10.352,-1.574,-5.163,-6.763, 0.386, 0.426, 0.864,0.000,0.000,0.000,-0.211, 0.042,-0.550;
3.870,-10.370,-1.601,-5.181,-6.791, 0.386, 0.426, 0.864,0.000,0.000,0.000,-0.213, 0.042,-0.550;
3.881,-10.387,-1.628,-5.198,-6.818, 0.386, 0.426, 0.864,0.000,0.000,0.000,-0.214, 0.043,-0.550;
3.892,-10.405,-1.655,-5.215,-6.844, 0.386, 0.426, 0.864,0.000,0.000,0.000,-0.216, 0.044,-0.550;
3.903,-10.423,-1.681,-5.233,-6.871, 0.386, 0.426, 0.864,0.000,0.000,0.000,-0.218, 0.044,-0.550;
3.914,-10.440,-1.707,-5.250,-6.897, 0.386, 0.426, 0.864,0.000,0.000,0.000,-0.219, 0.045,-0.550;
3.925,-10.458,-1.734,-5.268,-6.923, 0.386, 0.426, 0.864,0.000,0.000,0.000,-0.221, 0.045,-0.550;
3.937,-10.476,-1.761,-5.287,-6.950, 0.386, 0.426, 0.864,0.000,0.000,0.000,-0.223, 0.046,-0.550;
3.958,-10.511,-1.811,-5.321,-7.001, 0.386, 0.426, 0.864,0.000,0.000,0.000,-0.226, 0.047,-0.550;
3.971,-10.532,-1.842,-5.342,-7.031, 0.386, 0.426, 0.864,0.000,0.000,0.000,-0.228, 0.048,-0.550;
3.975,-10.539,-1.852,-5.349,-7.041, 0.386, 0.426, 0.864,0.000,0.000,0.000,-0.228, 0.048,-0.550;
3.985,-10.555,-1.875,-5.365,-7.064, 0.386, 0.426, 0.864,0.000,0.000,0.000,-0.230, 0.048,-0.550;
4.006,-10.590,-1.924,-5.400,-7.113, 0.386, 0.426, 0.864,0.000,0.000,0.000,-0.233, 0.049,-0.550;
4.018,-10.609,-1.950,-5.419,-7.140, 0.386, 0.426, 0.864,0.000,0.000,0.000,-0.235, 0.050,-0.550;
4.029,-10.627,-1.976,-5.438,-7.166, 0.386, 0.426, 0.864,0.000,0.000,0.000,-0.236, 0.050,-0.550;
4.040,-10.646,-2.002,-5.457,-7.192, 0.386, 0.426, 0.864,0.000,0.000,0.000,-0.238, 0.051,-0.550;
4.054,-10.669,-2.033,-5.479,-7.223, 0.386, 0.426, 0.864,0.000,0.000,0.000,-0.240, 0.052,-0.550;
4.065,-10.688,-2.059,-5.498,-7.249, 0.386, 0.426, 0.864,0.000,0.000,0.000,-0.242, 0.052,-0.550;
4.076,-10.708,-2.085,-5.518,-7.275, 0.386, 0.426, 0.864,0.000,0.000,0.000,-0.243, 0.053,-0.550;
4.088,-10.727,-2.112,-5.538,-7.301, 0.386, 0.426, 0.864,0.000,0.000,0.000,-0.245, 0.053,-0.550;
4.099,-10.747,-2.137,-5.557,-7.327, 0.386, 0.426, 0.864,0.000,0.000,0.000,-0.247, 0.054,-0.550;
4.110,-10.766,-2.162,-5.576,-7.352, 0.386, 0.426, 0.864,0.000,0.000,0.000,-0.249, 0.054,-0.550;
4.121,-10.785,-2.187,-5.595,-7.377, 0.386, 0.426, 0.864,0.000,0.000,0.000,-0.250, 0.055,-0.550;
4.132,-10.804,-2.212,-5.615,-7.402, 0.386, 0.426, 0.864,0.000,0.000,0.000,-0.252, 0.055,-0.550;
4.143,-10.824,-2.237,-5.634,-7.427, 0.386, 0.426, 0.864,0.000,0.000,0.000,-0.253, 0.056,-0.550;
4.164,-10.861,-2.284,-5.671,-7.474, 0.386, 0.426, 0.864,0.000,0.000,0.000,-0.257, 0.056,-0.550;
4.177,-10.883,-2.312,-5.693,-7.502, 0.386, 0.426, 0.864,0.000,0.000,0.000,-0.259, 0.057,-0.550;
4.188,-10.903,-2.337,-5.713,-7.527, 0.386, 0.426, 0.864,0.000,0.000,0.000,-0.260, 0.057,-0.550;
4.199,-10.923,-2.362,-5.733,-7.552, 0.386, 0.426, 0.864,0.000,0.000,0.000,-0.262, 0.058,-0.550;
4.211,-10.944,-2.388,-5.754,-7.577, 0.386, 0.426, 0.864,0.000,0.000,0.000,-0.264, 0.058,-0.550;
4.222,-10.964,-2.412,-5.774,-7.602, 0.386, 0.426, 0.864,0.000,0.000,0.000,-0.265, 0.059,-0.550;
4.233,-10.984,-2.436,-5.794,-7.626, 0.386, 0.426, 0.864,0.000,0.000,0.000,-0.267, 0.059,-0.550;
4.244,-11.004,-2.460,-5.814,-7.650, 0.386, 0.426, 0.864,0.000,0.000,0.000,-0.269, 0.059,-0.550;
4.255,-11.023,-2.484,-5.834,-7.674, 0.386, 0.426, 0.864,0.000,0.000,0.000,-0.270, 0.060,-0.550;
4.266,-11.044,-2.508,-5.854,-7.698, 0.386, 0.426, 0.864,0.000,0.000,0.000,-0.272, 0.060,-0.550;
4.287,-11.084,-2.555,-5.894,-7.745, 0.386, 0.426, 0.864,0.000,0.000,0.000,-0.275, 0.061,-0.550;
4.299,-11.105,-2.580,-5.915,-7.769, 0.386, 0.426, 0.864,0.000,0.000,0.000,-0.277, 0.061,-0.550;
4.310,-11.126,-2.604,-5.936,-7.794, 0.386, 0.426, 0.864,0.000,0.000,0.000,-0.279, 0.062,-0.550;
4.321,-11.147,-2.628,-5.957,-7.818, 0.386, 0.426, 0.864,0.000,0.000,0.000,-0.281, 0.062,-0.550;
4.332,-11.168,-2.652,-5.978,-7.841, 0.386, 0.426, 0.864,0.000,0.000,0.000,-0.282, 0.063,-0.550;
4.343,-11.189,-2.676,-5.999,-7.865, 0.386, 0.426, 0.864,0.000,0.000,0.000,-0.284, 0.063,-0.550;
4.355,-11.210,-2.700,-6.021,-7.890, 0.386, 0.426, 0.864,0.000,0.000,0.000,-0.286, 0.063,-0.550;
4.366,-11.231,-2.723,-6.041,-7.913, 0.386, 0.426, 0.864,0.000,0.000,0.000,-0.287, 0.064,-0.550;
4.377,-11.252,-2.746,-6.062,-7.936, 0.386, 0.426, 0.864,0.000,0.000,0.000,-0.289, 0.064,-0.550;
4.398,-11.293,-2.791,-6.103,-7.981, 0.386, 0.426, 0.864,0.000,0.000,0.000,-0.292, 0.065,-0.550;
4.409,-11.314,-2.814,-6.124,-8.004, 0.386, 0.426, 0.864,0.000,0.000,0.000,-0.294, 0.065,-0.550;
4.420,-11.337,-2.839,-6.147,-8.028, 0.386, 0.426, 0.864,0.000,0.000,0.000,-0.296, 0.065,-0.550;
4.432,-11.359,-2.863,-6.170,-8.052, 0.386, 0.426, 0.864,0.000,0.000,0.000,-0.298, 0.066,-0.550;
4.444,-11.382,-2.887,-6.192,-8.077, 0.386, 0.426, 0.864,0.000,0.000,0.000,-0.299, 0.066,-0.550;
4.457,-11.408,-2.915,-6.219,-8.104, 0.386, 0.426, 0.864,0.000,0.000,0.000,-0.302, 0.066,-0.550;
4.469,-11.431,-2.939,-6.241,-8.128, 0.386, 0.426, 0.864,0.000,0.000,0.000,-0.303, 0.067,-0.550;
4.480,-11.454,-2.962,-6.264,-8.152, 0.386, 0.426, 0.864,0.000,0.000,0.000,-0.305, 0.067,-0.550;
4.492,-11.477,-2.986,-6.287,-8.176, 0.386, 0.426, 0.864,0.000,0.000,0.000,-0.307, 0.067,-0.550;
4.504,-11.501,-3.011,-6.311,-8.200, 0.386, 0.426, 0.864,0.000,0.000,0.000,-0.309, 0.067,-0.550;
4.515,-11.524,-3.034,-6.334,-8.224, 0.386, 0.426, 0.864,0.000,0.000,0.000,-0.311, 0.068,-0.550;
4.526,-11.546,-3.056,-6.356,-8.246, 0.386, 0.426, 0.864,0.000,0.000,0.000,-0.312, 0.068,-0.550;
4.537,-11.568,-3.078,-6.379,-8.268, 0.386, 0.426, 0.864,0.000,0.000,0.000,-0.314, 0.068,-0.550;
4.548,-11.590,-3.100,-6.401,-8.290, 0.386, 0.426, 0.864,0.000,0.000,0.000,-0.316, 0.068,-0.550;
4.559,-11.613,-3.123,-6.423,-8.312, 0.386, 0.426, 0.864,0.000,0.000,0.000,-0.317, 0.069,-0.550;
4.580,-11.656,-3.165,-6.466,-8.354, 0.386, 0.426, 0.864,0.000,0.000,0.000,-0.321, 0.069,-0.550;
4.592,-11.680,-3.188,-6.490,-8.377, 0.386, 0.426, 0.864,0.000,0.000,0.000,-0.323, 0.069,-0.550;
4.604,-11.705,-3.212,-6.515,-8.401, 0.386, 0.426, 0.864,0.000,0.000,0.000,-0.324, 0.070,-0.550;
4.616,-11.729,-3.235,-6.540,-8.425, 0.386, 0.426, 0.864,0.000,0.000,0.000,-0.326, 0.070,-0.550;
4.627,-11.753,-3.258,-6.564,-8.447, 0.386, 0.426, 0.864,0.000,0.000,0.000,-0.328, 0.070,-0.550;
4.639,-11.777,-3.281,-6.588,-8.470, 0.386, 0.426, 0.864,0.000,0.000,0.000,-0.330, 0.070,-0.550;
4.651,-11.801,-3.303,-6.612,-8.493, 0.386, 0.426, 0.864,0.000,0.000,0.000,-0.332, 0.071,-0.550;
4.662,-11.825,-3.324,-6.635,-8.514, 0.386, 0.426, 0.864,0.000,0.000,0.000,-0.333, 0.071,-0.550;
4.673,-11.847,-3.346,-6.658,-8.535, 0.386, 0.426, 0.864,0.000,0.000,0.000,-0.335, 0.071,-0.550;
4.683,-11.870,-3.367,-6.681,-8.556, 0.386, 0.426, 0.864,0.000,0.000,0.000,-0.337, 0.071,-0.550;
4.694,-11.894,-3.387,-6.704,-8.577, 0.386, 0.426, 0.864,0.000,0.000,0.000,-0.339, 0.071,-0.550;
4.715,-11.938,-3.428,-6.749,-8.617, 0.386, 0.426, 0.864,0.000,0.000,0.000,-0.342, 0.072,-0.550;
4.727,-11.962,-3.449,-6.773,-8.639, 0.386, 0.426, 0.864,0.000,0.000,0.000,-0.344, 0.072,-0.550;
4.740,-11.990,-3.474,-6.801,-8.663, 0.386, 0.426, 0.864,0.000,0.000,0.000,-0.346, 0.072,-0.550;
4.751,-12.014,-3.495,-6.825,-8.684, 0.386, 0.426, 0.864,0.000,0.000,0.000,-0.347, 0.072,-0.550;
4.762,-12.039,-3.516,-6.849,-8.706, 0.386, 0.426, 0.864,0.000,0.000,0.000,-0.349, 0.072,-0.550;
4.774,-12.065,-3.538,-6.875,-8.728, 0.386, 0.426, 0.864,0.000,0.000,0.000,-0.351, 0.072,-0.550;
4.785,-12.088,-3.558,-6.898,-8.748, 0.386, 0.426, 0.864,0.000,0.000,0.000,-0.353, 0.072,-0.550;
4.796,-12.112,-3.579,-6.923,-8.769, 0.386, 0.426, 0.864,0.000,0.000,0.000,-0.354, 0.072,-0.550;
4.808,-12.137,-3.600,-6.947,-8.789, 0.386, 0.426, 0.864,0.000,0.000,0.000,-0.356, 0.073,-0.550;
4.819,-12.162,-3.621,-6.973,-8.810, 0.386, 0.426, 0.864,0.000,0.000,0.000,-0.358, 0.073,-0.550;
4.830,-12.187,-3.641,-6.997,-8.831, 0.386, 0.426, 0.864,0.000,0.000,0.000,-0.360, 0.073,-0.550;
4.841,-12.211,-3.661,-7.021,-8.851, 0.386, 0.426, 0.864,0.000,0.000,0.000,-0.361, 0.073,-0.550;
4.862,-12.257,-3.699,-7.068,-8.889, 0.386, 0.426, 0.864,0.000,0.000,0.000,-0.365, 0.073,-0.550;
4.865,-12.264,-3.705,-7.074,-8.894, 0.386, 0.426, 0.864,0.000,0.000,0.000,-0.365, 0.073,-0.550;
4.887,-12.312,-3.743,-7.122,-8.933, 0.386, 0.426, 0.864,0.000,0.000,0.000,-0.369, 0.073,-0.550;
4.898,-12.337,-3.763,-7.147,-8.953, 0.386, 0.426, 0.864,0.000,0.000,0.000,-0.370, 0.073,-0.550;
4.911,-12.366,-3.786,-7.176,-8.975, 0.386, 0.426, 0.864,0.000,0.000,0.000,-0.372, 0.073,-0.550;
4.924,-12.394,-3.808,-7.205,-8.998, 0.386, 0.426, 0.864,0.000,0.000,0.000,-0.374, 0.073,-0.550;
4.927,-12.401,-3.814,-7.211,-9.003, 0.386, 0.426, 0.864,0.000,0.000,0.000,-0.375, 0.073,-0.550;
4.948,-12.449,-3.851,-7.260,-9.041, 0.386, 0.426, 0.864,0.000,0.000,0.000,-0.378, 0.073,-0.550;
4.960,-12.477,-3.872,-7.287,-9.062, 0.386, 0.426, 0.864,0.000,0.000,0.000,-0.380, 0.073,-0.550;
4.972,-12.504,-3.893,-7.314,-9.082, 0.386, 0.426, 0.864,0.000,0.000,0.000,-0.382, 0.073,-0.550;
4.983,-12.529,-3.912,-7.340,-9.102, 0.386, 0.426, 0.864,0.000,0.000,0.000,-0.384, 0.074,-0.550;
4.994,-12.555,-3.931,-7.366,-9.121, 0.386, 0.426, 0.864,0.000,0.000,0.000,-0.386, 0.074,-0.550;
5.006,-12.582,-3.951,-7.392,-9.140, 0.386, 0.426, 0.864,0.000,0.000,0.000,-0.387, 0.074,-0.550;
5.019,-12.612,-3.973,-7.422,-9.163, 0.386, 0.426, 0.864,0.000,0.000,0.000,-0.389, 0.074,-0.550;
5.031,-12.638,-3.992,-7.448,-9.182, 0.386, 0.426, 0.864,0.000,0.000,0.000,-0.391, 0.073,-0.550;
5.042,-12.665,-4.012,-7.475,-9.201, 0.386, 0.426, 0.864,0.000,0.000,0.000,-0.393, 0.073,-0.550;
5.054,-12.692,-4.031,-7.502,-9.221, 0.386, 0.426, 0.864,0.000,0.000,0.000,-0.395, 0.073,-0.550;
5.065,-12.719,-4.051,-7.529,-9.240, 0.386, 0.426, 0.864,0.000,0.000,0.000,-0.397, 0.073,-0.550;
5.077,-12.745,-4.069,-7.555,-9.258, 0.386, 0.426, 0.864,0.000,0.000,0.000,-0.398, 0.073,-0.550;
5.088,-12.770,-4.087,-7.581,-9.276, 0.386, 0.426, 0.864,0.000,0.000,0.000,-0.400, 0.073,-0.550;
5.099,-12.796,-4.105,-7.607,-9.295, 0.386, 0.426, 0.864,0.000,0.000,0.000,-0.402, 0.073,-0.550;
5.110,-12.822,-4.123,-7.633,-9.313, 0.386, 0.426, 0.864,0.000,0.000,0.000,-0.404, 0.073,-0.550;
5.131,-12.872,-4.157,-7.683,-9.347, 0.386, 0.426, 0.864,0.000,0.000,0.000,-0.407, 0.073,-0.550;
5.143,-12.900,-4.176,-7.711,-9.366, 0.386, 0.426, 0.864,0.000,0.000,0.000,-0.409, 0.073,-0.550;
5.154,-12.928,-4.195,-7.738,-9.384, 0.386, 0.426, 0.864,0.000,0.000,0.000,-0.411, 0.073,-0.550;
5.166,-12.955,-4.213,-7.766,-9.403, 0.386, 0.426, 0.864,0.000,0.000,0.000,-0.413, 0.073,-0.550;
5.178,-12.985,-4.233,-7.795,-9.422, 0.386, 0.426, 0.864,0.000,0.000,0.000,-0.414, 0.073,-0.550;
5.190,-13.011,-4.250,-7.822,-9.440, 0.386, 0.426, 0.864,0.000,0.000,0.000,-0.416, 0.073,-0.550;
5.201,-13.039,-4.268,-7.850,-9.458, 0.386, 0.426, 0.864,0.000,0.000,0.000,-0.418, 0.073,-0.550;
5.212,-13.066,-4.285,-7.876,-9.475, 0.386, 0.426, 0.864,0.000,0.000,0.000,-0.420, 0.072,-0.550;
5.223,-13.092,-4.302,-7.902,-9.492, 0.386, 0.426, 0.864,0.000,0.000,0.000,-0.421, 0.072,-0.550;
5.234,-13.119,-4.319,-7.929,-9.509, 0.386, 0.426, 0.864,0.000,0.000,0.000,-0.423, 0.072,-0.550;
5.245,-13.145,-4.336,-7.955,-9.525, 0.386, 0.426, 0.864,0.000,0.000,0.000,-0.425, 0.072,-0.550;
5.256,-13.171,-4.352,-7.982,-9.542, 0.386, 0.426, 0.864,0.000,0.000,0.000,-0.427, 0.072,-0.550;
5.277,-13.223,-4.384,-8.033,-9.574, 0.386, 0.426, 0.864,0.000,0.000,0.000,-0.430, 0.072,-0.550;
5.289,-13.252,-4.402,-8.062,-9.592, 0.386, 0.426, 0.864,0.000,0.000,0.000,-0.432, 0.071,-0.550;
5.300,-13.277,-4.418,-8.087,-9.607, 0.386, 0.426, 0.864,0.000,0.000,0.000,-0.433, 0.071,-0.550;
5.311,-13.304,-4.434,-8.115,-9.624, 0.386, 0.426, 0.864,0.000,0.000,0.000,-0.435, 0.071,-0.550;
5.322,-13.333,-4.451,-8.143,-9.641, 0.386, 0.426, 0.864,0.000,0.000,0.000,-0.437, 0.071,-0.550;
5.333,-13.359,-4.467,-8.170,-9.657, 0.386, 0.426, 0.864,0.000,0.000,0.000,-0.439, 0.071,-0.550;
5.344,-13.387,-4.483,-8.197,-9.673, 0.386, 0.426, 0.864,0.000,0.000,0.000,-0.440, 0.071,-0.550;
5.355,-13.414,-4.499,-8.224,-9.688, 0.386, 0.426, 0.864,0.000,0.000,0.000,-0.442, 0.070,-0.550;
5.366,-13.441,-4.515,-8.252,-9.704, 0.386, 0.426, 0.864,0.000,0.000,0.000,-0.444, 0.070,-0.550;
5.387,-13.493,-4.544,-8.304,-9.734, 0.386, 0.426, 0.864,0.000,0.000,0.000,-0.447, 0.070,-0.550;
5.399,-13.522,-4.561,-8.332,-9.750, 0.386, 0.426, 0.864,0.000,0.000,0.000,-0.449, 0.070,-0.550;
5.411,-13.551,-4.577,-8.361,-9.767, 0.386, 0.426, 0.864,0.000,0.000,0.000,-0.451, 0.069,-0.550;
5.422,-13.579,-4.593,-8.390,-9.782, 0.386, 0.426, 0.864,0.000,0.000,0.000,-0.453, 0.069,-0.550;
5.434,-13.610,-4.610,-8.421,-9.800, 0.386, 0.426, 0.864,0.000,0.000,0.000,-0.454, 0.069,-0.550;
5.446,-13.639,-4.626,-8.450,-9.815, 0.386, 0.426, 0.864,0.000,0.000,0.000,-0.456, 0.069,-0.550;
5.457,-13.668,-4.641,-8.478,-9.831, 0.386, 0.426, 0.864,0.000,0.000,0.000,-0.458, 0.068,-0.550;
5.469,-13.697,-4.657,-8.508,-9.847, 0.386, 0.426, 0.864,0.000,0.000,0.000,-0.460, 0.068,-0.550;
5.480,-13.726,-4.672,-8.536,-9.862, 0.386, 0.426, 0.864,0.000,0.000,0.000,-0.462, 0.068,-0.550;
5.492,-13.756,-4.688,-8.566,-9.878, 0.386, 0.426, 0.864,0.000,0.000,0.000,-0.463, 0.068,-0.550;
5.503,-13.782,-4.702,-8.592,-9.892, 0.386, 0.426, 0.864,0.000,0.000,0.000,-0.465, 0.067,-0.550;
5.514,-13.810,-4.717,-8.621,-9.906, 0.386, 0.426, 0.864,0.000,0.000,0.000,-0.467, 0.067,-0.550;
5.525,-13.839,-4.732,-8.650,-9.921, 0.386, 0.426, 0.864,0.000,0.000,0.000,-0.469, 0.067,-0.550;
5.547,-13.895,-4.760,-8.705,-9.949, 0.386, 0.426, 0.864,0.000,0.000,0.000,-0.472, 0.066,-0.550;
5.558,-13.923,-4.774,-8.734,-9.964, 0.386, 0.426, 0.864,0.000,0.000,0.000,-0.474, 0.066,-0.550;
5.571,-13.956,-4.791,-8.767,-9.980, 0.386, 0.426, 0.864,0.000,0.000,0.000,-0.476, 0.065,-0.550;
5.582,-13.985,-4.805,-8.796,-9.994, 0.386, 0.426, 0.864,0.000,0.000,0.000,-0.477, 0.065,-0.550;
5.594,-14.014,-4.819,-8.824,-10.009, 0.386, 0.426, 0.864,0.000,0.000,0.000,-0.479, 0.065,-0.550;
5.605,-14.043,-4.833,-8.853,-10.023, 0.386, 0.426, 0.864,0.000,0.000,0.000,-0.481, 0.065,-0.550;
5.616,-14.072,-4.847,-8.882,-10.036, 0.386, 0.426, 0.864,0.000,0.000,0.000,-0.483, 0.064,-0.550;
5.627,-14.100,-4.860,-8.910,-10.050, 0.386, 0.426, 0.864,0.000,0.000,0.000,-0.484, 0.064,-0.550;
5.638,-14.128,-4.874,-8.939,-10.063, 0.386, 0.426, 0.864,0.000,0.000,0.000,-0.486, 0.064,-0.550;
5.649,-14.158,-4.887,-8.968,-10.077, 0.386, 0.426, 0.864,0.000,0.000,0.000,-0.488, 0.063,-0.550;
5.661,-14.187,-4.901,-8.997,-10.090, 0.386, 0.426, 0.864,0.000,0.000,0.000,-0.489, 0.063,-0.550;
5.682,-14.242,-4.926,-9.053,-10.116, 0.386, 0.426, 0.864,0.000,0.000,0.000,-0.493, 0.062,-0.550;
5.685,-14.250,-4.930,-9.061,-10.119, 0.386, 0.426, 0.864,0.000,0.000,0.000,-0.493, 0.062,-0.550;
5.707,-14.306,-4.955,-9.117,-10.144, 0.386, 0.426, 0.864,0.000,0.000,0.000,-0.497, 0.061,-0.550;
5.709,-14.313,-4.958,-9.123,-10.147, 0.386, 0.426, 0.864,0.000,0.000,0.000,-0.497, 0.061,-0.550;
5.731,-14.370,-4.983,-9.181,-10.172, 0.386, 0.426, 0.864,0.000,0.000,0.000,-0.500, 0.060,-0.550;
5.735,-14.381,-4.987,-9.192,-10.177, 0.386, 0.426, 0.864,0.000,0.000,0.000,-0.501, 0.060,-0.550;
5.745,-14.408,-4.999,-9.219,-10.189, 0.386, 0.426, 0.864,0.000,0.000,0.000,-0.502, 0.060,-0.550;
5.768,-14.466,-5.024,-9.277,-10.213, 0.386, 0.426, 0.864,0.000,0.000,0.000,-0.506, 0.059,-0.550;
5.779,-14.496,-5.036,-9.307,-10.226, 0.386, 0.426, 0.864,0.000,0.000,0.000,-0.508, 0.059,-0.550;
5.791,-14.529,-5.050,-9.339,-10.239, 0.386, 0.426, 0.864,0.000,0.000,0.000,-0.509, 0.058,-0.550;
5.804,-14.561,-5.063,-9.372,-10.253, 0.386, 0.426, 0.864,0.000,0.000,0.000,-0.511, 0.058,-0.550;
5.816,-14.595,-5.077,-9.405,-10.266, 0.386, 0.426, 0.864,0.000,0.000,0.000,-0.513, 0.057,-0.550;
5.822,-14.611,-5.083,-9.421,-10.273, 0.386, 0.426, 0.864,0.000,0.000,0.000,-0.514, 0.057,-0.550;
5.833,-14.640,-5.095,-9.450,-10.284, 0.386, 0.426, 0.864,0.000,0.000,0.000,-0.516, 0.056,-0.550;
5.844,-14.669,-5.106,-9.480,-10.296, 0.386, 0.426, 0.864,0.000,0.000,0.000,-0.518, 0.056,-0.550;
5.856,-14.699,-5.118,-9.510,-10.308, 0.386, 0.426, 0.864,0.000,0.000,0.000,-0.519, 0.056,-0.550;
5.877,-14.758,-5.140,-9.568,-10.330, 0.386, 0.426, 0.864,0.000,0.000,0.000,-0.523, 0.055,-0.550;
5.882,-14.771,-5.145,-9.581,-10.335, 0.386, 0.426, 0.864,0.000,0.000,0.000,-0.523, 0.054,-0.550;
5.892,-14.796,-5.155,-9.606,-10.344, 0.386, 0.426, 0.864,0.000,0.000,0.000,-0.525, 0.054,-0.550;
5.915,-14.857,-5.177,-9.667,-10.367, 0.386, 0.426, 0.864,0.000,0.000,0.000,-0.528, 0.053,-0.550;
5.925,-14.884,-5.187,-9.694,-10.377, 0.386, 0.426, 0.864,0.000,0.000,0.000,-0.530, 0.053,-0.550;
5.936,-14.915,-5.199,-9.726,-10.388, 0.386, 0.426, 0.864,0.000,0.000,0.000,-0.531, 0.052,-0.550;
5.948,-14.947,-5.210,-9.758,-10.400, 0.386, 0.426, 0.864,0.000,0.000,0.000,-0.533, 0.051,-0.550;
5.960,-14.978,-5.221,-9.789,-10.411, 0.386, 0.426, 0.864,0.000,0.000,0.000,-0.535, 0.051,-0.550;
5.971,-15.009,-5.232,-9.820,-10.421, 0.386, 0.426, 0.864,0.000,0.000,0.000,-0.537, 0.050,-0.550;
5.983,-15.040,-5.243,-9.851,-10.432, 0.386, 0.426, 0.864,0.000,0.000,0.000,-0.538, 0.050,-0.550;
5.994,-15.071,-5.253,-9.881,-10.443, 0.386, 0.426, 0.864,0.000,0.000,0.000,-0.540, 0.049,-0.550;
6.006,-15.102,-5.263,-9.913,-10.453, 0.386, 0.426, 0.864,0.000,0.000,0.000,-0.542, 0.049,-0.550;
6.017,-15.133,-5.274,-9.943,-10.463, 0.386, 0.426, 0.864,0.000,0.000,0.000,-0.543, 0.048,-0.550;
6.028,-15.164,-5.284,-9.974,-10.473, 0.386, 0.426, 0.864,0.000,0.000,0.000,-0.545, 0.048,-0.550;
6.040,-15.196,-5.294,-10.007,-10.484, 0.386, 0.426, 0.864,0.000,0.000,0.000,-0.547, 0.047,-0.550;
6.052,-15.227,-5.304,-10.038,-10.494, 0.386, 0.426, 0.864,0.000,0.000,0.000,-0.549, 0.046,-0.550;
6.064,-15.259,-5.314,-10.070,-10.504, 0.386, 0.426, 0.864,0.000,0.000,0.000,-0.550, 0.046,-0.550;
6.086,-15.320,-5.333,-10.130,-10.523, 0.386, 0.426, 0.864,0.000,0.000,0.000,-0.554, 0.045,-0.550;
6.098,-15.353,-5.343,-10.164,-10.533, 0.386, 0.426, 0.864,0.000,0.000,0.000,-0.556, 0.044,-0.550;
6.103,-15.366,-5.347,-10.176,-10.537, 0.386, 0.426, 0.864,0.000,0.000,0.000,-0.556, 0.044,-0.550;
6.113,-15.395,-5.356,-10.206,-10.546, 0.386, 0.426, 0.864,0.000,0.000,0.000,-0.558, 0.043,-0.550;
6.125,-15.426,-5.365,-10.236,-10.555, 0.386, 0.426, 0.864,0.000,0.000,0.000,-0.559, 0.043,-0.550;
6.146,-15.486,-5.382,-10.296,-10.572, 0.386, 0.426, 0.864,0.000,0.000,0.000,-0.563, 0.041,-0.550;
6.157,-15.516,-5.391,-10.326,-10.581, 0.386, 0.426, 0.864,0.000,0.000,0.000,-0.564, 0.041,-0.550;
6.168,-15.546,-5.399,-10.356,-10.589, 0.386, 0.426, 0.864,0.000,0.000,0.000,-0.566, 0.040,-0.550;
6.180,-15.578,-5.408,-10.388,-10.598, 0.386, 0.426, 0.864,0.000,0.000,0.000,-0.568, 0.040,-0.550;
6.191,-15.608,-5.417,-10.419,-10.606, 0.386, 0.426, 0.864,0.000,0.000,0.000,-0.569, 0.039,-0.550;
6.202,-15.639,-5.425,-10.450,-10.615, 0.386, 0.426, 0.864,0.000,0.000,0.000,-0.571, 0.038,-0.550;
6.213,-15.670,-5.433,-10.481,-10.623, 0.386, 0.426, 0.864,0.000,0.000,0.000,-0.572, 0.038,-0.550;
6.225,-15.702,-5.442,-10.513,-10.631, 0.386, 0.426, 0.864,0.000,0.000,0.000,-0.574, 0.037,-0.550;
6.237,-15.734,-5.450,-10.544,-10.639, 0.386, 0.426, 0.864,0.000,0.000,0.000,-0.576, 0.036,-0.550;
6.248,-15.766,-5.458,-10.576,-10.647, 0.386, 0.426, 0.864,0.000,0.000,0.000,-0.578, 0.036,-0.550;
6.259,-15.797,-5.466,-10.608,-10.655, 0.386, 0.426, 0.864,0.000,0.000,0.000,-0.579, 0.035,-0.550;
6.281,-15.858,-5.481,-10.668,-10.670, 0.386, 0.426, 0.864,0.000,0.000,0.000,-0.582, 0.034,-0.550;
6.293,-15.891,-5.488,-10.701,-10.678, 0.386, 0.426, 0.864,0.000,0.000,0.000,-0.584, 0.033,-0.550;
6.305,-15.924,-5.496,-10.734,-10.686, 0.386, 0.426, 0.864,0.000,0.000,0.000,-0.586, 0.032,-0.550;
6.317,-15.958,-5.504,-10.768,-10.694, 0.386, 0.426, 0.864,0.000,0.000,0.000,-0.587, 0.031,-0.550;
6.321,-15.968,-5.506,-10.778,-10.696, 0.386, 0.426, 0.864,0.000,0.000,0.000,-0.588, 0.031,-0.550;
6.342,-16.027,-5.520,-10.837,-10.709, 0.386, 0.426, 0.864,0.000,0.000,0.000,-0.591, 0.030,-0.550;
6.345,-16.037,-5.522,-10.847,-10.711, 0.386, 0.426, 0.864,0.000,0.000,0.000,-0.592, 0.030,-0.550;
6.367,-16.096,-5.535,-10.906,-10.724, 0.386, 0.426, 0.864,0.000,0.000,0.000,-0.595, 0.028,-0.550;
6.378,-16.129,-5.541,-10.939,-10.731, 0.386, 0.426, 0.864,0.000,0.000,0.000,-0.596, 0.027,-0.550;
6.391,-16.163,-5.549,-10.973,-10.738, 0.386, 0.426, 0.864,0.000,0.000,0.000,-0.598, 0.027,-0.550;
6.403,-16.197,-5.556,-11.008,-10.745, 0.386, 0.426, 0.864,0.000,0.000,0.000,-0.600, 0.026,-0.550;
6.415,-16.231,-5.562,-11.041,-10.752, 0.386, 0.426, 0.864,0.000,0.000,0.000,-0.601, 0.025,-0.550;
6.420,-16.245,-5.565,-11.056,-10.755, 0.386, 0.426, 0.864,0.000,0.000,0.000,-0.602, 0.025,-0.550;
6.431,-16.276,-5.571,-11.086,-10.761, 0.386, 0.426, 0.864,0.000,0.000,0.000,-0.604, 0.024,-0.550;
6.442,-16.307,-5.577,-11.117,-10.766, 0.386, 0.426, 0.864,0.000,0.000,0.000,-0.605, 0.023,-0.550;
6.464,-16.368,-5.588,-11.178,-10.778, 0.386, 0.426, 0.864,0.000,0.000,0.000,-0.608, 0.022,-0.550;
6.476,-16.402,-5.594,-11.213,-10.784, 0.386, 0.426, 0.864,0.000,0.000,0.000,-0.610, 0.021,-0.550;
6.488,-16.435,-5.600,-11.245,-10.790, 0.386, 0.426, 0.864,0.000,0.000,0.000,-0.612, 0.020,-0.550;
6.499,-16.468,-5.606,-11.278,-10.795, 0.386, 0.426, 0.864,0.000,0.000,0.000,-0.613, 0.019,-0.550;
6.512,-16.503,-5.612,-11.313,-10.801, 0.386, 0.426, 0.864,0.000,0.000,0.000,-0.615, 0.018,-0.550;
6.524,-16.537,-5.617,-11.348,-10.807, 0.386, 0.426, 0.864,0.000,0.000,0.000,-0.617, 0.017,-0.550;
6.537,-16.573,-5.623,-11.383,-10.812, 0.386, 0.426, 0.864,0.000,0.000,0.000,-0.619, 0.016,-0.550;
6.549,-16.608,-5.628,-11.418,-10.818, 0.386, 0.426, 0.864,0.000,0.000,0.000,-0.620, 0.015,-0.550;
6.562,-16.645,-5.634,-11.455,-10.823, 0.386, 0.426, 0.864,0.000,0.000,0.000,-0.622, 0.015,-0.550;
6.574,-16.679,-5.639,-11.490,-10.829, 0.386, 0.426, 0.864,0.000,0.000,0.000,-0.624, 0.014,-0.550;
6.586,-16.713,-5.644,-11.523,-10.833, 0.386, 0.426, 0.864,0.000,0.000,0.000,-0.625, 0.013,-0.550;
6.599,-16.748,-5.649,-11.558,-10.838, 0.386, 0.426, 0.864,0.000,0.000,0.000,-0.627, 0.012,-0.550;
6.611,-16.782,-5.653,-11.592,-10.843, 0.386, 0.426, 0.864,0.000,0.000,0.000,-0.629, 0.011,-0.550;
6.623,-16.817,-5.658,-11.627,-10.847, 0.386, 0.426, 0.864,0.000,0.000,0.000,-0.630, 0.010,-0.550;
6.636,-16.853,-5.663,-11.664,-10.852, 0.386, 0.426, 0.864,0.000,0.000,0.000,-0.632, 0.009,-0.550;
6.647,-16.885,-5.667,-11.696,-10.856, 0.386, 0.426, 0.864,0.000,0.000,0.000,-0.634, 0.008,-0.550;
6.659,-16.918,-5.670,-11.729,-10.860, 0.386, 0.426, 0.864,0.000,0.000,0.000,-0.635, 0.007,-0.550;
6.671,-16.951,-5.674,-11.762,-10.864, 0.386, 0.426, 0.864,0.000,0.000,0.000,-0.637, 0.006,-0.550;
6.682,-16.985,-5.678,-11.795,-10.868, 0.386, 0.426, 0.864,0.000,0.000,0.000,-0.639, 0.005,-0.550;
6.694,-17.019,-5.682,-11.829,-10.871, 0.386, 0.426, 0.864,0.000,0.000,0.000,-0.640, 0.004,-0.550;
6.706,-17.053,-5.685,-11.864,-10.875, 0.386, 0.426, 0.864,0.000,0.000,0.000,-0.642, 0.003,-0.550;
6.719,-17.088,-5.689,-11.899,-10.879, 0.386, 0.426, 0.864,0.000,0.000,0.000,-0.643, 0.002,-0.550;
6.731,-17.123,-5.692,-11.933,-10.882, 0.386, 0.426, 0.864,0.000,0.000,0.000,-0.645, 0.001,-0.550;
6.743,-17.156,-5.696,-11.967,-10.885, 0.386, 0.426, 0.864,0.000,0.000,0.000,-0.647, 0.000,-0.550;
6.755,-17.190,-5.699,-12.001,-10.888, 0.386, 0.426, 0.864,0.000,0.000,0.000,-0.648,-0.001,-0.550;
6.768,-17.229,-5.702,-12.039,-10.891, 0.386, 0.426, 0.864,0.000,0.000,0.000,-0.650,-0.002,-0.550;
6.780,-17.264,-5.705,-12.074,-10.894, 0.386, 0.426, 0.864,0.000,0.000,0.000,-0.652,-0.003,-0.550;
6.792,-17.297,-5.707,-12.108,-10.897, 0.386, 0.426, 0.864,0.000,0.000,0.000,-0.653,-0.004,-0.550;
6.804,-17.331,-5.710,-12.141,-10.899, 0.386, 0.426, 0.864,0.000,0.000,0.000,-0.655,-0.005,-0.550;
6.816,-17.365,-5.712,-12.175,-10.902, 0.386, 0.426, 0.864,0.000,0.000,0.000,-0.656,-0.006,-0.550;
6.828,-17.399,-5.715,-12.210,-10.904, 0.386, 0.426, 0.864,0.000,0.000,0.000,-0.658,-0.007,-0.550;
6.840,-17.434,-5.717,-12.244,-10.906, 0.386, 0.426, 0.864,0.000,0.000,0.000,-0.660,-0.008,-0.550;
6.853,-17.470,-5.719,-12.280,-10.908, 0.386, 0.426, 0.864,0.000,0.000,0.000,-0.661,-0.009,-0.550;
6.864,-17.503,-5.721,-12.313,-10.910, 0.386, 0.426, 0.864,0.000,0.000,0.000,-0.663,-0.010,-0.550;
6.876,-17.537,-5.722,-12.347,-10.912, 0.386, 0.426, 0.864,0.000,0.000,0.000,-0.664,-0.011,-0.550;
6.889,-17.572,-5.724,-12.383,-10.914, 0.386, 0.426, 0.864,0.000,0.000,0.000,-0.666,-0.012,-0.550;
6.901,-17.607,-5.726,-12.417,-10.915, 0.386, 0.426, 0.864,0.000,0.000,0.000,-0.668,-0.013,-0.550;
6.913,-17.641,-5.727,-12.452,-10.917, 0.386, 0.426, 0.864,0.000,0.000,0.000,-0.669,-0.014,-0.550;
6.925,-17.675,-5.728,-12.485,-10.918, 0.386, 0.426, 0.864,0.000,0.000,0.000,-0.671,-0.015,-0.550;
6.936,-17.708,-5.729,-12.518,-10.919, 0.386, 0.426, 0.864,0.000,0.000,0.000,-0.672,-0.016,-0.550;
6.948,-17.741,-5.730,-12.551,-10.920, 0.386, 0.426, 0.864,0.000,0.000,0.000,-0.674,-0.017,-0.550;
6.959,-17.774,-5.731,-12.584,-10.921, 0.386, 0.426, 0.864,0.000,0.000,0.000,-0.675,-0.018,-0.550;
6.970,-17.805,-5.732,-12.616,-10.921, 0.386, 0.426, 0.864,0.000,0.000,0.000,-0.677,-0.019,-0.550;
6.982,-17.837,-5.732,-12.648,-10.922, 0.386, 0.426, 0.864,0.000,0.000,0.000,-0.678,-0.020,-0.550;
6.993,-17.869,-5.733,-12.679,-10.922, 0.386, 0.426, 0.864,0.000,0.000,0.000,-0.679,-0.021,-0.550;
7.014,-17.931,-5.733,-12.741,-10.923, 0.386, 0.426, 0.864,0.000,0.000,0.000,-0.682,-0.023,-0.550;
7.027,-17.966,-5.734,-12.777,-10.923, 0.386, 0.426, 0.864,0.000,0.000,0.000,-0.684,-0.024,-0.550;
7.030,-17.976,-5.734,-12.787,-10.923, 0.386, 0.426, 0.864,0.000,0.000,0.000,-0.684,-0.025,-0.550;
7.042,-18.008,-5.734,-12.819,-10.923, 0.386, 0.426, 0.864,0.000,0.000,0.000,-0.686,-0.026,-0.550;
7.063,-18.071,-5.733,-12.881,-10.923, 0.386, 0.426, 0.864,0.000,0.000,0.000,-0.688,-0.028,-0.550;
7.067,-18.081,-5.733,-12.891,-10.923, 0.386, 0.426, 0.864,0.000,0.000,0.000,-0.689,-0.028,-0.550;
7.078,-18.112,-5.733,-12.922,-10.922, 0.386, 0.426, 0.864,0.000,0.000,0.000,-0.690,-0.029,-0.550;
7.100,-18.174,-5.732,-12.984,-10.921, 0.386, 0.426, 0.864,0.000,0.000,0.000,-0.693,-0.031,-0.550;
7.112,-18.209,-5.731,-13.019,-10.920, 0.386, 0.426, 0.864,0.000,0.000,0.000,-0.694,-0.033,-0.550;
7.124,-18.243,-5.730,-13.054,-10.920, 0.386, 0.426, 0.864,0.000,0.000,0.000,-0.696,-0.034,-0.550;
7.136,-18.277,-5.729,-13.088,-10.919, 0.386, 0.426, 0.864,0.000,0.000,0.000,-0.697,-0.035,-0.550;
7.147,-18.309,-5.728,-13.120,-10.917, 0.386, 0.426, 0.864,0.000,0.000,0.000,-0.699,-0.036,-0.550;
7.158,-18.342,-5.727,-13.152,-10.916, 0.386, 0.426, 0.864,0.000,0.000,0.000,-0.700,-0.037,-0.550;
7.170,-18.375,-5.725,-13.186,-10.915, 0.386, 0.426, 0.864,0.000,0.000,0.000,-0.702,-0.038,-0.550;
7.183,-18.411,-5.724,-13.221,-10.913, 0.386, 0.426, 0.864,0.000,0.000,0.000,-0.703,-0.039,-0.550;
7.195,-18.445,-5.722,-13.255,-10.912, 0.386, 0.426, 0.864,0.000,0.000,0.000,-0.704,-0.041,-0.550;
7.207,-18.479,-5.720,-13.290,-10.910, 0.386, 0.426, 0.864,0.000,0.000,0.000,-0.706,-0.042,-0.550;
7.219,-18.513,-5.718,-13.324,-10.908, 0.386, 0.426, 0.864,0.000,0.000,0.000,-0.707,-0.043,-0.550;
7.230,-18.547,-5.716,-13.357,-10.906, 0.386, 0.426, 0.864,0.000,0.000,0.000,-0.709,-0.044,-0.550;
7.242,-18.581,-5.714,-13.391,-10.904, 0.386, 0.426, 0.864,0.000,0.000,0.000,-0.710,-0.045,-0.550;
7.254,-18.613,-5.712,-13.424,-10.902, 0.386, 0.426, 0.864,0.000,0.000,0.000,-0.712,-0.047,-0.550;
7.265,-18.646,-5.710,-13.456,-10.899, 0.386, 0.426, 0.864,0.000,0.000,0.000,-0.713,-0.048,-0.550;
7.276,-18.677,-5.707,-13.488,-10.897, 0.386, 0.426, 0.864,0.000,0.000,0.000,-0.714,-0.049,-0.550;
7.288,-18.710,-5.705,-13.521,-10.894, 0.386, 0.426, 0.864,0.000,0.000,0.000,-0.716,-0.050,-0.550;
7.299,-18.743,-5.702,-13.554,-10.892, 0.386, 0.426, 0.864,0.000,0.000,0.000,-0.717,-0.051,-0.550;
7.311,-18.776,-5.699,-13.586,-10.889, 0.386, 0.426, 0.864,0.000,0.000,0.000,-0.718,-0.053,-0.550;
7.332,-18.837,-5.694,-13.648,-10.883, 0.386, 0.426, 0.864,0.000,0.000,0.000,-0.721,-0.055,-0.550;
7.345,-18.872,-5.690,-13.683,-10.880, 0.386, 0.426, 0.864,0.000,0.000,0.000,-0.722,-0.056,-0.550;
7.350,-18.887,-5.689,-13.698,-10.878, 0.386, 0.426, 0.864,0.000,0.000,0.000,-0.723,-0.057,-0.550;
7.361,-18.918,-5.686,-13.729,-10.875, 0.386, 0.426, 0.864,0.000,0.000,0.000,-0.724,-0.058,-0.550;
7.372,-18.950,-5.682,-13.761,-10.872, 0.386, 0.426, 0.864,0.000,0.000,0.000,-0.726,-0.059,-0.550;
7.386,-18.991,-5.678,-13.801,-10.868, 0.386, 0.426, 0.864,0.000,0.000,0.000,-0.727,-0.061,-0.550;
7.397,-19.021,-5.675,-13.832,-10.864, 0.386, 0.426, 0.864,0.000,0.000,0.000,-0.728,-0.062,-0.550;
7.410,-19.058,-5.670,-13.868,-10.860, 0.386, 0.426, 0.864,0.000,0.000,0.000,-0.730,-0.063,-0.550;
7.421,-19.089,-5.667,-13.899,-10.856, 0.386, 0.426, 0.864,0.000,0.000,0.000,-0.731,-0.064,-0.550;
7.442,-19.150,-5.659,-13.960,-10.848, 0.386, 0.426, 0.864,0.000,0.000,0.000,-0.734,-0.067,-0.550;
7.454,-19.183,-5.655,-13.993,-10.844, 0.386, 0.426, 0.864,0.000,0.000,0.000,-0.735,-0.068,-0.550;
7.465,-19.214,-5.650,-14.025,-10.840, 0.386, 0.426, 0.864,0.000,0.000,0.000,-0.736,-0.069,-0.550;
7.477,-19.248,-5.646,-14.058,-10.835, 0.386, 0.426, 0.864,0.000,0.000,0.000,-0.737,-0.070,-0.550;
7.489,-19.280,-5.641,-14.090,-10.831, 0.386, 0.426, 0.864,0.000,0.000,0.000,-0.739,-0.072,-0.550;
7.500,-19.312,-5.636,-14.123,-10.826, 0.386, 0.426, 0.864,0.000,0.000,0.000,-0.740,-0.073,-0.550;
7.511,-19.344,-5.632,-14.155,-10.821, 0.386, 0.426, 0.864,0.000,0.000,0.000,-0.741,-0.074,-0.550;
7.523,-19.377,-5.627,-14.188,-10.816, 0.386, 0.426, 0.864,0.000,0.000,0.000,-0.743,-0.075,-0.550;
7.534,-19.409,-5.622,-14.220,-10.811, 0.386, 0.426, 0.864,0.000,0.000,0.000,-0.744,-0.077,-0.550;
7.545,-19.440,-5.617,-14.251,-10.806, 0.386, 0.426, 0.864,0.000,0.000,0.000,-0.745,-0.078,-0.550;
7.557,-19.472,-5.611,-14.282,-10.801, 0.386, 0.426, 0.864,0.000,0.000,0.000,-0.746,-0.079,-0.550;
7.568,-19.503,-5.606,-14.313,-10.796, 0.386, 0.426, 0.864,0.000,0.000,0.000,-0.747,-0.081,-0.550;
7.589,-19.564,-5.596,-14.374,-10.785, 0.386, 0.426, 0.864,0.000,0.000,0.000,-0.750,-0.083,-0.550;
7.602,-19.599,-5.589,-14.409,-10.779, 0.386, 0.426, 0.864,0.000,0.000,0.000,-0.751,-0.084,-0.550;
7.614,-19.632,-5.583,-14.443,-10.773, 0.386, 0.426, 0.864,0.000,0.000,0.000,-0.752,-0.086,-0.550;
7.618,-19.645,-5.581,-14.456,-10.771, 0.386, 0.426, 0.864,0.000,0.000,0.000,-0.753,-0.086,-0.550;
7.629,-19.676,-5.575,-14.486,-10.765, 0.386, 0.426, 0.864,0.000,0.000,0.000,-0.754,-0.088,-0.550;
7.640,-19.707,-5.569,-14.518,-10.759, 0.386, 0.426, 0.864,0.000,0.000,0.000,-0.755,-0.089,-0.550;
7.662,-19.769,-5.557,-14.579,-10.747, 0.386, 0.426, 0.864,0.000,0.000,0.000,-0.758,-0.091,-0.550;
7.674,-19.802,-5.551,-14.612,-10.740, 0.386, 0.426, 0.864,0.000,0.000,0.000,-0.759,-0.093,-0.550;
7.686,-19.835,-5.544,-14.645,-10.733, 0.386, 0.426, 0.864,0.000,0.000,0.000,-0.760,-0.094,-0.550;
7.698,-19.868,-5.537,-14.678,-10.726, 0.386, 0.426, 0.864,0.000,0.000,0.000,-0.761,-0.096,-0.550;
7.709,-19.900,-5.530,-14.710,-10.720, 0.386, 0.426, 0.864,0.000,0.000,0.000,-0.762,-0.097,-0.550;
7.722,-19.935,-5.522,-14.746,-10.712, 0.386, 0.426, 0.864,0.000,0.000,0.000,-0.764,-0.098,-0.550;
7.735,-19.970,-5.514,-14.781,-10.704, 0.386, 0.426, 0.864,0.000,0.000,0.000,-0.765,-0.100,-0.550;
7.747,-20.004,-5.507,-14.814,-10.696, 0.386, 0.426, 0.864,0.000,0.000,0.000,-0.766,-0.101,-0.550;
7.759,-20.038,-5.499,-14.849,-10.689, 0.386, 0.426, 0.864,0.000,0.000,0.000,-0.768,-0.103,-0.550;
7.771,-20.072,-5.491,-14.882,-10.681, 0.386, 0.426, 0.864,0.000,0.000,0.000,-0.769,-0.104,-0.550;
7.784,-20.107,-5.483,-14.917,-10.672, 0.386, 0.426, 0.864,0.000,0.000,0.000,-0.770,-0.106,-0.550;
7.797,-20.144,-5.474,-14.955,-10.663, 0.386, 0.426, 0.864,0.000,0.000,0.000,-0.771,-0.107,-0.550;
7.808,-20.173,-5.467,-14.984,-10.656, 0.386, 0.426, 0.864,0.000,0.000,0.000,-0.772,-0.109,-0.550;
7.819,-20.204,-5.459,-15.015,-10.648, 0.386, 0.426, 0.864,0.000,0.000,0.000,-0.774,-0.110,-0.550;
7.830,-20.236,-5.451,-15.046,-10.640, 0.386, 0.426, 0.864,0.000,0.000,0.000,-0.775,-0.111,-0.550;
7.842,-20.269,-5.442,-15.079,-10.632, 0.386, 0.426, 0.864,0.000,0.000,0.000,-0.776,-0.113,-0.550;
7.854,-20.302,-5.434,-15.113,-10.623, 0.386, 0.426, 0.864,0.000,0.000,0.000,-0.777,-0.114,-0.550;
7.867,-20.336,-5.425,-15.147,-10.614, 0.386, 0.426, 0.864,0.000,0.000,0.000,-0.778,-0.116,-0.550;
7.879,-20.370,-5.415,-15.181,-10.605, 0.386, 0.426, 0.864,0.000,0.000,0.000,-0.779,-0.117,-0.550;
7.891,-20.404,-5.406,-15.214,-10.596, 0.386, 0.426, 0.864,0.000,0.000,0.000,-0.781,-0.119,-0.550;
7.903,-20.437,-5.397,-15.248,-10.587, 0.386, 0.426, 0.864,0.000,0.000,0.000,-0.782,-0.120,-0.550;
7.916,-20.471,-5.387,-15.282,-10.577, 0.386, 0.426, 0.864,0.000,0.000,0.000,-0.783,-0.122,-0.550;
7.928,-20.504,-5.378,-15.315,-10.568, 0.386, 0.426, 0.864,0.000,0.000,0.000,-0.784,-0.123,-0.550;
7.939,-20.536,-5.369,-15.347,-10.558, 0.386, 0.426, 0.864,0.000,0.000,0.000,-0.785,-0.125,-0.550;
7.951,-20.568,-5.359,-15.378,-10.549, 0.386, 0.426, 0.864,0.000,0.000,0.000,-0.786,-0.126,-0.550;
7.962,-20.599,-5.350,-15.409,-10.540, 0.386, 0.426, 0.864,0.000,0.000,0.000,-0.787,-0.128,-0.550;
7.973,-20.630,-5.341,-15.440,-10.530, 0.386, 0.426, 0.864,0.000,0.000,0.000,-0.788,-0.129,-0.550;
7.984,-20.660,-5.332,-15.470,-10.521, 0.386, 0.426, 0.864,0.000,0.000,0.000,-0.790,-0.131,-0.550;
7.996,-20.691,-5.322,-15.501,-10.512, 0.386, 0.426, 0.864,0.000,0.000,0.000,-0.791,-0.132,-0.550;
8.007,-20.722,-5.312,-15.532,-10.502, 0.386, 0.426, 0.864,0.000,0.000,0.000,-0.792,-0.134,-0.550;
8.029,-20.781,-5.293,-15.592,-10.483, 0.386, 0.426, 0.864,0.000,0.000,0.000,-0.794,-0.136,-0.550;
8.041,-20.814,-5.283,-15.625,-10.472, 0.386, 0.426, 0.864,0.000,0.000,0.000,-0.795,-0.138,-0.550;
8.053,-20.847,-5.272,-15.657,-10.461, 0.386, 0.426, 0.864,0.000,0.000,0.000,-0.796,-0.139,-0.550;
8.064,-20.877,-5.262,-15.688,-10.451, 0.386, 0.426, 0.864,0.000,0.000,0.000,-0.797,-0.141,-0.550;
8.076,-20.909,-5.251,-15.719,-10.441, 0.386, 0.426, 0.864,0.000,0.000,0.000,-0.798,-0.142,-0.550;
8.088,-20.940,-5.240,-15.751,-10.430, 0.386, 0.426, 0.864,0.000,0.000,0.000,-0.799,-0.144,-0.550;
8.099,-20.972,-5.229,-15.782,-10.419, 0.386, 0.426, 0.864,0.000,0.000,0.000,-0.800,-0.145,-0.550;
8.111,-21.003,-5.218,-15.814,-10.408, 0.386, 0.426, 0.864,0.000,0.000,0.000,-0.801,-0.147,-0.550;
8.123,-21.034,-5.207,-15.845,-10.397, 0.386, 0.426, 0.864,0.000,0.000,0.000,-0.802,-0.148,-0.550;
8.135,-21.066,-5.196,-15.877,-10.386, 0.386, 0.426, 0.864,0.000,0.000,0.000,-0.803,-0.150,-0.550;
8.146,-21.096,-5.185,-15.906,-10.375, 0.386, 0.426, 0.864,0.000,0.000,0.000,-0.804,-0.151,-0.550;
8.157,-21.125,-5.174,-15.936,-10.364, 0.386, 0.426, 0.864,0.000,0.000,0.000,-0.805,-0.153,-0.550;
8.168,-21.155,-5.163,-15.965,-10.353, 0.386, 0.426, 0.864,0.000,0.000,0.000,-0.806,-0.154,-0.550;
8.179,-21.185,-5.152,-15.995,-10.342, 0.386, 0.426, 0.864,0.000,0.000,0.000,-0.807,-0.156,-0.550;
8.200,-21.241,-5.131,-16.051,-10.321, 0.386, 0.426, 0.864,0.000,0.000,0.000,-0.809,-0.159,-0.550;
8.211,-21.272,-5.119,-16.082,-10.309, 0.386, 0.426, 0.864,0.000,0.000,0.000,-0.810,-0.160,-0.550;
8.222,-21.301,-5.108,-16.111,-10.297, 0.386, 0.426, 0.864,0.000,0.000,0.000,-0.810,-0.162,-0.550;
8.234,-21.331,-5.096,-16.141,-10.285, 0.386, 0.426, 0.864,0.000,0.000,0.000,-0.811,-0.163,-0.550;
8.245,-21.361,-5.084,-16.171,-10.274, 0.386, 0.426, 0.864,0.000,0.000,0.000,-0.812,-0.165,-0.550;
8.256,-21.391,-5.072,-16.201,-10.261, 0.386, 0.426, 0.864,0.000,0.000,0.000,-0.813,-0.166,-0.550;
8.267,-21.420,-5.060,-16.230,-10.250, 0.386, 0.426, 0.864,0.000,0.000,0.000,-0.814,-0.168,-0.550;
8.278,-21.449,-5.048,-16.259,-10.238, 0.386, 0.426, 0.864,0.000,0.000,0.000,-0.815,-0.169,-0.550;
8.290,-21.479,-5.036,-16.289,-10.225, 0.386, 0.426, 0.864,0.000,0.000,0.000,-0.816,-0.171,-0.550;
8.301,-21.508,-5.024,-16.318,-10.213, 0.386, 0.426, 0.864,0.000,0.000,0.000,-0.817,-0.172,-0.550;
8.322,-21.564,-5.000,-16.374,-10.190, 0.386, 0.426, 0.864,0.000,0.000,0.000,-0.819,-0.175,-0.550;
8.333,-21.593,-4.987,-16.403,-10.177, 0.386, 0.426, 0.864,0.000,0.000,0.000,-0.819,-0.176,-0.550;
8.345,-21.623,-4.974,-16.434,-10.164, 0.386, 0.426, 0.864,0.000,0.000,0.000,-0.820,-0.178,-0.550;
8.355,-21.651,-4.962,-16.462,-10.151, 0.386, 0.426, 0.864,0.000,0.000,0.000,-0.821,-0.179,-0.550;
8.367,-21.681,-4.949,-16.491,-10.139, 0.386, 0.426, 0.864,0.000,0.000,0.000,-0.822,-0.181,-0.550;
8.378,-21.710,-4.936,-16.520,-10.126, 0.386, 0.426, 0.864,0.000,0.000,0.000,-0.823,-0.183,-0.550;
8.389,-21.738,-4.923,-16.548,-10.113, 0.386, 0.426, 0.864,0.000,0.000,0.000,-0.824,-0.184,-0.550;
8.400,-21.767,-4.910,-16.577,-10.100, 0.386, 0.426, 0.864,0.000,0.000,0.000,-0.825,-0.186,-0.550;
8.411,-21.796,-4.897,-16.607,-10.086, 0.386, 0.426, 0.864,0.000,0.000,0.000,-0.825,-0.187,-0.550;
8.433,-21.853,-4.870,-16.663,-10.060, 0.386, 0.426, 0.864,0.000,0.000,0.000,-0.827,-0.190,-0.550;
8.446,-21.886,-4.855,-16.696,-10.044, 0.386, 0.426, 0.864,0.000,0.000,0.000,-0.828,-0.192,-0.550;
8.448,-21.893,-4.851,-16.703,-10.041, 0.386, 0.426, 0.864,0.000,0.000,0.000,-0.828,-0.192,-0.550;
8.460,-21.922,-4.837,-16.732,-10.027, 0.386, 0.426, 0.864,0.000,0.000,0.000,-0.829,-0.194,-0.550;
8.481,-21.976,-4.811,-16.787,-10.001, 0.386, 0.426, 0.864,0.000,0.000,0.000,-0.831,-0.197,-0.550;
8.493,-22.008,-4.796,-16.818,-9.985, 0.386, 0.426, 0.864,0.000,0.000,0.000,-0.831,-0.199,-0.550;
8.505,-22.038,-4.780,-16.849,-9.970, 0.386, 0.426, 0.864,0.000,0.000,0.000,-0.832,-0.200,-0.550;
8.516,-22.067,-4.766,-16.877,-9.956, 0.386, 0.426, 0.864,0.000,0.000,0.000,-0.833,-0.202,-0.550;
8.528,-22.096,-4.751,-16.907,-9.941, 0.386, 0.426, 0.864,0.000,0.000,0.000,-0.834,-0.203,-0.550;
8.540,-22.126,-4.736,-16.937,-9.926, 0.386, 0.426, 0.864,0.000,0.000,0.000,-0.835,-0.205,-0.550;
8.551,-22.155,-4.721,-16.966,-9.911, 0.386, 0.426, 0.864,0.000,0.000,0.000,-0.836,-0.207,-0.550;
8.563,-22.185,-4.706,-16.995,-9.895, 0.386, 0.426, 0.864,0.000,0.000,0.000,-0.836,-0.208,-0.550;
8.574,-22.213,-4.691,-17.023,-9.881, 0.386, 0.426, 0.864,0.000,0.000,0.000,-0.837,-0.210,-0.550;
8.585,-22.241,-4.676,-17.051,-9.866, 0.386, 0.426, 0.864,0.000,0.000,0.000,-0.838,-0.211,-0.550;
8.596,-22.269,-4.661,-17.080,-9.851, 0.386, 0.426, 0.864,0.000,0.000,0.000,-0.839,-0.213,-0.550;
8.607,-22.297,-4.646,-17.107,-9.836, 0.386, 0.426, 0.864,0.000,0.000,0.000,-0.839,-0.215,-0.550;
8.618,-22.325,-4.631,-17.135,-9.821, 0.386, 0.426, 0.864,0.000,0.000,0.000,-0.840,-0.216,-0.550;
8.640,-22.378,-4.602,-17.188,-9.792, 0.386, 0.426, 0.864,0.000,0.000,0.000,-0.841,-0.219,-0.550;
8.651,-22.407,-4.586,-17.217,-9.776, 0.386, 0.426, 0.864,0.000,0.000,0.000,-0.842,-0.221,-0.550;
8.662,-22.435,-4.571,-17.245,-9.760, 0.386, 0.426, 0.864,0.000,0.000,0.000,-0.843,-0.222,-0.550;
8.674,-22.463,-4.555,-17.273,-9.744, 0.386, 0.426, 0.864,0.000,0.000,0.000,-0.844,-0.224,-0.550;
8.685,-22.491,-4.538,-17.302,-9.728, 0.386, 0.426, 0.864,0.000,0.000,0.000,-0.844,-0.226,-0.550;
8.696,-22.519,-4.523,-17.330,-9.712, 0.386, 0.426, 0.864,0.000,0.000,0.000,-0.845,-0.227,-0.550;
8.707,-22.546,-4.507,-17.357,-9.696, 0.386, 0.426, 0.864,0.000,0.000,0.000,-0.846,-0.229,-0.550;
8.718,-22.574,-4.491,-17.384,-9.681, 0.386, 0.426, 0.864,0.000,0.000,0.000,-0.846,-0.231,-0.550;
8.729,-22.601,-4.475,-17.411,-9.665, 0.386, 0.426, 0.864,0.000,0.000,0.000,-0.847,-0.232,-0.550;
8.751,-22.653,-4.444,-17.463,-9.634, 0.386, 0.426, 0.864,0.000,0.000,0.000,-0.848,-0.235,-0.550;
8.762,-22.681,-4.427,-17.492,-9.617, 0.386, 0.426, 0.864,0.000,0.000,0.000,-0.849,-0.237,-0.550;
8.774,-22.710,-4.410,-17.520,-9.599, 0.386, 0.426, 0.864,0.000,0.000,0.000,-0.850,-0.239,-0.550;
8.786,-22.738,-4.392,-17.549,-9.582, 0.386, 0.426, 0.864,0.000,0.000,0.000,-0.850,-0.240,-0.550;
8.797,-22.766,-4.375,-17.576,-9.565, 0.386, 0.426, 0.864,0.000,0.000,0.000,-0.851,-0.242,-0.550;
8.809,-22.796,-4.357,-17.606,-9.546, 0.386, 0.426, 0.864,0.000,0.000,0.000,-0.852,-0.244,-0.550;
8.821,-22.823,-4.340,-17.634,-9.529, 0.386, 0.426, 0.864,0.000,0.000,0.000,-0.853,-0.245,-0.550;
8.832,-22.851,-4.322,-17.661,-9.512, 0.386, 0.426, 0.864,0.000,0.000,0.000,-0.853,-0.247,-0.550;
8.844,-22.879,-4.304,-17.689,-9.494, 0.386, 0.426, 0.864,0.000,0.000,0.000,-0.854,-0.249,-0.550;
8.855,-22.905,-4.288,-17.715,-9.477, 0.386, 0.426, 0.864,0.000,0.000,0.000,-0.854,-0.250,-0.550;
8.865,-22.931,-4.271,-17.742,-9.460, 0.386, 0.426, 0.864,0.000,0.000,0.000,-0.855,-0.252,-0.550;
8.877,-22.958,-4.253,-17.768,-9.443, 0.386, 0.426, 0.864,0.000,0.000,0.000,-0.856,-0.254,-0.550;
8.888,-22.985,-4.236,-17.795,-9.425, 0.386, 0.426, 0.864,0.000,0.000,0.000,-0.856,-0.255,-0.550;
8.909,-23.035,-4.202,-17.845,-9.392, 0.386, 0.426, 0.864,0.000,0.000,0.000,-0.857,-0.258,-0.550;
8.921,-23.063,-4.184,-17.873,-9.373, 0.386, 0.426, 0.864,0.000,0.000,0.000,-0.858,-0.260,-0.550;
8.932,-23.089,-4.166,-17.900,-9.355, 0.386, 0.426, 0.864,0.000,0.000,0.000,-0.859,-0.262,-0.550;
8.943,-23.116,-4.148,-17.926,-9.337, 0.386, 0.426, 0.864,0.000,0.000,0.000,-0.859,-0.264,-0.550;
8.955,-23.143,-4.129,-17.953,-9.319, 0.386, 0.426, 0.864,0.000,0.000,0.000,-0.860,-0.265,-0.550;
8.966,-23.169,-4.111,-17.979,-9.301, 0.386, 0.426, 0.864,0.000,0.000,0.000,-0.860,-0.267,-0.550;
8.977,-23.195,-4.093,-18.005,-9.283, 0.386, 0.426, 0.864,0.000,0.000,0.000,-0.861,-0.269,-0.550;
8.988,-23.220,-4.075,-18.031,-9.265, 0.386, 0.426, 0.864,0.000,0.000,0.000,-0.861,-0.270,-0.550;
8.999,-23.246,-4.057,-18.056,-9.247, 0.386, 0.426, 0.864,0.000,0.000,0.000,-0.862,-0.272,-0.550;
9.010,-23.272,-4.039,-18.082,-9.228, 0.386, 0.426, 0.864,0.000,0.000,0.000,-0.862,-0.273,-0.550;
9.031,-23.321,-4.003,-18.131,-9.193, 0.386, 0.426, 0.864,0.000,0.000,0.000,-0.863,-0.277,-0.550;
9.042,-23.347,-3.985,-18.157,-9.174, 0.386, 0.426, 0.864,0.000,0.000,0.000,-0.864,-0.278,-0.550;
9.054,-23.374,-3.965,-18.184,-9.154, 0.386, 0.426, 0.864,0.000,0.000,0.000,-0.865,-0.280,-0.550;
9.066,-23.401,-3.944,-18.212,-9.134, 0.386, 0.426, 0.864,0.000,0.000,0.000,-0.865,-0.282,-0.550;
9.078,-23.429,-3.923,-18.240,-9.113, 0.386, 0.426, 0.864,0.000,0.000,0.000,-0.866,-0.284,-0.550;
9.090,-23.457,-3.903,-18.267,-9.092, 0.386, 0.426, 0.864,0.000,0.000,0.000,-0.866,-0.286,-0.550;
9.102,-23.483,-3.883,-18.294,-9.072, 0.386, 0.426, 0.864,0.000,0.000,0.000,-0.867,-0.287,-0.550;
9.114,-23.510,-3.863,-18.320,-9.052, 0.386, 0.426, 0.864,0.000,0.000,0.000,-0.867,-0.289,-0.550;
9.125,-23.536,-3.842,-18.347,-9.032, 0.386, 0.426, 0.864,0.000,0.000,0.000,-0.868,-0.291,-0.550;
9.136,-23.561,-3.823,-18.372,-9.012, 0.386, 0.426, 0.864,0.000,0.000,0.000,-0.868,-0.292,-0.550;
9.148,-23.586,-3.803,-18.397,-8.993, 0.386, 0.426, 0.864,0.000,0.000,0.000,-0.869,-0.294,-0.550;
9.159,-23.612,-3.783,-18.423,-8.972, 0.386, 0.426, 0.864,0.000,0.000,0.000,-0.869,-0.296,-0.550;
9.171,-23.639,-3.762,-18.449,-8.952, 0.386, 0.426, 0.864,0.000,0.000,0.000,-0.870,-0.298,-0.550;
9.182,-23.664,-3.742,-18.475,-8.931, 0.386, 0.426, 0.864,0.000,0.000,0.000,-0.870,-0.299,-0.550;
9.193,-23.689,-3.722,-18.500,-8.911, 0.386, 0.426, 0.864,0.000,0.000,0.000,-0.870,-0.301,-0.550;
9.215,-23.738,-3.682,-18.548,-8.872, 0.386, 0.426, 0.864,0.000,0.000,0.000,-0.871,-0.304,-0.550;
9.228,-23.765,-3.660,-18.575,-8.850, 0.386, 0.426, 0.864,0.000,0.000,0.000,-0.872,-0.306,-0.550;
9.240,-23.791,-3.638,-18.601,-8.828, 0.386, 0.426, 0.864,0.000,0.000,0.000,-0.872,-0.308,-0.550;
9.251,-23.817,-3.617,-18.627,-8.806, 0.386, 0.426, 0.864,0.000,0.000,0.000,-0.873,-0.310,-0.550;
9.263,-23.841,-3.596,-18.652,-8.786, 0.386, 0.426, 0.864,0.000,0.000,0.000,-0.873,-0.312,-0.550;
9.274,-23.867,-3.575,-18.677,-8.764, 0.386, 0.426, 0.864,0.000,0.000,0.000,-0.874,-0.313,-0.550;
9.286,-23.893,-3.552,-18.703,-8.742, 0.386, 0.426, 0.864,0.000,0.000,0.000,-0.874,-0.315,-0.550;
9.298,-23.918,-3.531,-18.728,-8.721, 0.386, 0.426, 0.864,0.000,0.000,0.000,-0.874,-0.317,-0.550;
9.309,-23.942,-3.510,-18.753,-8.699, 0.386, 0.426, 0.864,0.000,0.000,0.000,-0.875,-0.319,-0.550;
9.321,-23.967,-3.488,-18.777,-8.678, 0.386, 0.426, 0.864,0.000,0.000,0.000,-0.875,-0.321,-0.550;
9.332,-23.992,-3.467,-18.802,-8.656, 0.386, 0.426, 0.864,0.000,0.000,0.000,-0.875,-0.322,-0.550;
9.344,-24.017,-3.444,-18.828,-8.634, 0.386, 0.426, 0.864,0.000,0.000,0.000,-0.876,-0.324,-0.550;
9.354,-24.040,-3.424,-18.850,-8.614, 0.386, 0.426, 0.864,0.000,0.000,0.000,-0.876,-0.326,-0.550;
9.366,-24.064,-3.403,-18.874,-8.592, 0.386, 0.426, 0.864,0.000,0.000,0.000,-0.877,-0.328,-0.550;
9.378,-24.089,-3.380,-18.899,-8.570, 0.386, 0.426, 0.864,0.000,0.000,0.000,-0.877,-0.329,-0.550;
9.389,-24.113,-3.358,-18.923,-8.548, 0.386, 0.426, 0.864,0.000,0.000,0.000,-0.877,-0.331,-0.550;
9.411,-24.158,-3.316,-18.969,-8.506, 0.386, 0.426, 0.864,0.000,0.000,0.000,-0.878,-0.334,-0.550;
9.422,-24.183,-3.294,-18.993,-8.483, 0.386, 0.426, 0.864,0.000,0.000,0.000,-0.878,-0.336,-0.550;
9.434,-24.208,-3.270,-19.018,-8.460, 0.386, 0.426, 0.864,0.000,0.000,0.000,-0.879,-0.338,-0.550;
9.439,-24.217,-3.262,-19.027,-8.451, 0.386, 0.426, 0.864,0.000,0.000,0.000,-0.879,-0.339,-0.550;
9.460,-24.261,-3.220,-19.071,-8.410, 0.386, 0.426, 0.864,0.000,0.000,0.000,-0.879,-0.342,-0.550;
9.471,-24.284,-3.197,-19.095,-8.387, 0.386, 0.426, 0.864,0.000,0.000,0.000,-0.880,-0.344,-0.550;
9.483,-24.308,-3.174,-19.119,-8.364, 0.386, 0.426, 0.864,0.000,0.000,0.000,-0.880,-0.346,-0.550;
9.495,-24.332,-3.152,-19.142,-8.341, 0.386, 0.426, 0.864,0.000,0.000,0.000,-0.880,-0.347,-0.550;
9.506,-24.355,-3.129,-19.165,-8.318, 0.386, 0.426, 0.864,0.000,0.000,0.000,-0.880,-0.349,-0.550;
9.517,-24.378,-3.106,-19.188,-8.296, 0.386, 0.426, 0.864,0.000,0.000,0.000,-0.881,-0.351,-0.550;
9.528,-24.400,-3.084,-19.211,-8.273, 0.386, 0.426, 0.864,0.000,0.000,0.000,-0.881,-0.353,-0.550;
9.539,-24.422,-3.062,-19.233,-8.251, 0.386, 0.426, 0.864,0.000,0.000,0.000,-0.881,-0.354,-0.550;
9.550,-24.445,-3.040,-19.255,-8.229, 0.386, 0.426, 0.864,0.000,0.000,0.000,-0.881,-0.356,-0.550;
9.561,-24.467,-3.017,-19.277,-8.206, 0.386, 0.426, 0.864,0.000,0.000,0.000,-0.882,-0.358,-0.550;
9.572,-24.489,-2.994,-19.299,-8.184, 0.386, 0.426, 0.864,0.000,0.000,0.000,-0.882,-0.360,-0.550;
9.594,-24.531,-2.951,-19.342,-8.140, 0.386, 0.426, 0.864,0.000,0.000,0.000,-0.882,-0.363,-0.550;
9.605,-24.553,-2.928,-19.364,-8.117, 0.386, 0.426, 0.864,0.000,0.000,0.000,-0.883,-0.365,-0.550;
9.616,-24.576,-2.905,-19.386,-8.094, 0.386, 0.426, 0.864,0.000,0.000,0.000,-0.883,-0.366,-0.550;
9.627,-24.598,-2.881,-19.408,-8.071, 0.386, 0.426, 0.864,0.000,0.000,0.000,-0.883,-0.368,-0.550;
9.639,-24.619,-2.858,-19.430,-8.048, 0.386, 0.426, 0.864,0.000,0.000,0.000,-0.883,-0.370,-0.550;
9.649,-24.641,-2.835,-19.451,-8.025, 0.386, 0.426, 0.864,0.000,0.000,0.000,-0.883,-0.372,-0.550;
9.661,-24.662,-2.812,-19.473,-8.002, 0.386, 0.426, 0.864,0.000,0.000,0.000,-0.884,-0.373,-0.550;
9.672,-24.684,-2.789,-19.494,-7.978, 0.386, 0.426, 0.864,0.000,0.000,0.000,-0.884,-0.375,-0.550;
9.683,-24.705,-2.766,-19.515,-7.955, 0.386, 0.426, 0.864,0.000,0.000,0.000,-0.884,-0.377,-0.550;
9.704,-24.745,-2.721,-19.556,-7.910, 0.386, 0.426, 0.864,0.000,0.000,0.000,-0.884,-0.380,-0.550;
9.715,-24.767,-2.697,-19.577,-7.886, 0.386, 0.426, 0.864,0.000,0.000,0.000,-0.884,-0.382,-0.550;
9.727,-24.789,-2.671,-19.600,-7.861, 0.386, 0.426, 0.864,0.000,0.000,0.000,-0.885,-0.384,-0.550;
9.738,-24.811,-2.647,-19.621,-7.837, 0.386, 0.426, 0.864,0.000,0.000,0.000,-0.885,-0.385,-0.550;
9.749,-24.832,-2.623,-19.642,-7.813, 0.386, 0.426, 0.864,0.000,0.000,0.000,-0.885,-0.387,-0.550;
9.761,-24.853,-2.599,-19.663,-7.789, 0.386, 0.426, 0.864,0.000,0.000,0.000,-0.885,-0.389,-0.550;
9.772,-24.873,-2.575,-19.684,-7.765, 0.386, 0.426, 0.864,0.000,0.000,0.000,-0.885,-0.391,-0.550;
9.783,-24.894,-2.551,-19.704,-7.741, 0.386, 0.426, 0.864,0.000,0.000,0.000,-0.885,-0.392,-0.550;
9.794,-24.914,-2.527,-19.725,-7.717, 0.386, 0.426, 0.864,0.000,0.000,0.000,-0.885,-0.394,-0.550;
9.805,-24.935,-2.503,-19.745,-7.692, 0.386, 0.426, 0.864,0.000,0.000,0.000,-0.886,-0.39