0.000,0.000,0.000,0.000,0.000, 0.000, 0.000, 0.000,0.000,0.000,0.000, 0.000, 0.000, 0.000, 0.000, 0.000, 0.000, 0.000, 0.000, 0.000, 0.000, 0.000, 0.000, 0.000, 0.000, 0.000, 0.000, 0.000, 0.000;
0.013,-0.124,0.070,-0.124,0.070,-1.513, 0.444,-1.288,0.000,0.000,0.000, 2.013,-0.440, 2.867,-0.003, 0.314, 0.628,-1.843, 0.446,-1.473, 0.500, 0.004, 1.579,-0.003, 0.314, 0.628,-0.099,-0.001, 0.000;
0.045,60.534,-23.881,50.752,-14.100,-1.513, 0.446,-1.292,0.000,0.071,-0.135, 2.013,-0.432, 2.891,-0.009, 0.243, 0.763,-4.985, 1.308,-4.390, 0.500, 0.014, 1.599,-0.009, 0.314, 0.628,-0.099,-0.003, 0.000;
0.050,60.741,-23.713,50.739,-13.712,-1.513, 0.446,-1.292,0.000,0.000,0.000, 2.013,-0.431, 2.895,-0.010, 0.314, 0.628,-5.180, 1.386,-4.660, 0.500, 0.016, 1.602,-0.010, 0.314, 0.628,-0.099,-0.003, 0.000;
0.053,60.479,-23.891,50.611,-14.023,-1.513, 0.444,-1.288,0.000,-0.601,1.147, 2.013,-0.427, 2.893,-0.011, 0.915,-0.518,-5.309, 1.440,-4.843, 0.500, 0.017, 1.604,-0.011, 0.314, 0.628,-0.099,-0.003, 0.000;
0.060,57.630,-27.386,48.983,-18.739,-1.513, 0.446,-1.292,0.000,0.346,-0.661, 2.013,-0.428, 2.901,-0.012,-0.033, 1.289,-5.511, 1.530,-5.141, 0.500, 0.019, 1.608,-0.012, 0.314, 0.628,-0.099,-0.004, 0.000;
0.063,61.911,-22.376,51.322,-11.787,-1.513, 0.446,-1.292,0.000,0.000,0.000, 2.013,-0.427, 2.903,-0.012, 0.314, 0.628,-5.599, 1.573,-5.278, 0.500, 0.020, 1.611,-0.012, 0.314, 0.628,-0.099,-0.004, 0.000;
0.074,60.414,-23.998,50.519,-14.103,-1.513, 0.444,-1.288,0.000,-0.214,0.408, 2.013,-0.421, 2.905,-0.015, 0.528, 0.220,-5.851, 1.699,-5.674, 0.499, 0.023, 1.617,-0.015, 0.314, 0.628,-0.099,-0.005, 0.000;
0.077,59.277,-25.499,49.808,-16.029,-1.513, 0.446,-1.292,0.000,0.688,-1.311, 2.013,-0.422, 2.912,-0.015,-0.374, 1.939,-5.909, 1.734,-5.774, 0.499, 0.024, 1.619,-0.015, 0.314, 0.628,-0.099,-0.005, 0.000;
0.082,63.429,-20.460,52.118,-9.149,-1.513, 0.444,-1.288,0.000,-0.420,0.801, 2.013,-0.418, 2.911,-0.016, 0.734,-0.172,-5.996, 1.789,-5.925, 0.499, 0.026, 1.622,-0.016, 0.314, 0.628,-0.099,-0.005, 0.000;
0.086,58.307,-26.654,49.236,-17.583,-1.513, 0.446,-1.292,0.000,0.583,-1.112, 2.013,-0.419, 2.917,-0.017,-0.270, 1.740,-6.049, 1.750,-6.023, 0.499, 0.027, 1.625,-0.017, 0.314, 0.628,-0.099,-0.005, 0.000;
0.095,62.917,-21.085,51.798,-9.966,-1.513, 0.444,-1.288,0.000,-0.240,0.457, 2.012,-0.414, 2.919,-0.019, 0.553, 0.171,-6.166, 1.653,-6.239, 0.499, 0.030, 1.631,-0.019, 0.314, 0.628,-0.099,-0.006, 0.000;
0.100,59.055,-25.804,49.593,-16.342,-1.513, 0.446,-1.292,0.000,0.499,-0.951, 2.012,-0.415, 2.926,-0.020,-0.185, 1.580,-6.118, 1.605,-6.323, 0.499, 0.031, 1.634,-0.020, 0.314, 0.628,-0.099,-0.006, 0.000;
0.105,62.401,-21.883,51.425,-10.906,-1.513, 0.446,-1.292,0.000,0.000,0.000, 2.012,-0.413, 2.929,-0.021, 0.313, 0.628,-6.056, 1.547,-6.413, 0.499, 0.033, 1.637,-0.021, 0.313, 0.628,-0.098,-0.007, 0.000;
0.112,60.207,-24.328,50.228,-14.349,-1.513, 0.444,-1.288,0.000,-0.348,0.663, 2.012,-0.409, 2.929,-0.022, 0.661,-0.035,-5.975, 1.476,-6.505, 0.499, 0.035, 1.641,-0.022, 0.313, 0.628,-0.098,-0.007, 0.000;
0.118,58.484,-26.502,49.209,-17.227,-1.513, 0.446,-1.292,0.000,0.370,-0.706, 2.012,-0.409, 2.937,-0.023,-0.057, 1.334,-5.892, 1.410,-6.579, 0.499, 0.037, 1.645,-0.023, 0.313, 0.628,-0.098,-0.007, 0.000;
0.124,61.469,-23.530,50.717,-12.778,-1.511, 0.446,-1.307,0.370,0.000,-2.442, 2.010,-0.408, 2.956,-0.394, 0.313, 3.071,-5.803, 1.344,-6.645, 0.498, 0.039, 1.648,-0.024, 0.313, 0.628,-0.098,-0.008, 0.000;
0.133,58.762,-25.258,46.111,-12.607,-1.511, 0.444,-1.303,0.000,-0.227,0.412, 2.009,-0.402, 2.958,-0.026, 0.540, 0.216,-5.649, 1.234,-6.536, 0.498, 0.042, 1.655,-0.026, 0.313, 0.628,-0.098,-0.008, 0.000;
0.137,58.986,-25.804,49.353,-16.171,-1.511, 0.444,-1.288,0.000,0.000,4.728, 2.009,-0.401, 2.945,-0.027, 0.313,-4.100,-5.596, 1.199,-6.491, 0.498, 0.043, 1.657,-0.027, 0.313, 0.628,-0.098,-0.008, 0.000;
0.145,57.447,-22.084,52.429,-17.067,-1.511, 0.444,-1.288,0.000,0.000,0.000, 2.009,-0.399, 2.950,-0.029, 0.313, 0.628,-5.450, 1.104,-6.364, 0.498, 0.046, 1.662,-0.029, 0.313, 0.628,-0.098,-0.009, 0.000;
0.151,59.609,-25.472,49.564,-15.427,-1.509, 0.444,-1.303,0.382,0.000,-2.555, 2.007,-0.397, 2.969,-0.411, 0.313, 3.183,-5.344, 1.040,-6.270, 0.498, 0.047, 1.666,-0.030, 0.313, 0.628,-0.098,-0.009, 0.000;
0.157,58.789,-24.720,45.978,-11.909,-1.509, 0.444,-1.288,0.000,0.000,2.329, 2.006,-0.395, 2.958,-0.031, 0.313,-1.700,-5.225, 0.969,-6.154, 0.498, 0.049, 1.670,-0.031, 0.313, 0.628,-0.098,-0.010, 0.000;
0.163,58.554,-23.483,50.952,-15.881,-1.509, 0.444,-1.288,0.000,0.000,0.000, 2.006,-0.393, 2.961,-0.032, 0.313, 0.628,-5.120, 0.908,-6.046, 0.497, 0.051, 1.673,-0.032, 0.313, 0.628,-0.098,-0.010, 0.000;
0.173,59.759,-24.759,49.678,-14.678,-1.507, 0.444,-1.288,0.220,0.000,0.000, 2.004,-0.390, 2.968,-0.255, 0.312, 0.628,-4.924, 0.798,-5.840, 0.497, 0.054, 1.680,-0.034, 0.312, 0.628,-0.098,-0.011, 0.000;
0.180,58.176,-24.266,48.075,-14.164,-1.507, 0.446,-1.292,0.000,0.301,-0.574, 2.003,-0.390, 2.977,-0.036, 0.011, 1.202,-4.777, 0.719,-5.678, 0.497, 0.057, 1.684,-0.036, 0.312, 0.628,-0.098,-0.011, 0.000;
0.184,60.997,-23.214,50.259,-12.476,-1.504, 0.444,-1.288,0.736,-0.736,1.403, 2.001,-0.387, 2.974,-0.772, 1.048,-0.775,-4.716, 0.686,-5.608, 0.497, 0.058, 1.686,-0.036, 0.312, 0.628,-0.098,-0.011, 0.000;
0.188,51.911,-25.497,43.276,-16.862,-1.504, 0.444,-1.273,0.000,0.000,3.341, 2.001,-0.385, 2.962,-0.037, 0.312,-2.713,-4.627, 0.639,-5.500, 0.497, 0.059, 1.689,-0.037, 0.312, 0.628,-0.098,-0.012, 0.000;
0.194,57.719,-23.091,51.176,-16.548,-1.502, 0.444,-1.288,0.373,0.000,-2.473, 1.998,-0.383, 2.981,-0.411, 0.312, 3.101,-4.506, 0.576,-5.355, 0.496, 0.061, 1.693,-0.038, 0.312, 0.628,-0.098,-0.012, 0.000;
0.206,58.571,-24.375,45.808,-11.612,-1.502, 0.446,-1.278,0.000,0.188,0.872, 1.998,-0.382, 2.978,-0.041, 0.124,-0.244,-4.265, 0.452,-5.053, 0.496, 0.064, 1.700,-0.041, 0.312, 0.628,-0.098,-0.013, 0.000;
0.212,59.755,-22.696,50.545,-13.486,-1.500, 0.446,-1.278,0.381,0.000,0.000, 1.995,-0.380, 2.982,-0.423, 0.311, 0.628,-4.146, 0.392,-4.897, 0.496, 0.066, 1.704,-0.042, 0.311, 0.628,-0.098,-0.013, 0.000;
0.215,57.150,-22.835,47.005,-12.690,-1.498, 0.446,-1.273,0.670,0.000,1.337, 1.993,-0.379, 2.979,-0.712, 0.311,-0.708,-4.078, 0.358,-4.806, 0.495, 0.067, 1.706,-0.042, 0.311, 0.628,-0.098,-0.013, 0.000;
0.226,54.521,-21.137,45.799,-12.416,-1.498, 0.446,-1.273,0.000,0.000,0.000, 1.993,-0.376, 2.986,-0.044, 0.311, 0.628,-3.852, 0.244,-4.500, 0.495, 0.071, 1.713,-0.044, 0.311, 0.628,-0.098,-0.014, 0.000;
0.257,59.433,-24.190,49.273,-14.030,-1.495, 0.446,-1.273,0.071,0.000,0.000, 1.989,-0.366, 3.006,-0.122, 0.310, 0.628,-3.223,-0.072,-3.620, 0.493, 0.081, 1.733,-0.051, 0.310, 0.628,-0.097,-0.016, 0.000;
0.261,58.749,-24.151,48.527,-13.928,-1.493, 0.446,-1.273,0.624,0.000,0.000, 1.986,-0.365, 3.008,-0.676, 0.310, 0.628,-3.155,-0.036,-3.517, 0.493, 0.082, 1.735,-0.051, 0.310, 0.628,-0.097,-0.016, 0.000;
0.271,55.399,-21.541,45.170,-11.311,-1.493, 0.446,-1.259,0.000,0.000,1.404, 1.986,-0.362, 3.000,-0.053, 0.310,-0.776,-2.957, 0.069,-3.206, 0.493, 0.085, 1.741,-0.053, 0.310, 0.628,-0.097,-0.017, 0.000;
0.276,58.579,-22.902,49.863,-14.186,-1.484, 0.449,-1.259,1.868,0.467,0.000, 1.977,-0.362, 3.003,-1.922,-0.157, 0.628,-2.867, 0.117,-3.066, 0.492, 0.086, 1.744,-0.054, 0.309, 0.628,-0.097,-0.017, 0.000;
0.283,48.654,-14.378,38.440,-4.164,-1.482, 0.449,-1.259,0.350,0.000,0.000, 1.974,-0.360, 3.007,-0.405, 0.309, 0.628,-2.748, 0.053,-2.881, 0.492, 0.088, 1.748,-0.056, 0.309, 0.628,-0.097,-0.017, 0.000;
0.290,56.762,-22.375,46.536,-12.149,-1.480, 0.449,-1.259,0.307,0.000,0.000, 1.972,-0.358, 3.012,-0.364, 0.309, 0.628,-2.615,-0.020,-2.674, 0.492, 0.091, 1.753,-0.057, 0.309, 0.628,-0.097,-0.018, 0.000;
0.295,57.022,-22.292,46.782,-12.051,-1.478, 0.449,-1.254,0.425,0.000,0.910, 1.969,-0.356, 3.010,-0.483, 0.309,-0.282,-2.521, 0.033,-2.525, 0.491, 0.092, 1.756,-0.058, 0.309, 0.628,-0.097,-0.018, 0.000;
0.303,55.685,-21.426,46.414,-12.154,-1.475, 0.449,-1.254,0.288,0.000,0.000, 1.966,-0.354, 3.015,-0.348, 0.308, 0.628,-2.384,-0.045,-2.310, 0.491, 0.095, 1.761,-0.059, 0.308, 0.628,-0.097,-0.019, 0.000;
0.309,56.945,-22.379,46.693,-12.128,-1.473, 0.449,-1.254,0.351,0.000,0.000, 1.964,-0.352, 3.019,-0.412, 0.308, 0.628,-2.274, 0.019,-2.138, 0.491, 0.097, 1.765,-0.061, 0.308, 0.628,-0.097,-0.019, 0.000;
0.325,56.365,-22.436,46.101,-12.172,-1.471, 0.451,-1.259,0.143,0.143,-0.307, 1.961,-0.350, 3.034,-0.207, 0.164, 0.935,-2.010, 0.176,-1.730, 0.490, 0.101, 1.775,-0.064, 0.308, 0.628,-0.097,-0.020, 0.000;
0.342,58.466,-21.623,47.830,-10.987,-1.471, 0.451,-1.244,0.000,0.000,0.845, 1.959,-0.344, 3.030,-0.067, 0.307,-0.216,-1.736, 0.001,-1.290, 0.488, 0.107, 1.786,-0.067, 0.307, 0.628,-0.096,-0.021, 0.000;
0.347,58.027,-23.018,48.623,-13.615,-1.466, 0.451,-1.254,0.846,0.000,-1.850, 1.955,-0.343, 3.043,-0.914, 0.307, 2.478,-1.656, 0.054,-1.169, 0.488, 0.108, 1.789,-0.068, 0.307, 0.628,-0.096,-0.021, 0.000;
0.354,53.809,-21.914,41.508,-9.614,-1.462, 0.453,-1.259,0.705,0.353,-0.756, 1.950,-0.343, 3.052,-0.774,-0.046, 1.384,-1.562, 0.118,-1.028, 0.488, 0.110, 1.793,-0.069, 0.306, 0.628,-0.096,-0.022, 0.000;
0.363,55.440,-18.503,44.271,-7.334,-1.455, 0.453,-1.239,0.758,0.000,2.209, 1.942,-0.340, 3.038,-0.829, 0.306,-1.581,-1.430, 0.029,-0.829, 0.487, 0.113, 1.799,-0.071, 0.306, 0.628,-0.096,-0.022, 0.000;
0.368,52.156,-18.995,44.174,-11.012,-1.453, 0.455,-1.239,0.392,0.392,0.000, 1.940,-0.341, 3.041,-0.464,-0.086, 0.628,-1.348, 0.087,-0.707, 0.487, 0.115, 1.802,-0.072, 0.306, 0.628,-0.096,-0.023, 0.000;
0.374,56.874,-18.737,46.539,-8.402,-1.451, 0.455,-1.239,0.418,0.000,0.000, 1.937,-0.339, 3.045,-0.491, 0.306, 0.628,-1.273, 0.034,-0.596, 0.486, 0.116, 1.805,-0.073, 0.306, 0.628,-0.096,-0.023, 0.000;
0.380,55.298,-21.453,44.952,-11.107,-1.446, 0.458,-1.244,0.643,0.321,-0.716, 1.932,-0.339, 3.054,-0.717,-0.016, 1.344,-1.176, 0.104,-0.458, 0.486, 0.118, 1.810,-0.074, 0.305, 0.628,-0.096,-0.023, 0.000;
0.389,55.199,-18.734,44.064,-7.600,-1.444, 0.458,-1.239,0.267,0.000,0.594, 1.929,-0.337, 3.054,-0.343, 0.305, 0.034,-1.062, 0.020,-0.296, 0.485, 0.121, 1.815,-0.076, 0.305, 0.628,-0.096,-0.024, 0.000;
0.392,55.810,-21.332,46.063,-11.585,-1.442, 0.458,-1.239,0.670,0.000,0.000, 1.927,-0.336, 3.056,-0.746, 0.305, 0.628,-1.017, 0.053,-0.234, 0.485, 0.122, 1.817,-0.077, 0.305, 0.628,-0.096,-0.024, 0.000;
0.397,53.362,-20.608,42.979,-10.225,-1.440, 0.460,-1.244,0.506,0.506,-1.128, 1.924,-0.336, 3.064,-0.584,-0.202, 1.756,-0.960, 0.097,-0.156, 0.485, 0.123, 1.820,-0.077, 0.304, 0.628,-0.096,-0.024, 0.000;
0.400,56.645,-18.156,45.042,-6.553,-1.435, 0.460,-1.239,1.378,0.000,1.535, 1.919,-0.335, 3.061,-1.456, 0.304,-0.906,-0.917, 0.130,-0.099, 0.484, 0.124, 1.822,-0.078, 0.304, 0.628,-0.096,-0.025, 0.000;
0.404,47.850,-17.230,39.078,-8.457,-1.433, 0.460,-1.239,0.499,0.000,0.000, 1.917,-0.334, 3.064,-0.578, 0.304, 0.628,-0.859, 0.085,-0.023, 0.484, 0.126, 1.825,-0.079, 0.304, 0.628,-0.096,-0.025, 0.000;
0.411,54.268,-20.820,43.861,-10.413,-1.431, 0.462,-1.239,0.313,0.313,0.000, 1.914,-0.334, 3.069,-0.394,-0.010, 0.628,-0.768, 0.157, 0.096, 0.483, 0.128, 1.829,-0.080, 0.304, 0.628,-0.095,-0.025, 0.000;
0.423,56.389,-19.339,45.967,-8.918,-1.428, 0.462,-1.239,0.191,0.000,0.000, 1.911,-0.331, 3.076,-0.274, 0.303, 0.628,-0.622, 0.040, 0.281, 0.482, 0.131, 1.837,-0.083, 0.303, 0.628,-0.095,-0.026, 0.000;
0.428,56.145,-21.546,45.700,-11.101,-1.426, 0.462,-1.234,0.440,0.000,1.010, 1.908,-0.329, 3.074,-0.524, 0.303,-0.382,-0.562, 0.090, 0.357, 0.482, 0.133, 1.840,-0.083, 0.303, 0.628,-0.095,-0.026, 0.000;
0.434,53.817,-20.483,44.450,-11.115,-1.422, 0.464,-1.239,0.788,0.394,-0.904, 1.903,-0.330, 3.083,-0.872,-0.091, 1.532,-0.495, 0.147, 0.438, 0.482, 0.135, 1.843,-0.085, 0.303, 0.628,-0.095,-0.027, 0.000;
0.443,53.713,-17.780,42.289,-6.357,-1.420, 0.464,-1.239,0.242,0.000,0.000, 1.900,-0.327, 3.088,-0.328, 0.302, 0.628,-0.387, 0.055, 0.564, 0.481, 0.137, 1.849,-0.086, 0.302, 0.628,-0.095,-0.027, 0.000;
0.447,55.411,-21.611,44.927,-11.127,-1.417, 0.466,-1.239,0.520,0.520,0.000, 1.898,-0.328, 3.091,-0.607,-0.218, 0.628,-0.338, 0.098, 0.619, 0.480, 0.139, 1.852,-0.087, 0.302, 0.628,-0.095,-0.027, 0.000;
0.451,55.198,-17.310,44.705,-6.817,-1.415, 0.466,-1.239,0.678,0.000,0.000, 1.895,-0.327, 3.093,-0.766, 0.302, 0.628,-0.301, 0.131, 0.660, 0.480, 0.140, 1.854,-0.088, 0.302, 0.628,-0.095,-0.028, 0.000;
0.457,52.531,-19.929,42.031,-9.429,-1.413, 0.466,-1.234,0.334,0.000,0.765, 1.892,-0.325, 3.092,-0.423, 0.301,-0.137,-0.227, 0.064, 0.743, 0.479, 0.142, 1.858,-0.089, 0.301, 0.628,-0.095,-0.028, 0.000;
0.462,53.930,-21.585,44.244,-11.900,-1.408, 0.469,-1.254,1.003,0.501,-4.460, 1.887,-0.326, 3.115,-1.093,-0.200, 5.088,-0.178, 0.109, 0.792, 0.479, 0.143, 1.861,-0.090, 0.301, 0.628,-0.095,-0.028, 0.000;
0.471,54.107,-18.214,38.812,-2.920,-1.406, 0.469,-1.239,0.231,0.000,1.523, 1.884,-0.323, 3.106,-0.323, 0.300,-0.895,-0.072, 0.206, 0.902, 0.478, 0.146, 1.867,-0.092, 0.300, 0.628,-0.094,-0.029, 0.000;
0.475,54.212,-20.743,45.285,-11.816,-1.404, 0.471,-1.239,0.599,0.599,0.000, 1.882,-0.324, 3.109,-0.692,-0.299, 0.628,-0.033, 0.243, 0.941, 0.478, 0.147, 1.869,-0.092, 0.300, 0.628,-0.094,-0.029, 0.000;
0.483,54.473,-16.443,43.924,-5.894,-1.402, 0.471,-1.239,0.274,0.000,0.000, 1.879,-0.321, 3.114,-0.368, 0.300, 0.628, 0.053, 0.161, 1.026, 0.477, 0.150, 1.874,-0.094, 0.300, 0.628,-0.094,-0.030, 0.000;
0.492,54.576,-21.376,44.011,-10.811,-1.399, 0.473,-1.239,0.248,0.248,0.000, 1.876,-0.321, 3.119,-0.344, 0.051, 0.628, 0.146, 0.252, 0.936, 0.476, 0.152, 1.880,-0.096, 0.299, 0.628,-0.094,-0.030, 0.000;
0.496,55.444,-19.822,44.861,-9.239,-1.395, 0.473,-1.239,1.263,0.000,0.000, 1.871,-0.320, 3.122,-1.359, 0.299, 0.628, 0.182, 0.216, 0.899, 0.476, 0.153, 1.882,-0.096, 0.299, 0.628,-0.094,-0.030, 0.000;
0.500,48.019,-17.975,37.429,-7.385,-1.393, 0.473,-1.234,0.562,0.000,1.290, 1.868,-0.319, 3.119,-0.659, 0.299,-0.662, 0.223, 0.176, 0.859, 0.476, 0.154, 1.885,-0.097, 0.299, 0.628,-0.094,-0.030, 0.000;
0.508,51.715,-19.711,42.500,-10.497,-1.391, 0.475,-1.239,0.286,0.286,-0.655, 1.865,-0.319, 3.129,-0.384, 0.013, 1.283, 0.302, 0.254, 0.776, 0.475, 0.157, 1.890,-0.099, 0.298, 0.628,-0.094,-0.031, 0.000;
0.513,55.369,-19.740,44.061,-8.432,-1.388, 0.475,-1.239,0.444,0.000,0.000, 1.863,-0.317, 3.132,-0.544, 0.298, 0.628, 0.353, 0.204, 0.723, 0.474, 0.158, 1.893,-0.099, 0.298, 0.628,-0.094,-0.031, 0.000;
0.523,52.770,-21.445,42.147,-10.821,-1.384, 0.478,-1.254,0.412,0.206,-1.361, 1.857,-0.316, 3.154,-0.514, 0.091, 1.989, 0.462, 0.312, 0.601, 0.473, 0.162, 1.900,-0.101, 0.297, 0.628,-0.093,-0.032, 0.000;
0.528,54.449,-20.209,42.315,-8.075,-1.382, 0.478,-1.239,0.449,0.000,2.960, 1.854,-0.315, 3.142,-0.551, 0.297,-2.332, 0.412, 0.262, 0.549, 0.473, 0.163, 1.903,-0.102, 0.297, 0.628,-0.093,-0.032, 0.000;
0.535,51.161,-19.120,43.643,-11.602,-1.379, 0.480,-1.239,0.339,0.338,0.000, 1.851,-0.315, 3.146,-0.442,-0.042, 0.628, 0.345, 0.196, 0.479, 0.472, 0.165, 1.907,-0.104, 0.297, 0.628,-0.093,-0.033, 0.000;
0.543,54.440,-18.800,43.772,-8.132,-1.377, 0.480,-1.239,0.286,0.000,0.000, 1.848,-0.313, 3.151,-0.391, 0.296, 0.628, 0.423, 0.117, 0.397, 0.471, 0.167, 1.912,-0.105, 0.296, 0.628,-0.093,-0.033, 0.000;
0.547,53.682,-20.931,42.999,-10.247,-1.375, 0.480,-1.234,0.514,0.000,1.179, 1.846,-0.311, 3.149,-0.620, 0.296,-0.551, 0.380, 0.074, 0.352, 0.471, 0.169, 1.915,-0.106, 0.296, 0.628,-0.093,-0.033, 0.000;
0.556,51.181,-20.510,41.754,-11.084,-1.370, 0.482,-1.254,0.515,0.257,-2.289, 1.840,-0.311, 3.174,-0.622, 0.038, 2.918, 0.467, 0.161, 0.256, 0.470, 0.171, 1.920,-0.108, 0.295, 0.628,-0.093,-0.034, 0.000;
0.560,53.809,-20.428,40.626,-7.245,-1.368, 0.482,-1.249,0.512,0.000,1.131, 1.838,-0.310, 3.172,-0.621, 0.295,-0.502, 0.424, 0.117, 0.209, 0.469, 0.172, 1.923,-0.108, 0.295, 0.628,-0.093,-0.034, 0.000;
0.565,51.240,-19.818,41.688,-10.267,-1.366, 0.484,-1.239,0.503,0.503,2.209, 1.835,-0.311, 3.165,-0.612,-0.208,-1.581, 0.379, 0.162, 0.164, 0.469, 0.174, 1.926,-0.109, 0.295, 0.628,-0.093,-0.034, 0.000;
0.572,52.303,-15.698,43.917,-7.312,-1.364, 0.484,-1.234,0.303,0.000,0.696, 1.832,-0.308, 3.164,-0.414, 0.294,-0.068, 0.453, 0.088, 0.090, 0.468, 0.176, 1.930,-0.110, 0.294, 0.628,-0.092,-0.035, 0.000;
0.579,52.399,-21.342,42.411,-11.354,-1.359, 0.487,-1.254,0.684,0.342,-3.043, 1.827,-0.309, 3.188,-0.796,-0.049, 3.672, 0.518, 0.154, 0.019, 0.467, 0.178, 1.934,-0.112, 0.294, 0.628,-0.092,-0.035, 0.000;
0.584,53.132,-19.162,39.105,-5.134,-1.357, 0.487,-1.239,0.418,0.000,2.756, 1.824,-0.307, 3.177,-0.530, 0.293,-2.127, 0.465, 0.100,-0.035, 0.467, 0.179, 1.938,-0.113, 0.293, 0.628,-0.092,-0.035, 0.000;
0.590,50.590,-19.129,42.745,-11.283,-1.355, 0.489,-1.239,0.365,0.365,0.000, 1.821,-0.308, 3.181,-0.478,-0.072, 0.628, 0.403, 0.162,-0.096, 0.466, 0.181, 1.941,-0.114, 0.293, 0.628,-0.092,-0.036, 0.000;
0.598,53.475,-18.345,42.697,-7.567,-1.353, 0.489,-1.239,0.268,0.000,0.000, 1.818,-0.305, 3.186,-0.383, 0.292, 0.628, 0.320, 0.078,-0.012, 0.465, 0.184, 1.947,-0.115, 0.292, 0.628,-0.092,-0.036, 0.000;
0.603,52.684,-21.500,41.889,-10.705,-1.348, 0.489,-1.249,0.886,0.000,-1.945, 1.813,-0.304, 3.199,-1.002, 0.292, 2.574, 0.371, 0.028,-0.065, 0.464, 0.185, 1.950,-0.116, 0.292, 0.628,-0.092,-0.037, 0.000;
0.609,49.528,-20.739,36.630,-7.842,-1.346, 0.491,-1.254,0.422,0.422,-0.932, 1.810,-0.304, 3.207,-0.539,-0.131, 1.560, 0.424, 0.081,-0.120, 0.464, 0.187, 1.953,-0.117, 0.291, 0.628,-0.092,-0.037, 0.000;
0.615,53.538,-18.006,41.688,-6.156,-1.344, 0.491,-1.234,0.348,0.000,3.093, 1.807,-0.303, 3.191,-0.466, 0.291,-2.465, 0.359, 0.145,-0.053, 0.463, 0.188, 1.957,-0.118, 0.291, 0.628,-0.091,-0.037, 0.000;
0.622,50.359,-19.064,42.825,-11.530,-1.341, 0.493,-1.239,0.335,0.335,-0.768, 1.804,-0.303, 3.201,-0.455,-0.044, 1.397, 0.426, 0.212, 0.015, 0.462, 0.190, 1.961,-0.120, 0.290, 0.628,-0.091,-0.038, 0.000;
0.628,53.481,-18.944,41.825,-7.288,-1.339, 0.493,-1.239,0.353,0.000,0.000, 1.801,-0.301, 3.205,-0.474, 0.290, 0.628, 0.363, 0.149, 0.078, 0.462, 0.192, 1.965,-0.121, 0.290, 0.628,-0.091,-0.038, 0.000;
0.636,51.646,-21.110,40.791,-10.256,-1.335, 0.493,-1.249,0.589,0.000,-1.293, 1.795,-0.299, 3.219,-0.711, 0.289, 1.922, 0.439, 0.073,-0.000, 0.461, 0.194, 1.970,-0.122, 0.289, 0.628,-0.091,-0.038, 0.000;
0.641,50.588,-21.257,38.317,-8.987,-1.333, 0.496,-1.254,0.451,0.451,-0.996, 1.793,-0.300, 3.227,-0.574,-0.162, 1.624, 0.390, 0.122,-0.052, 0.460, 0.196, 1.973,-0.123, 0.289, 0.628,-0.091,-0.039, 0.000;
0.648,52.971,-17.667,40.990,-5.686,-1.330, 0.496,-1.234,0.303,0.000,2.693, 1.789,-0.298, 3.212,-0.427, 0.288,-2.065, 0.463, 0.049, 0.025, 0.459, 0.198, 1.978,-0.124, 0.288, 0.628,-0.091,-0.039, 0.000;
0.653,50.352,-19.326,42.329,-11.302,-1.328, 0.498,-1.239,0.410,0.410,-0.940, 1.786,-0.298, 3.221,-0.535,-0.122, 1.569, 0.409, 0.104, 0.080, 0.458, 0.200, 1.981,-0.125, 0.288, 0.628,-0.090,-0.039, 0.000;
0.662,52.699,-18.671,40.797,-6.769,-1.324, 0.498,-1.249,0.541,0.000,-1.188, 1.781,-0.296, 3.236,-0.668, 0.287, 1.816, 0.492, 0.021,-0.006, 0.457, 0.202, 1.987,-0.127, 0.287, 0.628,-0.090,-0.040, 0.000;
0.666,50.508,-21.026,38.297,-8.814,-1.321, 0.498,-1.249,0.532,0.000,0.000, 1.778,-0.295, 3.238,-0.659, 0.287, 0.628, 0.449,-0.021,-0.048, 0.457, 0.203, 1.989,-0.128, 0.287, 0.628,-0.090,-0.040, 0.000;
0.674,49.853,-20.421,38.892,-9.460,-1.319, 0.500,-1.249,0.262,0.262,0.000, 1.775,-0.294, 3.244,-0.392, 0.024, 0.628, 0.364, 0.065,-0.135, 0.456, 0.206, 1.994,-0.129, 0.286, 0.628,-0.090,-0.041, 0.000;
0.678,52.551,-18.858,41.574,-7.880,-1.317, 0.500,-1.234,0.544,0.000,3.638, 1.772,-0.293, 3.231,-0.674, 0.286,-3.009, 0.323, 0.024,-0.091, 0.455, 0.207, 1.997,-0.130, 0.286, 0.628,-0.090,-0.041, 0.000;
0.685,47.793,-17.952,40.709,-10.868,-1.315, 0.502,-1.239,0.345,0.345,-0.791, 1.769,-0.294, 3.240,-0.476,-0.059, 1.419, 0.388, 0.089,-0.025, 0.454, 0.209, 2.001,-0.131, 0.286, 0.628,-0.090,-0.041, 0.000;
0.691,52.326,-19.110,40.520,-7.304,-1.310, 0.502,-1.249,0.703,0.000,-1.544, 1.764,-0.292, 3.254,-0.835, 0.285, 2.173, 0.452, 0.025,-0.090, 0.454, 0.210, 2.005,-0.132, 0.285, 0.628,-0.090,-0.042, 0.000;
0.698,49.091,-20.779,36.443,-8.131,-1.308, 0.504,-1.254,0.350,0.350,-0.772, 1.761,-0.292, 3.263,-0.483,-0.066, 1.401, 0.388, 0.090,-0.155, 0.453, 0.212, 2.009,-0.133, 0.284, 0.628,-0.089,-0.042, 0.000;
0.704,52.091,-18.998,40.232,-7.140,-1.306, 0.504,-1.249,0.349,0.000,0.770, 1.758,-0.290, 3.262,-0.483, 0.284,-0.142, 0.452, 0.026,-0.091, 0.452, 0.214, 2.013,-0.134, 0.284, 0.628,-0.089,-0.042, 0.000;
0.710,50.267,-19.766,40.046,-9.545,-1.303, 0.504,-1.234,0.353,0.000,2.360, 1.755,-0.289, 3.251,-0.489, 0.283,-1.732, 0.389, 0.089,-0.024, 0.451, 0.216, 2.017,-0.136, 0.283, 0.628,-0.089,-0.043, 0.000;
0.717,49.049,-19.564,40.548,-11.063,-1.299, 0.507,-1.249,0.701,0.350,-2.343, 1.749,-0.289, 3.270,-0.838,-0.068, 2.971, 0.453, 0.153,-0.088, 0.450, 0.218, 2.021,-0.137, 0.283, 0.628,-0.089,-0.043, 0.000;
0.723,50.263,-18.835,36.718,-5.289,-1.297, 0.509,-1.254,0.332,0.332,-0.733, 1.746,-0.289, 3.279,-0.470,-0.050, 1.361, 0.386, 0.221,-0.157, 0.449, 0.220, 2.025,-0.138, 0.282, 0.628,-0.089,-0.043, 0.000;
0.731,51.718,-19.031,39.850,-7.163,-1.295, 0.509,-1.249,0.291,0.000,0.643, 1.743,-0.287, 3.279,-0.430, 0.282,-0.014, 0.309, 0.143,-0.080, 0.448, 0.222, 2.030,-0.139, 0.282, 0.628,-0.088,-0.044, 0.000;
0.745,50.065,-20.577,39.655,-10.167,-1.292, 0.509,-1.249,0.158,0.000,0.000, 1.739,-0.283, 3.288,-0.299, 0.280, 0.628, 0.167, 0.001, 0.063, 0.446, 0.226, 2.039,-0.142, 0.280, 0.628,-0.088,-0.045, 0.000;
0.748,51.262,-20.947,40.142,-9.828,-1.290, 0.511,-1.239,0.734,0.734,3.223, 1.736,-0.285, 3.280,-0.876,-0.454,-2.594, 0.137, 0.032, 0.095, 0.446, 0.227, 2.041,-0.142, 0.280, 0.628,-0.088,-0.045, 0.000;
0.753,47.986,-13.015,40.307,-5.336,-1.286, 0.511,-1.249,1.055,0.000,-2.316, 1.731,-0.283, 3.293,-1.198, 0.280, 2.944, 0.180, 0.075, 0.052, 0.445, 0.228, 2.044,-0.143, 0.280, 0.628,-0.088,-0.045, 0.000;
0.760,46.296,-19.819,32.708,-6.231,-1.283, 0.513,-1.254,0.304,0.304,-0.671, 1.727,-0.284, 3.302,-0.449,-0.025, 1.300, 0.254, 0.149,-0.023, 0.444, 0.230, 2.048,-0.144, 0.279, 0.628,-0.088,-0.045, 0.000;
0.765,51.231,-19.170,39.355,-7.294,-1.281, 0.513,-1.249,0.400,0.000,0.883, 1.724,-0.282, 3.301,-0.546, 0.279,-0.255, 0.310, 0.093, 0.033, 0.443, 0.231, 2.052,-0.145, 0.279, 0.628,-0.087,-0.046, 0.000;
0.774,48.704,-19.989,38.480,-9.765,-1.279, 0.513,-1.249,0.267,0.000,0.000, 1.721,-0.280, 3.306,-0.414, 0.278, 0.628, 0.394, 0.009, 0.117, 0.442, 0.234, 2.057,-0.147, 0.278, 0.628,-0.087,-0.046, 0.000;
0.779,50.135,-20.236,38.959,-9.060,-1.277, 0.516,-1.234,0.403,0.403,2.695, 1.718,-0.280, 3.295,-0.551,-0.126,-2.066, 0.338, 0.065, 0.175, 0.441, 0.235, 2.060,-0.148, 0.277, 0.628,-0.087,-0.046, 0.000;
0.783,48.815,-16.355,40.531,-8.070,-1.272, 0.516,-1.249,1.419,0.000,-4.744, 1.713,-0.280, 3.312,-1.567, 0.277, 5.373, 0.370, 0.096, 0.143, 0.441, 0.236, 2.062,-0.148, 0.277, 0.628,-0.087,-0.047, 0.000;
0.789,44.797,-19.602,28.575,-3.380,-1.270, 0.518,-1.249,0.340,0.340,0.000, 1.710,-0.280, 3.316,-0.489,-0.063, 0.628, 0.436, 0.162, 0.076, 0.440, 0.238, 2.067,-0.149, 0.276, 0.628,-0.087,-0.047, 0.000;
0.794,50.258,-18.324,39.051,-7.117,-1.268, 0.518,-1.249,0.478,0.000,0.000, 1.707,-0.279, 3.319,-0.628, 0.276, 0.628, 0.389, 0.116, 0.029, 0.439, 0.239, 2.070,-0.150, 0.276, 0.628,-0.087,-0.047, 0.000;
0.800,48.111,-20.271,36.895,-9.055,-1.266, 0.520,-1.254,0.359,0.359,-0.793, 1.704,-0.279, 3.327,-0.510,-0.084, 1.421, 0.452, 0.178,-0.035, 0.438, 0.241, 2.073,-0.151, 0.275, 0.628,-0.086,-0.048, 0.000;
0.806,50.640,-17.838,38.555,-5.754,-1.263, 0.520,-1.234,0.367,0.000,3.261, 1.701,-0.278, 3.311,-0.519, 0.275,-2.633, 0.391, 0.117, 0.030, 0.437, 0.243, 2.077,-0.152, 0.275, 0.628,-0.086,-0.048, 0.000;
0.813,46.972,-18.614,39.235,-10.876,-1.259, 0.520,-1.249,0.689,0.000,-2.302, 1.695,-0.276, 3.330,-0.842, 0.274, 2.931, 0.456, 0.052,-0.036, 0.436, 0.244, 2.081,-0.154, 0.274, 0.628,-0.086,-0.048, 0.000;
0.819,47.707,-20.522,34.013,-6.828,-1.257, 0.522,-1.249,0.353,0.353,0.000, 1.692,-0.276, 3.334,-0.507,-0.079, 0.628, 0.393, 0.116,-0.100, 0.435, 0.246, 2.085,-0.155, 0.273, 0.628,-0.086,-0.049, 0.000;
0.825,49.715,-18.058,38.448,-6.791,-1.254, 0.522,-1.249,0.351,0.000,0.000, 1.689,-0.274, 3.338,-0.507, 0.273, 0.628, 0.329, 0.052,-0.163, 0.434, 0.248, 2.089,-0.156, 0.273, 0.628,-0.086,-0.049, 0.000;
0.832,48.484,-20.336,37.205,-9.057,-1.252, 0.525,-1.249,0.353,0.353,0.000, 1.685,-0.275, 3.342,-0.510,-0.081, 0.628, 0.266, 0.116,-0.100, 0.433, 0.250, 2.093,-0.157, 0.272, 0.628,-0.086,-0.049, 0.000;
0.845,49.714,-17.338,38.422,-6.047,-1.250, 0.525,-1.234,0.164,0.000,1.094, 1.681,-0.271, 3.336,-0.323, 0.271,-0.466, 0.402,-0.021, 0.045, 0.431, 0.253, 2.102,-0.159, 0.271, 0.628,-0.085,-0.050, 0.000;
0.856,49.081,-19.660,38.969,-9.548,-1.248, 0.525,-1.234,0.209,0.000,0.000, 1.677,-0.268, 3.343,-0.370, 0.270, 0.628, 0.294, 0.086, 0.156, 0.429, 0.256, 2.109,-0.161, 0.270, 0.628,-0.085,-0.051, 0.000;
0.865,49.008,-20.769,37.715,-9.476,-1.243, 0.527,-1.249,0.463,0.232,-1.549, 1.671,-0.268, 3.364,-0.626, 0.037, 2.178, 0.391, 0.183, 0.055, 0.428, 0.259, 2.115,-0.163, 0.269, 0.628,-0.084,-0.051, 0.000;
0.874,48.804,-19.231,35.803,-6.230,-1.241, 0.527,-1.249,0.264,0.000,0.000, 1.667,-0.266, 3.369,-0.428, 0.268, 0.628, 0.306, 0.098,-0.033, 0.426, 0.261, 2.120,-0.164, 0.268, 0.628,-0.084,-0.052, 0.000;
0.880,48.400,-20.555,37.024,-9.179,-1.237, 0.529,-1.249,0.705,0.352,0.000, 1.662,-0.266, 3.373,-0.870,-0.085, 0.628, 0.370, 0.161,-0.097, 0.425, 0.263, 2.124,-0.165, 0.267, 0.628,-0.084,-0.052, 0.000;
0.884,46.565,-16.780,35.176,-5.391,-1.234, 0.529,-1.249,0.682,0.000,0.000, 1.659,-0.265, 3.375,-0.848, 0.267, 0.628, 0.403, 0.128,-0.130, 0.425, 0.264, 2.126,-0.166, 0.267, 0.628,-0.084,-0.052, 0.000;
0.889,45.493,-19.108,34.098,-7.713,-1.232, 0.531,-1.249,0.406,0.406,0.000, 1.656,-0.266, 3.378,-0.573,-0.140, 0.628, 0.458, 0.184,-0.185, 0.424, 0.265, 2.129,-0.167, 0.266, 0.628,-0.084,-0.052, 0.000;
0.896,48.511,-17.319,37.105,-5.913,-1.230, 0.531,-1.249,0.335,0.000,0.000, 1.653,-0.264, 3.383,-0.503, 0.266, 0.628, 0.391, 0.117,-0.119, 0.423, 0.267, 2.134,-0.168, 0.266, 0.628,-0.083,-0.053, 0.000;
0.900,47.762,-19.539,36.342,-8.119,-1.228, 0.531,-1.234,0.573,0.000,3.834, 1.650,-0.263, 3.370,-0.742, 0.265,-3.206, 0.352, 0.078,-0.077, 0.422, 0.268, 2.136,-0.168, 0.265, 0.628,-0.083,-0.053, 0.000;
0.903,43.875,-17.331,36.558,-10.014,-1.223, 0.533,-1.249,1.143,0.572,-3.823, 1.645,-0.265, 3.388,-1.312,-0.307, 4.451, 0.392, 0.117,-0.116, 0.422, 0.269, 2.138,-0.169, 0.265, 0.628,-0.083,-0.053, 0.000;
0.908,46.010,-15.793,30.524,-0.306,-1.221, 0.533,-1.249,0.492,0.000,0.000, 1.642,-0.263, 3.390,-0.662, 0.264, 0.628, 0.438, 0.163,-0.162, 0.421, 0.270, 2.141,-0.170, 0.264, 0.628,-0.083,-0.053, 0.000;
0.915,46.247,-19.540,34.802,-8.096,-1.216, 0.536,-1.249,0.678,0.339,0.000, 1.636,-0.264, 3.395,-0.849,-0.075, 0.628, 0.504, 0.229,-0.096, 0.420, 0.272, 2.145,-0.171, 0.264, 0.628,-0.083,-0.054, 0.000;
0.921,46.009,-16.673,34.551,-5.215,-1.214, 0.536,-1.249,0.341,0.000,0.000, 1.633,-0.262, 3.399,-0.513, 0.263, 0.628, 0.439, 0.163,-0.030, 0.419, 0.274, 2.150,-0.172, 0.263, 0.628,-0.083,-0.054, 0.000;
0.927,46.982,-19.942,35.512,-8.471,-1.212, 0.538,-1.249,0.356,0.356,0.000, 1.629,-0.263, 3.403,-0.529,-0.094, 0.628, 0.376, 0.226, 0.033, 0.417, 0.275, 2.154,-0.173, 0.262, 0.628,-0.082,-0.054, 0.000;
0.934,47.956,-17.539,36.472,-6.056,-1.210, 0.538,-1.249,0.338,0.000,0.000, 1.626,-0.261, 3.407,-0.512, 0.262, 0.628, 0.442, 0.160,-0.033, 0.416, 0.277, 2.158,-0.174, 0.262, 0.628,-0.082,-0.055, 0.000;
0.941,46.887,-19.681,35.390,-8.184,-1.208, 0.538,-1.244,0.313,0.000,0.712, 1.623,-0.259, 3.406,-0.488, 0.261,-0.083, 0.371, 0.088, 0.040, 0.415, 0.279, 2.162,-0.175, 0.261, 0.628,-0.082,-0.055, 0.000;
0.946,46.483,-19.587,35.743,-8.847,-1.205, 0.540,-1.249,0.436,0.436,-0.992, 1.619,-0.260, 3.414,-0.612,-0.176, 1.620, 0.319, 0.140,-0.012, 0.414, 0.280, 2.165,-0.176, 0.260, 0.628,-0.082,-0.055, 0.000;
0.953,47.937,-17.224,35.365,-4.652,-1.201, 0.540,-1.249,0.689,0.000,0.000, 1.614,-0.258, 3.418,-0.867, 0.260, 0.628, 0.385, 0.075,-0.077, 0.413, 0.282, 2.169,-0.177, 0.260, 0.628,-0.082,-0.056, 0.000;
0.959,44.275,-18.468,32.742,-6.934,-1.199, 0.540,-1.244,0.347,0.000,0.790, 1.610,-0.257, 3.417,-0.526, 0.259,-0.162, 0.449, 0.010,-0.012, 0.412, 0.283, 2.173,-0.178, 0.259, 0.628,-0.081,-0.056, 0.000;
0.966,45.882,-19.336,35.189,-8.643,-1.196, 0.542,-1.249,0.325,0.325,-0.739, 1.607,-0.257, 3.427,-0.504,-0.067, 1.367, 0.380, 0.080,-0.081, 0.411, 0.285, 2.178,-0.179, 0.258, 0.628,-0.081,-0.056, 0.000;
0.972,47.872,-17.865,35.529,-5.522,-1.194, 0.542,-1.244,0.388,0.000,0.883, 1.604,-0.256, 3.425,-0.569, 0.257,-0.255, 0.323, 0.022,-0.022, 0.410, 0.287, 2.181,-0.180, 0.257, 0.628,-0.081,-0.057, 0.000;
0.979,45.387,-19.091,34.767,-8.471,-1.192, 0.545,-1.249,0.321,0.321,-0.729, 1.600,-0.256, 3.435,-0.502,-0.064, 1.357, 0.392, 0.093,-0.092, 0.408, 0.288, 2.186,-0.181, 0.257, 0.628,-0.081,-0.057, 0.000;
1.000,47.639,-18.047,35.281,-5.688,-1.190, 0.545,-1.249,0.107,0.000,0.000, 1.594,-0.251, 3.448,-0.291, 0.254, 0.628, 0.183,-0.117,-0.302, 0.405, 0.294, 2.199,-0.185, 0.254, 0.628,-0.080,-0.058, 0.000;
1.008,47.455,-20.259,35.827,-8.631,-1.185, 0.545,-1.244,0.564,0.000,0.641, 1.588,-0.249, 3.448,-0.750, 0.253,-0.013, 0.262,-0.037,-0.220, 0.403, 0.296, 2.204,-0.186, 0.253, 0.628,-0.080,-0.058, 0.000;
1.014,43.913,-18.623,32.965,-7.675,-1.183, 0.547,-1.249,0.355,0.355,-0.808, 1.585,-0.249, 3.457,-0.542,-0.103, 1.437, 0.325, 0.026,-0.157, 0.402, 0.297, 2.208,-0.187, 0.253, 0.628,-0.079,-0.059, 0.000;
1.019,47.157,-17.509,34.644,-4.997,-1.181, 0.547,-1.244,0.473,0.000,1.077, 1.582,-0.248, 3.455,-0.661, 0.252,-0.448, 0.278, 0.073,-0.108, 0.401, 0.299, 2.211,-0.188, 0.252, 0.628,-0.079,-0.059, 0.000;
1.023,44.094,-18.609,33.585,-8.101,-1.176, 0.549,-1.249,1.024,0.512,-1.164, 1.576,-0.249, 3.463,-1.212,-0.260, 1.793, 0.322, 0.117,-0.064, 0.400, 0.300, 2.214,-0.188, 0.251, 0.628,-0.079,-0.059, 0.000;
1.028,43.312,-14.446,30.404,-1.538,-1.174, 0.549,-1.244,0.468,0.000,1.064, 1.573,-0.248, 3.461,-0.657, 0.251,-0.436, 0.370, 0.165,-0.016, 0.399, 0.301, 2.217,-0.189, 0.251, 0.628,-0.079,-0.059, 0.000;
1.035,43.988,-18.327,33.448,-7.788,-1.172, 0.549,-1.244,0.319,0.000,0.000, 1.570,-0.246, 3.465,-0.509, 0.250, 0.628, 0.440, 0.094, 0.055, 0.398, 0.303, 2.221,-0.190, 0.250, 0.628,-0.079,-0.060, 0.000;
1.039,45.334,-19.565,33.653,-7.883,-1.170, 0.551,-1.249,0.470,0.470,-1.068, 1.567,-0.247, 3.473,-0.660,-0.220, 1.696, 0.392, 0.142, 0.007, 0.397, 0.304, 2.224,-0.191, 0.250, 0.628,-0.078,-0.060, 0.000;
1.045,46.436,-16.356,33.598,-3.517,-1.167, 0.551,-1.244,0.431,0.000,0.980, 1.563,-0.246, 3.471,-0.623, 0.249,-0.352, 0.444, 0.091, 0.060, 0.396, 0.305, 2.227,-0.192, 0.249, 0.628,-0.078,-0.060, 0.000;
1.050,43.996,-18.409,33.334,-7.747,-1.165, 0.551,-1.244,0.445,0.000,0.000, 1.560,-0.245, 3.474,-0.637, 0.248, 0.628, 0.394, 0.040, 0.110, 0.395, 0.306, 2.230,-0.192, 0.248, 0.628,-0.078,-0.060, 0.000;
1.056,44.126,-19.460,32.415,-7.749,-1.161, 0.554,-1.259,0.758,0.379,-2.594, 1.555,-0.246, 3.493,-0.951,-0.131, 3.222, 0.454, 0.100, 0.048, 0.394, 0.308, 2.234,-0.193, 0.248, 0.628,-0.078,-0.061, 0.000;
1.067,44.785,-16.734,30.264,-2.213,-1.158, 0.554,-1.244,0.190,0.000,1.303, 1.550,-0.243, 3.485,-0.386, 0.246,-0.675, 0.571,-0.018, 0.167, 0.392, 0.311, 2.241,-0.195, 0.246, 0.628,-0.077,-0.061, 0.000;
1.071,45.004,-18.916,34.639,-8.550,-1.156, 0.554,-1.244,0.539,0.000,0.000, 1.547,-0.242, 3.488,-0.735, 0.246, 0.628, 0.529, 0.024, 0.125, 0.391, 0.312, 2.244,-0.196, 0.246, 0.628,-0.077,-0.062, 0.000;
1.074,43.351,-18.480,31.596,-6.725,-1.154, 0.556,-1.244,0.813,0.813,0.000, 1.544,-0.243, 3.490,-1.010,-0.568, 0.628, 0.501, 0.051, 0.098, 0.390, 0.312, 2.246,-0.196, 0.245, 0.628,-0.077,-0.062, 0.000;
1.078,44.124,-12.275,32.364,-0.515,-1.152, 0.556,-1.244,0.595,0.000,0.000, 1.541,-0.242, 3.492,-0.792, 0.245, 0.628, 0.464, 0.089, 0.060, 0.390, 0.313, 2.248,-0.197, 0.245, 0.628,-0.077,-0.062, 0.000;
1.088,42.855,-18.210,31.087,-6.442,-1.149, 0.558,-1.244,0.213,0.213,0.000, 1.537,-0.242, 3.499,-0.411, 0.031, 0.628, 0.569, 0.195,-0.045, 0.388, 0.316, 2.255,-0.198, 0.244, 0.628,-0.077,-0.062, 0.000;
1.092,45.892,-18.006,34.103,-6.218,-1.147, 0.558,-1.244,0.696,0.000,0.000, 1.534,-0.241, 3.501,-0.895, 0.243, 0.628, 0.536, 0.163,-0.013, 0.387, 0.317, 2.257,-0.199, 0.243, 0.628,-0.076,-0.063, 0.000;
1.096,41.758,-18.544,29.962,-6.749,-1.143, 0.560,-1.264,0.948,0.474,-4.278, 1.529,-0.242, 3.524,-1.147,-0.231, 4.906, 0.583, 0.210,-0.064, 0.386, 0.318, 2.260,-0.200, 0.243, 0.628,-0.076,-0.063, 0.000;
1.103,43.943,-16.704,27.541,-0.302,-1.141, 0.560,-1.259,0.318,0.000,0.694, 1.525,-0.241, 3.523,-0.519, 0.242,-0.065, 0.513, 0.139,-0.138, 0.385, 0.320, 2.264,-0.201, 0.242, 0.628,-0.076,-0.063, 0.000;
1.109,43.669,-19.163,32.537,-8.032,-1.138, 0.560,-1.259,0.396,0.000,0.000, 1.522,-0.239, 3.527,-0.598, 0.241, 0.628, 0.456, 0.083,-0.196, 0.383, 0.321, 2.268,-0.202, 0.241, 0.628,-0.076,-0.063, 0.000;
1.124,43.567,-18.878,31.689,-7.000,-1.136, 0.562,-1.249,0.150,0.150,0.687, 1.517,-0.238, 3.526,-0.354, 0.089,-0.059, 0.308, 0.232,-0.044, 0.380, 0.324, 2.277,-0.204, 0.239, 0.628,-0.075,-0.064, 0.000;
1.131,45.175,-18.083,34.028,-6.935,-1.134, 0.562,-1.244,0.331,0.000,0.753, 1.513,-0.236, 3.525,-0.536, 0.238,-0.124, 0.240, 0.164, 0.026, 0.379, 0.326, 2.281,-0.205, 0.238, 0.628,-0.075,-0.064, 0.000;
1.134,43.376,-18.429,32.301,-7.353,-1.132, 0.562,-1.244,0.572,0.000,0.000, 1.510,-0.235, 3.528,-0.777, 0.238, 0.628, 0.279, 0.124, 0.066, 0.378, 0.327, 2.284,-0.205, 0.238, 0.628,-0.075,-0.065, 0.000;
1.141,42.130,-18.043,30.249,-6.162,-1.129, 0.565,-1.244,0.356,0.356,0.000, 1.506,-0.236, 3.532,-0.562,-0.119, 0.628, 0.342, 0.187, 0.130, 0.377, 0.328, 2.288,-0.206, 0.237, 0.628,-0.074,-0.065, 0.000;
1.146,44.582,-16.367,32.689,-4.473,-1.127, 0.565,-1.244,0.390,0.000,0.000, 1.503,-0.235, 3.535,-0.597, 0.236, 0.628, 0.284, 0.130, 0.187, 0.376, 0.330, 2.291,-0.207, 0.236, 0.628,-0.074,-0.065, 0.000;
1.152,42.993,-18.927,31.088,-7.022,-1.123, 0.565,-1.254,0.825,0.000,-1.895, 1.497,-0.234, 3.549,-1.033, 0.235, 2.524, 0.339, 0.075, 0.131, 0.375, 0.331, 2.295,-0.208, 0.235, 0.628,-0.074,-0.065, 0.000;
1.157,41.003,-18.661,27.046,-4.704,-1.120, 0.567,-1.259,0.398,0.398,-0.896, 1.494,-0.235, 3.557,-0.607,-0.163, 1.524, 0.395, 0.132, 0.071, 0.373, 0.332, 2.298,-0.209, 0.235, 0.628,-0.074,-0.066, 0.000;
1.164,44.455,-16.920,31.530,-3.996,-1.118, 0.567,-1.259,0.338,0.000,0.000, 1.490,-0.233, 3.561,-0.548, 0.234, 0.628, 0.329, 0.066, 0.002, 0.372, 0.334, 2.302,-0.210, 0.234, 0.628,-0.073,-0.066, 0.000;
1.168,42.945,-19.184,30.956,-7.195,-1.116, 0.569,-1.259,0.556,0.556,0.000, 1.487,-0.234, 3.564,-0.767,-0.323, 0.628, 0.289, 0.106,-0.039, 0.371, 0.335, 2.305,-0.210, 0.233, 0.628,-0.073,-0.066, 0.000;
1.174,43.317,-14.826,31.320,-2.829,-1.114, 0.569,-1.259,0.382,0.000,0.000, 1.484,-0.233, 3.568,-0.593, 0.233, 0.628, 0.348, 0.165,-0.099, 0.370, 0.336, 2.308,-0.211, 0.233, 0.628,-0.073,-0.066, 0.000;
1.179,42.697,-18.394,30.689,-6.385,-1.112, 0.569,-1.244,0.428,0.000,2.927, 1.480,-0.232, 3.556,-0.640, 0.232,-2.299, 0.400, 0.112,-0.044, 0.369, 0.337, 2.312,-0.212, 0.232, 0.628,-0.073,-0.067, 0.000;
1.188,40.728,-16.659,31.859,-7.791,-1.109, 0.571,-1.244,0.260,0.260,0.000, 1.476,-0.232, 3.561,-0.473,-0.030, 0.628, 0.486, 0.199, 0.045, 0.367, 0.339, 2.317,-0.213, 0.231, 0.628,-0.072,-0.067, 0.000;
1.192,44.092,-17.002,32.105,-5.015,-1.107, 0.571,-1.244,0.549,0.000,0.000, 1.473,-0.231, 3.564,-0.763, 0.230, 0.628, 0.445, 0.158, 0.086, 0.366, 0.340, 2.320,-0.214, 0.230, 0.628,-0.072,-0.067, 0.000;
1.199,41.309,-17.746,29.314,-5.750,-1.105, 0.574,-1.244,0.295,0.295,0.000, 1.469,-0.231, 3.568,-0.510,-0.066, 0.628, 0.369, 0.233, 0.163, 0.365, 0.342, 2.324,-0.215, 0.229, 0.628,-0.072,-0.068, 0.000;
1.212,43.800,-16.583,31.790,-4.573,-1.103, 0.574,-1.244,0.173,0.000,0.000, 1.464,-0.229, 3.576,-0.390, 0.227, 0.628, 0.240, 0.104, 0.292, 0.362, 0.345, 2.332,-0.217, 0.227, 0.628,-0.071,-0.068, 0.000;
1.226,43.353,-19.269,31.317,-7.233,-1.098, 0.574,-1.254,0.328,0.000,-0.755, 1.457,-0.225, 3.595,-0.547, 0.225, 1.383, 0.377,-0.033, 0.149, 0.359, 0.348, 2.341,-0.219, 0.225, 0.628,-0.071,-0.069, 0.000;
1.239,42.485,-19.339,29.589,-6.443,-1.096, 0.576,-1.259,0.164,0.164,-0.369, 1.452,-0.225, 3.609,-0.384, 0.060, 0.997, 0.239, 0.105, 0.005, 0.356, 0.351, 2.350,-0.221, 0.224, 0.628,-0.070,-0.069, 0.000;
1.245,43.745,-18.581,31.216,-6.051,-1.094, 0.576,-1.259,0.396,0.000,0.000, 1.448,-0.223, 3.612,-0.617, 0.223, 0.628, 0.295, 0.048,-0.053, 0.355, 0.352, 2.353,-0.221, 0.223, 0.628,-0.070,-0.070, 0.000;
1.256,41.424,-18.658,29.273,-6.508,-1.089, 0.578,-1.259,0.397,0.199,0.000, 1.441,-0.223, 3.619,-0.620, 0.023, 0.628, 0.409, 0.161,-0.168, 0.352, 0.355, 2.360,-0.223, 0.221, 0.628,-0.07