0.000,0.000,0.000,0.000,0.000, 0.000, 0.000, 0.000,0.000,0.000,0.000, 0.000, 0.000, 0.000;
0.022,1.009,-0.476,-0.468,1.002, 0.089, 0.007,-0.754,0.000,0.000,0.000, 0.411, 0.007, 2.011;
0.034,1.014,-0.481,-0.463,0.996, 0.089, 0.007,-0.754,0.000,0.000,0.000, 0.410, 0.015, 2.011;
0.046,1.019,-0.487,-0.458,0.991, 0.089, 0.007,-0.754,0.000,0.000,0.000, 0.410, 0.022, 2.011;
0.058,1.024,-0.492,-0.454,0.985, 0.089, 0.007,-0.754,0.000,0.000,0.000, 0.409, 0.030, 2.011;
0.071,1.029,-0.498,-0.449,0.979, 0.089, 0.007,-0.754,0.000,0.000,0.000, 0.409, 0.038, 2.011;
0.083,1.034,-0.504,-0.444,0.974, 0.089, 0.007,-0.754,0.000,0.000,0.000, 0.408, 0.046, 2.011;
0.095,1.038,-0.509,-0.439,0.968, 0.089, 0.007,-0.754,0.000,0.000,0.000, 0.407, 0.053, 2.011;
0.108,1.043,-0.515,-0.435,0.962, 0.089, 0.007,-0.754,0.000,0.000,0.000, 0.406, 0.061, 2.011;
0.120,1.047,-0.521,-0.430,0.956, 0.089, 0.007,-0.754,0.000,0.000,0.000, 0.405, 0.068, 2.011;
0.132,1.052,-0.527,-0.426,0.950, 0.089, 0.007,-0.754,0.000,0.000,0.000, 0.404, 0.076, 2.011;
0.145,1.056,-0.533,-0.422,0.944, 0.089, 0.007,-0.754,0.000,0.000,0.000, 0.402, 0.084, 2.011;
0.156,1.060,-0.539,-0.418,0.938, 0.089, 0.007,-0.754,0.000,0.000,0.000, 0.401, 0.091, 2.011;
0.169,1.064,-0.546,-0.413,0.932, 0.089, 0.007,-0.754,0.000,0.000,0.000, 0.399, 0.099, 2.011;
0.179,1.067,-0.551,-0.410,0.927, 0.089, 0.007,-0.754,0.000,0.000,0.000, 0.398, 0.105, 2.011;
0.191,1.071,-0.557,-0.406,0.921, 0.089, 0.007,-0.754,0.000,0.000,0.000, 0.396, 0.112, 2.011;
0.202,1.074,-0.562,-0.403,0.915, 0.089, 0.007,-0.754,0.000,0.000,0.000, 0.395, 0.119, 2.011;
0.214,1.078,-0.569,-0.399,0.909, 0.089, 0.007,-0.754,0.000,0.000,0.000, 0.393, 0.126, 2.011;
0.226,1.081,-0.575,-0.396,0.903, 0.089, 0.007,-0.754,0.000,0.000,0.000, 0.391, 0.133, 2.011;
0.237,1.085,-0.581,-0.393,0.897, 0.089, 0.007,-0.754,0.000,0.000,0.000, 0.389, 0.140, 2.011;
0.248,1.088,-0.587,-0.390,0.891, 0.089, 0.007,-0.754,0.000,0.000,0.000, 0.387, 0.147, 2.011;
0.259,1.091,-0.593,-0.387,0.885, 0.089, 0.007,-0.754,0.000,0.000,0.000, 0.384, 0.153, 2.011;
0.270,1.094,-0.598,-0.384,0.879, 0.089, 0.007,-0.754,0.000,0.000,0.000, 0.382, 0.160, 2.011;
0.291,1.099,-0.610,-0.379,0.867, 0.089, 0.007,-0.754,0.000,0.000,0.000, 0.378, 0.172, 2.011;
0.303,1.102,-0.616,-0.376,0.861, 0.089, 0.007,-0.754,0.000,0.000,0.000, 0.375, 0.179, 2.011;
0.314,1.104,-0.623,-0.373,0.854, 0.089, 0.007,-0.754,0.000,0.000,0.000, 0.372, 0.186, 2.011;
0.327,1.107,-0.630,-0.370,0.848, 0.089, 0.007,-0.754,0.000,0.000,0.000, 0.369, 0.193, 2.011;
0.339,1.110,-0.636,-0.368,0.841, 0.089, 0.007,-0.754,0.000,0.000,0.000, 0.366, 0.200, 2.011;
0.350,1.112,-0.643,-0.365,0.834, 0.089, 0.007,-0.754,0.000,0.000,0.000, 0.363, 0.206, 2.011;
0.361,1.114,-0.649,-0.363,0.828, 0.089, 0.007,-0.754,0.000,0.000,0.000, 0.360, 0.213, 2.011;
0.372,1.116,-0.656,-0.361,0.822, 0.089, 0.007,-0.754,0.000,0.000,0.000, 0.357, 0.219, 2.011;
0.383,1.119,-0.662,-0.359,0.816, 0.089, 0.007,-0.754,0.000,0.000,0.000, 0.354, 0.225, 2.011;
0.394,1.120,-0.668,-0.357,0.809, 0.089, 0.007,-0.754,0.000,0.000,0.000, 0.351, 0.231, 2.011;
0.405,1.122,-0.674,-0.355,0.803, 0.089, 0.007,-0.754,0.000,0.000,0.000, 0.347, 0.237, 2.011;
0.417,1.124,-0.681,-0.353,0.796, 0.089, 0.007,-0.754,0.000,0.000,0.000, 0.344, 0.243, 2.011;
0.438,1.127,-0.693,-0.350,0.784, 0.089, 0.007,-0.754,0.000,0.000,0.000, 0.337, 0.255, 2.011;
0.450,1.129,-0.700,-0.349,0.777, 0.089, 0.007,-0.754,0.000,0.000,0.000, 0.333, 0.261, 2.011;
0.461,1.130,-0.707,-0.347,0.770, 0.089, 0.007,-0.754,0.000,0.000,0.000, 0.329, 0.267, 2.011;
0.472,1.132,-0.714,-0.346,0.764, 0.089, 0.007,-0.754,0.000,0.000,0.000, 0.325, 0.273, 2.011;
0.485,1.133,-0.721,-0.344,0.756, 0.089, 0.007,-0.754,0.000,0.000,0.000, 0.321, 0.280, 2.011;
0.497,1.134,-0.728,-0.343,0.749, 0.089, 0.007,-0.754,0.000,0.000,0.000, 0.316, 0.286, 2.011;
0.509,1.135,-0.735,-0.342,0.742, 0.089, 0.007,-0.754,0.000,0.000,0.000, 0.312, 0.292, 2.011;
0.521,1.136,-0.743,-0.341,0.735, 0.089, 0.007,-0.754,0.000,0.000,0.000, 0.307, 0.298, 2.011;
0.532,1.137,-0.749,-0.340,0.728, 0.089, 0.007,-0.754,0.000,0.000,0.000, 0.303, 0.303, 2.011;
0.544,1.138,-0.757,-0.339,0.721, 0.089, 0.007,-0.754,0.000,0.000,0.000, 0.298, 0.309, 2.011;
0.556,1.139,-0.764,-0.339,0.714, 0.089, 0.007,-0.754,0.000,0.000,0.000, 0.294, 0.315, 2.011;
0.568,1.139,-0.771,-0.338,0.707, 0.089, 0.007,-0.754,0.000,0.000,0.000, 0.289, 0.321, 2.011;
0.579,1.140,-0.777,-0.338,0.700, 0.089, 0.007,-0.754,0.000,0.000,0.000, 0.284, 0.326, 2.011;
0.590,1.140,-0.784,-0.337,0.693, 0.089, 0.007,-0.754,0.000,0.000,0.000, 0.279, 0.331, 2.011;
0.601,1.140,-0.791,-0.337,0.687, 0.089, 0.007,-0.754,0.000,0.000,0.000, 0.275, 0.336, 2.011;
0.613,1.140,-0.798,-0.337,0.680, 0.089, 0.007,-0.754,0.000,0.000,0.000, 0.270, 0.341, 2.011;
0.624,1.140,-0.805,-0.337,0.673, 0.089, 0.007,-0.754,0.000,0.000,0.000, 0.265, 0.346, 2.011;
0.646,1.140,-0.818,-0.337,0.660, 0.089, 0.007,-0.754,0.000,0.000,0.000, 0.255, 0.356, 2.011;
0.657,1.140,-0.825,-0.337,0.653, 0.089, 0.007,-0.754,0.000,0.000,0.000, 0.250, 0.361, 2.011;
0.669,1.140,-0.832,-0.338,0.646, 0.089, 0.007,-0.754,0.000,0.000,0.000, 0.244, 0.366, 2.011;
0.680,1.139,-0.838,-0.338,0.639, 0.089, 0.007,-0.754,0.000,0.000,0.000, 0.239, 0.371, 2.011;
0.691,1.139,-0.845,-0.339,0.632, 0.089, 0.007,-0.754,0.000,0.000,0.000, 0.234, 0.375, 2.011;
0.703,1.138,-0.852,-0.339,0.626, 0.089, 0.007,-0.754,0.000,0.000,0.000, 0.228, 0.380, 2.011;
0.714,1.137,-0.859,-0.340,0.619, 0.089, 0.007,-0.754,0.000,0.000,0.000, 0.223, 0.384, 2.011;
0.725,1.137,-0.865,-0.341,0.612, 0.089, 0.007,-0.754,0.000,0.000,0.000, 0.217, 0.388, 2.011;
0.736,1.136,-0.872,-0.342,0.606, 0.089, 0.007,-0.754,0.000,0.000,0.000, 0.212, 0.392, 2.011;
0.747,1.135,-0.878,-0.343,0.599, 0.089, 0.007,-0.754,0.000,0.000,0.000, 0.206, 0.397, 2.011;
0.768,1.133,-0.891,-0.345,0.587, 0.089, 0.007,-0.754,0.000,0.000,0.000, 0.196, 0.404, 2.011;
0.779,1.132,-0.897,-0.346,0.580, 0.089, 0.007,-0.754,0.000,0.000,0.000, 0.190, 0.408, 2.011;
0.790,1.130,-0.904,-0.347,0.574, 0.089, 0.007,-0.754,0.000,0.000,0.000, 0.184, 0.412, 2.011;
0.801,1.129,-0.910,-0.349,0.567, 0.089, 0.007,-0.754,0.000,0.000,0.000, 0.178, 0.416, 2.011;
0.813,1.127,-0.917,-0.350,0.560, 0.089, 0.007,-0.754,0.000,0.000,0.000, 0.172, 0.420, 2.011;
0.824,1.126,-0.924,-0.352,0.554, 0.089, 0.007,-0.754,0.000,0.000,0.000, 0.166, 0.423, 2.011;
0.835,1.124,-0.930,-0.354,0.548, 0.089, 0.007,-0.754,0.000,0.000,0.000, 0.160, 0.427, 2.011;
0.846,1.122,-0.936,-0.355,0.541, 0.089, 0.007,-0.754,0.000,0.000,0.000, 0.154, 0.430, 2.011;
0.858,1.120,-0.943,-0.357,0.534, 0.089, 0.007,-0.754,0.000,0.000,0.000, 0.147, 0.434, 2.011;
0.869,1.118,-0.949,-0.359,0.528, 0.089, 0.007,-0.754,0.000,0.000,0.000, 0.141, 0.437, 2.011;
0.892,1.114,-0.963,-0.364,0.515, 0.089, 0.007,-0.754,0.000,0.000,0.000, 0.128, 0.443, 2.011;
0.896,1.113,-0.965,-0.364,0.512, 0.089, 0.007,-0.754,0.000,0.000,0.000, 0.126, 0.445, 2.011;
0.907,1.111,-0.971,-0.367,0.506, 0.089, 0.007,-0.754,0.000,0.000,0.000, 0.120, 0.448, 2.011;
0.918,1.108,-0.978,-0.369,0.500, 0.089, 0.007,-0.754,0.000,0.000,0.000, 0.113, 0.450, 2.011;
0.929,1.106,-0.984,-0.372,0.494, 0.089, 0.007,-0.754,0.000,0.000,0.000, 0.107, 0.453, 2.011;
0.951,1.101,-0.996,-0.377,0.481, 0.089, 0.007,-0.754,0.000,0.000,0.000, 0.094, 0.458, 2.011;
0.964,1.098,-1.003,-0.380,0.475, 0.089, 0.007,-0.754,0.000,0.000,0.000, 0.087, 0.461, 2.011;
0.976,1.095,-1.010,-0.383,0.468, 0.089, 0.007,-0.754,0.000,0.000,0.000, 0.079, 0.464, 2.011;
0.988,1.092,-1.016,-0.386,0.461, 0.089, 0.007,-0.754,0.000,0.000,0.000, 0.072, 0.466, 2.011;
1.000,1.088,-1.023,-0.389,0.455, 0.089, 0.007,-0.754,0.000,0.000,0.000, 0.065, 0.469, 2.011;
1.011,1.085,-1.029,-0.392,0.449, 0.089, 0.007,-0.754,0.000,0.000,0.000, 0.058, 0.471, 2.011;
1.023,1.082,-1.035,-0.396,0.443, 0.089, 0.007,-0.754,0.000,0.000,0.000, 0.051, 0.473, 2.011;
1.035,1.078,-1.041,-0.399,0.436, 0.089, 0.007,-0.754,0.000,0.000,0.000, 0.044, 0.475, 2.011;
1.047,1.075,-1.047,-0.403,0.430, 0.089, 0.007,-0.754,0.000,0.000,0.000, 0.037, 0.477, 2.011;
1.058,1.071,-1.053,-0.406,0.424, 0.089, 0.007,-0.754,0.000,0.000,0.000, 0.030, 0.479, 2.011;
1.071,1.067,-1.060,-0.410,0.418, 0.089, 0.007,-0.754,0.000,0.000,0.000, 0.022, 0.481, 2.011;
1.085,1.063,-1.067,-0.415,0.410, 0.089, 0.007,-0.754,0.000,0.000,0.000, 0.013, 0.483, 2.011;
1.098,1.058,-1.073,-0.419,0.404, 0.089, 0.007,-0.754,0.000,0.000,0.000, 0.006, 0.484, 2.011;
1.110,1.054,-1.079,-0.423,0.398, 0.089, 0.007,-0.754,0.000,0.000,0.000,-0.002, 0.486, 2.011;
1.122,1.050,-1.085,-0.427,0.392, 0.089, 0.007,-0.754,0.000,0.000,0.000,-0.009, 0.487, 2.011;
1.134,1.046,-1.091,-0.432,0.386, 0.089, 0.007,-0.754,0.000,0.000,0.000,-0.017, 0.488, 2.011;
1.147,1.041,-1.097,-0.436,0.380, 0.089, 0.007,-0.754,0.000,0.000,0.000,-0.024, 0.489, 2.011;
1.158,1.037,-1.102,-0.440,0.375, 0.089, 0.007,-0.754,0.000,0.000,0.000,-0.031, 0.490, 2.011;
1.169,1.033,-1.108,-0.445,0.370, 0.089, 0.007,-0.754,0.000,0.000,0.000,-0.039, 0.491, 2.011;
1.182,1.028,-1.114,-0.450,0.364, 0.089, 0.007,-0.754,0.000,0.000,0.000,-0.047, 0.491, 2.011;
1.194,1.023,-1.119,-0.454,0.358, 0.089, 0.007,-0.754,0.000,0.000,0.000,-0.054, 0.492, 2.011;
1.206,1.018,-1.125,-0.459,0.353, 0.089, 0.007,-0.754,0.000,0.000,0.000,-0.062, 0.493, 2.011;
1.218,1.013,-1.130,-0.464,0.348, 0.089, 0.007,-0.754,0.000,0.000,0.000,-0.069, 0.493, 2.011;
1.230,1.008,-1.135,-0.469,0.342, 0.089, 0.007,-0.754,0.000,0.000,0.000,-0.077, 0.493, 2.011;
1.242,1.003,-1.140,-0.474,0.337, 0.089, 0.007,-0.754,0.000,0.000,0.000,-0.084, 0.493, 2.011;
1.255,0.998,-1.146,-0.479,0.332, 0.089, 0.007,-0.754,0.000,0.000,0.000,-0.092, 0.493, 2.011;
1.267,0.993,-1.151,-0.485,0.326, 0.089, 0.007,-0.754,0.000,0.000,0.000,-0.100, 0.493, 2.011;
1.280,0.987,-1.156,-0.490,0.321, 0.089, 0.007,-0.754,0.000,0.000,0.000,-0.108, 0.493, 2.011;
1.292,0.982,-1.161,-0.495,0.316, 0.089, 0.007,-0.754,0.000,0.000,0.000,-0.115, 0.493, 2.011;
1.303,0.977,-1.166,-0.501,0.312, 0.089, 0.007,-0.754,0.000,0.000,0.000,-0.123, 0.492, 2.011;
1.316,0.971,-1.171,-0.507,0.307, 0.089, 0.007,-0.754,0.000,0.000,0.000,-0.131, 0.492, 2.011;
1.328,0.965,-1.175,-0.512,0.302, 0.089, 0.007,-0.754,0.000,0.000,0.000,-0.138, 0.491, 2.011;
1.340,0.960,-1.180,-0.518,0.298, 0.089, 0.007,-0.754,0.000,0.000,0.000,-0.146, 0.490, 2.011;
1.352,0.954,-1.184,-0.523,0.293, 0.089, 0.007,-0.754,0.000,0.000,0.000,-0.153, 0.489, 2.011;
1.364,0.948,-1.189,-0.529,0.289, 0.089, 0.007,-0.754,0.000,0.000,0.000,-0.161, 0.488, 2.011;
1.377,0.942,-1.193,-0.535,0.284, 0.089, 0.007,-0.754,0.000,0.000,0.000,-0.168, 0.487, 2.011;
1.389,0.936,-1.197,-0.541,0.280, 0.089, 0.007,-0.754,0.000,0.000,0.000,-0.176, 0.486, 2.011;
1.400,0.931,-1.201,-0.547,0.276, 0.089, 0.007,-0.754,0.000,0.000,0.000,-0.183, 0.484, 2.011;
1.412,0.925,-1.205,-0.553,0.272, 0.089, 0.007,-0.754,0.000,0.000,0.000,-0.190, 0.483, 2.011;
1.423,0.919,-1.209,-0.558,0.269, 0.089, 0.007,-0.754,0.000,0.000,0.000,-0.197, 0.482, 2.011;
1.434,0.913,-1.212,-0.564,0.265, 0.089, 0.007,-0.754,0.000,0.000,0.000,-0.204, 0.480, 2.011;
1.446,0.907,-1.216,-0.570,0.261, 0.089, 0.007,-0.754,0.000,0.000,0.000,-0.211, 0.478, 2.011;
1.457,0.902,-1.219,-0.576,0.258, 0.089, 0.007,-0.754,0.000,0.000,0.000,-0.218, 0.477, 2.011;
1.468,0.896,-1.223,-0.582,0.255, 0.089, 0.007,-0.754,0.000,0.000,0.000,-0.225, 0.475, 2.011;
1.481,0.889,-1.226,-0.588,0.251, 0.089, 0.007,-0.754,0.000,0.000,0.000,-0.232, 0.472, 2.011;
1.502,0.878,-1.232,-0.600,0.245, 0.089, 0.007,-0.754,0.000,0.000,0.000,-0.245, 0.468, 2.011;
1.514,0.872,-1.236,-0.606,0.242, 0.089, 0.007,-0.754,0.000,0.000,0.000,-0.252, 0.466, 2.011;
1.526,0.865,-1.239,-0.613,0.239, 0.089, 0.007,-0.754,0.000,0.000,0.000,-0.259, 0.464, 2.011;
1.538,0.858,-1.242,-0.619,0.236, 0.089, 0.007,-0.754,0.000,0.000,0.000,-0.266, 0.461, 2.011;
1.550,0.852,-1.245,-0.626,0.233, 0.089, 0.007,-0.754,0.000,0.000,0.000,-0.273, 0.458, 2.011;
1.561,0.846,-1.247,-0.632,0.230, 0.089, 0.007,-0.754,0.000,0.000,0.000,-0.280, 0.456, 2.011;
1.573,0.839,-1.250,-0.638,0.228, 0.089, 0.007,-0.754,0.000,0.000,0.000,-0.287, 0.453, 2.011;
1.585,0.832,-1.253,-0.645,0.225, 0.089, 0.007,-0.754,0.000,0.000,0.000,-0.293, 0.450, 2.011;
1.597,0.826,-1.255,-0.652,0.222, 0.089, 0.007,-0.754,0.000,0.000,0.000,-0.300, 0.447, 2.011;
1.608,0.819,-1.257,-0.658,0.220, 0.089, 0.007,-0.754,0.000,0.000,0.000,-0.307, 0.444, 2.011;
1.620,0.812,-1.260,-0.665,0.218, 0.089, 0.007,-0.754,0.000,0.000,0.000,-0.313, 0.440, 2.011;
1.633,0.805,-1.262,-0.672,0.215, 0.089, 0.007,-0.754,0.000,0.000,0.000,-0.321, 0.437, 2.011;
1.645,0.798,-1.264,-0.679,0.213, 0.089, 0.007,-0.754,0.000,0.000,0.000,-0.327, 0.433, 2.011;
1.656,0.792,-1.266,-0.686,0.211, 0.089, 0.007,-0.754,0.000,0.000,0.000,-0.334, 0.430, 2.011;
1.669,0.784,-1.268,-0.693,0.209, 0.089, 0.007,-0.754,0.000,0.000,0.000,-0.341, 0.426, 2.011;
1.682,0.776,-1.270,-0.701,0.207, 0.089, 0.007,-0.754,0.000,0.000,0.000,-0.348, 0.421, 2.011;
1.694,0.769,-1.272,-0.708,0.206, 0.089, 0.007,-0.754,0.000,0.000,0.000,-0.354, 0.417, 2.011;
1.706,0.762,-1.273,-0.715,0.204, 0.089, 0.007,-0.754,0.000,0.000,0.000,-0.361, 0.413, 2.011;
1.718,0.755,-1.275,-0.722,0.203, 0.089, 0.007,-0.754,0.000,0.000,0.000,-0.367, 0.409, 2.011;
1.730,0.748,-1.276,-0.729,0.201, 0.089, 0.007,-0.754,0.000,0.000,0.000,-0.373, 0.405, 2.011;
1.743,0.740,-1.278,-0.737,0.200, 0.089, 0.007,-0.754,0.000,0.000,0.000,-0.380, 0.400, 2.011;
1.756,0.733,-1.279,-0.744,0.199, 0.089, 0.007,-0.754,0.000,0.000,0.000,-0.386, 0.396, 2.011;
1.768,0.726,-1.280,-0.752,0.198, 0.089, 0.007,-0.754,0.000,0.000,0.000,-0.392, 0.391, 2.011;
1.781,0.718,-1.281,-0.759,0.197, 0.089, 0.007,-0.754,0.000,0.000,0.000,-0.399, 0.386, 2.011;
1.794,0.710,-1.282,-0.767,0.196, 0.089, 0.007,-0.754,0.000,0.000,0.000,-0.405, 0.381, 2.011;
1.806,0.703,-1.282,-0.775,0.195, 0.089, 0.007,-0.754,0.000,0.000,0.000,-0.411, 0.376, 2.011;
1.818,0.696,-1.283,-0.782,0.195, 0.089, 0.007,-0.754,0.000,0.000,0.000,-0.417, 0.371, 2.011;
1.831,0.688,-1.283,-0.790,0.194, 0.089, 0.007,-0.754,0.000,0.000,0.000,-0.423, 0.366, 2.011;
1.843,0.681,-1.284,-0.797,0.194, 0.089, 0.007,-0.754,0.000,0.000,0.000,-0.428, 0.361, 2.011;
1.854,0.674,-1.284,-0.803,0.194, 0.089, 0.007,-0.754,0.000,0.000,0.000,-0.434, 0.356, 2.011;
1.867,0.666,-1.284,-0.811,0.193, 0.089, 0.007,-0.754,0.000,0.000,0.000,-0.439, 0.350, 2.011;
1.880,0.659,-1.284,-0.819,0.193, 0.089, 0.007,-0.754,0.000,0.000,0.000,-0.445, 0.345, 2.011;
1.891,0.652,-1.284,-0.826,0.194, 0.089, 0.007,-0.754,0.000,0.000,0.000,-0.450, 0.340, 2.011;
1.903,0.645,-1.284,-0.833,0.194, 0.089, 0.007,-0.754,0.000,0.000,0.000,-0.455, 0.334, 2.011;
1.915,0.638,-1.283,-0.840,0.194, 0.089, 0.007,-0.754,0.000,0.000,0.000,-0.460, 0.329, 2.011;
1.927,0.630,-1.283,-0.847,0.194, 0.089, 0.007,-0.754,0.000,0.000,0.000,-0.465, 0.323, 2.011;
1.939,0.623,-1.283,-0.854,0.195, 0.089, 0.007,-0.754,0.000,0.000,0.000,-0.470, 0.317, 2.011;
1.951,0.616,-1.282,-0.862,0.196, 0.089, 0.007,-0.754,0.000,0.000,0.000,-0.475, 0.311, 2.011;
1.964,0.608,-1.281,-0.869,0.196, 0.089, 0.007,-0.754,0.000,0.000,0.000,-0.480, 0.305, 2.011;
1.977,0.600,-1.280,-0.877,0.197, 0.089, 0.007,-0.754,0.000,0.000,0.000,-0.485, 0.299, 2.011;
1.989,0.593,-1.279,-0.884,0.198, 0.089, 0.007,-0.754,0.000,0.000,0.000,-0.490, 0.293, 2.011;
2.000,0.586,-1.278,-0.891,0.199, 0.089, 0.007,-0.754,0.000,0.000,0.000,-0.494, 0.287, 2.011;
2.012,0.580,-1.277,-0.898,0.200, 0.089, 0.007,-0.754,0.000,0.000,0.000,-0.498, 0.281, 2.011;
2.024,0.572,-1.276,-0.905,0.202, 0.089, 0.007,-0.754,0.000,0.000,0.000,-0.503, 0.275, 2.011;
2.037,0.565,-1.274,-0.912,0.203, 0.089, 0.007,-0.754,0.000,0.000,0.000,-0.507, 0.268, 2.011;
2.048,0.558,-1.273,-0.919,0.205, 0.089, 0.007,-0.754,0.000,0.000,0.000,-0.511, 0.262, 2.011;
2.060,0.551,-1.271,-0.926,0.206, 0.089, 0.007,-0.754,0.000,0.000,0.000,-0.515, 0.256, 2.011;
2.072,0.544,-1.269,-0.933,0.208, 0.089, 0.007,-0.754,0.000,0.000,0.000,-0.519, 0.249, 2.011;
2.084,0.537,-1.268,-0.940,0.210, 0.089, 0.007,-0.754,0.000,0.000,0.000,-0.522, 0.243, 2.011;
2.095,0.531,-1.266,-0.947,0.212, 0.089, 0.007,-0.754,0.000,0.000,0.000,-0.526, 0.237, 2.011;
2.107,0.524,-1.264,-0.953,0.214, 0.089, 0.007,-0.754,0.000,0.000,0.000,-0.529, 0.230, 2.011;
2.118,0.518,-1.262,-0.960,0.216, 0.089, 0.007,-0.754,0.000,0.000,0.000,-0.533, 0.224, 2.011;
2.129,0.511,-1.260,-0.966,0.218, 0.089, 0.007,-0.754,0.000,0.000,0.000,-0.536, 0.218, 2.011;
2.141,0.505,-1.258,-0.973,0.220, 0.089, 0.007,-0.754,0.000,0.000,0.000,-0.539, 0.211, 2.011;
2.162,0.492,-1.253,-0.985,0.224, 0.089, 0.007,-0.754,0.000,0.000,0.000,-0.545, 0.199, 2.011;
2.175,0.485,-1.251,-0.992,0.227, 0.089, 0.007,-0.754,0.000,0.000,0.000,-0.548, 0.192, 2.011;
2.178,0.484,-1.250,-0.994,0.228, 0.089, 0.007,-0.754,0.000,0.000,0.000,-0.549, 0.190, 2.011;
2.189,0.477,-1.247,-1.000,0.230, 0.089, 0.007,-0.754,0.000,0.000,0.000,-0.552, 0.184, 2.011;
2.211,0.465,-1.242,-1.012,0.235, 0.089, 0.007,-0.754,0.000,0.000,0.000,-0.557, 0.171, 2.011;
2.224,0.458,-1.239,-1.019,0.239, 0.089, 0.007,-0.754,0.000,0.000,0.000,-0.560, 0.163, 2.011;
2.227,0.456,-1.238,-1.021,0.240, 0.089, 0.007,-0.754,0.000,0.000,0.000,-0.560, 0.161, 2.011;
2.238,0.451,-1.235,-1.027,0.242, 0.089, 0.007,-0.754,0.000,0.000,0.000,-0.562, 0.155, 2.011;
2.260,0.439,-1.229,-1.039,0.248, 0.089, 0.007,-0.754,0.000,0.000,0.000,-0.567, 0.142, 2.011;
2.272,0.432,-1.226,-1.045,0.252, 0.089, 0.007,-0.754,0.000,0.000,0.000,-0.569, 0.134, 2.011;
2.285,0.425,-1.222,-1.052,0.256, 0.089, 0.007,-0.754,0.000,0.000,0.000,-0.571, 0.126, 2.011;
2.290,0.423,-1.221,-1.054,0.257, 0.089, 0.007,-0.754,0.000,0.000,0.000,-0.572, 0.124, 2.011;
2.300,0.418,-1.217,-1.060,0.260, 0.089, 0.007,-0.754,0.000,0.000,0.000,-0.574, 0.117, 2.011;
2.311,0.412,-1.214,-1.066,0.264, 0.089, 0.007,-0.754,0.000,0.000,0.000,-0.575, 0.111, 2.011;
2.333,0.401,-1.207,-1.077,0.271, 0.089, 0.007,-0.754,0.000,0.000,0.000,-0.578, 0.097, 2.011;
2.345,0.395,-1.203,-1.083,0.275, 0.089, 0.007,-0.754,0.000,0.000,0.000,-0.580, 0.090, 2.011;
2.357,0.389,-1.199,-1.088,0.279, 0.089, 0.007,-0.754,0.000,0.000,0.000,-0.581, 0.083, 2.011;
2.368,0.383,-1.195,-1.094,0.283, 0.089, 0.007,-0.754,0.000,0.000,0.000,-0.582, 0.076, 2.011;
2.380,0.378,-1.191,-1.100,0.287, 0.089, 0.007,-0.754,0.000,0.000,0.000,-0.584, 0.068, 2.011;
2.392,0.372,-1.187,-1.106,0.291, 0.089, 0.007,-0.754,0.000,0.000,0.000,-0.585, 0.061, 2.011;
2.403,0.366,-1.182,-1.111,0.295, 0.089, 0.007,-0.754,0.000,0.000,0.000,-0.586, 0.054, 2.011;
2.416,0.361,-1.178,-1.117,0.300, 0.089, 0.007,-0.754,0.000,0.000,0.000,-0.586, 0.046, 2.011;
2.428,0.355,-1.173,-1.123,0.305, 0.089, 0.007,-0.754,0.000,0.000,0.000,-0.587, 0.038, 2.011;
2.440,0.349,-1.168,-1.128,0.309, 0.089, 0.007,-0.754,0.000,0.000,0.000,-0.588, 0.031, 2.011;
2.452,0.344,-1.164,-1.133,0.314, 0.089, 0.007,-0.754,0.000,0.000,0.000,-0.588, 0.024, 2.011;
2.464,0.338,-1.159,-1.139,0.319, 0.089, 0.007,-0.754,0.000,0.000,0.000,-0.589, 0.016, 2.011;
2.477,0.333,-1.154,-1.144,0.324, 0.089, 0.007,-0.754,0.000,0.000,0.000,-0.589, 0.008, 2.011;
2.491,0.327,-1.148,-1.151,0.330, 0.089, 0.007,-0.754,0.000,0.000,0.000,-0.589,-0.001, 2.011;
2.503,0.322,-1.143,-1.156,0.335, 0.089, 0.007,-0.754,0.000,0.000,0.000,-0.589,-0.008, 2.011;
2.515,0.317,-1.138,-1.161,0.340, 0.089, 0.007,-0.754,0.000,0.000,0.000,-0.589,-0.016, 2.011;
2.526,0.312,-1.132,-1.166,0.345, 0.089, 0.007,-0.754,0.000,0.000,0.000,-0.589,-0.023, 2.011;
2.538,0.307,-1.127,-1.170,0.350, 0.089, 0.007,-0.754,0.000,0.000,0.000,-0.589,-0.031, 2.011;
2.550,0.302,-1.122,-1.175,0.356, 0.089, 0.007,-0.754,0.000,0.000,0.000,-0.588,-0.038, 2.011;
2.561,0.298,-1.117,-1.180,0.361, 0.089, 0.007,-0.754,0.000,0.000,0.000,-0.588,-0.045, 2.011;
2.575,0.293,-1.110,-1.185,0.367, 0.089, 0.007,-0.754,0.000,0.000,0.000,-0.587,-0.054, 2.011;
2.587,0.288,-1.105,-1.189,0.373, 0.089, 0.007,-0.754,0.000,0.000,0.000,-0.586,-0.061, 2.011;
2.599,0.284,-1.099,-1.194,0.378, 0.089, 0.007,-0.754,0.000,0.000,0.000,-0.585,-0.069, 2.011;
2.611,0.279,-1.093,-1.198,0.384, 0.089, 0.007,-0.754,0.000,0.000,0.000,-0.584,-0.076, 2.011;
2.623,0.275,-1.088,-1.203,0.390, 0.089, 0.007,-0.754,0.000,0.000,0.000,-0.583,-0.084, 2.011;
2.635,0.271,-1.082,-1.207,0.396, 0.089, 0.007,-0.754,0.000,0.000,0.000,-0.582,-0.091, 2.011;
2.646,0.267,-1.076,-1.211,0.401, 0.089, 0.007,-0.754,0.000,0.000,0.000,-0.581,-0.098, 2.011;
2.658,0.263,-1.070,-1.215,0.407, 0.089, 0.007,-0.754,0.000,0.000,0.000,-0.579,-0.105, 2.011;
2.669,0.259,-1.065,-1.218,0.413, 0.089, 0.007,-0.754,0.000,0.000,0.000,-0.578,-0.112, 2.011;
2.681,0.255,-1.059,-1.222,0.419, 0.089, 0.007,-0.754,0.000,0.000,0.000,-0.576,-0.119, 2.011;
2.693,0.252,-1.053,-1.226,0.425, 0.089, 0.007,-0.754,0.000,0.000,0.000,-0.575,-0.127, 2.011;
2.704,0.248,-1.047,-1.229,0.431, 0.089, 0.007,-0.754,0.000,0.000,0.000,-0.573,-0.134, 2.011;
2.716,0.245,-1.041,-1.233,0.437, 0.089, 0.007,-0.754,0.000,0.000,0.000,-0.571,-0.141, 2.011;
2.727,0.241,-1.035,-1.236,0.443, 0.089, 0.007,-0.754,0.000,0.000,0.000,-0.569,-0.148, 2.011;
2.740,0.238,-1.028,-1.240,0.450, 0.089, 0.007,-0.754,0.000,0.000,0.000,-0.567,-0.155, 2.011;
2.751,0.235,-1.022,-1.243,0.456, 0.089, 0.007,-0.754,0.000,0.000,0.000,-0.565,-0.162, 2.011;
2.774,0.228,-1.009,-1.249,0.468, 0.089, 0.007,-0.754,0.000,0.000,0.000,-0.560,-0.176, 2.011;
2.779,0.227,-1.007,-1.250,0.471, 0.089, 0.007,-0.754,0.000,0.000,0.000,-0.559,-0.178, 2.011;
2.789,0.225,-1.001,-1.253,0.476, 0.089, 0.007,-0.754,0.000,0.000,0.000,-0.557,-0.185, 2.011;
2.801,0.222,-0.995,-1.256,0.483, 0.089, 0.007,-0.754,0.000,0.000,0.000,-0.554,-0.192, 2.011;
2.813,0.219,-0.988,-1.258,0.489, 0.089, 0.007,-0.754,0.000,0.000,0.000,-0.551,-0.198, 2.011;
2.835,0.214,-0.976,-1.263,0.502, 0.089, 0.007,-0.754,0.000,0.000,0.000,-0.545,-0.211, 2.011;
2.840,0.213,-0.973,-1.264,0.504, 0.089, 0.007,-0.754,0.000,0.000,0.000,-0.544,-0.214, 2.011;
2.851,0.211,-0.967,-1.267,0.510, 0.089, 0.007,-0.754,0.000,0.000,0.000,-0.542,-0.220, 2.011;
2.862,0.209,-0.961,-1.269,0.517, 0.089, 0.007,-0.754,0.000,0.000,0.000,-0.539,-0.226, 2.011;
2.883,0.205,-0.948,-1.273,0.529, 0.089, 0.007,-0.754,0.000,0.000,0.000,-0.532,-0.238, 2.011;
2.895,0.202,-0.942,-1.275,0.536, 0.089, 0.007,-0.754,0.000,0.000,0.000,-0.529,-0.245, 2.011;
2.900,0.202,-0.939,-1.276,0.539, 0.089, 0.007,-0.754,0.000,0.000,0.000,-0.527,-0.248, 2.011;
2.910,0.200,-0.933,-1.278,0.545, 0.089, 0.007,-0.754,0.000,0.000,0.000,-0.524,-0.253, 2.011;
2.933,0.197,-0.920,-1.281,0.558, 0.089, 0.007,-0.754,0.000,0.000,0.000,-0.517,-0.265, 2.011;
2.944,0.195,-0.913,-1.283,0.564, 0.089, 0.007,-0.754,0.000,0.000,0.000,-0.513,-0.272, 2.011;
2.956,0.193,-0.906,-1.284,0.571, 0.089, 0.007,-0.754,0.000,0.000,0.000,-0.509,-0.278, 2.011;
2.967,0.192,-0.899,-1.285,0.578, 0.089, 0.007,-0.754,0.000,0.000,0.000,-0.506,-0.284, 2.011;
2.979,0.191,-0.892,-1.287,0.585, 0.089, 0.007,-0.754,0.000,0.000,0.000,-0.501,-0.290, 2.011;
2.991,0.189,-0.885,-1.288,0.592, 0.089, 0.007,-0.754,0.000,0.000,0.000,-0.497,-0.296, 2.011;
3.003,0.188,-0.878,-1.289,0.599, 0.089, 0.007,-0.754,0.000,0.000,0.000,-0.493,-0.302, 2.011;
3.015,0.187,-0.871,-1.290,0.606, 0.089, 0.007,-0.754,0.000,0.000,0.000,-0.488,-0.308, 2.011;
3.027,0.186,-0.864,-1.291,0.614, 0.089, 0.007,-0.754,0.000,0.000,0.000,-0.483,-0.314, 2.011;
3.041,0.185,-0.856,-1.292,0.622, 0.089, 0.007,-0.754,0.000,0.000,0.000,-0.478,-0.321, 2.011;
3.052,0.185,-0.849,-1.293,0.629, 0.089, 0.007,-0.754,0.000,0.000,0.000,-0.474,-0.327, 2.011;
3.065,0.184,-0.841,-1.293,0.636, 0.089, 0.007,-0.754,0.000,0.000,0.000,-0.468,-0.333, 2.011;
3.077,0.183,-0.834,-1.294,0.644, 0.089, 0.007,-0.754,0.000,0.000,0.000,-0.463,-0.338, 2.011;
3.091,0.183,-0.826,-1.294,0.652, 0.089, 0.007,-0.754,0.000,0.000,0.000,-0.458,-0.345, 2.011;
3.103,0.183,-0.818,-1.295,0.659, 0.089, 0.007,-0.754,0.000,0.000,0.000,-0.452,-0.350, 2.011;
3.115,0.183,-0.811,-1.295,0.666, 0.089, 0.007,-0.754,0.000,0.000,0.000,-0.447,-0.356, 2.011;
3.126,0.183,-0.804,-1.295,0.673, 0.089, 0.007,-0.754,0.000,0.000,0.000,-0.442,-0.361, 2.011;
3.137,0.183,-0.798,-1.295,0.680, 0.089, 0.007,-0.754,0.000,0.000,0.000,-0.437,-0.366, 2.011;
3.149,0.183,-0.791,-1.295,0.687, 0.089, 0.007,-0.754,0.000,0.000,0.000,-0.432,-0.371, 2.011;
3.160,0.183,-0.784,-1.294,0.693, 0.089, 0.007,-0.754,0.000,0.000,0.000,-0.427,-0.375, 2.011;
3.171,0.183,-0.778,-1.294,0.700, 0.089, 0.007,-0.754,0.000,0.000,0.000,-0.422,-0.380, 2.011;
3.183,0.184,-0.771,-1.294,0.707, 0.089, 0.007,-0.754,0.000,0.000,0.000,-0.416,-0.385, 2.011;
3.193,0.184,-0.764,-1.293,0.713, 0.089, 0.007,-0.754,0.000,0.000,0.000,-0.411,-0.389, 2.011;
3.204,0.185,-0.757,-1.292,0.720, 0.089, 0.007,-0.754,0.000,0.000,0.000,-0.406,-0.394, 2.011;
3.225,0.186,-0.745,-1.291,0.733, 0.089, 0.007,-0.754,0.000,0.000,0.000,-0.396,-0.402, 2.011;
3.237,0.187,-0.738,-1.290,0.739, 0.089, 0.007,-0.754,0.000,0.000,0.000,-0.390,-0.406, 2.011;
3.248,0.188,-0.731,-1.289,0.746, 0.089, 0.007,-0.754,0.000,0.000,0.000,-0.384,-0.411, 2.011;
3.259,0.189,-0.725,-1.288,0.753, 0.089, 0.007,-0.754,0.000,0.000,0.000,-0.378,-0.415, 2.011;
3.270,0.191,-0.718,-1.287,0.759, 0.089, 0.007,-0.754,0.000,0.000,0.000,-0.373,-0.419, 2.011;
3.282,0.192,-0.712,-1.286,0.766, 0.089, 0.007,-0.754,0.000,0.000,0.000,-0.367,-0.423, 2.011;
3.293,0.193,-0.705,-1.284,0.772, 0.089, 0.007,-0.754,0.000,0.000,0.000,-0.361,-0.426, 2.011;
3.304,0.195,-0.699,-1.283,0.779, 0.089, 0.007,-0.754,0.000,0.000,0.000,-0.355,-0.430, 2.011;
3.314,0.196,-0.692,-1.281,0.785, 0.089, 0.007,-0.754,0.000,0.000,0.000,-0.349,-0.434, 2.011;
3.336,0.199,-0.680,-1.278,0.798, 0.089, 0.007,-0.754,0.000,0.000,0.000,-0.338,-0.440, 2.011;
3.347,0.201,-0.673,-1.276,0.804, 0.089, 0.007,-0.754,0.000,0.000,0.000,-0.332,-0.444, 2.011;
3.358,0.203,-0.667,-1.274,0.811, 0.089, 0.007,-0.754,0.000,0.000,0.000,-0.325,-0.447, 2.011;
3.370,0.205,-0.660,-1.272,0.817, 0.089, 0.007,-0.754,0.000,0.000,0.000,-0.319,-0.451, 2.011;
3.382,0.207,-0.653,-1.270,0.824, 0.089, 0.007,-0.754,0.000,0.000,0.000,-0.312,-0.454, 2.011;
3.393,0.210,-0.647,-1.268,0.831, 0.089, 0.007,-0.754,0.000,0.000,0.000,-0.306,-0.457, 2.011;
3.405,0.212,-0.640,-1.265,0.837, 0.089, 0.007,-0.754,0.000,0.000,0.000,-0.299,-0.460, 2.011;
3.417,0.215,-0.633,-1.263,0.844, 0.089, 0.007,-0.754,0.000,0.000,0.000,-0.292,-0.464, 2.011;
3.429,0.217,-0.627,-1.260,0.851, 0.089, 0.007,-0.754,0.000,0.000,0.000,-0.286,-0.467, 2.011;
3.441,0.220,-0.620,-1.258,0.857, 0.089, 0.007,-0.754,0.000,0.000,0.000,-0.279,-0.469, 2.011;
3.452,0.223,-0.614,-1.255,0.864, 0.089, 0.007,-0.754,0.000,0.000,0.000,-0.272,-0.472, 2.011;
3.464,0.225,-0.607,-1.252,0.870, 0.089, 0.007,-0.754,0.000,0.000,0.000,-0.265,-0.475, 2.011;
3.475,0.228,-0.601,-1.249,0.876, 0.089, 0.007,-0.754,0.000,0.000,0.000,-0.258,-0.477, 2.011;
3.487,0.231,-0.595,-1.246,0.882, 0.089, 0.007,-0.754,0.000,0.000,0.000,-0.252,-0.480, 2.011;
3.498,0.234,-0.589,-1.243,0.889, 0.089, 0.007,-0.754,0.000,0.000,0.000,-0.245,-0.482, 2.011;
3.510,0.238,-0.582,-1.240,0.895, 0.089, 0.007,-0.754,0.000,0.000,0.000,-0.238,-0.484, 2.011;
3.531,0.244,-0.571,-1.234,0.906, 0.089, 0.007,-0.754,0.000,0.000,0.000,-0.225,-0.488, 2.011;
3.543,0.247,-0.565,-1.230,0.913, 0.089, 0.007,-0.754,0.000,0.000,0.000,-0.218,-0.490, 2.011;
3.555,0.251,-0.559,-1.227,0.919, 0.089, 0.007,-0.754,0.000,0.000,0.000,-0.211,-0.492, 2.011;
3.568,0.255,-0.552,-1.223,0.925, 0.089, 0.007,-0.754,0.000,0.000,0.000,-0.203,-0.494, 2.011;
3.580,0.259,-0.546,-1.219,0.932, 0.089, 0.007,-0.754,0.000,0.000,0.000,-0.195,-0.495, 2.011;
3.593,0.263,-0.540,-1.214,0.938, 0.089, 0.007,-0.754,0.000,0.000,0.000,-0.187,-0.497, 2.011;
3.605,0.267,-0.533,-1.210,0.944, 0.089, 0.007,-0.754,0.000,0.000,0.000,-0.180,-0.498, 2.011;
3.617,0.271,-0.527,-1.206,0.950, 0.089, 0.007,-0.754,0.000,0.000,0.000,-0.172,-0.500, 2.011;
3.630,0.276,-0.521,-1.202,0.956, 0.089, 0.007,-0.754,0.000,0.000,0.000,-0.165,-0.501, 2.011;
3.641,0.280,-0.516,-1.198,0.962, 0.089, 0.007,-0.754,0.000,0.000,0.000,-0.157,-0.502, 2.011;
3.653,0.284,-0.510,-1.193,0.967, 0.089, 0.007,-0.754,0.000,0.000,0.000,-0.150,-0.503, 2.011;
3.666,0.289,-0.504,-1.188,0.973, 0.089, 0.007,-0.754,0.000,0.000,0.000,-0.142,-0.504, 2.011;
3.678,0.294,-0.498,-1.184,0.979, 0.089, 0.007,-0.754,0.000,0.000,0.000,-0.134,-0.505, 2.011;
3.690,0.298,-0.493,-1.179,0.985, 0.089, 0.007,-0.754,0.000,0.000,0.000,-0.127,-0.505, 2.011;
3.702,0.303,-0.487,-1.174,0.990, 0.089, 0.007,-0.754,0.000,0.000,0.000,-0.119,-0.506, 2.011;
3.714,0.308,-0.482,-1.169,0.995, 0.089, 0.007,-0.754,0.000,0.000,0.000,-0.112,-0.506, 2.011;
3.726,0.313,-0.477,-1.164,1.001, 0.089, 0.007,-0.754,0.000,0.000,0.000,-0.104,-0.506, 2.011;
3.738,0.318,-0.472,-1.160,1.006, 0.089, 0.007,-0.754,0.000,0.000,0.000,-0.097,-0.507, 2.011;
3.751,0.323,-0.466,-1.154,1.011, 0.089, 0.007,-0.754,0.000,0.000,0.000,-0.089,-0.507, 2.011;
3.764,0.329,-0.461,-1.149,1.017, 0.089, 0.007,-0.754,0.000,0.000,0.000,-0.081,-0.507, 2.011;
3.776,0.334,-0.456,-1.143,1.022, 0.089, 0.007,-0.754,0.000,0.000,0.000,-0.073,-0.506, 2.011;
3.787,0.339,-0.451,-1.138,1.026, 0.089, 0.007,-0.754,0.000,0.000,0.000,-0.066,-0.506, 2.011;
3.799,0.345,-0.446,-1.133,1.031, 0.089, 0.007,-0.754,0.000,0.000,0.000,-0.058,-0.506, 2.011;
3.811,0.350,-0.441,-1.127,1.036, 0.089, 0.007,-0.754,0.000,0.000,0.000,-0.051,-0.505, 2.011;
3.824,0.356,-0.437,-1.122,1.041, 0.089, 0.007,-0.754,0.000,0.000,0.000,-0.043,-0.505, 2.011;
3.835,0.361,-0.432,-1.116,1.045, 0.089, 0.007,-0.754,0.000,0.000,0.000,-0.036,-0.504, 2.011;
3.847,0.366,-0.428,-1.111,1.050, 0.089, 0.007,-0.754,0.000,0.000,0.000,-0.029,-0.503, 2.011;
3.858,0.372,-0.424,-1.105,1.054, 0.089, 0.007,-0.754,0.000,0.000,0.000,-0.021,-0.502, 2.011;
3.870,0.378,-0.420,-1.100,1.058, 0.089, 0.007,-0.754,0.000,0.000,0.000,-0.014,-0.501, 2.011;
3.881,0.383,-0.416,-1.095,1.062, 0.089, 0.007,-0.754,0.000,0.000,0.000,-0.007,-0.500, 2.011;
3.892,0.388,-0.412,-1.089,1.066, 0.089, 0.007,-0.754,0.000,0.000,0.000,-0.001,-0.499, 2.011;
3.903,0.394,-0.408,-1.084,1.069, 0.089, 0.007,-0.754,0.000,0.000,0.000, 0.006,-0.498, 2.011;
3.914,0.399,-0.404,-1.078,1.073, 0.089, 0.007,-0.754,0.000,0.000,0.000, 0.013,-0.496, 2.011;
3.935,0.410,-0.398,-1.068,1.080, 0.089, 0.007,-0.754,0.000,0.000,0.000, 0.026,-0.493, 2.011;
3.946,0.416,-0.394,-1.062,1.083, 0.089, 0.007,-0.754,0.000,0.000,0.000, 0.033,-0.492, 2.011;
3.958,0.422,-0.391,-1.056,1.087, 0.089, 0.007,-0.754,0.000,0.000,0.000, 0.040,-0.490, 2.011;
3.969,0.428,-0.387,-1.050,1.090, 0.089, 0.007,-0.754,0.000,0.000,0.000, 0.047,-0.488, 2.011;
3.980,0.433,-0.384,-1.044,1.093, 0.089, 0.007,-0.754,0.000,0.000,0.000, 0.053,-0.486, 2.011;
3.991,0.440,-0.381,-1.038,1.097, 0.089, 0.007,-0.754,0.000,0.000,0.000, 0.060,-0.484, 2.011;
4.002,0.445,-0.378,-1.032,1.100, 0.089, 0.007,-0.754,0.000,0.000,0.000, 0.067,-0.482, 2.011;
4.013,0.451,-0.375,-1.026,1.103, 0.089, 0.007,-0.754,0.000,0.000,0.000, 0.073,-0.480, 2.011;
4.024,0.457,-0.372,-1.020,1.105, 0.089, 0.007,-0.754,0.000,0.000,0.000, 0.080,-0.477, 2.011;
4.035,0.463,-0.369,-1.014,1.108, 0.089, 0.007,-0.754,0.000,0.000,0.000, 0.086,-0.475, 2.011;
4.057,0.475,-0.364,-1.002,1.113, 0.089, 0.007,-0.754,0.000,0.000,0.000, 0.099,-0.470, 2.011;
4.069,0.482,-0.361,-0.996,1.116, 0.089, 0.007,-0.754,0.000,0.000,0.000, 0.106,-0.467, 2.011;
4.081,0.489,-0.359,-0.989,1.119, 0.089, 0.007,-0.754,0.000,0.000,0.000, 0.113,-0.464, 2.011;
4.093,0.495,-0.356,-0.982,1.121, 0.089, 0.007,-0.754,0.000,0.000,0.000, 0.120,-0.461, 2.011;
4.105,0.502,-0.354,-0.975,1.124, 0.089, 0.007,-0.754,0.000,0.000,0.000, 0.127,-0.458, 2.011;
4.118,0.509,-0.351,-0.968,1.126, 0.089, 0.007,-0.754,0.000,0.000,0.000, 0.134,-0.454, 2.011;
4.130,0.516,-0.349,-0.961,1.129, 0.089, 0.007,-0.754,0.000,0.000,0.000, 0.140,-0.451, 2.011;
4.142,0.524,-0.347,-0.954,1.131, 0.089, 0.007,-0.754,0.000,0.000,0.000, 0.147,-0.447, 2.011;
4.153,0.530,-0.345,-0.948,1.133, 0.089, 0.007,-0.754,0.000,0.000,0.000, 0.153,-0.444, 2.011;
4.165,0.537,-0.343,-0.941,1.135, 0.089, 0.007,-0.754,0.000,0.000,0.000, 0.160,-0.440, 2.011;
4.177,0.544,-0.341,-0.934,1.137, 0.089, 0.007,-0.754,0.000,0.000,0.000, 0.167,-0.436, 2.011;
4.190,0.551,-0.339,-0.926,1.138, 0.089, 0.007,-0.754,0.000,0.000,0.000, 0.173,-0.432, 2.011;
4.202,0.558,-0.338,-0.919,1.140, 0.089, 0.007,-0.754,0.000,0.000,0.000, 0.180,-0.428, 2.011;
4.215,0.566,-0.336,-0.912,1.142, 0.089, 0.007,-0.754,0.000,0.000,0.000, 0.187,-0.424, 2.011;
4.227,0.573,-0.335,-0.905,1.143, 0.089, 0.007,-0.754,0.000,0.000,0.000, 0.193,-0.420, 2.011;
4.238,0.580,-0.333,-0.898,1.144, 0.089, 0.007,-0.754,0.000,0.000,0.000, 0.199,-0.415, 2.011;
4.250,0.587,-0.332,-0.891,1.145, 0.089, 0.007,-0.754,0.000,0.000,0.000, 0.205,-0.411, 2.011;
4.263,0.595,-0.331,-0.883,1.147, 0.089, 0.007,-0.754,0.000,0.000,0.000, 0.211,-0.406, 2.011;
4.275,0.602,-0.330,-0.876,1.147, 0.089, 0.007,-0.754,0.000,0.000,0.000, 0.217,-0.402, 2.011;
4.288,0.609,-0.329,-0.868,1.148, 0.089, 0.007,-0.754,0.000,0.000,0.000, 0.224,-0.397, 2.011;
4.299,0.616,-0.328,-0.861,1.149, 0.089, 0.007,-0.754,0.000,0.000,0.000, 0.229,-0.392, 2.011;
4.312,0.624,-0.328,-0.854,1.150, 0.089, 0.007,-0.754,0.000,0.000,0.000, 0.235,-0.387, 2.011;
4.324,0.631,-0.327,-0.847,1.150, 0.089, 0.007,-0.754,0.000,0.000,0.000, 0.241,-0.382, 2.011;
4.336,0.638,-0.327,-0.839,1.151, 0.089, 0.007,-0.754,0.000,0.000,0.000, 0.246,-0.377, 2.011;
4.348,0.645,-0.327,-0.832,1.151, 0.089, 0.007,-0.754,0.000,0.000,0.000, 0.252,-0.372, 2.011;
4.360,0.652,-0.326,-0.825,1.151, 0.089, 0.007,-0.754,0.000,0.000,0.000, 0.257,-0.367, 2.011;
4.371,0.659,-0.326,-0.818,1.151, 0.089, 0.007,-0.754,0.000,0.000,0.000, 0.263,-0.362, 2.011;
4.383,0.667,-0.326,-0.811,1.151, 0.089, 0.007,-0.754,0.000,0.000,0.000, 0.268,-0.357, 2.011;
4.395,0.674,-0.326,-0.804,1.151, 0.089, 0.007,-0.754,0.000,0.000,0.000, 0.273,-0.351, 2.011;
4.407,0.681,-0.327,-0.796,1.151, 0.089, 0.007,-0.754,0.000,0.000,0.000, 0.278,-0.346, 2.011;
4.419,0.688,-0.327,-0.790,1.151, 0.089, 0.007,-0.754,0.000,0.000,0.000, 0.283,-0.340, 2.011;
4.430,0.694,-0.327,-0.783,1.150, 0.089, 0.007,-0.754,0.000,0.000,0.000, 0.288,-0.335, 2.011;
4.441,0.701,-0.328,-0.776,1.150, 0.089, 0.007,-0.754,0.000,0.000,0.000, 0.292,-0.330, 2.011;
4.452,0.708,-0.328,-0.770,1.149, 0.089, 0.007,-0.754,0.000,0.000,0.000, 0.297,-0.324, 2.011;
4.463,0.715,-0.329,-0.763,1.148, 0.089, 0.007,-0.754,0.000,0.000,0.000, 0.301,-0.319, 2.011;
4.476,0.722,-0.330,-0.756,1.147, 0.089, 0.007,-0.754,0.000,0.000,0.000, 0.306,-0.313, 2.011;
4.497,0.735,-0.332,-0.743,1.146, 0.089, 0.007,-0.754,0.000,0.000,0.000, 0.314,-0.302, 2.011;
4.509,0.742,-0.333,-0.735,1.144, 0.089, 0.007,-0.754,0.000,0.000,0.000, 0.319,-0.296, 2.011;
4.522,0.749,-0.334,-0.728,1.143, 0.089, 0.007,-0.754,0.000,0.000,0.000, 0.323,-0.290, 2.011;
4.533,0.756,-0.336,-0.721,1.142, 0.089, 0.007,-0.754,0.000,0.000,0.000, 0.327,-0.283, 2.011;
4.546,0.764,-0.337,-0.714,1.140, 0.089, 0.007,-0.754,0.000,0.000,0.000, 0.332,-0.277, 2.011;
4.558,0.771,-0.339,-0.706,1.139, 0.089, 0.007,-0.754,0.000,0.000,0.000, 0.336,-0.270, 2.011;
4.570,0.778,-0.341,-0.699,1.137, 0.089, 0.007,-0.754,0.000,0.000,0.000, 0.340,-0.264, 2.011;
4.583,0.785,-0.342,-0.692,1.135, 0.089, 0.007,-0.754,0.000,0.000,0.000, 0.343,-0.257, 2.011;
4.594,0.792,-0.344,-0.686,1.133, 0.089, 0.007,-0.754,0.000,0.000,0.000, 0.347,-0.251, 2.011;
4.606,0.799,-0.346,-0.679,1.131, 0.089, 0.007,-0.754,0.000,0.000,0.000, 0.351,-0.244, 2.011;
4.618,0.806,-0.348,-0.672,1.129, 0.089, 0.007,-0.754,0.000,0.000,0.000, 0.354,-0.237, 2.011;
4.631,0.813,-0.351,-0.665,1.127, 0.089, 0.007,-0.754,0.000,0.000,0.000, 0.358,-0.230, 2.011;
4.643,0.820,-0.353,-0.658,1.124, 0.089, 0.007,-0.754,0.000,0.000,0.000, 0.361,-0.223, 2.011;
4.655,0.826,-0.356,-0.651,1.122, 0.089, 0.007,-0.754,0.000,0.000,0.000, 0.364,-0.217, 2.011;
4.668,0.834,-0.358,-0.643,1.119, 0.089, 0.007,-0.754,0.000,0.000,0.000, 0.368,-0.209, 2.011;
4.680,0.841,-0.361,-0.637,1.116, 0.089, 0.007,-0.754,0.000,0.000,0.000, 0.371,-0.202, 2.011;
4.692,0.848,-0.364,-0.630,1.114, 0.089, 0.007,-0.754,0.000,0.000,0.000, 0.374,-0.195, 2.011;
4.705,0.854,-0.367,-0.623,1.111, 0.089, 0.007,-0.754,0.000,0.000,0.000, 0.377,-0.188, 2.011;
4.716,0.861,-0.370,-0.617,1.108, 0.089, 0.007,-0.754,0.000,0.000,0.000, 0.379,-0.181, 2.011;
4.729,0.868,-0.373,-0.610,1.105, 0.089, 0.007,-0.754,0.000,0.000,0.000, 0.382,-0.174, 2.011;
4.742,0.875,-0.376,-0.603,1.101, 0.089, 0.007,-0.754,0.000,0.000,0.000, 0.385,-0.166, 2.011;
4.754,0.881,-0.379,-0.596,1.098, 0.089, 0.007,-0.754,0.000,0.000,0.000, 0.387,-0.159, 2.011;
4.758,0.883,-0.381,-0.594,1.097, 0.089, 0.007,-0.754,0.000,0.000,0.000, 0.388,-0.157, 2.011;
4.769,0.889,-0.384,-0.588,1.094, 0.089, 0.007,-0.754,0.000,0.000,0.000, 0.390,-0.150, 2.011;
4.791,0.901,-0.390,-0.577,1.087, 0.089, 0.007,-0.754,0.000,0.000,0.000, 0.394,-0.136, 2.011;
4.803,0.907,-0.394,-0.571,1.084, 0.089, 0.007,-0.754,0.000,0.000,0.000, 0.395,-0.129, 2.011;
4.815,0.913,-0.398,-0.564,1.080, 0.089, 0.007,-0.754,0.000,0.000,0.000, 0.397,-0.122, 2.011;
4.827,0.919,-0.402,-0.558,1.076, 0.089, 0.007,-0.754,0.000,0.000,0.000, 0.399,-0.114, 2.011;
4.839,0.925,-0.405,-0.552,1.072, 0.089, 0.007,-0.754,0.000,0.000,0.000, 0.401,-0.107, 2.011;
4.851,0.931,-0.409,-0.546,1.068, 0.089, 0.007,-0.754,0.000,0.000,0.000, 0.402,-0.100, 2.011;
4.863,0.937,-0.413,-0.540,1.064, 0.089, 0.007,-0.754,0.000,0.000,0.000, 0.403,-0.092, 2.011;
4.875,0.943,-0.418,-0.535,1.060, 0.089, 0.007,-0.754,0.000,0.000,0.000, 0.405,-0.085, 2.011;
4.886,0.949,-0.422,-0.529,1.056, 0.089, 0.007,-0.754,0.000,0.000,0.000, 0.406,-0.078, 2.011;
4.899,0.955,-0.426,-0.523,1.051, 0.089, 0.007,-0.754,0.000,0.000,0.000, 0.407,-0.070, 2.011;
4.910,0.960,-0.431,-0.517,1.047, 0.089, 0.007,-0.754,0.000,0.000,0.000, 0.408,-0.063, 2.011;
4.922,0.965,-0.435,-0.512,1.042, 0.089, 0.007,-0.754,0.000,0.000,0.000, 0.408,-0.056, 2.011;
4.935,0.971,-0.440,-0.506,1.037, 0.089, 0.007,-0.754,0.000,0.000,0.000, 0.409,-0.048, 2.011;
4.947,0.977,-0.445,-0.500,1.033, 0.089, 0.007,-0.754,0.000,0.000,0.000, 0.410,-0.040, 2.011;
4.960,0.983,-0.450,-0.495,1.028, 0.089, 0.007,-0.754,0.000,0.000,0.000, 0.410,-0.032, 2.011;
4.972,0.988,-0.455,-0.490,1.023, 0.089, 0.007,-0.754,0.000,0.000,0.000, 0.410,-0.025, 2.011;
4.984,0.993,-0.460,-0.484,1.018, 0.089, 0.007,-0.754,0.000,0.000,0.000, 0.411,-0.017, 2.011;
4.996,0.999,-0.465,-0.479,1.013, 0.089, 0.007,-0.754,0.000,0.000,0.000, 0.411,-0.009, 2.011;
5.009,1.004,-0.470,-0.473,1.007, 0.089, 0.007,-0.754,0.000,0.000,0.000, 0.411,-0.001, 2.011;
5.020,1.009,-0.475,-0.469,1.002, 0.089, 0.007,-0.754,0.000,0.000,0.000, 0.411, 0.006, 2.011;
5.033,1.014,-0.481,-0.463,0.997, 0.089, 0.007,-0.754,0.000,0.000,0.000, 0.410, 0.014, 2.011;
5.045,1.019,-0.486,-0.459,0.991, 0.089, 0.007,-0.754,0.000,0.000,0.000, 0.410, 0.022, 2.011;
5.057,1.024,-0.492,-0.454,0.986, 0.089, 0.007,-0.754,0.000,0.000,0.000, 0.409, 0.029, 2.011;
5.070,1.028,-0.497,-0.449,0.980, 0.089, 0.007,-0.754,0.000,0.000,0.000, 0.409, 0.037, 2.011;
5.081,1.033,-0.503,-0.444,0.975, 0.089, 0.007,-0.754,0.000,0.000,0.000, 0.408, 0.044, 2.011;
5.093,1.037,-0.508,-0.440,0.969, 0.089, 0.007,-0.754,0.000,0.000,0.000, 0.407, 0.052, 2.011;
5.105,1.042,-0.514,-0.436,0.964, 0.089, 0.007,-0.754,0.000,0.000,0.000, 0.406, 0.059, 2.011;
5.118,1.046,-0.520,-0.431,0.957, 0.089, 0.007,-0.754,0.000,0.000,0.000, 0.405, 0.067, 2.011;
5.130,1.051,-0.526,-0.427,0.951, 0.089, 0.007,-0.754,0.000,0.000,0.000, 0.404, 0.075, 2.011;
5.143,1.055,-0.532,-0.422,0.945, 0.089, 0.007,-0.754,0.000,0.000,0.000, 0.403, 0.082, 2.011;
5.154,1.059,-0.538,-0.418,0.939, 0.089, 0.007,-0.754,0.000,0.000,0.000, 0.401, 0.090, 2.011;
5.166,1.063,-0.544,-0.414,0.933, 0.089, 0.007,-0.754,0.000,0.000,0.000, 0.400, 0.097, 2.011;
5.179,1.067,-0.550,-0.410,0.927, 0.089, 0.007,-0.754,0.000,0.000,0.000, 0.398, 0.105, 2.011;
5.190,1.071,-0.556,-0.407,0.921, 0.089, 0.007,-0.754,0.000,0.000,0.000, 0.397, 0.112, 2.011;
5.202,1.074,-0.563,-0.403,0.915, 0.089, 0.007,-0.754,0.000,0.000,0.000, 0.395, 0.119, 2.011;
5.214,1.078,-0.569,-0.400,0.909, 0.089, 0.007,-0.754,0.000,0.000,0.000, 0.393, 0.126, 2.011;
5.224,1.081,-0.574,-0.396,0.903, 0.089, 0.007,-0.754,0.000,0.000,0.000, 0.391, 0.132, 2.011;
5.236,1.084,-0.580,-0.393,0.897, 0.089, 0.007,-0.754,0.000,0.000,0.000, 0.389, 0.139, 2.011;
5.247,1.087,-0.586,-0.390,0.891, 0.089, 0.007,-0.754,0.000,0.000,0.000, 0.387, 0.146, 2.011;
5.258,1.090,-0.592,-0.387,0.885, 0.089, 0.007,-0.754,0.000,0.000,0.000, 0.385, 0.153, 2.011;
5.281,1.096,-0.605,-0.381,0.873, 0.089, 0.007,-0.754,0.000,0.000,0.000, 0.380, 0.166, 2.011;
5.286,1.098,-0.607,-0.380,0.870, 0.089, 0.007,-0.754,0.000,0.000,0.000, 0.379, 0.169, 2.011;
5.297,1.100,-0.613,-0.377,0.864, 0.089, 0.007,-0.754,0.000,0.000,0.000, 0.376, 0.175, 2.011;
5.308,1.103,-0.619,-0.374,0.858, 0.089, 0.007,-0.754,0.000,0.000,0.000, 0.374, 0.182, 2.011;
5.319,1.106,-0.626,-0.372,0.852, 0.089, 0.007,-0.754,0.000,0.000,0.000, 0.371, 0.189, 2.011;
5.342,1.110,-0.638,-0.367,0.839, 0.089, 0.007,-0.754,0.000,0.000,0.000, 0.365, 0.201, 2.011;
5.353,1.113,-0.645,-0.365,0.833, 0.089, 0.007,-0.754,0.000,0.000,0.000, 0.362, 0.208, 2.011;
5.366,1.115,-0.652,-0.362,0.826, 0.089, 0.007,-0.754,0.000,0.000,0.000, 0.359, 0.215, 2.011;
5.378,1.118,-0.659,-0.360,0.819, 0.089, 0.007,-0.754,0.000,0.000,0.000, 0.355, 0.222, 2.011;
5.390,1.120,-0.666,-0.358,0.812, 0.089, 0.007,-0.754,0.000,0.000,0.000, 0.352, 0.229, 2.011;
5.402,1.122,-0.673,-0.356,0.805, 0.089, 0.007,-0.754,0.000,0.000,0.000, 0.348, 0.235, 2.011;
5.415,1.124,-0.680,-0.354,0.797, 0.089, 0.007,-0.754,0.000,0.000,0.000, 0.344, 0.242, 2.011;
5.427,1.126,-0.687,-0.352,0.790, 0.089, 0.007,-0.754,0.000,0.000,0.000, 0.340, 0.249, 2.011;
5.440,1.128,-0.695,-0.350,0.783, 0.089, 0.007,-0.754,0.000,0.000,0.000, 0.336, 0.256, 2.011;
5.446,1.128,-0.698,-0.349,0.779, 0.089, 0.007,-0.754,0.000,0.000,0.000, 0.334, 0.259, 2.011;
5.455,1.130,-0.704,-0.348,0.774, 0.089, 0.007,-0.754,0.000,0.000,0.000, 0.331, 0.264, 2.011;
5.466,1.131,-0.710,-0.347,0.767, 0.089, 0.007,-0.754,0.000,0.000,0.000, 0.327, 0.270, 2.011;
5.488,1.133,-0.723,-0.344,0.754, 0.089, 0.007,-0.754,0.000,0.000,0.000, 0.320, 0.281, 2.011;
5.492,1.134,-0.725,-0.344,0.752, 0.089, 0.007,-0.754,0.000,0.000,0.000, 0.318, 0.283, 2.011;
5.502,1.135,-0.732,-0.343,0.746, 0.089, 0.007,-0.754,0.000,0.000,0.000, 0.314, 0.288, 2.011;
5.524,1.137,-0.745,-0.341,0.733, 0.089, 0.007,-0.754,0.000,0.000,0.000, 0.306, 0.299, 2.011;
5.536,1.137,-0.752,-0.340,0.726, 0.089, 0.007,-0.754,0.000,0.000,0.000, 0.302, 0.305, 2.011;
5.548,1.138,-0.759,-0.339,0.718, 0.089, 0.007,-0.754,0.000,0.000,0.000, 0.297, 0.311, 2.011;
5.560,1.139,-0.766,-0.339,0.712, 0.089, 0.007,-0.754,0.000,0.000,0.000, 0.292, 0.317, 2.011;
5.571,1.139,-0.773,-0.338,0.705, 0.089, 0.007,-0.754,0.000,0.000,0.000, 0.287, 0.322, 2.011;
5.582,1.140,-0.779,-0.338,0.698, 0.089, 0.007,-0.754,0.000,0.000,0.000, 0.283, 0.327, 2.011;
5.593,1.140,-0.786,-0.337,0.692, 0.089, 0.007,-0.754,0.000,0.000,0.000, 0.278, 0.332, 2.011;
5.604,1.140,-0.793,-0.337,0.685, 0.089, 0.007,-0.754,0.000,0.000,0.000, 0.273, 0.337, 2.011;
5.615,1.140,-0.799,-0.337,0.678, 0.089, 0.007,-0.754,0.000,0.000,0.000, 0.269, 0.342, 2.011;
5.626,1.140,-0.806,-0.337,0.672, 0.089, 0.007,-0.754,0.000,0.000,0.000, 0.264, 0.347, 2.011;
5.637,1.140,-0.812,-0.337,0.665, 0.089, 0.007,-0.754,0.000,0.000,0.000, 0.259, 0.352, 2.011;
5.658,1.140,-0.825,-0.337,0.652, 0.089, 0.007,-0.754,0.000,0.000,0.000, 0.249, 0.361, 2.011;
5.669,1.140,-0.832,-0.338,0.646, 0.089, 0.007,-0.754,0.000,0.000,0.000, 0.244, 0.366, 2.011;
5.681,1.139,-0.839,-0.338,0.639, 0.089, 0.007,-0.754,0.000,0.000,0.000, 0.239, 0.371, 2.011;
5.692,1.139,-0.846,-0.339,0.632, 0.089, 0.007,-0.754,0.000,0.000,0.000, 0.233, 0.375, 2.011;
5.704,1.138,-0.852,-0.339,0.625, 0.089, 0.007,-0.754,0.000,0.000,0.000, 0.228, 0.380, 2.011;
5.714,1.137,-0.859,-0.340,0.619, 0.089, 0.007,-0.754,0.000,0.000,0.000, 0.222, 0.384, 2.011;
5.727,1.137,-0.866,-0.341,0.611, 0.089, 0.007,-0.754,0.000,0.000,0.000, 0.216, 0.389, 2.011;
5.738,1.136,-0.873,-0.342,0.605, 0.089, 0.007,-0.754,0.000,0.000,0.000, 0.211, 0.393, 2.011;
5.748,1.135,-0.879,-0.343,0.598, 0.089, 0.007,-0.754,0.000,0.000,0.000, 0.205, 0.397, 2.011;
5.760,1.134,-0.886,-0.344,0.592, 0.089, 0.007,-0.754,0.000,0.000,0.000, 0.200, 0.401, 2.011;
5.781,1.131,-0.898,-0.346,0.579, 0.089, 0.007,-0.754,0.000,0.000,0.000, 0.189, 0.409, 2.011;
5.792,1.130,-0.905,-0.348,0.572, 0.089, 0.007,-0.754,0.000,0.000,0.000, 0.183, 0.413, 2.011;
5.804,1.128,-0.912,-0.349,0.565, 0.089, 0.007,-0.754,0.000,0.000,0.000, 0.176, 0.417, 2.011;
5.816,1.127,-0.919,-0.351,0.558, 0.089, 0.007,-0.754,0.000,0.000,0.000, 0.170, 0.421, 2.011;
5.829,1.125,-0.927,-0.353,0.551, 0.089, 0.007,-0.754,0.000,0.000,0.000, 0.163, 0.425, 2.011;
5.841,1.123,-0.933,-0.354,0.544, 0.089, 0.007,-0.754,0.000,0.000,0.000, 0.157, 0.429, 2.011;
5.853,1.121,-0.940,-0.356,0.537, 0.089, 0.007,-0.754,0.000,0.000,0.000, 0.150, 0.432, 2.011;
5.864,1.119,-0.947,-0.359,0.530, 0.089, 0.007,-0.754,0.000,0.000,0.000, 0.144, 0.436, 2.011;
5.876,1.117,-0.954,-0.361,0.524, 0.089, 0.007,-0.754,0.000,0.000,0.000, 0.137, 0.439, 2.011;
5.888,1.114,-0.961,-0.363,0.517, 0.089, 0.007,-0.754,0.000,0.000,0.000, 0.130, 0.443, 2.011;
5.901,1.112,-0.968,-0.365,0.510, 0.089, 0.007,-0.754,0.000,0.000,0.000, 0.123, 0.446, 2.011;
5.913,1.110,-0.975,-0.368,0.503, 0.089, 0.007,-0.754,0.000,0.000,0.000, 0.116, 0.449, 2.011;
5.925,1.107,-0.982,-0.371,0.496, 0.089, 0.007,-0.754,0.000,0.000,0.000, 0.109, 0.452, 2.011;
5.937,1.104,-0.988,-0.373,0.489, 0.089, 0.007,-0.754,0.000,0.000,0.000, 0.102, 0.455, 2.011;
5.950,1.101,-0.995,-0.376,0.482, 0.089, 0.007,-0.754,0.000,0.000,0.000, 0.095, 0.458, 2.011;
5.962,1.098,-1.002,-0.379,0.475, 0.089, 0.007,-0.754,0.000,0.000,0.000, 0.088, 0.461, 2.011;
5.974,1.095,-1.009,-0.382,0.469, 0.089, 0.007,-0.754,0.000,0.000,0.000, 0.081, 0.464, 2.011;
5.986,1.092,-1.015,-0.385,0.462, 0.089, 0.007,-0.754,0.000,0.000,0.000, 0.074, 0.466, 2.011;
5.998,1.089,-1.021,-0.389,0.456, 0.089, 0.007,-0.754,0.000,0.000,0.000, 0.067, 0.468, 2.011;
6.009,1.086,-1.027,-0.392,0.450, 0.089, 0.007,-0.754,0.000,0.000,0.000, 0.060, 0.471, 2.011;
6.021,1.082,-1.034,-0.395,0.444, 0.089, 0.007,-0.754,0.000,0.000,0.000, 0.053, 0.473, 2.011;
6.032,1.079,-1.040,-0.398,0.438, 0.089, 0.007,-0.754,0.000,0.000,0.000, 0.046, 0.475, 2.011;
6.043,1.076,-1.046,-0.402,0.432, 0.089, 0.007,-0.754,0.000,0.000,0.000, 0.039, 0.477, 2.011;
6.055,1.072,-1.051,-0.405,0.426, 0.089, 0.007,-0.754,0.000,0.000,0.000, 0.032, 0.478, 2.011;
6.066,1.069,-1.057,-0.409,0.420, 0.089, 0.007,-0.754,0.000,0.000,0.000, 0.025, 0.480, 2.011;
6.077,1.065,-1.063,-0.412,0.415, 0.089, 0.007,-0.754,0.000,0.000,0.000, 0.018, 0.482, 2.011;
6.099,1.058,-1.074,-0.419,0.404, 0.089, 0.007,-0.754,0.000,0.000,0.000, 0.005, 0.484, 2.011;
6.110,1.054,-1.079,-0.423,0.398, 0.089, 0.007,-0.754,0.000,0.000,0.000,-0.002, 0.486, 2.011;
6.122,1.050,-1.085,-0.427,0.392, 0.089, 0.007,-0.754,0.000,0.000,0.000,-0.009, 0.487, 2.011;
6.133,1.046,-1.091,-0.431,0.387, 0.089, 0.007,-0.754,0.000,0.000,0.000,-0.016, 0.488, 2.011;
6.145,1.042,-1.096,-0.436,0.381, 0.089, 0.007,-0.754,0.000,0.000,0.000,-0.024, 0.489, 2.011;
6.157,1.037,-1.102,-0.440,0.375, 0.089, 0.007,-0.754,0.000,0.000,0.000,-0.031, 0.490, 2.011;
6.170,1.033,-1.108,-0.445,0.370, 0.089, 0.007,-0.754,0.000,0.000,0.000,-0.039, 0.491, 2.011;
6.182,1.028,-1.114,-0.450,0.364, 0.089, 0.007,-0.754,0.000,0.000,0.000,-0.046, 0.491, 2.011;
6.195,1.023,-1.120,-0.455,0.358, 0.089, 0.007,-0.754,0.000,0.000,0.000,-0.055, 0.492, 2.011;
6.207,1.018,-1.125,-0.459,0.352, 0.089, 0.007,-0.754,0.000,0.000,0.000,-0.062, 0.493, 2.011;
6.218,1.013,-1.130,-0.464,0.347, 0.089, 0.007,-0.754,0.000,0.000,0.000,-0.069, 0.493, 2.011;
6.230,1.008,-1.135,-0.469,0.342, 0.089, 0.007,-0.754,0.000,0.000,0.000,-0.077, 0.493, 2.011;
6.242,1.003,-1.140,-0.474,0.337, 0.089, 0.007,-0.754,0.000,0.000,0.000,-0.084, 0.493, 2.011;
6.254,0.998,-1.146,-0.479,0.332, 0.089, 0.007,-0.754,0.000,0.000,0.000,-0.092, 0.493, 2.011;
6.266,0.993,-1.151,-0.484,0.327, 0.089, 0.007,-0.754,0.000,0.000,0.000,-0.099, 0.493, 2.011;
6.278,0.988,-1.156,-0.489,0.322, 0.089, 0.007,-0.754,0.000,0.000,0.000,-0.107, 0.493, 2.011;
6.289,0.983,-1.160,-0.494,0.317, 0.089, 0.007,-0.754,0.000,0.000,0.000,-0.114, 0.493, 2.011;
6.301,0.978,-1.165,-0.500,0.313, 0.089, 0.007,-0.754,0.000,0.000,0.000,-0.121, 0.492, 2.011;
6.314,0.972,-1.170,-0.505,0.308, 0.089, 0.007,-0.754,0.000,0.000,0.000,-0.129, 0.492, 2.011;
6.325,0.967,-1.174,-0.511,0.303, 0.089, 0.007,-0.754,0.000,0.000,0.000,-0.136, 0.491, 2.011;
6.336,0.962,-1.178,-0.516,0.299, 0.089, 0.007,-0.754,0.000,0.000,0.000,-0.143, 0.490, 2.011;
6.348,0.956,-1.183,-0.521,0.295, 0.089, 0.007,-0.754,0.000,0.000,0.000,-0.150, 0.490, 2.011;
6.359,0.951,-1.187,-0.527,0.291, 0.089, 0.007,-0.754,0.000,0.000,0.000,-0.158, 0.489, 2.011;
6.371,0.945,-1.191,-0.532,0.286, 0.089, 0.007,-0.754,0.000,0.000,0.000,-0.165, 0.488, 2.011;
6.393,0.934,-1.199,-0.543,0.279, 0.089, 0.007,-0.754,0.000,0.000,0.000,-0.178, 0.485, 2.011;
6.396,0.933,-1.200,-0.545,0.278, 0.089, 0.007,-0.754,0.000,0.000,0.000,-0.180, 0.485, 2.011;
6.408,0.927,-1.204,-0.551,0.274, 0.089, 0.007,-0.754,0.000,0.000,0.000,-0.188, 0.483, 2.011;
6.430,0.916,-1.211,-0.562,0.266, 0.089, 0.007,-0.754,0.000,0.000,0.000,-0.201, 0.481, 2.011;
6.441,0.910,-1.215,-0.568,0.263, 0.089, 0.007,-0.754,0.000,0.000,0.000,-0.208, 0.479, 2.011;
6.454,0.903,-1.219,-0.574,0.259, 0.089, 0.007,-0.754,0.000,0.000,0.000,-0.216, 0.477, 2.011;
6.467,0.897,-1.222,-0.581,0.255, 0.089, 0.007,-0.754,0.000,0.000,0.000,-0.224, 0.475, 2.011;
6.479,0.890,-1.226,-0.587,0.252, 0.089, 0.007,-0.754,0.000,0.000,0.000,-0.231, 0.473, 2.011;
6.490,0.884,-1.229,-0.593,0.248, 0.089, 0.007,-0.754,0.000,0.000,0.000,-0.238, 0.471, 2.011;
6.503,0.877,-1.233,-0.600,0.245, 0.089, 0.007,-0.754,0.000,0.000,0.000,-0.246, 0.468, 2.011;
6.515,0.871,-1.236,-0.607,0.241, 0.089, 0.007,-0.754,0.000,0.000,0.000,-0.253, 0.466, 2.011;
6.528,0.864,-1.239,-0.613,0.238, 0.089, 0.007,-0.754,0.000,0.000,0.000,-0.260, 0.463, 2.011;
6.540,0.857,-1.242,-0.620,0.235, 0.089, 0.007,-0.754,0.000,0.000,0.000,-0.268, 0.460, 2.011;
6.544,0.855,-1.243,-0.622,0.234, 0.089, 0.007,-0.754,0.000,0.000,0.000,-0.270, 0.460, 2.011;
6.554,0.850,-1.246,-0.628,0.232, 0.089, 0.007,-0.754,0.000,0.000,0.000,-0.276, 0.457, 2.011;
6.576,0.837,-1.251,-0.640,0.227, 0.089, 0.007,-0.754,0.000,0.000,0.000,-0.288, 0.452, 2.011;
6.588,0.831,-1.253,-0.647,0.224, 0.089, 0.007,-0.754,0.000,0.000,0.000,-0.295, 0.449, 2.011;
6.600,0.824,-1.256,-0.653,0.222, 0.089, 0.007,-0.754,0.000,0.000,0.000,-0.302, 0.446, 2.011;
6.613,0.816,-1.258,-0.661,0.219, 0.089, 0.007,-0.754,0.000,0.000,0.000,-0.310, 0.442, 2.011;
6.625,0.809,-1.261,-0.668,0.217, 0.089, 0.007,-0.754,0.000,0.000,0.000,-0.316, 0.439, 2.011;
6.637,0.803,-1.263,-0.675,0.215, 0.089, 0.007,-0.754,0.000,0.000,0.000,-0.323, 0.435, 2.011;
6.649,0.796,-1.265,-0.682,0.213, 0.089, 0.007,-0.754,0.000,0.000,0.000,-0.330, 0.432, 2.011;
6.662,0.788,-1.267,-0.689,0.211, 0.089, 0.007,-0.754,0.000,0.000,0.000,-0.337, 0.428, 2.011;
6.674,0.781,-1.269,-0.696,0.209, 0.089, 0.007,-0.754,0.000,0.000,0.000,-0.343, 0.424, 2.011;
6.686,0.774,-1.271,-0.703,0.207, 0.089, 0.007,-0.754,0.000,0.000,0.000,-0.350, 0.420, 2.011;
6.699,0.766,-1.272,-0.711,0.205, 0.089, 0.007,-0.754,0.000,0.000,0.000,-0.357, 0.416, 2.011;
6.703,0.764,-1.273,-0.713,0.205, 0.089, 0.007,-0.754,0.000,0.000,0.000,-0.359, 0.414, 2.011;
6.714,0.758,-1.274,-0.720,0.203, 0.089, 0.007,-0.754,0.000,0.000,0.000,-0.365, 0.411, 2.011;
6.726,0.751,-1.276,-0.727,0.202, 0.089, 0.007,-0.754,0.000,0.000,0.000,-0.371, 0.407, 2.011;
6.747,0.738,-1.278,-0.739,0.200, 0.089, 0.007,-0.754,0.000,0.000,0.000,-0.382, 0.399, 2.011;
6.760,0.731,-1.279,-0.747,0.198, 0.089, 0.007,-0.754,0.000,0.000,0.000,-0.388, 0.394, 2.011;
6.771,0.724,-1.280,-0.754,0.197, 0.089, 0.007,-0.754,0.000,0.000,0.000,-0.394, 0.390, 2.011;
6.782,0.717,-1.281,-0.760,0.197, 0.089, 0.007,-0.754,0.000,0.000,0.000,-0.399, 0.386, 2.011;
6.794,0.710,-1.282,-0.767,0.196, 0.089, 0.007,-0.754,0.000,0.000,0.000,-0.405, 0.381, 2.011;
6.806,0.703,-1.282,-0.774,0.195, 0.089, 0.007,-0.754,0.000,0.000,0.000,-0.411, 0.376, 2.011;
6.817,0.697,-1.283,-0.781,0.195, 0.089, 0.007,-0.754,0.000,0.000,0.000,-0.416, 0.372, 2.011;
6.828,0.690,-1.283,-0.788,0.194, 0.089, 0.007,-0.754,0.000,0.000,0.000,-0.421, 0.367, 2.011;
6.839,0.683,-1.284,-0.794,0.194, 0.089, 0.007,-0.754,0.000,0.000,0.000,-0.427, 0.362, 2.011;
6.850,0.677,-1.284,-0.801,0.194, 0.089, 0.007,-0.754,0.000,0.000,0.000,-0.432, 0.358, 2.011;
6.861,0.670,-1.284,-0.808,0.193, 0.089, 0.007,-0.754,0.000,0.000,0.000,-0.437, 0.353, 2.011;
6.872,0.663,-1.284,-0.814,0.193, 0.089, 0.007,-0.754,0.000,0.000,0.000,-0.441, 0.348, 2.011;
6.893,0.650,-1.284,-0.827,0.194, 0.089, 0.007,-0.754,0.000,0.000,0.000,-0.451, 0.339, 2.011;
6.905,0.643,-1.284,-0.834,0.194, 0.089, 0.007,-0.754,0.000,0.000,0.000,-0.456, 0.333, 2.011;
6.917,0.636,-1.283,-0.841,0.194, 0.089, 0.007,-0.754,0.000,0.000,0.000,-0.461, 0.328, 2.011;
6.928,0.630,-1.283,-0.848,0.194, 0.089, 0.007,-0.754,0.000,0.000,0.000,-0.466, 0.323, 2.011;
6.940,0.623,-1.282,-0.855,0.195, 0.089, 0.007,-0.754,0.000,0.000,0.000,-0.470, 0.317, 2.011;
6.952,0.615,-1.282,-0.862,0.196, 0.089, 0.007,-0.754,0.000,0.000,0.000,-0.475, 0.311, 2.011;
6.963,0.608,-1.281,-0.869,0.196, 0.089, 0.007,-0.754,0.000,0.000,0.000,-0.480, 0.306, 2.011;
6.975,0.602,-1.280,-0.876,0.197, 0.089, 0.007,-0.754,0.000,0.000,0.000,-0.484, 0.300, 2.011;
6.986,0.595,-1.279,-0.882,0.198, 0.089, 0.007,-0.754,0.000,0.000,0.000,-0.488, 0.294, 2.011;
6.996,0.589,-1.278,-0.889,0.199, 0.089, 0.007,-0.754,0.000,0.000,0.000,-0.492, 0.289, 2.011;
7.008,0.582,-1.277,-0.895,0.200, 0.089, 0.007,-0.754,0.000,0.000,0.000,-0.497, 0.283, 2.011;
7.020,0.575,-1.276,-0.903,0.201, 0.089, 0.007,-0.754,0.000,0.000,0.000,-0.501, 0.277, 2.011;
7.031,0.568,-1.275,-0.909,0.203, 0.089, 0.007,-0.754,0.000,0.000,0.000,-0.505, 0.271, 2.011;
7.053,0.555,-1.272,-0.922,0.205, 0.089, 0.007,-0.754,0.000,0.000,0.000,-0.513, 0.259, 2.011;
7.057,0.553,-1.272,-0.924,0.206, 0.089, 0.007,-0.754,0.000,0.000,0.000,-0.514, 0.258, 2.011;
7.068,0.547,-1.270,-0.931,0.207, 0.089, 0.007,-0.754,0.000,0.000,0.000,-0.517, 0.252, 2.011;
7.090,0.534,-1.267,-0.944,0.211, 0.089, 0.007,-0.754,0.000,0.000,0.000,-0.524, 0.240, 2.011;
7.102,0.527,-1.265,-0.951,0.213, 0.089, 0.007,-0.754,0.000,0.000,0.000,-0.528, 0.233, 2.011;
7.115,0.519,-1.262,-0.958,0.215, 0.089, 0.007,-0.754,0.000,0.000,0.000,-0.532, 0.226, 2.011;
7.119,0.517,-1.262,-0.960,0.216, 0.089, 0.007,-0.754,0.000,0.000,0.000,-0.533, 0.224, 2.011;
7.130,0.511,-1.260,-0.967,0.218, 0.089, 0.007,-0.754,0.000,0.000,0.000,-0.536, 0.218, 2.011;
7.151,0.498,-1.255,-0.979,0.222, 0.089, 0.007,-0.754,0.000,0.000,0.000,-0.542, 0.205, 2.011;
7.163,0.492,-1.253,-0.986,0.224, 0.089, 0.007,-0.754,0.000,0.000,0.000,-0.545, 0.199, 2.011;
7.175,0.485,-1.250,-0.992,0.227, 0.089, 0.007,-0.754,0.000,0.000,0.000,-0.548, 0.192, 2.011;
7.187,0.479,-1.248,-0.999,0.230, 0.089, 0.007,-0.754,0.000,0.000,0.000,-0.551, 0.185, 2.011;
7.199,0.472,-1.245,-1.005,0.232, 0.089, 0.007,-0.754,0.000,0.000,0.000,-0.554, 0.178, 2.011;
7.212,0.464,-1.242,-1.013,0.236, 0.089, 0.007,-0.754,0.000,0.000,0.000,-0.557, 0.170, 2.011;
7.216,0.462,-1.241,-1.015,0.237, 0.089, 0.007,-0.754,0.000,0.000,0.000,-0.558, 0.168, 2.011;
7.227,0.456,-1.238,-1.021,0.240, 0.089, 0.007,-0.754,0.000,0.000,0.000,-0.560, 0.161, 2.011;
7.249,0.445,-1.232,-1.033,0.245, 0.089, 0.007,-0.754,0.000,0.000,0.000,-0.565, 0.148, 2.011;
7.262,0.438,-1.229,-1.040,0.249, 0.089, 0.007,-0.754,0.000,0.000,0.000,-0.567, 0.141, 2.011;
7.265,0.436,-1.228,-1.041,0.250, 0.089, 0.007,-0.754,0.000,0.000,0.000,-0.568, 0.139, 2.011;
7.276,0.430,-1.225,-1.047,0.253, 0.089, 0.007,-0.754,0.000,0.000,0.000,-0.570, 0.132, 2.011;
7.298,0.419,-1.218,-1.059,0.259, 0.089, 0.007,-0.754,0.000,0.000,0.000,-0.573, 0.119, 2.011;
7.311,0.412,-1.214,-1.065,0.263, 0.089, 0.007,-0.754,0.000,0.000,0.000,-0.575, 0.111, 2.011;
7.315,0.410,-1.213,-1.067,0.265, 0.089, 0.007,-0.754,0.000,0.000,0.000,-0.576, 0.109, 2.011;
7.325,0.405,-1.210,-1.072,0.268, 0.089, 0.007,-0.754,0.000,0.000,0.000,-0.577, 0.103, 2.011;
7.347,0.394,-1.202,-1.083,0.275, 0.089, 0.007,-0.754,0.000,0.000,0.000,-0.580, 0.089, 2.011;
7.359,0.388,-1.198,-1.089,0.279, 0.089, 0.007,-0.754,0.000,0.000,0.000,-0.581, 0.082, 2.011;
7.371,0.382,-1.194,-1.095,0.283, 0.089, 0.007,-0.754,0.000,0.000,0.000,-0.583, 0.074, 2.011;
7.383,0.376,-1.190,-1.101,0.288, 0.089, 0.007,-0.754,0.000,0.000,0.000,-0.584, 0.067, 2.011;
7.395,0.371,-1.185,-1.107,0.292, 0.089, 0.007,-0.754,0.000,0.000,0.000,-0.585, 0.059, 2.011;
7.407,0.364,-1.181,-1.113,0.297, 0.089, 0.007,-0.754,0.000,0.000,0.000,-0.586, 0.051, 2.011;
7.420,0.359,-1.176,-1.119,0.301, 0.089, 0.007,-0.754,0.000,0.000,0.000,-0.587, 0.044, 2.011;
7.431,0.353,-1.172,-1.124,0.306, 0.089, 0.007,-0.754,0.000,0.000,0.000,-0.587, 0.037, 2.011;
7.443,0.348,-1.167,-1.130,0.310, 0.089, 0.007,-0.754,0.000,0.000,0.000,-0.588, 0.029, 2.011;
7.455,0.342,-1.162,-1.135,0.315, 0.089, 0.007,-0.754,0.000,0.000,0.000,-0.588, 0.021, 2.011;
7.468,0.337,-1.157,-1.140,0.320, 0.089, 0.007,-0.754,0.000,0.000,0.000,-0.589, 0.014, 2.011;
7.480,0.332,-1.152,-1.146,0.325, 0.089, 0.007,-0.754,0.000,0.000,0.000,-0.589, 0.006, 2.011;
7.492,0.327,-1.147,-1.151,0.330, 0.089, 0.007,-0.754,0.000,0.000,0.000,-0.589,-0.001, 2.011;
7.503,0.321,-1.142,-1.156,0.335, 0.089, 0.007,-0.754,0.000,0.000,0.000,-0.589,-0.009, 2.011;
7.516,0.316,-1.137,-1.161,0.340, 0.089, 0.007,-0.754,0.000,0.000,0.000,-0.589,-0.016, 2.011;
7.528,0.311,-1.132,-1.166,0.346, 0.089, 0.007,-0.754,0.000,0.000,0.000,-0.589,-0.024, 2.011;
7.540,0.306,-1.127,-1.171,0.351, 0.089, 0.007,-0.754,0.000,0.000,0.000,-0.589,-0.032, 2.011;
7.552,0.301,-1.121,-1.176,0.357, 0.089, 0.007,-0.754,0.000,0.000,0.000,-0.588,-0.040, 2.011;
7.564,0.297,-1.115,-1.181,0.362, 0.089, 0.007,-0.754,0.000,0.000,0.000,-0.588,-0.047, 2.011;
7.576,0.292,-1.110,-1.185,0.368, 0.089, 0.007,-0.754,0.000,0.000,0.000,-0.587,-0.055, 2.011;
7.588,0.288,-1.104,-1.190,0.373, 0.089, 0.007,-0.754,0.000,0.000,0.000,-0.586,-0.062, 2.011;
7.601,0.283,-1.098,-1.195,0.379, 0.089, 0.007,-0.754,0.000,0.000,0.000,-0.585,-0.070, 2.011;
7.613,0.278,-1.092,-1.199,0.385, 0.089, 0.007,-0.754,0.000,0.000,0.000,-0.584,-0.078, 2.011;
7.625,0.274,-1.087,-1.203,0.391, 0.089, 0.007,-0.754,0.000,0.000,0.000,-0.583,-0.085, 2.011;
7.637,0.270,-1.081,-1.208,0.397, 0.089, 0.007,-0.754,0.000,0.000,0.000,-0.582,-0.092, 2.011;
7.649,0.266,-1.075,-1.212,0.403, 0.089, 0.007,-0.754,0.000,0.000,0.000,-0.581,-0.100, 2.011;
7.661,0.262,-1.069,-1.216,0.409, 0.089, 0.007,-0.754,0.000,0.000,0.000,-0.579,-0.107, 2.011;
7.673,0.258,-1.063,-1.220,0.415, 0.089, 0.007,-0.754,0.000,0.000,0.000,-0.578,-0.114, 2.011;
7.686,0.254,-1.056,-1.224,0.421, 0.089, 0.007,-0.754,0.000,0.000,0.000,-0.576,-0.122, 2.011;
7.698,0.250,-1.050,-1.227,0.427, 0.089, 0.007,-0.754,0.000,0.000,0.000,-0.574,-0.130, 2.011;
7.711,0.246,-1.043,-1.231,0.434, 0.089, 0.007,-0.754,0.000,0.000,0.000,-0.572,-0.138, 2.011;
7.723,0.243,-1.037,-1.235,0.440, 0.089, 0.007,-0.754,0.000,0.000,0.000,-0.570,-0.145, 2.011;
7.735,0.239,-1.031,-1.238,0.447, 0.089, 0.007,-0.754,0.000,0.000,0.000,-0.568,-0.152, 2.011;
7.746,0.236,-1.025,-1.242,0.453, 0.089, 0.007,-0.754,0.000,0.000,0.000,-0.566,-0.159, 2.011;
7.758,0.233,-1.018,-1.245,0.459, 0.089, 0.007,-0.754,0.000,0.000,0.000,-0.563,-0.166, 2.011;
7.770,0.230,-1.012,-1.248,0.466, 0.089, 0.007,-0.754,0.000,0.000,0.000,-0.561,-0.173, 2.011;
7.781,0.227,-1.006,-1.251,0.472, 0.089, 0.007,-0.754,0.000,0.000,0.000,-0.558,-0.180, 2.011;
7.793,0.224,-0.999,-1.254,0.478, 0.089, 0.007,-0.754,0.000,0.000,0.000,-0.556,-0.187, 2.011;
7.804,0.221,-0.993,-1.256,0.484, 0.089, 0.007,-0.754,0.000,0.000,0.000,-0.553,-0.193, 2.011;
7.816,0.218,-0.987,-1.259,0.491, 0.089, 0.007,-0.754,0.000,0.000,0.000,-0.550,-0.200, 2.011;
7.828,0.216,-0.980,-1.262,0.498, 0.089, 0.007,-0.754,0.000,0.000,0.000,-0.547,-0.207, 2.011;
7.840,0.213,-0.973,-1.264,0.504, 0.089, 0.007,-0.754,0.000,0.000,0.000,-0.544,-0.214, 2.011;
7.851,0.211,-0.967,-1.267,0.511, 0.089, 0.007,-0.754,0.000,0.000,0.000,-0.541,-0.220, 2.011;
7.863,0.208,-0.960,-1.269,0.517, 0.089, 0.007,-0.754,0.000,0.000,0.000,-0.538,-0.227, 2.011;
7.885,0.204,-0.948,-1.273,0.530, 0.089, 0.007,-0.754,0.000,0.000,0.000,-0.532,-0.239, 2.011;
7.897,0.202,-0.941,-1.275,0.537, 0.089, 0.007,-0.754,0.000,0.000,0.000,-0.528,-0.246, 2.011;
7.908,0.200,-0.934,-1.277,0.544, 0.089, 0.007,-0.754,0.000,0.000,0.000,-0.525,-0.252, 2.011;
7.921,0.198,-0.927,-1.279,0.551, 0.089, 0.007,-0.754,0.000,0.000,0.000,-0.521,-0.259, 2.011;
7.932,0.197,-0.920,-1.281,0.558, 0.089, 0.007,-0.754,0.000,0.000,0.000,-0.517,-0.265, 2.011;
7.945,0.195,-0.913,-1.283,0.565, 0.089, 0.007,-0.754,0.000,0.000,0.000,-0.513,-0.272, 2.011;
7.959,0.193,-0.904,-1.284,0.573, 0.089, 0.007,-0.754,0.000,0.000,0.000,-0.508,-0.279, 2.011;
7.964,0.192,-0.902,-1.285,0.576, 0.089, 0.007,-0.754,0.000,0.000,0.000,-0.507,-0.282, 2.011;
7.974,0.191,-0.895,-1.286,0.582, 0.089, 0.007,-0.754,0.000,0.000,0.000,-0.503,-0.287, 2.011;
7.985,0.190,-0.889,-1.287,0.588, 0.089, 0.007,-0.754,0.000,0.000,0.000,-0.499,-0.293, 2.011;
8.006,0.188,-0.876,-1.289,0.601, 0.089, 0.007,-0.754,0.000,0.000,0.000,-0.492,-0.304, 2.011;
8.017,0.187,-0.870,-1.290,0.608, 0.089, 0.007,-0.754,0.000,0.000,0.000,-0.487,-0.309, 2.011;
8.029,0.186,-0.863,-1.291,0.615, 0.089, 0.007,-0.754,0.000,0.000,0.000,-0.483,-0.315, 2.011;
8.040,0.185,-0.856,-1.292,0.622, 0.089, 0.007,-0.754,0.000,0.000,0.000,-0.478,-0.321, 2.011;
8.052,0.185,-0.849,-1.293,0.628, 0.089, 0.007,-0.754,0.000,0.000,0.000,-0.474,-0.326, 2.011;
8.063,0.184,-0.843,-1.293,0.635, 0.089, 0.007,-0.754,0.000,0.000,0.000,-0.469,-0.332, 2.011;
8.074,0.184,-0.836,-1.294,0.641, 0.089, 0.007,-0.754,0.000,0.000,0.000,-0.465,-0.337, 2.011;
8.085,0.183,-0.829,-1.294,0.648, 0.089, 0.007,-0.754,0.000,0.000,0.000,-0.460,-0.342, 2.011;
8.096,0.183,-0.823,-1.295,0.655, 0.089, 0.007,-0.754,0.000,0.000,0.000,-0.456,-0.347, 2.011;
8.117,0.183,-0.810,-1.295,0.667, 0.089, 0.007,-0.754,0.000,0.000,0.000,-0.447,-0.357, 2.011;
8.128,0.183,-0.803,-1.295,0.674, 0.089, 0.007,-0.754,0.000,0.000,0.000,-0.442,-0.362, 2.011;
8.139,0.183,-0.797,-1.295,0.681, 0.089, 0.007,-0.754,0.000,0.000,0.000,-0.437,-0.366, 2.011;
8.150,0.183,-0.790,-1.295,0.688, 0.089, 0.007,-0.754,0.000,0.000,0.000,-0.431,-0.371, 2.011;
8.161,0.183,-0.783,-1.294,0.694, 0.089, 0.007,-0.754,0.000,0.000,0.000,-0.426,-0.376, 2.011;
8.173,0.183,-0.777,-1.294,0.701, 0.089, 0.007,-0.754,0.000,0.000,0.000,-0.421,-0.381, 2.011;
8.184,0.184,-0.770,-1.294,0.708, 0.089, 0.007,-0.754,0.000,0.000,0.000,-0.416,-0.385, 2.011;
8.195,0.184,-0.763,-1.293,0.714, 0.089, 0.007,-0.754,0.000,0.000,0.000,-0.411,-0.390, 2.011;
8.206,0.185,-0.757,-1.292,0.721, 0.089, 0.007,-0.754,0.000,0.000,0.000,-0.405,-0.394, 2.011;
8.227,0.187,-0.744,-1.291,0.734, 0.089, 0.007,-0.754,0.000,0.000,0.000,-0.395,-0.403, 2.011;
8.239,0.188,-0.737,-1.290,0.741, 0.089, 0.007,-0.754,0.000,0.000,0.000,-0.389,-0.407, 2.011;
8.243,0.188,-0.734,-1.290,0.743, 0.089, 0.007,-0.754,0.000,0.000,0.000,-0.387,-0.409, 2.011;
8.263,0.190,-0.722,-1.288,0.755, 0.089, 0.007,-0.754,0.000,0.000,0.000,-0.376,-0.416, 2.011;
8.276,0.191,-0.715,-1.286,0.763, 0.089, 0.007,-0.754,0.000,0.000,0.000,-0.370,-0.421, 2.011;
8.279,0.192,-0.713,-1.286,0.765, 0.089, 0.007,-0.754,0.000,0.000,0.000,-0.368,-0.422, 2.011;
8.291,0.193,-0.706,-1.285,0.771, 0.089, 0.007,-0.754,0.000,0.000,0.000,-0.362,-0.426, 2.011;
8.312,0.196,-0.694,-1.282,0.784, 0.089, 0.007,-0.754,0.000,0.000,0.000,-0.351,-0.433, 2.011;
8.324,0.197,-0.687,-1.280,0.791, 0.089, 0.007,-0.754,0.000,0.000,0.000,-0.344,-0.437, 2.011;
8.336,0.199,-0.680,-1.278,0.798, 0.089, 0.007,-0.754,0.000,0.000,0.000,-0.338,-0.440, 2.011;
8.349,0.201,-0.672,-1.276,0.805, 0.089, 0.007,-0.754,0.000,0.000,0.000,-0.331,-0.444, 2.011;
8.361,0.204,-0.665,-1.274,0.812, 0.089, 0.007,-0.754,0.000,0.000,0.000,-0.324,-0.448, 2.011;
8.375,0.206,-0.657,-1.271,0.820, 0.089, 0.007,-0.754,0.000,0.000,0.000,-0.316,-0.452, 2.011;
8.379,0.207,-0.655,-1.271,0.822, 0.089, 0.007,-0.754,0.000,0.000,0.000,-0.314,-0.453, 2.011;
8.389,0.209,-0.649,-1.269,0.828, 0.089, 0.007,-0.754,0.000,0.000,0.000,-0.308,-0.456, 2.011;
8.401,0.211,-0.643,-1.266,0.835, 0.089, 0.007,-0.754,0.000,0.000,0.000,-0.302,-0.459, 2.011;
8.422,0.216,-0.630,-1.262,0.847, 0.089, 0.007,-0.754,0.000,0.000,0.000,-0.289,-0.465, 2.011;
8.435,0.219,-0.623,-1.259,0.854, 0.089, 0.007,-0.754,0.000,0.000,0.000,-0.282,-0.468, 2.011;
8.441,0.220,-0.620,-1.258,0.858, 0.089, 0.007,-0.754,0.000,0.000,0.000,-0.279,-0.469, 2.011;
8.451,0.222,-0.614,-1.255,0.863, 0.089, 0.007,-0.754,0.000,0.000,0.000,-0.273,-0.472, 2.011;
8.463,0.225,-0.608,-1.252,0.869, 0.089, 0.007,-0.754,0.000,0.000,0.000,-0.266,-0.474, 2.011;
8.474,0.228,-0.602,-1.249,0.876, 0.089, 0.007,-0.754,0.000,0.000,0.000,-0.259,-0.477, 2.011;
8.496,0.234,-0.590,-1.244,0.887, 0.089, 0.007,-0.754,0.000,0.000,0.000,-0.246,-0.481, 2.011;
8.508,0.237,-0.583,-1.240,0.894, 0.089, 0.007,-0.754,0.000,0.000,0.000,-0.239,-0.484, 2.011;
8.520,0.241,-0.577,-1.237,0.901, 0.089, 0.007,-0.754,0.000,0.000,0.000,-0.232,-0.486, 2.011;
8.533,0.244,-0.570,-1.233,0.907, 0.089, 0.007,-0.754,0.000,0.000,0.000,-0.224,-0.488, 2.011;
8.545,0.248,-0.564,-1.230,0.913, 0.089, 0.007,-0.754,0.000,0.000,0.000,-0.217,-0.490, 2.011;
8.556,0.251,-0.558,-1.226,0.919, 0.089, 0.007,-0.754,0.000,0.000,0.000,-0.210,-0.492, 2.011;
8.568,0.255,-0.552,-1.223,0.925, 0.089, 0.007,-0.754,0.000,0.000,0.000,-0.203,-0.494, 2.011;
8.580,0.259,-0.546,-1.219,0.931, 0.089, 0.007,-0.754,0.000,0.000,0.000,-0.195,-0.495, 2.011;
8.592,0.263,-0.540,-1.215,0.937, 0.089, 0.007,-0.754,0.000,0.000,0.000,-0.188,-0.497, 2.011;
8.603,0.267,-0.534,-1.211,0.943, 0.089, 0.007,-0.754,0.000,0.000,0.000,-0.181,-0.498, 2.011;
8.615,0.271,-0.528,-1.207,0.949, 0.089, 0.007,-0.754,0.000,0.000,0.000,-0.174,-0.500, 2.011;
8.627,0.275,-0.523,-1.203,0.955, 0.089, 0.007,-0.754,0.000,0.000,0.000,-0.166,-0.501, 2.011;
8.638,0.279,-0.517,-1.199,0.960, 0.089, 0.007,-0.754,0.000,0.000,0.000,-0.159,-0.502, 2.011;
8.649,0.283,-0.512,-1.195,0.965, 0.089, 0.007,-0.754,0.000,0.000,0.000,-0.152,-0.503, 2.011;
8.661,0.287,-0.507,-1.190,0.971, 0.089, 0.007,-0.754,0.000,0.000,0.000,-0.145,-0.504, 2.011;
8.672,0.291,-0.501,-1.186,0.976, 0.089, 0.007,-0.754,0.000,0.000,0.000,-0.138,-0.504, 2.011;
8.683,0.296,-0.496,-1.182,0.981, 0.089, 0.007,-0.754,0.000,0.000,0.000,-0.131,-0.505, 2.011;
8.695,0.300,-0.491,-1.177,0.987, 0.089, 0.007,-0.754,0.000,0.000,0.000,-0.124,-0.505, 2.011;
8.716,0.309,-0.481,-1.169,0.996, 0.089, 0.007,-0.754,0.000,0.000,0.000,-0.110,-0.506, 2.011;
