0.000,0.000,0.000,0.000,0.000, 0.000, 0.000, 0.000,0.000,0.000,0.000, 0.000, 0.000, 0.000;
0.011,2.406,-0.420,2.423,-0.437, 0.127,-0.074, 0.015,0.000,0.000,0.000, 0.373, 0.083,-0.015;
0.033,2.430,-0.511,2.446,-0.528, 0.127,-0.074, 0.015,0.000,0.000,0.000, 0.372, 0.099,-0.015;
0.044,2.441,-0.560,2.458,-0.577, 0.127,-0.074, 0.015,0.000,0.000,0.000, 0.372, 0.108,-0.015;
0.055,2.451,-0.609,2.468,-0.626, 0.127,-0.074, 0.015,0.000,0.000,0.000, 0.371, 0.117,-0.015;
0.067,2.462,-0.661,2.478,-0.677, 0.127,-0.074, 0.015,0.000,0.000,0.000, 0.370, 0.126,-0.015;
0.078,2.470,-0.707,2.486,-0.724, 0.127,-0.074, 0.015,0.000,0.000,0.000, 0.369, 0.135,-0.015;
0.090,2.478,-0.759,2.495,-0.776, 0.127,-0.074, 0.015,0.000,0.000,0.000, 0.368, 0.144,-0.015;
0.102,2.485,-0.811,2.501,-0.828, 0.127,-0.074, 0.015,0.000,0.000,-0.019, 0.366, 0.153,-0.015;
0.114,2.491,-0.863,2.507,-0.880, 0.127,-0.074, 0.015,0.000,0.000,0.000, 0.365, 0.162,-0.015;
0.125,6.766,-0.954,6.766,-0.954, 0.129,-0.071, 0.000,0.202,0.202,-1.348, 0.361, 0.169, 0.000;
0.136,2.468,-1.009,2.468,-1.009, 0.129,-0.071, 0.000,0.000,0.000,0.000, 0.359, 0.178, 0.000;
0.147,4.626,1.098,4.626,1.098, 0.132,-0.071, 0.000,0.203,0.000,0.000, 0.355, 0.186, 0.000;
0.158,2.467,-1.075,2.483,-1.091, 0.132,-0.071, 0.015,0.000,0.000,1.339, 0.353, 0.195,-0.015;
0.170,6.692,-1.166,6.692,-1.166, 0.134,-0.069, 0.000,0.200,0.200,-1.334, 0.348, 0.201, 0.000;
0.191,2.443,-1.220,2.459,-1.236, 0.134,-0.069, 0.015,0.000,0.000,0.693, 0.344, 0.217,-0.015;
0.202,4.509,0.860,4.525,0.844, 0.136,-0.069, 0.015,0.198,0.000,0.000, 0.339, 0.226,-0.015;
0.214,6.491,-1.272,6.507,-1.288, 0.138,-0.067, 0.015,0.192,0.192,0.019, 0.334, 0.232,-0.015;
0.225,6.587,-1.320,6.603,-1.337, 0.141,-0.065, 0.015,0.198,0.198,0.000, 0.328, 0.238,-0.015;
0.237,4.286,0.628,4.319,0.595, 0.143,-0.065, 0.030,0.185,0.000,1.257, 0.323, 0.247,-0.030;
0.249,6.422,-1.334,6.455,-1.368, 0.145,-0.062, 0.030,0.191,0.191,0.000, 0.317, 0.253,-0.030;
0.260,6.526,-1.484,6.543,-1.501, 0.147,-0.060, 0.015,0.198,0.198,-1.346, 0.311, 0.259,-0.015;
0.271,4.398,0.667,4.431,0.634, 0.150,-0.060, 0.030,0.204,0.000,1.382, 0.306, 0.267,-0.030;
0.282,6.575,-1.488,6.609,-1.521, 0.152,-0.058, 0.030,0.202,0.202,0.000, 0.300, 0.273,-0.030;
0.294,6.371,-1.443,6.421,-1.493, 0.154,-0.056, 0.045,0.194,0.194,1.313, 0.294, 0.278,-0.045;
0.305,6.560,-1.478,6.610,-1.529, 0.156,-0.054, 0.045,0.204,0.204,0.000, 0.288, 0.284,-0.045;
0.327,4.321,-1.675,4.371,-1.725, 0.158,-0.051, 0.045,0.101,0.101,0.000, 0.277, 0.297,-0.045;
0.338,8.506,-3.769,8.540,-3.803, 0.161,-0.047, 0.030,0.198,0.397,-1.344, 0.270, 0.300,-0.030;
0.350,7.796,0.195,7.829,0.162, 0.165,-0.045, 0.030,0.363,0.182,0.000, 0.261, 0.306,-0.030;
0.362,6.084,-1.749,6.134,-1.799, 0.167,-0.042, 0.045,0.190,0.190,1.291, 0.254, 0.312,-0.045;
0.374,6.069,-1.795,6.119,-1.845, 0.170,-0.040, 0.045,0.192,0.192,0.000, 0.247, 0.317,-0.045;
0.385,10.358,-1.640,10.409,-1.691, 0.174,-0.036, 0.046,0.396,0.396,0.062, 0.237, 0.320,-0.046;
0.396,6.091,-1.888,6.141,-1.939, 0.176,-0.033, 0.045,0.198,0.198,-0.062, 0.230, 0.325,-0.045;
0.408,6.069,-1.936,6.119,-1.986, 0.179,-0.031, 0.045,0.198,0.198,0.000, 0.222, 0.330,-0.045;
0.419,7.980,-3.924,8.030,-3.974, 0.181,-0.027, 0.045,0.191,0.382,0.000, 0.215, 0.333,-0.045;
0.430,8.256,-4.196,8.289,-4.230, 0.183,-0.022, 0.030,0.203,0.406,-1.375, 0.207, 0.335,-0.030;
0.441,8.015,0.180,8.066,0.129, 0.187,-0.020, 0.046,0.403,0.201,1.428, 0.197, 0.340,-0.046;
0.452,8.103,-4.273,8.137,-4.307, 0.190,-0.016, 0.031,0.202,0.403,-1.387, 0.189, 0.342,-0.031;
0.464,8.026,-4.307,8.060,-4.341, 0.192,-0.011, 0.031,0.201,0.402,0.000, 0.181, 0.344,-0.031;
0.485,3.698,-2.314,3.749,-2.365, 0.194,-0.009, 0.046,0.104,0.104,0.713, 0.168, 0.354,-0.046;
0.498,7.050,-4.175,7.084,-4.208, 0.196,-0.004, 0.031,0.175,0.350,-1.204, 0.158, 0.357,-0.031;
0.510,7.047,-4.235,7.081,-4.269, 0.199,-0.000, 0.031,0.177,0.354,0.000, 0.149, 0.359,-0.031;
0.513,26.302,-10.015,26.336,-10.049, 0.201, 0.004, 0.031,0.774,1.548,0.000, 0.145, 0.356,-0.031;
0.524,7.880,-4.546,7.914,-4.580, 0.203, 0.009, 0.031,0.206,0.412,0.000, 0.137, 0.358,-0.031;
0.546,4.468,-3.621,4.502,-3.655, 0.205, 0.013, 0.031,0.103,0.206,0.000, 0.122, 0.365,-0.031;
0.558,5.143,-6.637,5.160,-6.654, 0.205, 0.018, 0.015,0.000,0.378,-1.322, 0.115, 0.366,-0.015;
0.570,6.738,-4.522,6.755,-4.539, 0.208, 0.022, 0.015,0.179,0.358,0.019, 0.105, 0.368,-0.015;
0.580,7.808,-4.906,7.825,-4.923, 0.210, 0.027, 0.015,0.214,0.429,0.000, 0.096, 0.369,-0.015;
0.592,6.883,-4.666,6.900,-4.683, 0.212, 0.031, 0.015,0.188,0.376,0.000, 0.087, 0.370,-0.015;
0.604,4.882,-6.750,4.899,-6.767, 0.212, 0.036, 0.015,0.000,0.379,-0.020, 0.079, 0.371,-0.015;
0.617,6.217,-4.546,6.234,-4.563, 0.214, 0.040, 0.015,0.171,0.343,0.018, 0.069, 0.372,-0.015;
0.629,6.921,-4.818,6.938,-4.834, 0.217, 0.045, 0.015,0.195,0.391,0.000, 0.059, 0.373,-0.015;
0.641,4.416,-6.574,4.433,-6.591, 0.217, 0.049, 0.015,0.000,0.355,0.000, 0.051, 0.374,-0.015;
0.653,8.538,-6.912,8.538,-6.912, 0.219, 0.056, 0.000,0.189,0.568,-1.306, 0.041, 0.372, 0.000;
0.665,6.256,-4.861,6.256,-4.861, 0.221, 0.060, 0.000,0.184,0.368,0.000, 0.030, 0.372, 0.000;
0.677,4.399,-7.001,4.399,-7.001, 0.221, 0.065, 0.000,0.000,0.383,0.000, 0.022, 0.372, 0.000;
0.688,6.372,-4.979,6.372,-4.979, 0.223, 0.069, 0.000,0.192,0.384,0.000, 0.012, 0.372, 0.000;
0.700,4.153,-7.092,4.136,-7.075, 0.223, 0.074,-0.015,0.000,0.382,-1.318, 0.004, 0.372, 0.015;
0.711,6.276,-5.153,6.259,-5.136, 0.225, 0.078,-0.015,0.195,0.391,0.000,-0.006, 0.371, 0.015;
0.723,6.349,-5.223,6.332,-5.207, 0.228, 0.083,-0.015,0.200,0.400,0.000,-0.017, 0.371, 0.015;
0.735,5.589,-8.854,5.572,-8.837, 0.228, 0.089,-0.015,0.000,0.542,0.000,-0.025, 0.368, 0.015;
0.746,6.362,-5.296,6.345,-5.279, 0.230, 0.094,-0.016,0.205,0.411,-0.022,-0.036, 0.367, 0.016;
0.757,3.902,-7.280,3.885,-7.263, 0.230, 0.098,-0.015,0.000,0.395,0.021,-0.044, 0.366, 0.015;
0.779,2.805,-6.427,2.771,-6.393, 0.230, 0.105,-0.031,0.000,0.310,-0.711,-0.060, 0.365, 0.031;
0.791,5.364,-5.193,5.330,-5.158, 0.232, 0.109,-0.031,0.185,0.369,-0.040,-0.071, 0.364, 0.031;
0.803,3.279,-7.114,3.245,-7.080, 0.232, 0.114,-0.031,0.000,0.370,0.040,-0.080, 0.362, 0.031;
0.815,5.121,-9.148,5.087,-9.115, 0.232, 0.121,-0.031,0.000,0.557,0.000,-0.089, 0.358, 0.031;
0.826,5.789,-5.429,5.755,-5.396, 0.234, 0.125,-0.031,0.205,0.411,0.000,-0.099, 0.356, 0.031;
0.837,3.213,-7.286,3.179,-7.252, 0.234, 0.129,-0.031,0.000,0.387,0.000,-0.108, 0.354, 0.031;
0.849,4.952,-9.428,4.902,-9.377, 0.234, 0.136,-0.046,0.000,0.576,-1.321,-0.117, 0.350, 0.046;
0.860,5.133,-5.380,5.082,-5.329, 0.237, 0.141,-0.046,0.194,0.389,0.000,-0.128, 0.347, 0.046;
0.873,2.674,-7.115,2.624,-7.064, 0.237, 0.145,-0.046,0.000,0.368,0.000,-0.137, 0.345, 0.046;
0.885,4.181,-9.052,4.114,-8.984, 0.237, 0.152,-0.061,0.000,0.537,-1.230,-0.147, 0.340, 0.061;
0.898,4.029,-5.046,3.977,-4.994, 0.239, 0.156,-0.047,0.168,0.335,1.098,-0.159, 0.337, 0.047;
0.911,4.074,-9.131,4.005,-9.063, 0.239, 0.163,-0.062,0.000,0.545,-1.267,-0.169, 0.332, 0.062;
0.923,2.382,-7.136,2.331,-7.085, 0.239, 0.167,-0.046,0.000,0.373,1.361,-0.178, 0.329, 0.046;
0.934,4.401,-9.630,4.333,-9.562, 0.239, 0.174,-0.061,0.000,0.592,-1.357,-0.187, 0.323, 0.061;
0.945,4.584,-5.440,4.515,-5.371, 0.241, 0.179,-0.062,0.198,0.396,-0.085,-0.198, 0.320, 0.062;
0.956,4.209,-9.826,4.123,-9.740, 0.241, 0.185,-0.078,0.000,0.605,-1.405,-0.207, 0.314, 0.078;
0.968,2.183,-7.371,2.115,-7.303, 0.241, 0.190,-0.061,0.000,0.396,1.463,-0.216, 0.310, 0.061;
0.979,3.824,-9.498,3.739,-9.413, 0.241, 0.196,-0.077,0.000,0.581,-1.329,-0.225, 0.303, 0.077;
0.990,3.882,-9.643,3.797,-9.559, 0.241, 0.203,-0.077,0.000,0.596,0.000,-0.233, 0.297, 0.077;
1.001,4.222,-5.459,4.136,-5.373, 0.243, 0.208,-0.078,0.202,0.404,-0.108,-0.244, 0.292, 0.078;
1.023,0.825,-6.308,0.739,-6.222, 0.243, 0.214,-0.078,0.000,0.308,0.000,-0.261, 0.285, 0.078;
1.027,9.267,-16.203,9.181,-16.117, 0.243, 0.219,-0.078,0.000,1.172,0.000,-0.264, 0.281, 0.078;
1.038,3.718,-9.759,3.634,-9.675, 0.243, 0.225,-0.077,0.000,0.614,0.110,-0.273, 0.274, 0.077;
1.060,-0.412,-5.063,-0.496,-4.978, 0.243, 0.230,-0.077,0.000,0.206,0.000,-0.290, 0.268, 0.077;
1.071,5.040,-7.377,4.937,-7.274, 0.246, 0.237,-0.093,0.188,0.563,-1.405,-0.302, 0.260, 0.093;
1.083,1.179,-7.094,1.093,-7.008, 0.246, 0.241,-0.078,0.000,0.387,1.344,-0.311, 0.255, 0.078;
1.095,2.780,-9.219,2.677,-9.116, 0.246, 0.248,-0.093,0.000,0.572,-1.324,-0.320, 0.247, 0.093;
1.106,2.715,-9.216,2.612,-9.113, 0.246, 0.254,-0.093,0.000,0.575,0.000,-0.329, 0.239, 0.093;
1.118,0.821,-6.979,0.720,-6.878, 0.246, 0.259,-0.092,0.000,0.385,0.123,-0.338, 0.233, 0.092;
1.130,2.506,-9.067,2.404,-8.966, 0.246, 0.266,-0.092,0.000,0.568,0.000,-0.347, 0.224, 0.092;
1.141,2.940,-5.096,2.837,-4.993, 0.248, 0.270,-0.093,0.195,0.389,-0.125,-0.358, 0.218, 0.093;
1.153,2.189,-8.854,2.086,-8.751, 0.248, 0.277,-0.093,0.000,0.555,0.000,-0.367, 0.209, 0.093;
1.164,2.539,-9.533,2.419,-9.413, 0.248, 0.283,-0.109,0.000,0.614,-1.418,-0.375, 0.200, 0.109;
1.175,0.541,-6.983,0.438,-6.880, 0.248, 0.288,-0.093,0.000,0.401,1.388,-0.384, 0.193, 0.093;
1.187,1.924,-8.884,1.804,-8.763, 0.248, 0.295,-0.109,0.000,0.566,-1.306,-0.393, 0.184, 0.109;
1.198,0.351,-6.863,0.248,-6.760, 0.248, 0.299,-0.093,0.000,0.397,1.377,-0.401, 0.177, 0.093;
1.210,2.109,-9.198,1.991,-9.080, 0.248, 0.306,-0.107,0.000,0.600,-1.237,-0.409, 0.167, 0.107;
1.231,0.431,-4.773,0.311,-4.653, 0.250, 0.312,-0.109,0.104,0.311,-0.077,-0.428, 0.155, 0.109;
1.243,-0.147,-6.602,-0.267,-6.482, 0.250, 0.317,-0.109,0.000,0.386,0.000,-0.436, 0.147, 0.109;
1.254,1.494,-8.697,1.374,-8.577, 0.250, 0.324,-0.109,0.000,0.569,0.000,-0.445, 0.137, 0.109;
1.266,-0.376,-6.417,-0.497,-6.297, 0.250, 0.328,-0.109,0.000,0.379,0.000,-0.453, 0.129, 0.109;
1.278,1.465,-8.759,1.345,-8.639, 0.250, 0.335,-0.109,0.000,0.582,0.000,-0.461, 0.118, 0.109;
1.289,1.153,-8.587,1.016,-8.450, 0.250, 0.341,-0.124,0.000,0.571,-1.314,-0.470, 0.108, 0.124;
1.301,-0.536,-6.368,-0.656,-6.247, 0.250, 0.346,-0.109,0.000,0.388,1.339,-0.478, 0.099, 0.109;
1.313,0.770,-8.189,0.633,-8.052, 0.250, 0.353,-0.124,0.000,0.546,-1.258,-0.486, 0.088, 0.124;
1.327,0.673,-4.033,0.551,-3.911, 0.252, 0.357,-0.111,0.165,0.330,1.012,-0.498, 0.078, 0.111;
1.339,0.547,-8.049,0.408,-7.910, 0.252, 0.364,-0.126,0.000,0.543,-1.269,-0.506, 0.067, 0.126;
1.351,0.676,-8.248,0.538,-8.111, 0.252, 0.371,-0.124,0.000,0.565,0.165,-0.514, 0.055, 0.124;
1.363,-1.185,-5.896,-1.322,-5.759, 0.252, 0.375,-0.124,0.000,0.372,0.000,-0.522, 0.046, 0.124;
1.375,0.450,-8.037,0.313,-7.900, 0.252, 0.382,-0.124,0.000,0.557,0.000,-0.530, 0.034, 0.124;
1.387,-1.201,-5.952,-1.338,-5.814, 0.252, 0.386,-0.124,0.000,0.386,0.000,-0.537, 0.025, 0.124;
1.398,0.602,-8.304,0.465,-8.167, 0.252, 0.393,-0.124,0.000,0.589,0.000,-0.545, 0.013, 0.124;
1.409,-1.343,-5.838,-1.480,-5.701, 0.252, 0.397,-0.124,0.000,0.387,0.000,-0.552, 0.003, 0.124;
1.421,0.517,-8.261,0.380,-8.124, 0.252, 0.404,-0.124,0.000,0.596,0.000,-0.559,-0.009, 0.124;
1.432,-1.309,-5.943,-1.446,-5.806, 0.252, 0.408,-0.124,0.000,0.406,0.000,-0.566,-0.019, 0.124;
1.443,-1.588,-5.615,-1.725,-5.478, 0.252, 0.413,-0.124,0.000,0.383,0.000,-0.573,-0.029, 0.124;
1.454,0.456,-8.271,0.319,-8.134, 0.252, 0.420,-0.124,0.000,0.612,0.000,-0.579,-0.042, 0.124;
1.476,-3.418,-3.341,-3.557,-3.202, 0.252, 0.424,-0.126,0.000,0.205,-0.090,-0.592,-0.057, 0.126;
1.479,18.603,-32.477,18.446,-32.320, 0.252, 0.431,-0.142,0.000,2.634,-6.131,-0.594,-0.066, 0.142;
1.500,-4.750,-4.220,-4.887,-4.083, 0.250, 0.435,-0.124,-0.105,0.209,0.822,-0.603,-0.082, 0.124;
1.511,-1.847,-5.400,-1.984,-5.263, 0.250, 0.440,-0.124,0.000,0.395,0.000,-0.610,-0.092, 0.124;
1.522,-0.127,-7.786,-0.284,-7.630, 0.250, 0.446,-0.142,0.000,0.601,-1.574,-0.616,-0.105, 0.142;
1.535,-2.319,-4.898,-2.475,-4.742, 0.250, 0.451,-0.142,0.000,0.367,0.000,-0.622,-0.117, 0.142;
1.547,-4.593,-6.358,-4.747,-6.204, 0.248, 0.455,-0.140,-0.179,0.359,0.176,-0.626,-0.129, 0.140;
1.559,-2.208,-4.993,-2.348,-4.854, 0.248, 0.460,-0.126,0.000,0.384,1.152,-0.632,-0.140, 0.126;
1.570,-4.499,-6.844,-4.636,-6.707, 0.246, 0.464,-0.124,-0.196,0.393,0.172,-0.636,-0.152, 0.124;
1.581,-2.122,-5.093,-2.261,-4.954, 0.246, 0.469,-0.126,0.000,0.404,-0.177,-0.641,-0.163, 0.126;
1.592,-2.818,-9.325,-2.975,-9.169, 0.243, 0.475,-0.142,-0.204,0.611,-1.423,-0.644,-0.176, 0.142;
1.603,-6.480,-4.417,-6.617,-4.280, 0.241, 0.478,-0.124,-0.202,0.202,1.588,-0.647,-0.186, 0.124;
1.614,-2.234,-4.917,-2.373,-4.778, 0.241, 0.482,-0.126,0.000,0.407,-0.178,-0.652,-0.197, 0.126;
1.625,-4.707,-6.700,-4.847,-6.561, 0.239, 0.487,-0.126,-0.203,0.406,0.000,-0.655,-0.209, 0.126;
1.646,-5.408,-3.384,-5.545,-3.247, 0.237, 0.491,-0.124,-0.106,0.211,0.092,-0.661,-0.227, 0.124;
1.658,-4.995,-5.893,-5.149,-5.739, 0.234, 0.496,-0.140,-0.186,0.372,-1.280,-0.664,-0.240, 0.140;
1.669,-2.602,-4.415,-2.759,-4.259, 0.234, 0.500,-0.142,0.000,0.396,-0.194,-0.668,-0.252, 0.142;
1.681,-6.764,-3.847,-6.903,-3.708, 0.232, 0.502,-0.126,-0.198,0.198,1.381,-0.671,-0.262, 0.126;
1.693,-7.324,-7.236,-7.478,-7.082, 0.228, 0.507,-0.140,-0.367,0.367,-1.100,-0.671,-0.275, 0.140;
1.705,-6.758,-3.263,-6.895,-3.126, 0.225, 0.509,-0.124,-0.177,0.177,1.220,-0.673,-0.286, 0.124;
1.718,-5.168,-5.480,-5.322,-5.326, 0.223, 0.513,-0.140,-0.185,0.371,-1.274,-0.675,-0.299, 0.140;
1.729,-6.896,-3.300,-7.050,-3.146, 0.221, 0.516,-0.140,-0.191,0.191,0.000,-0.676,-0.309, 0.140;
1.740,-5.162,-5.743,-5.319,-5.586, 0.219, 0.520,-0.142,-0.198,0.396,-0.194,-0.678,-0.322, 0.142;
1.753,-9.093,-4.569,-9.247,-4.415, 0.214, 0.522,-0.140,-0.362,0.181,0.178,-0.677,-0.333, 0.140;
1.764,-7.004,-3.336,-7.160,-3.180, 0.212, 0.525,-0.142,-0.204,0.204,-0.200,-0.678,-0.343, 0.142;
1.775,-5.249,-5.686,-5.423,-5.512, 0.210, 0.529,-0.157,-0.206,0.411,-1.430,-0.679,-0.356, 0.157;
1.786,-9.388,-4.770,-9.544,-4.614, 0.205, 0.531,-0.142,-0.392,0.196,1.364,-0.677,-0.366, 0.142;
1.797,-9.414,-4.782,-9.568,-4.628, 0.201, 0.533,-0.140,-0.397,0.199,0.195,-0.676,-0.377, 0.140;
1.808,-7.041,-2.886,-7.197,-2.729, 0.199, 0.536,-0.142,-0.198,0.198,-0.194,-0.676,-0.387, 0.142;
1.830,-8.008,-1.684,-8.162,-1.530, 0.194, 0.538,-0.140,-0.205,0.102,0.100,-0.677,-0.406, 0.140;
1.833,-18.795,-23.355,-18.948,-23.201, 0.190, 0.540,-0.140,-1.643,0.821,0.000,-0.673,-0.410, 0.140;
1.854,-8.045,-1.580,-8.199,-1.426, 0.185, 0.542,-0.140,-0.210,0.105,0.000,-0.672,-0.429, 0.140;
1.866,-9.221,-3.858,-9.375,-3.704, 0.181, 0.545,-0.140,-0.366,0.183,0.000,-0.670,-0.440, 0.140;
1.879,-9.152,-3.419,-9.323,-3.248, 0.176, 0.547,-0.155,-0.352,0.176,-1.204,-0.667,-0.452, 0.155;
1.891,-9.437,-3.884,-9.608,-3.713, 0.172, 0.549,-0.155,-0.388,0.194,0.000,-0.665,-0.464, 0.155;
1.902,-9.383,-3.702,-9.554,-3.531, 0.167, 0.551,-0.155,-0.382,0.191,0.000,-0.662,-0.475, 0.155;
1.914,-11.136,-1.354,-11.307,-1.183, 0.163, 0.551,-0.155,-0.388,0.000,0.000,-0.658,-0.484, 0.155;
1.926,-9.290,-3.407,-9.460,-3.236, 0.158, 0.554,-0.155,-0.373,0.186,0.000,-0.655,-0.495, 0.155;
1.937,-13.360,-3.049,-13.514,-2.895, 0.152, 0.554,-0.140,-0.576,0.000,1.315,-0.649,-0.504, 0.140;
1.950,-9.086,-2.926,-9.257,-2.755, 0.147, 0.556,-0.155,-0.352,0.176,-1.207,-0.646,-0.517, 0.155;
1.963,-11.145,-4.326,-11.313,-4.158, 0.141, 0.558,-0.153,-0.522,0.174,0.183,-0.640,-0.529, 0.153;
1.975,-10.861,-0.938,-11.015,-0.784, 0.136, 0.558,-0.140,-0.373,0.000,1.081,-0.636,-0.538, 0.140;
1.987,-11.481,-4.705,-11.649,-4.537, 0.129, 0.560,-0.153,-0.564,0.188,-1.090,-0.629,-0.550, 0.153;
1.998,-10.964,-0.721,-11.135,-0.550, 0.125, 0.560,-0.155,-0.385,0.000,-0.203,-0.625,-0.559, 0.155;
2.010,-13.154,-2.468,-13.308,-2.314, 0.118, 0.560,-0.140,-0.570,0.000,1.301,-0.618,-0.568, 0.140;
2.022,-11.314,-4.340,-11.482,-4.172, 0.112, 0.562,-0.153,-0.556,0.185,-1.074,-0.611,-0.580, 0.153;
2.034,-10.779,-0.546,-10.933,-0.392, 0.107, 0.562,-0.140,-0.377,0.000,1.094,-0.606,-0.589, 0.140;
2.046,-11.274,-4.153,-11.445,-3.982, 0.100, 0.565,-0.155,-0.557,0.186,-1.271,-0.599,-0.601, 0.155;
2.057,-13.592,-2.561,-13.743,-2.409, 0.094, 0.565,-0.138,-0.617,0.000,1.603,-0.592,-0.609, 0.138;
2.068,-13.468,-2.429,-13.619,-2.277, 0.087, 0.565,-0.138,-0.610,0.000,0.000,-0.584,-0.618, 0.138;
2.080,-11.166,-3.945,-11.335,-3.777, 0.080, 0.567,-0.153,-0.559,0.186,-1.257,-0.576,-0.629, 0.153;
2.091,-10.714,-0.191,-10.867,-0.037, 0.076, 0.567,-0.140,-0.386,0.000,1.120,-0.571,-0.638, 0.140;
2.103,-11.453,-4.237,-11.624,-4.066, 0.069, 0.569,-0.155,-0.597,0.199,-1.362,-0.563,-0.649, 0.155;
2.114,-13.091,-1.885,-13.242,-1.733, 0.062, 0.569,-0.138,-0.590,0.000,1.535,-0.555,-0.658, 0.138;
2.136,-9.584,0.852,-9.735,1.004, 0.056, 0.569,-0.138,-0.303,0.000,0.000,-0.544,-0.675, 0.138;
2.139,-23.278,-21.660,-23.430,-21.508, 0.049, 0.571,-0.138,-1.932,0.644,0.000,-0.537,-0.680, 0.138;
2.160,-9.703,0.884,-9.855,1.035, 0.042, 0.571,-0.138,-0.321,0.000,0.000,-0.527,-0.696, 0.138;
2.172,-12.554,-1.227,-12.706,-1.075, 0.036, 0.571,-0.138,-0.562,0.000,0.000,-0.518,-0.705, 0.138;
2.184,-10.685,-3.226,-10.834,-3.077, 0.029, 0.574,-0.136,-0.549,0.183,0.169,-0.508,-0.716, 0.136;
2.196,-12.559,-1.141,-12.709,-0.991, 0.022, 0.574,-0.136,-0.570,0.000,0.000,-0.499,-0.725, 0.136;
2.208,-10.293,0.514,-10.428,0.649, 0.018, 0.574,-0.122,-0.383,0.000,1.122,-0.491,-0.734, 0.122;
2.220,-10.546,-2.947,-10.698,-2.795, 0.011, 0.576,-0.138,-0.548,0.183,-1.239,-0.482,-0.745, 0.138;
2.232,-12.282,-0.751,-12.433,-0.599, 0.004, 0.576,-0.138,-0.558,0.000,0.000,-0.472,-0.754, 0.138;
2.244,-10.542,-2.892,-10.693,-2.741,-0.002, 0.578,-0.138,-0.558,0.186,0.000,-0.461,-0.765, 0.138;
2.256,-11.963,-0.425,-12.113,-0.275,-0.009, 0.578,-0.136,-0.540,0.000,0.166,-0.451,-0.774, 0.136;
2.268,-12.101,-0.655,-12.233,-0.522,-0.016, 0.578,-0.121,-0.556,0.000,1.239,-0.441,-0.783, 0.121;
2.280,-12.549,-0.977,-12.682,-0.845,-0.022, 0.578,-0.121,-0.599,0.000,0.000,-0.430,-0.791, 0.121;
2.292,-10.356,-2.637,-10.505,-2.488,-0.029, 0.580,-0.136,-0.564,0.188,-1.255,-0.419,-0.801, 0.136;
2.304,-9.614,1.442,-9.749,1.577,-0.033, 0.580,-0.122,-0.360,0.000,1.054,-0.411,-0.810, 0.122;
2.317,-11.202,0.238,-11.337,0.373,-0.040, 0.580,-0.122,-0.499,0.000,0.000,-0.399,-0.819, 0.122;
2.329,-10.335,-2.765,-10.468,-2.632,-0.047, 0.583,-0.121,-0.582,0.194,0.160,-0.388,-0.829, 0.121;
2.340,-11.989,-0.307,-12.122,-0.174,-0.054, 0.583,-0.121,-0.575,0.000,0.000,-0.377,-0.837, 0.121;
2.353,-11.574,0.052,-11.706,0.185,-0.060, 0.583,-0.121,-0.545,0.000,0.000,-0.365,-0.846, 0.121;
2.364,-10.160,-2.511,-10.293,-2.378,-0.067, 0.585,-0.121,-0.583,0.194,0.000,-0.353,-0.855, 0.121;
2.376,-11.927,-0.141,-12.060,-0.008,-0.074, 0.585,-0.121,-0.585,0.000,0.000,-0.342,-0.863, 0.121;
2.387,-9.722,1.509,-9.838,1.625,-0.078, 0.585,-0.106,-0.400,0.000,1.342,-0.332,-0.870, 0.106;
2.399,-11.500,0.095,-11.616,0.212,-0.085, 0.585,-0.106,-0.558,0.000,0.000,-0.320,-0.878, 0.106;
2.410,-10.087,-2.452,-10.220,-2.320,-0.092, 0.587,-0.121,-0.602,0.201,-1.346,-0.308,-0.887, 0.121;
2.421,-11.910,-0.169,-12.025,-0.055,-0.098, 0.587,-0.104,-0.602,0.000,1.487,-0.296,-0.894, 0.104;
2.433,-9.188,2.063,-9.304,2.180,-0.103, 0.587,-0.106,-0.376,0.000,-0.132,-0.286,-0.901, 0.106;
2.444,-11.886,-0.094,-12.002,0.022,-0.109, 0.587,-0.106,-0.611,0.000,0.000,-0.274,-0.908, 0.106;
2.465,-8.363,2.712,-8.462,2.811,-0.116, 0.587,-0.089,-0.314,0.000,0.767,-0.256,-0.921, 0.089;
2.477,-9.090,2.131,-9.190,2.231,-0.121, 0.587,-0.091,-0.382,0.000,-0.115,-0.246,-0.928, 0.091;
2.488,-11.297,0.312,-11.397,0.412,-0.127, 0.587,-0.091,-0.578,0.000,0.000,-0.233,-0.934, 0.091;
2.500,-9.067,2.189,-9.167,2.289,-0.132, 0.587,-0.091,-0.391,0.000,0.000,-0.222,-0.941, 0.091;
2.511,-11.244,0.379,-11.343,0.478,-0.138, 0.587,-0.089,-0.585,0.000,0.118,-0.209,-0.947, 0.089;
2.524,-8.640,2.578,-8.740,2.678,-0.143, 0.587,-0.091,-0.366,0.000,-0.110,-0.197,-0.953, 0.091;
2.536,-10.576,0.971,-10.674,1.069,-0.150, 0.587,-0.089,-0.539,0.000,0.108,-0.183,-0.960, 0.089;
2.548,-8.742,2.523,-8.842,2.623,-0.154, 0.587,-0.091,-0.386,0.000,-0.116,-0.172,-0.966, 0.091;
2.561,-10.099,1.397,-10.197,1.496,-0.161, 0.587,-0.089,-0.510,0.000,0.102,-0.158,-0.973, 0.089;
2.572,-8.629,2.635,-8.728,2.734,-0.165, 0.587,-0.089,-0.388,0.000,0.000,-0.146,-0.978, 0.089;
2.584,-10.247,4.865,-10.330,4.948,-0.170, 0.585,-0.076,-0.372,-0.186,1.142,-0.134,-0.982, 0.076;
2.596,-10.424,1.005,-10.506,1.088,-0.176, 0.585,-0.074,-0.554,0.000,0.093,-0.120,-0.988, 0.074;
2.607,-8.630,2.563,-8.713,2.646,-0.181, 0.585,-0.076,-0.403,0.000,-0.101,-0.108,-0.993, 0.076;
2.618,-10.652,4.760,-10.719,4.827,-0.185, 0.583,-0.061,-0.405,-0.202,1.368,-0.097,-0.995, 0.061;
2.629,-10.810,0.658,-10.892,0.740,-0.192, 0.583,-0.074,-0.607,0.000,-1.265,-0.083,-1.000, 0.074;
2.641,-8.343,2.795,-8.425,2.877,-0.196, 0.583,-0.074,-0.396,0.000,0.000,-0.071,-1.005, 0.074;
2.652,-10.087,5.030,-10.154,5.097,-0.201, 0.580,-0.061,-0.383,-0.192,1.199,-0.059,-1.008, 0.061;
2.674,-5.989,4.802,-6.073,4.885,-0.205, 0.580,-0.076,-0.206,0.000,-0.698,-0.040,-1.016, 0.076;
2.686,-12.108,3.232,-12.174,3.298,-0.212, 0.578,-0.060,-0.578,-0.193,1.379,-0.025,-1.018, 0.060;
2.698,-7.742,3.208,-7.808,3.274,-0.217, 0.578,-0.060,-0.368,0.000,0.000,-0.012,-1.023, 0.060;
2.710,-9.628,5.298,-9.693,5.364,-0.221, 0.576,-0.060,-0.376,-0.188,0.000, 0.001,-1.025, 0.060;
2.722,-9.570,5.229,-9.619,5.279,-0.225, 0.574,-0.045,-0.372,-0.186,1.240, 0.014,-1.027, 0.045;
2.733,-7.856,3.042,-7.922,3.109,-0.230, 0.574,-0.061,-0.399,0.000,-1.412, 0.026,-1.030, 0.061;
2.744,-9.811,5.221,-9.861,5.271,-0.234, 0.571,-0.045,-0.396,-0.198,1.340, 0.039,-1.031, 0.045;
2.755,-9.770,5.245,-9.820,5.295,-0.239, 0.569,-0.045,-0.398,-0.199,0.000, 0.051,-1.033, 0.045;
2.767,-9.645,1.274,-9.694,1.323,-0.246, 0.569,-0.045,-0.576,0.000,0.058, 0.066,-1.036, 0.045;
2.779,-8.987,5.522,-9.036,5.572,-0.250, 0.567,-0.045,-0.360,-0.180,0.000, 0.080,-1.037, 0.045;
2.791,-9.299,5.349,-9.332,5.382,-0.254, 0.565,-0.030,-0.379,-0.190,1.266, 0.093,-1.038, 0.030;
2.802,-7.412,3.222,-7.461,3.271,-0.259, 0.565,-0.045,-0.398,0.000,-1.328, 0.106,-1.041, 0.045;
2.813,-7.364,7.397,-7.398,7.431,-0.261, 0.562,-0.030,-0.203,-0.203,1.315, 0.117,-1.041, 0.030;
2.824,-9.340,5.380,-9.372,5.412,-0.266, 0.560,-0.030,-0.395,-0.198,0.040, 0.129,-1.041, 0.030;
2.836,-9.335,5.392,-9.368,5.425,-0.270, 0.558,-0.030,-0.400,-0.200,0.000, 0.142,-1.041, 0.030;
2.858,-6.021,6.407,-6.054,6.440,-0.275, 0.556,-0.030,-0.203,-0.101,0.000, 0.164,-1.043, 0.030;
2.870,-8.515,5.667,-8.548,5.700,-0.279, 0.554,-0.030,-0.363,-0.181,0.000, 0.178,-1.043, 0.030;
2.881,-9.380,5.414,-9.413,5.447,-0.283, 0.551,-0.030,-0.421,-0.211,0.000, 0.190,-1.043, 0.030;
2.892,-8.771,5.513,-8.788,5.529,-0.288, 0.549,-0.015,-0.383,-0.191,1.299, 0.204,-1.042, 0.015;
2.904,-6.424,7.541,-6.441,7.558,-0.290, 0.547,-0.015,-0.182,-0.182,-0.018, 0.215,-1.041, 0.015;
2.918,-7.910,5.785,-7.927,5.802,-0.295, 0.545,-0.015,-0.340,-0.170,0.000, 0.230,-1.040, 0.015;
2.929,-8.692,5.541,-8.709,5.558,-0.299, 0.542,-0.015,-0.394,-0.197,0.000, 0.243,-1.039, 0.015;
2.941,-8.225,5.691,-8.241,5.707,-0.304, 0.540,-0.015,-0.370,-0.185,0.018, 0.257,-1.038, 0.015;
2.953,-6.222,7.658,-6.239,7.674,-0.306, 0.538,-0.015,-0.189,-0.189,-0.019, 0.269,-1.037, 0.015;
2.964,-8.435,5.620,-8.451,5.636,-0.310, 0.536,-0.015,-0.394,-0.197,0.000, 0.282,-1.035, 0.015;
2.975,-8.334,5.650,-8.350,5.667,-0.315, 0.533,-0.015,-0.393,-0.196,0.019, 0.295,-1.033, 0.015;
2.987,-6.184,7.730,-6.200,7.747,-0.317, 0.531,-0.015,-0.199,-0.199,-0.020, 0.307,-1.031, 0.015;
2.999,-7.876,5.785,-7.892,5.802,-0.321, 0.529,-0.015,-0.374,-0.187,0.000, 0.320,-1.029, 0.015;
3.009,-8.681,9.942,-8.681,9.942,-0.324, 0.525, 0.000,-0.212,-0.424,1.418, 0.331,-1.024, 0.000;
3.020,-8.337,5.520,-8.337,5.520,-0.328, 0.522, 0.000,-0.408,-0.204,0.000, 0.344,-1.022, 0.000;
3.033,-5.361,7.710,-5.361,7.710,-0.330, 0.520, 0.000,-0.170,-0.170,0.000, 0.356,-1.019, 0.000;
3.044,-8.201,5.546,-8.201,5.546,-0.335, 0.518, 0.000,-0.410,-0.205,0.000, 0.369,-1.017, 0.000;
3.055,-5.808,7.743,-5.808,7.743,-0.337, 0.516, 0.000,-0.199,-0.199,0.000, 0.380,-1.014, 0.000;
3.077,-5.839,7.685,-5.823,7.668,-0.341, 0.511, 0.015,-0.202,-0.202,0.664, 0.402,-1.007,-0.015;
3.089,-5.306,7.764,-5.306,7.764,-0.344, 0.509, 0.000,-0.186,-0.186,-1.226, 0.414,-1.004, 0.000;
3.101,-9.717,7.646,-9.701,7.630,-0.348, 0.504, 0.015,-0.392,-0.392,1.291, 0.427,-0.998,-0.015;
3.112,-5.479,7.707,-5.462,7.691,-0.350, 0.502, 0.015,-0.197,-0.197,0.000, 0.438,-0.994,-0.015;
3.124,-5.022,7.780,-5.022,7.780,-0.353, 0.500, 0.000,-0.185,-0.185,-1.217, 0.450,-0.990, 0.000;
3.136,-7.316,9.737,-7.300,9.721,-0.355, 0.496, 0.015,-0.193,-0.386,1.290, 0.461,-0.984,-0.015;
3.148,-6.879,5.733,-6.863,5.717,-0.359, 0.493, 0.015,-0.368,-0.184,-0.018, 0.474,-0.980,-0.015;
3.159,-7.259,9.780,-7.242,9.764,-0.362, 0.489, 0.015,-0.197,-0.394,0.000, 0.485,-0.973,-0.015;
3.171,-4.808,7.716,-4.792,7.700,-0.364, 0.487, 0.015,-0.185,-0.185,0.018, 0.497,-0.969,-0.015;
3.183,-6.811,9.680,-6.795,9.664,-0.366, 0.482, 0.015,-0.188,-0.376,0.000, 0.508,-0.962,-0.015;
3.195,-6.735,5.654,-6.718,5.638,-0.371, 0.480, 0.015,-0.381,-0.190,-0.019, 0.521,-0.957,-0.015;
3.206,-7.024,9.806,-7.008,9.790,-0.373, 0.475, 0.015,-0.200,-0.401,0.000, 0.532,-0.949,-0.015;
3.217,-7.153,9.722,-7.121,9.690,-0.375, 0.471, 0.029,-0.202,-0.405,1.333, 0.542,-0.942,-0.029;
3.228,-7.083,9.708,-7.050,9.675,-0.377, 0.466, 0.029,-0.203,-0.406,0.000, 0.553,-0.935,-0.029;
3.239,-4.802,7.603,-4.770,7.571,-0.379, 0.464, 0.029,-0.204,-0.204,0.000, 0.563,-0.929,-0.029;
3.260,-3.732,8.736,-3.699,8.703,-0.382, 0.460, 0.030,-0.106,-0.211,0.021, 0.580,-0.919,-0.030;
3.272,-6.582,9.474,-6.533,9.424,-0.384, 0.455, 0.045,-0.192,-0.384,1.282, 0.591,-0.910,-0.045;
3.284,-4.002,7.569,-3.969,7.536,-0.386, 0.453, 0.030,-0.181,-0.181,-1.205, 0.602,-0.904,-0.030;
3.295,-6.530,9.611,-6.497,9.578,-0.388, 0.449, 0.030,-0.200,-0.400,0.000, 0.612,-0.896,-0.030;
3.307,-6.174,9.511,-6.141,9.478,-0.391, 0.444, 0.030,-0.192,-0.384,0.000, 0.622,-0.887,-0.030;
3.319,-5.776,9.281,-5.727,9.231,-0.393, 0.440, 0.045,-0.178,-0.356,1.189, 0.633,-0.878,-0.045;
3.331,-6.150,9.387,-6.100,9.338,-0.395, 0.435, 0.045,-0.192,-0.384,0.000, 0.644,-0.869,-0.045;
3.342,-6.195,9.403,-6.145,9.354,-0.397, 0.431, 0.045,-0.196,-0.393,0.000, 0.653,-0.860,-0.045;
3.354,-6.082,9.263,-6.017,9.198,-0.400, 0.426, 0.059,-0.191,-0.383,1.202, 0.664,-0.851,-0.059;
3.365,-3.928,7.365,-3.879,7.316,-0.402, 0.424, 0.044,-0.201,-0.201,-1.318, 0.673,-0.844,-0.044;
3.376,-6.193,9.421,-6.144,9.373,-0.404, 0.420, 0.044,-0.204,-0.408,0.000, 0.683,-0.835,-0.044;
3.387,-6.049,9.380,-6.000,9.332,-0.406, 0.415, 0.044,-0.202,-0.405,0.000, 0.692,-0.825,-0.044;
3.398,-6.048,9.264,-5.984,9.199,-0.408, 0.411, 0.059,-0.201,-0.401,1.319, 0.701,-0.816,-0.059;
3.420,-1.763,9.542,-1.697,9.477,-0.408, 0.406, 0.060,0.000,-0.209,0.041, 0.715,-0.801,-0.060;
3.431,-5.833,9.175,-5.769,9.110,-0.411, 0.402, 0.059,-0.200,-0.401,-0.079, 0.724,-0.792,-0.059;
3.443,-5.401,9.054,-5.336,8.989,-0.413, 0.397, 0.059,-0.190,-0.379,0.000, 0.733,-0.781,-0.059;
3.454,-5.667,9.120,-5.602,9.055,-0.415, 0.393, 0.059,-0.201,-0.401,0.000, 0.742,-0.771,-0.059;
3.465,-3.346,11.128,-3.281,11.064,-0.415, 0.388, 0.059,0.000,-0.380,0.000, 0.749,-0.761,-0.059;
3.477,-5.018,8.913,-4.954,8.849,-0.417, 0.384, 0.059,-0.186,-0.371,0.000, 0.758,-0.750,-0.059;
3.491,-4.410,8.740,-4.345,8.675,-0.420, 0.379, 0.059,-0.170,-0.340,0.000, 0.768,-0.738,-0.059;
3.503,-2.998,10.933,-2.934,10.869,-0.420, 0.375, 0.059,0.000,-0.372,0.000, 0.775,-0.727,-0.059;
3.514,-4.910,8.836,-4.845,8.771,-0.422, 0.371, 0.059,-0.190,-0.380,0.000, 0.783,-0.716,-0.059;
3.526,-5.123,12.636,-5.041,12.554,-0.422, 0.364, 0.074,0.000,-0.558,1.311, 0.790,-0.702,-0.074;
3.538,-4.929,8.691,-4.848,8.611,-0.424, 0.359, 0.073,-0.192,-0.384,-0.094, 0.798,-0.691,-0.073;
3.549,-4.925,8.677,-4.844,8.597,-0.426, 0.355, 0.073,-0.194,-0.389,0.000, 0.806,-0.680,-0.073;
3.561,-3.008,10.908,-2.927,10.827,-0.426, 0.350, 0.073,0.000,-0.395,0.000, 0.812,-0.669,-0.073;
3.572,-4.818,8.604,-4.737,8.523,-0.429, 0.346, 0.073,-0.196,-0.391,0.000, 0.820,-0.657,-0.073;
3.583,-2.983,10.932,-2.902,10.851,-0.429, 0.341, 0.073,0.000,-0.406,0.000, 0.825,-0.646,-0.073;
3.594,-7.337,10.463,-7.240,10.366,-0.431, 0.335, 0.088,-0.202,-0.607,1.324, 0.833,-0.632,-0.088;
3.607,-2.484,10.379,-2.387,10.282,-0.431, 0.330, 0.088,0.000,-0.363,0.000, 0.838,-0.620,-0.088;
3.628,-1.479,7.630,-1.399,7.550,-0.433, 0.326, 0.072,-0.105,-0.209,-0.735, 0.850,-0.602,-0.072;
3.640,-2.273,10.400,-2.192,10.320,-0.433, 0.321, 0.073,0.000,-0.375,0.089, 0.855,-0.589,-0.073;
3.652,-4.390,12.026,-4.293,11.929,-0.433, 0.315, 0.088,0.000,-0.552,1.204, 0.860,-0.575,-0.088;
3.663,-4.325,8.163,-4.229,8.067,-0.435, 0.310, 0.087,-0.195,-0.390,-0.111, 0.867,-0.563,-0.087;
3.675,-2.196,10.206,-2.099,10.109,-0.435, 0.306, 0.088,0.000,-0.374,0.106, 0.872,-0.550,-0.088;
3.688,-4.107,11.615,-3.994,11.502,-0.435, 0.299, 0.103,0.000,-0.532,1.158, 0.876,-0.535,-0.103;
3.699,-4.087,7.910,-3.976,7.798,-0.437, 0.295, 0.101,-0.191,-0.382,-0.126, 0.883,-0.522,-0.101;
3.711,-4.762,12.161,-4.649,12.048,-0.437, 0.288, 0.103,0.000,-0.601,0.133, 0.887,-0.507,-0.103;
3.722,-2.310,10.161,-2.197,10.048,-0.437, 0.283, 0.103,0.000,-0.397,0.000, 0.891,-0.495,-0.103;
3.734,-1.939,9.853,-1.826,9.740,-0.437, 0.279, 0.103,0.000,-0.371,0.000, 0.894,-0.482,-0.103;
3.745,-6.307,9.600,-6.196,9.489,-0.440, 0.272, 0.101,-0.198,-0.593,-0.131, 0.900,-0.467,-0.101;
3.756,-2.199,10.089,-2.087,9.978,-0.440, 0.268, 0.101,0.000,-0.408,0.000, 0.903,-0.455,-0.101;
3.767,-4.572,11.804,-4.443,11.675,-0.440, 0.261, 0.117,0.000,-0.601,1.436, 0.907,-0.440,-0.117;
3.778,-2.079,9.952,-1.966,9.839,-0.440, 0.257, 0.103,0.000,-0.408,-1.327, 0.910,-0.427,-0.103;
3.789,-4.553,11.768,-4.424,11.639,-0.440, 0.250, 0.117,0.000,-0.611,1.325, 0.913,-0.413,-0.117;
3.810,0.394,7.911,0.507,7.798,-0.440, 0.246, 0.103,0.000,-0.211,-0.685, 0.918,-0.392,-0.103;
3.822,-4.255,11.495,-4.126,11.366,-0.440, 0.239, 0.117,0.000,-0.599,1.301, 0.920,-0.377,-0.117;
3.833,-3.195,7.164,-3.083,7.053,-0.442, 0.234, 0.101,-0.189,-0.377,-1.352, 0.925,-0.364,-0.101;
3.845,-3.834,11.173,-3.707,11.046,-0.442, 0.228, 0.115,0.000,-0.578,1.236, 0.927,-0.348,-0.115;
3.857,-1.261,9.094,-1.131,8.965,-0.442, 0.223, 0.117,0.000,-0.364,0.137, 0.929,-0.334,-0.117;
3.870,-2.985,10.434,-2.856,10.305,-0.442, 0.217, 0.117,0.000,-0.516,0.000, 0.932,-0.318,-0.117;
3.882,-3.705,10.816,-3.560,10.671,-0.442, 0.210, 0.132,0.000,-0.569,1.231, 0.933,-0.302,-0.132;
3.894,-1.283,9.042,-1.154,8.913,-0.442, 0.205, 0.117,0.000,-0.383,-1.241, 0.935,-0.288,-0.117;
3.906,-3.032,10.253,-2.887,10.108,-0.442, 0.199, 0.132,0.000,-0.524,1.133, 0.937,-0.272,-0.132;
3.918,-1.060,8.817,-0.931,8.688,-0.442, 0.194, 0.117,0.000,-0.375,-1.216, 0.938,-0.258,-0.117;
3.930,-3.819,10.810,-3.674,10.665,-0.442, 0.187, 0.132,0.000,-0.600,1.298, 0.939,-0.243,-0.132;
3.941,-1.048,8.757,-0.919,8.628,-0.442, 0.183, 0.117,0.000,-0.384,-1.245, 0.940,-0.229,-0.117;
3.953,-3.064,10.176,-2.919,10.031,-0.442, 0.176, 0.132,0.000,-0.547,1.183, 0.941,-0.213,-0.132;
3.964,-3.752,10.669,-3.607,10.524,-0.442, 0.170, 0.132,0.000,-0.610,0.000, 0.941,-0.198,-0.132;
3.976,-1.056,8.679,-0.927,8.550,-0.442, 0.165, 0.117,0.000,-0.400,-1.297, 0.942,-0.184,-0.117;
3.988,-2.899,9.983,-2.756,9.840,-0.442, 0.158, 0.130,0.000,-0.550,1.035, 0.942,-0.168,-0.130;
3.999,-3.483,10.396,-3.340,10.253,-0.442, 0.152, 0.130,0.000,-0.604,0.000, 0.942,-0.153,-0.130;
4.010,-0.915,8.389,-0.772,8.246,-0.442, 0.147, 0.130,0.000,-0.394,0.000, 0.942,-0.139,-0.130;
4.021,-3.179,10.098,-3.036,9.955,-0.442, 0.141, 0.130,0.000,-0.588,0.000, 0.942,-0.124,-0.130;
4.043,1.439,6.481,1.582,6.338,-0.442, 0.136, 0.130,0.000,-0.207,0.000, 0.941,-0.102,-0.130;
4.055,-2.686,9.617,-2.543,9.475,-0.442, 0.129, 0.130,0.000,-0.557,0.000, 0.940,-0.086,-0.130;
4.067,-1.103,11.711,-0.942,11.550,-0.440, 0.123, 0.146,0.185,-0.555,1.352, 0.937,-0.070,-0.146;
4.079,-0.567,7.870,-0.422,7.725,-0.440, 0.118, 0.132,0.000,-0.386,-1.248, 0.936,-0.057,-0.132;
4.091,-2.622,9.300,-2.464,9.141,-0.440, 0.112, 0.144,0.000,-0.553,1.019, 0.935,-0.041,-0.144;
4.102,-0.467,7.725,-0.324,7.582,-0.440, 0.107, 0.130,0.000,-0.388,-1.235, 0.933,-0.027,-0.130;
4.115,-0.681,11.056,-0.521,10.895,-0.437, 0.100, 0.146,0.177,-0.530,1.291, 0.929,-0.011,-0.146;
4.127,-0.253,7.439,-0.108,7.294,-0.437, 0.096, 0.132,0.000,-0.376,-1.213, 0.928, 0.003,-0.132;
4.138,-2.701,9.168,-2.542,9.010,-0.437, 0.089, 0.144,0.000,-0.575,1.059, 0.926, 0.019,-0.144;
4.151,-1.918,8.528,-1.759,8.370,-0.437, 0.083, 0.144,0.000,-0.514,0.000, 0.923, 0.035,-0.144;
4.163,-0.243,7.233,-0.084,7.074,-0.437, 0.078, 0.144,0.000,-0.379,0.000, 0.921, 0.049,-0.144;
4.175,-0.750,11.057,-0.589,10.896,-0.435, 0.071, 0.146,0.188,-0.563,0.175, 0.916, 0.064,-0.146;
4.187,-0.216,7.087,-0.055,6.926,-0.435, 0.067, 0.146,0.000,-0.382,0.000, 0.914, 0.078,-0.146;
4.199,-2.318,8.618,-2.159,8.459,-0.435, 0.060, 0.144,0.000,-0.561,-0.175, 0.911, 0.093,-0.144;
4.210,-2.538,8.737,-2.380,8.578,-0.435, 0.054, 0.144,0.000,-0.584,0.000, 0.908, 0.109,-0.144;
4.223,-0.486,10.374,-0.309,10.197,-0.433, 0.047, 0.160,0.179,-0.536,1.317, 0.903, 0.125,-0.160;
4.235,0.160,6.590,0.319,6.432,-0.433, 0.042, 0.144,0.000,-0.366,-1.349, 0.899, 0.138,-0.144;
4.246,-0.852,11.033,-0.691,10.872,-0.431, 0.036, 0.146,0.200,-0.600,0.187, 0.894, 0.153,-0.146;
4.257,-0.276,6.802,-0.117,6.643,-0.431, 0.031, 0.144,0.000,-0.408,-0.191, 0.891, 0.165,-0.144;
4.268,-2.549,8.451,-2.390,8.293,-0.431, 0.025, 0.144,0.000,-0.599,0.000, 0.887, 0.180,-0.144;
4.279,1.649,9.057,1.808,8.899,-0.429, 0.020, 0.144,0.202,-0.405,0.000, 0.881, 0.192,-0.144;
4.290,-2.735,8.355,-2.560,8.180,-0.429, 0.013, 0.158,0.000,-0.610,1.290, 0.877, 0.207,-0.158;
4.312,3.238,5.789,3.396,5.630,-0.426, 0.009, 0.144,0.101,-0.202,-0.642, 0.867, 0.227,-0.144;
4.324,-2.204,7.791,-2.030,7.617,-0.426, 0.002, 0.158,0.000,-0.571,1.208, 0.863, 0.241,-0.158;
4.335,1.808,8.529,1.969,8.368,-0.424,-0.002, 0.146,0.198,-0.395,-1.070, 0.856, 0.254,-0.146;
4.347,-2.245,7.690,-2.071,7.516,-0.424,-0.009, 0.158,0.000,-0.579,1.044, 0.852, 0.268,-0.158;
4.358,0.242,5.873,0.401,5.714,-0.424,-0.013, 0.144,0.000,-0.384,-1.218, 0.847, 0.280,-0.144;
4.370,-0.426,9.763,-0.249,9.586,-0.422,-0.020, 0.160,0.190,-0.570,1.400, 0.840, 0.295,-0.160;
4.382,-2.240,7.487,-2.065,7.313,-0.422,-0.027, 0.158,0.000,-0.585,-0.200, 0.835, 0.309,-0.158;
4.393,1.844,8.098,2.021,7.921,-0.420,-0.031, 0.160,0.196,-0.392,0.201, 0.827, 0.321,-0.160;
4.404,-2.419,7.483,-2.244,7.309,-0.420,-0.038, 0.158,0.000,-0.603,-0.206, 0.822, 0.334,-0.158;
4.415,-2.412,7.425,-2.238,7.251,-0.420,-0.045, 0.158,0.000,-0.606,0.000, 0.817, 0.348,-0.158;
4.426,1.875,7.943,2.052,7.767,-0.417,-0.049, 0.160,0.199,-0.398,0.204, 0.809, 0.360,-0.160;
4.437,-2.482,7.340,-2.308,7.165,-0.417,-0.056, 0.158,0.000,-0.615,-0.210, 0.804, 0.373,-0.158;
4.459,1.331,4.464,1.505,4.290,-0.417,-0.062, 0.158,0.000,-0.304,0.000, 0.793, 0.393,-0.158;
4.462,-15.683,29.926,-15.491,29.733,-0.415,-0.069, 0.175,0.732,-2.196,5.438, 0.789, 0.401,-0.175;
4.484,2.590,3.397,2.764,3.223,-0.415,-0.074, 0.158,0.000,-0.204,-0.756, 0.777, 0.418,-0.158;
4.496,-0.469,9.063,-0.276,8.871,-0.413,-0.080, 0.175,0.195,-0.584,1.447, 0.769, 0.432,-0.175;
4.507,0.318,4.897,0.492,4.723,-0.413,-0.085, 0.158,0.000,-0.392,-1.455, 0.762, 0.442,-0.158;
4.520,-1.377,6.066,-1.203,5.892,-0.413,-0.092, 0.158,0.000,-0.533,0.000, 0.755, 0.456,-0.158;
4.531,-0.262,8.638,-0.072,8.448,-0.411,-0.098, 0.172,0.190,-0.570,1.201, 0.746, 0.469,-0.172;
4.544,0.643,4.447,0.817,4.273,-0.411,-0.103, 0.158,0.000,-0.369,-1.166, 0.739, 0.480,-0.158;
4.555,-0.206,8.400,-0.013,8.208,-0.408,-0.109, 0.175,0.188,-0.565,1.398, 0.730, 0.492,-0.175;
4.567,0.588,4.336,0.762,4.162,-0.408,-0.114, 0.158,0.000,-0.375,-1.393, 0.723, 0.503,-0.158;
4.579,-1.844,5.967,-1.654,5.777,-0.408,-0.121, 0.172,0.000,-0.569,1.198, 0.715, 0.515,-0.172;
4.591,-0.171,8.158,0.021,7.966,-0.406,-0.127, 0.175,0.188,-0.565,0.209, 0.706, 0.528,-0.175;
4.603,-1.680,5.692,-1.490,5.503,-0.406,-0.134, 0.172,0.000,-0.558,-0.207, 0.698, 0.540,-0.172;
4.614,2.035,6.624,2.227,6.431,-0.404,-0.138, 0.175,0.197,-0.394,0.219, 0.689, 0.549,-0.175;
4.625,-2.160,5.887,-1.971,5.697,-0.404,-0.145, 0.172,0.000,-0.598,-0.222, 0.681, 0.561,-0.172;
4.637,2.091,6.553,2.265,6.379,-0.402,-0.150, 0.158,0.201,-0.402,-1.271, 0.672, 0.570,-0.158;
4.648,-1.985,5.629,-1.795,5.439,-0.402,-0.156, 0.172,0.000,-0.585,1.232, 0.664, 0.582,-0.172;
4.659,2.043,6.511,2.217,6.337,-0.400,-0.161, 0.158,0.205,-0.410,-1.294, 0.655, 0.591,-0.158;
4.670,-0.433,8.040,-0.240,7.847,-0.397,-0.167, 0.175,0.199,-0.598,1.481, 0.645, 0.602,-0.175;
4.692,2.691,2.026,2.865,1.852,-0.397,-0.172, 0.158,0.000,-0.207,-0.768, 0.630, 0.614,-0.158;
4.703,-0.267,7.623,-0.077,7.434,-0.395,-0.179, 0.172,0.193,-0.580,1.222, 0.620, 0.625,-0.172;
4.715,2.190,5.680,2.383,5.487,-0.393,-0.183, 0.175,0.187,-0.374,0.208, 0.609, 0.634,-0.175;
4.727,-2.047,5.149,-1.857,4.959,-0.393,-0.190, 0.172,0.000,-0.588,-0.218, 0.601, 0.644,-0.172;
4.738,2.191,5.548,2.381,5.359,-0.391,-0.194, 0.172,0.188,-0.376,0.000, 0.590, 0.653,-0.172;
4.750,2.257,5.408,2.434,5.231,-0.388,-0.199, 0.160,0.187,-0.374,-0.989, 0.579, 0.661,-0.160;
4.763,-1.595,4.600,-1.405,4.410,-0.388,-0.205, 0.172,0.000,-0.550,0.970, 0.571, 0.671,-0.172;
4.775,2.197,5.272,2.386,5.082,-0.386,-0.210, 0.172,0.186,-0.372,0.000, 0.560, 0.679,-0.172;
4.786,2.058,5.426,2.248,5.237,-0.384,-0.214, 0.172,0.194,-0.387,0.000, 0.549, 0.686,-0.172;
4.798,2.164,5.226,2.338,5.052,-0.382,-0.219, 0.158,0.191,-0.381,-1.205, 0.538, 0.694,-0.158;
4.809,2.088,5.277,2.262,5.103,-0.379,-0.223, 0.158,0.195,-0.389,0.000, 0.527, 0.701,-0.158;
4.820,-0.545,7.113,-0.353,6.920,-0.377,-0.230, 0.175,0.199,-0.598,1.482, 0.516, 0.710,-0.175;
4.832,4.421,3.443,4.595,3.269,-0.375,-0.232, 0.158,0.196,-0.196,-1.457, 0.506, 0.715,-0.158;
4.843,1.914,5.171,2.107,4.978,-0.373,-0.237, 0.175,0.197,-0.393,1.460, 0.495, 0.721,-0.175;
4.854,1.859,5.175,2.049,4.986,-0.371,-0.241, 0.172,0.199,-0.399,-0.222, 0.484, 0.728,-0.172;
4.866,1.852,5.088,2.042,4.898,-0.368,-0.246, 0.172,0.199,-0.397,0.000, 0.473, 0.734,-0.172;
4.887,3.319,2.164,3.509,1.974,-0.366,-0.250, 0.172,0.103,-0.207,0.000, 0.454, 0.742,-0.172;
4.899,1.833,4.819,2.022,4.629,-0.364,-0.254, 0.172,0.195,-0.390,0.000, 0.443, 0.748,-0.172;
4.911,2.063,4.276,2.252,4.086,-0.362,-0.259, 0.172,0.179,-0.358,0.000, 0.431, 0.754,-0.172;
4.924,4.265,2.624,4.440,2.450,-0.359,-0.261, 0.158,0.180,-0.180,-1.138, 0.419, 0.758,-0.158;
4.936,2.006,4.141,2.196,3.951,-0.357,-0.266, 0.172,0.178,-0.357,1.127, 0.407, 0.763,-0.172;
4.947,1.668,4.656,1.857,4.466,-0.355,-0.270, 0.172,0.198,-0.396,0.000, 0.396, 0.768,-0.172;
4.960,3.458,6.384,3.647,6.194,-0.350,-0.275, 0.172,0.365,-0.365,0.000, 0.382, 0.774,-0.172;
4.972,4.124,2.409,4.298,2.234,-0.348,-0.277, 0.158,0.182,-0.182,-1.150, 0.370, 0.776,-0.158;
4.984,3.356,6.325,3.548,6.132,-0.344,-0.281, 0.175,0.368,-0.368,1.367, 0.356, 0.781,-0.175;
4.995,3.998,2.557,4.172,2.383,-0.341,-0.283, 0.158,0.195,-0.195,-1.448, 0.345, 0.783,-0.158;
5.008,5.573,4.356,5.749,4.179,-0.337,-0.286, 0.160,0.358,-0.179,0.183, 0.331, 0.786,-0.160;
5.020,1.649,3.942,1.823,3.768,-0.335,-0.290, 0.158,0.188,-0.375,-0.192, 0.319, 0.790,-0.158;
5.032,5.507,4.287,5.682,4.113,-0.330,-0.292, 0.158,0.362,-0.181,0.000, 0.305, 0.792,-0.158;
5.043,5.586,5.020,5.761,4.846,-0.326,-0.295, 0.158,0.409,-0.205,0.000, 0.292, 0.793,-0.158;
5.055,5.496,4.284,5.655,4.125,-0.321,-0.297, 0.144,0.374,-0.187,-1.185, 0.278, 0.795,-0.144;
5.068,5.291,3.797,5.465,3.623,-0.317,-0.299, 0.158,0.343,-0.171,1.088, 0.264, 0.796,-0.158;
5.081,5.260,3.941,5.435,3.767,-0.312,-0.301, 0.158,0.355,-0.177,0.000, 0.249, 0.797,-0.158;
5.093,5.234,4.076,5.408,3.902,-0.308,-0.304, 0.158,0.366,-0.183,0.000, 0.235, 0.798,-0.158;
5.105,5.104,4.026,5.293,3.836,-0.304,-0.306, 0.172,0.362,-0.181,1.143, 0.221, 0.799,-0.172;
5.118,7.219,2.197,7.393,2.022,-0.299,-0.306, 0.158,0.353,0.000,-1.116, 0.207, 0.797,-0.158;
5.129,6.700,6.762,6.892,6.570,-0.292,-0.308, 0.175,0.582,-0.194,1.442, 0.192, 0.798,-0.175;
5.142,6.975,1.951,7.149,1.777,-0.288,-0.308, 0.158,0.342,0.000,-1.271, 0.177, 0.796,-0.158;
5.154,7.211,2.331,7.385,2.156,-0.283,-0.308, 0.158,0.377,0.000,0.000, 0.164, 0.793,-0.158;
5.166,4.773,3.901,4.963,3.712,-0.279,-0.310, 0.172,0.369,-0.185,1.167, 0.150, 0.793,-0.172;
5.178,8.739,4.804,8.931,4.612,-0.272,-0.310, 0.175,0.575,0.000,0.213, 0.134, 0.791,-0.175;
5.190,6.847,2.145,7.037,1.955,-0.268,-0.310, 0.172,0.364,0.000,-0.203, 0.121, 0.788,-0.172;
5.202,8.420,4.485,8.613,4.292,-0.261,-0.310, 0.175,0.556,0.000,0.206, 0.105, 0.785,-0.175;
5.214,6.898,2.350,7.088,2.161,-0.257,-0.310, 0.172,0.388,0.000,-0.216, 0.092, 0.782,-0.172;
5.226,8.210,4.322,8.403,4.129,-0.250,-0.310, 0.175,0.550,0.000,0.204, 0.076, 0.779,-0.175;
5.238,8.243,4.441,8.436,4.248,-0.243,-0.310, 0.175,0.564,0.000,0.000, 0.061, 0.776,-0.175;
5.249,9.186,0.622,9.375,0.432,-0.239,-0.308, 0.172,0.398,0.199,-0.221, 0.048, 0.770,-0.172;
5.261,7.990,4.251,8.183,4.058,-0.232,-0.308, 0.175,0.554,0.000,0.205, 0.033, 0.767,-0.175;
5.273,10.293,2.704,10.485,2.512,-0.225,-0.306, 0.175,0.564,0.188,0.000, 0.018, 0.761,-0.175;
5.284,6.450,2.202,6.639,2.012,-0.221,-0.306, 0.172,0.395,0.000,-0.220, 0.005, 0.757,-0.172;
5.296,10.504,2.886,10.694,2.697,-0.214,-0.304, 0.172,0.593,0.198,0.000,-0.010, 0.751,-0.172;
5.307,7.862,4.421,8.054,4.229,-0.208,-0.304, 0.175,0.580,0.000,0.215,-0.024, 0.747,-0.175;
5.318,10.378,2.883,10.571,2.691,-0.201,-0.301, 0.175,0.597,0.199,0.000,-0.039, 0.740,-0.175;
5.330,7.740,4.638,7.948,4.430,-0.194,-0.301, 0.189,0.594,0.000,1.262,-0.053, 0.736,-0.189;
5.351,6.424,0.050,6.617,-0.142,-0.187,-0.299, 0.175,0.306,0.102,-0.649,-0.075, 0.725,-0.175;
5.362,6.094,2.444,6.299,2.239,-0.183,-0.299, 0.186,0.424,0.000,1.097,-0.086, 0.720,-0.186;
5.374,9.478,2.526,9.683,2.321,-0.176,-0.297, 0.186,0.560,0.187,0.000,-0.101, 0.713,-0.186;
5.386,9.558,2.496,9.750,2.303,-0.170,-0.295, 0.175,0.572,0.191,-0.986,-0.115, 0.706,-0.175;
5.399,8.367,1.660,8.559,1.467,-0.163,-0.292, 0.175,0.487,0.162,0.000,-0.131, 0.697,-0.175;
5.411,6.943,3.977,7.135,3.784,-0.156,-0.292, 0.175,0.563,0.000,0.000,-0.145, 0.692,-0.175;
5.424,8.539,1.867,8.731,1.675,-0.150,-0.290, 0.175,0.515,0.172,0.000,-0.160, 0.683,-0.175;
5.437,6.389,3.573,6.597,3.365,-0.143,-0.290, 0.189,0.527,0.000,1.120,-0.174, 0.677,-0.189;
5.449,9.065,2.508,9.273,2.300,-0.136,-0.288, 0.189,0.573,0.191,0.000,-0.188, 0.669,-0.189;
5.460,9.375,2.626,9.567,2.434,-0.129,-0.286, 0.175,0.602,0.201,-1.279,-0.201, 0.661,-0.175;
5.472,8.811,2.250,9.003,2.058,-0.123,-0.283, 0.175,0.565,0.188,0.000,-0.215, 0.652,-0.175;
5.484,6.137,3.649,6.345,3.441,-0.116,-0.283, 0.189,0.541,0.000,1.150,-0.229, 0.646,-0.189;
5.498,7.706,1.555,7.901,1.360,-0.109,-0.281, 0.177,0.494,0.165,-0.861,-0.243, 0.636,-0.177;
5.509,6.427,4.332,6.638,4.121,-0.103,-0.281, 0.192,0.598,0.000,1.288,-0.256, 0.630,-0.192;
5.520,6.917,0.005,7.125,-0.203,-0.098,-0.279, 0.189,0.383,0.192,-0.236,-0.267, 0.621,-0.189;
5.532,8.412,2.202,8.604,2.010,-0.092,-0.277, 0.175,0.569,0.190,-1.209,-0.279, 0.612,-0.175;
5.544,5.850,3.782,6.058,3.573,-0.085,-0.277, 0.189,0.559,0.000,1.188,-0.292, 0.605,-0.189;
5.556,8.137,2.235,8.345,2.027,-0.078,-0.275, 0.189,0.564,0.188,0.000,-0.305, 0.596,-0.189;
5.568,7.916,1.985,8.108,1.792,-0.071,-0.272, 0.175,0.551,0.184,-1.172,-0.318, 0.586,-0.175;
5.579,5.850,4.154,6.061,3.943,-0.065,-0.272, 0.192,0.592,0.000,1.501,-0.330, 0.579,-0.192;
5.591,8.175,2.445,8.386,2.233,-0.058,-0.270, 0.192,0.588,0.196,0.000,-0.342, 0.570,-0.192;
5.602,8.363,2.644,8.574,2.433,-0.051,-0.268, 0.192,0.610,0.203,0.000,-0.354, 0.561,-0.192;
5.613,5.499,3.980,5.710,3.769,-0.045,-0.268, 0.192,0.582,0.000,0.000,-0.366, 0.553,-0.192;
5.625,8.066,2.509,8.277,2.298,-0.038,-0.266, 0.192,0.600,0.200,0.000,-0.378, 0.544,-0.192;
5.635,8.139,2.622,8.350,2.410,-0.031,-0.263, 0.192,0.613,0.204,0.000,-0.389, 0.534,-0.192;
5.658,2.013,-0.771,2.224,-0.983,-0.027,-0.263, 0.192,0.202,0.000,0.000,-0.403, 0.520,-0.192;
5.670,7.139,2.018,7.350,1.806,-0.020,-0.261, 0.192,0.549,0.183,0.000,-0.414, 0.509,-0.192;
5.681,7.649,2.327,7.844,2.132,-0.013,-0.259, 0.177,0.593,0.198,-1.278,-0.425, 0.499,-0.177;
5.693,4.714,3.567,4.925,3.356,-0.007,-0.259, 0.192,0.551,0.000,1.187,-0.436, 0.491,-0.192;
5.706,6.762,1.897,6.974,1.686, 0.000,-0.257, 0.192,0.539,0.180,0.000,-0.447, 0.480,-0.192;
5.718,4.346,3.263,4.557,3.052, 0.007,-0.257, 0.192,0.528,0.000,0.000,-0.459, 0.471,-0.192;
5.730,6.805,2.066,7.019,1.852, 0.013,-0.254, 0.194,0.556,0.185,0.235,-0.469, 0.460,-0.194;
5.742,6.714,2.063,6.928,1.848, 0.020,-0.252, 0.194,0.556,0.185,0.000,-0.480, 0.449,-0.194;
5.754,4.412,3.742,4.627,3.528, 0.027,-0.252, 0.194,0.566,0.000,0.000,-0.490, 0.440,-0.194;
5.766,6.731,2.183,6.945,1.968, 0.033,-0.250, 0.194,0.569,0.190,0.000,-0.500, 0.430,-0.194;
5.777,5.204,-0.198,5.400,-0.393, 0.038,-0.248, 0.177,0.389,0.195,-1.504,-0.508, 0.419,-0.177;
5.790,4.098,3.576,4.310,3.364, 0.045,-0.248, 0.192,0.554,0.000,1.193,-0.518, 0.410,-0.192;
5.803,5.533,1.323,5.729,1.128, 0.051,-0.246, 0.177,0.490,0.163,-1.056,-0.528, 0.398,-0.177;
5.813,5.061,5.247,5.276,5.033, 0.058,-0.246, 0.194,0.687,0.000,1.771,-0.537, 0.390,-0.194;
5.826,5.651,1.535,5.849,1.337, 0.065,-0.243, 0.180,0.511,0.170,-1.117,-0.546, 0.378,-0.180;
5.838,3.714,3.477,3.929,3.263, 0.071,-0.243, 0.194,0.546,0.000,1.192,-0.555, 0.369,-0.194;
5.849,6.651,2.524,6.865,2.310, 0.078,-0.241, 0.194,0.604,0.201,0.000,-0.564, 0.358,-0.194;
5.862,5.885,1.886,6.083,1.688, 0.085,-0.239, 0.180,0.548,0.183,-1.196,-0.573, 0.347,-0.180;
5.874,3.612,3.687,3.830,3.469, 0.092,-0.239, 0.197,0.561,0.000,1.470,-0.582, 0.337,-0.197;
5.885,4.395,-0.247,4.594,-0.445, 0.096,-0.237, 0.180,0.379,0.190,-1.490,-0.588, 0.326,-0.180;
5.897,6.245,2.327,6.443,2.129, 0.103,-0.234, 0.180,0.592,0.197,0.000,-0.596, 0.315,-0.180;
5.907,3.898,4.402,4.112,4.187, 0.109,-0.234, 0.194,0.618,0.000,1.350,-0.604, 0.307,-0.194;
5.919,6.270,2.454,6.469,2.256, 0.116,-0.232, 0.180,0.605,0.202,-1.321,-0.612, 0.296,-0.180;
5.931,3.154,3.526,3.372,3.309, 0.123,-0.232, 0.197,0.547,0.000,1.433,-0.620, 0.286,-0.197;
5.942,6.288,2.598,6.490,2.397, 0.129,-0.230, 0.183,0.617,0.206,-1.367,-0.627, 0.276,-0.183;
5.963,1.060,0.660,1.278,0.442, 0.136,-0.230, 0.197,0.315,0.000,0.698,-0.635, 0.259,-0.197;
5.975,5.571,2.329,5.789,2.112, 0.143,-0.228, 0.197,0.575,0.192,0.000,-0.642, 0.248,-0.197;
5.986,4.087,-0.020,4.288,-0.221, 0.147,-0.225, 0.183,0.396,0.198,-1.315,-0.647, 0.237,-0.183;
5.997,3.053,3.952,3.271,3.734, 0.154,-0.225, 0.197,0.575,0.000,1.274,-0.654, 0.227,-0.197;
6.009,5.177,2.093,5.378,1.892, 0.161,-0.223, 0.183,0.556,0.185,-1.231,-0.661, 0.216,-0.183;
6.021,2.920,3.948,3.137,3.730, 0.167,-0.223, 0.197,0.574,0.000,1.271,-0.667, 0.207,-0.197;
6.033,5.457,2.522,5.674,2.304, 0.174,-0.221, 0.197,0.590,0.197,0.000,-0.673, 0.195,-0.197;
6.044,5.247,2.331,5.451,2.127, 0.181,-0.219, 0.185,0.577,0.192,-1.037,-0.680, 0.184,-0.185;
6.056,2.499,3.647,2.720,3.426, 0.187,-0.219, 0.200,0.547,0.000,1.230,-0.686, 0.175,-0.200;
6.067,3.901,0.174,4.102,-0.027, 0.192,-0.217, 0.183,0.411,0.206,-1.642,-0.689, 0.164,-0.183;
6.078,2.906,4.403,3.124,4.185, 0.199,-0.217, 0.197,0.606,0.000,1.343,-0.695, 0.155,-0.197;
6.090,5.137,2.565,5.357,2.344, 0.205,-0.214, 0.200,0.588,0.196,0.264,-0.700, 0.144,-0.200;
6.101,5.305,2.641,5.509,2.436, 0.212,-0.212, 0.185,0.603,0.201,-1.355,-0.706, 0.133,-0.185;
6.123,0.201,0.706,0.422,0.486, 0.219,-0.212, 0.200,0.306,0.000,0.688,-0.709, 0.116,-0.200;
6.134,5.004,2.561,5.208,2.357, 0.225,-0.210, 0.185,0.588,0.196,-1.323,-0.714, 0.105,-0.185;
6.146,0.749,1.701,0.970,1.480, 0.230,-0.210, 0.200,0.383,0.000,1.290,-0.717, 0.096,-0.200;
6.157,4.742,2.572,4.962,2.351, 0.237,-0.208, 0.200,0.578,0.193,0.000,-0.721, 0.085,-0.200;
6.169,4.686,2.481,4.891,2.277, 0.243,-0.205, 0.185,0.575,0.192,-1.292,-0.726, 0.074,-0.185;
6.180,2.275,4.294,2.499,4.070, 0.250,-0.205, 0.203,0.586,0.000,1.587,-0.730, 0.066,-0.203;
6.192,4.522,2.470,4.730,2.263, 0.257,-0.203, 0.188,0.570,0.190,-1.301,-0.734, 0.055,-0.188;
6.204,0.460,1.695,0.681,1.474, 0.261,-0.203, 0.200,0.377,0.000,1.027,-0.736, 0.046,-0.200;
6.217,3.945,2.113,4.149,1.909, 0.268,-0.201, 0.185,0.530,0.177,-1.192,-0.739, 0.034,-0.185;
6.229,4.168,2.351,4.375,2.144, 0.275,-0.199, 0.188,0.552,0.184,0.237,-0.743, 0.023,-0.188;
6.241,1.893,4.140,2.118,3.915, 0.281,-0.199, 0.203,0.567,0.000,1.293,-0.746, 0.014,-0.203;
6.252,4.503,2.705,4.711,2.497, 0.288,-0.196, 0.188,0.586,0.195,-1.337,-0.749, 0.004,-0.188;
6.263,2.028,4.489,2.252,4.264, 0.295,-0.196, 0.203,0.593,0.000,1.353,-0.752,-0.004,-0.203;
6.274,2.926,0.383,3.134,0.175, 0.299,-0.194, 0.188,0.401,0.201,-1.372,-0.753,-0.015,-0.188;
6.286,1.865,4.382,2.090,4.158, 0.306,-0.194, 0.203,0.582,0.000,1.328,-0.756,-0.023,-0.203;
6.297,4.450,2.852,4.661,2.641, 0.312,-0.192, 0.191,0.595,0.198,-1.093,-0.759,-0.033,-0.191;
6.308,4.573,2.987,4.783,2.776, 0.319,-0.190, 0.191,0.608,0.203,0.000,-0.762,-0.043,-0.191;
6.330,-1.373,-0.270,-1.148,-0.494, 0.324,-0.190, 0.203,0.206,0.000,0.568,-0.758,-0.058,-0.203;
6.342,3.980,2.647,4.187,2.440, 0.330,-0.187, 0.188,0.565,0.188,-1.289,-0.760,-0.068,-0.188;
6.355,1.056,3.570,1.284,3.343, 0.337,-0.187, 0.207,0.508,0.000,1.401,-0.761,-0.077,-0.207;
6.366,4.079,2.824,4.289,2.613, 0.344,-0.185, 0.191,0.579,0.193,-1.340,-0.763,-0.087,-0.191;
6.378,1.502,4.374,1.730,4.146, 0.350,-0.185, 0.207,0.570,0.000,1.320,-0.765,-0.095,-0.207;
6.390,2.105,0.283,2.316,0.073, 0.355,-0.183, 0.191,0.366,0.183,-1.271,-0.764,-0.105,-0.191;
6.403,1.049,3.802,1.276,3.574, 0.362,-0.183, 0.207,0.521,0.000,1.207,-0.765,-0.113,-0.207;
6.414,4.664,3.421,4.875,3.211, 0.368,-0.181, 0.191,0.634,0.211,-1.468,-0.766,-0.122,-0.191;
6.425,4.086,3.028,4.300,2.814, 0.375,-0.179, 0.194,0.592,0.197,0.270,-0.768,-0.131,-0.194;
6.437,-0.151,2.083,0.060,1.873, 0.379,-0.179, 0.191,0.382,0.000,-0.262,-0.766,-0.138,-0.191;
6.450,2.722,2.051,2.936,1.837, 0.386,-0.176, 0.194,0.487,0.162,0.222,-0.766,-0.149,-0.194;
6.462,1.295,4.485,1.526,4.254, 0.393,-0.176, 0.210,0.569,0.000,1.338,-0.767,-0.156,-0.210;
6.474,3.488,2.711,3.702,2.497, 0.400,-0.174, 0.194,0.552,0.184,-1.297,-0.767,-0.165,-0.194;
6.487,1.862,0.397,2.076,0.183, 0.404,-0.172, 0.194,0.364,0.182,0.000,-0.765,-0.174,-0.194;
6.499,1.121,4.246,1.336,4.032, 0.411,-0.172, 0.194,0.548,0.000,0.000,-0.765,-0.181,-0.194;
6.509,4.439,3.558,4.656,3.341, 0.417,-0.170, 0.197,0.633,0.211,0.298,-0.766,-0.189,-0.197;
6.521,-0.260,2.329,-0.029,2.098, 0.422,-0.170, 0.210,0.393,0.000,1.107,-0.764,-0.195,-0.210;
6.532,3.851,3.164,4.068,2.946, 0.429,-0.167, 0.197,0.589,0.196,-1.107,-0.764,-0.204,-0.197;
6.543,1.478,5.111,1.713,4.876, 0.435,-0.167, 0.213,0.612,0.000,1.459,-0.764,-0.209,-0.213;
6.555,2.138,0.699,2.356,0.482, 0.440,-0.165, 0.197,0.390,0.195,-1.397,-0.762,-0.217,-0.197;
6.566,1.113,4.616,1.349,4.381, 0.446,-0.165, 0.213,0.570,0.000,1.361,-0.761,-0.223,-0.213;
6.577,2.329,0.902,2.564,0.667, 0.451,-0.163, 0.213,0.406,0.203,0.000,-0.759,-0.231,-0.213;
6.599,-1.075,1.302,-0.840,1.067, 0.458,-0.163, 0.213,0.304,0.000,0.000,-0.752,-0.241,-0.213;
6.611,1.757,0.632,1.992,0.396, 0.462,-0.161, 0.213,0.367,0.183,0.000,-0.749,-0.249,-0.213;
6.623,1.085,4.741,1.324,4.503, 0.469,-0.161, 0.217,0.572,0.000,0.300,-0.748,-0.254,-0.217;
6.635,2.099,0.868,2.334,0.633, 0.473,-0.158, 0.213,0.392,0.196,-0.308,-0.745,-0.261,-0.213;
6.646,1.067,4.759,1.306,4.520, 0.480,-0.158, 0.217,0.572,0.000,0.299,-0.744,-0.266,-0.217;
6.658,1.857,0.754,2.092,0.519, 0.484,-0.156, 0.213,0.376,0.188,-0.295,-0.740,-0.273,-0.213;
6.670,1.033,4.746,1.272,4.507, 0.491,-0.156, 0.217,0.569,0.000,0.298,-0.739,-0.278,-0.217;
6.681,3.742,3.490,3.985,3.247, 0.498,-0.154, 0.220,0.596,0.199,0.322,-0.738,-0.285,-0.220;
6.693,-0.494,2.392,-0.255,2.153, 0.502,-0.154, 0.217,0.383,0.000,-0.310,-0.734,-0.289,-0.217;
6.706,1.473,0.583,1.712,0.344, 0.507,-0.152, 0.217,0.351,0.175,0.000,-0.730,-0.296,-0.217;
6.717,3.653,3.355,3.878,3.130, 0.513,-0.150, 0.204,0.585,0.195,-1.123,-0.728,-0.302,-0.204;
6.730,-0.711,2.094,-0.472,1.855, 0.518,-0.150, 0.217,0.356,0.000,1.026,-0.724,-0.306,-0.217;
6.742,3.143,2.969,3.368,2.744, 0.525,-0.147, 0.204,0.544,0.181,-1.044,-0.722,-0.312,-0.204;
6.753,-0.487,2.473,-0.244,2.230, 0.529,-0.147, 0.220,0.385,0.000,1.420,-0.718,-0.316,-0.220;
6.765,3.899,3.579,4.123,3.354, 0.536,-0.145, 0.204,0.604,0.201,-1.487,-0.716,-0.321,-0.204;
6.776,-0.361,2.679,-0.118,2.436, 0.540,-0.145, 0.220,0.401,0.000,1.478,-0.713,-0.324,-0.220;
6.787,3.633,3.374,3.858,3.149, 0.547,-0.143, 0.204,0.583,0.194,-1.434,-0.711,-0.329,-0.204;
6.798,-0.349,2.624,-0.124,2.400, 0.551,-0.143, 0.204,0.396,0.000,0.000,-0.707,-0.332,-0.204;
6.809,2.337,1.108,2.562,0.883, 0.556,-0.141, 0.204,0.409,0.205,0.000,-0.703,-0.337,-0.204;
6.822,0.778,4.361,1.007,4.133, 0.562,-0.141, 0.207,0.533,0.000,0.277,-0.701,-0.340,-0.207;
6.843,-0.518,-0.538,-0.293,-0.763, 0.567,-0.138, 0.204,0.210,0.105,-0.164,-0.689,-0.347,-0.204;
6.856,-0.636,2.145,-0.411,1.921, 0.571,-0.138, 0.204,0.354,0.000,0.000,-0.684,-0.349,-0.204;
6.868,3.256,3.088,3.485,2.859, 0.578,-0.136, 0.207,0.547,0.182,0.284,-0.681,-0.353,-0.207;
6.880,-0.520,2.311,-0.291,2.083, 0.583,-0.136, 0.207,0.367,0.000,0.000,-0.676,-0.355,-0.207;
6.892,3.765,3.478,3.994,3.250, 0.589,-0.134, 0.207,0.587,0.196,0.000,-0.674,-0.359,-0.207;
6.904,-0.646,2.085,-0.418,1.857, 0.594,-0.134, 0.207,0.349,0.000,0.000,-0.669,-0.360,-0.207;
6.916,3.344,3.147,3.577,2.914, 0.600,-0.132, 0.211,0.552,0.184,0.297,-0.666,-0.364,-0.211;
6.929,-0.447,2.355,-0.218,2.126, 0.605,-0.132, 0.207,0.371,0.000,-0.299,-0.661,-0.365,-0.207;
6.940,3.894,3.560,4.126,3.328, 0.612,-0.129, 0.211,0.595,0.198,0.320,-0.659,-0.368,-0.211;
6.951,-0.327,2.513,-0.094,2.280, 0.616,-0.129, 0.211,0.384,0.000,0.000,-0.654,-0.369,-0.211;
6.962,-0.209,2.738,0.043,2.486, 0.620,-0.129, 0.228,0.402,0.000,1.532,-0.650,-0.370,-0.228;
6.974,3.952,3.567,4.185,3.334, 0.627,-0.127, 0.211,0.597,0.199,-1.516,-0.648,-0.372,-0.211;
6.985,-0.231,2.652,0.021,2.401, 0.632,-0.127, 0.228,0.397,0.000,1.511,-0.643,-0.373,-0.228;
6.996,2.522,1.140,2.754,0.907, 0.636,-0.125, 0.211,0.410,0.205,-1.561,-0.639,-0.375,-0.211;
7.007,1.562,5.329,1.799,5.093, 0.643,-0.125, 0.215,0.609,0.000,0.339,-0.637,-0.375,-0.215;
7.018,-0.149,2.704,0.107,2.448, 0.647,-0.125, 0.232,0.403,0.000,1.560,-0.633,-0.375,-0.232;
7.039,-0.277,-0.581,-0.045,-0.813, 0.652,-0.123, 0.211,0.211,0.105,-0.993,-0.621,-0.376,-0.211;
7.050,1.395,5.085,1.651,4.829, 0.658,-0.123, 0.232,0.589,0.000,1.848,-0.619,-0.376,-0.232;
7.062,2.257,0.888,2.493,0.651, 0.663,-0.121, 0.215,0.384,0.192,-1.487,-0.614,-0.377,-0.215;
7.074,3.585,2.995,3.802,2.778, 0.670,-0.118, 0.197,0.552,0.184,-1.435,-0.611,-0.378,-0.197;
7.087,-0.450,1.930,-0.213,1.693, 0.674,-0.118, 0.215,0.345,0.000,1.348,-0.606,-0.377,-0.215;
7.099,2.335,0.808,2.553,0.590, 0.679,-0.116, 0.197,0.384,0.192,-1.499,-0.601,-0.378,-0.197;
7.111,-0.143,2.322,0.094,2.086, 0.683,-0.116, 0.215,0.378,0.000,1.474,-0.597,-0.376,-0.215;
7.122,1.469,4.782,1.706,4.545, 0.690,-0.116, 0.215,0.574,0.000,0.000,-0.594,-0.375,-0.215;
7.134,2.297,0.754,2.533,0.517, 0.694,-0.114, 0.215,0.379,0.189,0.000,-0.590,-0.375,-0.215;
7.145,1.662,5.030,1.903,4.789, 0.701,-0.114, 0.219,0.596,0.000,0.343,-0.588,-0.373,-0.219;
7.158,2.069,0.557,2.305,0.321, 0.705,-0.112, 0.215,0.360,0.180,-0.311,-0.583,-0.373,-0.215;
7.170,1.261,4.295,1.502,4.054, 0.712,-0.112, 0.219,0.541,0.000,0.311,-0.580,-0.371,-0.219;
7.182,2.509,0.705,2.731,0.483, 0.716,-0.109, 0.201,0.387,0.194,-1.537,-0.576,-0.370,-0.201;
7.193,0.112,2.381,0.353,2.140, 0.721,-0.109, 0.219,0.394,0.000,1.562,-0.572,-0.368,-0.219;
7.206,3.289,2.410,3.511,2.189, 0.728,-0.107, 0.201,0.511,0.170,-1.353,-0.569,-0.367,-0.201;
7.218,-0.023,2.052,0.218,1.811, 0.732,-0.107, 0.219,0.372,0.000,1.475,-0.564,-0.364,-0.219;
7.229,4.459,3.277,4.684,3.051, 0.739,-0.105, 0.205,0.603,0.201,-1.263,-0.563,-0.363,-0.205;
7.240,0.222,2.267,0.448,2.041, 0.743,-0.105, 0.205,0.394,0.000,0.000,-0.559,-0.360,-0.205;
7.252,2.802,0.656,3.023,0.435, 0.748,-0.103, 0.201,0.399,0.199,-0.330,-0.555,-0.359,-0.201;
7.263,1.926,4.751,2.151,4.525, 0.754,-0.103, 0.205,0.595,0.000,0.328,-0.554,-0.355,-0.205;
7.274,2.815,0.597,3.040,0.372, 0.759,-0.100, 0.205,0.398,0.199,0.000,-0.550,-0.354,-0.205;
7.295,-1.183,-0.162,-0.957,-0.388, 0.763,-0.100, 0.205,0.209,0.000,0.000,-0.540,-0.347,-0.205;
7.308,2.169,0.119,2.395,-0.107, 0.768,-0.098, 0.205,0.347,0.174,0.000,-0.535,-0.344,-0.205;
7.320,0.175,1.772,0.401,1.546, 0.772,-0.098, 0.205,0.367,0.000,0.000,-0.531,-0.340,-0.205;
7.333,3.958,2.390,4.168,2.181, 0.779,-0.096, 0.190,0.542,0.181,-1.187,-0.529,-0.337,-0.190;
7.345,0.303,1.839,0.533,1.610, 0.783,-0.096, 0.208,0.378,0.000,1.563,-0.526,-0.333,-0.208;
7.357,2.580,0.130,2.790,-0.079, 0.788,-0.094, 0.190,0.369,0.184,-1.526,-0.522,-0.330,-0.190;
7.368,0.410,1.869,0.640,1.639, 0.792,-0.094, 0.208,0.385,0.000,1.593,-0.519,-0.325,-0.208;
7.380,3.060,0.314,3.269,0.104, 0.797,-0.092, 0.190,0.398,0.199,-1.648,-0.516,-0.322,-0.190;
7.392,1.824,3.902,2.054,3.672, 0.804,-0.092, 0.208,0.552,0.000,1.523,-0.515,-0.317,-0.208;
7.405,2.373,-0.180,2.582,-0.389, 0.808,-0.089, 0.190,0.349,0.174,-1.443,-0.511,-0.313,-0.190;
7.416,0.505,1.733,0.735,1.503, 0.812,-0.089, 0.208,0.386,0.000,1.596,-0.508,-0.308,-0.208;
7.428,3.029,0.109,3.242,-0.105, 0.817,-0.087, 0.194,0.390,0.195,-1.298,-0.506,-0.304,-0.194;
7.439,0.589,1.726,0.818,1.496, 0.821,-0.087, 0.208,0.391,0.000,1.299,-0.503,-0.299,-0.208;
7.450,3.048,0.076,3.278,-0.154, 0.826,-0.085, 0.208,0.389,0.195,0.000,-0.501,-0.295,-0.208;
7.462,0.682,1.739,0.912,1.510, 0.830,-0.085, 0.208,0.397,0.000,0.000,-0.499,-0.289,-0.208;
7.473,4.749,2.529,4.984,2.295, 0.837,-0.083, 0.212,0.590,0.197,0.350,-0.499,-0.286,-0.212;
7.484,0.754,1.729,0.988,1.495, 0.841,-0.083, 0.212,0.404,0.000,0.000,-0.497,-0.280,-0.212;
7.495,3.197,-0.017,3.436,-0.255, 0.846,-0.080, 0.217,0.395,0.197,0.364,-0.495,-0.276,-0.217;
7.507,3.169,-0.145,3.387,-0.362, 0.850,-0.078, 0.197,0.392,0.196,-1.681,-0.493,-0.272,-0.197;
7.529,-0.771,-0.923,-0.533,-1.162, 0.855,-0.078, 0.217,0.205,0.000,0.880,-0.486,-0.259,-0.217;
7.540,3.116,-0.258,3.354,-0.497, 0.859,-0.076, 0.217,0.383,0.191,0.000,-0.484,-0.255,-0.217;
7.552,0.590,1.052,0.829,0.814, 0.864,-0.076, 0.217,0.367,0.000,0.000,-0.482,-0.247,-0.217;
7.556,15.567,7.093,15.805,6.855, 0.868,-0.074, 0.217,1.241,0.621,0.000,-0.485,-0.248,-0.217;
7.577,-0.636,-1.030,-0.397,-1.269, 0.873,-0.074, 0.217,0.211,0.000,0.000,-0.479,-0.235,-0.217;
7.590,2.834,-0.669,3.073,-0.908, 0.877,-0.071, 0.217,0.357,0.178,0.000,-0.478,-0.229,-0.217;
7.592,12.205,18.966,12.443,18.727, 0.882,-0.071, 0.217,1.790,0.000,0.000,-0.481,-0.227,-0.217;
7.614,0.703,-2.065,0.941,-2.304, 0.886,-0.069, 0.217,0.207,0.103,0.000,-0.475,-0.216,-0.217;
7.618,9.248,14.280,9.491,14.037, 0.893,-0.069, 0.221,1.428,0.000,0.912,-0.480,-0.213,-0.221;
7.638,1.110,-1.953,1.353,-2.196, 0.897,-0.067, 0.221,0.233,0.116,0.000,-0.476,-0.203,-0.221;
7.649,3.473,-0.634,3.700,-0.860, 0.902,-0.065, 0.205,0.396,0.198,-1.369,-0.476,-0.197,-0.205;
7.660,-0.663,-1.630,-0.420,-1.873, 0.904,-0.065, 0.221,0.191,0.000,1.323,-0.473,-0.189,-0.221;
7.672,5.177,1.792,5.404,1.566, 0.911,-0.062, 0.205,0.597,0.199,-1.376,-0.476,-0.184,-0.205;
7.683,0.992,0.842,1.240,0.594, 0.915,-0.062, 0.225,0.394,0.000,1.756,-0.476,-0.176,-0.225;
7.695,3.384,-0.932,3.610,-1.158, 0.920,-0.060, 0.205,0.386,0.193,-1.719,-0.476,-0.171,-0.205;
7.706,1.106,0.869,1.354,0.621, 0.924,-0.060, 0.225,0.405,0.000,1.803,-0.477,-0.163,-0.225;
7.717,1.997,-3.434,2.219,-3.656, 0.926,-0.058, 0.201,0.202,0.202,-2.168,-0.475,-0.157,-0.201;
7.728,1.163,0.796,1.406,0.553, 0.931,-0.058, 0.221,0.407,0.000,1.780,-0.476,-0.149,-0.221;
7.739,3.660,-1.023,3.882,-1.245, 0.935,-0.056, 0.201,0.401,0.201,-1.755,-0.477,-0.144,-0.201;
7.760,1.781,-1.399,2.008,-1.625, 0.942,-0.054, 0.205,0.316,0.105,0.192,-0.477,-0.131,-0.205;
7.772,0.864,0.013,1.095,-0.218, 0.946,-0.054, 0.210,0.364,0.000,0.346,-0.478,-0.122,-0.210;
7.784,3.216,-1.510,3.447,-1.741, 0.951,-0.051, 0.210,0.367,0.183,0.000,-0.479,-0.115,-0.210;
7.796,-0.540,-2.293,-0.314,-2.519, 0.953,-0.051, 0.205,0.190,0.000,-0.361,-0.478,-0.106,-0.205;
7.808,3.400,-1.542,3.626,-1.768, 0.958,-0.049, 0.205,0.378,0.189,0.000,-0.480,-0.099,-0.205;
7.820,0.983,-0.117,1.214,-0.348, 0.962,-0.049, 0.210,0.372,0.000,0.354,-0.482,-0.090,-0.210;
7.831,3.646,-1.518,3.877,-1.749, 0.966,-0.047, 0.210,0.393,0.197,0.000,-0.484,-0.084,-0.210;
7.843,1.079,-0.113,1.310,-0.344, 0.971,-0.047, 0.210,0.382,0.000,0.000,-0.486,-0.075,-0.210;
7.855,3.484,-1.750,3.715,-1.981, 0.975,-0.045, 0.210,0.381,0.191,0.000,-0.488,-0.068,-0.210;
7.867,3.382,-1.928,3.591,-2.136, 0.980,-0.042, 0.189,0.377,0.188,-1.725,-0.491,-0.062,-0.189;
7.881,1.029,-4.490,1.237,-4.699, 0.982,-0.040, 0.189,0.151,0.151,0.000,-0.491,-0.053,-0.189;
7.893,1.055,-0.448,1.286,-0.679, 0.987,-0.040, 0.210,0.376,0.000,1.720,-0.494,-0.043,-0.210;
7.905,3.398,-2.121,3.607,-2.330, 0.991,-0.038, 0.189,0.376,0.188,-1.724,-0.497,-0.036,-0.189;
7.917,1.943,-4.499,2.151,-4.707, 0.993,-0.036, 0.189,0.195,0.195,0.000,-0.498,-0.030,-0.189;
7.929,3.256,-2.379,3.438,-2.561, 0.998,-0.033, 0.165,0.370,0.185,-1.994,-0.501,-0.022,-0.165;
7.940,3.590,-2.186,3.803,-2.399, 1.002,-0.031, 0.193,0.389,0.195,2.447,-0.504,-0.016,-0.193;
7.952,-0.529,-3.084,-0.325,-3.288, 1.004,-0.031, 0.185,0.191,0.000,-0.672,-0.506,-0.007,-0.185;
7.963,3.784,-2.194,3.997,-2.407, 1.009,-0.029, 0.193,0.402,0.201,0.709,-0.510,-0.000,-0.193;
7.974,2.015,-4.818,2.197,-5.000, 1.011,-0.027, 0.165,0.204,0.204,-2.560,-0.512, 0.006,-0.165;
7.985,3.631,-2.392,3.844,-2.605, 1.016,-0.025, 0.193,0.393,0.196,2.468,-0.516, 0.013,-0.193;
7.998,1.262,-5.061,1.448,-5.247, 1.018,-0.022, 0.169,0.168,0.168,-1.850,-0.518, 0.021,-0.169;
8.009,3.783,-2.481,3.973,-2.670, 1.022,-0.020, 0.172,0.407,0.203,0.328,-0.522, 0.028,-0.172;
8.021,1.941,-5.052,2.131,-5.242, 1.024,-0.018, 0.172,0.200,0.200,0.000,-0.525, 0.034,-0.172;
8.032,3.329,-2.820,3.523,-3.014, 1.029,-0.016, 0.176,0.377,0.189,0.317,-0.530, 0.041,-0.176;
8.054,-1.264,-4.711,-1.046,-4.929, 1.031,-0.016, 0.197,0.102,0.000,0.983,-0.533, 0.058,-0.197;
8.057,13.258,-3.229,13.444,-3.414, 1.033,-0.013, 0.169,0.740,0.740,-9.550,-0.535, 0.058,-0.169;
8.079,-0.095,-5.688,0.095,-5.878, 1.036,-0.011, 0.172,0.104,0.104,0.167,-0.539, 0.073,-0.172;
8.091,1.660,-5.444,1.842,-5.626, 1.038,-0.009, 0.165,0.189,0.189,-0.597,-0.543, 0.080,-0.165;
8.103,3.145,-3.253,3.338,-3.447, 1.042,-0.007, 0.176,0.366,0.183,0.885,-0.549, 0.087,-0.176;
8.115,1.509,-5.605,1.676,-5.772, 1.045,-0.004, 0.151,0.187,0.187,-2.090,-0.553, 0.094,-0.151;
8.126,1.734,-5.622,1.904,-5.792, 1.047,-0.002, 0.154,0.198,0.198,0.292,-0.557, 0.101,-0.154;
8.138,1.520,-5.707,1.690,-5.877, 1.049,-0.000, 0.154,0.188,0.188,0.000,-0.561, 0.107,-0.154;
8.149,1.592,-5.748,1.762,-5.918, 1.051, 0.002, 0.154,0.192,0.192,0.000,-0.565, 0.114,-0.154;
8.162,1.425,-5.808,1.619,-6.002, 1.054, 0.004, 0.176,0.180,0.180,1.740,-0.570, 0.121,-0.176;
8.173,1.602,-5.852,1.768,-6.018, 1.056, 0.007, 0.151,0.195,0.195,-2.181,-0.574, 0.128,-0.151;
8.185,1.306,-5.962,1.466,-6.122, 1.058, 0.009, 0.145,0.184,0.184,-0.511,-0.579, 0.135,-0.145;
8.197,1.360,-6.012,1.516,-6.168, 1.060, 0.011, 0.142,0.188,0.188,-0.245,-0.584, 0.141,-0.142;
8.209,1.429,-6.041,1.601,-6.213, 1.062, 0.013, 0.156,0.189,0.189,1.157,-0.589, 0.148,-0.156;
8.221,1.793,-10.096,1.937,-10.241, 1.062, 0.018, 0.131,0.000,0.377,-2.048,-0.592, 0.152,-0.131;
8.233,-0.436,-8.446,-0.292,-8.590, 1.062, 0.020, 0.131,0.000,0.192,0.000,-0.595, 0.159,-0.131;
8.244,-0.176,-8.557,-0.008,-8.725, 1.062, 0.022, 0.153,0.000,0.200,1.916,-0.599, 0.165,-0.153;
8.256,3.383,-7.985,3.520,-8.122, 1.065, 0.027, 0.124,0.188,0.375,-2.380,-0.604, 0.169,-0.124;
8.267,-0.769,-8.658,-0.677,-8.749, 1.065, 0.029, 0.083,0.000,0.202,-3.735,-0.608, 0.174,-0.083;
8.278,-0.826,-8.660,-0.732,-8.753, 1.065, 0.031, 0.085,0.000,0.198,0.156,-0.612, 0.180,-0.085;
8.290,-1.105,-8.627,-1.038,-8.695, 1.065, 0.033, 0.061,0.000,0.192,-2.043,-0.616, 0.186,-0.061;
