0.000,0.000,0.000,0.000,0.000, 0.000, 0.000, 0.000,0.000,0.000,0.000, 0.000, 0.000, 0.000, 0.000, 0.000, 0.000, 0.000, 0.000, 0.000;
0.011,-1.781,-3.672,-1.781,-3.672,-0.154, 0.013, 0.014,0.000,0.000,0.000, 0.654,-0.005, 1.573, 0.050, 0.746, 1.571,-0.063, 0.039, 0.000;
0.022,3.175,-4.683,3.175,-4.683,-0.154, 0.013, 0.014,0.000,0.000,0.000, 0.654, 0.004, 1.592, 0.100, 0.703, 1.571,-0.128, 0.082, 0.000;
0.034,2.808,-6.894,2.808,-6.894,-0.154, 0.013, 0.014,0.000,0.000,0.000, 0.653, 0.014, 1.610, 0.146, 0.660, 1.571,-0.189, 0.124, 0.000;
0.048,0.246,-7.084,0.246,-7.084,-0.154, 0.013, 0.014,0.000,0.000,0.000, 0.653, 0.024, 1.631, 0.193, 0.706, 1.571,-0.252, 0.077, 0.000;
0.060,-1.711,-7.385,-1.711,-7.385,-0.154, 0.013, 0.014,0.000,0.000,0.000, 0.652, 0.034, 1.650, 0.231, 0.747, 1.571,-0.304, 0.035, 0.000;
0.071,-3.484,-7.602,-3.484,-7.602,-0.154, 0.013, 0.014,0.000,0.000,0.000, 0.651, 0.042, 1.668, 0.263, 0.785, 1.571,-0.350,-0.005, 0.000;
0.083,-5.332,-7.769,-5.332,-7.769,-0.154, 0.013, 0.014,0.000,0.000,0.000, 0.650, 0.052, 1.687, 0.294, 0.825, 1.571,-0.396,-0.046, 0.000;
0.095,-5.129,-9.824,-5.129,-9.824,-0.154, 0.013, 0.014,0.000,0.000,0.000, 0.648, 0.061, 1.705, 0.323, 0.781, 1.571,-0.439,-0.005, 0.000;
0.106,-7.075,-9.680,-7.075,-9.680,-0.154, 0.013, 0.014,0.000,0.000,0.000, 0.647, 0.070, 1.723, 0.349, 0.820, 1.571,-0.480,-0.045, 0.000;
0.118,-4.872,-9.686,-4.872,-9.686,-0.154, 0.013, 0.014,0.000,0.000,0.000, 0.645, 0.079, 1.742, 0.292, 0.775, 1.571,-0.437,-0.003, 0.000;
0.131,-2.995,-9.699,-2.995,-9.699,-0.154, 0.016, 0.014,0.000,0.176,0.000, 0.643, 0.087, 1.762, 0.231, 0.727, 1.571,-0.391, 0.042, 0.000;
0.144,-3.289,-7.576,-3.289,-7.576,-0.154, 0.016, 0.014,0.000,0.000,0.000, 0.641, 0.097, 1.783, 0.169, 0.769, 1.571,-0.345,-0.004, 0.000;
0.156,-1.398,-7.832,-1.398,-7.832,-0.154, 0.018, 0.000,0.000,0.185,-1.202, 0.639, 0.103, 1.816, 0.111, 0.723, 1.571,-0.301, 0.039, 0.000;
0.169,-1.571,-5.813,-1.571,-5.813,-0.154, 0.018, 0.014,0.000,0.000,1.161, 0.637, 0.113, 1.821, 0.051, 0.763, 1.571,-0.257,-0.005, 0.000;
0.179,0.039,-6.092,0.039,-6.092,-0.154, 0.020, 0.000,0.000,0.217,-1.410, 0.634, 0.119, 1.852, 0.002, 0.723, 1.571,-0.220, 0.031, 0.000;
0.191,1.759,-6.104,1.759,-6.104,-0.152, 0.020, 0.000,0.191,0.000,0.000, 0.630, 0.127, 1.870,-0.054, 0.678, 1.571,-0.178, 0.072, 0.000;
0.202,3.396,-6.165,3.396,-6.165,-0.152, 0.022, 0.000,0.000,0.196,0.000, 0.627, 0.134, 1.888,-0.107, 0.634, 1.571,-0.137, 0.112, 0.000;
0.214,4.969,-6.275,4.969,-6.275,-0.152, 0.025,-0.014,0.000,0.193,-1.250, 0.624, 0.140, 1.921,-0.162, 0.589, 1.571,-0.097, 0.153, 0.000;
0.225,4.786,-4.392,4.786,-4.392,-0.152, 0.025, 0.000,0.000,0.000,1.302, 0.621, 0.148, 1.924,-0.214, 0.623, 1.571,-0.057, 0.114, 0.000;
0.236,6.512,-4.757,6.512,-4.757,-0.152, 0.027,-0.014,0.000,0.203,-1.316, 0.618, 0.154, 1.955,-0.265, 0.580, 1.571,-0.019, 0.153, 0.000;
0.248,6.114,-6.901,6.114,-6.901,-0.154, 0.029,-0.029,-0.183,0.183,-1.191, 0.617, 0.161, 1.989,-0.236, 0.531, 1.571,-0.062, 0.195, 0.000;
0.259,6.200,-4.779,6.200,-4.779,-0.154, 0.029,-0.014,0.000,0.000,1.318, 0.613, 0.169, 1.992,-0.287, 0.565, 1.571,-0.023, 0.156, 0.000;
0.271,6.021,-7.095,6.021,-7.095,-0.156, 0.031,-0.029,-0.189,0.189,-1.224, 0.612, 0.175, 2.025,-0.259, 0.518, 1.571,-0.065, 0.198, 0.000;
0.292,6.070,-3.341,6.070,-3.341,-0.156, 0.031,-0.029,0.000,0.000,0.000, 0.605, 0.190, 2.058,-0.357, 0.581, 1.571, 0.009, 0.123, 0.000;
0.303,5.841,-5.883,5.841,-5.883,-0.158, 0.033,-0.043,-0.193,0.193,-1.249, 0.603, 0.196, 2.091,-0.329, 0.534, 1.571,-0.032, 0.164, 0.000;
0.315,3.881,-5.607,3.881,-5.607,-0.161, 0.036,-0.043,-0.192,0.192,0.000, 0.601, 0.202, 2.109,-0.300, 0.568, 1.571,-0.073, 0.123, 0.000;
0.326,4.085,-3.844,4.085,-3.844,-0.161, 0.036,-0.058,0.000,0.000,-1.294, 0.596, 0.209, 2.141,-0.352, 0.601, 1.571,-0.033, 0.084, 0.000;
0.338,3.825,-6.088,3.825,-6.088,-0.163, 0.038,-0.072,-0.192,0.192,-1.244, 0.594, 0.215, 2.174,-0.323, 0.553, 1.571,-0.074, 0.124, 0.000;
0.350,3.531,-7.959,3.531,-7.959,-0.165, 0.040,-0.087,-0.183,0.183,-1.178, 0.591, 0.221, 2.207,-0.293, 0.502, 1.571,-0.117, 0.167, 0.000;
0.362,3.759,-5.646,3.759,-5.646,-0.165, 0.040,-0.072,0.000,0.000,1.171, 0.586, 0.229, 2.212,-0.349, 0.538, 1.571,-0.074, 0.124, 0.000;
0.373,5.349,-6.222,5.349,-6.222,-0.165, 0.042,-0.101,0.000,0.201,-2.595, 0.582, 0.234, 2.258,-0.400, 0.491, 1.571,-0.035, 0.163, 0.000;
0.385,4.871,-8.171,4.871,-8.171,-0.167, 0.045,-0.101,-0.189,0.189,0.000, 0.579, 0.240, 2.277,-0.370, 0.442, 1.571,-0.077, 0.204, 0.000;
0.396,4.944,-6.210,4.944,-6.210,-0.167, 0.047,-0.115,0.000,0.202,-1.296, 0.574, 0.245, 2.309,-0.420, 0.473, 1.571,-0.038, 0.165, 0.000;
0.407,6.650,-6.666,6.650,-6.666,-0.167, 0.049,-0.117,0.000,0.204,-0.154, 0.569, 0.249, 2.328,-0.469, 0.426, 1.571, 0.000, 0.204, 0.000;
0.418,4.553,-6.445,4.553,-6.445,-0.167, 0.051,-0.117,0.000,0.201,0.000, 0.563, 0.254, 2.345,-0.441, 0.457, 1.571,-0.038, 0.165, 0.000;
0.429,4.266,-8.442,4.266,-8.442,-0.170, 0.056,-0.144,-0.202,0.404,-2.427, 0.560, 0.256, 2.389,-0.413, 0.410, 1.571,-0.077, 0.204, 0.000;
0.451,7.809,-8.708,7.809,-8.708,-0.170, 0.058,-0.144,0.000,0.103,0.000, 0.549, 0.267, 2.423,-0.510, 0.316, 1.571,-0.001, 0.280, 0.000;
0.463,5.275,-8.512,5.275,-8.512,-0.170, 0.060,-0.158,0.000,0.196,-1.244, 0.543, 0.272, 2.455,-0.481, 0.347, 1.571,-0.041, 0.240, 0.000;
0.474,5.723,-6.697,5.723,-6.697,-0.170, 0.062,-0.158,0.000,0.196,0.000, 0.537, 0.276, 2.473,-0.531, 0.378, 1.571,-0.001, 0.200, 0.000;
0.487,5.040,-9.177,5.040,-9.177,-0.170, 0.067,-0.186,0.000,0.348,-2.195, 0.531, 0.279, 2.522,-0.498, 0.322, 1.571,-0.046, 0.245, 0.000;
0.498,5.340,-7.089,5.340,-7.089,-0.167, 0.069,-0.189,0.196,0.196,-0.235, 0.522, 0.283, 2.542,-0.548, 0.352, 1.571,-0.006, 0.205, 0.000;
0.511,7.155,-7.823,7.155,-7.823,-0.167, 0.074,-0.203,0.000,0.356,-1.129, 0.515, 0.286, 2.576,-0.603, 0.297, 1.571, 0.038, 0.249, 0.000;
0.523,4.842,-7.359,4.842,-7.359,-0.167, 0.076,-0.203,0.000,0.182,0.000, 0.508, 0.290, 2.595,-0.570, 0.329, 1.571,-0.005, 0.206, 0.000;
0.535,6.920,-7.809,6.920,-7.809,-0.167, 0.078,-0.203,0.000,0.189,0.000, 0.501, 0.294, 2.614,-0.622, 0.277, 1.571, 0.037, 0.248, 0.000;
0.546,6.096,-9.773,6.096,-9.773,-0.167, 0.083,-0.217,0.000,0.379,-1.195, 0.494, 0.296, 2.646,-0.590, 0.224, 1.571,-0.005, 0.289, 0.000;
0.558,6.469,-7.640,6.469,-7.640,-0.165, 0.085,-0.220,0.189,0.189,-0.266, 0.485, 0.300, 2.668,-0.641, 0.255, 1.571, 0.037, 0.248, 0.000;
0.571,5.753,-9.950,5.753,-9.950,-0.165, 0.089,-0.234,0.000,0.363,-1.153, 0.477, 0.301, 2.701,-0.607, 0.200, 1.571,-0.006, 0.291, 0.000;
0.583,7.551,-10.250,7.551,-10.250,-0.165, 0.094,-0.245,0.000,0.372,-0.880, 0.470, 0.303, 2.731,-0.659, 0.146, 1.571, 0.036, 0.333, 0.000;
0.594,7.799,-8.215,7.799,-8.215,-0.163, 0.096,-0.234,0.192,0.192,0.908, 0.461, 0.306, 2.738,-0.708, 0.175, 1.571, 0.077, 0.292, 0.000;
0.608,6.969,-10.808,6.969,-10.808,-0.163, 0.100,-0.248,0.000,0.317,-1.000, 0.452, 0.308, 2.775,-0.669, 0.112, 1.571, 0.028, 0.341, 0.000;
0.621,7.348,-8.586,7.348,-8.586,-0.161, 0.105,-0.262,0.176,0.352,-1.101, 0.441, 0.309, 2.809,-0.723, 0.144, 1.571, 0.073, 0.297, 0.000;
0.633,6.674,-10.707,6.674,-10.707,-0.161, 0.109,-0.262,0.000,0.378,0.000, 0.433, 0.310, 2.827,-0.689, 0.090, 1.571, 0.031, 0.338, 0.000;
0.645,8.410,-11.131,8.410,-11.131,-0.158, 0.114,-0.280,0.184,0.367,-1.467, 0.423, 0.310, 2.864,-0.740, 0.035, 1.571, 0.074, 0.381, 0.000;
0.657,6.285,-10.360,6.285,-10.360,-0.158, 0.116,-0.262,0.000,0.180,1.436, 0.415, 0.313, 2.866,-0.705, 0.066, 1.571, 0.030, 0.337, 0.000;
0.669,8.337,-10.958,8.337,-10.958,-0.156, 0.121,-0.266,0.185,0.370,-0.315, 0.404, 0.314, 2.888,-0.755, 0.011, 1.571, 0.073, 0.379, 0.000;
0.680,6.131,-10.461,6.131,-10.461,-0.156, 0.125,-0.276,0.000,0.402,-0.908, 0.397, 0.313, 2.916,-0.722, 0.038, 1.571, 0.034, 0.340, 0.000;
0.692,8.125,-11.013,8.125,-11.013,-0.154, 0.129,-0.276,0.192,0.384,0.000, 0.387, 0.313, 2.934,-0.770,-0.016, 1.571, 0.075, 0.381, 0.000;
0.704,8.314,-9.087,8.314,-9.087,-0.152, 0.134,-0.280,0.190,0.380,-0.338, 0.376, 0.313, 2.957,-0.818, 0.012, 1.571, 0.116, 0.340, 0.000;
0.715,7.509,-11.210,7.509,-11.210,-0.152, 0.138,-0.290,0.000,0.385,-0.843, 0.368, 0.312, 2.985,-0.784,-0.041, 1.571, 0.075, 0.381, 0.000;
0.726,7.980,-9.252,7.980,-9.252,-0.150, 0.143,-0.294,0.204,0.407,-0.378, 0.358, 0.312, 3.006,-0.828,-0.015, 1.571, 0.114, 0.342, 0.000;
0.737,9.585,-9.961,9.585,-9.961,-0.147, 0.147,-0.294,0.202,0.404,0.000, 0.348, 0.311, 3.023,-0.872,-0.066, 1.571, 0.153, 0.381, 0.000;
0.749,9.836,-8.071,9.836,-8.071,-0.145, 0.152,-0.294,0.197,0.393,0.000, 0.337, 0.310, 3.041,-0.918,-0.040, 1.571, 0.193, 0.341, 0.000;
0.760,9.122,-10.102,9.122,-10.102,-0.143, 0.156,-0.294,0.191,0.383,0.000, 0.327, 0.309, 3.060,-0.882,-0.094, 1.571, 0.152, 0.382, 0.000;
0.772,7.234,-9.298,7.234,-9.298,-0.143, 0.161,-0.294,0.000,0.382,0.000, 0.318, 0.308, 3.078,-0.846,-0.066, 1.571, 0.111, 0.341, 0.000;
0.794,10.854,-10.349,10.854,-10.349,-0.141, 0.165,-0.294,0.102,0.205,0.000, 0.300, 0.309, 3.112,-0.932,-0.168, 1.571, 0.187, 0.418, 0.000;
0.806,8.170,-9.715,8.170,-9.715,-0.138, 0.172,-0.308,0.180,0.541,-1.116, 0.288, 0.305, 3.145,-0.893,-0.139, 1.571, 0.143, 0.374, 0.000;
0.809,8.424,-9.293,8.424,-9.293,-0.136, 0.176,-0.308,0.764,1.528,0.000, 0.284, 0.301, 3.150,-0.904,-0.132, 1.571, 0.154, 0.364, 0.000;
0.821,10.208,-9.893,10.208,-9.893,-0.134, 0.181,-0.308,0.194,0.389,0.000, 0.273, 0.300, 3.168,-0.949,-0.186, 1.571, 0.194, 0.405, 0.000;
0.843,8.769,-13.264,8.769,-13.264,-0.132, 0.185,-0.312,0.102,0.204,-0.203, 0.254, 0.300, 3.207,-0.879,-0.289, 1.571, 0.117, 0.481, 0.000;
0.854,6.710,-12.309,6.710,-12.309,-0.129, 0.192,-0.326,0.191,0.574,-1.188, 0.243, 0.295, 3.239,-0.841,-0.262, 1.571, 0.076, 0.440, 0.000;
0.866,7.470,-10.434,7.470,-10.434,-0.127, 0.196,-0.326,0.186,0.372,0.000, 0.231, 0.293, 3.258,-0.887,-0.234, 1.571, 0.119, 0.398, 0.000;
0.879,9.276,-11.274,9.276,-11.274,-0.125, 0.201,-0.326,0.178,0.356,0.000, 0.220, 0.290, 3.278,-0.934,-0.293, 1.571, 0.163, 0.442, 0.000;
0.891,8.315,-13.047,8.315,-13.047,-0.123, 0.208,-0.326,0.185,0.556,0.000, 0.208, 0.285, 3.297,-0.894,-0.350, 1.571, 0.120, 0.484, 0.000;
0.903,6.420,-12.081,6.420,-12.081,-0.123, 0.212,-0.322,0.000,0.365,0.377, 0.199, 0.282, 3.311,-0.854,-0.322, 1.571, 0.077, 0.441, 0.000;
0.915,7.222,-10.153,7.222,-10.153,-0.121, 0.217,-0.322,0.181,0.361,0.000, 0.187, 0.279, 3.331,-0.899,-0.294, 1.571, 0.121, 0.398, 0.000;
0.928,7.714,-8.358,7.714,-8.358,-0.118, 0.221,-0.322,0.178,0.356,0.000, 0.175, 0.276, 3.350,-0.945,-0.265, 1.571, 0.165, 0.354, 0.000;
0.940,6.855,-10.519,6.855,-10.519,-0.116, 0.228,-0.326,0.181,0.542,-0.373, 0.163, 0.270, 3.374,-0.904,-0.324, 1.571, 0.122, 0.397, 0.000;
0.952,7.437,-8.439,7.437,-8.439,-0.114, 0.232,-0.326,0.196,0.392,0.000, 0.152, 0.266, 3.392,-0.945,-0.298, 1.571, 0.162, 0.357, 0.000;
0.964,9.172,-9.237,9.172,-9.237,-0.112, 0.237,-0.326,0.185,0.371,0.000, 0.140, 0.263, 3.411,-0.988,-0.355, 1.571, 0.204, 0.400, 0.000;
0.976,8.244,-10.960,8.244,-10.960,-0.109, 0.243,-0.326,0.190,0.569,0.000, 0.129, 0.256, 3.429,-0.947,-0.411, 1.571, 0.163, 0.441, 0.000;
0.988,8.859,-8.791,8.859,-8.791,-0.107, 0.248,-0.326,0.186,0.372,0.000, 0.117, 0.252, 3.448,-0.990,-0.383, 1.571, 0.205, 0.399, 0.000;
1.000,7.903,-10.998,7.903,-10.998,-0.105, 0.254,-0.340,0.182,0.546,-1.121, 0.105, 0.246, 3.481,-0.947,-0.442, 1.571, 0.162, 0.442, 0.000;
1.012,8.501,-8.881,8.501,-8.881,-0.103, 0.259,-0.345,0.188,0.375,-0.412, 0.094, 0.241, 3.505,-0.989,-0.415, 1.571, 0.203, 0.400, 0.000;
1.024,7.839,-10.827,7.839,-10.827,-0.103, 0.263,-0.326,0.000,0.361,1.508, 0.084, 0.236, 3.506,-0.944,-0.473, 1.571, 0.160, 0.444, 0.000;
1.036,9.612,-11.321,9.612,-11.321,-0.100, 0.270,-0.340,0.183,0.548,-1.124, 0.072, 0.229, 3.539,-0.987,-0.531, 1.571, 0.202, 0.487, 0.000;
1.049,7.364,-10.473,7.364,-10.473,-0.098, 0.275,-0.340,0.181,0.361,0.000, 0.060, 0.224, 3.558,-0.942,-0.503, 1.571, 0.159, 0.443, 0.000;
1.061,8.301,-8.457,8.301,-8.457,-0.096, 0.279,-0.326,0.182,0.364,1.120, 0.048, 0.219, 3.564,-0.984,-0.475, 1.571, 0.202, 0.400, 0.000;
1.073,7.338,-10.689,7.338,-10.689,-0.094, 0.286,-0.340,0.179,0.537,-1.101, 0.036, 0.211, 3.597,-0.939,-0.534, 1.571, 0.158, 0.444, 0.000;
1.085,7.992,-8.496,7.992,-8.496,-0.092, 0.290,-0.340,0.185,0.371,0.000, 0.025, 0.205, 3.616,-0.979,-0.507, 1.571, 0.201, 0.402, 0.000;
1.097,5.949,-8.028,5.949,-8.028,-0.089, 0.295,-0.345,0.189,0.378,-0.415, 0.013, 0.200, 3.639,-0.935,-0.480, 1.571, 0.159, 0.360, 0.000;
1.109,7.969,-8.720,7.969,-8.720,-0.087, 0.301,-0.345,0.186,0.557,0.000, 0.002, 0.191, 3.658,-0.975,-0.537, 1.571, 0.201, 0.403, 0.000;
1.122,5.749,-7.869,5.749,-7.869,-0.085, 0.306,-0.345,0.182,0.363,0.000,-0.010, 0.185, 3.677,-0.929,-0.509, 1.571, 0.158, 0.360, 0.000;
1.134,5.258,-9.745,5.258,-9.745,-0.085, 0.310,-0.340,0.000,0.369,0.405,-0.019, 0.179, 3.692,-0.884,-0.566, 1.571, 0.116, 0.402, 0.000;
1.146,7.199,-10.130,7.199,-10.130,-0.083, 0.317,-0.340,0.182,0.546,0.000,-0.031, 0.170, 3.711,-0.924,-0.624, 1.571, 0.159, 0.445, 0.000;
1.158,4.971,-9.280,4.971,-9.280,-0.080, 0.321,-0.340,0.182,0.363,0.000,-0.043, 0.163, 3.730,-0.877,-0.595, 1.571, 0.116, 0.402, 0.000;
1.170,5.744,-7.454,5.744,-7.454,-0.078, 0.326,-0.345,0.187,0.374,-0.411,-0.054, 0.156, 3.754,-0.915,-0.568, 1.571, 0.158, 0.360, 0.000;
1.182,4.924,-9.491,4.924,-9.491,-0.076, 0.333,-0.345,0.185,0.554,0.000,-0.065, 0.147, 3.773,-0.869,-0.625, 1.571, 0.115, 0.403, 0.000;
1.194,5.612,-7.271,5.612,-7.271,-0.074, 0.337,-0.345,0.182,0.364,0.000,-0.077, 0.140, 3.792,-0.907,-0.596, 1.571, 0.158, 0.360, 0.000;
1.207,4.807,-9.319,4.807,-9.319,-0.074, 0.341,-0.340,0.000,0.363,0.399,-0.086, 0.132, 3.806,-0.859,-0.654, 1.571, 0.115, 0.403, 0.000;
1.218,5.477,-7.184,5.477,-7.184,-0.071, 0.346,-0.340,0.191,0.382,0.000,-0.097, 0.125, 3.825,-0.896,-0.626, 1.571, 0.156, 0.362, 0.000;
1.231,7.153,-8.167,7.153,-8.167,-0.069, 0.353,-0.359,0.178,0.533,-1.486,-0.108, 0.115, 3.863,-0.934,-0.685, 1.571, 0.200, 0.407, 0.000;
1.243,5.100,-7.221,5.100,-7.221,-0.067, 0.357,-0.345,0.187,0.375,1.155,-0.119, 0.107, 3.868,-0.887,-0.657, 1.571, 0.158, 0.365, 0.000;
1.255,7.195,-7.922,7.195,-7.922,-0.065, 0.362,-0.345,0.179,0.358,0.000,-0.130, 0.099, 3.888,-0.925,-0.715, 1.571, 0.202, 0.408, 0.000;
1.268,6.067,-9.803,6.067,-9.803,-0.062, 0.368,-0.359,0.178,0.535,-1.100,-0.142, 0.088, 3.921,-0.875,-0.773, 1.571, 0.158, 0.452, 0.000;
1.280,6.898,-7.468,6.898,-7.468,-0.060, 0.373,-0.345,0.181,0.363,1.118,-0.153, 0.080, 3.927,-0.912,-0.744, 1.571, 0.201, 0.409, 0.000;
1.292,4.968,-6.973,4.968,-6.973,-0.058, 0.377,-0.345,0.195,0.391,0.000,-0.163, 0.071, 3.945,-0.865,-0.716, 1.571, 0.161, 0.369, 0.000;
1.304,6.944,-7.675,6.944,-7.675,-0.056, 0.382,-0.350,0.187,0.374,-0.422,-0.174, 0.063, 3.968,-0.901,-0.771, 1.571, 0.203, 0.411, 0.000;
1.317,5.795,-9.639,5.795,-9.639,-0.054, 0.388,-0.364,0.171,0.512,-1.066,-0.185, 0.051, 4.003,-0.847,-0.832, 1.571, 0.157, 0.457, 0.000;
1.330,3.847,-8.416,3.847,-8.416,-0.054, 0.393,-0.345,0.000,0.326,1.386,-0.194, 0.041, 4.005,-0.791,-0.798, 1.571, 0.109, 0.409, 0.000;
1.342,4.724,-6.522,4.724,-6.522,-0.051, 0.397,-0.345,0.185,0.370,0.000,-0.205, 0.032, 4.024,-0.826,-0.769, 1.571, 0.151, 0.366, 0.000;
1.355,6.503,-7.486,6.503,-7.486,-0.049, 0.404,-0.359,0.173,0.519,-1.067,-0.216, 0.020, 4.058,-0.863,-0.828, 1.571, 0.197, 0.412, 0.000;
1.368,4.241,-6.554,4.241,-6.554,-0.047, 0.408,-0.359,0.176,0.353,0.000,-0.226, 0.010, 4.078,-0.810,-0.797, 1.571, 0.152, 0.367, 0.000;
1.380,3.824,-8.380,3.824,-8.380,-0.045, 0.413,-0.345,0.184,0.368,1.136,-0.236, 0.001, 4.084,-0.759,-0.851, 1.571, 0.110, 0.410, 0.000;
1.391,4.445,-6.342,4.445,-6.342,-0.042, 0.417,-0.350,0.199,0.397,-0.448,-0.246,-0.009, 4.106,-0.791,-0.823, 1.571, 0.149, 0.370, 0.000;
1.403,5.982,-7.204,5.982,-7.204,-0.040, 0.424,-0.364,0.198,0.593,-1.235,-0.255,-0.021, 4.138,-0.822,-0.875, 1.571, 0.189, 0.410, 0.000;
1.414,5.040,-8.824,5.040,-8.824,-0.038, 0.429,-0.364,0.192,0.385,0.000,-0.265,-0.031, 4.156,-0.773,-0.927, 1.571, 0.148, 0.451, 0.000;
1.425,3.373,-7.855,3.373,-7.855,-0.038, 0.433,-0.359,0.000,0.399,0.466,-0.272,-0.041, 4.169,-0.725,-0.898, 1.571, 0.109, 0.412, 0.000;
1.437,5.397,-8.416,5.397,-8.416,-0.036, 0.437,-0.345,0.200,0.400,1.232,-0.281,-0.051, 4.172,-0.756,-0.948, 1.571, 0.148, 0.451, 0.000;
1.448,6.751,-8.982,6.751,-8.982,-0.033, 0.444,-0.359,0.202,0.605,-1.245,-0.290,-0.063, 4.204,-0.786,-0.998, 1.571, 0.187, 0.490, 0.000;
1.459,4.764,-8.196,4.764,-8.196,-0.031, 0.449,-0.364,0.205,0.409,-0.478,-0.299,-0.073, 4.226,-0.739,-0.970, 1.571, 0.149, 0.452, 0.000;
1.470,5.566,-6.491,5.566,-6.491,-0.029, 0.453,-0.364,0.203,0.407,0.000,-0.307,-0.083, 4.243,-0.768,-0.941, 1.571, 0.187, 0.413, 0.000;
1.491,4.363,-9.838,4.363,-9.838,-0.027, 0.458,-0.350,0.105,0.210,0.657,-0.322,-0.099, 4.262,-0.676,-1.035, 1.571, 0.113, 0.487, 0.000;
1.502,2.477,-8.668,2.477,-8.668,-0.025, 0.464,-0.364,0.191,0.573,-1.193,-0.330,-0.112, 4.295,-0.625,-1.004, 1.571, 0.072, 0.446, 0.000;
1.514,3.322,-6.871,3.322,-6.871,-0.022, 0.469,-0.364,0.195,0.390,0.000,-0.339,-0.123, 4.313,-0.655,-0.973, 1.571, 0.112, 0.406, 0.000;
1.527,5.294,-7.786,5.294,-7.786,-0.020, 0.473,-0.364,0.166,0.332,0.000,-0.348,-0.135, 4.334,-0.690,-1.032, 1.571, 0.159, 0.453, 0.000;
1.540,3.038,-6.869,3.038,-6.869,-0.018, 0.478,-0.369,0.179,0.358,-0.429,-0.357,-0.147, 4.359,-0.635,-0.998, 1.571, 0.116, 0.409, 0.000;
1.551,1.525,-6.188,1.525,-6.188,-0.018, 0.482,-0.364,0.000,0.399,0.479,-0.363,-0.158, 4.371,-0.585,-0.968, 1.571, 0.076, 0.370, 0.000;
1.563,3.530,-6.873,3.530,-6.873,-0.016, 0.489,-0.364,0.191,0.573,0.000,-0.371,-0.172, 4.389,-0.616,-1.018, 1.571, 0.117, 0.411, 0.000;
1.574,3.945,-4.941,3.945,-4.941,-0.013, 0.493,-0.364,0.198,0.395,0.000,-0.379,-0.183, 4.407,-0.644,-0.988, 1.571, 0.157, 0.372, 0.000;
1.585,5.583,-5.726,5.583,-5.726,-0.011, 0.498,-0.364,0.198,0.395,0.000,-0.386,-0.195, 4.425,-0.673,-1.036, 1.571, 0.197, 0.411, 0.000;
1.597,3.521,-4.866,3.521,-4.866,-0.009, 0.502,-0.364,0.189,0.378,0.000,-0.394,-0.206, 4.443,-0.620,-1.003, 1.571, 0.155, 0.370, 0.000;
1.608,5.445,-5.522,5.445,-5.522,-0.007, 0.507,-0.364,0.198,0.397,0.000,-0.402,-0.218, 4.461,-0.648,-1.051, 1.571, 0.195, 0.409, 0.000;
1.619,3.515,-4.711,3.515,-4.711,-0.004, 0.511,-0.364,0.203,0.407,0.000,-0.409,-0.230, 4.478,-0.598,-1.020, 1.571, 0.156, 0.371, 0.000;
1.631,5.413,-5.517,5.413,-5.517,-0.002, 0.518,-0.383,0.189,0.568,-1.638,-0.416,-0.244, 4.516,-0.628,-1.070, 1.571, 0.198, 0.413, 0.000;
1.642,3.430,-4.627,3.430,-4.627, 0.000, 0.522,-0.383,0.197,0.395,0.000,-0.423,-0.256, 4.534,-0.576,-1.038, 1.571, 0.158, 0.373, 0.000;
1.654,5.443,-5.255,5.443,-5.255, 0.002, 0.527,-0.369,0.195,0.390,1.219,-0.430,-0.268, 4.538,-0.604,-1.085, 1.571, 0.198, 0.413, 0.000;
1.665,3.458,-4.410,3.458,-4.410, 0.004, 0.531,-0.369,0.197,0.393,0.000,-0.437,-0.280, 4.556,-0.553,-1.052, 1.571, 0.158, 0.373, 0.000;
1.686,6.957,-5.694,6.957,-5.694, 0.007, 0.536,-0.369,0.105,0.210,0.000,-0.447,-0.299, 4.589,-0.604,-1.140, 1.571, 0.233, 0.448, 0.000;
1.698,4.730,-4.655,4.730,-4.655, 0.007, 0.540,-0.364,0.000,0.385,0.461,-0.452,-0.312, 4.602,-0.550,-1.105, 1.571, 0.192, 0.406, 0.000;
1.712,4.040,-6.811,4.040,-6.811, 0.009, 0.547,-0.378,0.164,0.493,-1.015,-0.459,-0.328, 4.637,-0.487,-1.160, 1.571, 0.144, 0.454, 0.000;
1.715,4.257,-5.962,4.257,-5.962, 0.011, 0.551,-0.383,0.694,1.388,-1.716,-0.462,-0.335, 4.648,-0.495,-1.151, 1.571, 0.155, 0.443, 0.000;
1.726,5.889,-6.662,5.889,-6.662, 0.013, 0.556,-0.383,0.208,0.415,0.000,-0.468,-0.347, 4.665,-0.521,-1.194, 1.571, 0.193, 0.481, 0.000;
1.747,7.094,-3.066,7.094,-3.066, 0.016, 0.560,-0.369,0.102,0.205,0.639,-0.477,-0.367, 4.685,-0.573,-1.128, 1.571, 0.269, 0.404, 0.000;
1.760,4.914,-2.605,4.914,-2.605, 0.018, 0.565,-0.383,0.177,0.355,-1.108,-0.483,-0.381, 4.719,-0.514,-1.089, 1.571, 0.225, 0.359, 0.000;
1.772,3.320,-1.876,3.320,-1.876, 0.020, 0.569,-0.383,0.190,0.380,0.000,-0.488,-0.394, 4.737,-0.459,-1.053, 1.571, 0.183, 0.318, 0.000;
1.784,5.474,-2.666,5.474,-2.666, 0.022, 0.574,-0.383,0.176,0.352,0.000,-0.494,-0.408, 4.757,-0.489,-1.103, 1.571, 0.228, 0.363, 0.000;
1.797,3.409,-1.689,3.409,-1.689, 0.025, 0.578,-0.369,0.186,0.371,1.160,-0.499,-0.421, 4.762,-0.432,-1.066, 1.571, 0.186, 0.320, 0.000;
1.808,2.909,-3.505,2.909,-3.505, 0.025, 0.583,-0.369,0.000,0.381,0.000,-0.502,-0.434, 4.781,-0.377,-1.112, 1.571, 0.144, 0.362, 0.000;
1.820,3.688,-1.422,3.688,-1.422, 0.027, 0.587,-0.369,0.194,0.388,0.000,-0.507,-0.447, 4.799,-0.404,-1.075, 1.571, 0.185, 0.321, 0.000;
1.832,2.872,-3.438,2.872,-3.438, 0.029, 0.591,-0.369,0.183,0.365,0.000,-0.512,-0.461, 4.818,-0.347,-1.122, 1.571, 0.142, 0.364, 0.000;
1.843,4.636,-3.872,4.636,-3.872, 0.031, 0.598,-0.383,0.199,0.596,-1.242,-0.516,-0.476, 4.849,-0.373,-1.165, 1.571, 0.181, 0.404, 0.000;
1.855,2.647,-2.916,2.647,-2.916, 0.033, 0.600,-0.369,0.189,0.189,1.181,-0.521,-0.488, 4.854,-0.317,-1.127, 1.571, 0.140, 0.362, 0.000;
1.867,4.685,-3.765,4.685,-3.765, 0.036, 0.607,-0.389,0.183,0.548,-1.606,-0.525,-0.504, 4.893,-0.345,-1.174, 1.571, 0.183, 0.405, 0.000;
1.879,2.585,-2.805,2.585,-2.805, 0.038, 0.612,-0.389,0.183,0.365,0.000,-0.529,-0.517, 4.912,-0.288,-1.134, 1.571, 0.140, 0.362, 0.000;
1.893,4.906,-3.671,4.906,-3.671, 0.040, 0.616,-0.389,0.163,0.326,0.000,-0.533,-0.532, 4.933,-0.319,-1.185, 1.571, 0.188, 0.410, 0.000;
1.906,2.618,-2.636,2.618,-2.636, 0.042, 0.620,-0.389,0.167,0.335,0.000,-0.537,-0.547, 4.954,-0.256,-1.140, 1.571, 0.141, 0.363, 0.000;
1.918,4.624,-3.360,4.624,-3.360, 0.045, 0.625,-0.389,0.194,0.389,0.000,-0.540,-0.561, 4.972,-0.283,-1.182, 1.571, 0.182, 0.404, 0.000;
1.930,2.634,-2.465,2.634,-2.465, 0.047, 0.629,-0.389,0.191,0.383,0.000,-0.544,-0.574, 4.991,-0.227,-1.143, 1.571, 0.141, 0.363, 0.000;
1.934,2.572,-3.124,2.572,-3.124, 0.047, 0.634,-0.383,0.000,1.000,1.270,-0.544,-0.582, 4.992,-0.206,-1.160, 1.571, 0.125, 0.378, 0.000;
1.946,4.391,-3.768,4.391,-3.768, 0.049, 0.638,-0.389,0.192,0.383,-0.487,-0.547,-0.596, 5.016,-0.233,-1.202, 1.571, 0.166, 0.420, 0.000;
1.969,0.714,-2.199,0.714,-2.199, 0.051, 0.643,-0.389,0.098,0.196,0.000,-0.551,-0.618, 5.052,-0.125,-1.124, 1.571, 0.086, 0.340, 0.000;
1.972,0.556,-1.946,0.556,-1.946, 0.054, 0.647,-0.389,0.592,1.184,0.000,-0.553,-0.626, 5.058,-0.107,-1.111, 1.571, 0.073, 0.326, 0.000;
1.984,2.352,-2.659,2.352,-2.659, 0.056, 0.652,-0.389,0.198,0.396,0.000,-0.556,-0.639, 5.075,-0.133,-1.151, 1.571, 0.113, 0.366, 0.000;
1.995,2.871,-0.770,2.871,-0.770, 0.058, 0.656,-0.389,0.198,0.395,0.000,-0.558,-0.652, 5.093,-0.159,-1.112, 1.571, 0.152, 0.326, 0.000;
2.017,6.209,-2.322,6.209,-2.322, 0.060, 0.661,-0.389,0.101,0.201,0.000,-0.560,-0.674, 5.128,-0.209,-1.189, 1.571, 0.230, 0.404, 0.000;
2.023,4.880,-1.627,4.880,-1.627, 0.062, 0.665,-0.395,0.363,0.725,-0.948,-0.562,-0.683, 5.144,-0.180,-1.167, 1.571, 0.208, 0.382, 0.000;
2.034,3.369,-0.945,3.369,-0.945, 0.062, 0.670,-0.389,0.000,0.423,0.552,-0.562,-0.696, 5.154,-0.129,-1.130, 1.571, 0.171, 0.345, 0.000;
2.045,5.354,-1.678,5.354,-1.678, 0.065, 0.674,-0.389,0.194,0.387,0.000,-0.563,-0.710, 5.172,-0.156,-1.169, 1.571, 0.211, 0.386, 0.000;
2.058,3.274,-0.749,3.274,-0.749, 0.067, 0.679,-0.389,0.181,0.363,0.000,-0.565,-0.724, 5.192,-0.097,-1.125, 1.571, 0.168, 0.343, 0.000;
2.069,5.302,-1.496,5.302,-1.496, 0.069, 0.683,-0.389,0.191,0.382,0.000,-0.566,-0.737, 5.210,-0.124,-1.164, 1.571, 0.209, 0.384, 0.000;
2.080,3.431,-0.650,3.431,-0.650, 0.071, 0.687,-0.389,0.204,0.408,0.000,-0.567,-0.750, 5.227,-0.072,-1.124, 1.571, 0.171, 0.345, 0.000;
2.102,6.995,-2.112,6.995,-2.112, 0.074, 0.692,-0.395,0.102,0.204,-0.267,-0.567,-0.772, 5.268,-0.122,-1.197, 1.571, 0.248, 0.422, 0.000;
2.115,4.723,-1.000,4.723,-1.000, 0.076, 0.696,-0.395,0.179,0.359,0.000,-0.568,-0.786, 5.287,-0.063,-1.150, 1.571, 0.203, 0.378, 0.000;
2.126,3.168,-0.266,3.168,-0.266, 0.078, 0.701,-0.395,0.190,0.380,0.000,-0.568,-0.799, 5.306,-0.007,-1.106, 1.571, 0.162, 0.336, 0.000;
2.138,5.193,-1.034,5.193,-1.034, 0.080, 0.705,-0.395,0.191,0.381,0.000,-0.569,-0.813, 5.324,-0.034,-1.144, 1.571, 0.203, 0.377, 0.000;
2.150,3.180,-0.121,3.180,-0.121, 0.083, 0.710,-0.395,0.187,0.374,0.000,-0.569,-0.826, 5.343, 0.022,-1.099, 1.571, 0.161, 0.335, 0.000;
2.161,5.139,-0.859,5.139,-0.859, 0.085, 0.714,-0.395,0.198,0.397,0.000,-0.569,-0.839, 5.360,-0.004,-1.135, 1.571, 0.201, 0.375, 0.000;
2.172,3.241,0.012,3.241,0.012, 0.087, 0.716,-0.395,0.199,0.199,0.000,-0.569,-0.850, 5.378, 0.048,-1.092, 1.571, 0.162, 0.335, 0.000;
2.184,5.316,-0.797,5.316,-0.797, 0.089, 0.721,-0.395,0.185,0.370,0.000,-0.568,-0.864, 5.397, 0.020,-1.130, 1.571, 0.204, 0.378, 0.000;
2.196,3.326,0.118,3.326,0.118, 0.089, 0.725,-0.389,0.000,0.382,0.499,-0.566,-0.877, 5.409, 0.076,-1.085, 1.571, 0.163, 0.337, 0.000;
2.208,5.467,-0.703,5.467,-0.703, 0.094, 0.730,-0.395,0.363,0.363,-0.475,-0.567,-0.891, 5.435, 0.047,-1.124, 1.571, 0.206, 0.380, 0.000;
2.221,3.385,0.237,3.385,0.237, 0.094, 0.734,-0.389,0.000,0.367,0.479,-0.564,-0.904, 5.448, 0.104,-1.076, 1.571, 0.163, 0.337, 0.000;
2.232,4.371,1.924,4.371,1.924, 0.098, 0.737,-0.395,0.398,0.199,-0.520,-0.565,-0.915, 5.471, 0.077,-1.032, 1.571, 0.203, 0.298, 0.000;
2.244,6.099,1.005,6.099,1.005, 0.100, 0.741,-0.395,0.190,0.380,0.000,-0.564,-0.928, 5.490, 0.049,-1.068, 1.571, 0.244, 0.339, 0.000;
2.254,5.220,-0.520,5.220,-0.520, 0.103, 0.745,-0.395,0.204,0.408,0.000,-0.563,-0.940, 5.507, 0.100,-1.101, 1.571, 0.205, 0.377, 0.000;
2.265,6.022,1.417,6.022,1.417, 0.105, 0.748,-0.395,0.203,0.203,0.000,-0.562,-0.950, 5.524, 0.074,-1.057, 1.571, 0.244, 0.339, 0.000;
2.277,5.266,-0.437,5.266,-0.437, 0.107, 0.752,-0.395,0.202,0.403,0.000,-0.561,-0.963, 5.542, 0.126,-1.090, 1.571, 0.205, 0.377, 0.000;
2.298,6.719,3.012,6.719,3.012, 0.109, 0.757,-0.395,0.106,0.212,0.000,-0.556,-0.982, 5.575, 0.075,-1.005, 1.571, 0.279, 0.304, 0.000;
2.309,4.834,3.549,4.834,3.549, 0.112, 0.759,-0.381,0.197,0.197,1.262,-0.554,-0.992, 5.578, 0.128,-0.958, 1.571, 0.239, 0.263, 0.000;
2.321,4.378,1.650,4.378,1.650, 0.114, 0.763,-0.395,0.192,0.384,-1.228,-0.552,-1.005, 5.611, 0.181,-0.992, 1.571, 0.198, 0.304, 0.000;
2.332,6.225,1.186,6.225,1.186, 0.116, 0.768,-0.395,0.198,0.395,0.000,-0.550,-1.017, 5.628, 0.154,-1.025, 1.571, 0.237, 0.344, 0.000;
2.343,4.317,2.048,4.317,2.048, 0.118, 0.770,-0.395,0.197,0.197,0.000,-0.547,-1.027, 5.646, 0.206,-0.978, 1.571, 0.198, 0.304, 0.000;
2.354,6.281,1.275,6.281,1.275, 0.121, 0.775,-0.395,0.198,0.396,0.000,-0.545,-1.039, 5.664, 0.178,-1.010, 1.571, 0.237, 0.343, 0.000;
2.366,6.871,3.146,6.871,3.146, 0.125, 0.777,-0.401,0.385,0.193,-0.518,-0.545,-1.049, 5.688, 0.149,-0.961, 1.571, 0.278, 0.302, 0.000;
2.377,5.037,3.766,5.037,3.766, 0.127, 0.779,-0.386,0.199,0.199,1.289,-0.542,-1.058, 5.691, 0.200,-0.914, 1.571, 0.238, 0.263, 0.000;
2.389,4.597,1.897,4.597,1.897, 0.129, 0.783,-0.401,0.196,0.393,-1.272,-0.539,-1.070, 5.724, 0.252,-0.947, 1.571, 0.199, 0.303, 0.000;
2.400,5.398,3.982,5.398,3.982, 0.132, 0.786,-0.386,0.194,0.194,1.256,-0.536,-1.080, 5.727, 0.223,-0.898, 1.571, 0.239, 0.262, 0.000;
2.412,4.663,1.954,4.663,1.954, 0.134, 0.790,-0.401,0.193,0.386,-1.249,-0.533,-1.091, 5.760, 0.275,-0.930, 1.571, 0.198, 0.303, 0.000;
2.423,5.514,4.027,5.514,4.027, 0.136, 0.792,-0.395,0.191,0.191,0.513,-0.530,-1.101, 5.772, 0.245,-0.880, 1.571, 0.239, 0.262, 0.000;
2.435,4.716,2.027,4.716,2.027, 0.138, 0.797,-0.395,0.189,0.377,0.000,-0.526,-1.113, 5.791, 0.298,-0.913, 1.571, 0.198, 0.304, 0.000;
2.457,6.209,5.584,6.209,5.584, 0.141, 0.799,-0.395,0.103,0.103,0.000,-0.517,-1.128, 5.825, 0.243,-0.819, 1.571, 0.274, 0.227, 0.000;
2.460,5.695,5.456,5.695,5.456, 0.145, 0.801,-0.401,1.373,0.687,-1.847,-0.520,-1.132, 5.836, 0.257,-0.805, 1.571, 0.262, 0.216, 0.000;
2.481,8.960,4.017,8.960,4.017, 0.147, 0.804,-0.401,0.105,0.105,0.000,-0.511,-1.147, 5.869, 0.202,-0.862, 1.571, 0.337, 0.290, 0.000;
2.493,6.869,5.087,6.869,5.087, 0.152, 0.804,-0.386,0.396,0.000,1.283,-0.509,-1.153, 5.873, 0.252,-0.812, 1.571, 0.297, 0.250, 0.000;
2.504,5.212,5.845,5.212,5.845, 0.154, 0.804,-0.366,0.195,0.000,1.770,-0.505,-1.159, 5.870, 0.302,-0.761, 1.571, 0.257, 0.209, 0.000;
2.517,3.425,6.577,3.425,6.577, 0.156, 0.804,-0.351,0.178,0.000,1.167,-0.500,-1.166, 5.875, 0.357,-0.705, 1.571, 0.213, 0.164, 0.000;
2.529,4.269,8.441,4.269,8.441, 0.161, 0.804,-0.337,0.373,0.000,1.234,-0.498,-1.173, 5.879, 0.325,-0.652, 1.571, 0.255, 0.122, 0.000;
2.541,3.663,6.283,3.663,6.283, 0.163, 0.806,-0.351,0.186,0.186,-1.230,-0.493,-1.181, 5.913, 0.377,-0.683, 1.571, 0.213, 0.164, 0.000;
2.552,4.345,8.443,4.345,8.443, 0.167, 0.806,-0.337,0.377,0.000,1.246,-0.491,-1.187, 5.917, 0.345,-0.630, 1.571, 0.255, 0.122, 0.000;
2.566,2.059,8.997,2.059,8.997, 0.170, 0.806,-0.332,0.159,0.000,0.366,-0.484,-1.194, 5.934, 0.405,-0.567, 1.571, 0.205, 0.073, 0.000;
2.569,2.405,9.412,2.405,9.412, 0.174, 0.806,-0.317,1.606,0.000,5.299,-0.487,-1.196, 5.923, 0.397,-0.555, 1.571, 0.215, 0.063, 0.000;
2.591,3.488,12.704,3.488,12.704, 0.176, 0.806,-0.317,0.104,0.000,0.000,-0.476,-1.206, 5.957, 0.337,-0.459, 1.571, 0.292,-0.012, 0.000;
2.603,2.822,10.388,2.822,10.388, 0.181, 0.806,-0.317,0.362,0.000,0.000,-0.473,-1.212, 5.977, 0.390,-0.490, 1.571, 0.248, 0.031, 0.000;
2.615,3.373,12.547,3.373,12.547, 0.185, 0.806,-0.302,0.373,0.000,1.242,-0.469,-1.217, 5.981, 0.356,-0.435, 1.571, 0.290,-0.011, 0.000;
2.628,5.413,11.660,5.413,11.660, 0.190, 0.806,-0.307,0.350,0.000,-0.371,-0.466,-1.223, 6.005, 0.320,-0.467, 1.571, 0.335, 0.034, 0.000;
2.639,3.432,12.286,3.432,12.286, 0.192, 0.806,-0.302,0.205,0.000,0.433,-0.461,-1.227, 6.018, 0.366,-0.418, 1.571, 0.296,-0.005, 0.000;
2.651,4.048,14.155,4.048,14.155, 0.196, 0.804,-0.287,0.378,-0.189,1.273,-0.457,-1.230, 6.021, 0.332,-0.364, 1.571, 0.338,-0.046, 0.000;
2.662,5.928,13.344,5.928,13.344, 0.201, 0.804,-0.287,0.373,0.000,0.000,-0.454,-1.235, 6.040, 0.298,-0.393, 1.571, 0.380,-0.004, 0.000;
2.675,3.897,13.942,3.897,13.942, 0.205, 0.804,-0.291,0.371,0.000,-0.375,-0.450,-1.240, 6.063, 0.348,-0.338, 1.571, 0.337,-0.046, 0.000;
2.687,6.106,13.272,6.106,13.272, 0.210, 0.804,-0.291,0.364,0.000,0.000,-0.446,-1.244, 6.083, 0.312,-0.368, 1.571, 0.380,-0.003, 0.000;
2.701,3.597,14.000,3.597,14.000, 0.212, 0.804,-0.287,0.158,0.000,0.320,-0.438,-1.249, 6.100, 0.370,-0.303, 1.571, 0.330,-0.053, 0.000;
2.711,5.579,13.431,5.579,13.431, 0.217, 0.804,-0.287,0.430,0.000,0.000,-0.436,-1.253, 6.117, 0.339,-0.328, 1.571, 0.367,-0.016, 0.000;
2.723,5.739,15.471,5.739,15.471, 0.221, 0.801,-0.272,0.372,-0.186,1.263,-0.432,-1.255, 6.120, 0.304,-0.272, 1.571, 0.409,-0.059, 0.000;
2.735,5.408,13.276,5.408,13.276, 0.225, 0.801,-0.287,0.384,0.000,-1.304,-0.428,-1.259, 6.154, 0.350,-0.300, 1.571, 0.368,-0.018, 0.000;
2.747,6.073,15.381,6.073,15.381, 0.230, 0.801,-0.287,0.371,0.000,0.000,-0.423,-1.262, 6.173, 0.314,-0.244, 1.571, 0.410,-0.060, 0.000;
2.759,6.416,17.089,6.416,17.089, 0.237, 0.799,-0.276,0.568,-0.189,0.919,-0.422,-1.264, 6.180, 0.278,-0.189, 1.571, 0.452,-0.102, 0.000;
2.771,5.819,14.824,5.819,14.824, 0.241, 0.799,-0.276,0.358,0.000,0.000,-0.417,-1.267, 6.200, 0.327,-0.218, 1.571, 0.408,-0.058, 0.000;
2.784,5.569,12.982,5.569,12.982, 0.246, 0.799,-0.291,0.362,0.000,-1.246,-0.412,-1.270, 6.235, 0.376,-0.247, 1.571, 0.365,-0.015, 0.000;
2.797,6.063,15.392,6.063,15.392, 0.250, 0.797,-0.276,0.336,-0.168,1.157,-0.407,-1.272, 6.240, 0.335,-0.185, 1.571, 0.411,-0.061, 0.000;
2.809,5.455,13.228,5.455,13.228, 0.254, 0.797,-0.272,0.376,0.000,0.362,-0.402,-1.274, 6.254, 0.381,-0.213, 1.571, 0.369,-0.020, 0.000;
2.821,6.400,15.221,6.400,15.221, 0.261, 0.797,-0.291,0.557,0.000,-1.636,-0.400,-1.277, 6.293, 0.342,-0.157, 1.571, 0.412,-0.062, 0.000;
2.833,4.201,15.604,4.201,15.604, 0.266, 0.795,-0.276,0.371,-0.185,1.276,-0.395,-1.277, 6.297, 0.389,-0.100, 1.571, 0.370,-0.104, 0.000;
2.845,6.623,14.852,6.623,14.852, 0.270, 0.795,-0.287,0.358,0.000,-0.869,-0.390,-1.280, 6.327, 0.349,-0.129, 1.571, 0.414,-0.060, 0.000;
2.857,4.305,15.517,4.305,15.517, 0.275, 0.792,-0.272,0.376,-0.188,1.277,-0.386,-1.280, 6.330, 0.394,-0.073, 1.571, 0.372,-0.102, 0.000;
2.869,6.834,14.730,6.834,14.730, 0.281, 0.792,-0.291,0.545,0.000,-1.602,-0.383,-1.282, 6.369, 0.354,-0.101, 1.571, 0.415,-0.059, 0.000;
2.882,4.430,15.417,4.430,15.417, 0.286, 0.790,-0.276,0.362,-0.181,1.247,-0.378,-1.282, 6.373, 0.400,-0.043, 1.571, 0.372,-0.102, 0.000;
2.894,6.920,14.635,6.920,14.635, 0.292, 0.790,-0.291,0.540,0.000,-1.239,-0.375,-1.283, 6.408, 0.359,-0.072, 1.571, 0.416,-0.059, 0.000;
2.906,4.841,15.224,4.841,15.224, 0.297, 0.788,-0.291,0.380,-0.190,0.000,-0.371,-1.282, 6.427, 0.402,-0.016, 1.571, 0.375,-0.100, 0.000;
2.918,5.404,17.089,5.404,17.089, 0.301, 0.786,-0.276,0.374,-0.187,1.286,-0.366,-1.281, 6.430, 0.362, 0.041, 1.571, 0.417,-0.142, 0.000;
2.930,7.524,16.161,7.524,16.161, 0.308, 0.786,-0.291,0.567,0.000,-1.301,-0.363,-1.283, 6.464, 0.323, 0.014, 1.571, 0.458,-0.100, 0.000;
2.941,5.428,16.745,5.428,16.745, 0.312, 0.783,-0.291,0.375,-0.188,0.000,-0.358,-1.281, 6.483, 0.366, 0.070, 1.571, 0.416,-0.142, 0.000;
2.953,6.025,18.454,6.025,18.454, 0.319, 0.781,-0.281,0.604,-0.201,0.985,-0.356,-1.280, 6.489, 0.328, 0.122, 1.571, 0.455,-0.181, 0.000;
2.963,5.670,16.382,5.670,16.382, 0.324, 0.781,-0.291,0.410,0.000,-1.003,-0.352,-1.280, 6.517, 0.367, 0.097, 1.571, 0.417,-0.143, 0.000;
2.975,6.295,18.350,6.295,18.350, 0.328, 0.779,-0.291,0.392,-0.196,0.000,-0.348,-1.279, 6.535, 0.328, 0.151, 1.571, 0.457,-0.183, 0.000;
2.987,7.949,17.610,7.949,17.610, 0.335, 0.777,-0.281,0.568,-0.189,0.927,-0.345,-1.277, 6.543, 0.287, 0.125, 1.571, 0.499,-0.141, 0.000;
2.998,5.796,18.167,5.796,18.167, 0.339, 0.775,-0.276,0.380,-0.190,0.378,-0.341,-1.275, 6.557, 0.328, 0.180, 1.571, 0.457,-0.182, 0.000;
3.010,5.781,16.102,5.781,16.102, 0.344, 0.775,-0.291,0.386,0.000,-1.328,-0.336,-1.274, 6.590, 0.369, 0.154, 1.571, 0.417,-0.142, 0.000;
3.022,6.551,18.202,6.551,18.202, 0.350, 0.772,-0.296,0.543,-0.181,-0.378,-0.333,-1.272, 6.614, 0.325, 0.212, 1.571, 0.460,-0.185, 0.000;
3.034,5.838,16.002,5.838,16.002, 0.355, 0.770,-0.291,0.368,-0.184,0.384,-0.328,-1.269, 6.629, 0.367, 0.185, 1.571, 0.417,-0.142, 0.000;
3.056,9.503,15.055,9.503,15.055, 0.362, 0.770,-0.296,0.304,0.000,-0.211,-0.317,-1.268, 6.668, 0.287, 0.134, 1.571, 0.495,-0.065, 0.000;
3.060,8.567,15.291,8.567,15.291, 0.366, 0.768,-0.296,1.144,-0.572,0.000,-0.319,-1.266, 6.674, 0.301, 0.153, 1.571, 0.481,-0.079, 0.000;
3.071,6.939,15.740,6.939,15.740, 0.373, 0.766,-0.296,0.635,-0.212,0.000,-0.317,-1.262, 6.691, 0.337, 0.203, 1.571, 0.444,-0.116, 0.000;
3.093,8.180,19.123,8.180,19.123, 0.377, 0.763,-0.296,0.201,-0.101,0.000,-0.304,-1.258, 6.725, 0.255, 0.308, 1.571, 0.522,-0.194, 0.000;
3.105,7.839,16.610,7.839,16.610, 0.382, 0.763,-0.312,0.382,0.000,-1.322,-0.300,-1.257, 6.759, 0.295, 0.281, 1.571, 0.480,-0.152, 0.000;
3.117,7.093,14.998,7.093,14.998, 0.388, 0.761,-0.296,0.562,-0.187,1.295,-0.297,-1.253, 6.763, 0.334, 0.253, 1.571, 0.438,-0.110, 0.000;
3.129,5.203,15.743,5.203,15.743, 0.393, 0.759,-0.296,0.360,-0.180,0.000,-0.292,-1.249, 6.782, 0.375, 0.312, 1.571, 0.395,-0.154, 0.000;
3.141,7.444,14.988,7.444,14.988, 0.400, 0.757,-0.301,0.559,-0.186,-0.401,-0.290,-1.244, 6.806, 0.329, 0.285, 1.571, 0.437,-0.112, 0.000;
3.153,6.804,13.056,6.804,13.056, 0.404, 0.757,-0.312,0.384,0.000,-0.914,-0.285,-1.242, 6.835, 0.367, 0.258, 1.571, 0.396,-0.071, 0.000;
3.166,7.634,15.243,7.634,15.243, 0.411, 0.754,-0.317,0.513,-0.171,-0.385,-0.282,-1.238, 6.860, 0.317, 0.319, 1.571, 0.442,-0.117, 0.000;
3.176,5.907,15.458,5.907,15.458, 0.415, 0.752,-0.317,0.423,-0.211,0.000,-0.278,-1.233, 6.877, 0.351, 0.369, 1.571, 0.405,-0.154, 0.000;
3.188,6.348,17.233,6.348,17.233, 0.420, 0.750,-0.296,0.396,-0.198,1.813,-0.274,-1.228, 6.874, 0.307, 0.422, 1.571, 0.444,-0.194, 0.000;
3.199,8.267,16.340,8.267,16.340, 0.426, 0.748,-0.301,0.565,-0.188,-0.405,-0.272,-1.223, 6.897, 0.261, 0.394, 1.571, 0.486,-0.152, 0.000;
3.212,7.630,14.122,7.630,14.122, 0.431, 0.748,-0.317,0.341,0.000,-1.197,-0.267,-1.220, 6.934, 0.302, 0.363, 1.571, 0.440,-0.106, 0.000;
3.225,8.477,16.280,8.477,16.280, 0.437, 0.745,-0.322,0.521,-0.174,-0.403,-0.264,-1.214, 6.959, 0.251, 0.424, 1.571, 0.485,-0.151, 0.000;
3.237,7.693,14.090,7.693,14.090, 0.442, 0.743,-0.317,0.370,-0.185,0.429,-0.260,-1.209, 6.973, 0.289, 0.395, 1.571, 0.443,-0.109, 0.000;
3.250,5.787,14.885,5.787,14.885, 0.446, 0.741,-0.317,0.353,-0.176,0.000,-0.255,-1.203, 6.993, 0.327, 0.454, 1.571, 0.398,-0.154, 0.000;
3.262,7.992,14.092,7.992,14.092, 0.453, 0.739,-0.317,0.543,-0.181,0.000,-0.253,-1.197, 7.012, 0.278, 0.425, 1.571, 0.442,-0.110, 0.000;
3.276,7.268,11.875,7.268,11.875, 0.458, 0.739,-0.332,0.338,0.000,-1.174,-0.248,-1.193, 7.048, 0.318, 0.393, 1.571, 0.395,-0.064, 0.000;
3.280,6.534,12.375,6.534,12.375, 0.462, 0.737,-0.317,1.058,-0.529,3.672,-0.249,-1.189, 7.039, 0.330, 0.413, 1.571, 0.381,-0.079, 0.000;
3.291,7.237,14.010,7.237,14.010, 0.469, 0.734,-0.322,0.612,-0.204,-0.473,-0.248,-1.183, 7.062, 0.285, 0.464, 1.571, 0.420,-0.118, 0.000;
3.313,8.195,17.209,8.195,17.209, 0.473, 0.732,-0.317,0.204,-0.102,0.237,-0.237,-1.173, 7.091, 0.196, 0.565, 1.571, 0.497,-0.194, 0.000;
3.325,7.570,14.717,7.570,14.717, 0.480, 0.730,-0.322,0.557,-0.186,-0.431,-0.236,-1.166, 7.115, 0.232, 0.535, 1.571, 0.454,-0.152, 0.000;
3.337,7.201,12.811,7.201,12.811, 0.484, 0.730,-0.337,0.367,0.000,-1.293,-0.232,-1.162, 7.150, 0.267, 0.505, 1.571, 0.411,-0.109, 0.000;
3.341,6.581,13.212,6.581,13.212, 0.489, 0.728,-0.337,0.968,-0.484,0.000,-0.233,-1.157, 7.157, 0.281, 0.526, 1.571, 0.395,-0.125, 0.000;
3.352,7.016,14.962,7.016,14.962, 0.496, 0.725,-0.322,0.616,-0.205,1.445,-0.233,-1.151, 7.158, 0.235, 0.576, 1.571, 0.433,-0.163, 0.000;
3.373,8.027,18.011,8.027,18.011, 0.500, 0.723,-0.322,0.211,-0.105,0.000,-0.223,-1.140, 7.192, 0.146, 0.673, 1.571, 0.508,-0.238, 0.000;
3.385,7.353,15.707,7.353,15.707, 0.507, 0.721,-0.322,0.600,-0.200,0.000,-0.223,-1.132, 7.209, 0.178, 0.644, 1.571, 0.468,-0.198, 0.000;
3.396,7.004,13.835,7.004,13.835, 0.511, 0.721,-0.337,0.377,0.000,-1.326,-0.220,-1.127, 7.243, 0.212, 0.614, 1.571, 0.426,-0.156, 0.000;
3.408,5.234,14.622,5.234,14.622, 0.516, 0.719,-0.337,0.379,-0.190,0.000,-0.217,-1.119, 7.262, 0.244, 0.667, 1.571, 0.385,-0.198, 0.000;
3.419,7.285,13.809,7.285,13.809, 0.522, 0.716,-0.343,0.599,-0.200,-0.498,-0.216,-1.112, 7.285, 0.197, 0.639, 1.571, 0.424,-0.158, 0.000;
3.431,5.222,14.448,5.222,14.448, 0.527, 0.714,-0.337,0.396,-0.198,0.493,-0.214,-1.104, 7.297, 0.227, 0.690, 1.571, 0.385,-0.198, 0.000;
3.442,6.962,13.784,6.962,13.784, 0.531, 0.712,-0.322,0.398,-0.199,1.402,-0.211,-1.096, 7.299, 0.179, 0.661, 1.571, 0.424,-0.159, 0.000;
3.453,8.761,13.006,8.761,13.006, 0.538, 0.712,-0.343,0.613,0.000,-1.948,-0.212,-1.091, 7.337, 0.132, 0.633, 1.571, 0.463,-0.120, 0.000;
3.465,6.592,13.694,6.592,13.694, 0.542, 0.710,-0.343,0.360,-0.180,0.000,-0.209,-1.082, 7.357, 0.166, 0.688, 1.571, 0.419,-0.164, 0.000;
3.476,6.140,11.840,6.140,11.840, 0.547, 0.708,-0.337,0.407,-0.204,0.508,-0.207,-1.074, 7.369, 0.195, 0.660, 1.571, 0.381,-0.126, 0.000;
3.487,6.890,13.636,6.890,13.636, 0.554, 0.705,-0.343,0.611,-0.204,-0.508,-0.207,-1.066, 7.391, 0.147, 0.708, 1.571, 0.420,-0.164, 0.000;
3.499,7.199,15.274,7.199,15.274, 0.558, 0.703,-0.327,0.383,-0.192,1.368,-0.205,-1.057, 7.394, 0.096, 0.759, 1.571, 0.460,-0.205, 0.000;
3.520,10.661,13.667,10.661,13.667, 0.565, 0.703,-0.343,0.316,0.000,-0.751,-0.200,-1.045, 7.443, 0.003, 0.702, 1.571, 0.535,-0.130, 0.000;
3.532,8.427,14.292,8.427,14.292, 0.569, 0.701,-0.343,0.384,-0.192,0.000,-0.199,-1.036, 7.461, 0.034, 0.753, 1.571, 0.493,-0.171, 0.000;
3.543,7.956,12.289,7.956,12.289, 0.574, 0.699,-0.343,0.381,-0.190,0.000,-0.197,-1.027, 7.480, 0.065, 0.721, 1.571, 0.451,-0.129, 0.000;
3.555,6.256,13.036,6.256,13.036, 0.578, 0.696,-0.343,0.396,-0.198,0.000,-0.196,-1.018, 7.497, 0.094, 0.770, 1.571, 0.412,-0.169, 0.000;
3.566,8.027,12.377,8.027,12.377, 0.585, 0.694,-0.327,0.591,-0.197,1.406,-0.197,-1.009, 7.499, 0.043, 0.739, 1.571, 0.452,-0.129, 0.000;
3.578,7.333,10.386,7.333,10.386, 0.589, 0.694,-0.343,0.381,0.000,-1.358,-0.195,-1.002, 7.534, 0.073, 0.707, 1.571, 0.410,-0.088, 0.000;
3.590,8.059,12.429,8.059,12.429, 0.594, 0.692,-0.343,0.366,-0.183,0.000,-0.194,-0.992, 7.553, 0.019, 0.759, 1.571, 0.453,-0.131, 0.000;
3.602,8.702,13.889,8.702,13.889, 0.600, 0.690,-0.349,0.572,-0.191,-0.491,-0.195,-0.983, 7.577,-0.034, 0.809, 1.571, 0.494,-0.172, 0.000;
3.613,7.926,11.768,7.926,11.768, 0.605, 0.687,-0.349,0.385,-0.192,0.000,-0.194,-0.973, 7.595,-0.005, 0.776, 1.571, 0.453,-0.131, 0.000;
3.626,7.438,9.827,7.438,9.827, 0.609, 0.687,-0.365,0.360,0.000,-1.286,-0.193,-0.965, 7.630, 0.026, 0.741, 1.571, 0.410,-0.088, 0.000;
3.637,7.975,11.837,7.975,11.837, 0.616, 0.685,-0.349,0.599,-0.200,1.428,-0.195,-0.955, 7.632,-0.025, 0.788, 1.571, 0.449,-0.127, 0.000;
3.648,6.057,12.193,6.057,12.193, 0.620, 0.683,-0.349,0.386,-0.193,0.000,-0.195,-0.945, 7.650, 0.004, 0.836, 1.571, 0.409,-0.168, 0.000;
3.660,8.064,11.362,8.064,11.362, 0.625, 0.681,-0.349,0.381,-0.191,0.000,-0.195,-0.935, 7.669,-0.050, 0.803, 1.571, 0.450,-0.127, 0.000;
3.671,8.544,13.042,8.544,13.042, 0.632, 0.679,-0.355,0.598,-0.199,-0.530,-0.197,-0.925, 7.692,-0.101, 0.849, 1.571, 0.489,-0.166, 0.000;
3.683,6.615,13.410,6.615,13.410, 0.636, 0.676,-0.355,0.384,-0.192,0.000,-0.197,-0.915, 7.710,-0.073, 0.897, 1.571, 0.448,-0.207, 0.000;
3.694,6.255,11.383,6.255,11.383, 0.641, 0.676,-0.365,0.389,0.000,-0.873,-0.197,-0.907, 7.739,-0.045, 0.863, 1.571, 0.408,-0.166, 0.000;
3.716,7.563,14.912,7.563,14.912, 0.645, 0.674,-0.365,0.204,-0.102,0.000,-0.194,-0.890, 7.773,-0.146, 0.951, 1.571, 0.484,-0.243, 0.000;
3.723,6.887,13.406,6.887,13.406, 0.652, 0.672,-0.355,1.040,-0.347,1.558,-0.198,-0.883, 7.773,-0.130, 0.932, 1.571, 0.461,-0.220, 0.000;
3.733,8.571,12.833,8.571,12.833, 0.656, 0.670,-0.355,0.410,-0.205,0.000,-0.199,-0.873, 7.790,-0.180, 0.899, 1.571, 0.500,-0.182, 0.000;
3.745,6.568,13.474,6.568,13.474, 0.661, 0.667,-0.355,0.392,-0.196,0.000,-0.200,-0.862, 7.808,-0.153, 0.945, 1.571, 0.460,-0.221, 0.000;
3.757,6.218,11.282,6.218,11.282, 0.665, 0.667,-0.371,0.362,0.000,-1.314,-0.201,-0.853, 7.843,-0.124, 0.907, 1.571, 0.416,-0.178, 0.000;
3.768,8.003,10.753,8.003,10.753, 0.672, 0.665,-0.371,0.596,-0.199,0.000,-0.205,-0.843, 7.861,-0.177, 0.872, 1.571, 0.456,-0.138, 0.000;
3.780,5.711,11.550,5.711,11.550, 0.676, 0.663,-0.355,0.373,-0.187,1.354,-0.206,-0.832, 7.864,-0.149, 0.920, 1.571, 0.414,-0.180, 0.000;
3.802,4.632,8.048,4.632,8.048, 0.681, 0.661,-0.355,0.207,-0.103,0.000,-0.205,-0.814, 7.898,-0.098, 0.853, 1.571, 0.339,-0.105, 0.000;
3.814,4.022,6.376,4.022,6.376, 0.685, 0.658,-0.355,0.367,-0.183,0.000,-0.206,-0.802, 7.917,-0.069, 0.814, 1.571, 0.295,-0.062, 0.000;
3.826,6.024,5.699,6.024,5.699, 0.692, 0.658,-0.377,0.573,0.000,-1.928,-0.211,-0.794, 7.958,-0.125, 0.777, 1.571, 0.337,-0.021, 0.000;
