0.000,0.000,0.000,0.000,0.000, 0.000, 0.000, 0.000,0.000,0.000,0.000, 0.000, 0.000, 0.000, 0.000, 0.000, 0.000, 0.000, 0.000, 0.000;
0.011,-7.264,8.809,6.825,-5.280, 0.212, 0.190,-2.214,0.000,0.000,0.000, 0.288,-0.181, 3.803,-0.094, 0.711, 2.555, 0.079, 0.075,-0.984;
0.023,-13.689,12.048,12.147,-13.789, 0.212, 0.190,-2.226,0.000,0.000,-1.054, 0.288,-0.172, 3.833,-0.181, 0.641, 3.375, 0.153, 0.144,-1.804;
0.035,-18.264,17.156,17.068,-18.176, 0.212, 0.190,-2.214,0.000,0.000,1.052, 0.287,-0.163, 3.839,-0.263, 0.576, 4.038, 0.221, 0.209,-2.467;
0.046,-22.093,21.479,21.184,-21.798, 0.212, 0.190,-2.226,0.000,0.000,-1.037, 0.287,-0.153, 3.870,-0.341, 0.515, 4.592, 0.284, 0.269,-3.022;
0.057,-24.974,24.821,24.334,-24.488, 0.212, 0.190,-2.226,0.000,0.000,0.000, 0.286,-0.145, 3.887,-0.409, 0.462, 5.014, 0.338, 0.321,-3.443;
0.068,-27.375,27.622,26.965,-26.718, 0.212, 0.190,-2.226,0.000,0.000,0.000, 0.285,-0.136, 3.905,-0.474, 0.411, 5.365, 0.390, 0.370,-3.794;
0.083,-29.992,30.629,29.813,-29.177, 0.212, 0.190,-2.226,0.000,0.000,0.000, 0.284,-0.125, 3.928,-0.556, 0.348, 5.746, 0.453, 0.431,-4.176;
0.091,-31.020,32.097,31.033,-29.956, 0.212, 0.190,-2.214,0.000,0.000,1.504, 0.283,-0.118, 3.929,-0.597, 0.315, 5.903, 0.485, 0.462,-4.333;
0.102,-32.286,33.624,32.466,-31.127, 0.212, 0.190,-2.226,0.000,0.000,-1.102, 0.282,-0.110, 3.958,-0.653, 0.272, 6.092, 0.527, 0.503,-4.521;
0.124,-34.253,35.919,34.615,-32.949, 0.212, 0.190,-2.214,0.000,0.000,0.574, 0.279,-0.093, 3.979,-0.755, 0.193, 6.379, 0.603, 0.578,-4.808;
0.135,-34.838,37.079,35.473,-33.233, 0.212, 0.190,-2.226,0.000,0.000,-1.086, 0.277,-0.085, 4.009,-0.727, 0.231, 6.480, 0.562, 0.536,-4.909;
0.147,-35.621,37.547,35.874,-33.948, 0.212, 0.190,-2.226,0.000,0.000,0.000, 0.275,-0.076, 4.027,-0.698, 0.271, 6.563, 0.519, 0.493,-4.992;
0.159,-36.294,37.896,36.152,-34.551, 0.212, 0.190,-2.226,0.000,0.000,0.000, 0.273,-0.066, 4.046,-0.668, 0.312, 6.629, 0.474, 0.449,-5.058;
0.170,-36.848,38.114,36.296,-35.030, 0.212, 0.190,-2.226,0.000,0.000,0.000, 0.270,-0.058, 4.065,-0.639, 0.351, 6.678, 0.431, 0.406,-5.107;
0.182,-36.735,37.678,35.786,-34.843, 0.212, 0.190,-2.226,0.000,0.000,0.000, 0.268,-0.049, 4.082,-0.611, 0.389, 6.634, 0.390, 0.365,-5.063;
0.193,-36.547,37.187,35.227,-34.587, 0.212, 0.190,-2.226,0.000,0.000,0.000, 0.265,-0.041, 4.100,-0.583, 0.426, 6.582, 0.349, 0.324,-5.011;
0.204,-36.316,36.700,34.679,-34.295, 0.214, 0.190,-2.250,0.200,0.000,-2.125, 0.260,-0.032, 4.141,-0.556, 0.462, 6.528, 0.309, 0.284,-4.957;
0.215,-36.063,36.194,34.073,-33.942, 0.214, 0.190,-2.260,0.000,0.000,-0.845, 0.257,-0.024, 4.169,-0.529, 0.498, 6.468, 0.269, 0.243,-4.897;
0.226,-35.787,35.648,33.445,-33.584, 0.214, 0.190,-2.269,0.000,0.000,-0.885, 0.254,-0.016, 4.196,-0.503, 0.532, 6.405, 0.229, 0.204,-4.834;
0.237,-35.477,35.084,32.797,-33.190, 0.217, 0.190,-2.281,0.202,0.000,-1.050, 0.249,-0.008, 4.225,-0.476, 0.567, 6.338, 0.190, 0.165,-4.767;
0.248,-35.149,34.551,32.143,-32.741, 0.217, 0.190,-2.302,0.000,0.000,-1.923, 0.246, 0.001, 4.264,-0.450, 0.601, 6.269, 0.151, 0.125,-4.698;
0.270,-34.299,33.443,30.981,-31.837, 0.217, 0.190,-2.302,0.000,0.000,0.000, 0.239, 0.016, 4.297,-0.399, 0.665, 6.129, 0.076, 0.051,-4.558;
0.283,-33.999,32.701,29.999,-31.297, 0.219, 0.190,-2.335,0.170,0.000,-2.476, 0.233, 0.025, 4.350,-0.460, 0.704, 6.039, 0.123, 0.005,-4.468;
0.295,-33.609,32.406,29.185,-30.388, 0.219, 0.190,-2.345,0.000,0.000,-0.886, 0.229, 0.034, 4.379,-0.431, 0.740, 5.955, 0.081,-0.037,-4.384;
0.306,-33.216,31.806,28.448,-29.858, 0.219, 0.190,-2.367,0.000,0.000,-1.918, 0.225, 0.041, 4.418,-0.404, 0.694, 5.876, 0.041, 0.002,-4.305;
0.317,-32.504,31.204,28.025,-29.325, 0.221, 0.190,-2.388,0.196,0.000,-1.832, 0.218, 0.049, 4.457,-0.457, 0.727, 5.797, 0.081,-0.037,-4.226;
0.329,-32.068,30.935,27.299,-28.432, 0.221, 0.190,-2.410,0.000,0.000,-1.875, 0.214, 0.057, 4.498,-0.428, 0.679, 5.716, 0.040, 0.004,-4.145;
0.341,-31.334,30.276,26.850,-27.908, 0.223, 0.190,-2.420,0.190,0.000,-0.852, 0.207, 0.065, 4.526,-0.482, 0.713, 5.633, 0.081,-0.037,-4.062;
0.353,-30.878,30.009,26.123,-26.992, 0.223, 0.190,-2.441,0.000,0.000,-1.769, 0.202, 0.073, 4.566,-0.453, 0.663, 5.551, 0.039, 0.005,-3.980;
0.365,-30.122,29.368,25.694,-26.448, 0.223, 0.190,-2.462,0.000,0.000,-1.733, 0.197, 0.081, 4.606,-0.423, 0.698, 5.468,-0.003,-0.038,-3.897;
0.376,-29.772,28.839,25.007,-25.940, 0.225, 0.190,-2.483,0.207,0.000,-1.942, 0.190, 0.089, 4.644,-0.472, 0.652, 5.395, 0.035, 0.000,-3.825;
0.388,-28.990,28.524,24.621,-25.087, 0.225, 0.190,-2.504,0.000,0.000,-1.681, 0.184, 0.097, 4.685,-0.441, 0.687, 5.314,-0.009,-0.043,-3.743;
0.399,-28.652,28.029,23.961,-24.583, 0.225, 0.187,-2.528,0.000,-0.205,-2.232, 0.180, 0.106, 4.726,-0.490, 0.718, 5.244, 0.030,-0.082,-3.673;
0.412,-28.157,27.716,23.251,-23.691, 0.228, 0.187,-2.545,0.168,0.000,-1.280, 0.171, 0.114, 4.764,-0.550, 0.661, 5.160, 0.077,-0.035,-3.589;
0.424,-27.376,27.525,23.012,-22.863, 0.228, 0.187,-2.570,0.000,0.000,-2.155, 0.166, 0.121, 4.807,-0.521, 0.693, 5.089, 0.036,-0.076,-3.518;
0.435,-27.030,27.014,22.357,-22.373, 0.228, 0.187,-2.583,0.000,0.000,-1.127, 0.160, 0.128, 4.837,-0.492, 0.645, 5.019,-0.004,-0.036,-3.448;
0.448,-26.324,26.415,21.991,-21.899, 0.228, 0.187,-2.604,0.000,0.000,-1.675, 0.154, 0.136, 4.878,-0.548, 0.592, 4.944, 0.040, 0.008,-3.373;
0.459,-25.566,26.172,21.763,-21.157, 0.230, 0.187,-2.624,0.192,0.000,-1.769, 0.146, 0.143, 4.916,-0.599, 0.542, 4.875, 0.081, 0.048,-3.305;
0.471,-24.809,25.931,21.545,-20.422, 0.230, 0.187,-2.645,0.000,0.000,-1.728, 0.139, 0.150, 4.955,-0.569, 0.573, 4.807, 0.039, 0.007,-3.236;
0.483,-24.457,25.488,20.971,-19.940, 0.230, 0.185,-2.671,0.000,-0.192,-2.288, 0.133, 0.158, 5.000,-0.539, 0.604, 4.743,-0.001,-0.034,-3.172;
0.494,-24.160,25.069,20.381,-19.472, 0.230, 0.185,-2.691,0.000,0.000,-1.774, 0.127, 0.165, 5.038,-0.589, 0.555, 4.681, 0.039, 0.006,-3.110;
0.505,-23.451,24.843,20.229,-18.837, 0.232, 0.185,-2.711,0.199,0.000,-1.771, 0.119, 0.171, 5.076,-0.638, 0.584, 4.621, 0.078,-0.033,-3.050;
0.527,-22.645,24.288,19.370,-17.726, 0.232, 0.185,-2.717,0.000,0.000,-0.288, 0.106, 0.183, 5.115,-0.581, 0.490, 4.504, 0.003, 0.041,-2.934;
0.538,-21.903,23.640,19.179,-17.441, 0.232, 0.185,-2.739,0.000,0.000,-1.786, 0.099, 0.189, 5.155,-0.633, 0.521, 4.439, 0.045,-0.001,-2.868;
0.550,-21.423,23.551,18.810,-16.681, 0.232, 0.183,-2.772,0.000,-0.192,-2.887, 0.093, 0.197, 5.207,-0.601, 0.552, 4.380, 0.004,-0.042,-2.809;
0.562,-21.093,23.165,18.286,-16.214, 0.232, 0.183,-2.801,0.000,0.000,-2.303, 0.085, 0.203, 5.255,-0.654, 0.497, 4.320, 0.047, 0.002,-2.749;
0.575,-20.332,22.915,18.195,-15.612, 0.232, 0.183,-2.820,0.000,0.000,-1.541, 0.078, 0.210, 5.294,-0.620, 0.529, 4.261, 0.004,-0.042,-2.690;
0.588,-19.985,22.543,17.722,-15.164, 0.234, 0.183,-2.853,0.174,0.000,-2.592, 0.067, 0.216, 5.347,-0.675, 0.471, 4.204, 0.049, 0.003,-2.633;
0.600,-19.234,22.344,17.710,-14.600, 0.234, 0.183,-2.871,0.000,0.000,-1.540, 0.060, 0.221, 5.384,-0.642, 0.501, 4.150, 0.007,-0.039,-2.579;
0.612,-18.964,21.974,17.203,-14.193, 0.234, 0.183,-2.886,0.000,0.000,-1.182, 0.052, 0.227, 5.418,-0.693, 0.446, 4.096, 0.049, 0.003,-2.525;
0.623,-18.261,21.745,17.174,-13.691, 0.234, 0.183,-2.900,0.000,0.000,-1.263, 0.045, 0.232, 5.450,-0.661, 0.475, 4.045, 0.009,-0.037,-2.474;
0.635,-17.938,21.401,16.759,-13.296, 0.234, 0.183,-2.929,0.000,0.000,-2.395, 0.037, 0.237, 5.498,-0.712, 0.420, 3.993, 0.052, 0.006,-2.423;
0.647,-17.222,21.151,16.741,-12.812, 0.234, 0.183,-2.944,0.000,0.000,-1.221, 0.029, 0.242, 5.532,-0.677, 0.449, 3.942, 0.009,-0.036,-2.371;
0.660,-16.958,20.800,16.262,-12.421, 0.234, 0.183,-2.959,0.000,0.000,-1.215, 0.020, 0.247, 5.566,-0.728, 0.394, 3.890, 0.052, 0.007,-2.319;
0.672,-16.189,20.553,16.336,-11.971, 0.234, 0.183,-2.989,0.000,0.000,-2.469, 0.012, 0.252, 5.615,-0.693, 0.423, 3.842, 0.010,-0.036,-2.271;
0.683,-15.947,20.240,15.908,-11.615, 0.234, 0.183,-3.006,0.000,0.000,-1.466, 0.004, 0.256, 5.650,-0.741, 0.369, 3.795, 0.051, 0.005,-2.224;
0.695,-15.216,19.999,16.012,-11.229, 0.234, 0.183,-3.036,0.000,0.000,-2.582,-0.004, 0.261, 5.698,-0.707, 0.397, 3.751, 0.010,-0.035,-2.180;
0.707,-14.973,19.683,15.587,-10.877, 0.234, 0.183,-3.051,0.000,0.000,-1.230,-0.012, 0.265, 5.733,-0.757, 0.341, 3.705, 0.053, 0.007,-2.134;
0.720,-14.259,19.399,15.616,-10.476, 0.234, 0.183,-3.066,0.000,0.000,-1.212,-0.021, 0.269, 5.767,-0.720, 0.371, 3.657, 0.009,-0.036,-2.086;
0.732,-14.019,19.087,15.189,-10.122, 0.237, 0.183,-3.082,0.185,0.000,-1.326,-0.032, 0.273, 5.802,-0.768, 0.315, 3.610, 0.052, 0.006,-2.039;
0.744,-13.251,18.820,15.334,-9.765, 0.237, 0.183,-3.112,0.000,0.000,-2.498,-0.041, 0.277, 5.851,-0.732, 0.343, 3.567, 0.010,-0.036,-1.996;
0.756,-13.011,18.509,14.917,-9.420, 0.237, 0.183,-3.127,0.000,0.000,-1.203,-0.050, 0.281, 5.885,-0.782, 0.286, 3.521, 0.053, 0.008,-1.950;
0.768,-12.244,18.196,15.057,-9.106, 0.237, 0.183,-3.157,0.000,0.000,-2.401,-0.059, 0.284, 5.934,-0.744, 0.315, 3.477, 0.010,-0.036,-1.906;
0.781,-12.022,17.900,14.652,-8.773, 0.237, 0.183,-3.171,0.000,0.000,-1.230,-0.068, 0.288, 5.968,-0.791, 0.259, 3.433, 0.052, 0.007,-1.862;
0.793,-11.327,17.586,14.720,-8.461, 0.237, 0.183,-3.186,0.000,0.000,-1.245,-0.077, 0.291, 6.002,-0.754, 0.287, 3.389, 0.010,-0.035,-1.819;
0.805,-11.652,17.884,15.013,-8.782, 0.237, 0.183,-3.216,0.000,0.000,-2.435,-0.086, 0.294, 6.051,-0.802, 0.229, 3.433, 0.053, 0.008,-1.862;
0.818,-10.928,17.516,15.055,-8.467, 0.237, 0.183,-3.231,0.000,0.000,-1.122,-0.096, 0.297, 6.087,-0.760, 0.260, 3.385, 0.007,-0.039,-1.814;
0.829,-10.741,17.259,14.682,-8.165, 0.237, 0.183,-3.246,0.000,0.000,-1.389,-0.104, 0.299, 6.118,-0.801, 0.210, 3.346, 0.044,-0.001,-1.775;
0.840,-10.619,17.469,15.377,-8.526, 0.237, 0.181,-3.275,0.000,-0.199,-2.622,-0.112, 0.303, 6.165,-0.765, 0.236, 3.386, 0.004,-0.041,-1.815;
0.851,-10.417,17.209,15.004,-8.211, 0.237, 0.183,-3.290,0.000,0.198,-1.300,-0.121, 0.303, 6.197,-0.808, 0.183, 3.346, 0.044,-0.001,-1.775;
0.863,-10.280,17.388,15.736,-8.628, 0.237, 0.181,-3.319,0.000,-0.194,-2.523,-0.130, 0.308, 6.245,-0.771, 0.210, 3.387, 0.003,-0.042,-1.816;
0.874,-10.074,17.128,15.380,-8.326, 0.237, 0.181,-3.336,0.000,0.000,-1.543,-0.138, 0.309, 6.279,-0.813, 0.157, 3.348, 0.043,-0.003,-1.777;
0.885,-9.952,17.296,16.088,-8.744, 0.237, 0.181,-3.365,0.000,0.000,-2.575,-0.147, 0.311, 6.326,-0.776, 0.183, 3.389, 0.003,-0.042,-1.818;
0.907,-9.493,16.729,15.440,-8.204, 0.237, 0.181,-3.379,0.000,0.000,-0.655,-0.164, 0.314, 6.375,-0.857, 0.079, 3.312, 0.080, 0.035,-1.741;
0.910,-8.720,16.498,16.026,-8.248, 0.237, 0.181,-3.397,0.000,0.000,-5.200,-0.167, 0.314, 6.398,-0.845, 0.087, 3.299, 0.068, 0.023,-1.728;
0.921,-8.942,16.677,16.366,-8.631, 0.237, 0.181,-3.426,0.000,0.000,-2.612,-0.175, 0.315, 6.444,-0.809, 0.112, 3.338, 0.029,-0.016,-1.767;
0.943,-8.488,16.111,15.722,-8.099, 0.237, 0.181,-3.440,0.000,0.000,-0.653,-0.192, 0.317, 6.492,-0.736, 0.010, 3.261,-0.046, 0.060,-1.690;
0.955,-8.055,15.318,15.488,-8.225, 0.237, 0.181,-3.454,0.000,0.000,-1.142,-0.202, 0.318, 6.525,-0.780, 0.038, 3.215,-0.004, 0.017,-1.644;
0.967,-7.474,15.094,15.459,-7.838, 0.237, 0.181,-3.487,0.000,0.000,-2.673,-0.211, 0.319, 6.577,-0.823,-0.020, 3.172, 0.039, 0.060,-1.601;
0.979,-6.805,14.614,15.530,-7.722, 0.237, 0.181,-3.506,0.000,0.000,-1.595,-0.220, 0.319, 6.615,-0.782, 0.007, 3.130,-0.003, 0.018,-1.559;
0.992,-6.568,14.286,15.115,-7.396, 0.237, 0.181,-3.519,0.000,0.000,-1.078,-0.230, 0.319, 6.649,-0.827,-0.053, 3.085, 0.042, 0.063,-1.514;
1.004,-5.892,13.790,15.159,-7.262, 0.237, 0.181,-3.533,0.000,0.000,-1.112,-0.240, 0.319, 6.682,-0.785,-0.025, 3.041,-0.001, 0.020,-1.470;
1.017,-5.669,13.473,14.749,-6.945, 0.237, 0.181,-3.546,0.000,0.000,-1.096,-0.250, 0.319, 6.714,-0.827,-0.083, 2.996, 0.042, 0.063,-1.426;
1.028,-5.571,13.490,15.450,-7.530, 0.237, 0.181,-3.579,0.000,0.000,-2.853,-0.259, 0.319, 6.765,-0.787,-0.057, 3.038, 0.002, 0.023,-1.468;
1.041,-5.972,13.784,15.707,-7.895, 0.237, 0.181,-3.599,0.000,0.000,-1.549,-0.269, 0.318, 6.804,-0.830,-0.117, 3.084, 0.046, 0.067,-1.514;
1.053,-5.322,13.252,15.724,-7.794, 0.237, 0.181,-3.612,0.000,0.000,-1.048,-0.278, 0.317, 6.837,-0.785,-0.089, 3.040, 0.002, 0.023,-1.469;
1.065,-5.708,13.522,15.943,-8.130, 0.237, 0.181,-3.632,0.000,0.000,-1.646,-0.288, 0.317, 6.876,-0.826,-0.145, 3.083, 0.045, 0.065,-1.512;
1.077,-5.676,13.538,16.591,-8.729, 0.237, 0.181,-3.657,0.000,0.000,-2.146,-0.297, 0.316, 6.920,-0.782,-0.118, 3.125, 0.003, 0.023,-1.555;
1.090,-6.086,13.824,16.830,-9.093, 0.237, 0.181,-3.677,0.000,0.000,-1.557,-0.307, 0.314, 6.960,-0.825,-0.178, 3.171, 0.047, 0.068,-1.600;
1.094,-5.648,13.474,17.062,-9.235, 0.237, 0.181,-3.689,0.000,0.000,-3.101,-0.310, 0.314, 6.979,-0.810,-0.169, 3.156, 0.033, 0.054,-1.586;
1.105,-5.940,13.654,17.313,-9.599, 0.237, 0.181,-3.709,0.000,0.000,-1.900,-0.318, 0.312, 7.015,-0.771,-0.145, 3.194,-0.004, 0.017,-1.624;
1.126,-5.519,13.107,16.652,-9.063, 0.237, 0.181,-3.722,0.000,0.000,-0.566,-0.335, 0.309, 7.061,-0.842,-0.246, 3.119, 0.072, 0.092,-1.548;
1.139,-4.670,12.328,16.836,-9.178, 0.237, 0.181,-3.742,0.000,0.000,-1.588,-0.345, 0.307, 7.101,-0.794,-0.217, 3.072, 0.027, 0.048,-1.502;
1.151,-4.456,11.949,16.420,-8.926, 0.237, 0.181,-3.765,0.000,0.000,-1.877,-0.354, 0.305, 7.144,-0.834,-0.188, 3.028, 0.071, 0.004,-1.458;
1.163,-4.534,12.270,16.965,-9.229, 0.237, 0.181,-3.785,0.000,0.000,-1.618,-0.364, 0.303, 7.183,-0.787,-0.246, 3.072, 0.028, 0.047,-1.501;
1.175,-4.896,12.192,17.205,-9.908, 0.237, 0.181,-3.805,0.000,0.000,-1.680,-0.373, 0.300, 7.222,-0.825,-0.219, 3.114, 0.070, 0.005,-1.543;
1.188,-4.365,11.913,17.086,-9.537, 0.237, 0.181,-3.816,0.000,0.000,-0.889,-0.382, 0.298, 7.253,-0.777,-0.278, 3.068, 0.025, 0.049,-1.498;
1.191,-4.344,11.446,16.954,-9.852, 0.237, 0.181,-3.836,0.000,0.000,-6.630,-0.384, 0.297, 7.278,-0.786,-0.271, 3.058, 0.036, 0.038,-1.487;
1.212,-4.902,11.872,17.559,-10.589, 0.237, 0.181,-3.867,0.000,0.000,-1.462,-0.400, 0.292, 7.342,-0.705,-0.221, 3.139,-0.038,-0.035,-1.568;
1.224,-4.790,11.592,17.077,-10.276, 0.237, 0.181,-3.887,0.000,0.000,-1.705,-0.409, 0.289, 7.380,-0.741,-0.276, 3.098, 0.003, 0.006,-1.527;
1.236,-4.264,10.986,16.970,-10.248, 0.237, 0.181,-3.897,0.000,0.000,-0.840,-0.418, 0.285, 7.410,-0.692,-0.247, 3.053,-0.040,-0.037,-1.483;
1.249,-4.725,11.227,17.186,-10.684, 0.237, 0.181,-3.927,0.000,0.000,-2.275,-0.427, 0.281, 7.460,-0.732,-0.308, 3.101, 0.006, 0.009,-1.530;
1.255,-4.345,10.750,17.278,-10.873, 0.237, 0.181,-3.937,0.000,0.000,-1.776,-0.431, 0.280, 7.478,-0.710,-0.295, 3.081,-0.013,-0.011,-1.510;
1.264,-4.671,10.856,17.458,-11.273, 0.237, 0.181,-3.967,0.000,0.000,-3.192,-0.438, 0.277, 7.523,-0.738,-0.339, 3.116, 0.020, 0.022,-1.545;
1.286,-5.134,11.190,18.143,-12.087, 0.237, 0.181,-3.976,0.000,0.000,-0.424,-0.454, 0.269, 7.568,-0.649,-0.285, 3.196,-0.059,-0.056,-1.625;
1.290,-5.246,11.118,17.860,-11.988, 0.237, 0.181,-3.998,0.000,0.000,-6.617,-0.456, 0.268, 7.594,-0.658,-0.300, 3.184,-0.047,-0.045,-1.613;
1.301,-4.949,10.666,17.599,-11.882, 0.237, 0.181,-4.016,0.000,0.000,-1.648,-0.464, 0.264, 7.630,-0.691,-0.351, 3.145,-0.009,-0.006,-1.574;
1.322,-5.388,10.857,18.267,-12.798, 0.237, 0.181,-4.038,0.000,0.000,-1.005,-0.479, 0.256, 7.686,-0.602,-0.299, 3.222,-0.084,-0.082,-1.652;
1.335,-5.251,10.615,17.701,-12.337, 0.237, 0.181,-4.046,0.000,0.000,-0.697,-0.488, 0.252, 7.714,-0.639,-0.357, 3.173,-0.040,-0.038,-1.603;
1.338,-5.032,10.054,17.784,-12.762, 0.237, 0.181,-4.077,0.000,0.000,-11.755,-0.489, 0.251, 7.749,-0.647,-0.369, 3.164,-0.031,-0.028,-1.593;
1.349,-5.355,10.193,18.075,-13.238, 0.237, 0.181,-4.097,0.000,0.000,-1.667,-0.497, 0.246, 7.787,-0.680,-0.423, 3.207, 0.010, 0.013,-1.636;
1.372,-4.692,9.305,17.609,-12.996, 0.237, 0.183,-4.109,0.000,0.101,-0.522,-0.512, 0.234, 7.834,-0.588,-0.524, 3.128,-0.067, 0.091,-1.557;
1.383,-4.738,8.485,16.954,-13.207, 0.237, 0.183,-4.120,0.000,0.000,-1.053,-0.519, 0.229, 7.863,-0.620,-0.496, 3.085,-0.028, 0.052,-1.515;
1.394,-4.926,8.624,17.352,-13.655, 0.237, 0.183,-4.152,0.000,0.000,-2.737,-0.527, 0.224, 7.913,-0.571,-0.467, 3.126,-0.069, 0.011,-1.556;
1.406,-4.778,8.360,16.905,-13.322, 0.237, 0.183,-4.165,0.000,0.000,-1.056,-0.534, 0.219, 7.944,-0.603,-0.519, 3.085,-0.028, 0.051,-1.514;
1.419,-5.048,8.295,17.285,-14.038, 0.237, 0.183,-4.184,0.000,0.000,-1.525,-0.542, 0.213, 7.984,-0.548,-0.486, 3.130,-0.074, 0.006,-1.559;
1.430,-5.521,8.538,17.357,-14.340, 0.237, 0.183,-4.210,0.000,0.000,-2.366,-0.549, 0.207, 8.026,-0.577,-0.534, 3.168,-0.036, 0.043,-1.597;
1.442,-5.144,7.934,17.112,-14.322, 0.237, 0.183,-4.216,0.000,0.000,-0.579,-0.556, 0.201, 8.052,-0.610,-0.503, 3.125, 0.006, 0.001,-1.554;
1.454,-5.343,8.110,17.526,-14.758, 0.237, 0.183,-4.242,0.000,0.000,-2.137,-0.564, 0.195, 8.096,-0.558,-0.557, 3.168,-0.036, 0.043,-1.597;
1.465,-5.930,8.103,17.529,-15.356, 0.237, 0.183,-4.262,0.000,0.000,-1.663,-0.570, 0.189, 8.134,-0.590,-0.526, 3.209, 0.005, 0.002,-1.638;
1.477,-6.138,8.260,17.912,-15.790, 0.237, 0.183,-4.288,0.000,0.000,-2.306,-0.577, 0.183, 8.179,-0.540,-0.577, 3.250,-0.035, 0.042,-1.679;
1.489,-6.747,8.292,17.917,-16.372, 0.237, 0.183,-4.307,0.000,0.000,-1.593,-0.584, 0.177, 8.217,-0.572,-0.545, 3.293, 0.007,-0.000,-1.722;
1.500,-6.319,7.931,17.759,-16.147, 0.237, 0.183,-4.321,0.000,0.000,-1.187,-0.590, 0.170, 8.249,-0.602,-0.595, 3.252, 0.047, 0.040,-1.681;
1.512,-6.671,7.783,17.979,-16.868, 0.237, 0.183,-4.348,0.000,0.000,-2.452,-0.597, 0.164, 8.294,-0.553,-0.566, 3.292, 0.008, 0.000,-1.721;
1.523,-6.556,7.552,17.527,-16.531, 0.237, 0.183,-4.362,0.000,0.000,-1.248,-0.603, 0.158, 8.325,-0.582,-0.614, 3.252, 0.047, 0.039,-1.681;
1.534,-6.313,6.883,17.183,-16.614, 0.237, 0.183,-4.381,0.000,0.000,-1.624,-0.609, 0.151, 8.362,-0.530,-0.583, 3.211, 0.006,-0.002,-1.641;
1.545,-6.840,7.155,17.222,-16.907, 0.237, 0.183,-4.410,0.000,0.000,-2.594,-0.614, 0.145, 8.408,-0.558,-0.630, 3.251, 0.044, 0.037,-1.680;
1.567,-7.453,7.403,17.725,-17.775, 0.237, 0.183,-4.424,0.000,0.000,-0.644,-0.626, 0.131, 8.457,-0.459,-0.570, 3.329,-0.034,-0.041,-1.758;
1.578,-7.443,7.263,17.138,-17.319, 0.237, 0.183,-4.442,0.000,0.000,-1.682,-0.631, 0.124, 8.492,-0.487,-0.617, 3.287, 0.005,-0.003,-1.716;
1.590,-7.285,6.559,16.698,-17.423, 0.237, 0.183,-4.471,0.000,0.000,-2.440,-0.637, 0.117, 8.540,-0.435,-0.584, 3.245,-0.037,-0.044,-1.674;
1.603,-7.145,6.329,16.196,-17.012, 0.237, 0.183,-4.486,0.000,0.000,-1.164,-0.642, 0.109, 8.574,-0.466,-0.637, 3.201, 0.007,-0.000,-1.630;
1.615,-6.915,5.645,15.800,-17.069, 0.237, 0.183,-4.500,0.000,0.000,-1.205,-0.648, 0.101, 8.608,-0.411,-0.603, 3.157,-0.036,-0.043,-1.586;
1.627,-7.501,5.999,15.845,-17.346, 0.237, 0.183,-4.530,0.000,0.000,-2.422,-0.653, 0.093, 8.657,-0.441,-0.655, 3.201, 0.007, 0.000,-1.630;
1.639,-7.319,5.354,15.452,-17.417, 0.237, 0.183,-4.545,0.000,0.000,-1.312,-0.658, 0.086, 8.689,-0.390,-0.622, 3.161,-0.033,-0.040,-1.590;
1.651,-7.191,5.148,14.961,-17.004, 0.237, 0.183,-4.560,0.000,0.000,-1.230,-0.663, 0.078, 8.723,-0.420,-0.673, 3.117, 0.010, 0.003,-1.547;
1.663,-7.738,5.077,15.077,-17.739, 0.237, 0.183,-4.590,0.000,0.000,-2.384,-0.668, 0.069, 8.774,-0.362,-0.637, 3.164,-0.034,-0.041,-1.593;
1.676,-7.619,4.897,14.575,-17.296, 0.237, 0.183,-4.605,0.000,0.000,-1.224,-0.673, 0.061, 8.808,-0.392,-0.688, 3.120, 0.009, 0.002,-1.550;
1.688,-7.444,4.238,14.117,-17.324, 0.237, 0.183,-4.620,0.000,0.000,-1.228,-0.678, 0.052, 8.843,-0.335,-0.652, 3.076,-0.034,-0.041,-1.505;
1.701,-8.072,4.671,14.170,-17.572, 0.237, 0.183,-4.651,0.000,0.000,-2.354,-0.683, 0.043, 8.894,-0.367,-0.705, 3.124, 0.012, 0.004,-1.553;
1.713,-8.526,4.609,14.292,-18.209, 0.237, 0.183,-4.666,0.000,0.000,-1.334,-0.687, 0.035, 8.927,-0.314,-0.671, 3.164,-0.029,-0.036,-1.593;
1.725,-8.386,4.430,13.792,-17.748, 0.237, 0.183,-4.682,0.000,0.000,-1.214,-0.691, 0.026, 8.963,-0.344,-0.722, 3.119, 0.016, 0.008,-1.548;
1.738,-8.996,4.389,13.833,-18.439, 0.237, 0.183,-4.712,0.000,0.000,-2.476,-0.695, 0.017, 9.013,-0.286,-0.685, 3.165,-0.028,-0.035,-1.594;
1.749,-9.472,4.845,13.941,-18.567, 0.237, 0.183,-4.728,0.000,0.000,-1.324,-0.698, 0.009, 9.046,-0.314,-0.731, 3.205, 0.013, 0.006,-1.635;
1.761,-9.361,4.258,13.456,-18.560, 0.237, 0.183,-4.743,0.000,0.000,-1.317,-0.702, 0.000, 9.080,-0.260,-0.695, 3.164,-0.028,-0.035,-1.593;
1.773,-9.947,4.697,13.476,-18.727, 0.237, 0.183,-4.774,0.000,0.000,-2.656,-0.705,-0.008, 9.129,-0.287,-0.741, 3.206, 0.012, 0.005,-1.635;
1.784,-10.443,4.717,13.569,-19.296, 0.237, 0.183,-4.789,0.000,0.000,-1.314,-0.708,-0.017, 9.163,-0.233,-0.705, 3.247,-0.028,-0.036,-1.677;
1.795,-10.327,4.607,13.114,-18.833, 0.237, 0.183,-4.804,0.000,0.000,-1.362,-0.711,-0.025, 9.196,-0.259,-0.749, 3.207, 0.011, 0.004,-1.637;
1.807,-10.938,4.625,13.086,-19.399, 0.237, 0.183,-4.835,0.000,0.000,-2.728,-0.714,-0.033, 9.243,-0.207,-0.714, 3.248,-0.028,-0.035,-1.677;
1.817,-11.390,5.082,13.189,-19.497, 0.237, 0.183,-4.852,0.000,0.000,-1.583,-0.716,-0.042, 9.278,-0.232,-0.756, 3.287, 0.010, 0.003,-1.716;
1.828,-12.010,5.128,13.148,-20.031, 0.237, 0.183,-4.883,0.000,0.000,-2.774,-0.719,-0.050, 9.326,-0.180,-0.721, 3.327,-0.029,-0.036,-1.757;
1.840,-12.440,5.598,13.277,-20.119, 0.237, 0.183,-4.898,0.000,0.000,-1.374,-0.721,-0.058, 9.358,-0.206,-0.764, 3.366, 0.010, 0.003,-1.796;
1.851,-12.387,5.095,12.768,-20.059, 0.237, 0.183,-4.913,0.000,0.000,-1.366,-0.723,-0.067, 9.390,-0.154,-0.728, 3.327,-0.029,-0.036,-1.756;
1.872,-13.201,5.873,13.068,-20.396, 0.237, 0.183,-4.946,0.000,0.000,-1.578,-0.726,-0.083, 9.457,-0.203,-0.808, 3.405, 0.046, 0.039,-1.834;
1.883,-13.288,5.144,12.345,-20.489, 0.237, 0.183,-4.965,0.000,0.000,-1.589,-0.728,-0.092, 9.494,-0.147,-0.769, 3.360, 0.004,-0.003,-1.790;
1.895,-13.124,5.073,11.904,-19.955, 0.237, 0.183,-4.980,0.000,0.000,-1.331,-0.730,-0.101, 9.527,-0.173,-0.811, 3.318, 0.044, 0.037,-1.747;
1.907,-13.786,5.192,11.840,-20.434, 0.237, 0.183,-5.010,0.000,0.000,-2.497,-0.731,-0.110, 9.576,-0.116,-0.772, 3.360, 0.002,-0.005,-1.789;
1.919,-13.607,5.132,11.412,-19.887, 0.237, 0.183,-5.024,0.000,0.000,-1.245,-0.733,-0.119, 9.609,-0.143,-0.815, 3.318, 0.043, 0.036,-1.747;
1.931,-13.600,4.648,10.808,-19.761, 0.237, 0.183,-5.044,0.000,0.000,-1.625,-0.734,-0.129, 9.647,-0.086,-0.775, 3.275, 0.001,-0.006,-1.704;
1.943,-14.190,5.268,10.883,-19.805, 0.237, 0.183,-5.078,0.000,0.000,-2.745,-0.735,-0.138, 9.701,-0.115,-0.820, 3.321, 0.045, 0.038,-1.751;
1.955,-14.177,4.792,10.306,-19.691, 0.237, 0.183,-5.093,0.000,0.000,-1.231,-0.735,-0.148, 9.734,-0.059,-0.780, 3.280, 0.004,-0.003,-1.709;
1.967,-13.969,4.747,9.902,-19.124, 0.237, 0.183,-5.107,0.000,0.000,-1.196,-0.736,-0.157, 9.767,-0.087,-0.823, 3.237, 0.046, 0.039,-1.667;
1.979,-14.716,4.966,9.811,-19.560, 0.237, 0.183,-5.142,0.000,0.000,-2.769,-0.736,-0.167, 9.821,-0.028,-0.780, 3.283, 0.002,-0.005,-1.712;
1.987,-14.621,5.056,9.530,-19.095, 0.237, 0.183,-5.155,0.000,0.000,-1.869,-0.736,-0.173, 9.847,-0.045,-0.806, 3.257, 0.028, 0.021,-1.686;
1.997,-15.139,5.275,9.552,-19.417, 0.237, 0.183,-5.176,0.000,0.000,-1.969,-0.737,-0.181, 9.884, 0.005,-0.770, 3.295,-0.008,-0.015,-1.724;
2.020,-15.861,6.163,10.014,-19.712, 0.237, 0.183,-5.203,0.000,0.000,-1.212,-0.736,-0.198, 9.946,-0.046,-0.848, 3.377, 0.070, 0.063,-1.807;
2.023,-16.323,5.827,9.390,-19.887, 0.237, 0.183,-5.224,0.000,0.000,-6.886,-0.736,-0.201, 9.972,-0.032,-0.838, 3.366, 0.060, 0.053,-1.795;
2.034,-16.154,5.684,8.995,-19.465, 0.237, 0.183,-5.245,0.000,0.000,-1.863,-0.736,-0.210,10.010, 0.022,-0.798, 3.327, 0.020, 0.013,-1.756;
2.055,-16.806,6.562,9.445,-19.689, 0.237, 0.183,-5.271,0.000,0.000,-1.219,-0.735,-0.226,10.070,-0.027,-0.871, 3.404, 0.095, 0.088,-1.833;
2.067,-16.925,6.006,8.652,-19.570, 0.237, 0.183,-5.284,0.000,0.000,-1.051,-0.734,-0.236,10.102, 0.030,-0.827, 3.357, 0.052, 0.046,-1.786;
2.081,-16.730,6.046,8.152,-18.837, 0.237, 0.183,-5.317,0.000,0.000,-2.456,-0.733,-0.246,10.156, 0.094,-0.777, 3.308, 0.005,-0.002,-1.737;
2.085,-16.712,6.311,7.975,-18.376, 0.237, 0.183,-5.338,0.000,0.000,-5.461,-0.732,-0.249,10.183, 0.086,-0.790, 3.294, 0.018, 0.012,-1.724;
2.096,-17.105,6.600,8.136,-18.641, 0.237, 0.183,-5.350,0.000,0.000,-1.105,-0.731,-0.258,10.212, 0.137,-0.750, 3.333,-0.020,-0.027,-1.762;
2.117,-17.677,7.464,8.666,-18.880, 0.237, 0.183,-5.371,0.000,0.000,-0.956,-0.728,-0.275,10.268, 0.087,-0.822, 3.410, 0.057, 0.050,-1.839;
2.122,-18.078,7.212,7.996,-18.863, 0.237, 0.183,-5.392,0.000,0.000,-4.228,-0.727,-0.279,10.296, 0.111,-0.803, 3.391, 0.039, 0.032,-1.821;
2.132,-17.894,7.164,7.674,-18.404, 0.237, 0.183,-5.413,0.000,0.000,-2.127,-0.726,-0.286,10.333, 0.158,-0.766, 3.356, 0.004,-0.002,-1.785;
2.145,-18.233,7.779,7.955,-18.408, 0.237, 0.183,-5.434,0.000,0.000,-1.723,-0.724,-0.296,10.374, 0.129,-0.806, 3.399, 0.047, 0.041,-1.828;
2.166,-19.158,8.408,8.169,-18.919, 0.237, 0.183,-5.466,0.000,0.000,-1.470,-0.720,-0.312,10.440, 0.232,-0.722, 3.479,-0.029,-0.036,-1.908;
2.171,-18.975,8.837,8.096,-18.233, 0.237, 0.183,-5.487,0.000,0.000,-4.452,-0.719,-0.316,10.469, 0.221,-0.738, 3.461,-0.013,-0.020,-1.890;
2.182,-18.796,8.561,7.689,-17.924, 0.237, 0.183,-5.498,0.000,0.000,-0.958,-0.716,-0.324,10.496, 0.196,-0.772, 3.420, 0.026, 0.019,-1.849;
2.194,-18.791,8.305,7.105,-17.591, 0.237, 0.183,-5.519,0.000,0.000,-1.868,-0.714,-0.333,10.536, 0.249,-0.728, 3.379,-0.014,-0.021,-1.808;
2.205,-18.463,8.349,6.834,-16.947, 0.237, 0.183,-5.540,0.000,0.000,-1.797,-0.711,-0.342,10.575, 0.222,-0.765, 3.337, 0.027, 0.020,-1.766;
2.226,-19.262,8.913,7.086,-17.435, 0.237, 0.183,-5.562,0.000,0.000,-1.012,-0.705,-0.357,10.629, 0.320,-0.683, 3.410,-0.046,-0.053,-1.840;
2.238,-18.866,9.219,6.884,-16.531, 0.237, 0.183,-5.594,0.000,0.000,-2.804,-0.702,-0.366,10.681, 0.292,-0.719, 3.369,-0.005,-0.012,-1.798;
2.249,-18.865,9.001,6.318,-16.182, 0.237, 0.183,-5.616,0.000,0.000,-1.891,-0.699,-0.374,10.719, 0.344,-0.675, 3.329,-0.045,-0.051,-1.758;
2.262,-19.097,9.649,6.706,-16.154, 0.237, 0.183,-5.637,0.000,0.000,-1.720,-0.695,-0.383,10.760, 0.315,-0.712, 3.372,-0.001,-0.008,-1.802;
2.274,-19.013,9.329,6.117,-15.801, 0.237, 0.183,-5.649,0.000,0.000,-0.941,-0.691,-0.392,10.792, 0.375,-0.660, 3.325,-0.047,-0.053,-1.755;
2.285,-19.260,10.149,6.445,-15.557, 0.237, 0.185,-5.695,0.000,0.210,-4.359,-0.687,-0.402,10.855, 0.349,-0.692, 3.366,-0.009,-0.016,-1.795;
2.297,-19.834,10.564,6.494,-15.765, 0.237, 0.185,-5.716,0.000,0.000,-1.813,-0.683,-0.410,10.895, 0.403,-0.727, 3.409,-0.050, 0.026,-1.838;
2.309,-19.701,10.628,6.034,-15.107, 0.237, 0.185,-5.730,0.000,0.000,-1.105,-0.679,-0.418,10.927, 0.375,-0.679, 3.368,-0.009,-0.016,-1.797;
2.320,-19.930,10.949,6.385,-15.366, 0.237, 0.185,-5.751,0.000,0.000,-1.831,-0.675,-0.426,10.966, 0.428,-0.713, 3.408,-0.049, 0.025,-1.837;
2.331,-20.382,11.691,6.497,-15.188, 0.237, 0.185,-5.778,0.000,0.000,-2.446,-0.670,-0.434,11.010, 0.401,-0.668, 3.448,-0.011,-0.014,-1.877;
2.342,-20.597,12.005,6.837,-15.430, 0.237, 0.185,-5.799,0.000,0.000,-1.921,-0.666,-0.441,11.049, 0.451,-0.699, 3.486,-0.049, 0.025,-1.916;
2.353,-20.446,12.136,6.432,-14.742, 0.237, 0.185,-5.820,0.000,0.000,-1.877,-0.662,-0.449,11.087, 0.424,-0.653, 3.447,-0.010,-0.014,-1.877;
2.365,-20.686,12.518,6.800,-14.968, 0.237, 0.185,-5.848,0.000,0.000,-2.373,-0.657,-0.457,11.133, 0.478,-0.687, 3.490,-0.052, 0.027,-1.919;
2.376,-21.075,13.234,6.973,-14.814, 0.237, 0.185,-5.868,0.000,0.000,-1.844,-0.652,-0.464,11.172, 0.450,-0.640, 3.529,-0.012,-0.012,-1.958;
2.397,-20.429,12.644,6.527,-14.312, 0.237, 0.185,-5.882,0.000,0.000,-0.677,-0.642,-0.477,11.219, 0.545,-0.699, 3.453,-0.086, 0.062,-1.882;
2.409,-20.278,13.088,6.068,-13.258, 0.237, 0.185,-5.911,0.000,0.000,-2.492,-0.637,-0.485,11.266, 0.516,-0.650, 3.410,-0.045, 0.021,-1.839;
2.421,-19.880,12.797,5.864,-12.946, 0.237, 0.185,-5.932,0.000,0.000,-1.731,-0.631,-0.492,11.305, 0.486,-0.682, 3.368,-0.004, 0.062,-1.797;
2.432,-19.778,12.613,5.380,-12.544, 0.237, 0.185,-5.947,0.000,0.000,-1.305,-0.626,-0.499,11.338, 0.537,-0.633, 3.327,-0.044, 0.022,-1.756;
2.444,-19.858,13.321,5.941,-12.479, 0.237, 0.185,-5.981,0.000,0.000,-2.832,-0.620,-0.507,11.392, 0.506,-0.667, 3.372,-0.001, 0.065,-1.801;
2.456,-19.755,13.147,5.458,-12.067, 0.237, 0.185,-5.996,0.000,0.000,-1.294,-0.614,-0.514,11.425, 0.557,-0.617, 3.331,-0.041, 0.024,-1.760;
2.468,-19.800,13.808,6.042,-12.033, 0.237, 0.185,-6.027,0.000,0.000,-2.528,-0.607,-0.521,11.474, 0.526,-0.649, 3.375, 0.001, 0.066,-1.804;
2.479,-20.257,14.249,6.157,-12.165, 0.237, 0.185,-6.046,0.000,0.000,-1.690,-0.601,-0.527,11.511, 0.576,-0.600, 3.415,-0.039, 0.027,-1.844;
2.491,-19.694,14.178,6.127,-11.644, 0.237, 0.185,-6.061,0.000,0.000,-1.324,-0.595,-0.534,11.545, 0.546,-0.630, 3.374, 0.002, 0.067,-1.803;
2.502,-20.116,14.702,6.279,-11.693, 0.237, 0.185,-6.092,0.000,0.000,-2.791,-0.589,-0.540,11.593, 0.594,-0.582, 3.414,-0.037, 0.028,-1.843;
2.513,-20.114,15.208,6.838,-11.743, 0.237, 0.185,-6.110,0.000,0.000,-1.661,-0.583,-0.546,11.628, 0.565,-0.611, 3.453, 0.002, 0.067,-1.882;
2.524,-19.971,15.060,6.418,-11.329, 0.237, 0.185,-6.126,0.000,0.000,-1.407,-0.577,-0.552,11.661, 0.613,-0.562, 3.413,-0.037, 0.028,-1.843;
2.535,-19.406,14.975,6.421,-10.852, 0.237, 0.183,-6.141,0.000,-0.204,-1.421,-0.570,-0.555,11.694, 0.584,-0.514, 3.374, 0.001,-0.010,-1.803;
2.556,-19.797,15.547,7.136,-11.386, 0.237, 0.185,-6.174,0.000,0.106,-1.558,-0.558,-0.569,11.760, 0.675,-0.569, 3.451,-0.073, 0.064,-1.880;
2.568,-19.395,15.875,6.882,-10.402, 0.237, 0.183,-6.190,0.000,-0.187,-1.293,-0.550,-0.572,11.794, 0.642,-0.515, 3.405,-0.031, 0.022,-1.835;
2.580,-18.917,15.582,6.763,-10.098, 0.237, 0.185,-6.221,0.000,0.191,-2.660,-0.543,-0.580,11.844, 0.610,-0.544, 3.364, 0.010, 0.063,-1.793;
2.591,-18.790,15.331,6.269,-9.728, 0.237, 0.183,-6.221,0.000,-0.197,0.000,-0.536,-0.583,11.861, 0.658,-0.493, 3.320,-0.029, 0.022,-1.750;
2.603,-18.108,15.275,6.363,-9.196, 0.237, 0.183,-6.252,0.000,0.000,-2.727,-0.529,-0.589,11.911, 0.626,-0.441, 3.279, 0.011,-0.018,-1.709;
2.614,-17.708,14.908,6.192,-8.992, 0.237, 0.183,-6.268,0.000,0.000,-1.373,-0.522,-0.594,11.944, 0.673,-0.469, 3.240,-0.028, 0.021,-1.669;
2.625,-17.835,15.634,6.639,-8.840, 0.237, 0.183,-6.299,0.000,0.000,-2.807,-0.515,-0.599,11.992, 0.642,-0.419, 3.280, 0.010,-0.017,-1.709;
2.636,-18.004,15.830,7.026,-9.201, 0.237, 0.183,-6.314,0.000,0.000,-1.396,-0.507,-0.603,12.025, 0.689,-0.446, 3.318,-0.028, 0.021,-1.748;
2.647,-17.598,15.888,6.872,-8.582, 0.237, 0.183,-6.329,0.000,0.000,-1.394,-0.500,-0.608,12.058, 0.657,-0.396, 3.279, 0.010,-0.017,-1.709;
2.658,-17.209,15.518,6.702,-8.393, 0.237, 0.183,-6.345,0.000,0.000,-1.399,-0.493,-0.612,12.090, 0.703,-0.423, 3.240,-0.028, 0.021,-1.669;
2.680,-17.594,16.468,7.463,-8.589, 0.237, 0.183,-6.375,0.000,0.000,-1.397,-0.478,-0.621,12.155, 0.639,-0.323, 3.320, 0.049,-0.056,-1.750;
2.683,-17.328,16.146,7.542,-8.724, 0.237, 0.183,-6.390,0.000,0.000,-4.435,-0.475,-0.622,12.176, 0.653,-0.331, 3.307, 0.037,-0.044,-1.736;
2.694,-16.963,15.989,7.334,-8.307, 0.237, 0.183,-6.406,0.000,0.000,-1.381,-0.468,-0.626,12.208, 0.698,-0.358, 3.267,-0.002,-0.005,-1.696;
2.716,-17.331,16.918,8.115,-8.528, 0.237, 0.183,-6.436,0.000,0.000,-1.352,-0.452,-0.634,12.274, 0.632,-0.255, 3.347, 0.076,-0.083,-1.777;
2.727,-16.878,16.344,7.972,-8.507, 0.237, 0.183,-6.451,0.000,0.000,-1.394,-0.444,-0.638,12.305, 0.676,-0.281, 3.306, 0.038,-0.045,-1.735;
2.739,-16.382,16.303,7.810,-7.888, 0.237, 0.183,-6.466,0.000,0.000,-1.230,-0.436,-0.642,12.339, 0.724,-0.310, 3.260,-0.004,-0.003,-1.689;
2.752,-15.793,16.371,7.763,-7.184, 0.237, 0.183,-6.499,0.000,0.000,-2.588,-0.427,-0.646,12.392, 0.686,-0.251, 3.215, 0.040,-0.047,-1.645;
2.764,-15.381,15.901,7.553,-7.032, 0.237, 0.183,-6.513,0.000,0.000,-1.225,-0.418,-0.649,12.426, 0.734,-0.280, 3.172,-0.002,-0.005,-1.601;
2.776,-14.857,15.882,7.440,-6.416, 0.237, 0.183,-6.528,0.000,0.000,-1.194,-0.409,-0.653,12.460, 0.696,-0.222, 3.128, 0.041,-0.048,-1.557;
2.788,-14.994,16.070,7.902,-6.826, 0.237, 0.183,-6.557,0.000,0.000,-2.522,-0.400,-0.656,12.508, 0.742,-0.249, 3.169, 0.001,-0.007,-1.599;
2.800,-15.078,16.670,8.448,-6.855, 0.237, 0.183,-6.576,0.000,0.000,-1.514,-0.391,-0.659,12.546, 0.703,-0.191, 3.213, 0.044,-0.051,-1.643;
2.813,-14.674,16.177,8.215,-6.713, 0.237, 0.183,-6.591,0.000,0.000,-1.167,-0.381,-0.662,12.580, 0.751,-0.220, 3.169, 0.000,-0.007,-1.598;
2.825,-14.120,16.128,8.121,-6.114, 0.237, 0.183,-6.605,0.000,0.000,-1.141,-0.372,-0.664,12.614, 0.712,-0.161, 3.124, 0.044,-0.051,-1.553;
2.838,-14.271,16.320,8.619,-6.570, 0.237, 0.183,-6.638,0.000,0.000,-2.710,-0.363,-0.667,12.667, 0.759,-0.190, 3.169, 0.001,-0.008,-1.598;
2.849,-13.737,16.286,8.571,-6.022, 0.237, 0.183,-6.653,0.000,0.000,-1.215,-0.354,-0.669,12.699, 0.722,-0.136, 3.128, 0.042,-0.049,-1.558;
2.862,-13.958,16.434,8.981,-6.505, 0.237, 0.183,-6.672,0.000,0.000,-1.568,-0.344,-0.671,12.738, 0.769,-0.164, 3.172,-0.002,-0.005,-1.602;
2.874,-13.933,17.011,9.607,-6.529, 0.237, 0.183,-6.700,0.000,0.000,-2.381,-0.335,-0.673,12.784, 0.731,-0.109, 3.214, 0.039,-0.045,-1.644;
2.888,-13.526,16.462,9.304,-6.367, 0.237, 0.183,-6.714,0.000,0.000,-0.971,-0.324,-0.675,12.820, 0.784,-0.142, 3.165,-0.011, 0.004,-1.594;
2.891,-13.110,16.666,9.571,-6.015, 0.237, 0.183,-6.733,0.000,0.000,-6.762,-0.322,-0.676,12.845, 0.774,-0.128, 3.154,-0.000,-0.007,-1.584;
2.913,-13.661,17.179,10.160,-6.642, 0.237, 0.183,-6.747,0.000,0.000,-0.607,-0.305,-0.678,12.893, 0.701,-0.023, 3.234, 0.077,-0.084,-1.663;
2.916,-13.472,16.729,10.178,-6.921, 0.237, 0.183,-6.767,0.000,0.000,-6.323,-0.303,-0.679,12.918, 0.713,-0.031, 3.222, 0.066,-0.073,-1.651;
2.927,-13.579,17.121,10.676,-7.134, 0.239, 0.185,-6.800,0.195,0.195,-2.927,-0.296,-0.682,12.969, 0.674,-0.057, 3.264, 0.106,-0.032,-1.693;
2.949,-14.228,17.773,11.113,-7.567, 0.237, 0.183,-6.813,-0.103,-0.103,-0.598,-0.277,-0.681,13.016, 0.753, 0.045, 3.340, 0.029,-0.108,-1.769;
2.961,-13.279,17.178,11.399,-7.499, 0.237, 0.183,-6.826,0.000,0.000,-1.065,-0.267,-0.682,13.048, 0.712, 0.017, 3.294, 0.071,-0.066,-1.723;
2.974,-12.959,16.940,11.031,-7.050, 0.237, 0.183,-6.847,0.000,0.000,-1.585,-0.257,-0.683,13.088, 0.759,-0.012, 3.246, 0.026,-0.021,-1.675;
2.977,-12.605,17.237,11.576,-6.944, 0.239, 0.185,-6.888,0.610,0.610,-11.278,-0.257,-0.685,13.135, 0.746,-0.020, 3.259, 0.039,-0.008,-1.688;
2.989,-12.925,17.585,11.856,-7.196, 0.239, 0.185,-6.900,0.000,0.000,-1.081,-0.248,-0.685,13.165, 0.706,-0.046, 3.301, 0.079, 0.032,-1.730;
3.000,-13.179,18.003,12.232,-7.408, 0.239, 0.185,-6.933,0.000,0.000,-2.820,-0.239,-0.685,13.216, 0.747, 0.009, 3.345, 0.038,-0.009,-1.774;
3.022,-13.474,18.378,13.050,-8.146, 0.239, 0.185,-6.942,0.000,0.000,-0.410,-0.221,-0.685,13.260, 0.824,-0.041, 3.423,-0.039, 0.069,-1.852;
3.025,-12.832,18.539,13.529,-7.822, 0.239, 0.185,-6.965,0.000,0.000,-7.711,-0.219,-0.685,13.288, 0.813,-0.027, 3.411,-0.028, 0.058,-1.841;
3.036,-12.482,18.188,13.311,-7.605, 0.239, 0.185,-6.985,0.000,0.000,-1.832,-0.210,-0.684,13.326, 0.773, 0.027, 3.372, 0.011, 0.018,-1.801;
3.058,-11.964,17.394,12.685,-7.255, 0.239, 0.185,-6.997,0.000,0.000,-0.504,-0.193,-0.683,13.372, 0.848,-0.024, 3.292,-0.066, 0.096,-1.721;
3.070,-11.116,17.271,12.890,-6.735, 0.239, 0.185,-7.017,0.000,0.000,-1.716,-0.184,-0.682,13.411, 0.805, 0.033, 3.247,-0.024, 0.053,-1.676;
3.082,-10.798,16.712,12.587,-6.674, 0.239, 0.185,-7.038,0.000,0.000,-1.727,-0.174,-0.681,13.450, 0.845, 0.090, 3.204,-0.066, 0.012,-1.633;
3.094,-10.267,16.186,12.507,-6.587, 0.237, 0.183,-7.038,-0.200,-0.200,0.000,-0.163,-0.678,13.468, 0.882, 0.143, 3.161,-0.105,-0.028,-1.590;
3.106,-9.625,15.610,12.510,-6.525, 0.237, 0.183,-7.058,0.000,0.000,-1.700,-0.154,-0.676,13.507, 0.837, 0.115, 3.116,-0.062, 0.015,-1.545;
3.118,-9.324,15.359,12.169,-6.135, 0.237, 0.183,-7.079,0.000,0.000,-1.638,-0.144,-0.674,13.548, 0.790, 0.174, 3.071,-0.018,-0.029,-1.501;
3.122,-9.387,15.171,12.309,-6.525, 0.239, 0.183,-7.110,0.578,0.000,-8.112,-0.144,-0.674,13.585, 0.776, 0.165, 3.086,-0.005,-0.016,-1.515;
3.144,-10.017,15.770,12.814,-7.061, 0.237, 0.183,-7.120,-0.104,0.000,-0.460,-0.125,-0.670,13.629, 0.845, 0.116, 3.165,-0.080, 0.059,-1.594;
3.156,-9.166,15.550,13.017,-6.633, 0.237, 0.183,-7.141,0.000,0.000,-1.660,-0.115,-0.668,13.669, 0.798, 0.175, 3.120,-0.036, 0.016,-1.549;
3.169,-8.892,14.953,12.634,-6.573, 0.237, 0.183,-7.161,0.000,0.000,-1.584,-0.106,-0.666,13.710, 0.749, 0.145, 3.074, 0.009, 0.061,-1.503;
3.173,-8.992,15.111,12.720,-6.601, 0.237, 0.183,-7.182,0.000,0.000,-5.510,-0.103,-0.665,13.736, 0.761, 0.162, 3.087,-0.004, 0.048,-1.516;
3.193,-9.446,15.562,13.368,-7.252, 0.237, 0.183,-7.202,0.000,0.000,-0.980,-0.087,-0.660,13.789, 0.826, 0.259, 3.164,-0.076,-0.025,-1.593;
3.205,-8.770,14.758,13.398,-7.410, 0.237, 0.183,-7.210,0.000,0.000,-0.730,-0.078,-0.657,13.816, 0.780, 0.232, 3.119,-0.035, 0.017,-1.548;
3.218,-8.472,14.493,13.057,-7.036, 0.237, 0.183,-7.234,0.000,0.000,-1.881,-0.069,-0.654,13.859, 0.731, 0.289, 3.074, 0.009,-0.026,-1.503;
3.230,-8.243,13.904,12.634,-6.974, 0.237, 0.183,-7.254,0.000,0.000,-1.560,-0.060,-0.651,13.899, 0.681, 0.259, 3.028, 0.054, 0.019,-1.458;
3.236,-8.397,14.097,12.738,-7.038, 0.237, 0.183,-7.274,0.000,0.000,-3.925,-0.056,-0.649,13.927, 0.696, 0.283, 3.046, 0.036, 0.001,-1.476;
3.245,-8.512,14.182,13.125,-7.455, 0.237, 0.183,-7.298,0.000,0.000,-2.626,-0.049,-0.646,13.966, 0.725, 0.326, 3.081, 0.003,-0.031,-1.511;
3.267,-8.959,14.529,13.859,-8.289, 0.237, 0.183,-7.319,0.000,0.000,-0.913,-0.033,-0.640,14.021, 0.637, 0.274, 3.164, 0.080, 0.046,-1.593;
3.279,-8.755,14.372,13.451,-7.834, 0.237, 0.183,-7.338,0.000,0.000,-1.696,-0.025,-0.636,14.059, 0.672, 0.328, 3.121, 0.039, 0.005,-1.550;
3.291,-8.278,13.745,13.292,-7.825, 0.237, 0.183,-7.351,0.000,0.000,-1.044,-0.016,-0.632,14.091, 0.708, 0.299, 3.077,-0.004, 0.047,-1.506;
3.302,-7.722,13.435,13.243,-7.531, 0.237, 0.183,-7.364,0.000,0.000,-1.113,-0.008,-0.628,14.122, 0.661, 0.353, 3.035, 0.037, 0.007,-1.464;
3.315,-8.149,13.487,13.462,-8.124, 0.237, 0.183,-7.397,0.000,0.000,-2.668, 0.001,-0.623,14.174, 0.698, 0.323, 3.080,-0.006, 0.050,-1.509;
3.326,-8.182,13.749,14.031,-8.464, 0.237, 0.183,-7.416,0.000,0.000,-1.670, 0.009,-0.619,14.212, 0.650, 0.377, 3.122, 0.035, 0.009,-1.551;
3.340,-8.020,13.199,13.514,-8.336, 0.237, 0.183,-7.430,0.000,0.000,-0.995, 0.018,-0.613,14.247, 0.688, 0.344, 3.074,-0.012, 0.056,-1.504;
3.351,-8.002,13.406,14.094,-8.691, 0.237, 0.183,-7.457,0.000,0.000,-2.487, 0.025,-0.609,14.291, 0.643, 0.394, 3.114, 0.026, 0.017,-1.543;
3.363,-8.486,13.517,14.252,-9.221, 0.237, 0.183,-7.476,0.000,0.000,-1.544, 0.033,-0.604,14.330, 0.679, 0.363, 3.158,-0.018, 0.061,-1.588;
3.368,-8.111,13.336,14.383,-9.158, 0.237, 0.183,-7.490,0.000,0.000,-2.887, 0.037,-0.602,14.351, 0.659, 0.385, 3.141,-0.001, 0.044,-1.571;
3.389,-8.724,13.772,14.898,-9.850, 0.237, 0.183,-7.523,0.000,0.000,-1.593, 0.050,-0.593,14.417, 0.572, 0.478, 3.220, 0.071,-0.028,-1.649;
3.393,-8.963,13.299,14.409,-10.072, 0.237, 0.183,-7.537,0.000,0.000,-2.948, 0.053,-0.591,14.438, 0.586, 0.466, 3.203, 0.055,-0.011,-1.632;
3.403,-8.614,13.015,14.250,-9.849, 0.237, 0.183,-7.551,0.000,0.000,-1.416, 0.059,-0.586,14.468, 0.613, 0.441, 3.167, 0.019, 0.024,-1.596;
3.426,-8.997,13.544,14.992,-10.445, 0.237, 0.183,-7.570,0.000,0.000,-0.830, 0.073,-0.575,14.521, 0.519, 0.541, 3.246, 0.097,-0.054,-1.675;
3.430,-9.308,13.078,14.452,-10.682, 0.237, 0.183,-7.584,0.000,0.000,-3.420, 0.076,-0.573,14.542, 0.530, 0.531, 3.230, 0.083,-0.040,-1.659;
3.442,-9.519,13.321,14.849,-11.047, 0.237, 0.183,-7.613,0.000,0.000,-2.380, 0.083,-0.567,14.590, 0.563, 0.500, 3.272, 0.040, 0.003,-1.701;
3.454,-9.011,12.958,14.761,-10.814, 0.237, 0.183,-7.627,0.000,0.000,-1.256, 0.090,-0.561,14.623, 0.595, 0.551, 3.231,-0.000,-0.038,-1.660;
3.465,-9.271,12.873,15.101,-11.500, 0.237, 0.183,-7.660,0.000,0.000,-2.820, 0.097,-0.555,14.673, 0.625, 0.522, 3.272,-0.040, 0.002,-1.702;
3.487,-9.666,13.369,15.878,-12.175, 0.239, 0.183,-7.689,0.101,0.000,-1.332, 0.107,-0.544,14.737, 0.529, 0.619, 3.354, 0.037,-0.075,-1.784;
3.491,-10.056,13.013,15.249,-12.292, 0.237, 0.183,-7.689,-0.537,0.000,0.000, 0.112,-0.541,14.744, 0.540, 0.608, 3.338, 0.023,-0.060,-1.767;
3.502,-9.679,12.640,15.049,-12.089, 0.237, 0.183,-7.718,0.000,0.000,-2.678, 0.118,-0.535,14.791, 0.570, 0.579, 3.297,-0.017,-0.021,-1.727;
3.514,-9.794,12.810,15.514,-12.499, 0.239, 0.183,-7.748,0.197,0.000,-2.642, 0.122,-0.529,14.838, 0.520, 0.628, 3.338, 0.023,-0.061,-1.767;
3.535,-9.523,12.175,14.676,-12.024, 0.239, 0.183,-7.763,0.000,0.000,-0.686, 0.134,-0.516,14.888, 0.577, 0.570, 3.260,-0.053, 0.016,-1.690;
3.548,-8.873,11.653,14.669,-11.890, 0.239, 0.183,-7.794,0.000,0.000,-2.415, 0.140,-0.509,14.939, 0.520, 0.625, 3.215,-0.008,-0.029,-1.644;
3.560,-8.890,11.234,14.061,-11.717, 0.239, 0.183,-7.809,0.000,0.000,-1.298, 0.146,-0.502,14.972, 0.549, 0.594, 3.173,-0.048, 0.011,-1.602;
3.571,-8.431,10.850,13.922,-11.504, 0.239, 0.183,-7.824,0.000,0.000,-1.244, 0.152,-0.495,15.004, 0.497, 0.644, 3.132,-0.008,-0.030,-1.561;
3.583,-8.419,10.448,13.330,-11.301, 0.239, 0.183,-7.839,0.000,0.000,-1.301, 0.158,-0.488,15.038, 0.527, 0.611, 3.089,-0.049, 0.012,-1.519;
3.596,-8.595,10.648,13.807,-11.754, 0.239, 0.183,-7.869,0.000,0.000,-2.391, 0.164,-0.480,15.088, 0.471, 0.664, 3.135,-0.005,-0.032,-1.564;
3.608,-9.226,10.874,13.800,-12.152, 0.239, 0.183,-7.884,0.000,0.000,-1.236, 0.169,-0.472,15.123, 0.502, 0.630, 3.178,-0.049, 0.012,-1.608;
3.620,-8.751,10.462,13.643,-11.931, 0.239, 0.183,-7.899,0.000,0.000,-1.223, 0.175,-0.464,15.157, 0.446, 0.682, 3.134,-0.005,-0.032,-1.564;
3.633,-9.401,10.675,13.624,-12.350, 0.239, 0.183,-7.930,0.000,0.000,-2.490, 0.180,-0.456,15.206, 0.476, 0.647, 3.178,-0.048, 0.011,-1.608;
3.645,-8.945,10.272,13.464,-12.137, 0.239, 0.183,-7.945,0.000,0.000,-1.227, 0.185,-0.448,15.241, 0.421, 0.699, 3.135,-0.005,-0.032,-1.565;
3.657,-8.955,9.907,12.824,-11.872, 0.239, 0.183,-7.960,0.000,0.000,-1.213, 0.190,-0.439,15.275, 0.451, 0.663, 3.091,-0.048, 0.011,-1.521;
3.669,-9.130,10.080,13.253,-12.303, 0.239, 0.183,-7.990,0.000,0.000,-2.585, 0.195,-0.432,15.323, 0.398, 0.711, 3.134,-0.008,-0.029,-1.563;
3.681,-9.756,10.362,13.254,-12.648, 0.239, 0.183,-8.007,0.000,0.000,-1.391, 0.200,-0.423,15.360, 0.428, 0.675, 3.177,-0.051, 0.014,-1.607;
3.694,-9.966,10.565,13.701,-13.102, 0.239, 0.183,-8.037,0.000,0.000,-2.380, 0.204,-0.414,15.409, 0.370, 0.726, 3.223,-0.007,-0.030,-1.652;
3.705,-10.017,10.264,13.069,-12.822, 0.239, 0.183,-8.051,0.000,0.000,-1.285, 0.209,-0.406,15.442, 0.398, 0.692, 3.183,-0.047, 0.010,-1.612;
3.717,-9.594,9.862,12.882,-12.614, 0.239, 0.183,-8.069,0.000,0.000,-1.478, 0.213,-0.398,15.479, 0.342, 0.742, 3.140,-0.004,-0.032,-1.569;
3.729,-10.250,10.153,12.834,-12.931, 0.239, 0.183,-8.099,0.000,0.000,-2.546, 0.217,-0.390,15.527, 0.369, 0.707, 3.183,-0.045, 0.009,-1.612;
3.741,-10.426,10.353,13.244,-13.318, 0.239, 0.183,-8.114,0.000,0.000,-1.259, 0.220,-0.381,15.560, 0.315, 0.753, 3.223,-0.004,-0.032,-1.653;
3.753,-10.448,10.074,12.620,-12.994, 0.239, 0.183,-8.132,0.000,0.000,-1.559, 0.224,-0.372,15.598, 0.344, 0.717, 3.181,-0.046, 0.010,-1.611;
3.764,-10.649,10.254,13.006,-13.401, 0.239, 0.183,-8.161,0.000,0.000,-2.587, 0.227,-0.364,15.644, 0.291, 0.762, 3.222,-0.007,-0.030,-1.652;
3.775,-11.251,10.583,12.980,-13.649, 0.239, 0.183,-8.181,0.000,0.000,-1.704, 0.230,-0.356,15.681, 0.318, 0.727, 3.263,-0.046, 0.010,-1.692;
3.786,-10.869,10.214,12.806,-13.461, 0.239, 0.183,-8.195,0.000,0.000,-1.311, 0.233,-0.348,15.713, 0.267, 0.770, 3.224,-0.008,-0.029,-1.653;
3.797,-11.491,10.552,12.768,-13.708, 0.239, 0.183,-8.229,0.000,0.000,-3.085, 0.236,-0.340,15.764, 0.292, 0.736, 3.265,-0.046, 0.010,-1.694;
3.808,-11.676,10.746,13.147,-14.076, 0.239, 0.183,-8.243,0.000,0.000,-1.280, 0.239,-0.331,15.795, 0.241, 0.779, 3.304,-0.007,-0.029,-1.733;
3.819,-12.260,11.100,13.119,-14.279, 0.239, 0.183,-8.263,0.000,0.000,-1.811, 0.241,-0.323,15.833, 0.266, 0.744, 3.343,-0.046, 0.010,-1.772;
3.840,-12.713,11.571,13.762,-14.904, 0.239, 0.183,-8.291,0.000,0.000,-1.309, 0.246,-0.307,15.894, 0.167, 0.825, 3.419, 0.028,-0.064,-1.849;
3.852,-12.979,11.445,12.889,-14.424, 0.239, 0.183,-8.311,0.000,0.000,-1.799, 0.248,-0.299,15.932, 0.193, 0.789, 3.377,-0.011,-0.025,-1.806;
3.863,-12.557,11.048,12.682,-14.191, 0.237, 0.183,-8.318,-0.196,0.000,-0.596, 0.252,-0.290,15.956, 0.219, 0.752, 3.333,-0.051, 0.015,-1.762;
3.874,-12.166,10.639,12.472,-13.999, 0.237, 0.183,-8.338,0.000,0.000,-1.847, 0.254,-0.281,15.995, 0.166, 0.794, 3.291,-0.012,-0.024,-1.720;
3.885,-12.192,10.478,11.877,-13.591, 0.239, 0.183,-8.366,0.197,0.000,-2.396, 0.253,-0.272,16.040, 0.112, 0.758, 3.251, 0.028, 0.015,-1.681;
3.896,-12.474,10.994,12.151,-13.631, 0.237, 0.183,-8.386,-0.203,0.000,-1.906, 0.257,-0.264,16.078, 0.138, 0.798, 3.290,-0.011,-0.023,-1.719;
3.908,-12.995,11.120,12.220,-14.095, 0.239, 0.183,-8.421,0.202,0.000,-3.093, 0.256,-0.255,16.129, 0.085, 0.762, 3.331, 0.028, 0.015,-1.760;
3.919,-13.252,11.635,12.520,-14.138, 0.239, 0.183,-8.434,0.000,0.000,-1.163, 0.257,-0.247,16.160, 0.111, 0.802, 3.370,-0.010,-0.023,-1.799;
3.930,-13.756,11.787,12.592,-14.561, 0.239, 0.183,-8.455,0.000,0.000,-1.853, 0.258,-0.238,16.199, 0.057, 0.764, 3.410, 0.030, 0.017,-1.840;
3.942,-14.017,12.303,12.908,-14.622, 0.239, 0.183,-8.476,0.000,0.000,-1.852, 0.259,-0.229,16.238, 0.083, 0.806, 3.451,-0.011,-0.024,-1.880;
3.963,-14.800,12.758,13.258,-15.300, 0.239, 0.183,-8.510,0.000,0.000,-1.563, 0.260,-0.212,16.306,-0.019, 0.732, 3.530, 0.065, 0.052,-1.959;
3.974,-14.412,12.865,13.028,-14.575, 0.239, 0.183,-8.531,0.000,0.000,-1.871, 0.261,-0.203,16.345, 0.007, 0.773, 3.487, 0.024, 0.012,-1.916;
3.987,-14.312,12.432,12.479,-14.359, 0.239, 0.183,-8.553,0.000,0.000,-1.744, 0.261,-0.193,16.386, 0.035, 0.730, 3.441,-0.019, 0.055,-1.871;
4.000,-13.887,12.013,12.236,-14.109, 0.239, 0.183,-8.574,0.000,0.000,-1.666, 0.261,-0.183,16.428,-0.026, 0.776, 3.395, 0.027, 0.009,-1.824;
4.012,-13.837,11.927,11.645,-13.555, 0.239, 0.183,-8.586,0.000,0.000,-0.945, 0.261,-0.174,16.458, 0.001, 0.734, 3.350,-0.016, 0.052,-1.779;
4.024,-13.423,11.523,11.411,-13.311, 0.239, 0.183,-8.607,0.000,0.000,-1.711, 0.261,-0.164,16.500,-0.058, 0.777, 3.305, 0.028, 0.008,-1.734;
4.028,-13.623,11.694,11.049,-12.977, 0.239, 0.183,-8.629,0.000,0.000,-6.720, 0.261,-0.161,16.526,-0.051, 0.766, 3.293, 0.017, 0.019,-1.723;
4.049,-14.134,12.268,11.692,-13.558, 0.239, 0.183,-8.650,0.000,0.000,-0.986, 0.260,-0.144,16.582,-0.002, 0.688, 3.374,-0.059, 0.095,-1.803;
4.053,-13.920,12.017,11.705,-13.608, 0.239, 0.183,-8.682,0.000,0.000,-8.105, 0.259,-0.141,16.620,-0.020, 0.701, 3.360,-0.046, 0.081,-1.789;
4.064,-14.247,12.373,11.915,-13.789, 0.239, 0.183,-8.693,0.000,0.000,-1.048, 0.259,-0.133,16.648,-0.071, 0.737, 3.397,-0.008, 0.044,-1.827;
4.086,-14.982,13.186,12.312,-14.107, 0.239, 0.183,-8.724,0.000,0.000,-1.445, 0.257,-0.116,16.713,-0.022, 0.810, 3.476,-0.084,-0.032,-1.906;
4.099,-15.054,12.702,11.512,-13.863, 0.239, 0.183,-8.736,0.000,0.000,-0.888, 0.255,-0.106,16.745,-0.083, 0.762, 3.426,-0.038, 0.014,-1.855;
4.102,-14.853,12.891,11.532,-13.494, 0.239, 0.183,-8.757,0.000,0.000,-6.399, 0.255,-0.103,16.771,-0.099, 0.773, 3.413,-0.026, 0.002,-1.842;
4.113,-15.183,13.303,11.787,-13.666, 0.239, 0.183,-8.790,0.000,0.000,-2.959, 0.253,-0.095,16.822,-0.152, 0.810, 3.454, 0.013,-0.037,-1.883;
4.125,-15.639,13.879,11.916,-13.676, 0.239, 0.183,-8.812,0.000,0.000,-1.843, 0.252,-0.086,16.861,-0.126, 0.767, 3.495,-0.027, 0.003,-1.924;
4.146,-14.986,13.259,11.496,-13.223, 0.239, 0.183,-8.833,0.000,0.000,-0.983, 0.248,-0.069,16.916,-0.227, 0.837, 3.420, 0.048,-0.072,-1.849;
4.159,-14.935,13.438,10.843,-12.340, 0.239, 0.183,-8.853,0.000,0.000,-1.598, 0.246,-0.059,16.957,-0.196, 0.787, 3.371, 0.002,-0.026,-1.800;
4.165,-14.687,13.177,10.773,-12.283, 0.239, 0.183,-8.861,0.000,0.000,-1.402, 0.245,-0.055,16.974,-0.223, 0.805, 3.348, 0.022,-0.046,-1.778;
4.175,-14.461,13.081,10.457,-11.836, 0.239, 0.183,-8.887,0.000,0.000,-2.411, 0.242,-0.047,17.016,-0.199, 0.765, 3.311,-0.015,-0.009,-1.740;
4.186,-14.091,12.740,10.275,-11.626, 0.239, 0.183,-8.907,0.000,0.000,-1.866, 0.240,-0.039,17.054,-0.250, 0.799, 3.272, 0.024,-0.047,-1.701;
4.208,-14.717,13.582,10.741,-11.876, 0.239, 0.183,-8.934,0.000,0.000,-1.251, 0.235,-0.023,17.114,-0.201, 0.717, 3.348,-0.050, 0.027,-1.778;
4.219,-14.255,13.126,10.593,-11.721, 0.239, 0.183,-8.961,0.000,0.000,-2.327, 0.232,-0.014,17.160,-0.256, 0.754, 3.306,-0.009,-0.014,-1.735;
4.231,-14.059,13.138,10.193,-11.114, 0.239, 0.183,-8.975,0.000,0.000,-1.182, 0.229,-0.006,17.191,-0.229, 0.709, 3.264,-0.049, 0.026,-1.693;
4.242,-13.662,12.762,10.002,-10.902, 0.239, 0.183,-8.994,0.000,0.000,-1.734, 0.225, 0.003,17.229,-0.283, 0.744, 3.223,-0.009,-0.015,-1.652;
4.254,-14.028,13.396,10.236,-10.869, 0.239, 0.183,-9.022,0.000,0.000,-2.351, 0.222, 0.011,17.274,-0.255, 0.698, 3.265,-0.050, 0.026,-1.694;
4.266,-14.221,13.605,10.643,-11.259, 0.239, 0.183,-9.041,0.000,0.000,-1.659, 0.218, 0.020,17.313,-0.310, 0.733, 3.307,-0.008,-0.015,-1.736;
4.278,-13.965,13.604,10.258,-10.619, 0.239, 0.183,-9.055,0.000,0.000,-1.121, 0.214, 0.028,17.346,-0.281, 0.683, 3.262,-0.052, 0.028,-1.691;
4.290,-14.135,13.829,10.693,-10.999, 0.239, 0.183,-9.089,0.000,0.000,-2.880, 0.210, 0.037,17.398,-0.334, 0.718, 3.304,-0.011,-0.012,-1.734;
4.301,-13.887,13.856,10.359,-10.390, 0.239, 0.183,-9.103,0.000,0.000,-1.229, 0.206, 0.045,17.430,-0.306, 0.671, 3.264,-0.052, 0.028,-1.693;
4.312,-13.502,13.466,10.177,-10.213, 0.239, 0.183,-9.117,0.000,0.000,-1.295, 0.202, 0.053,17.462,-0.357, 0.703, 3.224,-0.013,-0.011,-1.653;
4.323,-13.782,14.093,10.476,-10.165, 0.239, 0.183,-9.151,0.000,0.000,-3.037, 0.198, 0.060,17.512,-0.331, 0.659, 3.264,-0.051, 0.028,-1.694;
4.334,-13.962,14.266,10.853,-10.549, 0.239, 0.183,-9.165,0.000,0.000,-1.325, 0.194, 0.068,17.544,-0.381, 0.690, 3.303,-0.012,-0.011,-1.733;
4.345,-14.223,14.892,11.181,-10.513, 0.239, 0.183,-9.198,0.000,0.000,-2.955, 0.189, 0.075,17.594,-0.354, 0.645, 3.345,-0.051, 0.028,-1.774;
4.367,-14.663,15.303,11.844,-11.204, 0.239, 0.183,-9.213,0.000,0.000,-0.675, 0.180, 0.090,17.643,-0.453, 0.706, 3.422, 0.025,-0.048,-1.851;
4.380,-14.307,15.531,11.462,-10.238, 0.239, 0.183,-9.227,0.000,0.000,-1.112, 0.175, 0.098,17.679,-0.420, 0.651, 3.370,-0.022,-0.001,-1.799;
4.386,-14.002,15.279,11.469,-10.192, 0.239, 0.183,-9.260,0.000,0.000,-5.581, 0.172, 0.102,17.720,-0.446, 0.667, 3.349,-0.001,-0.022,-1.778;
4.395,-13.735,15.209,11.282,-9.808, 0.239, 0.183,-9.274,0.000,0.000,-1.638, 0.168, 0.108,17.749,-0.487, 0.629, 3.317, 0.030, 0.010,-1.747;
4.406,-13.208,15.016,11.238,-9.430, 0.239, 0.183,-9.289,0.000,0.000,-1.308, 0.163, 0.115,17.782,-0.458, 0.660, 3.278,-0.010,-0.030,-1.707;
4.418,-13.615,15.406,11.462,-9.671, 0.239, 0.183,-9.321,0.000,0.000,-2.622, 0.157, 0.122,17.832,-0.512, 0.609, 3.322, 0.032, 0.012,-1.751;
4.441,-12.739,14.930,11.225,-9.033, 0.239, 0.183,-9.335,0.000,0.000,-0.666, 0.146, 0.136,17.882,-0.456, 0.670, 3.244,-0.046,-0.066,-1.673;
4.444,-12.903,15.008,10.862,-8.757, 0.239, 0.183,-9.365,0.000,0.000,-7.775, 0.144, 0.138,17.917,-0.473, 0.654, 3.230,-0.032,-0.052,-1.659;
4.455,-13.023,15.289,11.259,-8.994, 0.239, 0.183,-9.380,0.000,0.000,-1.451, 0.139, 0.144,17.948,-0.518, 0.609, 3.266, 0.004,-0.016,-1.695;
4.476,-12.182,14.782,10.999,-8.399, 0.239, 0.183,-9.395,0.000,0.000,-0.686, 0.128, 0.157,17.997,-0.462, 0.668, 3.189,-0.072,-0.092,-1.619;
4.481,-12.290,14.842,10.650,-8.098, 0.239, 0.183,-9.425,0.000,0.000,-6.298, 0.125, 0.160,18.035,-0.483, 0.647, 3.172,-0.056,-0.075,-1.602;
4.492,-12.409,15.143,11.098,-8.364, 0.239, 0.183,-9.440,0.000,0.000,-1.344, 0.119, 0.166,18.067,-0.532, 0.599, 3.212,-0.017,-0.037,-1.641;
4.504,-12.340,15.507,11.768,-8.601, 0.239, 0.183,-9.470,0.000,0.000,-2.617, 0.113, 0.173,18.115,-0.502, 0.549, 3.254,-0.057, 0.003,-1.683;
4.525,-12.799,15.870,12.414,-9.342, 0.239, 0.183,-9.484,0.000,0.000,-0.682, 0.100, 0.184,18.164,-0.597, 0.453, 3.331, 0.020, 0.080,-1.760;
4.531,-12.072,15.851,12.862,-9.083, 0.239, 0.183,-9.499,0.000,0.000,-2.945, 0.097, 0.187,18.187,-0.584, 0.466, 3.312, 0.002, 0.062,-1.741;
4.542,-11.756,15.563,12.601,-8.794, 0.239, 0.183,-9.529,0.000,0.000,-2.571, 0.091, 0.193,18.234,-0.553, 0.496, 3.271,-0.038, 0.022,-1.701;
4.553,-11.581,15.351,12.213,-8.442, 0.239, 0.183,-9.544,0.000,0.000,-1.339, 0.084, 0.199,18.266,-0.600, 0.447, 3.232, 0.001, 0.060,-1.661;
4.576,-10.670,14.735,11.934,-7.869, 0.239, 0.183,-9.558,0.000,0.000,-0.632, 0.070, 0.210,18.318,-0.537, 0.506, 3.149,-0.081,-0.021,-1.578;
4.583,-10.676,14.739,11.573,-7.510, 0.239, 0.183,-9.590,0.000,0.000,-4.526, 0.066, 0.214,18.360,-0.567, 0.475, 3.124,-0.056, 0.003,-1.553;
4.593,-10.686,14.962,12.036,-7.759, 0.239, 0.183,-9.605,0.000,0.000,-1.572, 0.060, 0.218,18.390,-0.607, 0.499, 3.157,-0.023,-0.030,-1.586;
4.604,-10.783,15.439,12.531,-7.875, 0.239, 0.183,-9.634,0.000,0.000,-2.615, 0.053, 0.223,18.436,-0.654, 0.448, 3.199, 0.016, 0.010,-1.628;
4.615,-10.735,15.698,13.152,-8.188, 0.239, 0.183,-9.648,0.000,0.000,-1.288, 0.045, 0.228,18.468,-0.701, 0.476, 3.239, 0.055,-0.030,-1.668;
4.627,-10.266,15.629,13.036,-7.673, 0.239, 0.183,-9.663,0.000,0.000,-1.248, 0.038, 0.233,18.501,-0.669, 0.424, 3.198, 0.015, 0.011,-1.627;
4.649,-9.638,14.831,12.531,-7.338, 0.239, 0.183,-9.677,0.000,0.000,-0.643, 0.023, 0.243,18.550,-0.761, 0.479, 3.119, 0.092,-0.067,-1.548;
4.653,-9.108,15.166,12.824,-6.766, 0.239, 0.183,-9.709,0.000,0.000,-6.852, 0.020, 0.245,18.590,-0.747, 0.457, 3.102, 0.076,-0.051,-1.531;
4.664,-9.332,15.325,13.157,-7.164, 0.239, 0.183,-9.723,0.000,0.000,-1.304, 0.013, 0.249,18.621,-0.716, 0.408, 3.141, 0.038,-0.013,-1.570;
4.676,-9.537,15.397,13.528,-7.669, 0.239, 0.183,-9.742,0.000,0.000,-1.640, 0.005, 0.253,18.657,-0.684, 0.435, 3.181,-0.002,-0.052,-1.610;
4.697,-10.145,15.975,14.059,-8.228, 0.239, 0.183,-9.770,0.000,0.000,-1.284,-0.010, 0.262,18.719,-0.772, 0.335, 3.261, 0.074, 0.024,-1.690;
4.709,-9.223,15.541,14.364,-8.046, 0.239, 0.183,-9.784,0.000,0.000,-1.219,-0.018, 0.266,18.751,-0.739, 0.363, 3.218, 0.034,-0.015,-1.647;
4.720,-8.968,15.272,14.001,-7.697, 0.239, 0.183,-9.803,0.000,0.000,-1.625,-0.026, 0.269,18.788,-0.704, 0.309, 3.175,-0.006, 0.026,-1.604;
4.732,-8.614,14.730,13.741,-7.625, 0.239, 0.183,-9.816,0.000,0.000,-1.167,-0.034, 0.273,18.820,-0.669, 0.336, 3.132,-0.047,-0.015,-1.561;
4.744,-8.924,15.042,14.034,-7.916, 0.239, 0.183,-9.849,0.000,0.000,-2.815,-0.043, 0.277,18.871,-0.716, 0.282, 3.174,-0.007, 0.025,-1.603;
4.756,-8.282,14.601,14.053,-7.734, 0.239, 0.183,-9.862,0.000,0.000,-1.079,-0.052, 0.281,18.904,-0.679, 0.312, 3.130,-0.050,-0.018,-1.559;
4.769,-8.683,14.983,14.328,-8.028, 0.239, 0.183,-9.882,0.000,0.000,-1.452,-0.062, 0.285,18.944,-0.732, 0.249, 3.177,-0.002, 0.029,-1.607;
4.783,-7.957,14.467,14.344,-7.834, 0.239, 0.183,-9.895,0.000,0.000,-0.959,-0.072, 0.288,18.979,-0.690, 0.281, 3.128,-0.050,-0.019,-1.557;
4.787,-8.081,14.610,14.408,-7.879, 0.239, 0.183,-9.921,0.000,0.000,-6.924,-0.075, 0.289,19.011,-0.704, 0.264, 3.141,-0.037,-0.006,-1.570;
4.798,-8.243,14.795,14.842,-8.291, 0.239, 0.181,-9.940,0.000,-0.198,-1.747,-0.083, 0.294,19.048,-0.748, 0.290, 3.183, 0.002,-0.045,-1.612;
4.820,-8.589,15.479,15.583,-8.693, 0.239, 0.183,-9.953,0.000,0.104,-0.584,-0.099, 0.297,19.094,-0.681, 0.189, 3.259,-0.073, 0.031,-1.688;
4.822,-8.429,14.906,15.591,-9.114, 0.239, 0.181,-9.985,0.000,-0.751,-10.786,-0.101, 0.300,19.131,-0.693, 0.196, 3.248,-0.063, 0.020,-1.677;
4.835,-8.080,14.629,15.334,-8.785, 0.239, 0.183,-9.993,0.000,0.186,-0.643,-0.110, 0.300,19.157,-0.739, 0.224, 3.206,-0.020,-0.022,-1.635;
4.856,-8.380,15.235,16.152,-9.296, 0.239, 0.181,-10.017,0.000,-0.102,-1.103,-0.127, 0.307,19.216,-0.669, 0.275, 3.284,-0.097,-0.099,-1.713;
4.862,-8.333,15.240,15.896,-8.989, 0.239, 0.181,-10.037,0.000,0.000,-3.551,-0.131, 0.308,19.245,-0.690, 0.248, 3.262,-0.077,-0.079,-1.692;
4.873,-7.876,14.794,15.784,-8.866, 0.239, 0.181,-10.057,0.000,0.000,-1.799,-0.140, 0.309,19.282,-0.732, 0.195, 3.223,-0.038,-0.040,-1.652;
4.885,-7.857,14.830,16.382,-9.410, 0.239, 0.181,-10.080,0.000,0.000,-2.004,-0.149, 0.311,19.323,-0.775, 0.142, 3.263, 0.002, 0.000,-1.692;
4.896,-7.851,14.863,16.969,-9.958, 0.239, 0.181,-10.100,0.000,0.000,-1.726,-0.158, 0.313,19.361,-0.737, 0.168, 3.304,-0.038,-0.040,-1.733;
4.917,-7.403,14.346,16.368,-9.426, 0.239, 0.181,-10.120,0.000,0.000,-0.957,-0.174, 0.315,19.414,-0.814, 0.069, 3.231, 0.035, 0.033,-1.660;
4.928,-6.609,13.660,16.546,-9.495, 0.239, 0.181,-10.130,0.000,0.000,-0.965,-0.183, 0.316,19.442,-0.776, 0.095, 3.187,-0.005,-0.007,-1.617;
4.940,-6.357,13.328,16.222,-9.250, 0.239, 0.181,-10.160,0.000,0.000,-2.598,-0.191, 0.317,19.489,-0.817, 0.041, 3.147, 0.035, 0.033,-1.576;
4.951,-5.813,12.786,16.170,-9.197, 0.239, 0.181,-10.170,0.000,0.000,-0.912,-0.200, 0.318,19.518,-0.778, 0.068, 3.106,-0.005,-0.007,-1.535;
4.963,-6.163,13.043,16.432,-9.552, 0.239, 0.181,-10.200,0.000,0.000,-2.533,-0.210, 0.318,19.566,-0.820, 0.012, 3.148, 0.036, 0.034,-1.578;
4.975,-5.613,12.469,16.364,-9.508, 0.239, 0.181,-10.210,0.000,0.000,-0.836,-0.219, 0.319,19.596,-0.778, 0.039, 3.105,-0.006,-0.008,-1.534;
4.987,-5.977,12.770,16.591,-9.798, 0.239, 0.181,-10.230,0.000,0.000,-1.700,-0.228, 0.319,19.634,-0.820,-0.017, 3.147, 0.035, 0.033,-1.576;
4.998,-6.031,12.736,17.130,-10.425, 0.239, 0.181,-10.250,0.000,0.000,-1.697,-0.238, 0.319,19.672,-0.779, 0.010, 3.188,-0.006,-0.008,-1.617;
5.010,-6.385,13.020,17.344,-10.708, 0.239, 0.181,-10.270,0.000,0.000,-1.767,-0.246, 0.319,19.710,-0.819,-0.043, 3.228, 0.033, 0.031,-1.657;
5.022,-5.858,12.425,17.226,-10.658, 0.239, 0.181,-10.279,0.000,0.000,-0.749,-0.256, 0.319,19.739,-0.775,-0.015, 3.183,-0.010,-0.012,-1.612;
5.033,-5.652,12.139,16.868,-10.381, 0.239, 0.181,-10.301,0.000,0.000,-1.929,-0.265, 0.319,19.778,-0.813,-0.068, 3.143, 0.029, 0.027,-1.572;
5.044,-5.732,12.077,17.347,-11.002, 0.239, 0.181,-10.321,0.000,0.000,-1.812,-0.274, 0.318,19.815,-0.774,-0.043, 3.182,-0.010,-0.012,-1.611;
5.055,-6.086,12.347,17.551,-11.290, 0.239, 0.181,-10.341,0.000,0.000,-1.801,-0.282, 0.317,19.852,-0.811,-0.095, 3.221, 0.029, 0.027,-1.650;
5.066,-6.194,12.219,18.022,-11.997, 0.239, 0.181,-10.372,0.000,0.000,-2.852,-0.291, 0.317,19.901,-0.772,-0.070, 3.262,-0.010,-0.012,-1.691;
5.087,-5.765,11.749,17.376,-11.391, 0.239, 0.181,-10.380,0.000,0.000,-0.388,-0.307, 0.314,19.942,-0.843,-0.170, 3.186, 0.065, 0.063,-1.616;
5.099,-5.144,10.792,17.404,-11.756, 0.239, 0.181,-10.411,0.000,0.000,-2.660,-0.316, 0.313,19.992,-0.799,-0.143, 3.145, 0.023, 0.021,-1.574;
5.111,-5.525,11.077,17.595,-12.043, 0.239, 0.181,-10.431,0.000,0.000,-1.718,-0.325, 0.312,20.029,-0.837,-0.197, 3.185, 0.063, 0.061,-1.614;
5.122,-5.092,10.455,17.445,-12.083, 0.239, 0.181,-10.443,0.000,0.000,-1.060,-0.334, 0.310,20.059,-0.794,-0.171, 3.144, 0.023, 0.021,-1.574;
5.134,-5.495,10.719,17.641,-12.418, 0.239, 0.181,-10.468,0.000,0.000,-2.085,-0.343, 0.308,20.102,-0.833,-0.226, 3.186, 0.065, 0.063,-1.615;
5.146,-5.057,10.059,17.460,-12.458, 0.239, 0.181,-10.480,0.000,0.000,-1.036,-0.352, 0.306,20.134,-0.787,-0.198, 3.143, 0.022, 0.020,-1.572;
5.157,-5.481,10.285,17.637,-12.834, 0.239, 0.181,-10.512,0.000,0.000,-2.834,-0.361, 0.304,20.184,-0.824,-0.252, 3.185, 0.062, 0.060,-1.614;
5.169,-5.687,10.191,18.029,-13.525, 0.239, 0.181,-10.532,0.000,0.000,-1.680,-0.370, 0.302,20.222,-0.779,-0.225, 3.227, 0.022, 0.020,-1.656;
5.180,-5.459,10.004,17.640,-13.095, 0.241, 0.181,-10.532,0.193,0.000,0.000,-0.381, 0.299,20.240,-0.816,-0.279, 3.184, 0.062, 0.060,-1.613;
5.191,-5.680,9.760,17.991,-13.911, 0.239, 0.181,-10.571,-0.205,0.000,-3.616,-0.387, 0.297,20.297,-0.774,-0.254, 3.224, 0.024, 0.022,-1.653;
5.202,-6.097,10.051,18.138,-14.184, 0.239, 0.181,-10.591,0.000,0.000,-1.762,-0.395, 0.294,20.333,-0.731,-0.305, 3.263,-0.015, 0.060,-1.692;
5.213,-5.990,9.601,17.663,-14.052, 0.241, 0.181,-10.591,0.204,0.000,0.000,-0.405, 0.291,20.350,-0.766,-0.280, 3.222, 0.024, 0.022,-1.651;
5.245,-6.734,10.226,18.583,-15.091, 0.239, 0.181,-10.632,-0.071,0.000,-1.301,-0.426, 0.283,20.441,-0.641,-0.426, 3.338,-0.087, 0.132,-1.768;
5.248,-7.223,9.550,17.908,-15.581, 0.239, 0.181,-10.651,0.000,0.000,-5.916,-0.429, 0.282,20.465,-0.651,-0.418, 3.325,-0.076, 0.120,-1.755;
5.253,-7.021,9.406,17.818,-15.433, 0.241, 0.181,-10.651,0.448,0.000,0.000,-0.434, 0.280,20.472,-0.666,-0.407, 3.305,-0.058, 0.103,-1.734;
5.267,-6.705,8.831,17.429,-15.303, 0.239, 0.181,-10.693,-0.160,0.000,-3.014,-0.442, 0.276,20.536,-0.709,-0.373, 3.256,-0.009, 0.054,-1.685;
5.275,-6.295,8.518,17.410,-15.187, 0.239, 0.181,-10.707,0.000,0.000,-1.728,-0.448, 0.273,20.564,-0.676,-0.353, 3.226,-0.038, 0.025,-1.655;
5.286,-6.115,8.257,17.024,-14.882, 0.239, 0.181,-10.721,0.000,0.000,-1.300,-0.456, 0.270,20.596,-0.709,-0.327, 3.186, 0.001,-0.014,-1.616;
5.307,-6.588,8.653,17.659,-15.594, 0.239, 0.181,-10.751,0.000,0.000,-1.375,-0.471, 0.262,20.658,-0.623,-0.425, 3.264,-0.073, 0.060,-1.693;
5.319,-6.747,8.003,16.888,-15.632, 0.239, 0.181,-10.765,0.000,0.000,-1.309,-0.479, 0.258,20.691,-0.656,-0.397, 3.221,-0.033, 0.021,-1.650;
5.330,-6.298,7.587,16.713,-15.425, 0.241, 0.181,-10.780,0.191,0.000,-1.272,-0.489, 0.253,20.724,-0.690,-0.451, 3.177, 0.008, 0.062,-1.607;
5.342,-6.009,6.864,16.365,-15.510, 0.241, 0.181,-10.798,0.000,0.000,-1.470,-0.497, 0.249,20.761,-0.640,-0.421, 3.133,-0.035, 0.019,-1.562;
5.354,-5.839,6.634,15.930,-15.135, 0.241, 0.181,-10.813,0.000,0.000,-1.273,-0.505, 0.244,20.794,-0.673,-0.474, 3.091, 0.006, 0.059,-1.520;
5.366,-6.348,6.426,16.049,-15.971, 0.239, 0.181,-10.858,-0.195,0.000,-3.937,-0.510, 0.239,20.857,-0.625,-0.446, 3.135,-0.034, 0.019,-1.564;
5.377,-6.795,6.810,16.197,-16.181, 0.239, 0.181,-10.873,0.000,0.000,-1.339,-0.518, 0.234,20.890,-0.657,-0.497, 3.176, 0.005, 0.059,-1.605;
5.388,-6.513,6.234,15.904,-16.182, 0.241, 0.181,-10.873,0.204,0.000,0.000,-0.527, 0.229,20.907,-0.688,-0.470, 3.136, 0.044, 0.020,-1.565;
5.401,-6.806,6.368,16.275,-16.714, 0.241, 0.181,-10.904,0.000,0.000,-2.358,-0.535, 0.223,20.958,-0.633,-0.528, 3.182,-0.001, 0.066,-1.612;
5.412,-7.551,6.420,16.116,-17.247, 0.239, 0.181,-10.934,-0.200,0.000,-2.747,-0.540, 0.218,21.006,-0.586,-0.500, 3.223,-0.041, 0.027,-1.652;
5.423,-7.993,6.810,16.254,-17.437, 0.239, 0.181,-10.949,0.000,0.000,-1.342,-0.547, 0.213,21.039,-0.618,-0.551, 3.264,-0.001, 0.067,-1.693;
5.436,-7.788,6.139,15.810,-17.458, 0.241, 0.181,-10.965,0.175,0.000,-1.202,-0.557, 0.206,21.075,-0.653,-0.519, 3.218, 0.045, 0.022,-1.648;
