0.000,0.000,0.000,0.000,0.000, 0.000, 0.000, 0.000,0.000,0.000,0.000, 0.000, 0.000, 0.000;
0.012,0.922,0.518,0.922,0.518,-0.045,-0.011,-0.015,0.000,0.000,0.000, 0.045, 0.011, 0.643;
0.024,0.921,0.518,0.921,0.518,-0.045,-0.011,-0.015,0.000,0.000,0.000, 0.045, 0.011, 0.643;
0.037,0.921,0.518,0.921,0.518,-0.045,-0.011,-0.015,0.000,0.000,0.000, 0.045, 0.011, 0.643;
0.040,0.921,0.519,0.921,0.519,-0.045,-0.011,-0.015,0.000,0.000,0.000, 0.045, 0.011, 0.643;
0.051,0.920,0.519,0.920,0.519,-0.045,-0.011,-0.015,0.000,0.000,0.000, 0.045, 0.011, 0.643;
0.073,0.920,0.519,0.920,0.519,-0.045,-0.011,-0.015,0.000,0.000,0.000, 0.045, 0.011, 0.643;
0.085,0.920,0.520,0.920,0.520,-0.045,-0.011,-0.015,0.000,0.000,0.000, 0.045, 0.011, 0.643;
0.097,0.919,0.520,0.919,0.520,-0.045,-0.011,-0.015,0.000,0.000,0.000, 0.045, 0.011, 0.643;
0.109,0.919,0.520,0.919,0.520,-0.045,-0.011,-0.015,0.000,0.000,0.000, 0.045, 0.011, 0.643;
0.122,0.919,0.521,0.919,0.521,-0.045,-0.011,-0.015,0.000,0.000,0.000, 0.045, 0.011, 0.643;
0.134,0.918,0.521,0.918,0.521,-0.045,-0.011,-0.015,0.000,0.000,0.000, 0.045, 0.011, 0.643;
0.146,0.918,0.522,0.918,0.522,-0.045,-0.011,-0.015,0.000,0.000,0.000, 0.045, 0.011, 0.643;
0.157,0.918,0.522,0.918,0.522,-0.045,-0.011,-0.015,0.000,0.000,0.000, 0.045, 0.011, 0.643;
0.169,0.917,0.522,0.917,0.522,-0.045,-0.011,-0.015,0.000,0.000,0.000, 0.045, 0.011, 0.643;
0.180,0.917,0.523,0.917,0.523,-0.045,-0.011,-0.015,0.000,0.000,0.000, 0.045, 0.011, 0.643;
0.192,0.917,0.523,0.917,0.523,-0.045,-0.011,-0.015,0.000,0.000,0.000, 0.045, 0.011, 0.643;
0.204,0.916,0.523,0.916,0.523,-0.045,-0.011,-0.015,0.000,0.000,0.000, 0.045, 0.011, 0.643;
0.217,0.916,0.524,0.916,0.524,-0.045,-0.011,-0.015,0.000,0.000,0.000, 0.045, 0.011, 0.643;
0.228,0.916,0.524,0.916,0.524,-0.045,-0.011,-0.015,0.000,0.000,0.000, 0.045, 0.011, 0.643;
0.240,0.915,0.524,0.915,0.524,-0.045,-0.011,-0.015,0.000,0.000,0.000, 0.045, 0.011, 0.643;
0.251,0.915,0.525,0.915,0.525,-0.045,-0.011,-0.015,0.000,0.000,0.000, 0.045, 0.011, 0.643;
0.263,0.915,0.525,0.915,0.525,-0.045,-0.011,-0.015,0.000,0.000,0.000, 0.045, 0.011, 0.643;
0.274,0.915,0.525,0.915,0.525,-0.045,-0.011,-0.015,0.000,0.000,0.000, 0.045, 0.011, 0.643;
0.285,0.914,0.526,0.914,0.526,-0.045,-0.011,-0.015,0.000,0.000,0.000, 0.045, 0.011, 0.643;
0.296,0.914,0.526,0.914,0.526,-0.045,-0.011,-0.015,0.000,0.000,0.000, 0.045, 0.011, 0.643;
0.317,0.913,0.527,0.913,0.527,-0.045,-0.011,-0.015,0.000,0.000,0.000, 0.045, 0.011, 0.643;
0.329,0.913,0.527,0.913,0.527,-0.045,-0.011,-0.015,0.000,0.000,0.000, 0.045, 0.011, 0.643;
0.341,0.913,0.527,0.913,0.527,-0.045,-0.011,-0.015,0.000,0.000,0.000, 0.045, 0.011, 0.643;
0.353,0.913,0.528,0.913,0.528,-0.045,-0.011,-0.015,0.000,0.000,0.000, 0.045, 0.011, 0.643;
0.365,0.912,0.528,0.912,0.528,-0.045,-0.011,-0.015,0.000,0.000,0.000, 0.045, 0.011, 0.643;
0.376,0.912,0.529,0.912,0.529,-0.045,-0.011,-0.015,0.000,0.000,0.000, 0.045, 0.011, 0.643;
0.387,0.912,0.529,0.912,0.529,-0.045,-0.011,-0.015,0.000,0.000,0.000, 0.045, 0.011, 0.643;
0.398,0.911,0.529,0.911,0.529,-0.045,-0.011,-0.015,0.000,0.000,0.000, 0.045, 0.011, 0.643;
0.410,0.911,0.530,0.911,0.530,-0.045,-0.011,-0.015,0.000,0.000,0.000, 0.045, 0.011, 0.643;
0.421,0.911,0.530,0.911,0.530,-0.045,-0.011,-0.015,0.000,0.000,0.000, 0.045, 0.011, 0.643;
0.432,0.911,0.530,0.911,0.530,-0.045,-0.011,-0.015,0.000,0.000,0.000, 0.045, 0.011, 0.643;
0.443,0.910,0.531,0.910,0.531,-0.045,-0.011,-0.015,0.000,0.000,0.000, 0.045, 0.011, 0.643;
0.464,0.910,0.531,0.910,0.531,-0.045,-0.011,-0.015,0.000,0.000,0.000, 0.045, 0.011, 0.643;
0.476,0.910,0.532,0.910,0.532,-0.045,-0.011,-0.015,0.000,0.000,0.000, 0.045, 0.011, 0.643;
0.488,0.909,0.532,0.909,0.532,-0.045,-0.011,-0.015,0.000,0.000,0.000, 0.045, 0.011, 0.643;
0.500,0.909,0.532,0.909,0.532,-0.045,-0.011,-0.015,0.000,0.000,0.000, 0.045, 0.011, 0.643;
0.512,0.909,0.533,0.909,0.533,-0.045,-0.011,-0.015,0.000,0.000,0.000, 0.045, 0.011, 0.643;
0.526,0.908,0.533,0.908,0.533,-0.045,-0.011,-0.015,0.000,0.000,0.000, 0.045, 0.011, 0.643;
0.538,0.908,0.534,0.908,0.534,-0.045,-0.011,-0.015,0.000,0.000,0.000, 0.045, 0.011, 0.643;
0.550,0.908,0.534,0.908,0.534,-0.045,-0.011,-0.015,0.000,0.000,0.000, 0.045, 0.011, 0.643;
0.561,0.908,0.534,0.908,0.534,-0.045,-0.011,-0.015,0.000,0.000,0.000, 0.045, 0.011, 0.643;
0.573,0.907,0.535,0.907,0.535,-0.045,-0.011,-0.015,0.000,0.000,0.000, 0.045, 0.011, 0.643;
0.585,0.907,0.535,0.907,0.535,-0.045,-0.011,-0.015,0.000,0.000,0.000, 0.045, 0.011, 0.643;
0.598,0.907,0.536,0.907,0.536,-0.045,-0.011,-0.015,0.000,0.000,0.000, 0.045, 0.011, 0.643;
0.612,0.906,0.536,0.906,0.536,-0.045,-0.011,-0.015,0.000,0.000,0.000, 0.045, 0.011, 0.643;
0.624,0.906,0.536,0.906,0.536,-0.045,-0.011,-0.015,0.000,0.000,0.000, 0.045, 0.011, 0.643;
0.635,0.906,0.537,0.906,0.537,-0.045,-0.011,-0.015,0.000,0.000,0.000, 0.045, 0.011, 0.643;
0.648,0.906,0.537,0.906,0.537,-0.045,-0.011,-0.015,0.000,0.000,0.000, 0.045, 0.011, 0.643;
0.660,0.905,0.538,0.905,0.538,-0.045,-0.011,-0.015,0.000,0.000,0.000, 0.045, 0.011, 0.643;
0.664,0.905,0.538,0.905,0.538,-0.045,-0.011,-0.015,0.000,0.000,0.000, 0.045, 0.011, 0.643;
0.675,0.905,0.538,0.905,0.538,-0.045,-0.011,-0.015,0.000,0.000,0.000, 0.045, 0.011, 0.643;
0.697,0.905,0.539,0.905,0.539,-0.045,-0.011,-0.015,0.000,0.000,0.000, 0.045, 0.011, 0.643;
0.710,0.904,0.539,0.904,0.539,-0.045,-0.011,-0.015,0.000,0.000,0.000, 0.045, 0.011, 0.643;
0.713,0.904,0.539,0.904,0.539,-0.045,-0.011,-0.015,0.000,0.000,0.000, 0.045, 0.011, 0.643;
0.725,0.904,0.540,0.904,0.540,-0.045,-0.011,-0.015,0.000,0.000,0.000, 0.045, 0.011, 0.643;
0.746,0.904,0.541,0.904,0.541,-0.045,-0.011,-0.015,0.000,0.000,0.000, 0.045, 0.011, 0.643;
0.749,0.904,0.541,0.904,0.541,-0.045,-0.011,-0.015,0.000,0.000,0.000, 0.045, 0.011, 0.643;
0.760,0.903,0.541,0.903,0.541,-0.045,-0.011,-0.015,0.000,0.000,0.000, 0.045, 0.011, 0.643;
0.782,0.903,0.542,0.903,0.542,-0.045,-0.011,-0.015,0.000,0.000,0.000, 0.045, 0.011, 0.643;
0.794,0.903,0.542,0.903,0.542,-0.045,-0.011,-0.015,0.000,0.000,0.000, 0.045, 0.011, 0.643;
0.807,0.902,0.543,0.902,0.543,-0.045,-0.011,-0.015,0.000,0.000,0.000, 0.045, 0.011, 0.643;
0.811,0.902,0.543,0.902,0.543,-0.045,-0.011,-0.015,0.000,0.000,0.000, 0.045, 0.011, 0.643;
0.822,0.902,0.543,0.902,0.543,-0.045,-0.011,-0.015,0.000,0.000,0.000, 0.045, 0.011, 0.643;
0.844,0.902,0.544,0.902,0.544,-0.045,-0.011,-0.015,0.000,0.000,0.000, 0.045, 0.011, 0.643;
0.856,0.901,0.544,0.901,0.544,-0.045,-0.011,-0.015,0.000,0.000,0.000, 0.045, 0.011, 0.643;
0.868,0.901,0.545,0.901,0.545,-0.045,-0.011,-0.015,0.000,0.000,0.000, 0.045, 0.011, 0.643;
0.874,0.901,0.545,0.901,0.545,-0.045,-0.011,-0.015,0.000,0.000,0.000, 0.045, 0.011, 0.643;
0.884,0.901,0.545,0.901,0.545,-0.045,-0.011,-0.015,0.000,0.000,0.000, 0.045, 0.011, 0.643;
0.895,0.901,0.546,0.901,0.546,-0.045,-0.011,-0.015,0.000,0.000,0.000, 0.045, 0.011, 0.643;
0.916,0.900,0.546,0.900,0.546,-0.045,-0.011,-0.015,0.000,0.000,0.000, 0.045, 0.011, 0.643;
0.927,0.900,0.547,0.900,0.547,-0.045,-0.011,-0.015,0.000,0.000,0.000, 0.045, 0.011, 0.643;
0.939,0.900,0.547,0.900,0.547,-0.045,-0.011,-0.015,0.000,0.000,0.000, 0.045, 0.011, 0.643;
0.950,0.900,0.548,0.900,0.548,-0.045,-0.011,-0.015,0.000,0.000,0.000, 0.045, 0.011, 0.643;
0.961,0.899,0.548,0.899,0.548,-0.045,-0.011,-0.015,0.000,0.000,0.000, 0.045, 0.011, 0.643;
0.972,0.899,0.548,0.899,0.548,-0.045,-0.011,-0.015,0.000,0.000,0.000, 0.045, 0.011, 0.643;
0.983,0.899,0.549,0.899,0.549,-0.045,-0.011,-0.015,0.000,0.000,0.000, 0.045, 0.011, 0.643;
0.995,0.899,0.549,0.899,0.549,-0.045,-0.011,-0.015,0.000,0.000,0.000, 0.045, 0.011, 0.643;
1.006,0.899,0.550,0.899,0.550,-0.045,-0.011,-0.015,0.000,0.000,0.000, 0.045, 0.011, 0.643;
1.017,0.898,0.550,0.898,0.550,-0.045,-0.011,-0.015,0.000,0.000,0.000, 0.045, 0.011, 0.643;
1.038,0.898,0.551,0.898,0.551,-0.045,-0.011,-0.015,0.000,0.000,0.000, 0.045, 0.011, 0.643;
1.049,0.898,0.551,0.898,0.551,-0.045,-0.011,-0.015,0.000,0.000,0.000, 0.045, 0.011, 0.643;
1.060,0.898,0.552,0.898,0.552,-0.045,-0.011,-0.015,0.000,0.000,0.000, 0.045, 0.011, 0.643;
1.072,0.897,0.552,0.897,0.552,-0.045,-0.011,-0.015,0.000,0.000,0.000, 0.045, 0.011, 0.643;
1.083,0.897,0.552,0.897,0.552,-0.045,-0.011,-0.015,0.000,0.000,0.000, 0.045, 0.011, 0.643;
1.094,0.897,0.553,0.897,0.553,-0.045,-0.011,-0.015,0.000,0.000,0.000, 0.045, 0.011, 0.643;
1.106,0.897,0.553,0.897,0.553,-0.045,-0.011,-0.015,0.000,0.000,0.000, 0.045, 0.011, 0.643;
1.117,0.897,0.554,0.897,0.554,-0.045,-0.011,-0.015,0.000,0.000,0.000, 0.045, 0.011, 0.643;
1.128,0.896,0.554,0.896,0.554,-0.045,-0.011,-0.015,0.000,0.000,0.000, 0.045, 0.011, 0.643;
1.139,0.896,0.554,0.896,0.554,-0.045,-0.011,-0.015,0.000,0.000,0.000, 0.045, 0.011, 0.643;
1.160,0.896,0.555,0.896,0.555,-0.045,-0.011,-0.015,0.000,0.000,0.000, 0.045, 0.011, 0.643;
1.171,0.896,0.556,0.896,0.556,-0.045,-0.011,-0.015,0.000,0.000,0.000, 0.045, 0.011, 0.643;
1.183,0.896,0.556,0.896,0.556,-0.045,-0.011,-0.015,0.000,0.000,0.000, 0.045, 0.011, 0.643;
1.194,0.895,0.556,0.895,0.556,-0.045,-0.011,-0.015,0.000,0.000,0.000, 0.045, 0.011, 0.643;
1.205,0.895,0.557,0.895,0.557,-0.045,-0.011,-0.015,0.000,0.000,0.000, 0.045, 0.011, 0.643;
1.217,0.895,0.557,0.895,0.557,-0.045,-0.011,-0.015,0.000,0.000,0.000, 0.045, 0.011, 0.643;
1.228,0.895,0.558,0.895,0.558,-0.045,-0.011,-0.015,0.000,0.000,0.000, 0.045, 0.011, 0.643;
1.239,0.895,0.558,0.895,0.558,-0.045,-0.011,-0.015,0.000,0.000,0.000, 0.045, 0.011, 0.643;
1.250,0.895,0.558,0.895,0.558,-0.045,-0.011,-0.015,0.000,0.000,0.000, 0.045, 0.011, 0.643;
1.271,0.894,0.559,0.894,0.559,-0.045,-0.011,-0.015,0.000,0.000,0.000, 0.045, 0.011, 0.643;
1.282,0.894,0.560,0.894,0.560,-0.045,-0.011,-0.015,0.000,0.000,0.000, 0.045, 0.011, 0.643;
1.293,0.894,0.560,0.894,0.560,-0.045,-0.011,-0.015,0.000,0.000,0.000, 0.045, 0.011, 0.643;
1.304,0.894,0.560,0.894,0.560,-0.045,-0.011,-0.015,0.000,0.000,0.000, 0.045, 0.011, 0.643;
1.315,0.894,0.561,0.894,0.561,-0.045,-0.011,-0.015,0.000,0.000,0.000, 0.045, 0.011, 0.643;
1.326,0.893,0.561,0.893,0.561,-0.045,-0.011,-0.015,0.000,0.000,0.000, 0.045, 0.011, 0.643;
1.337,0.893,0.562,0.893,0.562,-0.045,-0.011,-0.015,0.000,0.000,0.000, 0.045, 0.011, 0.643;
1.348,0.893,0.562,0.893,0.562,-0.045,-0.011,-0.015,0.000,0.000,0.000, 0.045, 0.011, 0.643;
1.359,0.893,0.562,0.893,0.562,-0.045,-0.011,-0.015,0.000,0.000,0.000, 0.045, 0.011, 0.643;
1.381,0.893,0.563,0.893,0.563,-0.045,-0.011,-0.015,0.000,0.000,0.000, 0.045, 0.011, 0.643;
1.394,0.892,0.564,0.892,0.564,-0.045,-0.011,-0.015,0.000,0.000,0.000, 0.045, 0.011, 0.643;
1.406,0.892,0.564,0.892,0.564,-0.045,-0.011,-0.015,0.000,0.000,0.000, 0.045, 0.011, 0.643;
1.418,0.892,0.565,0.892,0.565,-0.045,-0.011,-0.015,0.000,0.000,0.000, 0.045, 0.011, 0.643;
1.430,0.892,0.565,0.892,0.565,-0.045,-0.011,-0.015,0.000,0.000,0.000, 0.045, 0.011, 0.643;
1.444,0.892,0.566,0.892,0.566,-0.045,-0.011,-0.015,0.000,0.000,0.000, 0.045, 0.011, 0.643;
1.447,0.892,0.566,0.892,0.566,-0.045,-0.011,-0.015,0.000,0.000,0.000, 0.045, 0.011, 0.643;
1.458,0.892,0.566,0.892,0.566,-0.045,-0.011,-0.015,0.000,0.000,0.000, 0.045, 0.011, 0.643;
1.469,0.891,0.567,0.891,0.567,-0.045,-0.011,-0.015,0.000,0.000,0.000, 0.045, 0.011, 0.643;
1.492,0.891,0.567,0.891,0.567,-0.045,-0.011,-0.015,0.000,0.000,0.000, 0.045, 0.011, 0.643;
1.496,0.891,0.568,0.891,0.568,-0.045,-0.011,-0.015,0.000,0.000,0.000, 0.045, 0.011, 0.643;
1.507,0.891,0.568,0.891,0.568,-0.045,-0.011,-0.015,0.000,0.000,0.000, 0.045, 0.011, 0.643;
1.528,0.891,0.569,0.891,0.569,-0.045,-0.011,-0.015,0.000,0.000,0.000, 0.045, 0.011, 0.643;
1.542,0.891,0.569,0.891,0.569,-0.045,-0.011,-0.015,0.000,0.000,0.000, 0.045, 0.011, 0.643;
1.545,0.891,0.569,0.891,0.569,-0.045,-0.011,-0.015,0.000,0.000,0.000, 0.045, 0.011, 0.643;
1.556,0.890,0.570,0.890,0.570,-0.045,-0.011,-0.015,0.000,0.000,0.000, 0.045, 0.011, 0.643;
1.567,0.890,0.570,0.890,0.570,-0.045,-0.011,-0.015,0.000,0.000,0.000, 0.045, 0.011, 0.643;
1.589,0.890,0.571,0.890,0.571,-0.045,-0.011,-0.015,0.000,0.000,0.000, 0.045, 0.011, 0.643;
1.601,0.890,0.572,0.890,0.572,-0.045,-0.011,-0.015,0.000,0.000,0.000, 0.045, 0.011, 0.643;
1.614,0.890,0.572,0.890,0.572,-0.045,-0.011,-0.015,0.000,0.000,0.000, 0.045, 0.011, 0.643;
1.626,0.890,0.573,0.890,0.573,-0.045,-0.011,-0.015,0.000,0.000,0.000, 0.045, 0.011, 0.643;
1.638,0.889,0.573,0.889,0.573,-0.045,-0.011,-0.015,0.000,0.000,0.000, 0.045, 0.011, 0.643;
1.650,0.889,0.573,0.889,0.573,-0.045,-0.011,-0.015,0.000,0.000,0.000, 0.045, 0.011, 0.643;
1.663,0.889,0.574,0.889,0.574,-0.045,-0.011,-0.015,0.000,0.000,0.000, 0.045, 0.011, 0.643;
1.676,0.889,0.574,0.889,0.574,-0.045,-0.011,-0.015,0.000,0.000,0.000, 0.045, 0.011, 0.643;
1.678,0.889,0.575,0.889,0.575,-0.045,-0.011,-0.015,0.000,0.000,0.000, 0.045, 0.011, 0.643;
1.689,0.889,0.575,0.889,0.575,-0.045,-0.011,-0.015,0.000,0.000,0.000, 0.045, 0.011, 0.643;
1.711,0.889,0.576,0.889,0.576,-0.045,-0.011,-0.015,0.000,0.000,0.000, 0.045, 0.011, 0.643;
1.724,0.889,0.576,0.889,0.576,-0.045,-0.011,-0.015,0.000,0.000,0.000, 0.045, 0.011, 0.643;
1.728,0.889,0.576,0.889,0.576,-0.045,-0.011,-0.015,0.000,0.000,0.000, 0.045, 0.011, 0.643;
1.739,0.888,0.577,0.888,0.577,-0.045,-0.011,-0.015,0.000,0.000,0.000, 0.045, 0.011, 0.643;
1.760,0.888,0.578,0.888,0.578,-0.045,-0.011,-0.015,0.000,0.000,0.000, 0.045, 0.011, 0.643;
1.765,0.888,0.578,0.888,0.578,-0.045,-0.011,-0.015,0.000,0.000,0.000, 0.045, 0.011, 0.643;
1.776,0.888,0.578,0.888,0.578,-0.045,-0.011,-0.015,0.000,0.000,0.000, 0.045, 0.011, 0.643;
1.787,0.888,0.579,0.888,0.579,-0.045,-0.011,-0.015,0.000,0.000,0.000, 0.045, 0.011, 0.643;
1.800,0.888,0.579,0.888,0.579,-0.045,-0.011,-0.015,0.000,0.000,0.000, 0.045, 0.011, 0.643;
1.822,0.888,0.580,0.888,0.580,-0.045,-0.011,-0.015,0.000,0.000,0.000, 0.045, 0.011, 0.643;
1.834,0.888,0.581,0.888,0.581,-0.045,-0.011,-0.015,0.000,0.000,0.000, 0.045, 0.011, 0.643;
1.846,0.888,0.581,0.888,0.581,-0.045,-0.011,-0.015,0.000,0.000,0.000, 0.045, 0.011, 0.643;
1.858,0.887,0.581,0.887,0.581,-0.045,-0.011,-0.015,0.000,0.000,0.000, 0.045, 0.011, 0.643;
1.870,0.887,0.582,0.887,0.582,-0.045,-0.011,-0.015,0.000,0.000,0.000, 0.045, 0.011, 0.643;
1.881,0.887,0.582,0.887,0.582,-0.045,-0.011,-0.015,0.000,0.000,0.000, 0.045, 0.011, 0.643;
1.893,0.887,0.583,0.887,0.583,-0.045,-0.011,-0.015,0.000,0.000,0.000, 0.045, 0.011, 0.643;
1.904,0.887,0.583,0.887,0.583,-0.045,-0.011,-0.015,0.000,0.000,0.000, 0.045, 0.011, 0.643;
1.915,0.887,0.584,0.887,0.584,-0.045,-0.011,-0.015,0.000,0.000,0.000, 0.045, 0.011, 0.643;
1.926,0.887,0.584,0.887,0.584,-0.045,-0.011,-0.015,0.000,0.000,0.000, 0.045, 0.011, 0.643;
1.937,0.887,0.585,0.887,0.585,-0.045,-0.011,-0.015,0.000,0.000,0.000, 0.045, 0.011, 0.643;
1.948,0.887,0.585,0.887,0.585,-0.045,-0.011,-0.015,0.000,0.000,0.000, 0.045, 0.011, 0.643;
1.959,0.887,0.585,0.887,0.585,-0.045,-0.011,-0.015,0.000,0.000,0.000, 0.045, 0.011, 0.643;
1.980,0.887,0.586,0.887,0.586,-0.045,-0.011,-0.015,0.000,0.000,0.000, 0.045, 0.011, 0.643;
1.991,0.886,0.587,0.886,0.587,-0.045,-0.011,-0.015,0.000,0.000,0.000, 0.045, 0.011, 0.643;
2.003,0.886,0.587,0.886,0.587,-0.045,-0.011,-0.015,0.000,0.000,0.000, 0.045, 0.011, 0.643;
2.014,0.886,0.588,0.886,0.588,-0.045,-0.011,-0.015,0.000,0.000,0.000, 0.045, 0.011, 0.643;
2.025,0.886,0.588,0.886,0.588,-0.045,-0.011,-0.015,0.000,0.000,0.000, 0.045, 0.011, 0.643;
2.036,0.886,0.588,0.886,0.588,-0.045,-0.011,-0.015,0.000,0.000,0.000, 0.045, 0.011, 0.643;
2.047,0.886,0.589,0.886,0.589,-0.045,-0.011,-0.015,0.000,0.000,0.000, 0.045, 0.011, 0.643;
2.058,0.886,0.589,0.886,0.589,-0.045,-0.011,-0.015,0.000,0.000,0.000, 0.045, 0.011, 0.643;
2.069,0.886,0.590,0.886,0.590,-0.045,-0.011,-0.015,0.000,0.000,0.000, 0.045, 0.011, 0.643;
2.090,0.886,0.591,0.886,0.591,-0.045,-0.011,-0.015,0.000,0.000,0.000, 0.045, 0.011, 0.643;
2.102,0.886,0.591,0.886,0.591,-0.045,-0.011,-0.015,0.000,0.000,0.000, 0.045, 0.011, 0.643;
2.114,0.886,0.592,0.886,0.592,-0.045,-0.011,-0.015,0.000,0.000,0.000, 0.045, 0.011, 0.643;
2.127,0.886,0.592,0.886,0.592,-0.045,-0.011,-0.015,0.000,0.000,0.000, 0.045, 0.011, 0.643;
2.139,0.886,0.592,0.886,0.592,-0.045,-0.011,-0.015,0.000,0.000,0.000, 0.045, 0.011, 0.643;
2.151,0.886,0.593,0.886,0.593,-0.045,-0.011,-0.015,0.000,0.000,0.000, 0.045, 0.011, 0.643;
2.163,0.886,0.593,0.886,0.593,-0.045,-0.011,-0.015,0.000,0.000,0.000, 0.045, 0.011, 0.643;
2.175,0.886,0.594,0.886,0.594,-0.045,-0.011,-0.015,0.000,0.000,0.000, 0.045, 0.011, 0.643;
2.187,0.885,0.594,0.885,0.594,-0.045,-0.011,-0.015,0.000,0.000,0.000, 0.045, 0.011, 0.643;
2.200,0.885,0.595,0.885,0.595,-0.045,-0.011,-0.015,0.000,0.000,0.000, 0.045, 0.011, 0.643;
2.212,0.885,0.595,0.885,0.595,-0.045,-0.011,-0.015,0.000,0.000,0.000, 0.045, 0.011, 0.643;
2.224,0.885,0.596,0.885,0.596,-0.045,-0.011,-0.015,0.000,0.000,0.000, 0.045, 0.011, 0.643;
2.236,0.885,0.596,0.885,0.596,-0.045,-0.011,-0.015,0.000,0.000,0.000, 0.045, 0.011, 0.643;
2.249,0.885,0.597,0.885,0.597,-0.045,-0.011,-0.015,0.000,0.000,0.000, 0.045, 0.011, 0.643;
2.261,0.885,0.597,0.885,0.597,-0.045,-0.011,-0.015,0.000,0.000,0.000, 0.045, 0.011, 0.643;
2.273,0.885,0.598,0.885,0.598,-0.045,-0.011,-0.015,0.000,0.000,0.000, 0.045, 0.011, 0.643;
2.285,0.885,0.598,0.885,0.598,-0.045,-0.011,-0.015,0.000,0.000,0.000, 0.045, 0.011, 0.643;
2.296,0.885,0.599,0.885,0.599,-0.045,-0.011,-0.015,0.000,0.000,0.000, 0.045, 0.011, 0.643;
2.310,0.885,0.599,0.885,0.599,-0.045,-0.011,-0.015,0.000,0.000,0.000, 0.045, 0.011, 0.643;
2.322,0.885,0.600,0.885,0.600,-0.045,-0.011,-0.015,0.000,0.000,0.000, 0.045, 0.011, 0.643;
2.334,0.885,0.600,0.885,0.600,-0.045,-0.011,-0.015,0.000,0.000,0.000, 0.045, 0.011, 0.643;
2.340,0.885,0.600,0.885,0.600,-0.045,-0.011,-0.015,0.000,0.000,0.000, 0.045, 0.011, 0.643;
2.351,0.885,0.601,0.885,0.601,-0.045,-0.011,-0.015,0.000,0.000,0.000, 0.045, 0.011, 0.643;
2.372,0.885,0.602,0.885,0.602,-0.045,-0.011,-0.015,0.000,0.000,0.000, 0.045, 0.011, 0.643;
2.383,0.885,0.602,0.885,0.602,-0.045,-0.011,-0.015,0.000,0.000,0.000, 0.045, 0.011, 0.643;
2.395,0.885,0.603,0.885,0.603,-0.045,-0.011,-0.015,0.000,0.000,0.000, 0.045, 0.011, 0.643;
2.407,0.885,0.603,0.885,0.603,-0.045,-0.011,-0.015,0.000,0.000,0.000, 0.045, 0.011, 0.643;
2.418,0.885,0.604,0.885,0.604,-0.045,-0.011,-0.015,0.000,0.000,0.000, 0.045, 0.011, 0.643;
2.429,0.885,0.604,0.885,0.604,-0.045,-0.011,-0.015,0.000,0.000,0.000, 0.045, 0.011, 0.643;
2.441,0.885,0.604,0.885,0.604,-0.045,-0.011,-0.015,0.000,0.000,0.000, 0.045, 0.011, 0.643;
2.451,0.885,0.605,0.885,0.605,-0.045,-0.011,-0.015,0.000,0.000,0.000, 0.045, 0.011, 0.643;
2.463,0.885,0.605,0.885,0.605,-0.045,-0.011,-0.015,0.000,0.000,0.000, 0.045, 0.011, 0.643;
2.474,0.885,0.606,0.885,0.606,-0.045,-0.011,-0.015,0.000,0.000,0.000, 0.045, 0.011, 0.643;
2.485,0.885,0.606,0.885,0.606,-0.045,-0.011,-0.015,0.000,0.000,0.000, 0.045, 0.011, 0.643;
2.507,0.885,0.607,0.885,0.607,-0.045,-0.011,-0.015,0.000,0.000,0.000, 0.045, 0.011, 0.643;
2.518,0.885,0.608,0.885,0.608,-0.045,-0.011,-0.015,0.000,0.000,0.000, 0.045, 0.011, 0.643;
2.530,0.885,0.608,0.885,0.608,-0.045,-0.011,-0.015,0.000,0.000,0.000, 0.045, 0.011, 0.643;
2.542,0.885,0.608,0.885,0.608,-0.045,-0.011,-0.015,0.000,0.000,0.000, 0.045, 0.011, 0.643;
2.553,0.885,0.609,0.885,0.609,-0.045,-0.011,-0.015,0.000,0.000,0.000, 0.045, 0.011, 0.643;
2.564,0.885,0.609,0.885,0.609,-0.045,-0.011,-0.015,0.000,0.000,0.000, 0.045, 0.011, 0.643;
2.575,0.885,0.610,0.885,0.610,-0.045,-0.011,-0.015,0.000,0.000,0.000, 0.045, 0.011, 0.643;
2.587,0.885,0.610,0.885,0.610,-0.045,-0.011,-0.015,0.000,0.000,0.000, 0.045, 0.011, 0.643;
2.599,0.885,0.611,0.885,0.611,-0.045,-0.011,-0.015,0.000,0.000,0.000, 0.045, 0.011, 0.643;
2.610,0.885,0.611,0.885,0.611,-0.045,-0.011,-0.015,0.000,0.000,0.000, 0.045, 0.011, 0.643;
2.621,0.885,0.612,0.885,0.612,-0.045,-0.011,-0.015,0.000,0.000,0.000, 0.045, 0.011, 0.643;
2.632,0.885,0.612,0.885,0.612,-0.045,-0.011,-0.015,0.000,0.000,0.000, 0.045, 0.011, 0.643;
2.643,0.885,0.613,0.885,0.613,-0.045,-0.011,-0.015,0.000,0.000,0.000, 0.045, 0.011, 0.643;
2.665,0.885,0.613,0.885,0.613,-0.045,-0.011,-0.015,0.000,0.000,0.000, 0.045, 0.011, 0.643;
2.677,0.885,0.614,0.885,0.614,-0.045,-0.011,-0.015,0.000,0.000,0.000, 0.045, 0.011, 0.643;
2.688,0.885,0.614,0.885,0.614,-0.045,-0.011,-0.015,0.000,0.000,0.000, 0.045, 0.011, 0.643;
2.700,0.885,0.615,0.885,0.615,-0.045,-0.011,-0.015,0.000,0.000,0.000, 0.045, 0.011, 0.643;
2.711,0.885,0.615,0.885,0.615,-0.045,-0.011,-0.015,0.000,0.000,0.000, 0.045, 0.011, 0.643;
2.724,0.885,0.616,0.885,0.616,-0.045,-0.011,-0.015,0.000,0.000,0.000, 0.045, 0.011, 0.643;
2.736,0.885,0.616,0.885,0.616,-0.045,-0.011,-0.015,0.000,0.000,0.000, 0.045, 0.011, 0.643;
2.747,0.885,0.617,0.885,0.617,-0.045,-0.011,-0.015,0.000,0.000,0.000, 0.045, 0.011, 0.643;
2.760,0.885,0.617,0.885,0.617,-0.045,-0.011,-0.015,0.000,0.000,0.000, 0.045, 0.011, 0.643;
2.771,0.885,0.618,0.885,0.618,-0.045,-0.011,-0.015,0.000,0.000,0.000, 0.045, 0.011, 0.643;
2.783,0.885,0.618,0.885,0.618,-0.045,-0.011,-0.015,0.000,0.000,0.000, 0.045, 0.011, 0.643;
2.794,0.885,0.618,0.885,0.618,-0.045,-0.011,-0.015,0.000,0.000,0.000, 0.045, 0.011, 0.643;
2.805,0.885,0.619,0.885,0.619,-0.045,-0.011,-0.015,0.000,0.000,0.000, 0.045, 0.011, 0.643;
2.816,0.885,0.619,0.885,0.619,-0.045,-0.011,-0.015,0.000,0.000,0.000, 0.045, 0.011, 0.643;
2.828,0.886,0.620,0.886,0.620,-0.045,-0.011,-0.015,0.000,0.000,0.000, 0.045, 0.011, 0.643;
2.839,0.886,0.620,0.886,0.620,-0.045,-0.011,-0.015,0.000,0.000,0.000, 0.045, 0.011, 0.643;
2.860,0.886,0.621,0.886,0.621,-0.045,-0.011,-0.015,0.000,0.000,0.000, 0.045, 0.011, 0.643;
2.871,0.886,0.622,0.886,0.622,-0.045,-0.011,-0.015,0.000,0.000,0.000, 0.045, 0.011, 0.643;
2.883,0.886,0.622,0.886,0.622,-0.045,-0.011,-0.015,0.000,0.000,0.000, 0.045, 0.011, 0.643;
2.896,0.886,0.623,0.886,0.623,-0.045,-0.011,-0.015,0.000,0.000,0.000, 0.045, 0.011, 0.643;
2.908,0.886,0.623,0.886,0.623,-0.045,-0.011,-0.015,0.000,0.000,0.000, 0.045, 0.011, 0.643;
2.914,0.886,0.623,0.886,0.623,-0.045,-0.011,-0.015,0.000,0.000,0.000, 0.045, 0.011, 0.643;
2.926,0.886,0.624,0.886,0.624,-0.045,-0.011,-0.015,0.000,0.000,0.000, 0.045, 0.011, 0.643;
2.937,0.886,0.624,0.886,0.624,-0.045,-0.011,-0.015,0.000,0.000,0.000, 0.045, 0.011, 0.643;
2.959,0.886,0.625,0.886,0.625,-0.045,-0.011,-0.015,0.000,0.000,0.000, 0.045, 0.011, 0.643;
2.971,0.886,0.625,0.886,0.625,-0.045,-0.011,-0.015,0.000,0.000,0.000, 0.045, 0.011, 0.643;
2.983,0.886,0.626,0.886,0.626,-0.045,-0.011,-0.015,0.000,0.000,0.000, 0.045, 0.011, 0.643;
2.988,0.886,0.626,0.886,0.626,-0.045,-0.011,-0.015,0.000,0.000,0.000, 0.045, 0.011, 0.643;
2.998,0.886,0.627,0.886,0.627,-0.045,-0.011,-0.015,0.000,0.000,0.000, 0.045, 0.011, 0.643;
3.020,0.887,0.627,0.887,0.627,-0.045,-0.011,-0.015,0.000,0.000,0.000, 0.045, 0.011, 0.643;
3.031,0.887,0.628,0.887,0.628,-0.045,-0.011,-0.015,0.000,0.000,0.000, 0.045, 0.011, 0.643;
3.044,0.887,0.628,0.887,0.628,-0.045,-0.011,-0.015,0.000,0.000,0.000, 0.045, 0.011, 0.643;
3.056,0.887,0.629,0.887,0.629,-0.045,-0.011,-0.015,0.000,0.000,0.000, 0.045, 0.011, 0.643;
3.068,0.887,0.629,0.887,0.629,-0.045,-0.011,-0.015,0.000,0.000,0.000, 0.045, 0.011, 0.643;
3.081,0.887,0.630,0.887,0.630,-0.045,-0.011,-0.015,0.000,0.000,0.000, 0.045, 0.011, 0.643;
3.093,0.887,0.630,0.887,0.630,-0.045,-0.011,-0.015,0.000,0.000,0.000, 0.045, 0.011, 0.643;
3.106,0.887,0.631,0.887,0.631,-0.045,-0.011,-0.015,0.000,0.000,0.000, 0.045, 0.011, 0.643;
3.118,0.887,0.631,0.887,0.631,-0.045,-0.011,-0.015,0.000,0.000,0.000, 0.045, 0.011, 0.643;
3.130,0.887,0.632,0.887,0.632,-0.045,-0.011,-0.015,0.000,0.000,0.000, 0.045, 0.011, 0.643;
3.141,0.887,0.632,0.887,0.632,-0.045,-0.011,-0.015,0.000,0.000,0.000, 0.045, 0.011, 0.643;
3.153,0.888,0.633,0.888,0.633,-0.045,-0.011,-0.015,0.000,0.000,0.000, 0.045, 0.011, 0.643;
3.165,0.888,0.633,0.888,0.633,-0.045,-0.011,-0.015,0.000,0.000,0.000, 0.045, 0.011, 0.643;
3.178,0.888,0.634,0.888,0.634,-0.045,-0.011,-0.015,0.000,0.000,0.000, 0.045, 0.011, 0.643;
3.191,0.888,0.634,0.888,0.634,-0.045,-0.011,-0.015,0.000,0.000,0.000, 0.045, 0.011, 0.643;
3.203,0.888,0.635,0.888,0.635,-0.045,-0.011,-0.015,0.000,0.000,0.000, 0.045, 0.011, 0.643;
3.214,0.888,0.635,0.888,0.635,-0.045,-0.011,-0.015,0.000,0.000,0.000, 0.045, 0.011, 0.643;
3.226,0.888,0.635,0.888,0.635,-0.045,-0.011,-0.015,0.000,0.000,0.000, 0.045, 0.011, 0.643;
3.238,0.888,0.636,0.888,0.636,-0.045,-0.011,-0.015,0.000,0.000,0.000, 0.045, 0.011, 0.643;
3.249,0.888,0.636,0.888,0.636,-0.045,-0.011,-0.015,0.000,0.000,0.000, 0.045, 0.011, 0.643;
3.262,0.888,0.637,0.888,0.637,-0.045,-0.011,-0.015,0.000,0.000,0.000, 0.045, 0.011, 0.643;
3.274,0.889,0.637,0.889,0.637,-0.045,-0.011,-0.015,0.000,0.000,0.000, 0.045, 0.011, 0.643;
3.287,0.889,0.638,0.889,0.638,-0.045,-0.011,-0.015,0.000,0.000,0.000, 0.045, 0.011, 0.643;
3.299,0.889,0.638,0.889,0.638,-0.045,-0.011,-0.015,0.000,0.000,0.000, 0.045, 0.011, 0.643;
3.311,0.889,0.639,0.889,0.639,-0.045,-0.011,-0.015,0.000,0.000,0.000, 0.045, 0.011, 0.643;
3.323,0.889,0.639,0.889,0.639,-0.045,-0.011,-0.015,0.000,0.000,0.000, 0.045, 0.011, 0.643;
3.335,0.889,0.640,0.889,0.640,-0.045,-0.011,-0.015,0.000,0.000,0.000, 0.045, 0.011, 0.643;
3.347,0.889,0.640,0.889,0.640,-0.045,-0.011,-0.015,0.000,0.000,0.000, 0.045, 0.011, 0.643;
3.359,0.889,0.641,0.889,0.641,-0.045,-0.011,-0.015,0.000,0.000,0.000, 0.045, 0.011, 0.643;
3.371,0.890,0.641,0.890,0.641,-0.045,-0.011,-0.015,0.000,0.000,0.000, 0.045, 0.011, 0.643;
3.384,0.890,0.641,0.890,0.641,-0.045,-0.011,-0.015,0.000,0.000,0.000, 0.045, 0.011, 0.643;
3.397,0.890,0.642,0.890,0.642,-0.045,-0.011,-0.015,0.000,0.000,0.000, 0.045, 0.011, 0.643;
3.409,0.890,0.642,0.890,0.642,-0.045,-0.011,-0.015,0.000,0.000,0.000, 0.045, 0.011, 0.643;
3.421,0.890,0.643,0.890,0.643,-0.045,-0.011,-0.015,0.000,0.000,0.000, 0.045, 0.011, 0.643;
3.435,0.890,0.643,0.890,0.643,-0.045,-0.011,-0.015,0.000,0.000,0.000, 0.045, 0.011, 0.643;
3.448,0.890,0.644,0.890,0.644,-0.045,-0.011,-0.015,0.000,0.000,0.000, 0.045, 0.011, 0.643;
3.460,0.891,0.644,0.891,0.644,-0.045,-0.011,-0.015,0.000,0.000,0.000, 0.045, 0.011, 0.643;
3.473,0.891,0.645,0.891,0.645,-0.045,-0.011,-0.015,0.000,0.000,0.000, 0.045, 0.011, 0.643;
3.477,0.891,0.645,0.891,0.645,-0.045,-0.011,-0.015,0.000,0.000,0.000, 0.045, 0.011, 0.643;
3.487,0.891,0.645,0.891,0.645,-0.045,-0.011,-0.015,0.000,0.000,0.000, 0.045, 0.011, 0.643;
3.509,0.891,0.646,0.891,0.646,-0.045,-0.011,-0.015,0.000,0.000,0.000, 0.045, 0.011, 0.643;
3.521,0.891,0.647,0.891,0.647,-0.045,-0.011,-0.015,0.000,0.000,0.000, 0.045, 0.011, 0.643;
3.533,0.891,0.647,0.891,0.647,-0.045,-0.011,-0.015,0.000,0.000,0.000, 0.045, 0.011, 0.643;
3.545,0.892,0.648,0.892,0.648,-0.045,-0.011,-0.015,0.000,0.000,0.000, 0.045, 0.011, 0.643;
3.557,0.892,0.648,0.892,0.648,-0.045,-0.011,-0.015,0.000,0.000,0.000, 0.045, 0.011, 0.643;
3.569,0.892,0.648,0.892,0.648,-0.045,-0.011,-0.015,0.000,0.000,0.000, 0.045, 0.011, 0.643;
3.581,0.892,0.649,0.892,0.649,-0.045,-0.011,-0.015,0.000,0.000,0.000, 0.045, 0.011, 0.643;
3.593,0.892,0.649,0.892,0.649,-0.045,-0.011,-0.015,0.000,0.000,0.000, 0.045, 0.011, 0.643;
3.605,0.892,0.650,0.892,0.650,-0.045,-0.011,-0.015,0.000,0.000,0.000, 0.045, 0.011, 0.643;
3.617,0.893,0.650,0.893,0.650,-0.045,-0.011,-0.015,0.000,0.000,0.000, 0.045, 0.011, 0.643;
3.630,0.893,0.651,0.893,0.651,-0.045,-0.011,-0.015,0.000,0.000,0.000, 0.045, 0.011, 0.643;
3.642,0.893,0.651,0.893,0.651,-0.045,-0.011,-0.015,0.000,0.000,0.000, 0.045, 0.011, 0.643;
3.655,0.893,0.652,0.893,0.652,-0.045,-0.011,-0.015,0.000,0.000,0.000, 0.045, 0.011, 0.643;
3.666,0.893,0.652,0.893,0.652,-0.045,-0.011,-0.015,0.000,0.000,0.000, 0.045, 0.011, 0.643;
3.678,0.893,0.653,0.893,0.653,-0.045,-0.011,-0.015,0.000,0.000,0.000, 0.045, 0.011, 0.643;
3.690,0.894,0.653,0.894,0.653,-0.045,-0.011,-0.015,0.000,0.000,0.000, 0.045, 0.011, 0.643;
3.704,0.894,0.654,0.894,0.654,-0.045,-0.011,-0.015,0.000,0.000,0.000, 0.045, 0.011, 0.643;
3.708,0.894,0.654,0.894,0.654,-0.045,-0.011,-0.015,0.000,0.000,0.000, 0.045, 0.011, 0.643;
3.719,0.894,0.654,0.894,0.654,-0.045,-0.011,-0.015,0.000,0.000,0.000, 0.045, 0.011, 0.643;
3.741,0.894,0.655,0.894,0.655,-0.045,-0.011,-0.015,0.000,0.000,0.000, 0.045, 0.011, 0.643;
3.754,0.895,0.655,0.895,0.655,-0.045,-0.011,-0.015,0.000,0.000,0.000, 0.045, 0.011, 0.643;
3.765,0.895,0.656,0.895,0.656,-0.045,-0.011,-0.015,0.000,0.000,0.000, 0.045, 0.011, 0.643;
3.777,0.895,0.656,0.895,0.656,-0.045,-0.011,-0.015,0.000,0.000,0.000, 0.045, 0.011, 0.643;
3.789,0.895,0.657,0.895,0.657,-0.045,-0.011,-0.015,0.000,0.000,0.000, 0.045, 0.011, 0.643;
3.801,0.895,0.657,0.895,0.657,-0.045,-0.011,-0.015,0.000,0.000,0.000, 0.045, 0.011, 0.643;
3.814,0.895,0.658,0.895,0.658,-0.045,-0.011,-0.015,0.000,0.000,0.000, 0.045, 0.011, 0.643;
3.826,0.896,0.658,0.896,0.658,-0.045,-0.011,-0.015,0.000,0.000,0.000, 0.045, 0.011, 0.643;
3.838,0.896,0.658,0.896,0.658,-0.045,-0.011,-0.015,0.000,0.000,0.000, 0.045, 0.011, 0.643;
3.851,0.896,0.659,0.896,0.659,-0.045,-0.011,-0.015,0.000,0.000,0.000, 0.045, 0.011, 0.643;
3.863,0.896,0.659,0.896,0.659,-0.045,-0.011,-0.015,0.000,0.000,0.000, 0.045, 0.011, 0.643;
3.874,0.896,0.660,0.896,0.660,-0.045,-0.011,-0.015,0.000,0.000,0.000, 0.045, 0.011, 0.643;
3.886,0.897,0.660,0.897,0.660,-0.045,-0.011,-0.015,0.000,0.000,0.000, 0.045, 0.011, 0.643;
3.900,0.897,0.661,0.897,0.661,-0.045,-0.011,-0.015,0.000,0.000,0.000, 0.045, 0.011, 0.643;
3.912,0.897,0.661,0.897,0.661,-0.045,-0.011,-0.015,0.000,0.000,0.000, 0.045, 0.011, 0.643;
3.924,0.897,0.662,0.897,0.662,-0.045,-0.011,-0.015,0.000,0.000,0.000, 0.045, 0.011, 0.643;
3.935,0.898,0.662,0.898,0.662,-0.045,-0.011,-0.015,0.000,0.000,0.000, 0.045, 0.011, 0.643;
3.947,0.898,0.662,0.898,0.662,-0.045,-0.011,-0.015,0.000,0.000,0.000, 0.045, 0.011, 0.643;
3.959,0.898,0.663,0.898,0.663,-0.045,-0.011,-0.015,0.000,0.000,0.000, 0.045, 0.011, 0.643;
3.971,0.898,0.663,0.898,0.663,-0.045,-0.011,-0.015,0.000,0.000,0.000, 0.045, 0.011, 0.643;
3.983,0.898,0.664,0.898,0.664,-0.045,-0.011,-0.015,0.000,0.000,0.000, 0.045, 0.011, 0.643;
3.996,0.899,0.664,0.899,0.664,-0.045,-0.011,-0.015,0.000,0.000,0.000, 0.045, 0.011, 0.643;
4.008,0.899,0.665,0.899,0.665,-0.045,-0.011,-0.015,0.000,0.000,0.000, 0.045, 0.011, 0.643;
4.020,0.899,0.665,0.899,0.665,-0.045,-0.011,-0.015,0.000,0.000,0.000, 0.045, 0.011, 0.643;
4.032,0.899,0.665,0.899,0.665,-0.045,-0.011,-0.015,0.000,0.000,0.000, 0.045, 0.011, 0.643;
4.045,0.899,0.666,0.899,0.666,-0.045,-0.011,-0.015,0.000,0.000,0.000, 0.045, 0.011, 0.643;
4.059,0.900,0.666,0.900,0.666,-0.045,-0.011,-0.015,0.000,0.000,0.000, 0.045, 0.011, 0.643;
4.071,0.900,0.667,0.900,0.667,-0.045,-0.011,-0.015,0.000,0.000,0.000, 0.045, 0.011, 0.643;
4.084,0.900,0.667,0.900,0.667,-0.045,-0.011,-0.015,0.000,0.000,0.000, 0.045, 0.011, 0.643;
4.096,0.900,0.668,0.900,0.668,-0.045,-0.011,-0.015,0.000,0.000,0.000, 0.045, 0.011, 0.643;
4.108,0.901,0.668,0.901,0.668,-0.045,-0.011,-0.015,0.000,0.000,0.000, 0.045, 0.011, 0.643;
4.120,0.901,0.668,0.901,0.668,-0.045,-0.011,-0.015,0.000,0.000,0.000, 0.045, 0.011, 0.643;
4.132,0.901,0.669,0.901,0.669,-0.045,-0.011,-0.015,0.000,0.000,0.000, 0.045, 0.011, 0.643;
4.145,0.901,0.669,0.901,0.669,-0.045,-0.011,-0.015,0.000,0.000,0.000, 0.045, 0.011, 0.643;
4.150,0.901,0.669,0.901,0.669,-0.045,-0.011,-0.015,0.000,0.000,0.000, 0.045, 0.011, 0.643;
4.159,0.902,0.670,0.902,0.670,-0.045,-0.011,-0.015,0.000,0.000,0.000, 0.045, 0.011, 0.643;
4.181,0.902,0.671,0.902,0.671,-0.045,-0.011,-0.015,0.000,0.000,0.000, 0.045, 0.011, 0.643;
4.194,0.902,0.671,0.902,0.671,-0.045,-0.011,-0.015,0.000,0.000,0.000, 0.045, 0.011, 0.643;
4.206,0.903,0.671,0.903,0.671,-0.045,-0.011,-0.015,0.000,0.000,0.000, 0.045, 0.011, 0.643;
4.218,0.903,0.672,0.903,0.672,-0.045,-0.011,-0.015,0.000,0.000,0.000, 0.045, 0.011, 0.643;
4.229,0.903,0.672,0.903,0.672,-0.045,-0.011,-0.015,0.000,0.000,0.000, 0.045, 0.011, 0.643;
4.241,0.903,0.673,0.903,0.673,-0.045,-0.011,-0.015,0.000,0.000,0.000, 0.045, 0.011, 0.643;
4.253,0.904,0.673,0.904,0.673,-0.045,-0.011,-0.015,0.000,0.000,0.000, 0.045, 0.011, 0.643;
4.265,0.904,0.673,0.904,0.673,-0.045,-0.011,-0.015,0.000,0.000,0.000, 0.045, 0.011, 0.643;
4.277,0.904,0.674,0.904,0.674,-0.045,-0.011,-0.015,0.000,0.000,0.000, 0.045, 0.011, 0.643;
4.289,0.904,0.674,0.904,0.674,-0.045,-0.011,-0.015,0.000,0.000,0.000, 0.045, 0.011, 0.643;
4.301,0.905,0.675,0.905,0.675,-0.045,-0.011,-0.015,0.000,0.000,0.000, 0.045, 0.011, 0.643;
4.313,0.905,0.675,0.905,0.675,-0.045,-0.011,-0.015,0.000,0.000,0.000, 0.045, 0.011, 0.643;
4.325,0.905,0.675,0.905,0.675,-0.045,-0.011,-0.015,0.000,0.000,0.000, 0.045, 0.011, 0.643;
4.336,0.905,0.676,0.905,0.676,-0.045,-0.011,-0.015,0.000,0.000,0.000, 0.045, 0.011, 0.643;
4.348,0.906,0.676,0.906,0.676,-0.045,-0.011,-0.015,0.000,0.000,0.000, 0.045, 0.011, 0.643;
4.359,0.906,0.677,0.906,0.677,-0.045,-0.011,-0.015,0.000,0.000,0.000, 0.045, 0.011, 0.643;
4.370,0.906,0.677,0.906,0.677,-0.045,-0.011,-0.015,0.000,0.000,0.000, 0.045, 0.011, 0.643;
4.381,0.906,0.677,0.906,0.677,-0.045,-0.011,-0.015,0.000,0.000,0.000, 0.045, 0.011, 0.643;
4.391,0.907,0.678,0.907,0.678,-0.045,-0.011,-0.015,0.000,0.000,0.000, 0.045, 0.011, 0.643;
4.413,0.907,0.678,0.907,0.678,-0.045,-0.011,-0.015,0.000,0.000,0.000, 0.045, 0.011, 0.643;
4.424,0.907,0.679,0.907,0.679,-0.045,-0.011,-0.015,0.000,0.000,0.000, 0.045, 0.011, 0.643;
4.435,0.908,0.679,0.908,0.679,-0.045,-0.011,-0.015,0.000,0.000,0.000, 0.045, 0.011, 0.643;
4.447,0.908,0.679,0.908,0.679,-0.045,-0.011,-0.015,0.000,0.000,0.000, 0.045, 0.011, 0.643;
4.458,0.908,0.680,0.908,0.680,-0.045,-0.011,-0.015,0.000,0.000,0.000, 0.045, 0.011, 0.643;
4.469,0.908,0.680,0.908,0.680,-0.045,-0.011,-0.015,0.000,0.000,0.000, 0.045, 0.011, 0.643;
4.480,0.909,0.681,0.909,0.681,-0.045,-0.011,-0.015,0.000,0.000,0.000, 0.045, 0.011, 0.643;
4.491,0.909,0.681,0.909,0.681,-0.045,-0.011,-0.015,0.000,0.000,0.000, 0.045, 0.011, 0.643;
4.502,0.909,0.681,0.909,0.681,-0.045,-0.011,-0.015,0.000,0.000,0.000, 0.045, 0.011, 0.643;
4.523,0.910,0.682,0.910,0.682,-0.045,-0.011,-0.015,0.000,0.000,0.000, 0.045, 0.011, 0.643;
4.536,0.910,0.682,0.910,0.682,-0.045,-0.011,-0.015,0.000,0.000,0.000, 0.045, 0.011, 0.643;
4.548,0.910,0.683,0.910,0.683,-0.045,-0.011,-0.015,0.000,0.000,0.000, 0.045, 0.011, 0.643;
4.561,0.910,0.683,0.910,0.683,-0.045,-0.011,-0.015,0.000,0.000,0.000, 0.045, 0.011, 0.643;
4.564,0.911,0.683,0.911,0.683,-0.045,-0.011,-0.015,0.000,0.000,0.000, 0.045, 0.011, 0.643;
4.585,0.911,0.684,0.911,0.684,-0.045,-0.011,-0.015,0.000,0.000,0.000, 0.045, 0.011, 0.643;
4.592,0.911,0.684,0.911,0.684,-0.045,-0.011,-0.015,0.000,0.000,0.000, 0.045, 0.011, 0.643;
4.599,0.911,0.684,0.911,0.684,-0.045,-0.011,-0.015,0.000,0.000,0.000, 0.045, 0.011, 0.643;
4.621,0.912,0.685,0.912,0.685,-0.045,-0.011,-0.015,0.000,0.000,0.000, 0.045, 0.011, 0.643;
4.633,0.912,0.685,0.912,0.685,-0.045,-0.011,-0.015,0.000,0.000,0.000, 0.045, 0.011, 0.643;
4.644,0.913,0.686,0.913,0.686,-0.045,-0.011,-0.015,0.000,0.000,0.000, 0.045, 0.011, 0.643;
4.657,0.913,0.686,0.913,0.686,-0.045,-0.011,-0.015,0.000,0.000,0.000, 0.045, 0.011, 0.643;
4.670,0.913,0.687,0.913,0.687,-0.045,-0.011,-0.015,0.000,0.000,0.000, 0.045, 0.011, 0.643;
4.676,0.913,0.687,0.913,0.687,-0.045,-0.011,-0.015,0.000,0.000,0.000, 0.045, 0.011, 0.643;
4.686,0.914,0.687,0.914,0.687,-0.045,-0.011,-0.015,0.000,0.000,0.000, 0.045, 0.011, 0.643;
4.707,0.914,0.688,0.914,0.688,-0.045,-0.011,-0.015,0.000,0.000,0.000, 0.045, 0.011, 0.643;
4.720,0.914,0.688,0.914,0.688,-0.045,-0.011,-0.015,0.000,0.000,0.000, 0.045, 0.011, 0.643;
4.725,0.915,0.688,0.915,0.688,-0.045,-0.011,-0.015,0.000,0.000,0.000, 0.045, 0.011, 0.643;
4.735,0.915,0.689,0.915,0.689,-0.045,-0.011,-0.015,0.000,0.000,0.000, 0.045, 0.011, 0.643;
4.747,0.915,0.689,0.915,0.689,-0.045,-0.011,-0.015,0.000,0.000,0.000, 0.045, 0.011, 0.643;
4.769,0.916,0.690,0.916,0.690,-0.045,-0.011,-0.015,0.000,0.000,0.000, 0.045, 0.011, 0.643;
4.771,0.916,0.690,0.916,0.690,-0.045,-0.011,-0.015,0.000,0.000,0.000, 0.045, 0.011, 0.643;
4.793,0.916,0.690,0.916,0.690,-0.045,-0.011,-0.015,0.000,0.000,0.000, 0.045, 0.011, 0.643;
4.796,0.916,0.690,0.916,0.690,-0.045,-0.011,-0.015,0.000,0.000,0.000, 0.045, 0.011, 0.643;
4.818,0.917,0.691,0.917,0.691,-0.045,-0.011,-0.015,0.000,0.000,0.000, 0.045, 0.011, 0.643;
4.824,0.917,0.691,0.917,0.691,-0.045,-0.011,-0.015,0.000,0.000,0.000, 0.045, 0.011, 0.643;
4.835,0.917,0.691,0.917,0.691,-0.045,-0.011,-0.015,0.000,0.000,0.000, 0.045, 0.011, 0.643;
4.847,0.918,0.692,0.918,0.692,-0.045,-0.011,-0.015,0.000,0.000,0.000, 0.045, 0.011, 0.643;
4.858,0.918,0.692,0.918,0.692,-0.045,-0.011,-0.015,0.000,0.000,0.000, 0.045, 0.011, 0.643;
4.869,0.918,0.692,0.918,0.692,-0.045,-0.011,-0.015,0.000,0.000,0.000, 0.045, 0.011, 0.643;
4.882,0.919,0.693,0.919,0.693,-0.045,-0.011,-0.015,0.000,0.000,0.000, 0.045, 0.011, 0.643;
4.893,0.919,0.693,0.919,0.693,-0.045,-0.011,-0.015,0.000,0.000,0.000, 0.045, 0.011, 0.643;
4.915,0.920,0.694,0.920,0.694,-0.045,-0.011,-0.015,0.000,0.000,0.000, 0.045, 0.011, 0.643;
4.927,0.920,0.694,0.920,0.694,-0.045,-0.011,-0.015,0.000,0.000,0.000, 0.045, 0.011, 0.643;
4.939,0.920,0.695,0.920,0.695,-0.045,-0.011,-0.015,0.000,0.000,0.000, 0.045, 0.011, 0.643;
4.951,0.921,0.695,0.921,0.695,-0.045,-0.011,-0.015,0.000,0.000,0.000, 0.045, 0.011, 0.643;
4.962,0.921,0.695,0.921,0.695,-0.045,-0.011,-0.015,0.000,0.000,0.000, 0.045, 0.011, 0.643;
4.975,0.921,0.696,0.921,0.696,-0.045,-0.011,-0.015,0.000,0.000,0.000, 0.045, 0.011, 0.643;
4.986,0.922,0.696,0.922,0.696,-0.045,-0.011,-0.015,0.000,0.000,0.000, 0.045, 0.011, 0.643;
4.998,0.922,0.696,0.922,0.696,-0.045,-0.011,-0.015,0.000,0.000,0.000, 0.045, 0.011, 0.643;
5.010,0.922,0.697,0.922,0.697,-0.045,-0.011,-0.015,0.000,0.000,0.000, 0.045, 0.011, 0.643;
5.023,0.923,0.697,0.923,0.697,-0.045,-0.011,-0.015,0.000,0.000,0.000, 0.045, 0.011, 0.643;
5.035,0.923,0.697,0.923,0.697,-0.045,-0.011,-0.015,0.000,0.000,0.000, 0.045, 0.011, 0.643;
5.047,0.923,0.698,0.923,0.698,-0.045,-0.011,-0.015,0.000,0.000,0.000, 0.045, 0.011, 0.643;
5.059,0.924,0.698,0.924,0.698,-0.045,-0.011,-0.015,0.000,0.000,0.000, 0.045, 0.011, 0.643;
5.071,0.924,0.698,0.924,0.698,-0.045,-0.011,-0.015,0.000,0.000,0.000, 0.045, 0.011, 0.643;
5.084,0.924,0.699,0.924,0.699,-0.045,-0.011,-0.015,0.000,0.000,0.000, 0.045, 0.011, 0.643;
5.096,0.925,0.699,0.925,0.699,-0.045,-0.011,-0.015,0.000,0.000,0.000, 0.045, 0.011, 0.643;
5.109,0.925,0.699,0.925,0.699,-0.045,-0.011,-0.015,0.000,0.000,0.000, 0.045, 0.011, 0.643;
5.121,0.925,0.700,0.925,0.700,-0.045,-0.011,-0.015,0.000,0.000,0.000, 0.045, 0.011, 0.643;
5.134,0.926,0.700,0.926,0.700,-0.045,-0.011,-0.015,0.000,0.000,0.000, 0.045, 0.011, 0.643;
5.146,0.926,0.700,0.926,0.700,-0.045,-0.011,-0.015,0.000,0.000,0.000, 0.045, 0.011, 0.643;
5.158,0.926,0.701,0.926,0.701,-0.045,-0.011,-0.015,0.000,0.000,0.000, 0.045, 0.011, 0.643;
5.170,0.927,0.701,0.927,0.701,-0.045,-0.011,-0.015,0.000,0.000,0.000, 0.045, 0.011, 0.643;
5.182,0.927,0.701,0.927,0.701,-0.045,-0.011,-0.015,0.000,0.000,0.000, 0.045, 0.011, 0.643;
5.194,0.928,0.702,0.928,0.702,-0.045,-0.011,-0.015,0.000,0.000,0.000, 0.045, 0.011, 0.643;
5.206,0.928,0.702,0.928,0.702,-0.045,-0.011,-0.015,0.000,0.000,0.000, 0.045, 0.011, 0.643;
5.218,0.928,0.702,0.928,0.702,-0.045,-0.011,-0.015,0.000,0.000,0.000, 0.045, 0.011, 0.643;
5.230,0.929,0.702,0.929,0.702,-0.045,-0.011,-0.015,0.000,0.000,0.000, 0.045, 0.011, 0.643;
5.242,0.929,0.703,0.929,0.703,-0.045,-0.011,-0.015,0.000,0.000,0.000, 0.045, 0.011, 0.643;
5.254,0.929,0.703,0.929,0.703,-0.045,-0.011,-0.015,0.000,0.000,0.000, 0.045, 0.011, 0.643;
5.267,0.930,0.703,0.930,0.703,-0.045,-0.011,-0.015,0.000,0.000,0.000, 0.045, 0.011, 0.643;
5.279,0.930,0.704,0.930,0.704,-0.045,-0.011,-0.015,0.000,0.000,0.000, 0.045, 0.011, 0.643;
5.291,0.930,0.704,0.930,0.704,-0.045,-0.011,-0.015,0.000,0.000,0.000, 0.045, 0.011, 0.643;
5.303,0.931,0.704,0.931,0.704,-0.045,-0.011,-0.015,0.000,0.000,0.000, 0.045, 0.011, 0.643;
5.314,0.931,0.705,0.931,0.705,-0.045,-0.011,-0.015,0.000,0.000,0.000, 0.045, 0.011, 0.643;
5.326,0.932,0.705,0.932,0.705,-0.045,-0.011,-0.015,0.000,0.000,0.000, 0.045, 0.011, 0.643;
5.338,0.932,0.705,0.932,0.705,-0.045,-0.011,-0.015,0.000,0.000,0.000, 0.045, 0.011, 0.643;
5.350,0.932,0.706,0.932,0.706,-0.045,-0.011,-0.015,0.000,0.000,0.000, 0.045, 0.011, 0.643;
5.362,0.933,0.706,0.933,0.706,-0.045,-0.011,-0.015,0.000,0.000,0.000, 0.045, 0.011, 0.643;
5.373,0.933,0.706,0.933,0.706,-0.045,-0.011,-0.015,0.000,0.000,0.000, 0.045, 0.011, 0.643;
5.385,0.933,0.706,0.933,0.706,-0.045,-0.011,-0.015,0.000,0.000,0.000, 0.045, 0.011, 0.643;
5.397,0.934,0.707,0.934,0.707,-0.045,-0.011,-0.015,0.000,0.000,0.000, 0.045, 0.011, 0.643;
5.408,0.934,0.707,0.934,0.707,-0.045,-0.011,-0.015,0.000,0.000,0.000, 0.045, 0.011, 0.643;
5.420,0.934,0.707,0.934,0.707,-0.045,-0.011,-0.015,0.000,0.000,0.000, 0.045, 0.011, 0.643;
5.432,0.935,0.708,0.935,0.708,-0.045,-0.011,-0.015,0.000,0.000,0.000, 0.045, 0.011, 0.643;
5.453,0.936,0.708,0.936,0.708,-0.045,-0.011,-0.015,0.000,0.000,0.000, 0.045, 0.011, 0.643;
5.458,0.936,0.708,0.936,0.708,-0.045,-0.011,-0.015,0.000,0.000,0.000, 0.045, 0.011, 0.643;
5.468,0.936,0.708,0.936,0.708,-0.045,-0.011,-0.015,0.000,0.000,0.000, 0.045, 0.011, 0.643;
5.490,0.937,0.709,0.937,0.709,-0.045,-0.011,-0.015,0.000,0.000,0.000, 0.045, 0.011, 0.643;
5.502,0.937,0.709,0.937,0.709,-0.045,-0.011,-0.015,0.000,0.000,0.000, 0.045, 0.011, 0.643;
5.514,0.937,0.709,0.937,0.709,-0.045,-0.011,-0.015,0.000,0.000,0.000, 0.045, 0.011, 0.643;
5.528,0.938,0.710,0.938,0.710,-0.045,-0.011,-0.015,0.000,0.000,0.000, 0.045, 0.011, 0.643;
5.531,0.938,0.710,0.938,0.710,-0.045,-0.011,-0.015,0.000,0.000,0.000, 0.045, 0.011, 0.643;
5.541,0.938,0.710,0.938,0.710,-0.045,-0.011,-0.015,0.000,0.000,0.000, 0.045, 0.011, 0.643;
5.563,0.939,0.711,0.939,0.711,-0.045,-0.011,-0.015,0.000,0.000,0.000, 0.045, 0.011, 0.643;
5.575,0.939,0.711,0.939,0.711,-0.045,-0.011,-0.015,0.000,0.000,0.000, 0.045, 0.011, 0.643;
5.587,0.940,0.711,0.940,0.711,-0.045,-0.011,-0.015,0.000,0.000,0.000, 0.045, 0.011, 0.643;
5.598,0.940,0.711,0.940,0.711,-0.045,-0.011,-0.015,0.000,0.000,0.000, 0.045, 0.011, 0.643;
5.610,0.941,0.712,0.941,0.712,-0.045,-0.011,-0.015,0.000,0.000,0.000, 0.045, 0.011, 0.643;
5.624,0.941,0.712,0.941,0.712,-0.045,-0.011,-0.015,0.000,0.000,0.000, 0.045, 0.011, 0.643;
5.636,0.941,0.712,0.941,0.712,-0.045,-0.011,-0.015,0.000,0.000,0.000, 0.045, 0.011, 0.643;
5.648,0.942,0.712,0.942,0.712,-0.045,-0.011,-0.015,0.000,0.000,0.000, 0.045, 0.011, 0.643;
5.660,0.942,0.713,0.942,0.713,-0.045,-0.011,-0.015,0.000,0.000,0.000, 0.045, 0.011, 0.643;
5.672,0.943,0.713,0.943,0.713,-0.045,-0.011,-0.015,0.000,0.000,0.000, 0.045, 0.011, 0.643;
5.684,0.943,0.713,0.943,0.713,-0.045,-0.011,-0.015,0.000,0.000,0.000, 0.045, 0.011, 0.643;
5.697,0.943,0.714,0.943,0.714,-0.045,-0.011,-0.015,0.000,0.000,0.000, 0.045, 0.011, 0.643;
5.709,0.944,0.714,0.944,0.714,-0.045,-0.011,-0.015,0.000,0.000,0.000, 0.045, 0.011, 0.643;
5.721,0.944,0.714,0.944,0.714,-0.045,-0.011,-0.015,0.000,0.000,0.000, 0.045, 0.011, 0.643;
5.733,0.945,0.714,0.945,0.714,-0.045,-0.011,-0.015,0.000,0.000,0.000, 0.045, 0.011, 0.643;
5.745,0.945,0.715,0.945,0.715,-0.045,-0.011,-0.015,0.000,0.000,0.000, 0.045, 0.011, 0.643;
5.757,0.946,0.715,0.946,0.715,-0.045,-0.011,-0.015,0.000,0.000,0.000, 0.045, 0.011, 0.643;
5.769,0.946,0.715,0.946,0.715,-0.045,-0.011,-0.015,0.000,0.000,0.000, 0.045, 0.011, 0.643;
5.781,0.946,0.715,0.946,0.715,-0.045,-0.011,-0.015,0.000,0.000,0.000, 0.045, 0.011, 0.643;
5.793,0.947,0.716,0.947,0.716,-0.045,-0.011,-0.015,0.000,0.000,0.000, 0.045, 0.011, 0.643;
5.805,0.947,0.716,0.947,0.716,-0.045,-0.011,-0.015,0.000,0.000,0.000, 0.045, 0.011, 0.643;
5.819,0.948,0.716,0.948,0.716,-0.045,-0.011,-0.015,0.000,0.000,0.000, 0.045, 0.011, 0.643;
5.831,0.948,0.716,0.948,0.716,-0.045,-0.011,-0.015,0.000,0.000,0.000, 0.045, 0.011, 0.643;
5.843,0.948,0.717,0.948,0.717,-0.045,-0.011,-0.015,0.000,0.000,0.000, 0.045, 0.011, 0.643;
5.856,0.949,0.717,0.949,0.717,-0.045,-0.011,-0.015,0.000,0.000,0.000, 0.045, 0.011, 0.643;
5.867,0.949,0.717,0.949,0.717,-0.045,-0.011,-0.015,0.000,0.000,0.000, 0.045, 0.011, 0.643;
5.879,0.950,0.717,0.950,0.717,-0.045,-0.011,-0.015,0.000,0.000,0.000, 0.045, 0.011, 0.643;
5.891,0.950,0.717,0.950,0.717,-0.045,-0.011,-0.015,0.000,0.000,0.000, 0.045, 0.011, 0.643;
5.903,0.951,0.718,0.951,0.718,-0.045,-0.011,-0.015,0.000,0.000,0.000, 0.045, 0.011, 0.643;
5.915,0.951,0.718,0.951,0.718,-0.045,-0.011,-0.015,0.000,0.000,0.000, 0.045, 0.011, 0.643;
5.926,0.951,0.718,0.951,0.718,-0.045,-0.011,-0.015,0.000,0.000,0.000, 0.045, 0.011, 0.643;
5.939,0.952,0.718,0.952,0.718,-0.045,-0.011,-0.015,0.000,0.000,0.000, 0.045, 0.011, 0.643;
5.950,0.952,0.719,0.952,0.719,-0.045,-0.011,-0.015,0.000,0.000,0.000, 0.045, 0.011, 0.643;
5.962,0.953,0.719,0.953,0.719,-0.045,-0.011,-0.015,0.000,0.000,0.000, 0.045, 0.011, 0.643;
5.973,0.953,0.719,0.953,0.719,-0.045,-0.011,-0.015,0.000,0.000,0.000, 0.045, 0.011, 0.643;
5.985,0.953,0.719,0.953,0.719,-0.045,-0.011,-0.015,0.000,0.000,0.000, 0.045, 0.011, 0.643;
5.996,0.954,0.719,0.954,0.719,-0.045,-0.011,-0.015,0.000,0.000,0.000, 0.045, 0.011, 0.643;
6.008,0.954,0.720,0.954,0.720,-0.045,-0.011,-0.015,0.000,0.000,0.000, 0.045, 0.011, 0.643;
6.019,0.955,0.720,0.955,0.720,-0.045,-0.011,-0.015,0.000,0.000,0.000, 0.045, 0.011, 0.643;
6.041,0.955,0.720,0.955,0.720,-0.045,-0.011,-0.015,0.000,0.000,0.000, 0.045, 0.011, 0.643;
6.044,0.956,0.720,0.956,0.720,-0.045,-0.011,-0.015,0.000,0.000,0.000, 0.045, 0.011, 0.643;
6.064,0.956,0.721,0.956,0.721,-0.045,-0.011,-0.015,0.000,0.000,0.000, 0.045, 0.011, 0.643;
6.076,0.957,0.721,0.957,0.721,-0.045,-0.011,-0.015,0.000,0.000,0.000, 0.045, 0.011, 0.643;
6.088,0.957,0.721,0.957,0.721,-0.045,-0.011,-0.015,0.000,0.000,0.000, 0.045, 0.011, 0.643;
6.100,0.957,0.721,0.957,0.721,-0.045,-0.011,-0.015,0.000,0.000,0.000, 0.045, 0.011, 0.643;
6.113,0.958,0.721,0.958,0.721,-0.045,-0.011,-0.015,0.000,0.000,0.000, 0.045, 0.011, 0.643;
6.125,0.958,0.722,0.958,0.722,-0.045,-0.011,-0.015,0.000,0.000,0.000, 0.045, 0.011, 0.643;
6.137,0.959,0.722,0.959,0.722,-0.045,-0.011,-0.015,0.000,0.000,0.000, 0.045, 0.011, 0.643;
6.149,0.959,0.722,0.959,0.722,-0.045,-0.011,-0.015,0.000,0.000,0.000, 0.045, 0.011, 0.643;
6.160,0.960,0.722,0.960,0.722,-0.045,-0.011,-0.015,0.000,0.000,0.000, 0.045, 0.011, 0.643;
6.171,0.960,0.722,0.960,0.722,-0.045,-0.011,-0.015,0.000,0.000,0.000, 0.045, 0.011, 0.643;
6.182,0.960,0.723,0.960,0.723,-0.045,-0.011,-0.015,0.000,0.000,0.000, 0.045, 0.011, 0.643;
6.194,0.961,0.723,0.961,0.723,-0.045,-0.011,-0.015,0.000,0.000,0.000, 0.045, 0.011, 0.643;
6.205,0.961,0.723,0.961,0.723,-0.045,-0.011,-0.015,0.000,0.000,0.000, 0.045, 0.011, 0.643;
6.216,0.962,0.723,0.962,0.723,-0.045,-0.011,-0.015,0.000,0.000,0.000, 0.045, 0.011, 0.643;
6.227,0.962,0.723,0.962,0.723,-0.045,-0.011,-0.015,0.000,0.000,0.000, 0.045, 0.011, 0.643;
6.238,0.963,0.723,0.963,0.723,-0.045,-0.011,-0.015,0.000,0.000,0.000, 0.045, 0.011, 0.643;
6.259,0.963,0.724,0.963,0.724,-0.045,-0.011,-0.015,0.000,0.000,0.000, 0.045, 0.011, 0.643;
6.271,0.964,0.724,0.964,0.724,-0.045,-0.011,-0.015,0.000,0.000,0.000, 0.045, 0.011, 0.643;
6.283,0.964,0.724,0.964,0.724,-0.045,-0.011,-0.015,0.000,0.000,0.000, 0.045, 0.011, 0.643;
6.298,0.965,0.724,0.965,0.724,-0.045,-0.011,-0.015,0.000,0.000,0.000, 0.045, 0.011, 0.643;
6.301,0.965,0.724,0.965,0.724,-0.045,-0.011,-0.015,0.000,0.000,0.000, 0.045, 0.011, 0.643;
6.312,0.965,0.725,0.965,0.725,-0.045,-0.011,-0.015,0.000,0.000,0.000, 0.045, 0.011, 0.643;
6.334,0.966,0.725,0.966,0.725,-0.045,-0.011,-0.015,0.000,0.000,0.000, 0.045, 0.011, 0.643;
6.345,0.966,0.725,0.966,0.725,-0.045,-0.011,-0.015,0.000,0.000,0.000, 0.045, 0.011, 0.643;
6.358,0.967,0.725,0.967,0.725,-0.045,-0.011,-0.015,0.000,0.000,0.000, 0.045, 0.011, 0.643;
6.371,0.967,0.725,0.967,0.725,-0.045,-0.011,-0.015,0.000,0.000,0.000, 0.045, 0.011, 0.643;
6.374,0.968,0.725,0.968,0.725,-0.045,-0.011,-0.015,0.000,0.000,0.000, 0.045, 0.011, 0.643;
6.385,0.968,0.726,0.968,0.726,-0.045,-0.011,-0.015,0.000,0.000,0.000, 0.045, 0.011, 0.643;
6.406,0.969,0.726,0.969,0.726,-0.045,-0.011,-0.015,0.000,0.000,0.000, 0.045, 0.011, 0.643;
6.419,0.969,0.726,0.969,0.726,-0.045,-0.011,-0.015,0.000,0.000,0.000, 0.045, 0.011, 0.643;
6.431,0.970,0.726,0.970,0.726,-0.045,-0.011,-0.015,0.000,0.000,0.000, 0.045, 0.011, 0.643;
6.442,0.970,0.726,0.970,0.726,-0.045,-0.011,-0.015,0.000,0.000,0.000, 0.045, 0.011, 0.643;
6.455,0.971,0.727,0.971,0.727,-0.045,-0.011,-0.015,0.000,0.000,0.000, 0.045, 0.011, 0.643;
6.467,0.971,0.727,0.971,0.727,-0.045,-0.011,-0.015,0.000,0.000,0.000, 0.045, 0.011, 0.643;
6.478,0.971,0.727,0.971,0.727,-0.045,-0.011,-0.015,0.000,0.000,0.000, 0.045, 0.011, 0.643;
6.492,0.972,0.727,0.972,0.727,-0.045,-0.011,-0.015,0.000,0.000,0.000, 0.045, 0.011, 0.643;
6.495,0.972,0.727,0.972,0.727,-0.045,-0.011,-0.015,0.000,0.000,0.000, 0.045, 0.011, 0.643;
6.517,0.973,0.727,0.973,0.727,-0.045,-0.011,-0.015,0.000,0.000,0.000, 0.045, 0.011, 0.643;
6.529,0.973,0.727,0.973,0.727,-0.045,-0.011,-0.015,0.000,0.000,0.000, 0.045, 0.011, 0.643;
6.541,0.974,0.728,0.974,0.728,-0.045,-0.011,-0.015,0.000,0.000,0.000, 0.045, 0.011, 0.643;
6.553,0.974,0.728,0.974,0.728,-0.045,-0.011,-0.015,0.000,0.000,0.000, 0.045, 0.011, 0.643;
6.566,0.975,0.728,0.975,0.728,-0.045,-0.011,-0.015,0.000,0.000,0.000, 0.045, 0.011, 0.643;
6.577,0.975,0.728,0.975,0.728,-0.045,-0.011,-0.015,0.000,0.000,0.000, 0.045, 0.011, 0.643;
6.589,0.976,0.728,0.976,0.728,-0.045,-0.011,-0.015,0.000,0.000,0.000, 0.045, 0.011, 0.643;
6.601,0.976,0.728,0.976,0.728,-0.045,-0.011,-0.015,0.000,0.000,0.000, 0.045, 0.011, 0.643;
6.612,0.977,0.728,0.977,0.728,-0.045,-0.011,-0.015,0.000,0.000,0.000, 0.045, 0.011, 0.643;
6.624,0.977,0.729,0.977,0.729,-0.045,-0.011,-0.015,0.000,0.000,0.000, 0.045, 0.011, 0.643;
6.637,0.977,0.729,0.977,0.729,-0.045,-0.011,-0.015,0.000,0.000,0.000, 0.045, 0.011, 0.643;
6.650,0.978,0.729,0.978,0.729,-0.045,-0.011,-0.015,0.000,0.000,0.000, 0.045, 0.011, 0.643;
6.655,0.978,0.729,0.978,0.729,-0.045,-0.011,-0.015,0.000,0.000,0.000, 0.045, 0.011, 0.643;
6.666,0.979,0.729,0.979,0.729,-0.045,-0.011,-0.015,0.000,0.000,0.000, 0.045, 0.011, 0.643;
6.689,0.979,0.729,0.979,0.729,-0.045,-0.011,-0.015,0.000,0.000,0.000, 0.045, 0.011, 0.643;
6.692,0.980,0.729,0.980,0.729,-0.045,-0.011,-0.015,0.000,0.000,0.000, 0.045, 0.011, 0.643;
6.703,0.980,0.729,0.980,0.729,-0.045,-0.011,-0.015,0.000,0.000,0.000, 0.045, 0.011, 0.643;
6.725,0.981,0.730,0.981,0.730,-0.045,-0.011,-0.015,0.000,0.000,0.000, 0.045, 0.011, 0.643;
6.728,0.981,0.730,0.981,0.730,-0.045,-0.011,-0.015,0.000,0.000,0.000, 0.045, 0.011, 0.643;
6.749,0.982,0.730,0.982,0.730,-0.045,-0.011,-0.015,0.000,0.000,0.000, 0.045, 0.011, 0.643;
6.761,0.982,0.730,0.982,0.730,-0.045,-0.011,-0.015,0.000,0.000,0.000, 0.045, 0.011, 0.643;
6.772,0.983,0.730,0.983,0.730,-0.045,-0.011,-0.015,0.000,0.000,0.000, 0.045, 0.011, 0.643;
6.783,0.983,0.730,0.983,0.730,-0.045,-0.011,-0.015,0.000,0.000,0.000, 0.045, 0.011, 0.643;
6.795,0.984,0.730,0.984,0.730,-0.045,-0.011,-0.015,0.000,0.000,0.000, 0.045, 0.011, 0.643;
6.806,0.984,0.730,0.984,0.730,-0.045,-0.011,-0.015,0.000,0.000,0.000, 0.045, 0.011, 0.643;
6.817,0.984,0.730,0.984,0.730,-0.045,-0.011,-0.015,0.000,0.000,0.000, 0.045, 0.011, 0.643;
6.828,0.985,0.730,0.985,0.730,-0.045,-0.011,-0.015,0.000,0.000,0.000, 0.045, 0.011, 0.643;
6.839,0.985,0.731,0.985,0.731,-0.045,-0.011,-0.015,0.000,0.000,0.000, 0.045, 0.011, 0.643;
6.850,0.986,0.731,0.986,0.731,-0.045,-0.011,-0.015,0.000,0.000,0.000, 0.045, 0.011, 0.643;
6.871,0.987,0.731,0.987,0.731,-0.045,-0.011,-0.015,0.000,0.000,0.000, 0.045, 0.011, 0.643;
6.883,0.987,0.731,0.987,0.731,-0.045,-0.011,-0.015,0.000,0.000,0.000, 0.045, 0.011, 0.643;
6.894,0.987,0.731,0.987,0.731,-0.045,-0.011,-0.015,0.000,0.000,0.000, 0.045, 0.011, 0.643;
6.905,0.988,0.731,0.988,0.731,-0.045,-0.011,-0.015,0.000,0.000,0.000, 0.045, 0.011, 0.643;
6.916,0.988,0.731,0.988,0.731,-0.045,-0.011,-0.015,0.000,0.000,0.000, 0.045, 0.011, 0.643;
6.928,0.989,0.731,0.989,0.731,-0.045,-0.011,-0.015,0.000,0.000,0.000, 0.045, 0.011, 0.643;
6.938,0.989,0.731,0.989,0.731,-0.045,-0.011,-0.015,0.000,0.000,0.000, 0.045, 0.011, 0.643;
6.949,0.990,0.731,0.990,0.731,-0.045,-0.011,-0.015,0.000,0.000,0.000, 0.045, 0.011, 0.643;
6.960,0.990,0.731,0.990,0.731,-0.045,-0.011,-0.015,0.000,0.000,0.000, 0.045, 0.011, 0.643;
6.971,0.990,0.732,0.990,0.732,-0.045,-0.011,-0.015,0.000,0.000,0.000, 0.045, 0.011, 0.643;
6.993,0.991,0.732,0.991,0.732,-0.045,-0.011,-0.015,0.000,0.000,0.000, 0.045, 0.011, 0.643;
7.004,0.992,0.732,0.992,0.732,-0.045,-0.011,-0.015,0.000,0.000,0.000, 0.045, 0.011, 0.643;
7.015,0.992,0.732,0.992,0.732,-0.045,-0.011,-0.015,0.000,0.000,0.000, 0.045, 0.011, 0.643;
7.027,0.993,0.732,0.993,0.732,-0.045,-0.011,-0.015,0.000,0.000,0.000, 0.045, 0.011, 0.643;
7.039,0.993,0.732,0.993,0.732,-0.045,-0.011,-0.015,0.000,0.000,0.000, 0.045, 0.011, 0.643;
7.050,0.994,0.732,0.994,0.732,-0.045,-0.011,-0.015,0.000,0.000,0.000, 0.045, 0.011, 0.643;
7.061,0.994,0.732,0.994,0.732,-0.045,-0.011,-0.015,0.000,0.000,0.000, 0.045, 0.011, 0.643;
7.071,0.994,0.732,0.994,0.732,-0.045,-0.011,-0.015,0.000,0.000,0.000, 0.045, 0.011, 0.643;
7.082,0.995,0.732,0.995,0.732,-0.045,-0.011,-0.015,0.000,0.000,0.000, 0.045, 0.011, 0.643;
7.104,0.996,0.732,0.996,0.732,-0.045,-0.011,-0.015,0.000,0.000,0.000, 0.045, 0.011, 0.643;
7.115,0.996,0.732,0.996,0.732,-0.045,-0.011,-0.015,0.000,0.000,0.000, 0.045, 0.011, 0.643;
7.126,0.997,0.732,0.997,0.732,-0.045,-0.011,-0.015,0.000,0.000,0.000, 0.045, 0.011, 0.643;
7.137,0.997,0.732,0.997,0.732,-0.045,-0.011,-0.015,0.000,0.000,0.000, 0.045, 0.011, 0.643;
7.149,0.997,0.733,0.997,0.733,-0.045,-0.011,-0.015,0.000,0.000,0.000, 0.045, 0.011, 0.643;
7.160,0.998,0.733,0.998,0.733,-0.045,-0.011,-0.015,0.000,0.000,0.000, 0.045, 0.011, 0.643;
7.171,0.998,0.733,0.998,0.733,-0.045,-0.011,-0.015,0.000,0.000,0.000, 0.045, 0.011, 0.643;
7.182,0.999,0.733,0.999,0.733,-0.045,-0.011,-0.015,0.000,0.000,0.000, 0.045, 0.011, 0.643;
7.193,0.999,0.733,0.999,0.733,-0.045,-0.011,-0.015,0.000,0.000,0.000, 0.045, 0.011, 0.643;
7.204,1.000,0.733,1.000,0.733,-0.045,-0.011,-0.015,0.000,0.000,0.000, 0.045, 0.011, 0.643;
7.226,1.000,0.733,1.000,0.733,-0.045,-0.011,-0.015,0.000,0.000,0.000, 0.045, 0.011, 0.643;
7.238,1.001,0.733,1.001,0.733,-0.045,-0.011,-0.015,0.000,0.000,0.000, 0.045, 0.011, 0.643;
7.250,1.001,0.733,1.001,0.733,-0.045,-0.011,-0.015,0.000,0.000,0.000, 0.045, 0.011, 0.643;
7.262,1.002,0.733,1.002,0.733,-0.045,-0.011,-0.015,0.000,0.000,0.000, 0.045, 0.011, 0.643;
7.275,1.002,0.733,1.002,0.733,-0.045,-0.011,-0.015,0.000,0.000,0.000, 0.045, 0.011, 0.643;
7.287,1.003,0.733,1.003,0.733,-0.045,-0.011,-0.015,0.000,0.000,0.000, 0.045, 0.011, 0.643;
7.299,1.003,0.733,1.003,0.733,-0.045,-0.011,-0.015,0.000,0.000,0.000, 0.045, 0.011, 0.643;
7.312,1.004,0.733,1.004,0.733,-0.045,-0.011,-0.015,0.000,0.000,0.000, 0.045, 0.011, 0.643;
7.322,1.004,0.733,1.004,0.733,-0.045,-0.011,-0.015,0.000,0.000,0.000, 0.045, 0.011, 0.643;
7.334,1.005,0.733,1.005,0.733,-0.045,-0.011,-0.015,0.000,0.000,0.000, 0.045, 0.011, 0.643;
7.346,1.005,0.733,1.005,0.733,-0.045,-0.011,-0.015,0.000,0.000,0.000, 0.045, 0.011, 0.643;
7.359,1.006,0.733,1.006,0.733,-0.045,-0.011,-0.015,0.000,0.000,0.000, 0.045, 0.011, 0.643;
7.372,1.006,0.733,1.006,0.733,-0.045,-0.011,-0.015,0.000,0.000,0.000, 0.045, 0.011, 0.643;
7.384,1.007,0.733,1.007,0.733,-0.045,-0.011,-0.015,0.000,0.000,0.000, 0.045, 0.011, 0.643;
7.395,1.007,0.733,1.007,0.733,-0.045,-0.011,-0.015,0.000,0.000,0.000, 0.045, 0.011, 0.643;
7.408,1.008,0.733,1.008,0.733,-0.045,-0.011,-0.015,0.000,0.000,0.000, 0.045, 0.011, 0.643;
7.420,1.008,0.733,1.008,0.733,-0.045,-0.011,-0.015,0.000,0.000,0.000, 0.045, 0.011, 0.643;
7.431,1.009,0.733,1.009,0.733,-0.045,-0.011,-0.015,0.000,0.000,0.000, 0.045, 0.011, 0.643;
7.444,1.009,0.733,1.009,0.733,-0.045,-0.011,-0.015,0.000,0.000,0.000, 0.045, 0.011, 0.643;
7.457,1.010,0.733,1.010,0.733,-0.045,-0.011,-0.015,0.000,0.000,0.000, 0.045, 0.011, 0.643;
7.469,1.010,0.733,1.010,0.733,-0.045,-0.011,-0.015,0.000,0.000,0.000, 0.045, 0.011, 0.643;
7.482,1.011,0.733,1.011,0.733,-0.045,-0.011,-0.015,0.000,0.000,0.000, 0.045, 0.011, 0.643;
7.494,1.011,0.733,1.011,0.733,-0.045,-0.011,-0.015,0.000,0.000,0.000, 0.045, 0.011, 0.643;
7.506,1.012,0.733,1.012,0.733,-0.045,-0.011,-0.015,0.000,0.000,0.000, 0.045, 0.011, 0.643;
7.519,1.012,0.733,1.012,0.733,-0.045,-0.011,-0.015,0.000,0.000,0.000, 0.045, 0.011, 0.643;
7.530,1.013,0.733,1.013,0.733,-0.045,-0.011,-0.015,0.000,0.000,0.000, 0.045, 0.011, 0.643;
7.541,1.013,0.733,1.013,0.733,-0.045,-0.011,-0.015,0.000,0.000,0.000, 0.045, 0.011, 0.643;
7.552,1.013,0.733,1.013,0.733,-0.045,-0.011,-0.015,0.000,0.000,0.000, 0.045, 0.011, 0.643;
7.564,1.014,0.733,1.014,0.733,-0.045,-0.011,-0.015,0.000,0.000,0.000, 0.045, 0.011, 0.643;
7.574,1.014,0.733,1.014,0.733,-0.045,-0.011,-0.015,0.000,0.000,0.000, 0.045, 0.011, 0.643;
7.586,1.015,0.733,1.015,0.733,-0.045,-0.011,-0.015,0.000,0.000,0.000, 0.045, 0.011, 0.643;
7.597,1.015,0.733,1.015,0.733,-0.045,-0.011,-0.015,0.000,0.000,0.000, 0.045, 0.011, 0.643;
7.608,1.016,0.733,1.016,0.733,-0.045,-0.011,-0.015,0.000,0.000,0.000, 0.045, 0.011, 0.643;
7.629,1.016,0.733,1.016,0.733,-0.045,-0.011,-0.015,0.000,0.000,0.000, 0.045, 0.011, 0.643;
7.640,1.017,0.733,1.017,0.733,-0.045,-0.011,-0.015,0.000,0.000,0.000, 0.045, 0.011, 0.643;
7.652,1.017,0.733,1.017,0.733,-0.045,-0.011,-0.015,0.000,0.000,0.000, 0.045, 0.011, 0.643;
7.664,1.018,0.733,1.018,0.733,-0.045,-0.011,-0.015,0.000,0.000,0.000, 0.045, 0.011, 0.643;
7.669,1.018,0.733,1.018,0.733,-0.045,-0.011,-0.015,0.000,0.000,0.000, 0.045, 0.011, 0.643;
7.690,1.019,0.733,1.019,0.733,-0.045,-0.011,-0.015,0.000,0.000,0.000, 0.045, 0.011, 0.643;
7.702,1.019,0.733,1.019,0.733,-0.045,-0.011,-0.015,0.000,0.000,0.000, 0.045, 0.011, 0.643;
7.714,1.020,0.733,1.020,0.733,-0.045,-0.011,-0.015,0.000,0.000,0.000, 0.045, 0.011, 0.643;
7.727,1.020,0.733,1.020,0.733,-0.045,-0.011,-0.015,0.000,0.000,0.000, 0.045, 0.011, 0.643;
7.738,1.021,0.733,1.021,0.733,-0.045,-0.011,-0.015,0.000,0.000,0.000, 0.045, 0.011, 0.643;
7.750,1.021,0.733,1.021,0.733,-0.045,-0.011,-0.015,0.000,0.000,0.000, 0.045, 0.011, 0.643;
7.761,1.022,0.733,1.022,0.733,-0.045,-0.011,-0.015,0.000,0.000,0.000, 0.045, 0.011, 0.643;
7.773,1.022,0.733,1.022,0.733,-0.045,-0.011,-0.015,0.000,0.000,0.000, 0.045, 0.011, 0.643;
7.784,1.023,0.733,1.023,0.733,-0.045,-0.011,-0.015,0.000,0.000,0.000, 0.045, 0.011, 0.643;
7.795,1.023,0.733,1.023,0.733,-0.045,-0.011,-0.015,0.000,0.000,0.000, 0.045, 0.011, 0.643;
7.806,1.024,0.733,1.024,0.733,-0.045,-0.011,-0.015,0.000,0.000,0.000, 0.045, 0.011, 0.643;
7.817,1.024,0.733,1.024,0.733,-0.045,-0.011,-0.015,0.000,0.000,0.000, 0.045, 0.011, 0.643;
7.828,1.024,0.733,1.024,0.733,-0.045,-0.011,-0.015,0.000,0.000,0.000, 0.045, 0.011, 0.643;
7.849,1.025,0.733,1.025,0.733,-0.045,-0.011,-0.015,0.000,0.000,0.000, 0.045, 0.011, 0.643;
7.860,1.026,0.732,1.026,0.732,-0.045,-0.011,-0.015,0.000,0.000,0.000, 0.045, 0.011, 0.643;
7.871,1.026,0.732,1.026,0.732,-0.045,-0.011,-0.015,0.000,0.000,0.000, 0.045, 0.011, 0.643;
7.883,1.027,0.732,1.027,0.732,-0.045,-0.011,-0.015,0.000,0.000,0.000, 0.045, 0.011, 0.643;
7.894,1.027,0.732,1.027,0.732,-0.045,-0.011,-0.015,0.000,0.000,0.000, 0.045, 0.011, 0.643;
7.905,1.027,0.732,1.027,0.732,-0.045,-0.011,-0.015,0.000,0.000,0.000, 0.045, 0.011, 0.643;
7.916,1.028,0.732,1.028,0.732,-0.045,-0.011,-0.015,0.000,0.000,0.000, 0.045, 0.011, 0.643;
7.927,1.028,0.732,1.028,0.732,-0.045,-0.011,-0.015,0.000,0.000,0.000, 0.045, 0.011, 0.643;
7.938,1.029,0.732,1.029,0.732,-0.045,-0.011,-0.015,0.000,0.000,0.000, 0.045, 0.011, 0.643;
7.950,1.029,0.732,1.029,0.732,-0.045,-0.011,-0.015,0.000,0.000,0.000, 0.045, 0.011, 0.643;
7.972,1.030,0.732,1.030,0.732,-0.045,-0.011,-0.015,0.000,0.000,0.000, 0.045, 0.011, 0.643;
7.984,1.031,0.732,1.031,0.732,-0.045,-0.011,-0.015,0.000,0.000,0.000, 0.045, 0.011, 0.643;
7.996,1.031,0.732,1.031,0.732,-0.045,-0.011,-0.015,0.000,0.000,0.000, 0.045, 0.011, 0.643;
8.008,1.031,0.732,1.031,0.732,-0.045,-0.011,-0.015,0.000,0.000,0.000, 0.045, 0.011, 0.643;
8.020,1.032,0.732,1.032,0.732,-0.045,-0.011,-0.015,0.000,0.000,0.000, 0.045, 0.011, 0.643;
8.032,1.032,0.732,1.032,0.732,-0.045,-0.011,-0.015,0.000,0.000,0.000, 0.045, 0.011, 0.643;
8.044,1.033,0.731,1.033,0.731,-0.045,-0.011,-0.015,0.000,0.000,0.000, 0.045, 0.011, 0.643;
8.055,1.033,0.731,1.033,0.731,-0.045,-0.011,-0.015,0.000,0.000,0.000, 0.045, 0.011, 0.643;
8.067,1.034,0.731,1.034,0.731,-0.045,-0.011,-0.015,0.000,0.000,0.000, 0.045, 0.011, 0.643;
8.081,1.034,0.731,1.034,0.731,-0.045,-0.011,-0.015,0.000,0.000,0.000, 0.045, 0.011, 0.643;
8.093,1.035,0.731,1.035,0.731,-0.045,-0.011,-0.015,0.000,0.000,0.000, 0.045, 0.011, 0.643;
8.105,1.035,0.731,1.035,0.731,-0.045,-0.011,-0.015,0.000,0.000,0.000, 0.045, 0.011, 0.643;
8.117,1.036,0.731,1.036,0.731,-0.045,-0.011,-0.015,0.000,0.000,0.000, 0.045, 0.011, 0.643;
8.129,1.036,0.731,1.036,0.731,-0.045,-0.011,-0.015,0.000,0.000,0.000, 0.045, 0.011, 0.643;
8.141,1.037,0.731,1.037,0.731,-0.045,-0.011,-0.015,0.000,0.000,0.000, 0.045, 0.011, 0.643;
8.153,1.037,0.731,1.037,0.731,-0.045,-0.011,-0.015,0.000,0.000,0.000, 0.045, 0.011, 0.643;
8.165,1.038,0.731,1.038,0.731,-0.045,-0.011,-0.015,0.000,0.000,0.000, 0.045, 0.011, 0.643;
8.178,1.038,0.730,1.038,0.730,-0.045,-0.011,-0.015,0.000,0.000,0.000, 0.045, 0.011, 0.643;
8.190,1.039,0.730,1.039,0.730,-0.045,-0.011,-0.015,0.000,0.000,0.000, 0.045, 0.011, 0.643;
8.201,1.039,0.730,1.039,0.730,-0.045,-0.011,-0.015,0.000,0.000,0.000, 0.045, 0.011, 0.643;
8.213,1.039,0.730,1.039,0.730,-0.045,-0.011,-0.015,0.000,0.000,0.000, 0.045, 0.011, 0.643;
8.224,1.040,0.730,1.040,0.730,-0.045,-0.011,-0.015,0.000,0.000,0.000, 0.045, 0.011, 0.643;
8.237,1.040,0.730,1.040,0.730,-0.045,-0.011,-0.015,0.000,0.000,0.000, 0.045, 0.011, 0.643;
8.249,1.041,0.730,1.041,0.730,-0.045,-0.011,-0.015,0.000,0.000,0.000, 0.045, 0.011, 0.643;
8.261,1.041,0.730,1.041,0.730,-0.045,-0.011,-0.015,0.000,0.000,0.000, 0.045, 0.011, 0.643;
8.272,1.042,0.730,1.042,0.730,-0.045,-0.011,-0.015,0.000,0.000,0.000, 0.045, 0.011, 0.643;
8.283,1.042,0.729,1.042,0.729,-0.045,-0.011,-0.015,0.000,0.000,0.000, 0.045, 0.011, 0.643;
8.295,1.043,0.729,1.043,0.729,-0.045,-0.011,-0.015,0.000,0.000,0.000, 0.045, 0.011, 0.643;
8.306,1.043,0.729,1.043,0.729,-0.045,-0.011,-0.015,0.000,0.000,0.000, 0.045, 0.011, 0.643;
8.319,1.044,0.729,1.044,0.729,-0.045,-0.011,-0.015,0.000,0.000,0.000, 0.045, 0.011, 0.643;
8.330,1.044,0.729,1.044,0.729,-0.045,-0.011,-0.015,0.000,0.000,0.000, 0.045, 0.011, 0.643;
8.341,1.044,0.729,1.044,0.729,-0.045,-0.011,-0.015,0.000,0.000,0.000, 0.045, 0.011, 0.643;
8.363,1.045,0.729,1.045,0.729,-0.045,-0.011,-0.015,0.000,0.000,0.000, 0.045, 0.011, 0.643;
8.375,1.046,0.729,1.046,0.729,-0.045,-0.011,-0.015,0.000,0.000,0.000, 0.045, 0.011, 0.643;
8.387,1.046,0.728,1.046,0.728,-0.045,-0.011,-0.015,0.000,0.000,0.000, 0.045, 0.011, 0.643;
8.399,1.047,0.728,1.047,0.728,-0.045,-0.011,-0.015,0.000,0.000,0.000, 0.045, 0.011, 0.643;
8.411,1.047,0.728,1.047,0.728,-0.045,-0.011,-0.015,0.000,0.000,0.000, 0.045, 0.011, 0.643;
8.422,1.048,0.728,1.048,0.728,-0.045,-0.011,-0.015,0.000,0.000,0.000, 0.045, 0.011, 0.643;
8.436,1.048,0.728,1.048,0.728,-0.045,-0.011,-0.015,0.000,0.000,0.000, 0.045, 0.011, 0.643;
8.448,1.048,0.728,1.048,0.728,-0.045,-0.011,-0.015,0.000,0.000,0.000, 0.045, 0.011, 0.643;
8.460,1.049,0.728,1.049,0.728,-0.045,-0.011,-0.015,0.000,0.000,0.000, 0.045, 0.011, 0.643;
8.473,1.049,0.727,1.049,0.727,-0.045,-0.011,-0.015,0.000,0.000,0.000, 0.045, 0.011, 0.643;
8.486,1.050,0.727,1.050,0.727,-0.045,-0.011,-0.015,0.000,0.000,0.000, 0.045, 0.011, 0.643;
8.498,1.050,0.727,1.050,0.727,-0.045,-0.011,-0.015,0.000,0.000,0.000, 0.045, 0.011, 0.643;
8.510,1.051,0.727,1.051,0.727,-0.045,-0.011,-0.015,0.000,0.000,0.000, 0.045, 0.011, 0.643;
8.522,1.051,0.727,1.051,0.727,-0.045,-0.011,-0.015,0.000,0.000,0.000, 0.045, 0.011, 0.643;
8.534,1.052,0.727,1.052,0.727,-0.045,-0.011,-0.015,0.000,0.000,0.000, 0.045, 0.011, 0.643;
8.538,1.052,0.727,1.052,0.727,-0.045,-0.011,-0.015,0.000,0.000,0.000, 0.045, 0.011, 0.643;
8.549,1.052,0.726,1.052,0.726,-0.045,-0.011,-0.015,0.000,0.000,0.000, 0.045, 0.011, 0.643;
8.571,1.053,0.726,1.053,0.726,-0.045,-0.011,-0.015,0.000,0.000,0.000, 0.045, 0.011, 0.643;
8.584,1.054,0.726,1.054,0.726,-0.045,-0.011,-0.015,0.000,0.000,0.000, 0.045, 0.011, 0.643;
8.588,1.054,0.726,1.054,0.726,-0.045,-0.011,-0.015,0.000,0.000,0.000, 0.045, 0.011, 0.643;
8.598,1.054,0.726,1.054,0.726,-0.045,-0.011,-0.015,0.000,0.000,0.000, 0.045, 0.011, 0.643;
8.620,1.055,0.726,1.055,0.726,-0.045,-0.011,-0.015,0.000,0.000,0.000, 0.045, 0.011, 0.643;
8.632,1.055,0.725,1.055,0.725,-0.045,-0.011,-0.015,0.000,0.000,0.000, 0.045, 0.011, 0.643;
8.644,1.056,0.725,1.056,0.725,-0.045,-0.011,-0.015,0.000,0.000,0.000, 0.045, 0.011, 0.643;
8.656,1.056,0.725,1.056,0.725,-0.045,-0.011,-0.015,0.000,0.000,0.000, 0.045, 0.011, 0.643;
8.668,1.057,0.725,1.057,0.725,-0.045,-0.011,-0.015,0.000,0.000,0.000, 0.045, 0.011, 0.643;
8.681,1.057,0.725,1.057,0.725,-0.045,-0.011,-0.015,0.000,0.000,0.000, 0.045, 0.011, 0.643;
8.693,1.058,0.725,1.058,0.725,-0.045,-0.011,-0.015,0.000,0.000,0.000, 0.045, 0.011, 0.643;
8.704,1.058,0.724,1.058,0.724,-0.045,-0.011,-0.015,0.000,0.000,0.000, 0.045, 0.011, 0.643;
8.716,1.058,0.724,1.058,0.724,-0.045,-0.011,-0.015,0.000,0.000,0.000, 0.045, 0.011, 0.643;
8.727,1.059,0.724,1.059,0.724,-0.045,-0.011,-0.015,0.000,0.000,0.000, 0.045, 0.011, 0.643;
8.740,1.059,0.724,1.059,0.724,-0.045,-0.011,-0.015,0.000,0.000,0.000, 0.045, 0.011, 0.643;
8.752,1.060,0.724,1.060,0.724,-0.045,-0.011,-0.015,0.000,0.000,0.000, 0.045, 0.011, 0.643;
8.764,1.060,0.723,1.060,0.723,-0.045,-0.011,-0.015,0.000,0.000,0.000, 0.045, 0.011, 0.643;
8.776,1.061,0.723,1.061,0.723,-0.045,-0.011,-0.015,0.000,0.000,0.000, 0.045, 0.011, 0.643;
8.788,1.061,0.723,1.061,0.723,-0.045,-0.011,-0.015,0.000,0.000,0.000, 0.045, 0.011, 0.643;
8.801,1.062,0.723,1.062,0.723,-0.045,-0.011,-0.015,0.000,0.000,0.000, 0.045, 0.011, 0.643;
8.814,1.062,0.723,1.062,0.723,-0.045,-0.011,-0.015,0.000,0.000,0.000, 0.045, 0.011, 0.643;
8.826,1.063,0.722,1.063,0.722,-0.045,-0.011,-0.015,0.000,0.000,0.000, 0.045, 0.011, 0.643;
8.838,1.063,0.722,1.063,0.722,-0.045,-0.011,-0.015,0.000,0.000,0.000, 0.045, 0.011, 0.643;
8.850,1.063,0.722,1.063,0.722,-0.045,-0.011,-0.015,0.000,0.000,0.000, 0.045, 0.011, 0.643;
8.863,1.064,0.722,1.064,0.722,-0.045,-0.011,-0.015,0.000,0.000,0.000, 0.045, 0.011, 0.643;
8.875,1.064,0.722,1.064,0.722,-0.045,-0.011,-0.015,0.000,0.000,0.000, 0.045, 0.011, 0.643;
8.887,1.065,0.721,1.065,0.721,-0.045,-0.011,-0.015,0.000,0.000,0.000, 0.045, 0.011, 0.643;
8.899,1.065,0.721,1.065,0.721,-0.045,-0.011,-0.015,0.000,0.000,0.000, 0.045, 0.011, 0.643;
8.911,1.066,0.721,1.066,0.721,-0.045,-0.011,-0.015,0.000,0.000,0.000, 0.045, 0.011, 0.643;
8.924,1.066,0.721,1.066,0.721,-0.045,-0.011,-0.015,0.000,0.000,0.000, 0.045, 0.011, 0.643;
8.937,1.067,0.721,1.067,0.721,-0.045,-0.011,-0.015,0.000,0.000,0.000, 0.045, 0.011, 0.643;
8.948,1.067,0.720,1.067,0.720,-0.045,-0.011,-0.015,0.000,0.000,0.000, 0.045, 0.011, 0.643;
8.961,1.067,0.720,1.067,0.720,-0.045,-0.011,-0.015,0.000,0.000,0.000, 0.045, 0.011, 0.643;
8.973,1.068,0.720,1.068,0.720,-0.045,-0.011,-0.015,0.000,0.000,0.000, 0.045, 0.011, 0.643;
8.986,1.068,0.720,1.068,0.720,-0.045,-0.011,-0.015,0.000,0.000,0.000, 0.045, 0.011, 0.643;
8.997,1.069,0.720,1.069,0.720,-0.045,-0.011,-0.015,0.000,0.000,0.000, 0.045, 0.011, 0.643;
9.011,1.069,0.719,1.069,0.719,-0.045,-0.011,-0.015,0.000,0.000,0.000, 0.045, 0.011, 0.643;
9.014,1.069,0.719,1.069,0.719,-0.045,-0.011,-0.015,0.000,0.000,0.000, 0.045, 0.011, 0.643;
9.035,1.070,0.719,1.070,0.719,-0.045,-0.011,-0.015,0.000,0.000,0.000, 0.045, 0.011, 0.643;
9.046,1.070,0.719,1.070,0.719,-0.045,-0.011,-0.015,0.000,0.000,0.000, 0.045, 0.011, 0.643;
9.057,1.071,0.718,1.071,0.718,-0.045,-0.011,-0.015,0.000,0.000,0.000, 0.045, 0.011, 0.643;
9.069,1.071,0.718,1.071,0.718,-0.045,-0.011,-0.015,0.000,0.000,0.000, 0.045, 0.011, 0.643;
9.081,1.072,0.718,1.072,0.718,-0.045,-0.011,-0.015,0.000,0.000,0.000, 0.045, 0.011, 0.643;
9.093,1.072,0.718,1.072,0.718,-0.045,-0.011,-0.015,0.000,0.000,0.000, 0.045, 0.011, 0.643;
9.104,1.072,0.718,1.072,0.718,-0.045,-0.011,-0.015,0.000,0.000,0.000, 0.045, 0.011, 0.643;
9.116,1.073,0.717,1.073,0.717,-0.045,-0.011,-0.015,0.000,0.000,0.000, 0.045, 0.011, 0.643;
9.127,1.073,0.717,1.073,0.717,-0.045,-0.011,-0.015,0.000,0.000,0.000, 0.045, 0.011, 0.643;
9.138,1.074,0.717,1.074,0.717,-0.045,-0.011,-0.015,0.000,0.000,0.000, 0.045, 0.011, 0.643;
9.149,1.074,0.717,1.074,0.717,-0.045,-0.011,-0.015,0.000,0.000,0.000, 0.045, 0.011, 0.643;
9.161,1.074,0.716,1.074,0.716,-0.045,-0.011,-0.015,0.000,0.000,0.000, 0.045, 0.011, 0.643;
9.182,1.075,0.716,1.075,0.716,-0.045,-0.011,-0.015,0.000,0.000,0.000, 0.045, 0.011, 0.643;
9.194,1.076,0.716,1.076,0.716,-0.045,-0.011,-0.015,0.000,0.000,0.000, 0.045, 0.011, 0.643;
9.206,1.076,0.716,1.076,0.716,-0.045,-0.011,-0.015,0.000,0.000,0.000, 0.045, 0.011, 0.643;
9.217,1.076,0.715,1.076,0.715,-0.045,-0.011,-0.015,0.000,0.000,0.000, 0.045, 0.011, 0.643;
9.229,1.077,0.715,1.077,0.715,-0.045,-0.011,-0.015,0.000,0.000,0.000, 0.045, 0.011, 0.643;
9.241,1.077,0.715,1.077,0.715,-0.045,-0.011,-0.015,0.000,0.000,0.000, 0.045, 0.011, 0.643;
9.253,1.078,0.715,1.078,0.715,-0.045,-0.011,-0.015,0.000,0.000,0.000, 0.045, 0.011, 0.643;
9.266,1.078,0.714,1.078,0.714,-0.045,-0.011,-0.015,0.000,0.000,0.000, 0.045, 0.011, 0.643;
9.278,1.078,0.714,1.078,0.714,-0.045,-0.011,-0.015,0.000,0.000,0.000, 0.045, 0.011, 0.643;
9.290,1.079,0.714,1.079,0.714,-0.045,-0.011,-0.015,0.000,0.000,0.000, 0.045, 0.011, 0.643;
9.302,1.079,0.714,1.079,0.714,-0.045,-0.011,-0.015,0.000,0.000,0.000, 0.045, 0.011, 0.643;
9.314,1.080,0.713,1.080,0.713,-0.045,-0.011,-0.015,0.000,0.000,0.000, 0.045, 0.011, 0.643;
9.326,1.080,0.713,1.080,0.713,-0.045,-0.011,-0.015,0.000,0.000,0.000, 0.045, 0.011, 0.643;
9.338,1.080,0.713,1.080,0.713,-0.045,-0.011,-0.015,0.000,0.000,0.000, 0.045, 0.011, 0.643;
9.349,1.081,0.713,1.081,0.713,-0.045,-0.011,-0.015,0.000,0.000,0.000, 0.045, 0.011, 0.643;
9.362,1.081,0.712,1.081,0.712,-0.045,-0.011,-0.015,0.000,0.000,0.000, 0.045, 0.011, 0.643;
9.374,1.082,0.712,1.082,0.712,-0.045,-0.011,-0.015,0.000,0.000,0.000, 0.045, 0.011, 0.643;
9.386,1.082,0.712,1.082,0.712,-0.045,-0.011,-0.015,0.000,0.000,0.000, 0.045, 0.011, 0.643;
9.399,1.082,0.711,1.082,0.711,-0.045,-0.011,-0.015,0.000,0.000,0.000, 0.045, 0.011, 0.643;
9.411,1.083,0.711,1.083,0.711,-0.045,-0.011,-0.015,0.000,0.000,0.000, 0.045, 0.011, 0.643;
9.424,1.083,0.711,1.083,0.711,-0.045,-0.011,-0.015,0.000,0.000,0.000, 0.045, 0.011, 0.643;
9.436,1.084,0.711,1.084,0.711,-0.045,-0.011,-0.015,0.000,0.000,0.000, 0.045, 0.011, 0.643;
9.447,1.084,0.710,1.084,0.710,-0.045,-0.011,-0.015,0.000,0.000,0.000, 0.045, 0.011, 0.643;
9.460,1.084,0.710,1.084,0.710,-0.045,-0.011,-0.015,0.000,0.000,0.000, 0.045, 0.011, 0.643;
9.472,1.085,0.710,1.085,0.710,-0.045,-0.011,-0.015,0.000,0.000,0.000, 0.045, 0.011, 0.643;
9.484,1.085,0.710,1.085,0.710,-0.045,-0.011,-0.015,0.000,0.000,0.000, 0.045, 0.011, 0.643;
9.496,1.086,0.709,1.086,0.709,-0.045,-0.011,-0.015,0.000,0.000,0.000, 0.045, 0.011, 0.643;
9.507,1.086,0.709,1.086,0.709,-0.045,-0.011,-0.015,0.000,0.000,0.000, 0.045, 0.011, 0.643;
9.518,1.086,0.709,1.086,0.709,-0.045,-0.011,-0.015,0.000,0.000,0.000, 0.045, 0.011, 0.643;
9.529,1.087,0.708,1.087,0.708,-0.045,-0.011,-0.015,0.000,0.000,0.000, 0.045, 0.011, 0.643;
9.540,1.087,0.708,1.087,0.708,-0.045,-0.011,-0.015,0.000,0.000,0.000, 0.045, 0.011, 0.643;
9.552,1.087,0.708,1.087,0.708,-0.045,-0.011,-0.015,0.000,0.000,0.000, 0.045, 0.011, 0.643;
9.573,1.088,0.707,1.088,0.707,-0.045,-0.011,-0.015,0.000,0.000,0.000, 0.045, 0.011, 0.643;
9.585,1.088,0.707,1.088,0.707,-0.045,-0.011,-0.015,0.000,0.000,0.000, 0.045, 0.011, 0.643;
9.596,1.089,0.707,1.089,0.707,-0.045,-0.011,-0.015,0.000,0.000,0.000, 0.045, 0.011, 0.643;
9.607,1.089,0.707,1.089,0.707,-0.045,-0.011,-0.015,0.000,0.000,0.000, 0.045, 0.011, 0.643;
9.619,1.089,0.706,1.089,0.706,-0.045,-0.011,-0.015,0.000,0.000,0.000, 0.045, 0.011, 0.643;
9.631,1.090,0.706,1.090,0.706,-0.045,-0.011,-0.015,0.000,0.000,0.000, 0.045, 0.011, 0.643;
9.642,1.090,0.706,1.090,0.706,-0.045,-0.011,-0.015,0.000,0.000,0.000, 0.045, 0.011, 0.643;
9.653,1.091,0.705,1.091,0.705,-0.045,-0.011,-0.015,0.000,0.000,0.000, 0.045, 0.011, 0.643;
9.665,1.091,0.705,1.091,0.705,-0.045,-0.011,-0.015,0.000,0.000,0.000, 0.045, 0.011, 0.643;
9.676,1.091,0.705,1.091,0.705,-0.045,-0.011,-0.015,0.000,0.000,0.000, 0.045, 0.011, 0.643;
9.688,1.092,0.705,1.092,0.705,-0.045,-0.011,-0.015,0.000,0.000,0.000, 0.045, 0.011, 0.643;
9.700,1.092,0.704,1.092,0.704,-0.045,-0.011,-0.015,0.000,0.000,0.000, 0.045, 0.011, 0.643;
9.712,1.092,0.704,1.092,0.704,-0.045,-0.011,-0.015,0.000,0.000,0.000, 0.045, 0.011, 0.643;
9.723,1.093,0.704,1.093,0.704,-0.045,-0.011,-0.015,0.000,0.000,0.000, 0.045, 0.011, 0.643;
9.747,1.093,0.703,1.093,0.703,-0.045,-0.011,-0.015,0.000,0.000,0.000, 0.045, 0.011, 0.643;
9.756,1.094,0.703,1.094,0.703,-0.045,-0.011,-0.015,0.000,0.000,0.000, 0.045, 0.011, 0.643;
9.768,1.094,0.703,1.094,0.703,-0.045,-0.011,-0.015,0.000,0.000,0.000, 0.045, 0.011, 0.643;
9.781,1.094,0.702,1.094,0.702,-0.045,-0.011,-0.015,0.000,0.000,0.000, 0.045, 0.011, 0.643;
9.793,1.095,0.702,1.095,0.702,-0.045,-0.011,-0.015,0.000,0.000,0.000, 0.045, 0.011, 0.643;
9.806,1.095,0.702,1.095,0.702,-0.045,-0.011,-0.015,0.000,0.000,0.000, 0.045, 0.011, 0.643;
9.818,1.096,0.701,1.096,0.701,-0.045,-0.011,-0.015,0.000,0.000,0.000, 0.045, 0.011, 0.643;
9.830,1.096,0.701,1.096,0.701,-0.045,-0.011,-0.015,0.000,0.000,0.000, 0.045, 0.011, 0.643;
9.843,1.096,0.701,1.096,0.701,-0.045,-0.011,-0.015,0.000,0.000,0.000, 0.045, 0.011, 0.643;
9.855,1.097,0.700,1.097,0.700,-0.045,-0.011,-0.015,0.000,0.000,0.000, 0.045, 0.011, 0.643;
9.867,1.097,0.700,1.097,0.700,-0.045,-0.011,-0.015,0.000,0.000,0.000, 0.045, 0.011, 0.643;
9.879,1.097,0.700,1.097,0.700,-0.045,-0.011,-0.015,0.000,0.000,0.000, 0.045, 0.011, 0.643;
9.892,1.098,0.699,1.098,0.699,-0.045,-0.011,-0.015,0.000,0.000,0.000, 0.045, 0.011, 0.643;
9.904,1.098,0.699,1.098,0.699,-0.045,-0.011,-0.015,0.000,0.000,0.000, 0.045, 0.011, 0.643;
9.916,1.098,0.699,1.098,0.699,-0.045,-0.011,-0.015,0.000,0.000,0.000, 0.045, 0.011, 0.643;
9.928,1.099,0.698,1.099,0.698,-0.045,-0.011,-0.015,0.000,0.000,0.000, 0.045, 0.011, 0.643;
9.941,1.099,0.698,1.099,0.698,-0.045,-0.011,-0.015,0.000,0.000,0.000, 0.045, 0.011, 0.643;
9.945,1.099,0.698,1.099,0.698,-0.045,-0.011,-0.015,0.000,0.000,0.000, 0.045, 0.011, 0.643;
9.956,1.100,0.697,1.100,0.697,-0.045,-0.011,-0.015,0.000,0.000,0.000, 0.045, 0.011, 0.643;
9.967,1.100,0.697,1.100,0.697,-0.045,-0.011,-0.015,0.000,0.000,0.000, 0.045, 0.011, 0.643;
9.989,1.100,0.697,1.100,0.697,-0.045,-0.011,-0.015,0.000,0.000,0.000, 0.045, 0.011, 0.643;
10.001,1.101,0.696,1.101,0.696,-0.045,-0.011,-0.015,0.000,0.000,0.000, 0.045, 0.011, 0.643;
10.013,1.101,0.696,1.101,0.696,-0.045,-0.011,-0.015,0.000,0.000,0.000, 0.045, 0.011, 0.643;
10.026,1.102,0.696,1.102,0.696,-0.045,-0.011,-0.015,0.000,0.000,0.000, 0.045, 0.011, 0.643;
10.038,1.102,0.695,1.102,0.695,-0.045,-0.011,-0.015,0.000,0.000,0.000, 0.045, 0.011, 0.643;
10.042,1.102,0.695,1.102,0.695,-0.045,-0.011,-0.015,0.000,0.000,0.000, 0.045, 0.011, 0.643;
10.053,1.102,0.695,1.102,0.695,-0.045,-0.011,-0.015,0.000,0.000,0.000, 0.045, 0.011, 0.643;
10.074,1.103,0.694,1.103,0.694,-0.045,-0.011,-0.015,0.000,0.000,0.000, 0.045, 0.011, 0.643;
10.086,1.103,0.694,1.103,0.694,-0.045,-0.011,-0.015,0.000,0.000,0.000, 0.045, 0.011, 0.643;
10.098,1.104,0.693,1.104,0.693,-0.045,-0.011,-0.015,0.000,0.000,0.000, 0.045, 0.011, 0.643;
10.110,1.104,0.693,1.104,0.693,-0.045,-0.011,-0.015,0.000,0.000,0.000, 0.045, 0.011, 0.643;
10.122,1.104,0.693,1.104,0.693,-0.045,-0.011,-0.015,0.000,0.000,0.000, 0.045, 0.011, 0.643;
10.134,1.104,0.692,1.104,0.692,-0.045,-0.011,-0.015,0.000,0.000,0.000, 0.045, 0.011, 0.643;
10.146,1.105,0.692,1.105,0.692,-0.045,-0.011,-0.015,0.000,0.000,0.000, 0.045, 0.011, 0.643;
10.158,1.105,0.692,1.105,0.692,-0.045,-0.011,-0.015,0.000,0.000,0.000, 0.045, 0.011, 0.643;
10.170,1.105,0.691,1.105,0.691,-0.045,-0.011,-0.015,0.000,0.000,0.000, 0.045, 0.011, 0.643;
10.181,1.106,0.691,1.106,0.691,-0.045,-0.011,-0.015,0.000,0.000,0.000, 0.045, 0.011, 0.643;
10.193,1.106,0.691,1.106,0.691,-0.045,-0.011,-0.015,0.000,0.000,0.000, 0.045, 0.011, 0.643;
10.206,1.106,0.690,1.106,0.690,-0.045,-0.011,-0.015,0.000,0.000,0.000, 0.045, 0.011, 0.643;
10.219,1.107,0.690,1.107,0.690,-0.045,-0.011,-0.015,0.000,0.000,0.000, 0.045, 0.011, 0.643;
10.230,1.107,0.690,1.107,0.690,-0.045,-0.011,-0.015,0.000,0.000,0.000, 0.045, 0.011, 0.643;
10.243,1.107,0.689,1.107,0.689,-0.045,-0.011,-0.015,0.000,0.000,0.000, 0.045, 0.011, 0.643;
10.255,1.108,0.689,1.108,0.689,-0.045,-0.011,-0.015,0.000,0.000,0.000, 0.045, 0.011, 0.643;
10.267,1.108,0.688,1.108,0.688,-0.045,-0.011,-0.015,0.000,0.000,0.000, 0.045, 0.011, 0.643;
10.280,1.108,0.688,1.108,0.688,-0.045,-0.011,-0.015,0.000,0.000,0.000, 0.045, 0.011, 0.643;
10.292,1.109,0.688,1.109,0.688,-0.045,-0.011,-0.015,0.000,0.000,0.000, 0.045, 0.011, 0.643;
10.304,1.109,0.687,1.109,0.687,-0.045,-0.011,-0.015,0.000,0.000,0.000, 0.045, 0.011, 0.643;
10.316,1.109,0.687,1.109,0.687,-0.045,-0.011,-0.015,0.000,0.000,0.000, 0.045, 0.011, 0.643;
10.328,1.110,0.687,1.110,0.687,-0.045,-0.011,-0.015,0.000,0.000,0.000, 0.045, 0.011, 0.643;
10.340,1.110,0.686,1.110,0.686,-0.045,-0.011,-0.015,0.000,0.000,0.000, 0.045, 0.011, 0.643;
10.352,1.110,0.686,1.110,0.686,-0.045,-0.011,-0.015,0.000,0.000,0.000, 0.045, 0.011, 0.643;
10.364,1.110,0.685,1.110,0.685,-0.045,-0.011,-0.015,0.000,0.000,0.000, 0.045, 0.011, 0.643;
10.377,1.111,0.685,1.111,0.685,-0.045,-0.011,-0.015,0.000,0.000,0.000, 0.045, 0.011, 0.643;
10.389,1.111,0.685,1.111,0.685,-0.045,-0.011,-0.015,0.000,0.000,0.000, 0.045, 0.011, 0.643;
10.402,1.111,0.684,1.111,0.684,-0.045,-0.011,-0.015,0.000,0.000,0.000, 0.045, 0.011, 0.643;
10.414,1.112,0.684,1.112,0.684,-0.045,-0.011,-0.015,0.000,0.000,0.000, 0.045, 0.011, 0.643;
10.426,1.112,0.684,1.112,0.684,-0.045,-0.011,-0.015,0.000,0.000,0.000, 0.045, 0.011, 0.643;
10.438,1.112,0.683,1.112,0.683,-0.045,-0.011,-0.015,0.000,0.000,0.000, 0.045, 0.011, 0.643;
10.449,1.112,0.683,1.112,0.683,-0.045,-0.011,-0.015,0.000,0.000,0.000, 0.045, 0.011, 0.643;
10.460,1.113,0.682,1.113,0.682,-0.045,-0.011,-0.015,0.000,0.000,0.000, 0.045, 0.011, 0.643;
10.471,1.113,0.682,1.113,0.682,-0.045,-0.011,-0.015,0.000,0.000,0.000, 0.045, 0.011, 0.643;
10.482,1.113,0.682,1.113,0.682,-0.045,-0.011,-0.015,0.000,0.000,0.000, 0.045, 0.011, 0.643;
10.493,1.114,0.681,1.114,0.681,-0.045,-0.011,-0.015,0.000,0.000,0.000, 0.045, 0.011, 0.643;
10.514,1.114,0.681,1.114,0.681,-0.045,-0.011,-0.015,0.000,0.000,0.000, 0.045, 0.011, 0.643;
10.527,1.114,0.680,1.114,0.680,-0.045,-0.011,-0.015,0.000,0.000,0.000, 0.045, 0.011, 0.643;
10.539,1.115,0.680,1.115,0.680,-0.045,-0.011,-0.015,0.000,0.000,0.000, 0.045, 0.011, 0.643;
10.551,1.115,0.680,1.115,0.680,-0.045,-0.011,-0.015,0.000,0.000,0.000, 0.045, 0.011, 0.643;
10.563,1.115,0.679,1.115,0.679,-0.045,-0.011,-0.015,0.000,0.000,0.000, 0.045, 0.011, 0.643;
10.575,1.115,0.679,1.115,0.679,-0.045,-0.011,-0.015,0.000,0.000,0.000, 0.045, 0.011, 0.643;
10.586,1.116,0.678,1.116,0.678,-0.045,-0.011,-0.015,0.000,0.000,0.000, 0.045, 0.011, 0.643;
10.597,1.116,0.678,1.116,0.678,-0.045,-0.011,-0.015,0.000,0.000,0.000, 0.045, 0.011, 0.643;
10.609,1.116,0.678,1.116,0.678,-0.045,-0.011,-0.015,0.000,0.000,0.000, 0.045, 0.011, 0.643;
10.620,1.116,0.677,1.116,0.677,-0.045,-0.011,-0.015,0.000,0.000,0.000, 0.045, 0.011, 0.643;
10.631,1.117,0.677,1.117,0.677,-0.045,-0.011,-0.015,0.000,0.000,0.000, 0.045, 0.011, 0.643;
10.642,1.117,0.677,1.117,0.677,-0.045,-0.011,-0.015,0.000,0.000,0.000, 0.045, 0.011, 0.643;
10.653,1.117,0.676,1.117,0.676,-0.045,-0.011,-0.015,0.000,0.000,0.000, 0.045, 0.011, 0.643;
10.664,1.117,0.676,1.117,0.676,-0.045,-0.011,-0.015,0.000,0.000,0.000, 0.045, 0.011, 0.643;
10.686,1.118,0.675,1.118,0.675,-0.045,-0.011,-0.015,0.000,0.000,0.000, 0.045, 0.011, 0.643;
10.698,1.118,0.675,1.118,0.675,-0.045,-0.011,-0.015,0.000,0.000,0.000, 0.045, 0.011, 0.643;
10.710,1.118,0.674,1.118,0.674,-0.045,-0.011,-0.015,0.000,0.000,0.000, 0.045, 0.011, 0.643;
10.722,1.119,0.674,1.119,0.674,-0.045,-0.011,-0.015,0.000,0.000,0.000, 0.045, 0.011, 0.643;
10.734,1.119,0.673,1.119,0.673,-0.045,-0.011,-0.015,0.000,0.000,0.000, 0.045, 0.011, 0.643;
10.745,1.119,0.673,1.119,0.673,-0.045,-0.011,-0.015,0.000,0.000,0.000, 0.045, 0.011, 0.643;
10.758,1.119,0.673,1.119,0.673,-0.045,-0.011,-0.015,0.000,0.000,0.000, 0.045, 0.011, 0.643;
10.770,1.120,0.672,1.120,0.672,-0.045,-0.011,-0.015,0.000,0.000,0.000, 0.045, 0.011, 0.643;
10.783,1.120,0.672,1.120,0.672,-0.045,-0.011,-0.015,0.000,0.000,0.000, 0.045, 0.011, 0.643;
10.796,1.120,0.671,1.120,0.671,-0.045,-0.011,-0.015,0.000,0.000,0.000, 0.045, 0.011, 0.643;
10.808,1.120,0.671,1.120,0.671,-0.045,-0.011,-0.015,0.000,0.000,0.000, 0.045, 0.011, 0.643;
10.820,1.121,0.671,1.121,0.671,-0.045,-0.011,-0.015,0.000,0.000,0.000, 0.045, 0.011, 0.643;
10.833,1.121,0.670,1.121,0.670,-0.045,-0.011,-0.015,0.000,0.000,0.000, 0.045, 0.011, 0.643;
10.845,1.121,0.670,1.121,0.670,-0.045,-0.011,-0.015,0.000,0.000,0.000, 0.045, 0.011, 0.643;
10.857,1.121,0.669,1.121,0.669,-0.045,-0.011,-0.015,0.000,0.000,0.000, 0.045, 0.011, 0.643;
10.869,1.122,0.669,1.122,0.669,-0.045,-0.011,-0.015,0.000,0.000,0.000, 0.045, 0.011, 0.643;
10.881,1.122,0.668,1.122,0.668,-0.045,-0.011,-0.015,0.000,0.000,0.000, 0.045, 0.011, 0.643;
10.893,1.122,0.668,1.122,0.668,-0.045,-0.011,-0.015,0.000,0.000,0.000, 0.045, 0.011, 0.643;
10.904,1.122,0.668,1.122,0.668,-0.045,-0.011,-0.015,0.000,0.000,0.000, 0.045, 0.011, 0.643;
10.916,1.123,0.667,1.123,0.667,-0.045,-0.011,-0.015,0.000,0.000,0.000, 0.045, 0.011, 0.643;
10.929,1.123,0.667,1.123,0.667,-0.045,-0.011,-0.015,0.000,0.000,0.000, 0.045, 0.011, 0.643;
10.941,1.123,0.666,1.123,0.666,-0.045,-0.011,-0.015,0.000,0.000,0.000, 0.045, 0.011, 0.643;
10.953,1.123,0.666,1.123,0.666,-0.045,-0.011,-0.015,0.000,0.000,0.000, 0.045, 0.011, 0.643;
10.966,1.123,0.665,1.123,0.665,-0.045,-0.011,-0.015,0.000,0.000,0.000, 0.045, 0.011, 0.643;
