0.000,0.000,0.000,0.000,0.000, 0.000, 0.000, 0.000,0.000,0.000,0.000, 0.000, 0.000, 0.000;
6.816,-5.987,2.569,-4.454,1.036,-0.080, 0.258, 0.580,0.000,0.000,0.000,-0.190, 0.163,-0.266;
6.826,-6.001,2.575,-4.468,1.042,-0.080, 0.258, 0.580,0.000,0.000,0.000,-0.191, 0.162,-0.266;
6.837,-5.985,2.556,-4.497,1.068,-0.080, 0.258, 0.572,0.000,0.000,-0.732,-0.193, 0.161,-0.258;
6.853,-6.038,2.591,-4.505,1.058,-0.080, 0.258, 0.580,0.000,0.000,0.494,-0.195, 0.160,-0.266;
6.863,-6.052,2.598,-4.519,1.065,-0.080, 0.258, 0.580,0.000,0.000,0.000,-0.196, 0.159,-0.266;
6.873,-6.066,2.604,-4.533,1.071,-0.080, 0.258, 0.580,0.000,0.000,0.000,-0.197, 0.158,-0.266;
6.888,-6.088,2.614,-4.554,1.080,-0.080, 0.258, 0.580,0.000,0.000,0.000,-0.199, 0.157,-0.266;
6.901,-6.105,2.622,-4.572,1.089,-0.080, 0.258, 0.580,0.000,0.000,0.000,-0.201, 0.156,-0.266;
6.916,-6.095,2.606,-4.607,1.118,-0.080, 0.258, 0.572,0.000,0.000,-0.505,-0.203, 0.154,-0.258;
6.937,-6.156,2.645,-4.623,1.112,-0.080, 0.258, 0.580,0.000,0.000,0.368,-0.206, 0.153,-0.266;
6.948,-6.170,2.652,-4.637,1.119,-0.080, 0.258, 0.580,0.000,0.000,0.000,-0.207, 0.152,-0.266;
6.958,-6.184,2.659,-4.651,1.126,-0.080, 0.258, 0.580,0.000,0.000,0.000,-0.208, 0.151,-0.266;
6.968,-6.197,2.665,-4.664,1.132,-0.080, 0.258, 0.580,0.000,0.000,0.000,-0.210, 0.150,-0.266;
6.978,-6.211,2.672,-4.678,1.139,-0.080, 0.258, 0.580,0.000,0.000,0.000,-0.211, 0.149,-0.266;
6.988,-6.225,2.679,-4.692,1.146,-0.080, 0.258, 0.580,0.000,0.000,0.000,-0.212, 0.148,-0.266;
6.999,-6.240,2.686,-4.707,1.153,-0.080, 0.258, 0.580,0.000,0.000,0.000,-0.214, 0.147,-0.266;
7.012,-6.258,2.695,-4.725,1.162,-0.080, 0.258, 0.580,0.000,0.000,0.000,-0.215, 0.146,-0.266;
7.033,-6.288,2.710,-4.755,1.177,-0.080, 0.258, 0.580,0.000,0.000,0.000,-0.218, 0.144,-0.266;
7.043,-6.301,2.717,-4.768,1.184,-0.080, 0.258, 0.580,0.000,0.000,0.000,-0.219, 0.143,-0.266;
7.053,-6.315,2.724,-4.782,1.191,-0.080, 0.258, 0.580,0.000,0.000,0.000,-0.221, 0.142,-0.266;
7.063,-6.328,2.732,-4.795,1.198,-0.080, 0.258, 0.580,0.000,0.000,0.000,-0.222, 0.141,-0.266;
7.074,-6.343,2.739,-4.810,1.206,-0.080, 0.258, 0.580,0.000,0.000,0.000,-0.223, 0.140,-0.266;
7.088,-6.361,2.749,-4.828,1.216,-0.080, 0.258, 0.580,0.000,0.000,0.000,-0.225, 0.139,-0.266;
7.100,-6.346,2.732,-4.858,1.244,-0.080, 0.258, 0.572,0.000,0.000,-0.618,-0.226, 0.137,-0.258;
7.110,-6.360,2.739,-4.872,1.251,-0.080, 0.258, 0.572,0.000,0.000,0.000,-0.228, 0.136,-0.258;
7.122,-6.408,2.774,-4.874,1.241,-0.080, 0.258, 0.580,0.000,0.000,0.664,-0.229, 0.135,-0.266;
7.141,-6.433,2.788,-4.900,1.255,-0.080, 0.258, 0.580,0.000,0.000,0.000,-0.231, 0.133,-0.266;
7.152,-6.447,2.796,-4.914,1.263,-0.080, 0.258, 0.580,0.000,0.000,0.000,-0.233, 0.132,-0.266;
7.163,-6.462,2.804,-4.928,1.271,-0.080, 0.258, 0.580,0.000,0.000,0.000,-0.234, 0.131,-0.266;
7.175,-6.478,2.813,-4.944,1.280,-0.080, 0.258, 0.580,0.000,0.000,0.000,-0.236, 0.130,-0.266;
7.186,-6.492,2.821,-4.959,1.288,-0.080, 0.258, 0.580,0.000,0.000,0.000,-0.237, 0.129,-0.266;
7.197,-6.508,2.830,-4.975,1.297,-0.080, 0.258, 0.580,0.000,0.000,0.000,-0.238, 0.128,-0.266;
7.211,-6.526,2.841,-4.992,1.308,-0.080, 0.258, 0.580,0.000,0.000,0.000,-0.240, 0.127,-0.266;
7.221,-6.539,2.848,-5.006,1.315,-0.080, 0.258, 0.580,0.000,0.000,0.000,-0.241, 0.126,-0.266;
7.231,-6.552,2.856,-5.019,1.323,-0.080, 0.258, 0.580,0.000,0.000,0.000,-0.242, 0.125,-0.266;
7.245,-6.571,2.868,-5.038,1.335,-0.080, 0.258, 0.580,0.000,0.000,0.000,-0.244, 0.123,-0.266;
7.259,-6.590,2.879,-5.056,1.346,-0.080, 0.258, 0.580,0.000,0.000,0.000,-0.246, 0.122,-0.266;
7.269,-6.603,2.887,-5.070,1.354,-0.080, 0.258, 0.580,0.000,0.000,0.000,-0.247, 0.121,-0.266;
7.279,-6.584,2.869,-5.095,1.381,-0.080, 0.258, 0.572,0.000,0.000,-0.780,-0.248, 0.120,-0.258;
7.298,-6.608,2.884,-5.120,1.396,-0.080, 0.258, 0.572,0.000,0.000,0.000,-0.250, 0.118,-0.258;
7.308,-6.621,2.892,-5.133,1.404,-0.080, 0.258, 0.572,0.000,0.000,0.000,-0.252, 0.117,-0.258;
7.319,-6.667,2.926,-5.134,1.393,-0.080, 0.258, 0.580,0.000,0.000,0.765,-0.253, 0.115,-0.266;
7.339,-6.694,2.943,-5.160,1.410,-0.080, 0.258, 0.580,0.000,0.000,0.000,-0.255, 0.113,-0.266;
7.349,-6.706,2.952,-5.173,1.419,-0.080, 0.258, 0.580,0.000,0.000,0.000,-0.256, 0.112,-0.266;
7.359,-6.719,2.960,-5.186,1.427,-0.080, 0.258, 0.580,0.000,0.000,0.000,-0.258, 0.111,-0.266;
7.369,-6.732,2.968,-5.199,1.435,-0.080, 0.258, 0.580,0.000,0.000,0.000,-0.259, 0.110,-0.266;
7.380,-6.746,2.977,-5.213,1.444,-0.080, 0.258, 0.580,0.000,0.000,0.000,-0.260, 0.109,-0.266;
7.390,-6.759,2.986,-5.226,1.453,-0.080, 0.258, 0.580,0.000,0.000,0.000,-0.261, 0.108,-0.266;
7.401,-6.772,2.995,-5.239,1.462,-0.080, 0.258, 0.580,0.000,0.000,0.000,-0.262, 0.107,-0.266;
7.412,-6.786,3.004,-5.253,1.471,-0.080, 0.258, 0.580,0.000,0.000,0.000,-0.264, 0.106,-0.266;
7.426,-6.805,3.017,-5.271,1.483,-0.080, 0.258, 0.580,0.000,0.000,0.000,-0.265, 0.104,-0.266;
7.443,-6.825,3.031,-5.292,1.498,-0.080, 0.258, 0.580,0.000,0.000,0.000,-0.267, 0.102,-0.266;
7.453,-6.838,3.040,-5.305,1.506,-0.080, 0.258, 0.580,0.000,0.000,0.000,-0.268, 0.101,-0.266;
7.464,-6.820,3.023,-5.331,1.535,-0.080, 0.258, 0.572,0.000,0.000,-0.693,-0.269, 0.100,-0.258;
7.478,-6.870,3.062,-5.337,1.529,-0.080, 0.258, 0.580,0.000,0.000,0.556,-0.271, 0.098,-0.266;
7.491,-6.886,3.073,-5.352,1.540,-0.080, 0.258, 0.580,0.000,0.000,0.000,-0.272, 0.097,-0.266;
7.501,-6.898,3.082,-5.365,1.549,-0.080, 0.258, 0.580,0.000,0.000,0.000,-0.274, 0.096,-0.266;
7.512,-6.912,3.092,-5.379,1.558,-0.080, 0.258, 0.580,0.000,0.000,0.000,-0.275, 0.095,-0.266;
7.528,-6.931,3.106,-5.398,1.573,-0.080, 0.258, 0.580,0.000,0.000,0.000,-0.277, 0.093,-0.266;
7.538,-6.944,3.115,-5.411,1.582,-0.080, 0.258, 0.580,0.000,0.000,0.000,-0.278, 0.092,-0.266;
7.550,-6.959,3.126,-5.426,1.593,-0.080, 0.258, 0.580,0.000,0.000,0.000,-0.279, 0.090,-0.266;
7.564,-6.977,3.139,-5.443,1.606,-0.080, 0.258, 0.580,0.000,0.000,0.000,-0.281, 0.089,-0.266;
7.578,-6.993,3.151,-5.460,1.618,-0.080, 0.258, 0.580,0.000,0.000,0.000,-0.282, 0.087,-0.266;
7.588,-7.005,3.160,-5.472,1.627,-0.080, 0.258, 0.580,0.000,0.000,0.000,-0.283, 0.086,-0.266;
7.598,-7.017,3.170,-5.484,1.636,-0.080, 0.258, 0.580,0.000,0.000,0.000,-0.284, 0.085,-0.266;
7.608,-7.029,3.179,-5.496,1.646,-0.080, 0.258, 0.580,0.000,0.000,0.000,-0.285, 0.084,-0.266;
7.620,-7.044,3.190,-5.511,1.657,-0.080, 0.258, 0.580,0.000,0.000,0.000,-0.287, 0.082,-0.266;
7.632,-7.059,3.202,-5.526,1.669,-0.080, 0.258, 0.580,0.000,0.000,0.000,-0.288, 0.081,-0.266;
7.648,-7.078,3.216,-5.545,1.683,-0.080, 0.258, 0.580,0.000,0.000,0.000,-0.289, 0.079,-0.266;
7.663,-7.096,3.231,-5.563,1.698,-0.080, 0.258, 0.580,0.000,0.000,0.000,-0.291, 0.077,-0.266;
7.673,-7.108,3.241,-5.575,1.707,-0.080, 0.258, 0.580,0.000,0.000,0.000,-0.292, 0.076,-0.266;
7.684,-7.121,3.251,-5.588,1.718,-0.080, 0.258, 0.580,0.000,0.000,0.000,-0.293, 0.075,-0.266;
7.698,-7.138,3.264,-5.605,1.731,-0.080, 0.258, 0.580,0.000,0.000,0.000,-0.295, 0.073,-0.266;
7.713,-7.156,3.279,-5.622,1.746,-0.080, 0.258, 0.580,0.000,0.000,0.000,-0.296, 0.072,-0.266;
7.723,-7.167,3.289,-5.634,1.755,-0.080, 0.258, 0.580,0.000,0.000,0.000,-0.297, 0.070,-0.266;
7.733,-7.179,3.298,-5.646,1.765,-0.080, 0.258, 0.580,0.000,0.000,0.000,-0.298, 0.069,-0.266;
7.747,-7.196,3.312,-5.663,1.779,-0.080, 0.258, 0.580,0.000,0.000,0.000,-0.300, 0.067,-0.266;
7.757,-7.208,3.322,-5.674,1.789,-0.080, 0.258, 0.580,0.000,0.000,0.000,-0.301, 0.066,-0.266;
7.767,-7.219,3.332,-5.686,1.799,-0.080, 0.258, 0.580,0.000,0.000,0.000,-0.302, 0.065,-0.266;
7.781,-7.236,3.346,-5.702,1.813,-0.080, 0.258, 0.580,0.000,0.000,0.000,-0.303, 0.063,-0.266;
7.796,-7.220,3.334,-5.732,1.846,-0.080, 0.258, 0.572,0.000,0.000,-0.504,-0.305, 0.062,-0.258;
7.813,-7.272,3.378,-5.739,1.844,-0.080, 0.258, 0.580,0.000,0.000,0.482,-0.306, 0.060,-0.266;
7.823,-7.250,3.361,-5.762,1.873,-0.080, 0.258, 0.572,0.000,0.000,-0.781,-0.307, 0.058,-0.258;
7.833,-7.296,3.399,-5.763,1.865,-0.080, 0.258, 0.580,0.000,0.000,0.725,-0.309, 0.057,-0.266;
7.847,-7.311,3.412,-5.778,1.879,-0.080, 0.258, 0.580,0.000,0.000,0.000,-0.310, 0.055,-0.266;
7.857,-7.289,3.395,-5.801,1.907,-0.080, 0.258, 0.572,0.000,0.000,-0.781,-0.311, 0.054,-0.258;
7.867,-7.334,3.432,-5.801,1.899,-0.080, 0.258, 0.580,0.000,0.000,0.781,-0.312, 0.053,-0.266;
7.881,-7.350,3.447,-5.817,1.914,-0.080, 0.258, 0.580,0.000,0.000,0.000,-0.313, 0.051,-0.266;
7.891,-7.362,3.458,-5.829,1.925,-0.080, 0.258, 0.580,0.000,0.000,0.000,-0.314, 0.050,-0.266;
7.906,-7.378,3.473,-5.845,1.940,-0.080, 0.258, 0.580,0.000,0.000,0.000,-0.316, 0.048,-0.266;
7.919,-7.393,3.486,-5.860,1.953,-0.080, 0.258, 0.580,0.000,0.000,0.000,-0.317, 0.046,-0.266;
7.934,-7.410,3.502,-5.877,1.969,-0.080, 0.258, 0.580,0.000,0.000,0.000,-0.318, 0.045,-0.266;
7.945,-7.422,3.514,-5.889,1.981,-0.080, 0.258, 0.580,0.000,0.000,0.000,-0.319, 0.043,-0.266;
7.955,-7.433,3.524,-5.900,1.991,-0.080, 0.258, 0.580,0.000,0.000,0.000,-0.320, 0.042,-0.266;
7.967,-7.447,3.538,-5.914,2.005,-0.080, 0.258, 0.580,0.000,0.000,0.000,-0.321, 0.040,-0.266;
7.982,-7.462,3.553,-5.929,2.020,-0.080, 0.258, 0.580,0.000,0.000,0.000,-0.323, 0.039,-0.266;
7.992,-7.440,3.536,-5.951,2.048,-0.080, 0.258, 0.572,0.000,0.000,-0.781,-0.324, 0.037,-0.258;
8.002,-7.484,3.574,-5.951,2.041,-0.080, 0.258, 0.580,0.000,0.000,0.781,-0.325, 0.036,-0.266;
8.012,-7.495,3.585,-5.962,2.052,-0.080, 0.258, 0.580,0.000,0.000,0.000,-0.326, 0.035,-0.266;
8.024,-7.508,3.598,-5.975,2.065,-0.080, 0.258, 0.580,0.000,0.000,0.000,-0.327, 0.033,-0.266;
8.036,-7.522,3.611,-5.988,2.078,-0.080, 0.258, 0.580,0.000,0.000,0.000,-0.328, 0.032,-0.266;
8.050,-7.537,3.626,-6.003,2.093,-0.080, 0.258, 0.580,0.000,0.000,0.000,-0.329, 0.030,-0.266;
8.064,-7.551,3.642,-6.018,2.109,-0.080, 0.258, 0.580,0.000,0.000,0.000,-0.330, 0.028,-0.266;
8.080,-7.568,3.659,-6.035,2.126,-0.080, 0.258, 0.580,0.000,0.000,0.000,-0.332, 0.026,-0.266;
8.090,-7.579,3.670,-6.046,2.137,-0.080, 0.258, 0.580,0.000,0.000,0.000,-0.333, 0.025,-0.266;
8.100,-7.589,3.681,-6.056,2.148,-0.080, 0.258, 0.580,0.000,0.000,0.000,-0.333, 0.023,-0.266;
8.113,-7.604,3.696,-6.071,2.163,-0.080, 0.258, 0.580,0.000,0.000,0.000,-0.335, 0.022,-0.266;
8.123,-7.614,3.707,-6.081,2.174,-0.080, 0.258, 0.580,0.000,0.000,0.000,-0.335, 0.020,-0.266;
8.134,-7.626,3.719,-6.092,2.186,-0.080, 0.258, 0.580,0.000,0.000,0.000,-0.336, 0.019,-0.266;
8.151,-7.643,3.738,-6.110,2.205,-0.080, 0.258, 0.580,0.000,0.000,0.000,-0.338, 0.017,-0.266;
8.163,-7.622,3.725,-6.134,2.237,-0.080, 0.258, 0.572,0.000,0.000,-0.614,-0.339, 0.015,-0.258;
8.176,-7.670,3.767,-6.136,2.234,-0.080, 0.258, 0.580,0.000,0.000,0.603,-0.340, 0.013,-0.266;
8.186,-7.680,3.778,-6.147,2.245,-0.080, 0.258, 0.580,0.000,0.000,0.000,-0.341, 0.012,-0.266;
8.199,-7.692,3.792,-6.159,2.259,-0.080, 0.258, 0.580,0.000,0.000,0.000,-0.342, 0.010,-0.266;
8.214,-7.708,3.809,-6.175,2.276,-0.080, 0.258, 0.580,0.000,0.000,0.000,-0.343, 0.008,-0.266;
8.224,-7.718,3.821,-6.185,2.288,-0.080, 0.258, 0.580,0.000,0.000,0.000,-0.344, 0.007,-0.266;
8.237,-7.732,3.836,-6.198,2.303,-0.080, 0.258, 0.580,0.000,0.000,0.000,-0.345, 0.005,-0.266;
8.247,-7.742,3.848,-6.208,2.315,-0.080, 0.258, 0.580,0.000,0.000,0.000,-0.346, 0.004,-0.266;
8.257,-7.752,3.859,-6.218,2.326,-0.080, 0.258, 0.580,0.000,0.000,0.000,-0.347, 0.003,-0.266;
8.269,-7.763,3.873,-6.230,2.340,-0.080, 0.258, 0.580,0.000,0.000,0.000,-0.348, 0.001,-0.266;
8.283,-7.777,3.889,-6.244,2.356,-0.080, 0.258, 0.580,0.000,0.000,0.000,-0.349,-0.001,-0.266;
8.297,-7.791,3.906,-6.258,2.373,-0.080, 0.258, 0.580,0.000,0.000,0.000,-0.350,-0.003,-0.266;
8.307,-7.801,3.918,-6.268,2.384,-0.080, 0.258, 0.580,0.000,0.000,0.000,-0.351,-0.004,-0.266;
8.318,-7.811,3.930,-6.278,2.397,-0.080, 0.258, 0.580,0.000,0.000,0.000,-0.352,-0.005,-0.266;
8.331,-7.825,3.946,-6.292,2.413,-0.080, 0.258, 0.580,0.000,0.000,0.000,-0.353,-0.007,-0.266;
8.346,-7.839,3.964,-6.306,2.430,-0.080, 0.258, 0.580,0.000,0.000,0.000,-0.354,-0.009,-0.266;
8.356,-7.849,3.975,-6.316,2.442,-0.080, 0.258, 0.580,0.000,0.000,0.000,-0.355,-0.011,-0.266;
8.366,-7.824,3.959,-6.336,2.471,-0.080, 0.258, 0.572,0.000,0.000,-0.781,-0.355,-0.012,-0.258;
8.383,-7.840,3.979,-6.352,2.491,-0.080, 0.258, 0.572,0.000,0.000,0.000,-0.357,-0.014,-0.258;
8.395,-7.886,4.021,-6.353,2.488,-0.080, 0.258, 0.580,0.000,0.000,0.654,-0.358,-0.016,-0.266;
8.411,-7.901,4.041,-6.368,2.508,-0.080, 0.258, 0.580,0.000,0.000,0.000,-0.359,-0.018,-0.266;
8.421,-7.911,4.053,-6.378,2.520,-0.080, 0.258, 0.580,0.000,0.000,0.000,-0.360,-0.020,-0.266;
8.431,-7.920,4.065,-6.387,2.532,-0.080, 0.258, 0.580,0.000,0.000,0.000,-0.360,-0.021,-0.266;
8.446,-7.934,4.083,-6.401,2.550,-0.080, 0.258, 0.580,0.000,0.000,0.000,-0.361,-0.023,-0.266;
8.456,-7.943,4.095,-6.410,2.562,-0.080, 0.258, 0.580,0.000,0.000,0.000,-0.362,-0.024,-0.266;
8.466,-7.952,4.107,-6.419,2.574,-0.080, 0.258, 0.580,0.000,0.000,0.000,-0.363,-0.026,-0.266;
8.480,-7.966,4.125,-6.432,2.592,-0.080, 0.258, 0.580,0.000,0.000,0.000,-0.364,-0.028,-0.266;
8.496,-7.980,4.144,-6.447,2.611,-0.080, 0.258, 0.580,0.000,0.000,0.000,-0.365,-0.030,-0.266;
8.506,-7.989,4.156,-6.456,2.623,-0.080, 0.258, 0.580,0.000,0.000,0.000,-0.366,-0.031,-0.266;
8.516,-7.999,4.170,-6.466,2.637,-0.080, 0.258, 0.580,0.000,0.000,0.000,-0.367,-0.033,-0.266;
8.531,-8.012,4.187,-6.478,2.654,-0.080, 0.258, 0.580,0.000,0.000,0.000,-0.368,-0.035,-0.266;
8.541,-8.020,4.200,-6.487,2.667,-0.080, 0.258, 0.580,0.000,0.000,0.000,-0.368,-0.036,-0.266;
8.551,-8.029,4.212,-6.496,2.679,-0.080, 0.258, 0.580,0.000,0.000,0.000,-0.369,-0.038,-0.266;
8.564,-8.041,4.228,-6.508,2.695,-0.080, 0.258, 0.580,0.000,0.000,0.000,-0.370,-0.040,-0.266;
8.579,-8.055,4.248,-6.521,2.715,-0.080, 0.258, 0.580,0.000,0.000,0.000,-0.371,-0.042,-0.266;
8.589,-8.063,4.260,-6.530,2.727,-0.080, 0.258, 0.580,0.000,0.000,0.000,-0.372,-0.043,-0.266;
8.599,-8.072,4.273,-6.539,2.740,-0.080, 0.258, 0.580,0.000,0.000,0.000,-0.372,-0.045,-0.266;
8.612,-8.083,4.289,-6.550,2.756,-0.080, 0.258, 0.580,0.000,0.000,0.000,-0.373,-0.046,-0.266;
8.628,-8.097,4.309,-6.564,2.776,-0.080, 0.258, 0.580,0.000,0.000,0.000,-0.374,-0.049,-0.266;
8.638,-8.106,4.322,-6.573,2.789,-0.080, 0.258, 0.580,0.000,0.000,0.000,-0.375,-0.050,-0.266;
8.655,-8.120,4.343,-6.587,2.810,-0.080, 0.258, 0.580,0.000,0.000,0.000,-0.376,-0.053,-0.266;
8.665,-8.128,4.356,-6.595,2.823,-0.080, 0.258, 0.580,0.000,0.000,0.000,-0.377,-0.054,-0.266;
8.675,-8.137,4.369,-6.604,2.836,-0.080, 0.258, 0.580,0.000,0.000,0.000,-0.377,-0.055,-0.266;
8.685,-8.145,4.381,-6.612,2.848,-0.080, 0.258, 0.580,0.000,0.000,0.000,-0.378,-0.057,-0.266;
8.697,-8.156,4.397,-6.622,2.864,-0.080, 0.258, 0.580,0.000,0.000,0.000,-0.379,-0.059,-0.266;
8.713,-8.168,4.417,-6.635,2.884,-0.080, 0.258, 0.580,0.000,0.000,0.000,-0.380,-0.061,-0.266;
8.723,-8.176,4.430,-6.643,2.897,-0.080, 0.258, 0.580,0.000,0.000,0.000,-0.380,-0.062,-0.266;
8.733,-8.185,4.443,-6.652,2.910,-0.080, 0.258, 0.580,0.000,0.000,0.000,-0.381,-0.064,-0.266;
8.747,-8.162,4.433,-6.673,2.945,-0.080, 0.258, 0.572,0.000,0.000,-0.546,-0.382,-0.066,-0.258;
8.758,-8.205,4.475,-6.672,2.942,-0.080, 0.258, 0.580,0.000,0.000,0.726,-0.382,-0.067,-0.266;
8.770,-8.215,4.491,-6.682,2.958,-0.080, 0.258, 0.580,0.000,0.000,0.000,-0.383,-0.069,-0.266;
8.783,-8.226,4.509,-6.692,2.975,-0.080, 0.258, 0.580,0.000,0.000,0.000,-0.384,-0.071,-0.266;
8.797,-8.237,4.527,-6.704,2.994,-0.080, 0.258, 0.580,0.000,0.000,0.000,-0.385,-0.073,-0.266;
8.813,-8.249,4.548,-6.716,3.014,-0.080, 0.258, 0.580,0.000,0.000,0.000,-0.386,-0.075,-0.266;
8.823,-8.257,4.561,-6.724,3.028,-0.080, 0.258, 0.580,0.000,0.000,0.000,-0.386,-0.077,-0.266;
8.833,-8.265,4.574,-6.732,3.041,-0.080, 0.258, 0.580,0.000,0.000,0.000,-0.387,-0.078,-0.266;
8.845,-8.274,4.589,-6.741,3.056,-0.080, 0.258, 0.580,0.000,0.000,0.000,-0.387,-0.080,-0.266;
8.856,-8.282,4.604,-6.749,3.071,-0.080, 0.258, 0.580,0.000,0.000,0.000,-0.388,-0.082,-0.266;
8.868,-8.292,4.621,-6.759,3.088,-0.080, 0.258, 0.580,0.000,0.000,0.000,-0.389,-0.084,-0.266;
8.882,-8.303,4.639,-6.769,3.106,-0.080, 0.258, 0.580,0.000,0.000,0.000,-0.389,-0.086,-0.266;
8.897,-8.314,4.659,-6.780,3.126,-0.080, 0.258, 0.580,0.000,0.000,0.000,-0.390,-0.088,-0.266;
8.913,-8.325,4.680,-6.792,3.147,-0.080, 0.258, 0.580,0.000,0.000,0.000,-0.391,-0.090,-0.266;
8.923,-8.298,4.665,-6.810,3.176,-0.080, 0.258, 0.572,0.000,0.000,-0.781,-0.392,-0.092,-0.258;
8.933,-8.340,4.707,-6.807,3.174,-0.080, 0.258, 0.580,0.000,0.000,0.781,-0.392,-0.093,-0.266;
8.947,-8.350,4.726,-6.817,3.192,-0.080, 0.258, 0.580,0.000,0.000,0.000,-0.393,-0.095,-0.266;
8.957,-8.323,4.710,-6.834,3.222,-0.080, 0.258, 0.572,0.000,0.000,-0.781,-0.393,-0.097,-0.258;
8.967,-8.365,4.752,-6.832,3.219,-0.080, 0.258, 0.580,0.000,0.000,0.781,-0.394,-0.098,-0.266;
8.981,-8.375,4.771,-6.842,3.238,-0.080, 0.258, 0.580,0.000,0.000,0.000,-0.395,-0.100,-0.266;
8.995,-8.385,4.790,-6.852,3.257,-0.080, 0.258, 0.580,0.000,0.000,0.000,-0.395,-0.102,-0.266;
9.006,-8.393,4.805,-6.860,3.272,-0.080, 0.258, 0.580,0.000,0.000,0.000,-0.396,-0.104,-0.266;
9.018,-8.401,4.822,-6.868,3.288,-0.080, 0.258, 0.580,0.000,0.000,0.000,-0.396,-0.106,-0.266;
9.030,-8.410,4.838,-6.876,3.305,-0.080, 0.258, 0.580,0.000,0.000,0.000,-0.397,-0.108,-0.266;
9.045,-8.420,4.859,-6.887,3.326,-0.080, 0.258, 0.580,0.000,0.000,0.000,-0.398,-0.110,-0.266;
9.055,-8.427,4.873,-6.894,3.340,-0.080, 0.258, 0.580,0.000,0.000,0.000,-0.398,-0.111,-0.266;
9.065,-8.434,4.887,-6.901,3.353,-0.080, 0.258, 0.580,0.000,0.000,0.000,-0.399,-0.113,-0.266;
9.080,-8.444,4.906,-6.910,3.373,-0.080, 0.258, 0.580,0.000,0.000,0.000,-0.399,-0.115,-0.266;
9.095,-8.454,4.927,-6.920,3.394,-0.080, 0.258, 0.580,0.000,0.000,0.000,-0.400,-0.117,-0.266;
9.105,-8.460,4.941,-6.927,3.408,-0.080, 0.258, 0.580,0.000,0.000,0.000,-0.400,-0.119,-0.266;
9.118,-8.433,4.929,-6.945,3.441,-0.080, 0.258, 0.572,0.000,0.000,-0.606,-0.401,-0.121,-0.258;
9.128,-8.475,4.973,-6.942,3.439,-0.080, 0.258, 0.580,0.000,0.000,0.781,-0.401,-0.122,-0.266;
9.139,-8.447,4.958,-6.959,3.470,-0.080, 0.258, 0.572,0.000,0.000,-0.713,-0.402,-0.124,-0.258;
9.151,-8.455,4.976,-6.967,3.488,-0.080, 0.258, 0.572,0.000,0.000,0.000,-0.402,-0.126,-0.258;
9.165,-8.499,5.025,-6.966,3.491,-0.080, 0.258, 0.580,0.000,0.000,0.570,-0.403,-0.128,-0.266;
9.175,-8.506,5.038,-6.973,3.505,-0.080, 0.258, 0.580,0.000,0.000,0.000,-0.403,-0.130,-0.266;
9.185,-8.512,5.052,-6.979,3.519,-0.080, 0.258, 0.580,0.000,0.000,0.000,-0.404,-0.131,-0.266;
9.197,-8.519,5.068,-6.986,3.535,-0.080, 0.258, 0.580,0.000,0.000,0.000,-0.404,-0.133,-0.266;
9.211,-8.528,5.089,-6.995,3.556,-0.080, 0.258, 0.580,0.000,0.000,0.000,-0.405,-0.135,-0.266;
9.228,-8.538,5.112,-7.005,3.579,-0.080, 0.258, 0.580,0.000,0.000,0.000,-0.405,-0.138,-0.266;
9.238,-8.544,5.126,-7.011,3.593,-0.080, 0.258, 0.580,0.000,0.000,0.000,-0.406,-0.139,-0.266;
9.248,-8.550,5.140,-7.017,3.607,-0.080, 0.258, 0.580,0.000,0.000,0.000,-0.406,-0.141,-0.266;
9.262,-8.559,5.161,-7.026,3.628,-0.080, 0.258, 0.580,0.000,0.000,0.000,-0.407,-0.143,-0.266;
9.278,-8.568,5.183,-7.035,3.650,-0.080, 0.258, 0.580,0.000,0.000,0.000,-0.407,-0.145,-0.266;
9.288,-8.574,5.197,-7.041,3.664,-0.080, 0.258, 0.580,0.000,0.000,0.000,-0.407,-0.147,-0.266;
9.300,-8.546,5.185,-7.058,3.697,-0.080, 0.258, 0.572,0.000,0.000,-0.630,-0.408,-0.149,-0.258;
9.314,-8.589,5.234,-7.056,3.701,-0.080, 0.258, 0.580,0.000,0.000,0.581,-0.408,-0.151,-0.266;
9.324,-8.595,5.248,-7.061,3.715,-0.080, 0.258, 0.580,0.000,0.000,0.000,-0.409,-0.152,-0.266;
9.334,-8.600,5.262,-7.067,3.729,-0.080, 0.258, 0.580,0.000,0.000,0.000,-0.409,-0.154,-0.266;
9.350,-8.609,5.285,-7.076,3.752,-0.080, 0.258, 0.580,0.000,0.000,0.000,-0.410,-0.156,-0.266;
9.363,-8.616,5.304,-7.083,3.771,-0.080, 0.258, 0.580,0.000,0.000,0.000,-0.410,-0.158,-0.266;
9.374,-8.622,5.319,-7.089,3.786,-0.080, 0.258, 0.580,0.000,0.000,0.000,-0.410,-0.160,-0.266;
9.387,-8.629,5.338,-7.096,3.805,-0.080, 0.258, 0.580,0.000,0.000,0.000,-0.411,-0.162,-0.266;
9.398,-8.635,5.354,-7.102,3.821,-0.080, 0.258, 0.580,0.000,0.000,0.000,-0.411,-0.164,-0.266;
9.409,-8.641,5.369,-7.108,3.836,-0.080, 0.258, 0.580,0.000,0.000,0.000,-0.411,-0.165,-0.266;
9.421,-8.647,5.387,-7.114,3.854,-0.080, 0.258, 0.580,0.000,0.000,0.000,-0.412,-0.167,-0.266;
9.433,-8.654,5.404,-7.120,3.871,-0.080, 0.258, 0.580,0.000,0.000,0.000,-0.412,-0.169,-0.266;
9.448,-8.661,5.426,-7.128,3.893,-0.080, 0.258, 0.580,0.000,0.000,0.000,-0.412,-0.171,-0.266;
9.458,-8.666,5.440,-7.133,3.907,-0.080, 0.258, 0.580,0.000,0.000,0.000,-0.413,-0.173,-0.266;
9.468,-8.671,5.455,-7.138,3.922,-0.080, 0.258, 0.580,0.000,0.000,0.000,-0.413,-0.174,-0.266;
9.480,-8.677,5.472,-7.144,3.939,-0.080, 0.258, 0.580,0.000,0.000,0.000,-0.413,-0.176,-0.266;
9.492,-8.683,5.489,-7.150,3.956,-0.080, 0.258, 0.580,0.000,0.000,0.000,-0.414,-0.178,-0.266;
9.504,-8.653,5.477,-7.165,3.989,-0.080, 0.258, 0.572,0.000,0.000,-0.638,-0.414,-0.180,-0.258;
9.517,-8.695,5.526,-7.162,3.993,-0.080, 0.258, 0.580,0.000,0.000,0.589,-0.414,-0.182,-0.266;
9.531,-8.702,5.546,-7.169,4.013,-0.080, 0.258, 0.580,0.000,0.000,0.000,-0.415,-0.184,-0.266;
9.547,-8.709,5.570,-7.176,4.036,-0.080, 0.258, 0.580,0.000,0.000,0.000,-0.415,-0.187,-0.266;
9.557,-8.714,5.584,-7.181,4.051,-0.080, 0.258, 0.580,0.000,0.000,0.000,-0.415,-0.188,-0.266;
9.567,-8.719,5.599,-7.186,4.066,-0.080, 0.258, 0.580,0.000,0.000,0.000,-0.415,-0.190,-0.266;
9.581,-8.725,5.619,-7.192,4.085,-0.080, 0.258, 0.580,0.000,0.000,0.000,-0.416,-0.192,-0.266;
9.596,-8.731,5.641,-7.198,4.107,-0.080, 0.258, 0.580,0.000,0.000,0.000,-0.416,-0.194,-0.266;
9.606,-8.736,5.655,-7.203,4.122,-0.080, 0.258, 0.580,0.000,0.000,0.000,-0.416,-0.196,-0.266;
9.617,-8.741,5.672,-7.208,4.138,-0.080, 0.258, 0.580,0.000,0.000,0.000,-0.416,-0.198,-0.266;
9.630,-8.746,5.691,-7.213,4.158,-0.080, 0.258, 0.580,0.000,0.000,0.000,-0.417,-0.200,-0.266;
9.646,-8.753,5.714,-7.220,4.181,-0.080, 0.258, 0.580,0.000,0.000,0.000,-0.417,-0.202,-0.266;
9.656,-8.757,5.729,-7.224,4.196,-0.080, 0.258, 0.580,0.000,0.000,0.000,-0.417,-0.204,-0.266;
9.666,-8.725,5.713,-7.237,4.225,-0.080, 0.258, 0.572,0.000,0.000,-0.781,-0.417,-0.205,-0.258;
9.679,-8.767,5.763,-7.234,4.230,-0.080, 0.258, 0.580,0.000,0.000,0.579,-0.417,-0.207,-0.266;
9.689,-8.771,5.778,-7.238,4.245,-0.080, 0.258, 0.580,0.000,0.000,0.000,-0.418,-0.209,-0.266;
9.699,-8.775,5.793,-7.242,4.260,-0.080, 0.258, 0.580,0.000,0.000,0.000,-0.418,-0.210,-0.266;
9.711,-8.779,5.811,-7.246,4.277,-0.080, 0.258, 0.580,0.000,0.000,0.000,-0.418,-0.212,-0.266;
9.724,-8.784,5.829,-7.251,4.296,-0.080, 0.258, 0.580,0.000,0.000,0.000,-0.418,-0.214,-0.266;
9.735,-8.789,5.847,-7.256,4.314,-0.080, 0.258, 0.580,0.000,0.000,0.000,-0.418,-0.216,-0.266;
9.749,-8.794,5.867,-7.261,4.334,-0.080, 0.258, 0.580,0.000,0.000,0.000,-0.418,-0.218,-0.266;
9.763,-8.799,5.888,-7.266,4.355,-0.080, 0.258, 0.580,0.000,0.000,0.000,-0.419,-0.221,-0.266;
9.779,-8.805,5.911,-7.271,4.378,-0.080, 0.258, 0.580,0.000,0.000,0.000,-0.419,-0.223,-0.266;
9.789,-8.808,5.926,-7.275,4.393,-0.080, 0.258, 0.580,0.000,0.000,0.000,-0.419,-0.224,-0.266;
9.799,-8.812,5.941,-7.278,4.408,-0.080, 0.258, 0.580,0.000,0.000,0.000,-0.419,-0.226,-0.266;
9.814,-8.817,5.963,-7.283,4.430,-0.080, 0.258, 0.580,0.000,0.000,0.000,-0.419,-0.228,-0.266;
9.824,-8.820,5.978,-7.287,4.445,-0.080, 0.258, 0.580,0.000,0.000,0.000,-0.419,-0.230,-0.266;
9.834,-8.823,5.993,-7.290,4.460,-0.080, 0.258, 0.580,0.000,0.000,0.000,-0.419,-0.231,-0.266;
9.846,-8.828,6.012,-7.294,4.479,-0.080, 0.258, 0.580,0.000,0.000,0.000,-0.419,-0.233,-0.266;
9.859,-8.796,5.999,-7.308,4.511,-0.080, 0.258, 0.572,0.000,0.000,-0.627,-0.419,-0.235,-0.258;
9.871,-8.835,6.049,-7.302,4.516,-0.080, 0.258, 0.580,0.000,0.000,0.641,-0.420,-0.237,-0.266;
9.885,-8.840,6.069,-7.306,4.536,-0.080, 0.258, 0.580,0.000,0.000,0.000,-0.420,-0.240,-0.266;
9.897,-8.844,6.088,-7.310,4.555,-0.080, 0.258, 0.580,0.000,0.000,0.000,-0.420,-0.242,-0.266;
9.912,-8.848,6.111,-7.315,4.578,-0.080, 0.258, 0.580,0.000,0.000,0.000,-0.420,-0.244,-0.266;
9.922,-8.851,6.126,-7.318,4.593,-0.080, 0.258, 0.580,0.000,0.000,0.000,-0.420,-0.245,-0.266;
9.933,-8.854,6.142,-7.321,4.609,-0.080, 0.258, 0.580,0.000,0.000,0.000,-0.420,-0.247,-0.266;
9.949,-8.858,6.166,-7.325,4.633,-0.080, 0.258, 0.580,0.000,0.000,0.000,-0.420,-0.250,-0.266;
9.959,-8.861,6.181,-7.328,4.648,-0.080, 0.258, 0.580,0.000,0.000,0.000,-0.420,-0.251,-0.266;
9.969,-8.864,6.197,-7.331,4.663,-0.080, 0.258, 0.580,0.000,0.000,0.000,-0.420,-0.253,-0.266;
9.980,-8.831,6.181,-7.343,4.693,-0.080, 0.258, 0.572,0.000,0.000,-0.740,-0.420,-0.254,-0.258;
9.993,-8.870,6.232,-7.337,4.699,-0.080, 0.258, 0.580,0.000,0.000,0.597,-0.420,-0.257,-0.266;
10.005,-8.873,6.250,-7.340,4.717,-0.080, 0.258, 0.580,0.000,0.000,0.000,-0.420,-0.258,-0.266;
10.021,-8.841,6.242,-7.353,4.754,-0.080, 0.258, 0.572,0.000,0.000,-0.498,-0.420,-0.261,-0.258;
10.034,-8.844,6.262,-7.356,4.774,-0.080, 0.258, 0.572,0.000,0.000,0.000,-0.420,-0.263,-0.258;
10.049,-8.848,6.285,-7.360,4.797,-0.080, 0.258, 0.572,0.000,0.000,0.000,-0.420,-0.265,-0.258;
10.059,-8.850,6.300,-7.362,4.812,-0.080, 0.258, 0.572,0.000,0.000,0.000,-0.420,-0.267,-0.258;
10.069,-8.852,6.315,-7.364,4.827,-0.080, 0.258, 0.572,0.000,0.000,0.000,-0.420,-0.268,-0.258;
10.080,-8.891,6.364,-7.357,4.831,-0.080, 0.258, 0.580,0.000,0.000,0.704,-0.420,-0.270,-0.266;
10.096,-8.894,6.388,-7.361,4.855,-0.080, 0.258, 0.580,0.000,0.000,0.000,-0.420,-0.273,-0.266;
10.106,-8.896,6.403,-7.363,4.870,-0.080, 0.258, 0.580,0.000,0.000,0.000,-0.420,-0.274,-0.266;
10.118,-8.898,6.421,-7.365,4.888,-0.080, 0.258, 0.580,0.000,0.000,0.000,-0.420,-0.276,-0.266;
10.130,-8.901,6.440,-7.368,4.907,-0.080, 0.258, 0.580,0.000,0.000,0.000,-0.420,-0.278,-0.266;
10.145,-8.903,6.462,-7.370,4.929,-0.080, 0.258, 0.580,0.000,0.000,0.000,-0.419,-0.280,-0.266;
10.156,-8.905,6.478,-7.372,4.945,-0.080, 0.258, 0.580,0.000,0.000,0.000,-0.419,-0.282,-0.266;
10.166,-8.871,6.461,-7.383,4.973,-0.080, 0.258, 0.572,0.000,0.000,-0.781,-0.419,-0.284,-0.258;
10.180,-8.910,6.516,-7.376,4.983,-0.080, 0.258, 0.580,0.000,0.000,0.530,-0.419,-0.286,-0.266;
10.194,-8.912,6.536,-7.379,5.003,-0.080, 0.258, 0.580,0.000,0.000,0.000,-0.419,-0.288,-0.266;
10.205,-8.914,6.553,-7.380,5.020,-0.080, 0.258, 0.580,0.000,0.000,0.000,-0.419,-0.290,-0.266;
10.221,-8.880,6.545,-7.392,5.057,-0.080, 0.258, 0.572,0.000,0.000,-0.500,-0.419,-0.292,-0.258;
10.231,-8.881,6.560,-7.393,5.072,-0.080, 0.258, 0.572,0.000,0.000,0.000,-0.419,-0.294,-0.258;
10.241,-8.919,6.608,-7.386,5.075,-0.080, 0.258, 0.580,0.000,0.000,0.781,-0.418,-0.295,-0.266;
10.251,-8.920,6.623,-7.387,5.090,-0.080, 0.258, 0.580,0.000,0.000,0.000,-0.418,-0.297,-0.266;
10.263,-8.922,6.642,-7.389,5.109,-0.080, 0.258, 0.580,0.000,0.000,0.000,-0.418,-0.299,-0.266;
10.278,-8.924,6.665,-7.390,5.131,-0.080, 0.258, 0.580,0.000,0.000,0.000,-0.418,-0.301,-0.266;
10.288,-8.889,6.647,-7.401,5.159,-0.080, 0.258, 0.572,0.000,0.000,-0.781,-0.418,-0.303,-0.258;
10.298,-8.926,6.695,-7.393,5.162,-0.080, 0.258, 0.580,0.000,0.000,0.781,-0.418,-0.304,-0.266;
10.312,-8.927,6.717,-7.394,5.184,-0.080, 0.258, 0.580,0.000,0.000,0.000,-0.418,-0.307,-0.266;
10.329,-8.929,6.742,-7.396,5.209,-0.080, 0.258, 0.580,0.000,0.000,0.000,-0.417,-0.309,-0.266;
10.342,-8.930,6.762,-7.397,5.229,-0.080, 0.258, 0.580,0.000,0.000,0.000,-0.417,-0.311,-0.266;
10.352,-8.931,6.777,-7.398,5.244,-0.080, 0.258, 0.580,0.000,0.000,0.000,-0.417,-0.313,-0.266;
10.363,-8.932,6.795,-7.399,5.262,-0.080, 0.258, 0.580,0.000,0.000,0.000,-0.417,-0.315,-0.266;
10.379,-8.933,6.819,-7.400,5.286,-0.080, 0.258, 0.580,0.000,0.000,0.000,-0.416,-0.317,-0.266;
10.389,-8.934,6.834,-7.401,5.301,-0.080, 0.258, 0.580,0.000,0.000,0.000,-0.416,-0.319,-0.266;
10.399,-8.898,6.817,-7.410,5.329,-0.080, 0.258, 0.572,0.000,0.000,-0.781,-0.416,-0.320,-0.258;
10.412,-8.935,6.870,-7.402,5.337,-0.080, 0.258, 0.580,0.000,0.000,0.584,-0.416,-0.322,-0.266;
10.422,-8.900,6.852,-7.412,5.364,-0.080, 0.258, 0.572,0.000,0.000,-0.781,-0.416,-0.324,-0.258;
10.436,-8.936,6.906,-7.403,5.373,-0.080, 0.258, 0.580,0.000,0.000,0.581,-0.415,-0.326,-0.266;
10.448,-8.937,6.925,-7.404,5.391,-0.080, 0.258, 0.580,0.000,0.000,0.000,-0.415,-0.328,-0.266;
10.458,-8.937,6.940,-7.404,5.407,-0.080, 0.258, 0.580,0.000,0.000,0.000,-0.415,-0.329,-0.266;
10.468,-8.938,6.955,-7.405,5.422,-0.080, 0.258, 0.580,0.000,0.000,0.000,-0.415,-0.331,-0.266;
10.482,-8.938,6.976,-7.405,5.443,-0.080, 0.258, 0.580,0.000,0.000,0.000,-0.414,-0.333,-0.266;
10.495,-8.938,6.997,-7.405,5.464,-0.080, 0.258, 0.580,0.000,0.000,0.000,-0.414,-0.335,-0.266;
10.511,-8.938,7.021,-7.405,5.488,-0.080, 0.258, 0.580,0.000,0.000,0.000,-0.413,-0.338,-0.266;
10.521,-8.938,7.036,-7.405,5.503,-0.080, 0.258, 0.580,0.000,0.000,0.000,-0.413,-0.339,-0.266;
10.531,-8.939,7.051,-7.405,5.518,-0.080, 0.258, 0.580,0.000,0.000,0.000,-0.413,-0.341,-0.266;
10.542,-8.938,7.069,-7.405,5.536,-0.080, 0.258, 0.580,0.000,0.000,0.000,-0.413,-0.342,-0.266;
10.554,-8.938,7.087,-7.405,5.554,-0.080, 0.258, 0.580,0.000,0.000,0.000,-0.412,-0.344,-0.266;
10.567,-8.938,7.106,-7.405,5.573,-0.080, 0.258, 0.580,0.000,0.000,0.000,-0.412,-0.346,-0.266;
10.582,-8.902,7.097,-7.414,5.609,-0.080, 0.258, 0.572,0.000,0.000,-0.493,-0.412,-0.349,-0.258;
10.596,-8.937,7.151,-7.404,5.618,-0.080, 0.258, 0.580,0.000,0.000,0.564,-0.411,-0.351,-0.266;
10.606,-8.901,7.134,-7.413,5.645,-0.080, 0.258, 0.572,0.000,0.000,-0.781,-0.411,-0.352,-0.258;
10.617,-8.901,7.149,-7.412,5.661,-0.080, 0.258, 0.572,0.000,0.000,0.000,-0.411,-0.354,-0.258;
10.629,-8.936,7.202,-7.403,5.669,-0.080, 0.258, 0.580,0.000,0.000,0.609,-0.410,-0.356,-0.266;
10.646,-8.935,7.227,-7.402,5.694,-0.080, 0.258, 0.580,0.000,0.000,0.000,-0.410,-0.358,-0.266;
10.656,-8.935,7.243,-7.401,5.709,-0.080, 0.258, 0.580,0.000,0.000,0.000,-0.409,-0.360,-0.266;
10.666,-8.934,7.258,-7.401,5.725,-0.080, 0.258, 0.580,0.000,0.000,0.000,-0.409,-0.361,-0.266;
10.680,-8.933,7.280,-7.400,5.746,-0.080, 0.258, 0.580,0.000,0.000,0.000,-0.409,-0.364,-0.266;
10.695,-8.932,7.302,-7.399,5.769,-0.080, 0.258, 0.580,0.000,0.000,0.000,-0.408,-0.366,-0.266;
10.705,-8.931,7.317,-7.398,5.784,-0.080, 0.258, 0.580,0.000,0.000,0.000,-0.408,-0.367,-0.266;
10.715,-8.930,7.332,-7.397,5.799,-0.080, 0.258, 0.580,0.000,0.000,0.000,-0.407,-0.369,-0.266;
10.725,-8.929,7.348,-7.396,5.815,-0.080, 0.258, 0.580,0.000,0.000,0.000,-0.407,-0.371,-0.266;
10.737,-8.928,7.366,-7.395,5.833,-0.080, 0.258, 0.580,0.000,0.000,0.000,-0.407,-0.372,-0.266;
10.752,-8.890,7.355,-7.402,5.867,-0.080, 0.258, 0.572,0.000,0.000,-0.537,-0.406,-0.375,-0.258;
10.768,-8.925,7.414,-7.391,5.881,-0.080, 0.258, 0.580,0.000,0.000,0.468,-0.405,-0.377,-0.266;
10.782,-8.923,7.435,-7.390,5.902,-0.080, 0.258, 0.580,0.000,0.000,0.000,-0.405,-0.379,-0.266;
10.792,-8.886,7.417,-7.398,5.929,-0.080, 0.258, 0.572,0.000,0.000,-0.781,-0.405,-0.381,-0.258;
10.802,-8.920,7.466,-7.387,5.933,-0.080, 0.258, 0.580,0.000,0.000,0.775,-0.404,-0.382,-0.266;
10.815,-8.919,7.486,-7.385,5.953,-0.080, 0.258, 0.580,0.000,0.000,0.000,-0.404,-0.384,-0.266;
10.829,-8.917,7.508,-7.383,5.974,-0.080, 0.258, 0.580,0.000,0.000,0.000,-0.403,-0.386,-0.266;
10.839,-8.915,7.523,-7.382,5.990,-0.080, 0.258, 0.580,0.000,0.000,0.000,-0.403,-0.388,-0.266;
10.850,-8.913,7.539,-7.380,6.006,-0.080, 0.258, 0.580,0.000,0.000,0.000,-0.402,-0.390,-0.266;
10.866,-8.911,7.563,-7.378,6.029,-0.080, 0.258, 0.580,0.000,0.000,0.000,-0.402,-0.392,-0.266;
10.876,-8.909,7.578,-7.376,6.045,-0.080, 0.258, 0.580,0.000,0.000,0.000,-0.401,-0.393,-0.266;
10.886,-8.908,7.593,-7.375,6.060,-0.080, 0.258, 0.580,0.000,0.000,0.000,-0.401,-0.395,-0.266;
10.896,-8.906,7.609,-7.373,6.076,-0.080, 0.258, 0.580,0.000,0.000,0.000,-0.400,-0.397,-0.266;
10.910,-8.867,7.597,-7.379,6.109,-0.080, 0.258, 0.572,0.000,0.000,-0.544,-0.400,-0.399,-0.258;
10.922,-8.901,7.649,-7.368,6.116,-0.080, 0.258, 0.580,0.000,0.000,0.658,-0.399,-0.400,-0.266;
10.934,-8.899,7.667,-7.366,6.134,-0.080, 0.258, 0.580,0.000,0.000,0.000,-0.399,-0.402,-0.266;
10.948,-8.896,7.688,-7.363,6.155,-0.080, 0.258, 0.580,0.000,0.000,0.000,-0.398,-0.404,-0.266;
10.962,-8.893,7.708,-7.360,6.175,-0.080, 0.258, 0.580,0.000,0.000,0.000,-0.397,-0.406,-0.266;
10.975,-8.854,7.695,-7.366,6.207,-0.080, 0.258, 0.572,0.000,0.000,-0.572,-0.397,-0.408,-0.258;
10.985,-8.888,7.744,-7.355,6.211,-0.080, 0.258, 0.580,0.000,0.000,0.781,-0.396,-0.410,-0.266;
10.996,-8.886,7.760,-7.353,6.227,-0.080, 0.258, 0.580,0.000,0.000,0.000,-0.396,-0.411,-0.266;
11.011,-8.882,7.783,-7.349,6.250,-0.080, 0.258, 0.580,0.000,0.000,0.000,-0.395,-0.414,-0.266;
11.025,-8.879,7.804,-7.346,6.271,-0.080, 0.258, 0.580,0.000,0.000,0.000,-0.394,-0.416,-0.266;
11.035,-8.877,7.819,-7.344,6.286,-0.080, 0.258, 0.580,0.000,0.000,0.000,-0.394,-0.417,-0.266;
11.046,-8.874,7.837,-7.341,6.304,-0.080, 0.258, 0.580,0.000,0.000,0.000,-0.393,-0.419,-0.266;
11.061,-8.870,7.858,-7.337,6.325,-0.080, 0.258, 0.580,0.000,0.000,0.000,-0.392,-0.421,-0.266;
11.074,-8.867,7.879,-7.334,6.346,-0.080, 0.258, 0.580,0.000,0.000,0.000,-0.392,-0.423,-0.266;
11.086,-8.864,7.897,-7.330,6.364,-0.080, 0.258, 0.580,0.000,0.000,0.000,-0.391,-0.425,-0.266;
11.096,-8.861,7.912,-7.328,6.379,-0.080, 0.258, 0.580,0.000,0.000,0.000,-0.391,-0.426,-0.266;
11.106,-8.858,7.927,-7.325,6.394,-0.080, 0.258, 0.580,0.000,0.000,0.000,-0.390,-0.428,-0.266;
11.118,-8.855,7.945,-7.322,6.412,-0.080, 0.258, 0.580,0.000,0.000,0.000,-0.389,-0.430,-0.266;
11.132,-8.815,7.931,-7.327,6.443,-0.080, 0.258, 0.572,0.000,0.000,-0.576,-0.389,-0.432,-0.258;
11.146,-8.847,7.986,-7.314,6.453,-0.080, 0.258, 0.580,0.000,0.000,0.549,-0.388,-0.434,-0.266;
11.163,-8.842,8.012,-7.309,6.479,-0.080, 0.258, 0.580,0.000,0.000,0.000,-0.387,-0.436,-0.266;
11.174,-8.802,7.994,-7.314,6.506,-0.080, 0.258, 0.572,0.000,0.000,-0.724,-0.386,-0.438,-0.258;
11.184,-8.799,8.009,-7.311,6.521,-0.080, 0.258, 0.572,0.000,0.000,0.000,-0.386,-0.439,-0.258;
11.194,-8.796,8.024,-7.308,6.536,-0.080, 0.258, 0.572,0.000,0.000,0.000,-0.385,-0.441,-0.258;
11.204,-8.829,8.073,-7.296,6.540,-0.080, 0.258, 0.580,0.000,0.000,0.781,-0.385,-0.442,-0.266;
11.218,-8.824,8.095,-7.291,6.561,-0.080, 0.258, 0.580,0.000,0.000,0.000,-0.384,-0.444,-0.266;
11.232,-8.820,8.115,-7.287,6.582,-0.080, 0.258, 0.580,0.000,0.000,0.000,-0.383,-0.446,-0.266;
11.246,-8.815,8.136,-7.282,6.603,-0.080, 0.258, 0.580,0.000,0.000,0.000,-0.382,-0.448,-0.266;
11.256,-8.811,8.151,-7.278,6.618,-0.080, 0.258, 0.580,0.000,0.000,0.000,-0.382,-0.450,-0.266;
11.267,-8.808,8.168,-7.274,6.635,-0.080, 0.258, 0.580,0.000,0.000,0.000,-0.381,-0.451,-0.266;
11.282,-8.766,8.156,-7.278,6.668,-0.080, 0.258, 0.572,0.000,0.000,-0.509,-0.380,-0.454,-0.258;
11.292,-8.798,8.205,-7.265,6.672,-0.080, 0.258, 0.580,0.000,0.000,0.781,-0.379,-0.455,-0.266;
11.305,-8.794,8.223,-7.261,6.690,-0.080, 0.258, 0.580,0.000,0.000,0.000,-0.379,-0.457,-0.266;
11.319,-8.789,8.244,-7.256,6.711,-0.080, 0.258, 0.580,0.000,0.000,0.000,-0.378,-0.459,-0.266;
11.329,-8.785,8.259,-7.252,6.726,-0.080, 0.258, 0.580,0.000,0.000,0.000,-0.377,-0.460,-0.266;
11.343,-8.744,8.245,-7.256,6.757,-0.080, 0.258, 0.572,0.000,0.000,-0.555,-0.376,-0.462,-0.258;
11.355,-8.775,8.298,-7.242,6.765,-0.080, 0.258, 0.580,0.000,0.000,0.633,-0.375,-0.464,-0.266;
11.368,-8.770,8.317,-7.237,6.784,-0.080, 0.258, 0.580,0.000,0.000,0.000,-0.374,-0.466,-0.266;
11.378,-8.766,8.332,-7.233,6.799,-0.080, 0.258, 0.580,0.000,0.000,0.000,-0.374,-0.467,-0.266;
11.388,-8.762,8.346,-7.228,6.813,-0.080, 0.258, 0.580,0.000,0.000,0.000,-0.373,-0.469,-0.266;
11.398,-8.757,8.362,-7.224,6.829,-0.080, 0.258, 0.580,0.000,0.000,0.000,-0.372,-0.470,-0.266;
11.411,-8.752,8.381,-7.219,6.848,-0.080, 0.258, 0.580,0.000,0.000,0.000,-0.372,-0.472,-0.266;
11.423,-8.747,8.399,-7.214,6.866,-0.080, 0.258, 0.580,0.000,0.000,0.000,-0.371,-0.474,-0.266;
11.436,-8.742,8.417,-7.208,6.884,-0.080, 0.258, 0.580,0.000,0.000,0.000,-0.370,-0.476,-0.266;
11.451,-8.735,8.439,-7.202,6.906,-0.080, 0.258, 0.580,0.000,0.000,0.000,-0.369,-0.478,-0.266;
11.463,-8.729,8.458,-7.196,6.925,-0.080, 0.258, 0.580,0.000,0.000,0.000,-0.368,-0.479,-0.266;
11.476,-8.724,8.476,-7.190,6.943,-0.080, 0.258, 0.580,0.000,0.000,0.000,-0.367,-0.481,-0.266;
11.490,-8.718,8.496,-7.184,6.963,-0.080, 0.258, 0.580,0.000,0.000,0.000,-0.366,-0.483,-0.266;
11.501,-8.712,8.513,-7.179,6.980,-0.080, 0.258, 0.580,0.000,0.000,0.000,-0.365,-0.485,-0.266;
11.515,-8.706,8.533,-7.173,7.000,-0.080, 0.258, 0.580,0.000,0.000,0.000,-0.364,-0.487,-0.266;
11.525,-8.666,8.512,-7.177,7.024,-0.080, 0.258, 0.572,0.000,0.000,-0.781,-0.364,-0.488,-0.258;
11.535,-8.696,8.562,-7.163,7.029,-0.080, 0.258, 0.580,0.000,0.000,0.781,-0.363,-0.489,-0.266;
11.546,-8.691,8.579,-7.158,7.045,-0.080, 0.258, 0.580,0.000,0.000,0.000,-0.362,-0.491,-0.266;
11.558,-8.685,8.596,-7.152,7.063,-0.080, 0.258, 0.580,0.000,0.000,0.000,-0.361,-0.493,-0.266;
11.570,-8.679,8.613,-7.146,7.080,-0.080, 0.258, 0.580,0.000,0.000,0.000,-0.360,-0.494,-0.266;
11.587,-8.671,8.637,-7.138,7.104,-0.080, 0.258, 0.580,0.000,0.000,0.000,-0.359,-0.497,-0.266;
11.600,-8.664,8.657,-7.131,7.123,-0.080, 0.258, 0.580,0.000,0.000,0.000,-0.358,-0.499,-0.266;
11.610,-8.659,8.671,-7.126,7.138,-0.080, 0.258, 0.580,0.000,0.000,0.000,-0.357,-0.500,-0.266;
11.620,-8.654,8.685,-7.121,7.152,-0.080, 0.258, 0.580,0.000,0.000,0.000,-0.357,-0.501,-0.266;
11.631,-8.648,8.702,-7.115,7.169,-0.080, 0.258, 0.580,0.000,0.000,0.000,-0.356,-0.503,-0.266;
11.645,-8.641,8.721,-7.108,7.188,-0.080, 0.258, 0.580,0.000,0.000,0.000,-0.355,-0.505,-0.266;
11.660,-8.633,8.743,-7.100,7.210,-0.080, 0.258, 0.580,0.000,0.000,0.000,-0.353,-0.507,-0.266;
11.670,-8.628,8.757,-7.095,7.224,-0.080, 0.258, 0.580,0.000,0.000,0.000,-0.353,-0.508,-0.266;
11.680,-8.622,8.772,-7.089,7.238,-0.080, 0.258, 0.580,0.000,0.000,0.000,-0.352,-0.509,-0.266;
11.690,-8.581,8.750,-7.093,7.262,-0.080, 0.258, 0.572,0.000,0.000,-0.769,-0.351,-0.511,-0.258;
11.702,-8.610,8.803,-7.077,7.270,-0.080, 0.258, 0.580,0.000,0.000,0.657,-0.350,-0.512,-0.266;
11.717,-8.602,8.824,-7.069,7.291,-0.080, 0.258, 0.580,0.000,0.000,0.000,-0.349,-0.514,-0.266;
11.729,-8.560,8.805,-7.072,7.317,-0.080, 0.258, 0.572,0.000,0.000,-0.645,-0.348,-0.516,-0.258;
11.742,-8.588,8.860,-7.055,7.327,-0.080, 0.258, 0.580,0.000,0.000,0.592,-0.347,-0.518,-0.266;
11.753,-8.582,8.876,-7.049,7.343,-0.080, 0.258, 0.580,0.000,0.000,0.000,-0.346,-0.519,-0.266;
11.765,-8.575,8.893,-7.042,7.360,-0.080, 0.258, 0.580,0.000,0.000,0.000,-0.345,-0.521,-0.266;
11.781,-8.566,8.915,-7.033,7.382,-0.080, 0.258, 0.580,0.000,0.000,0.000,-0.344,-0.523,-0.266;
11.795,-8.557,8.935,-7.024,7.402,-0.080, 0.258, 0.580,0.000,0.000,0.000,-0.342,-0.525,-0.266;
11.807,-8.550,8.952,-7.017,7.419,-0.080, 0.258, 0.580,0.000,0.000,0.000,-0.341,-0.526,-0.266;
11.820,-8.542,8.970,-7.009,7.437,-0.080, 0.258, 0.580,0.000,0.000,0.000,-0.340,-0.528,-0.266;
11.830,-8.536,8.984,-7.003,7.451,-0.080, 0.258, 0.580,0.000,0.000,0.000,-0.340,-0.529,-0.266;
11.840,-8.530,8.998,-6.997,7.465,-0.080, 0.258, 0.580,0.000,0.000,0.000,-0.339,-0.531,-0.266;
11.850,-8.524,9.012,-6.991,7.479,-0.080, 0.258, 0.580,0.000,0.000,0.000,-0.338,-0.532,-0.266;
11.864,-8.515,9.031,-6.982,7.498,-0.080, 0.258, 0.580,0.000,0.000,0.000,-0.337,-0.534,-0.266;
11.877,-8.507,9.049,-6.974,7.516,-0.080, 0.258, 0.580,0.000,0.000,0.000,-0.336,-0.536,-0.266;
11.888,-8.500,9.065,-6.967,7.532,-0.080, 0.258, 0.580,0.000,0.000,0.000,-0.335,-0.537,-0.266;
11.900,-8.492,9.082,-6.959,7.549,-0.080, 0.258, 0.580,0.000,0.000,0.000,-0.333,-0.539,-0.266;
11.916,-8.447,9.067,-6.959,7.579,-0.080, 0.258, 0.572,0.000,0.000,-0.498,-0.332,-0.541,-0.258;
11.929,-8.438,9.086,-6.950,7.598,-0.080, 0.258, 0.572,0.000,0.000,0.000,-0.331,-0.542,-0.258;
11.939,-8.467,9.136,-6.934,7.603,-0.080, 0.258, 0.580,0.000,0.000,0.781,-0.330,-0.544,-0.266;
11.949,-8.460,9.150,-6.927,7.617,-0.080, 0.258, 0.580,0.000,0.000,0.000,-0.329,-0.545,-0.266;
11.962,-8.452,9.167,-6.919,7.634,-0.080, 0.258, 0.580,0.000,0.000,0.000,-0.328,-0.547,-0.266;
11.974,-8.444,9.184,-6.911,7.651,-0.080, 0.258, 0.580,0.000,0.000,0.000,-0.327,-0.548,-0.266;
11.986,-8.436,9.200,-6.903,7.667,-0.080, 0.258, 0.580,0.000,0.000,0.000,-0.326,-0.550,-0.266;
11.998,-8.428,9.217,-6.895,7.684,-0.080, 0.258, 0.580,0.000,0.000,0.000,-0.325,-0.551,-0.266;
12.013,-8.417,9.238,-6.884,7.705,-0.080, 0.258, 0.580,0.000,0.000,0.000,-0.323,-0.553,-0.266;
12.023,-8.410,9.252,-6.877,7.719,-0.080, 0.258, 0.580,0.000,0.000,0.000,-0.322,-0.554,-0.266;
12.034,-8.403,9.266,-6.870,7.733,-0.080, 0.258, 0.580,0.000,0.000,0.000,-0.321,-0.556,-0.266;
12.047,-8.394,9.284,-6.861,7.751,-0.080, 0.258, 0.580,0.000,0.000,0.000,-0.320,-0.557,-0.266;
12.063,-8.382,9.306,-6.849,7.773,-0.080, 0.258, 0.580,0.000,0.000,0.000,-0.319,-0.559,-0.266;
12.081,-8.335,9.293,-6.847,7.805,-0.080, 0.258, 0.572,0.000,0.000,-0.438,-0.317,-0.562,-0.258;
12.091,-8.363,9.343,-6.829,7.810,-0.080, 0.258, 0.580,0.000,0.000,0.781,-0.316,-0.563,-0.266;
12.101,-8.355,9.357,-6.822,7.824,-0.080, 0.258, 0.580,0.000,0.000,0.000,-0.315,-0.564,-0.266;
12.115,-8.345,9.376,-6.812,7.843,-0.080, 0.258, 0.580,0.000,0.000,0.000,-0.314,-0.566,-0.266;
12.127,-8.336,9.392,-6.803,7.858,-0.080, 0.258, 0.580,0.000,0.000,0.000,-0.312,-0.567,-0.266;
12.140,-8.327,9.409,-6.794,7.876,-0.080, 0.258, 0.580,0.000,0.000,0.000,-0.311,-0.569,-0.266;
12.152,-8.317,9.426,-6.784,7.893,-0.080, 0.258, 0.580,0.000,0.000,0.000,-0.310,-0.571,-0.266;
12.165,-8.308,9.443,-6.775,7.910,-0.080, 0.258, 0.580,0.000,0.000,0.000,-0.309,-0.572,-0.266;
12.178,-8.298,9.460,-6.765,7.927,-0.080, 0.258, 0.580,0.000,0.000,0.000,-0.307,-0.574,-0.266;
12.194,-8.286,9.481,-6.753,7.948,-0.080, 0.258, 0.580,0.000,0.000,0.000,-0.306,-0.576,-0.266;
12.204,-8.278,9.495,-6.745,7.961,-0.080, 0.258, 0.580,0.000,0.000,0.000,-0.305,-0.577,-0.266;
12.222,-8.264,9.518,-6.731,7.985,-0.080, 0.258, 0.580,0.000,0.000,0.000,-0.303,-0.579,-0.266;
12.233,-8.256,9.532,-6.723,7.999,-0.080, 0.258, 0.580,0.000,0.000,0.000,-0.302,-0.580,-0.266;
12.249,-8.243,9.553,-6.710,8.020,-0.080, 0.258, 0.580,0.000,0.000,0.000,-0.300,-0.582,-0.266;
12.259,-8.235,9.567,-6.702,8.033,-0.080, 0.258, 0.580,0.000,0.000,0.000,-0.299,-0.583,-0.266;
12.272,-8.225,9.583,-6.692,8.050,-0.080, 0.258, 0.580,0.000,0.000,0.000,-0.298,-0.585,-0.266;
12.286,-8.179,9.564,-6.691,8.076,-0.080, 0.258, 0.572,0.000,0.000,-0.556,-0.296,-0.587,-0.258;
12.296,-8.206,9.615,-6.673,8.082,-0.080, 0.258, 0.580,0.000,0.000,0.781,-0.295,-0.588,-0.266;
12.306,-8.198,9.628,-6.665,8.095,-0.080, 0.258, 0.580,0.000,0.000,0.000,-0.294,-0.589,-0.266;
12.316,-8.190,9.641,-6.657,8.107,-0.080, 0.258, 0.580,0.000,0.000,0.000,-0.293,-0.590,-0.266;
12.327,-8.180,9.656,-6.647,8.123,-0.080, 0.258, 0.580,0.000,0.000,0.000,-0.292,-0.591,-0.266;
12.338,-8.171,9.670,-6.638,8.137,-0.080, 0.258, 0.580,0.000,0.000,0.000,-0.291,-0.593,-0.266;
12.348,-8.163,9.683,-6.630,8.150,-0.080, 0.258, 0.580,0.000,0.000,0.000,-0.290,-0.594,-0.266;
12.358,-8.154,9.696,-6.621,8.163,-0.080, 0.258, 0.580,0.000,0.000,0.000,-0.289,-0.595,-0.266;
12.368,-8.146,9.709,-6.613,8.175,-0.080, 0.258, 0.580,0.000,0.000,0.000,-0.288,-0.596,-0.266;
12.382,-8.135,9.726,-6.602,8.193,-0.080, 0.258, 0.580,0.000,0.000,0.000,-0.286,-0.598,-0.266;
12.394,-8.125,9.741,-6.592,8.208,-0.080, 0.258, 0.580,0.000,0.000,0.000,-0.285,-0.599,-0.266;
12.405,-8.115,9.756,-6.582,8.222,-0.080, 0.258, 0.580,0.000,0.000,0.000,-0.284,-0.601,-0.266;
12.420,-8.103,9.774,-6.569,8.241,-0.080, 0.258, 0.580,0.000,0.000,0.000,-0.282,-0.602,-0.266;
12.431,-8.093,9.788,-6.560,8.255,-0.080, 0.258, 0.580,0.000,0.000,0.000,-0.281,-0.603,-0.266;
12.460,-8.033,9.787,-6.545,8.299,-0.080, 0.258, 0.572,0.000,0.000,-0.269,-0.278,-0.607,-0.258;
12.472,-8.057,9.840,-6.524,8.307,-0.080, 0.258, 0.580,0.000,0.000,0.665,-0.277,-0.608,-0.266;
12.485,-8.046,9.856,-6.513,8.323,-0.080, 0.258, 0.580,0.000,0.000,0.000,-0.275,-0.610,-0.266;
12.495,-8.037,9.869,-6.504,8.336,-0.080, 0.258, 0.580,0.000,0.000,0.000,-0.274,-0.611,-0.266;
12.505,-8.028,9.881,-6.495,8.348,-0.080, 0.258, 0.580,0.000,0.000,0.000,-0.273,-0.612,-0.266;
12.515,-8.019,9.894,-6.486,8.361,-0.080, 0.258, 0.580,0.000,0.000,0.000,-0.272,-0.613,-0.266;
12.525,-8.010,9.906,-6.477,8.373,-0.080, 0.258, 0.580,0.000,0.000,0.000,-0.271,-0.614,-0.266;
12.535,-8.001,9.919,-6.468,8.385,-0.080, 0.258, 0.580,0.000,0.000,0.000,-0.270,-0.615,-0.266;
12.545,-7.992,9.931,-6.459,8.398,-0.080, 0.258, 0.580,0.000,0.000,0.000,-0.268,-0.616,-0.266;
12.555,-7.983,9.943,-6.450,8.410,-0.080, 0.258, 0.580,0.000,0.000,0.000,-0.267,-0.617,-0.266;
12.565,-7.974,9.956,-6.441,8.422,-0.080, 0.258, 0.580,0.000,0.000,0.000,-0.266,-0.618,-0.266;
12.575,-7.965,9.968,-6.431,8.435,-0.080, 0.258, 0.580,0.000,0.000,0.000,-0.265,-0.619,-0.266;
12.593,-7.948,9.989,-6.415,8.456,-0.080, 0.258, 0.580,0.000,0.000,0.000,-0.263,-0.621,-0.266;
12.603,-7.905,9.964,-6.417,8.476,-0.080, 0.258, 0.572,0.000,0.000,-0.781,-0.262,-0.622,-0.258;
12.617,-7.926,10.019,-6.393,8.486,-0.080, 0.258, 0.580,0.000,0.000,0.547,-0.260,-0.624,-0.266;
12.630,-7.879,9.997,-6.391,8.509,-0.080, 0.258, 0.572,0.000,0.000,-0.594,-0.259,-0.625,-0.258;
12.643,-7.901,10.050,-6.368,8.517,-0.080, 0.258, 0.580,0.000,0.000,0.611,-0.257,-0.627,-0.266;
12.657,-7.854,10.029,-6.366,8.541,-0.080, 0.258, 0.572,0.000,0.000,-0.567,-0.256,-0.628,-0.258;
12.667,-7.879,10.079,-6.346,8.546,-0.080, 0.258, 0.580,0.000,0.000,0.781,-0.254,-0.629,-0.266;
12.678,-7.868,10.092,-6.335,8.559,-0.080, 0.258, 0.580,0.000,0.000,0.000,-0.253,-0.630,-0.266;
12.689,-7.858,10.105,-6.325,8.571,-0.080, 0.258, 0.580,0.000,0.000,0.000,-0.252,-0.631,-0.266;
12.699,-7.848,10.117,-6.315,8.584,-0.080, 0.258, 0.580,0.000,0.000,0.000,-0.251,-0.633,-0.266;
12.712,-7.835,10.133,-6.302,8.599,-0.080, 0.258, 0.580,0.000,0.000,0.000,-0.249,-0.634,-0.266;
12.726,-7.822,10.149,-6.289,8.615,-0.080, 0.258, 0.580,0.000,0.000,0.000,-0.248,-0.635,-0.266;
12.736,-7.812,10.160,-6.279,8.627,-0.080, 0.258, 0.580,0.000,0.000,0.000,-0.246,-0.636,-0.266;
12.748,-7.801,10.174,-6.268,8.641,-0.080, 0.258, 0.580,0.000,0.000,0.000,-0.245,-0.638,-0.266;
12.761,-7.788,10.189,-6.255,8.656,-0.080, 0.258, 0.580,0.000,0.000,0.000,-0.243,-0.639,-0.266;
12.771,-7.778,10.201,-6.245,8.668,-0.080, 0.258, 0.580,0.000,0.000,0.000,-0.242,-0.640,-0.266;
12.781,-7.768,10.213,-6.235,8.680,-0.080, 0.258, 0.580,0.000,0.000,0.000,-0.241,-0.641,-0.266;
12.791,-7.758,10.225,-6.225,8.691,-0.080, 0.258, 0.580,0.000,0.000,0.000,-0.240,-0.642,-0.266;
12.803,-7.746,10.239,-6.213,8.705,-0.080, 0.258, 0.580,0.000,0.000,0.000,-0.238,-0.643,-0.266;
12.817,-7.732,10.255,-6.199,8.722,-0.080, 0.258, 0.580,0.000,0.000,0.000,-0.237,-0.645,-0.266;
12.830,-7.719,10.269,-6.186,8.736,-0.080, 0.258, 0.580,0.000,0.000,0.000,-0.235,-0.646,-0.266;
12.842,-7.672,10.246,-6.184,8.757,-0.080, 0.258, 0.572,0.000,0.000,-0.624,-0.234,-0.647,-0.258;
12.856,-7.692,10.300,-6.159,8.767,-0.080, 0.258, 0.580,0.000,0.000,0.555,-0.232,-0.648,-0.266;
12.866,-7.682,10.311,-6.148,8.778,-0.080, 0.258, 0.580,0.000,0.000,0.000,-0.231,-0.649,-0.266;
12.876,-7.671,10.323,-6.138,8.789,-0.080, 0.258, 0.580,0.000,0.000,0.000,-0.229,-0.650,-0.266;
12.889,-7.658,10.337,-6.125,8.804,-0.080, 0.258, 0.580,0.000,0.000,0.000,-0.228,-0.652,-0.266;
12.901,-7.645,10.351,-6.112,8.818,-0.080, 0.258, 0.580,0.000,0.000,0.000,-0.226,-0.653,-0.266;
12.914,-7.632,10.365,-6.099,8.832,-0.080, 0.258, 0.580,0.000,0.000,0.000,-0.225,-0.654,-0.266;
12.928,-7.618,10.380,-6.085,8.847,-0.080, 0.258, 0.580,0.000,0.000,0.000,-0.223,-0.655,-0.266;
12.940,-7.571,10.356,-6.083,8.868,-0.080, 0.258, 0.572,0.000,0.000,-0.619,-0.221,-0.657,-0.258;
12.955,-7.589,10.411,-6.056,8.878,-0.080, 0.258, 0.580,0.000,0.000,0.516,-0.219,-0.658,-0.266;
12.969,-7.575,10.426,-6.041,8.893,-0.080, 0.258, 0.580,0.000,0.000,0.000,-0.218,-0.659,-0.266;
12.983,-7.560,10.441,-6.026,8.908,-0.080, 0.258, 0.580,0.000,0.000,0.000,-0.216,-0.661,-0.266;
12.993,-7.549,10.452,-6.016,8.919,-0.080, 0.258, 0.580,0.000,0.000,0.000,-0.215,-0.661,-0.266;
13.003,-7.538,10.464,-6.005,8.930,-0.080, 0.258, 0.580,0.000,0.000,0.000,-0.213,-0.662,-0.266;
13.018,-7.521,10.480,-5.988,8.947,-0.080, 0.258, 0.580,0.000,0.000,0.000,-0.211,-0.664,-0.266;
13.028,-7.511,10.491,-5.977,8.958,-0.080, 0.258, 0.580,0.000,0.000,0.000,-0.210,-0.665,-0.266;
13.038,-7.466,10.463,-5.978,8.975,-0.080, 0.258, 0.572,0.000,0.000,-0.781,-0.209,-0.666,-0.258;
13.048,-7.489,10.513,-5.956,8.980,-0.080, 0.258, 0.580,0.000,0.000,0.781,-0.208,-0.667,-0.266;
13.063,-7.473,10.529,-5.940,8.995,-0.080, 0.258, 0.580,0.000,0.000,0.000,-0.206,-0.668,-0.266;
13.075,-7.460,10.541,-5.927,9.008,-0.080, 0.258, 0.580,0.000,0.000,0.000,-0.204,-0.669,-0.266;
13.089,-7.444,10.556,-5.911,9.023,-0.080, 0.258, 0.580,0.000,0.000,0.000,-0.202,-0.670,-0.266;
13.101,-7.431,10.569,-5.898,9.036,-0.080, 0.258, 0.580,0.000,0.000,0.000,-0.201,-0.671,-0.266;
13.116,-7.414,10.585,-5.881,9.051,-0.080, 0.258, 0.580,0.000,0.000,0.000,-0.199,-0.673,-0.266;
13.126,-7.403,10.595,-5.870,9.062,-0.080, 0.258, 0.580,0.000,0.000,0.000,-0.198,-0.673,-0.266;
13.142,-7.386,10.611,-5.853,9.078,-0.080, 0.258, 0.580,0.000,0.000,0.000,-0.196,-0.675,-0.266;
13.158,-7.368,10.628,-5.835,9.095,-0.080, 0.258, 0.580,0.000,0.000,0.000,-0.193,-0.676,-0.266;
13.168,-7.356,10.638,-5.823,9.105,-0.080, 0.258, 0.580,0.000,0.000,0.000,-0.192,-0.677,-0.266;
13.181,-7.309,10.613,-5.821,9.125,-0.080, 0.258, 0.572,0.000,0.000,-0.615,-0.190,-0.678,-0.258;
13.191,-7.331,10.662,-5.798,9.129,-0.080, 0.258, 0.580,0.000,0.000,0.780,-0.189,-0.679,-0.266;
13.201,-7.319,10.672,-5.786,9.139,-0.080, 0.258, 0.580,0.000,0.000,0.000,-0.188,-0.680,-0.266;
13.211,-7.308,10.682,-5.775,9.149,-0.080, 0.258, 0.580,0.000,0.000,0.000,-0.186,-0.681,-0.266;
13.224,-7.293,10.696,-5.760,9.163,-0.080, 0.258, 0.580,0.000,0.000,0.000,-0.185,-0.682,-0.266;
13.238,-7.276,10.710,-5.743,9.177,-0.080, 0.258, 0.580,0.000,0.000,0.000,-0.183,-0.683,-0.266;
13.248,-7.265,10.720,-5.732,9.187,-0.080, 0.258, 0.580,0.000,0.000,0.000,-0.181,-0.684,-0.266;
13.259,-7.253,10.731,-5.720,9.198,-0.080, 0.258, 0.580,0.000,0.000,0.000,-0.180,-0.685,-0.266;
13.274,-7.235,10.746,-5.702,9.213,-0.080, 0.258, 0.580,0.000,0.000,0.000,-0.178,-0.686,-0.266;
13.290,-7.216,10.762,-5.683,9.229,-0.080, 0.258, 0.580,0.000,0.000,0.000,-0.176,-0.687,-0.266;
13.300,-7.204,10.772,-5.671,9.239,-0.080, 0.258, 0.580,0.000,0.000,0.000,-0.174,-0.688,-0.266;
13.310,-7.193,10.782,-5.660,9.249,-0.080, 0.258, 0.580,0.000,0.000,0.000,-0.173,-0.689,-0.266;
13.320,-7.181,10.792,-5.648,9.258,-0.080, 0.258, 0.580,0.000,0.000,0.000,-0.172,-0.690,-0.266;
13.331,-7.168,10.802,-5.635,9.269,-0.080, 0.258, 0.580,0.000,0.000,0.000,-0.170,-0.690,-0.266;
13.343,-7.154,10.814,-5.620,9.281,-0.080, 0.258, 0.580,0.000,0.000,0.000,-0.169,-0.691,-0.266;
13.359,-7.102,10.790,-5.614,9.302,-0.080, 0.258, 0.572,0.000,0.000,-0.497,-0.166,-0.693,-0.258;
13.369,-7.123,10.839,-5.590,9.306,-0.080, 0.258, 0.580,0.000,0.000,0.781,-0.165,-0.693,-0.266;
13.379,-7.078,10.809,-5.590,9.321,-0.080, 0.258, 0.572,0.000,0.000,-0.781,-0.164,-0.694,-0.258;
13.393,-7.094,10.862,-5.561,9.329,-0.080, 0.258, 0.580,0.000,0.000,0.554,-0.162,-0.695,-0.266;
13.407,-7.078,10.875,-5.545,9.342,-0.080, 0.258, 0.580,0.000,0.000,0.000,-0.160,-0.696,-0.266;
13.422,-7.059,10.889,-5.526,9.356,-0.080, 0.258, 0.580,0.000,0.000,0.000,-0.158,-0.697,-0.266;
13.432,-7.047,10.899,-5.514,9.366,-0.080, 0.258, 0.580,0.000,0.000,0.000,-0.156,-0.698,-0.266;
13.442,-7.035,10.908,-5.502,9.375,-0.080, 0.258, 0.580,0.000,0.000,0.000,-0.155,-0.699,-0.266;
13.456,-7.018,10.921,-5.485,9.388,-0.080, 0.258, 0.580,0.000,0.000,0.000,-0.153,-0.700,-0.266;
13.480,-6.989,10.943,-5.456,9.410,-0.080, 0.258, 0.580,0.000,0.000,0.000,-0.150,-0.702,-0.266;
13.493,-6.973,10.955,-5.440,9.422,-0.080, 0.258, 0.580,0.000,0.000,0.000,-0.148,-0.703,-0.266;
13.503,-6.928,10.925,-5.440,9.437,-0.080, 0.258, 0.572,0.000,0.000,-0.781,-0.146,-0.703,-0.258;
13.513,-6.915,10.934,-5.427,9.446,-0.080, 0.258, 0.572,0.000,0.000,0.000,-0.145,-0.704,-0.258;
13.527,-6.931,10.986,-5.398,9.453,-0.080, 0.258, 0.580,0.000,0.000,0.580,-0.143,-0.705,-0.266;
13.538,-6.917,10.996,-5.384,9.463,-0.080, 0.258, 0.580,0.000,0.000,0.000,-0.142,-0.706,-0.266;
13.550,-6.903,11.006,-5.370,9.473,-0.080, 0.258, 0.580,0.000,0.000,0.000,-0.140,-0.707,-0.266;
13.560,-6.858,10.976,-5.370,9.487,-0.080, 0.258, 0.572,0.000,0.000,-0.781,-0.139,-0.707,-0.258;
13.570,-6.845,10.984,-5.357,9.496,-0.080, 0.258, 0.572,0.000,0.000,0.000,-0.137,-0.708,-0.258;
13.586,-6.825,10.998,-5.337,9.510,-0.080, 0.258, 0.572,0.000,0.000,0.000,-0.135,-0.709,-0.258;
13.596,-6.845,11.047,-5.312,9.514,-0.080, 0.258, 0.580,0.000,0.000,0.781,-0.133,-0.710,-0.266;
13.610,-6.828,11.059,-5.295,9.526,-0.080, 0.258, 0.580,0.000,0.000,0.000,-0.131,-0.711,-0.266;
13.620,-6.815,11.068,-5.282,9.534,-0.080, 0.258, 0.580,0.000,0.000,0.000,-0.130,-0.711,-0.266;
13.630,-6.803,11.076,-5.269,9.543,-0.080, 0.258, 0.580,0.000,0.000,0.000,-0.129,-0.712,-0.266;
13.647,-6.781,11.091,-5.247,9.558,-0.080, 0.258, 0.580,0.000,0.000,0.000,-0.126,-0.713,-0.266;
13.657,-6.768,11.099,-5.235,9.566,-0.080, 0.258, 0.580,0.000,0.000,0.000,-0.125,-0.714,-0.266;
13.671,-6.750,11.112,-5.216,9.578,-0.080, 0.258, 0.580,0.000,0.000,0.000,-0.123,-0.715,-0.266;
13.681,-6.737,11.120,-5.204,9.587,-0.080, 0.258, 0.580,0.000,0.000,0.000,-0.121,-0.715,-0.266;
13.696,-6.718,11.132,-5.185,9.599,-0.080, 0.258, 0.580,0.000,0.000,0.000,-0.119,-0.716,-0.266;
13.706,-6.705,11.140,-5.172,9.607,-0.080, 0.258, 0.580,0.000,0.000,0.000,-0.118,-0.717,-0.266;
13.717,-6.691,11.150,-5.158,9.616,-0.080, 0.258, 0.580,0.000,0.000,0.000,-0.116,-0.718,-0.266;
13.732,-6.640,11.122,-5.152,9.634,-0.080, 0.258, 0.572,0.000,0.000,-0.529,-0.114,-0.718,-0.258;
13.744,-6.624,11.132,-5.136,9.644,-0.080, 0.258, 0.572,0.000,0.000,0.000,-0.112,-0.719,-0.258;
13.754,-6.611,11.140,-5.123,9.652,-0.080, 0.258, 0.572,0.000,0.000,0.000,-0.111,-0.720,-0.258;
13.767,-6.626,11.190,-5.093,9.657,-0.080, 0.258, 0.580,0.000,0.000,0.589,-0.109,-0.721,-0.266;
13.778,-6.611,11.199,-5.078,9.666,-0.080, 0.258, 0.580,0.000,0.000,0.000,-0.107,-0.721,-0.266;
13.800,-6.584,11.216,-5.050,9.683,-0.080, 0.258, 0.580,0.000,0.000,0.000,-0.104,-0.722,-0.266;
13.810,-6.570,11.224,-5.037,9.691,-0.080, 0.258, 0.580,0.000,0.000,0.000,-0.103,-0.723,-0.266;
13.820,-6.557,11.232,-5.024,9.699,-0.080, 0.258, 0.580,0.000,0.000,0.000,-0.101,-0.724,-0.266;
13.830,-6.544,11.240,-5.011,9.707,-0.080, 0.258, 0.580,0.000,0.000,0.000,-0.100,-0.724,-0.266;
13.840,-6.531,11.248,-4.998,9.714,-0.080, 0.258, 0.580,0.000,0.000,0.000,-0.098,-0.725,-0.266;
13.850,-6.517,11.256,-4.984,9.723,-0.080, 0.258, 0.580,0.000,0.000,0.000,-0.097,-0.725,-0.266;
13.860,-6.504,11.263,-4.971,9.730,-0.080, 0.258, 0.580,0.000,0.000,0.000,-0.095,-0.726,-0.266;
13.870,-6.490,11.271,-4.957,9.738,-0.080, 0.258, 0.580,0.000,0.000,0.000,-0.094,-0.726,-0.266;
13.893,-6.460,11.288,-4.927,9.755,-0.080, 0.258, 0.580,0.000,0.000,0.000,-0.090,-0.728,-0.266;
13.903,-6.447,11.296,-4.914,9.763,-0.080, 0.258, 0.580,0.000,0.000,0.000,-0.089,-0.728,-0.266;
13.913,-6.402,11.263,-4.913,9.775,-0.080, 0.258, 0.572,0.000,0.000,-0.781,-0.087,-0.729,-0.258;
13.923,-6.388,11.271,-4.900,9.783,-0.080, 0.258, 0.572,0.000,0.000,0.000,-0.086,-0.729,-0.258;
13.933,-6.375,11.278,-4.887,9.790,-0.080, 0.258, 0.572,0.000,0.000,0.000,-0.084,-0.730,-0.258;
13.946,-6.357,11.288,-4.869,9.800,-0.080, 0.258, 0.572,0.000,0.000,0.000,-0.082,-0.730,-0.258;
13.961,-6.369,11.339,-4.835,9.806,-0.080, 0.258, 0.580,0.000,0.000,0.529,-0.080,-0.731,-0.266;
13.971,-6.323,11.306,-4.835,9.818,-0.080, 0.258, 0.572,0.000,0.000,-0.781,-0.079,-0.732,-0.258;
13.981,-6.342,11.353,-4.808,9.820,-0.080, 0.258, 0.580,0.000,0.000,0.781,-0.077,-0.732,-0.266;
13.993,-6.325,11.362,-4.792,9.829,-0.080, 0.258, 0.580,0.000,0.000,0.000,-0.075,-0.733,-0.266;
14.003,-6.311,11.369,-4.778,9.836,-0.080, 0.258, 0.580,0.000,0.000,0.000,-0.074,-0.733,-0.266;
14.014,-6.296,11.377,-4.763,9.843,-0.080, 0.258, 0.580,0.000,0.000,0.000,-0.072,-0.734,-0.266;
14.029,-6.277,11.387,-4.744,9.853,-0.080, 0.258, 0.580,0.000,0.000,0.000,-0.070,-0.735,-0.266;
14.045,-6.255,11.398,-4.722,9.865,-0.080, 0.258, 0.580,0.000,0.000,0.000,-0.068,-0.735,-0.266;
14.055,-6.241,11.405,-4.708,9.872,-0.080, 0.258, 0.580,0.000,0.000,0.000,-0.066,-0.736,-0.266;
14.070,-6.221,11.414,-4.688,9.881,-0.080, 0.258, 0.580,0.000,0.000,0.000,-0.064,-0.736,-0.266;
14.080,-6.176,11.381,-4.688,9.893,-0.080, 0.258, 0.572,0.000,0.000,-0.781,-0.063,-0.737,-0.258;
14.092,-6.190,11.429,-4.657,9.896,-0.080, 0.258, 0.580,0.000,0.000,0.631,-0.061,-0.737,-0.266;
14.105,-6.172,11.438,-4.639,9.905,-0.080, 0.258, 0.580,0.000,0.000,0.000,-0.059,-0.738,-0.266;
14.115,-6.159,11.445,-4.625,9.912,-0.080, 0.258, 0.580,0.000,0.000,0.000,-0.057,-0.738,-0.266;
14.127,-6.142,11.452,-4.609,9.919,-0.080, 0.258, 0.580,0.000,0.000,0.000,-0.055,-0.739,-0.266;
14.148,-6.112,11.466,-4.579,9.933,-0.080, 0.258, 0.580,0.000,0.000,0.000,-0.052,-0.740,-0.266;
