0.000,0.000,0.000,0.000,0.000, 0.000, 0.000, 0.000,0.000,0.000,0.000, 0.000, 0.000, 0.000;
0.022,3.104,0.989,1.104,2.988, 0.029,-0.042,-2.273,0.000,0.000,0.000, 0.471, 0.056, 5.443;
0.034,3.136,0.955,1.131,2.960, 0.029,-0.042,-2.273,0.000,0.000,0.000, 0.471, 0.064, 5.458;
0.046,3.168,0.919,1.158,2.930, 0.029,-0.042,-2.273,0.000,0.000,0.000, 0.470, 0.072, 5.473;
0.059,3.201,0.882,1.185,2.898, 0.029,-0.042,-2.273,0.000,0.000,0.000, 0.470, 0.079, 5.489;
0.071,3.232,0.846,1.210,2.868, 0.029,-0.042,-2.273,0.000,0.000,0.000, 0.469, 0.087, 5.504;
0.075,3.242,0.835,1.218,2.858, 0.029,-0.042,-2.273,0.000,0.000,0.000, 0.469, 0.089, 5.509;
0.085,3.268,0.803,1.240,2.831, 0.029,-0.042,-2.273,0.000,0.000,0.000, 0.468, 0.096, 5.522;
0.107,3.322,0.736,1.284,2.774, 0.029,-0.042,-2.273,0.000,0.000,0.000, 0.466, 0.109, 5.549;
0.110,3.326,0.726,1.290,2.762, 0.029,-0.042,-2.264,0.000,0.000,2.929, 0.466, 0.111, 5.543;
0.132,3.377,0.658,1.331,2.704, 0.029,-0.042,-2.264,0.000,0.000,0.000, 0.464, 0.125, 5.571;
0.144,3.405,0.619,1.353,2.671, 0.029,-0.042,-2.264,0.000,0.000,0.000, 0.463, 0.132, 5.586;
0.156,14.587,11.728,12.534,13.781, 0.027,-0.042,-2.252,-0.186,0.000,0.938, 0.464, 0.140, 5.590;
0.168,14.256,-10.261,12.197,-8.202, 0.027,-0.045,-2.252,0.000,-0.180,0.000, 0.462, 0.149, 5.605;
0.180,3.478,0.500,1.417,2.561, 0.027,-0.045,-2.243,0.000,0.000,0.741, 0.460, 0.157, 5.611;
0.193,25.190,0.456,23.123,2.522, 0.025,-0.047,-2.241,-0.181,-0.181,0.191, 0.461, 0.167, 5.625;
0.205,3.530,0.418,1.457,2.491, 0.025,-0.047,-2.243,0.000,0.000,-0.196, 0.459, 0.174, 5.642;
0.217,25.959,0.366,23.885,2.439, 0.022,-0.049,-2.232,-0.187,-0.187,0.958, 0.459, 0.184, 5.646;
0.228,15.013,-11.103,12.934,-9.024, 0.022,-0.051,-2.232,0.000,-0.191,0.000, 0.457, 0.193, 5.660;
0.241,14.249,10.939,12.172,13.017, 0.020,-0.051,-2.211,-0.178,0.000,1.635, 0.457, 0.200, 5.656;
0.253,14.268,-10.420,12.188,-8.340, 0.020,-0.054,-2.203,0.000,-0.179,0.690, 0.455, 0.210, 5.663;
0.265,25.690,0.198,23.609,2.279, 0.018,-0.056,-2.191,-0.185,-0.185,0.974, 0.455, 0.219, 5.666;
0.277,26.473,-22.663,24.386,-20.576, 0.018,-0.060,-2.191,0.000,-0.383,0.000, 0.452, 0.231, 5.681;
0.288,15.241,-11.474,13.154,-9.386, 0.018,-0.062,-2.179,0.000,-0.195,1.043, 0.450, 0.240, 5.683;
0.300,15.477,-11.732,13.387,-9.642, 0.018,-0.065,-2.171,0.000,-0.199,0.738, 0.447, 0.249, 5.689;
0.311,27.123,0.035,25.033,2.126, 0.016,-0.067,-2.159,-0.198,-0.198,1.069, 0.447, 0.257, 5.691;
0.322,15.462,-11.775,13.370,-9.683, 0.016,-0.069,-2.151,0.000,-0.199,0.714, 0.444, 0.266, 5.697;
0.333,27.871,-24.169,25.770,-22.068, 0.016,-0.074,-2.159,0.000,-0.408,-0.731, 0.441, 0.277, 5.719;
0.344,15.764,-12.148,13.666,-10.049, 0.016,-0.076,-2.139,0.000,-0.205,1.849, 0.438, 0.285, 5.712;
0.355,15.824,-36.224,13.713,-34.113, 0.018,-0.080,-2.159,0.203,-0.407,-1.838, 0.433, 0.296, 5.746;
0.377,9.797,-6.220,7.679,-4.102, 0.018,-0.083,-2.151,0.000,-0.102,0.366, 0.427, 0.311, 5.766;
0.388,27.101,-23.587,24.983,-21.468, 0.018,-0.087,-2.139,0.000,-0.396,1.079, 0.424, 0.321, 5.768;
0.399,15.669,-35.747,13.538,-33.616, 0.020,-0.092,-2.159,0.200,-0.400,-1.805, 0.418, 0.332, 5.802;
0.411,15.341,-11.876,13.212,-9.747, 0.020,-0.094,-2.139,0.000,-0.196,1.770, 0.415, 0.340, 5.796;
0.422,26.428,-22.968,24.294,-20.834, 0.020,-0.098,-2.139,0.000,-0.384,0.000, 0.411, 0.351, 5.811;
0.433,15.613,-35.758,13.473,-33.618, 0.022,-0.103,-2.139,0.200,-0.400,0.000, 0.405, 0.362, 5.825;
0.445,15.587,-35.583,13.437,-33.434, 0.025,-0.107,-2.151,0.198,-0.397,-1.080, 0.399, 0.372, 5.851;
0.456,27.825,-24.485,25.675,-22.335, 0.025,-0.112,-2.139,0.000,-0.407,1.109, 0.396, 0.383, 5.853;
0.467,15.875,-36.566,13.720,-34.411, 0.027,-0.116,-2.139,0.204,-0.408,0.000, 0.390, 0.393, 5.867;
0.478,15.888,-36.511,13.724,-34.346, 0.029,-0.121,-2.151,0.203,-0.406,-1.105, 0.384, 0.403, 5.893;
0.489,15.892,-36.615,13.723,-34.445, 0.031,-0.125,-2.151,0.203,-0.406,0.000, 0.377, 0.413, 5.906;
0.510,10.054,-19.098,7.871,-16.915, 0.033,-0.129,-2.159,0.104,-0.207,-0.372, 0.367, 0.428, 5.941;
0.521,15.689,-36.036,13.502,-33.849, 0.036,-0.134,-2.159,0.199,-0.398,0.000, 0.361, 0.439, 5.956;
0.533,15.746,-36.126,13.549,-33.929, 0.038,-0.138,-2.171,0.199,-0.397,-1.072, 0.354, 0.449, 5.982;
0.544,15.716,-36.233,13.518,-34.035, 0.040,-0.143,-2.159,0.199,-0.399,1.077, 0.348, 0.459, 5.984;
0.555,15.307,-34.860,13.099,-32.652, 0.042,-0.147,-2.171,0.191,-0.382,-1.031, 0.341, 0.469, 6.010;
0.567,15.624,-36.006,13.416,-33.797, 0.045,-0.152,-2.159,0.198,-0.395,1.067, 0.334, 0.479, 6.013;
0.578,15.959,-36.963,13.745,-34.750, 0.047,-0.156,-2.159,0.203,-0.406,0.000, 0.327, 0.488, 6.026;
0.589,15.924,-36.885,13.705,-34.666, 0.049,-0.161,-2.159,0.202,-0.404,0.000, 0.320, 0.498, 6.040;
0.600,15.848,-36.689,13.624,-34.465, 0.051,-0.165,-2.159,0.201,-0.402,0.000, 0.313, 0.507, 6.054;
0.611,4.003,-49.304,1.770,-47.071, 0.056,-0.170,-2.171,0.407,-0.407,-1.097, 0.304, 0.517, 6.080;
0.633,10.028,-19.302,7.785,-17.059, 0.058,-0.174,-2.171,0.102,-0.204,0.000, 0.292, 0.531, 6.108;
0.644,15.336,-35.267,13.088,-33.018, 0.060,-0.179,-2.171,0.191,-0.383,0.000, 0.285, 0.541, 6.122;
0.656,3.980,-46.132,1.726,-43.878, 0.065,-0.183,-2.171,0.378,-0.378,0.000, 0.275, 0.550, 6.137;
0.669,14.498,-32.782,12.235,-30.519, 0.067,-0.187,-2.179,0.177,-0.353,-0.655, 0.267, 0.560, 6.161;
0.681,3.973,-22.924,1.707,-20.658, 0.069,-0.190,-2.171,0.182,-0.182,0.675, 0.259, 0.567, 6.168;
0.693,4.015,-45.854,1.739,-43.579, 0.074,-0.194,-2.183,0.374,-0.374,-0.993, 0.248, 0.577, 6.195;
0.705,14.730,-33.741,12.453,-31.464, 0.076,-0.199,-2.171,0.182,-0.363,0.964, 0.240, 0.586, 6.199;
0.718,4.032,-44.239,1.742,-41.949, 0.080,-0.203,-2.191,0.359,-0.359,-1.625, 0.230, 0.595, 6.235;
0.730,14.541,-33.184,12.245,-30.889, 0.083,-0.208,-2.191,0.177,-0.354,0.000, 0.221, 0.605, 6.250;
0.742,3.985,-45.482,1.684,-43.180, 0.087,-0.212,-2.191,0.369,-0.369,0.000, 0.211, 0.614, 6.266;
0.746,41.928,-115.418,39.625,-113.114, 0.089,-0.217,-2.191,0.637,-1.274,0.000, 0.207, 0.620, 6.270;
0.768,3.976,-25.306,1.662,-22.993, 0.094,-0.221,-2.191,0.198,-0.198,0.000, 0.191, 0.632, 6.298;
0.772,4.585,-164.299,2.263,-161.976, 0.098,-0.225,-2.211,1.361,-1.361,-6.201, 0.185, 0.638, 6.323;
0.783,16.144,-38.311,13.821,-35.988, 0.100,-0.230,-2.200,0.204,-0.409,1.080, 0.177, 0.646, 6.325;
0.805,-2.105,-20.026,-4.439,-17.691, 0.105,-0.232,-2.203,0.204,-0.102,-0.145, 0.161, 0.656, 6.355;
0.809,3.963,-116.519,1.626,-114.182, 0.109,-0.237,-2.203,0.961,-0.961,0.000, 0.154, 0.662, 6.361;
0.821,15.748,-37.272,13.408,-34.931, 0.112,-0.241,-2.200,0.198,-0.396,0.282, 0.145, 0.670, 6.372;
0.833,3.978,-45.464,1.627,-43.114, 0.116,-0.246,-2.211,0.365,-0.365,-0.963, 0.134, 0.678, 6.399;
0.845,3.944,-44.767,1.587,-42.410, 0.121,-0.250,-2.211,0.358,-0.358,0.000, 0.123, 0.687, 6.415;
0.857,3.934,-47.288,1.573,-44.926, 0.125,-0.254,-2.211,0.379,-0.379,0.000, 0.112, 0.695, 6.430;
0.868,3.960,-48.984,1.588,-46.613, 0.129,-0.259,-2.223,0.392,-0.392,-1.018, 0.101, 0.703, 6.456;
0.890,-2.184,-20.419,-4.565,-18.037, 0.134,-0.261,-2.223,0.204,-0.102,0.000, 0.084, 0.711, 6.483;
0.902,15.001,-35.559,12.618,-33.176, 0.136,-0.266,-2.211,0.186,-0.373,0.967, 0.075, 0.719, 6.487;
0.914,3.881,-47.617,1.493,-45.229, 0.141,-0.270,-2.211,0.380,-0.380,0.000, 0.064, 0.726, 6.502;
0.926,3.901,-47.069,1.503,-44.671, 0.145,-0.275,-2.223,0.374,-0.374,-0.972, 0.053, 0.734, 6.528;
0.938,3.884,-45.800,1.477,-43.393, 0.150,-0.279,-2.232,0.363,-0.363,-0.722, 0.041, 0.741, 6.552;
0.951,3.851,-45.938,1.439,-43.526, 0.154,-0.283,-2.232,0.364,-0.364,0.000, 0.030, 0.748, 6.568;
0.963,3.836,-46.568,1.418,-44.150, 0.158,-0.288,-2.232,0.369,-0.369,0.000, 0.018, 0.756, 6.583;
0.975,-7.105,-35.151,-9.525,-32.730, 0.163,-0.290,-2.223,0.365,-0.182,0.725, 0.007, 0.761, 6.590;
0.987,3.824,-46.990,1.395,-44.560, 0.167,-0.295,-2.232,0.372,-0.372,-0.738,-0.005, 0.768, 6.614;
0.999,3.788,-47.528,1.353,-45.093, 0.172,-0.299,-2.232,0.376,-0.376,0.000,-0.017, 0.774, 6.629;
1.011,3.770,-45.584,1.330,-43.143, 0.176,-0.304,-2.232,0.359,-0.359,0.000,-0.029, 0.781, 6.644;
1.023,3.752,-46.836,1.306,-44.390, 0.181,-0.308,-2.232,0.369,-0.369,0.000,-0.040, 0.788, 6.659;
1.036,3.733,-44.232,1.280,-41.780, 0.185,-0.312,-2.232,0.347,-0.347,0.000,-0.052, 0.795, 6.675;
1.048,3.740,-48.631,1.279,-46.170, 0.190,-0.317,-2.241,0.383,-0.383,-0.779,-0.064, 0.801, 6.699;
1.060,-6.911,-34.500,-9.375,-32.037, 0.194,-0.319,-2.232,0.354,-0.177,0.719,-0.076, 0.805, 6.706;
1.073,3.673,-45.962,1.204,-43.493, 0.199,-0.324,-2.232,0.361,-0.361,0.000,-0.088, 0.811, 6.722;
1.085,3.678,-48.443,1.200,-45.965, 0.203,-0.328,-2.241,0.380,-0.380,-0.774,-0.100, 0.817, 6.745;
1.097,3.635,-46.655,1.152,-44.171, 0.208,-0.333,-2.241,0.365,-0.365,0.000,-0.112, 0.823, 6.761;
1.109,3.613,-47.043,1.124,-44.554, 0.212,-0.337,-2.241,0.368,-0.368,0.000,-0.124, 0.829, 6.776;
1.121,-18.232,-46.592,-20.728,-44.097, 0.219,-0.339,-2.243,0.546,-0.182,-0.192,-0.138, 0.833, 6.794;
1.134,14.245,-35.020,11.745,-32.519, 0.221,-0.344,-2.241,0.178,-0.356,0.188,-0.148, 0.838, 6.807;
1.145,-19.593,-49.299,-22.100,-46.793, 0.228,-0.346,-2.243,0.579,-0.193,-0.204,-0.162, 0.842, 6.824;
1.157,3.491,-47.428,0.983,-44.920, 0.232,-0.350,-2.232,0.371,-0.371,0.949,-0.174, 0.847, 6.828;
1.169,-8.073,-37.771,-10.586,-35.258, 0.237,-0.353,-2.232,0.386,-0.193,0.000,-0.186, 0.850, 6.842;
1.180,3.495,-50.439,0.973,-47.917, 0.241,-0.357,-2.241,0.395,-0.395,-0.803,-0.197, 0.855, 6.866;
1.193,-7.127,-34.811,-9.652,-32.287, 0.246,-0.359,-2.232,0.352,-0.176,0.717,-0.210, 0.858, 6.872;
1.205,-8.028,-37.518,-10.558,-34.988, 0.250,-0.362,-2.232,0.382,-0.191,0.000,-0.221, 0.861, 6.887;
1.217,-7.665,-36.385,-10.201,-33.849, 0.254,-0.364,-2.232,0.369,-0.185,0.000,-0.233, 0.863, 6.902;
1.228,-19.740,-49.526,-22.284,-46.982, 0.261,-0.366,-2.241,0.579,-0.193,-0.784,-0.247, 0.866, 6.926;
1.240,-8.163,-37.802,-10.712,-35.252, 0.266,-0.368,-2.241,0.384,-0.192,0.000,-0.259, 0.868, 6.941;
1.251,-21.071,-27.707,-23.626,-25.152, 0.270,-0.368,-2.241,0.407,0.000,0.000,-0.271, 0.868, 6.954;
1.262,-8.936,-40.028,-11.495,-37.468, 0.275,-0.371,-2.241,0.408,-0.204,0.000,-0.282, 0.870, 6.968;
1.273,-20.909,-27.592,-23.478,-25.023, 0.279,-0.371,-2.252,0.403,0.000,-1.037,-0.293, 0.870, 6.993;
1.284,-21.142,-27.799,-23.716,-25.225, 0.283,-0.371,-2.252,0.406,0.000,0.000,-0.305, 0.870, 7.007;
1.305,-9.474,-16.135,-12.058,-13.551, 0.288,-0.371,-2.252,0.211,0.000,0.000,-0.322, 0.869, 7.034;
1.317,-8.346,-38.088,-10.938,-35.495, 0.292,-0.373,-2.262,0.384,-0.192,-0.802,-0.334, 0.871, 7.058;
1.328,-31.620,-15.096,-34.215,-12.501, 0.297,-0.371,-2.252,0.386,0.193,0.807,-0.346, 0.868, 7.063;
1.340,-19.312,-25.973,-21.912,-23.373, 0.301,-0.371,-2.252,0.373,0.000,0.000,-0.358, 0.867, 7.078;
1.353,-17.086,-23.768,-19.696,-21.159, 0.306,-0.371,-2.262,0.335,0.000,-0.702,-0.371, 0.866, 7.104;
1.365,-8.893,-15.556,-11.508,-12.941, 0.308,-0.371,-2.262,0.199,0.000,0.000,-0.380, 0.865, 7.118;
1.376,-31.235,-15.067,-33.856,-12.447, 0.312,-0.368,-2.262,0.380,0.190,0.000,-0.392, 0.862, 7.133;
1.388,-32.688,-15.567,-35.313,-12.942, 0.317,-0.366,-2.262,0.396,0.198,0.000,-0.403, 0.859, 7.147;
1.399,-20.242,-26.891,-22.872,-24.260, 0.321,-0.366,-2.262,0.386,0.000,0.000,-0.415, 0.857, 7.162;
1.412,-30.047,-14.719,-32.683,-12.083, 0.326,-0.364,-2.262,0.366,0.183,0.000,-0.427, 0.854, 7.177;
1.424,-29.237,-14.465,-31.879,-11.823, 0.330,-0.362,-2.262,0.356,0.178,0.000,-0.439, 0.850, 7.193;
1.437,-29.296,-14.545,-31.952,-11.890, 0.335,-0.359,-2.283,0.356,0.178,-1.667,-0.451, 0.846, 7.230;
1.449,-18.811,-3.806,-21.468,-1.149, 0.337,-0.357,-2.271,0.180,0.180,0.914,-0.461, 0.842, 7.234;
1.461,-40.952,-3.820,-43.611,-1.160, 0.341,-0.353,-2.262,0.364,0.364,0.778,-0.473, 0.835, 7.240;
1.474,-29.208,-14.556,-31.881,-11.883, 0.346,-0.350,-2.283,0.354,0.177,-1.657,-0.485, 0.831, 7.276;
1.486,-42.260,-3.872,-44.935,-1.197, 0.350,-0.346,-2.273,0.374,0.374,0.803,-0.496, 0.824, 7.282;
1.498,-29.836,-14.770,-32.520,-12.086, 0.355,-0.344,-2.283,0.360,0.180,-0.773,-0.508, 0.820, 7.307;
1.511,-39.728,-3.944,-42.418,-1.254, 0.359,-0.339,-2.283,0.352,0.352,0.000,-0.520, 0.813, 7.323;
1.523,-20.521,-3.963,-23.216,-1.268, 0.362,-0.337,-2.281,0.192,0.192,0.136,-0.530, 0.808, 7.336;
1.536,-38.784,-3.991,-41.486,-1.290, 0.366,-0.333,-2.283,0.343,0.343,-0.121,-0.542, 0.801, 7.354;
1.548,-39.701,-4.010,-42.408,-1.303, 0.371,-0.328,-2.283,0.351,0.351,0.000,-0.554, 0.793, 7.370;
1.561,-41.319,-4.030,-44.031,-1.318, 0.375,-0.324,-2.283,0.364,0.364,0.000,-0.565, 0.786, 7.385;
1.573,-30.493,6.928,-33.210,9.646, 0.377,-0.319,-2.281,0.182,0.365,0.129,-0.575, 0.779, 7.399;
1.585,-43.048,-4.098,-45.776,-1.371, 0.382,-0.315,-2.292,0.377,0.377,-0.962,-0.586, 0.771, 7.425;
1.597,-42.834,-4.090,-45.567,-1.357, 0.386,-0.310,-2.292,0.375,0.375,0.000,-0.597, 0.764, 7.440;
1.609,-51.027,6.590,-53.762,9.325, 0.391,-0.304,-2.283,0.354,0.532,0.779,-0.609, 0.753, 7.446;
1.622,-39.500,-4.123,-42.242,-1.382, 0.395,-0.299,-2.283,0.347,0.347,0.000,-0.620, 0.745, 7.463;
1.634,-41.133,-4.139,-43.880,-1.392, 0.400,-0.295,-2.283,0.360,0.360,0.000,-0.632, 0.737, 7.478;
1.646,-31.325,7.023,-34.077,9.775, 0.402,-0.290,-2.281,0.186,0.371,0.131,-0.641, 0.729, 7.492;
1.658,-42.979,-4.169,-45.736,-1.412, 0.406,-0.286,-2.281,0.375,0.375,0.000,-0.652, 0.721, 7.507;
1.670,-53.563,6.985,-56.323,9.744, 0.411,-0.279,-2.271,0.370,0.555,0.811,-0.663, 0.711, 7.512;
1.683,-41.828,-4.193,-44.592,-1.428, 0.415,-0.275,-2.271,0.365,0.365,0.000,-0.674, 0.702, 7.527;
1.695,-41.972,-4.231,-44.746,-1.457, 0.420,-0.270,-2.281,0.366,0.366,-0.800,-0.685, 0.694, 7.552;
1.707,-29.892,6.406,-32.672,9.186, 0.422,-0.266,-2.281,0.177,0.353,0.000,-0.694, 0.685, 7.568;
1.720,-49.945,6.172,-52.728,8.954, 0.426,-0.259,-2.271,0.345,0.518,0.756,-0.705, 0.674, 7.575;
1.733,-41.621,-4.243,-44.409,-1.455, 0.431,-0.254,-2.271,0.362,0.362,0.000,-0.716, 0.665, 7.590;
1.745,-30.547,6.576,-33.336,9.365, 0.433,-0.250,-2.260,0.180,0.360,0.932,-0.724, 0.656, 7.594;
1.757,-43.453,-4.257,-46.248,-1.462, 0.437,-0.246,-2.260,0.377,0.377,0.000,-0.735, 0.647, 7.609;
1.770,-28.816,5.932,-31.617,8.733, 0.440,-0.241,-2.260,0.170,0.339,0.000,-0.744, 0.638, 7.626;
1.782,-44.699,-4.275,-47.505,-1.469, 0.444,-0.237,-2.260,0.386,0.386,0.000,-0.754, 0.629, 7.640;
1.794,-32.226,7.027,-35.038,9.839, 0.446,-0.232,-2.260,0.188,0.376,0.000,-0.762, 0.620, 7.655;
1.805,-43.420,18.320,-46.230,21.129, 0.449,-0.225,-2.238,0.188,0.564,1.791,-0.770, 0.609, 7.649;
1.818,-41.436,-4.339,-44.259,-1.516, 0.453,-0.221,-2.260,0.358,0.358,-1.706,-0.780, 0.599, 7.686;
1.830,-32.499,7.085,-35.323,9.910, 0.455,-0.217,-2.248,0.189,0.379,1.001,-0.788, 0.590, 7.689;
1.842,-30.298,6.310,-33.128,9.140, 0.458,-0.212,-2.248,0.177,0.354,0.000,-0.796, 0.580, 7.705;
1.855,-29.809,6.128,-32.645,8.964, 0.460,-0.208,-2.248,0.174,0.348,0.000,-0.804, 0.570, 7.721;
1.867,-42.222,-4.309,-45.064,-1.467, 0.464,-0.203,-2.248,0.364,0.364,0.000,-0.814, 0.560, 7.736;
1.880,-41.288,17.063,-44.132,19.907, 0.466,-0.196,-2.238,0.178,0.534,0.755,-0.822, 0.548, 7.742;
1.892,-31.114,6.516,-33.963,9.366, 0.469,-0.192,-2.238,0.181,0.361,0.000,-0.830, 0.538, 7.758;
1.904,-33.963,7.452,-36.818,10.307, 0.471,-0.187,-2.238,0.196,0.392,0.000,-0.837, 0.528, 7.772;
1.915,-33.047,7.132,-35.907,9.992, 0.473,-0.183,-2.238,0.191,0.382,0.000,-0.844, 0.518, 7.787;
1.927,-34.104,7.448,-36.973,10.317, 0.475,-0.179,-2.248,0.196,0.393,-0.832,-0.851, 0.508, 7.811;
1.938,-22.692,19.620,-25.562,22.489, 0.475,-0.174,-2.236,0.000,0.399,1.075,-0.856, 0.499, 7.813;
1.949,-34.808,7.683,-37.683,10.558, 0.478,-0.170,-2.236,0.200,0.400,0.000,-0.863, 0.489, 7.827;
1.960,-47.985,20.287,-50.861,23.163, 0.480,-0.163,-2.226,0.205,0.616,0.865,-0.869, 0.477, 7.831;
1.971,-23.227,-4.318,-26.112,-1.433, 0.482,-0.161,-2.236,0.203,0.203,-0.855,-0.876, 0.469, 7.854;
1.982,-47.404,19.963,-50.291,22.850, 0.484,-0.154,-2.226,0.202,0.607,0.853,-0.882, 0.457, 7.859;
1.993,-22.676,19.437,-25.564,22.324, 0.484,-0.150,-2.214,0.000,0.397,1.084,-0.886, 0.447, 7.861;
2.014,-17.933,1.999,-20.835,4.901, 0.487,-0.145,-2.226,0.105,0.210,-0.574,-0.896, 0.432, 7.900;
2.026,-34.619,7.561,-37.526,10.468, 0.489,-0.141,-2.226,0.198,0.396,0.000,-0.903, 0.421, 7.914;
2.037,-21.950,18.579,-24.858,21.487, 0.489,-0.136,-2.214,0.000,0.382,1.044,-0.907, 0.411, 7.916;
2.049,-32.756,6.903,-35.674,9.821, 0.491,-0.132,-2.226,0.187,0.374,-1.022,-0.913, 0.400, 7.943;
2.061,-21.840,18.378,-24.763,21.300, 0.491,-0.127,-2.224,0.000,0.378,0.241,-0.917, 0.389, 7.955;
2.072,-23.057,19.596,-25.980,22.519, 0.491,-0.123,-2.211,0.000,0.399,1.116,-0.921, 0.379, 7.957;
2.084,-46.687,19.451,-49.616,22.380, 0.493,-0.116,-2.214,0.198,0.595,-0.279,-0.926, 0.366, 7.974;
2.095,-23.660,20.110,-26.594,23.044, 0.493,-0.112,-2.214,0.000,0.407,0.000,-0.930, 0.355, 7.988;
2.106,-23.497,19.958,-26.432,22.893, 0.493,-0.107,-2.202,0.000,0.405,1.127,-0.933, 0.345, 7.989;
2.117,-35.515,7.799,-38.459,10.743, 0.496,-0.103,-2.214,0.201,0.403,-1.121,-0.939, 0.334, 8.016;
2.128,-23.411,19.781,-26.361,22.731, 0.496,-0.098,-2.214,0.000,0.401,0.000,-0.942, 0.324, 8.030;
2.150,-11.719,8.055,-14.674,11.010, 0.496,-0.094,-2.202,0.000,0.205,0.571,-0.948, 0.307, 8.045;
2.162,-21.782,18.084,-24.742,21.044, 0.496,-0.089,-2.202,0.000,0.373,0.000,-0.951, 0.296, 8.060;
2.174,-20.980,17.256,-23.946,20.223, 0.496,-0.085,-2.202,0.000,0.359,0.000,-0.954, 0.284, 8.075;
2.186,-22.439,18.692,-25.411,21.663, 0.496,-0.080,-2.202,0.000,0.383,0.000,-0.957, 0.273, 8.090;
2.197,-34.061,30.382,-37.030,33.351, 0.496,-0.074,-2.180,0.000,0.580,1.872,-0.960, 0.259, 8.083;
2.210,-19.702,15.921,-22.677,18.896, 0.496,-0.069,-2.180,0.000,0.337,0.000,-0.963, 0.247, 8.100;
2.214,-75.554,71.767,-78.530,74.744, 0.496,-0.065,-2.180,0.000,1.276,0.000,-0.964, 0.241, 8.104;
2.226,-22.230,18.422,-25.212,21.405, 0.496,-0.060,-2.180,0.000,0.379,0.000,-0.966, 0.229, 8.119;
2.247,-12.281,8.421,-15.277,11.418, 0.496,-0.056,-2.193,0.000,0.210,-0.590,-0.970, 0.212, 8.158;
2.259,-10.746,28.787,-13.744,31.785, 0.493,-0.051,-2.180,-0.184,0.368,1.037,-0.971, 0.200, 8.161;
2.271,-21.447,17.567,-24.450,20.571, 0.493,-0.047,-2.180,0.000,0.363,0.000,-0.973, 0.189, 8.176;
2.283,-22.217,18.321,-25.226,21.330, 0.493,-0.042,-2.180,0.000,0.375,0.000,-0.975, 0.177, 8.191;
2.295,-22.711,18.800,-25.725,21.814, 0.493,-0.038,-2.180,0.000,0.383,0.000,-0.977, 0.165, 8.206;
2.307,-11.197,29.731,-14.217,32.751, 0.491,-0.033,-2.180,-0.189,0.378,0.000,-0.976, 0.154, 8.221;
2.320,-20.550,16.608,-23.576,19.634, 0.491,-0.029,-2.180,0.000,0.346,0.000,-0.978, 0.141, 8.237;
2.332,-11.253,29.730,-14.284,32.761, 0.489,-0.025,-2.180,-0.189,0.377,0.000,-0.978, 0.130, 8.252;
2.344,-10.536,27.571,-13.568,30.603, 0.487,-0.020,-2.167,-0.177,0.354,1.014,-0.977, 0.117, 8.255;
2.357,-21.377,17.372,-24.420,20.414, 0.487,-0.016,-2.180,0.000,0.358,-1.025,-0.978, 0.105, 8.283;
2.369,-10.926,28.590,-13.970,31.633, 0.484,-0.011,-2.167,-0.182,0.365,1.045,-0.978, 0.093, 8.286;
2.381,-22.842,18.813,-25.896,21.867, 0.484,-0.007,-2.180,0.000,0.381,-1.093,-0.979, 0.081, 8.313;
2.394,-10.415,26.898,-13.470,29.953, 0.482,-0.002,-2.167,-0.173,0.345,0.989,-0.978, 0.069, 8.317;
2.405,-11.564,30.220,-14.625,33.280, 0.480, 0.002,-2.167,-0.191,0.382,0.000,-0.976, 0.057, 8.332;
2.417,-11.303,29.366,-14.369,32.432, 0.478, 0.007,-2.167,-0.186,0.372,0.000,-0.975, 0.045, 8.347;
2.429,-11.257,29.248,-14.324,32.314, 0.475, 0.011,-2.154,-0.186,0.372,1.084,-0.973, 0.033, 8.349;
2.443,-20.037,15.989,-23.115,19.067, 0.475, 0.016,-2.167,0.000,0.332,-0.969,-0.974, 0.020, 8.379;
2.446,-41.686,120.358,-44.765,123.438, 0.473, 0.020,-2.167,-0.697,1.395,0.000,-0.972, 0.014, 8.383;
2.468,-6.228,13.892,-9.314,16.978, 0.471, 0.025,-2.159,-0.099,0.197,0.383,-0.971,-0.005, 8.402;
2.473,-27.371,77.283,-30.460,80.372, 0.469, 0.029,-2.159,-0.456,0.911,0.000,-0.968,-0.012, 8.409;
2.484,-12.769,33.426,-15.863,36.520, 0.466, 0.033,-2.159,-0.209,0.417,0.000,-0.966,-0.023, 8.422;
2.495,-12.336,32.072,-15.434,35.171, 0.464, 0.038,-2.159,-0.201,0.401,0.000,-0.964,-0.035, 8.436;
2.507,-11.937,30.825,-15.041,33.929, 0.462, 0.042,-2.159,-0.194,0.387,0.000,-0.962,-0.047, 8.450;
2.529,-6.570,14.627,-9.684,17.741, 0.460, 0.047,-2.159,-0.102,0.204,0.000,-0.959,-0.065, 8.478;
2.533,-29.999,84.896,-33.115,88.012, 0.458, 0.051,-2.159,-0.498,0.995,0.000,-0.957,-0.072, 8.484;
2.543,-0.516,49.383,-3.632,52.500, 0.453, 0.056,-2.146,-0.448,0.448,1.296,-0.952,-0.083, 8.483;
2.566,-6.445,14.122,-9.571,17.248, 0.451, 0.060,-2.146,-0.099,0.198,0.000,-0.949,-0.101, 8.511;
2.569,-37.354,106.833,-40.482,109.962, 0.449, 0.065,-2.146,-0.622,1.245,0.000,-0.947,-0.108, 8.516;
2.580,-12.555,32.400,-15.689,35.533, 0.446, 0.069,-2.146,-0.202,0.404,0.000,-0.944,-0.120, 8.530;
2.602,-6.745,14.894,-9.888,18.037, 0.444, 0.074,-2.146,-0.103,0.206,0.000,-0.940,-0.138, 8.557;
2.606,-0.393,135.847,-3.534,138.987, 0.440, 0.078,-2.133,-1.182,1.182,3.482,-0.935,-0.144, 8.549;
2.617,-0.702,20.158,-3.848,23.303, 0.437, 0.080,-2.133,-0.199,0.199,0.000,-0.932,-0.154, 8.563;
2.629,-11.544,29.137,-14.699,32.293, 0.435, 0.085,-2.146,-0.183,0.366,-1.077,-0.929,-0.166, 8.591;
2.651,-0.755,21.356,-3.916,24.517, 0.431, 0.089,-2.133,-0.208,0.208,0.614,-0.922,-0.183, 8.605;
2.664,-10.902,27.211,-14.069,30.378, 0.429, 0.094,-2.133,-0.172,0.344,0.000,-0.918,-0.196, 8.621;
2.667,-0.792,151.844,-3.961,155.013, 0.424, 0.098,-2.133,-1.316,1.316,0.000,-0.913,-0.202, 8.626;
2.678,-0.811,20.517,-3.985,23.691, 0.422, 0.100,-2.133,-0.201,0.201,0.000,-0.909,-0.211, 8.640;
2.700,-0.832,21.044,-4.011,24.223, 0.417, 0.105,-2.119,-0.205,0.205,0.614,-0.902,-0.229, 8.654;
2.703,-40.147,114.521,-43.330,117.703, 0.415, 0.109,-2.124,-0.667,1.334,-1.534,-0.899,-0.236, 8.663;
2.714,-0.825,45.087,-4.007,48.269, 0.411, 0.114,-2.111,-0.410,0.410,1.219,-0.893,-0.247, 8.663;
2.736,-0.898,8.991,-4.094,12.186, 0.408, 0.116,-2.119,-0.102,0.102,-0.370,-0.887,-0.262, 8.699;
2.748,-0.892,40.091,-4.090,43.289, 0.404, 0.121,-2.111,-0.367,0.367,0.668,-0.880,-0.274, 8.706;
2.761,-10.954,27.235,-14.158,30.439, 0.402, 0.125,-2.111,-0.171,0.342,0.000,-0.875,-0.286, 8.723;
2.773,-0.943,41.138,-4.152,44.347, 0.397, 0.129,-2.111,-0.375,0.375,0.000,-0.868,-0.298, 8.738;
2.785,9.972,29.928,6.762,33.138, 0.393, 0.132,-2.098,-0.374,0.187,1.128,-0.861,-0.307, 8.739;
2.797,-12.340,31.286,-15.561,34.507, 0.391, 0.136,-2.111,-0.194,0.387,-1.170,-0.856,-0.318, 8.767;
2.809,-0.968,38.081,-4.191,41.305, 0.386, 0.141,-2.103,-0.349,0.349,0.619,-0.849,-0.330, 8.775;
2.822,9.030,27.392,5.803,30.620, 0.382, 0.143,-2.098,-0.343,0.172,0.428,-0.841,-0.340, 8.786;
2.827,-0.999,114.019,-4.229,117.249, 0.377, 0.147,-2.098,-0.999,0.999,0.000,-0.836,-0.347, 8.792;
2.847,-7.672,17.355,-10.913,20.596, 0.375, 0.152,-2.103,-0.114,0.227,-0.283,-0.828,-0.363, 8.822;
2.849,48.332,144.875,45.092,148.115, 0.371, 0.154,-2.098,-1.685,0.843,2.099,-0.823,-0.366, 8.820;
2.871,-1.033,21.060,-4.280,24.307, 0.366, 0.158,-2.090,-0.202,0.202,0.353,-0.813,-0.383, 8.840;
2.876,-1.042,112.652,-4.291,115.901, 0.362, 0.163,-2.090,-0.989,0.989,0.000,-0.807,-0.390, 8.845;
2.886,11.921,36.336,8.672,39.585, 0.357, 0.165,-2.076,-0.446,0.223,1.355,-0.800,-0.398, 8.844;
2.907,4.952,15.651,1.694,18.910, 0.353, 0.167,-2.076,-0.207,0.104,0.000,-0.789,-0.412, 8.871;
2.920,-11.220,28.112,-14.484,31.377, 0.350, 0.172,-2.076,-0.175,0.350,0.000,-0.782,-0.424, 8.887;
2.923,38.238,115.590,34.972,118.856, 0.346, 0.174,-2.076,-1.355,0.678,0.000,-0.777,-0.428, 8.892;
2.935,10.445,32.165,7.179,35.432, 0.341, 0.176,-2.063,-0.398,0.199,1.227,-0.769,-0.436, 8.892;
2.957,-1.071,21.237,-4.345,24.511, 0.337, 0.181,-2.055,-0.203,0.203,0.334,-0.757,-0.452, 8.912;
2.962,21.785,66.388,18.508,69.664, 0.333, 0.183,-2.055,-0.793,0.397,0.000,-0.751,-0.457, 8.919;
2.972,11.487,35.418,8.211,38.694, 0.328, 0.185,-2.041,-0.437,0.218,1.353,-0.743,-0.465, 8.918;
2.984,-1.103,19.370,-4.389,22.656, 0.326, 0.187,-2.055,-0.186,0.186,-1.156,-0.736,-0.473, 8.947;
2.996,10.134,31.481,6.848,34.768, 0.321, 0.190,-2.041,-0.390,0.195,1.209,-0.727,-0.481, 8.948;
3.018,4.682,15.269,1.387,18.564, 0.317, 0.192,-2.034,-0.201,0.101,0.315,-0.715,-0.495, 8.969;
3.022,59.799,58.757,56.506,62.050, 0.312, 0.192,-2.027,-1.065,0.000,1.679,-0.709,-0.497, 8.967;
3.032,-1.098,23.662,-4.398,26.963, 0.310, 0.194,-2.034,-0.224,0.224,-0.706,-0.703,-0.504, 8.986;
3.054,10.704,9.900,7.390,13.213, 0.306, 0.194,-2.041,-0.206,0.000,-0.322,-0.689,-0.515, 9.021;
3.065,10.060,31.438,6.749,34.749, 0.301, 0.196,-2.021,-0.390,0.195,1.822,-0.680,-0.522, 9.014;
3.077,9.806,9.062,6.490,12.379, 0.299, 0.196,-2.021,-0.191,0.000,0.000,-0.673,-0.528, 9.029;
3.089,19.995,19.235,16.680,22.549, 0.295, 0.196,-2.000,-0.372,0.000,1.714,-0.664,-0.534, 9.023;
3.101,9.228,8.548,5.908,11.868, 0.292, 0.196,-2.000,-0.182,0.000,0.000,-0.656,-0.539, 9.039;
3.114,18.551,17.876,15.230,21.196, 0.288, 0.196,-1.986,-0.348,0.000,1.100,-0.646,-0.545, 9.041;
3.127,9.032,8.419,5.706,11.746, 0.286, 0.196,-1.986,-0.179,0.000,0.000,-0.639,-0.551, 9.056;
3.139,18.430,17.839,15.099,21.169, 0.281, 0.196,-1.980,-0.347,0.000,0.479,-0.628,-0.556, 9.066;
3.152,19.232,-1.572,15.894,1.767, 0.279, 0.194,-1.986,-0.180,-0.180,-0.498,-0.620,-0.559, 9.088;
3.164,19.413,18.811,16.082,22.142, 0.275, 0.194,-1.951,-0.367,0.000,2.844,-0.610,-0.565, 9.069;
3.176,20.089,-1.498,16.752,1.838, 0.272, 0.192,-1.951,-0.190,-0.190,0.000,-0.603,-0.567, 9.084;
3.188,9.430,8.949,6.090,12.289, 0.270, 0.192,-1.946,-0.188,0.000,0.478,-0.595,-0.572, 9.093;
3.199,19.993,-1.424,16.647,1.921, 0.268, 0.190,-1.946,-0.189,-0.189,0.000,-0.587,-0.575, 9.108;
3.212,18.962,-1.386,15.611,1.966, 0.266, 0.187,-1.946,-0.180,-0.180,0.000,-0.579,-0.577, 9.123;
3.224,28.913,8.585,25.561,11.936, 0.261, 0.185,-1.931,-0.362,-0.181,1.157,-0.568,-0.580, 9.125;
3.238,16.986,-1.316,13.634,2.036, 0.259, 0.183,-1.917,-0.164,-0.164,1.060,-0.559,-0.583, 9.127;
3.242,57.161,-1.335,53.809,2.018, 0.257, 0.181,-1.912,-0.533,-0.533,1.231,-0.555,-0.582, 9.127;
3.253,32.290,-12.342,28.936,-8.987, 0.254, 0.176,-1.902,-0.204,-0.408,0.861,-0.547,-0.582, 9.132;
3.276,9.781,-1.193,6.418,2.170, 0.252, 0.174,-1.897,-0.098,-0.098,0.219,-0.533,-0.588, 9.155;
3.282,39.108,-1.251,35.749,2.107, 0.250, 0.172,-1.878,-0.373,-0.373,3.204,-0.528,-0.588, 9.143;
3.291,26.114,-28.056,22.744,-24.686, 0.250, 0.167,-1.897,0.000,-0.498,-2.139,-0.523,-0.586, 9.174;
3.302,19.626,-1.134,16.258,2.234, 0.248, 0.165,-1.878,-0.191,-0.191,1.640,-0.514,-0.588, 9.169;
3.314,30.600,-11.554,27.226,-8.181, 0.246, 0.161,-1.878,-0.195,-0.391,0.000,-0.506,-0.587, 9.184;
3.336,14.834,-6.229,11.455,-2.850, 0.243, 0.156,-1.864,-0.098,-0.196,0.635,-0.492,-0.590, 9.198;
3.342,41.003,-42.667,37.617,-39.280, 0.243, 0.152,-1.878,0.000,-0.779,-2.526,-0.488,-0.588, 9.220;
3.352,35.231,-13.005,31.845,-9.619, 0.241, 0.147,-1.864,-0.226,-0.451,1.464,-0.481,-0.586, 9.218;
3.363,30.314,-11.319,26.928,-7.933, 0.239, 0.143,-1.849,-0.196,-0.392,1.284,-0.472,-0.585, 9.217;
3.376,18.576,-20.204,15.184,-16.812, 0.239, 0.138,-1.849,0.000,-0.366,0.000,-0.465,-0.584, 9.233;
3.387,20.060,-21.642,16.663,-18.245, 0.239, 0.134,-1.849,0.000,-0.394,0.000,-0.459,-0.583, 9.247;
3.409,9.847,-11.340,6.436,-7.930, 0.239, 0.129,-1.859,0.000,-0.198,-0.457,-0.446,-0.584, 9.285;
3.413,92.314,-32.032,88.907,-28.625, 0.237, 0.125,-1.845,-0.589,-1.178,3.806,-0.442,-0.581, 9.276;
3.424,20.476,-21.901,17.063,-18.489, 0.237, 0.121,-1.845,0.000,-0.401,0.000,-0.436,-0.579, 9.290;
3.436,19.538,-20.915,16.120,-17.497, 0.237, 0.116,-1.845,0.000,-0.383,0.000,-0.429,-0.578, 9.304;
3.458,10.169,-11.455,6.741,-8.027, 0.237, 0.112,-1.845,0.000,-0.205,0.000,-0.416,-0.578, 9.332;
3.464,58.194,-59.454,54.763,-56.024, 0.237, 0.105,-1.845,0.000,-1.117,0.000,-0.413,-0.573, 9.339;
3.472,13.694,-43.362,10.255,-39.922, 0.239, 0.100,-1.859,0.268,-0.537,-1.734,-0.410,-0.570, 9.364;
3.494,10.343,-11.485,6.893,-8.036, 0.239, 0.096,-1.859,0.000,-0.205,0.000,-0.397,-0.570, 9.392;
3.506,19.460,-20.578,16.012,-17.130, 0.239, 0.092,-1.841,0.000,-0.381,1.572,-0.390,-0.568, 9.388;
3.517,29.777,-30.797,26.321,-27.342, 0.239, 0.085,-1.845,0.000,-0.575,-0.345,-0.383,-0.564, 9.406;
3.529,9.486,-30.374,6.020,-26.908, 0.241, 0.080,-1.859,0.188,-0.375,-1.213,-0.378,-0.561, 9.436;
3.542,17.691,-18.623,14.219,-15.151, 0.241, 0.076,-1.859,0.000,-0.342,0.000,-0.370,-0.559, 9.452;
3.554,9.642,-30.712,6.164,-27.234, 0.243, 0.071,-1.859,0.190,-0.380,0.000,-0.365,-0.556, 9.467;
3.566,19.049,-19.876,15.566,-16.393, 0.243, 0.067,-1.859,0.000,-0.367,0.000,-0.358,-0.554, 9.482;
3.578,28.579,-29.352,25.090,-25.863, 0.243, 0.060,-1.859,0.000,-0.546,0.000,-0.350,-0.549, 9.498;
3.591,9.185,-29.036,5.691,-25.542, 0.246, 0.056,-1.859,0.180,-0.361,0.000,-0.345,-0.546, 9.513;
3.595,25.818,-78.446,22.316,-74.944, 0.248, 0.051,-1.874,0.487,-0.975,-3.122,-0.344,-0.542, 9.533;
3.616,11.292,-11.908,7.786,-8.402, 0.248, 0.047,-1.859,0.000,-0.219,0.702,-0.332,-0.540, 9.545;
3.627,9.842,-30.649,6.325,-27.133, 0.250, 0.042,-1.874,0.190,-0.379,-1.215,-0.327,-0.536, 9.574;
3.639,9.946,-30.932,6.424,-27.410, 0.252, 0.038,-1.874,0.191,-0.383,0.000,-0.322,-0.533, 9.588;
3.651,19.612,-20.063,16.084,-16.535, 0.252, 0.033,-1.874,0.000,-0.372,0.000,-0.314,-0.530, 9.603;
3.663,9.610,-29.719,6.078,-26.187, 0.254, 0.029,-1.869,0.185,-0.369,0.363,-0.309,-0.526, 9.614;
3.675,10.087,-31.010,6.549,-27.471, 0.257, 0.025,-1.874,0.193,-0.385,-0.378,-0.304,-0.522, 9.633;
3.687,9.561,-29.300,6.012,-25.751, 0.259, 0.020,-1.888,0.181,-0.362,-1.148,-0.298,-0.519, 9.663;
3.700,9.458,-28.941,5.903,-25.386, 0.261, 0.016,-1.888,0.179,-0.357,0.000,-0.293,-0.515, 9.679;
3.711,10.186,-31.016,6.625,-27.455, 0.263, 0.011,-1.888,0.192,-0.383,0.000,-0.288,-0.511, 9.693;
3.724,9.320,-28.298,5.754,-24.731, 0.266, 0.007,-1.888,0.175,-0.350,0.000,-0.282,-0.506, 9.709;
3.735,10.584,-31.982,7.013,-28.411, 0.268, 0.002,-1.888,0.198,-0.396,0.000,-0.277,-0.502, 9.723;
3.747,10.645,-32.056,7.068,-28.479, 0.270,-0.002,-1.888,0.199,-0.397,0.000,-0.272,-0.498, 9.738;
3.758,10.968,-32.898,7.384,-29.315, 0.272,-0.007,-1.893,0.204,-0.407,-0.428,-0.268,-0.493, 9.756;
3.769,10.833,-32.412,7.244,-28.823, 0.275,-0.011,-1.893,0.201,-0.401,0.000,-0.263,-0.489, 9.770;
3.780,0.027,-21.500,-3.565,-17.908, 0.277,-0.013,-1.888,0.201,-0.201,0.422,-0.258,-0.486, 9.779;
3.791,0.084,-42.228,-3.518,-38.625, 0.281,-0.018,-1.902,0.391,-0.391,-1.228,-0.255,-0.481, 9.808;
3.802,10.859,-32.231,7.256,-28.628, 0.283,-0.022,-1.888,0.200,-0.401,1.260,-0.251,-0.477, 9.808;
3.824,5.726,-16.533,2.112,-12.919, 0.286,-0.027,-1.893,0.103,-0.207,-0.217,-0.239,-0.471, 9.839;
3.835,0.178,-20.704,-3.440,-17.086, 0.288,-0.029,-1.888,0.194,-0.194,0.408,-0.234,-0.468, 9.849;
3.848,0.219,-37.013,-3.405,-33.390, 0.292,-0.033,-1.888,0.346,-0.346,0.000,-0.231,-0.463, 9.865;
3.852,33.566,-99.522,29.939,-95.895, 0.295,-0.038,-1.893,0.616,-1.232,-1.296,-0.231,-0.458, 9.875;
3.873,-5.385,-16.725,-9.025,-13.085, 0.299,-0.040,-1.902,0.209,-0.105,-0.438,-0.222,-0.454, 9.911;
3.886,10.170,-29.308,6.529,-25.667, 0.301,-0.045,-1.888,0.183,-0.366,1.152,-0.217,-0.448, 9.912;
3.898,-9.602,-29.601,-13.253,-25.950, 0.306,-0.047,-1.902,0.368,-0.184,-1.157,-0.214,-0.445, 9.941;
3.910,9.970,-28.447,6.317,-24.795, 0.308,-0.051,-1.888,0.178,-0.356,1.120,-0.208,-0.439, 9.943;
3.922,0.461,-41.118,-3.203,-37.453, 0.312,-0.056,-1.907,0.382,-0.382,-1.616,-0.205,-0.433, 9.977;
3.934,-9.919,-30.723,-13.587,-27.055, 0.317,-0.058,-1.902,0.382,-0.191,0.417,-0.203,-0.429, 9.987;
3.947,9.415,-26.322,5.739,-22.646, 0.319,-0.062,-1.907,0.164,-0.328,-0.358,-0.197,-0.422,10.009;
3.951,-32.299,-97.767,-35.975,-94.090, 0.324,-0.065,-1.902,1.207,-0.603,1.317,-0.199,-0.419,10.008;
3.962,0.555,-42.688,-3.128,-39.005, 0.328,-0.069,-1.907,0.397,-0.397,-0.433,-0.196,-0.413,10.027;
3.984,-5.096,-16.651,-8.794,-12.953, 0.333,-0.071,-1.921,0.209,-0.104,-0.658,-0.188,-0.407,10.068;
3.996,0.635,-18.734,-3.062,-15.037, 0.335,-0.074,-1.902,0.177,-0.177,1.503,-0.183,-0.403,10.065;
4.008,-9.488,-30.088,-13.195,-26.380, 0.339,-0.076,-1.916,0.373,-0.187,-1.163,-0.180,-0.398,10.094;
4.011,0.891,-180.176,-2.819,-176.465, 0.344,-0.080,-1.921,1.651,-1.651,-1.864,-0.183,-0.393,10.103;
4.032,0.761,-10.795,-2.960,-7.075, 0.346,-0.083,-1.921,0.103,-0.103,0.000,-0.172,-0.386,10.130;
4.037,-50.873,-51.051,-54.594,-47.330, 0.350,-0.083,-1.916,0.945,0.000,1.068,-0.174,-0.385,10.131;
4.048,-10.358,-33.049,-14.091,-29.316, 0.355,-0.085,-1.935,0.407,-0.203,-1.729,-0.172,-0.381,10.163;
4.059,0.845,-21.319,-2.893,-17.580, 0.357,-0.087,-1.935,0.199,-0.199,0.000,-0.168,-0.376,10.177;
4.081,-10.297,-10.617,-14.046,-6.868, 0.362,-0.087,-1.935,0.204,0.000,0.000,-0.159,-0.370,10.205;
4.094,0.963,-19.162,-2.793,-15.405, 0.364,-0.089,-1.940,0.179,-0.179,-0.430,-0.155,-0.365,10.226;
4.106,-18.575,-18.960,-22.342,-15.192, 0.368,-0.089,-1.954,0.353,0.000,-1.102,-0.152,-0.361,10.256;
4.110,-65.073,-65.715,-68.847,-61.941, 0.373,-0.089,-1.968,1.185,0.000,-3.663,-0.154,-0.360,10.274;
4.120,-11.176,-11.557,-14.955,-7.778, 0.375,-0.089,-1.968,0.219,0.000,0.000,-0.151,-0.358,10.287;
4.143,-10.125,-10.560,-13.919,-6.766, 0.379,-0.089,-1.982,0.200,0.000,-0.612,-0.143,-0.351,10.329;
4.146,-37.546,-38.061,-41.344,-34.263, 0.382,-0.089,-1.987,0.688,0.000,-1.844,-0.143,-0.350,10.339;
4.157,-20.961,-21.423,-24.764,-17.620, 0.386,-0.089,-1.987,0.393,0.000,0.000,-0.141,-0.347,10.353;
4.179,-4.517,-5.038,-8.332,-1.223, 0.388,-0.089,-1.994,0.102,0.000,-0.281,-0.132,-0.340,10.387;
4.182,-73.639,0.805,-77.454,4.620, 0.391,-0.087,-1.987,0.665,0.665,1.833,-0.132,-0.341,10.385;
4.194,-20.508,-21.124,-24.340,-17.291, 0.395,-0.087,-2.021,0.383,0.000,-2.877,-0.130,-0.337,10.433;
4.206,-20.475,0.763,-24.312,4.601, 0.397,-0.085,-2.021,0.191,0.191,0.000,-0.126,-0.335,10.448;
4.228,-4.329,-4.973,-8.180,-1.123, 0.400,-0.085,-2.028,0.101,0.000,-0.298,-0.117,-0.328,10.482;
4.232,-67.738,0.779,-71.590,4.631, 0.402,-0.083,-2.028,0.605,0.605,0.000,-0.117,-0.329,10.487;
4.243,-31.599,-10.257,-35.462,-6.395, 0.406,-0.080,-2.041,0.384,0.192,-1.167,-0.116,-0.327,10.515;
4.265,-10.115,0.800,-13.988,4.672, 0.408,-0.078,-2.041,0.102,0.102,0.000,-0.107,-0.321,10.543;
4.277,-20.130,0.797,-24.013,4.680, 0.411,-0.076,-2.055,0.189,0.189,-1.130,-0.103,-0.318,10.571;
4.289,-19.115,0.811,-23.006,4.703, 0.413,-0.074,-2.062,0.180,0.180,-0.569,-0.099,-0.316,10.594;
4.292,-84.981,0.819,-88.873,4.712, 0.415,-0.071,-2.062,0.750,0.750,0.000,-0.100,-0.317,10.597;
4.304,-20.950,0.820,-24.848,4.718, 0.417,-0.069,-2.062,0.196,0.196,0.000,-0.097,-0.315,10.612;
4.325,-16.222,6.822,-20.130,10.730, 0.420,-0.065,-2.062,0.104,0.208,0.000,-0.089,-0.310,10.639;
4.339,-17.050,0.820,-20.964,4.734, 0.422,-0.062,-2.062,0.163,0.163,0.000,-0.085,-0.307,10.656;
4.344,-83.228,29.024,-87.149,32.946, 0.424,-0.058,-2.075,0.489,0.977,-2.915,-0.085,-0.309,10.675;
4.353,-25.837,0.819,-29.766,4.747, 0.426,-0.056,-2.082,0.239,0.239,-0.790,-0.083,-0.307,10.694;
4.365,-29.754,11.392,-33.687,15.326, 0.429,-0.051,-2.082,0.182,0.363,0.000,-0.079,-0.307,10.709;
4.386,-16.490,6.992,-20.433,10.935, 0.431,-0.047,-2.082,0.106,0.212,0.000,-0.072,-0.302,10.736;
4.398,-30.193,11.556,-34.147,15.510, 0.433,-0.042,-2.096,0.184,0.369,-1.093,-0.069,-0.301,10.764;
4.409,-21.393,0.819,-25.355,4.781, 0.435,-0.040,-2.103,0.201,0.201,-0.694,-0.067,-0.298,10.786;
4.421,-33.068,12.562,-37.035,16.529, 0.437,-0.036,-2.103,0.201,0.402,0.000,-0.064,-0.297,10.800;
4.432,-32.631,12.425,-36.603,16.398, 0.440,-0.031,-2.103,0.199,0.397,0.000,-0.062,-0.296,10.814;
4.443,-31.549,12.073,-35.527,16.051, 0.442,-0.027,-2.103,0.193,0.385,0.000,-0.059,-0.295,10.829;
4.454,-21.326,24.428,-25.304,28.406, 0.442,-0.022,-2.090,0.000,0.405,1.213,-0.055,-0.294,10.829;
4.465,-33.326,12.652,-37.314,16.640, 0.444,-0.018,-2.103,0.203,0.406,-1.216,-0.053,-0.293,10.856;
4.476,-33.403,12.713,-37.396,16.705, 0.446,-0.013,-2.103,0.204,0.408,0.000,-0.051,-0.292,10.870;
4.487,-32.740,35.982,-36.730,39.972, 0.446,-0.007,-2.082,0.000,0.605,1.893,-0.047,-0.294,10.863;
4.509,-15.978,6.907,-19.983,10.912, 0.449,-0.002,-2.096,0.105,0.211,-0.625,-0.041,-0.287,10.903;
4.520,-19.741,23.019,-23.749,27.027, 0.449, 0.002,-2.090,0.000,0.382,0.484,-0.037,-0.286,10.912;
4.533,-18.169,21.483,-22.178,25.492, 0.449, 0.007,-2.076,0.000,0.357,1.086,-0.032,-0.284,10.914;
4.544,-31.036,11.917,-35.056,15.936, 0.451, 0.011,-2.090,0.192,0.385,-1.170,-0.031,-0.282,10.942;
4.557,-28.811,32.219,-32.829,36.237, 0.451, 0.018,-2.069,0.000,0.544,1.708,-0.026,-0.282,10.937;
4.568,-31.676,12.129,-35.704,16.156, 0.453, 0.022,-2.082,0.197,0.394,-1.186,-0.025,-0.281,10.964;
4.579,-20.146,23.581,-24.174,27.608, 0.453, 0.027,-2.069,0.000,0.395,1.190,-0.021,-0.279,10.965;
4.591,-19.927,23.347,-23.962,27.383, 0.453, 0.031,-2.076,0.000,0.391,-0.654,-0.018,-0.277,10.987;
4.603,-18.984,22.451,-23.026,26.492, 0.453, 0.036,-2.076,0.000,0.376,0.000,-0.014,-0.275,11.002;
4.614,-19.934,23.427,-23.981,27.474, 0.453, 0.040,-2.076,0.000,0.393,0.000,-0.011,-0.273,11.016;
4.626,-29.053,32.618,-33.097,36.662, 0.453, 0.047,-2.055,0.000,0.554,1.748,-0.007,-0.273,11.010;
4.637,-31.259,11.978,-35.313,16.032, 0.455, 0.051,-2.069,0.197,0.394,-1.203,-0.006,-0.271,11.038;
4.649,-19.326,22.889,-23.386,26.949, 0.455, 0.056,-2.069,0.000,0.385,0.000,-0.003,-0.269,11.053;
4.660,-19.532,23.109,-23.600,27.177, 0.455, 0.060,-2.076,0.000,0.388,-0.650,-0.000,-0.267,11.074;
4.672,-18.918,22.537,-22.992,26.610, 0.455, 0.065,-2.076,0.000,0.379,0.000, 0.003,-0.265,11.089;
4.684,-30.847,34.506,-34.923,38.582, 0.455, 0.071,-2.069,0.000,0.586,0.654, 0.006,-0.265,11.096;
4.695,-19.738,23.392,-23.819,27.473, 0.455, 0.076,-2.069,0.000,0.395,0.000, 0.008,-0.263,11.110;
4.718,-7.973,11.661,-12.060,15.748, 0.455, 0.080,-2.055,0.000,0.194,0.592, 0.014,-0.254,11.126;
4.723,-24.417,83.840,-28.501,87.924, 0.453, 0.085,-2.041,-0.484,0.968,3.000, 0.017,-0.256,11.118;
4.733,-20.937,24.605,-25.030,28.698, 0.453, 0.089,-2.055,0.000,0.419,-1.300, 0.019,-0.254,11.145;
4.744,-19.679,23.402,-23.778,27.501, 0.453, 0.094,-2.055,0.000,0.398,0.000, 0.021,-0.252,11.159;
4.766,-8.463,12.219,-12.572,16.328, 0.453, 0.098,-2.055,0.000,0.205,0.000, 0.025,-0.243,11.186;
4.770,-30.700,103.333,-34.806,107.439, 0.451, 0.103,-2.041,-0.597,1.195,3.704, 0.028,-0.245,11.177;
4.781,-18.802,22.562,-22.912,26.673, 0.451, 0.107,-2.041,0.000,0.387,0.000, 0.030,-0.243,11.192;
4.793,-7.893,34.339,-12.009,38.456, 0.449, 0.112,-2.041,-0.197,0.395,0.000, 0.035,-0.240,11.206;
4.815,-7.913,11.715,-12.040,15.841, 0.449, 0.116,-2.041,0.000,0.199,0.000, 0.038,-0.231,11.234;
4.819,-56.065,59.663,-60.199,63.797, 0.449, 0.121,-2.055,0.000,1.032,-3.199, 0.039,-0.233,11.253;
4.830,-8.342,36.032,-12.478,40.168, 0.446, 0.125,-2.049,-0.207,0.414,0.617, 0.042,-0.231,11.260;
4.851,-2.396,18.282,-6.534,22.420, 0.444, 0.129,-2.027,-0.105,0.211,1.003, 0.047,-0.222,11.265;
4.863,-17.675,21.495,-21.824,25.644, 0.444, 0.134,-2.041,0.000,0.372,-1.168, 0.048,-0.219,11.295;
4.875,-7.084,32.515,-11.238,36.669, 0.442, 0.138,-2.041,-0.188,0.376,0.000, 0.052,-0.216,11.310;
4.886,-7.664,34.377,-11.818,38.531, 0.440, 0.143,-2.027,-0.200,0.400,1.256, 0.055,-0.214,11.310;
4.898,-19.222,23.062,-23.387,27.227, 0.440, 0.147,-2.041,0.000,0.400,-1.258, 0.056,-0.211,11.338;
4.909,-7.102,32.834,-11.267,36.999, 0.437, 0.152,-2.027,-0.191,0.382,1.202, 0.059,-0.209,11.338;
4.921,-7.513,34.059,-11.683,38.229, 0.435, 0.156,-2.027,-0.198,0.397,0.000, 0.062,-0.206,11.352;
4.932,-7.602,34.395,-11.777,38.570, 0.433, 0.161,-2.027,-0.201,0.401,0.000, 0.065,-0.204,11.366;
4.943,-19.511,23.372,-23.696,27.557, 0.433, 0.165,-2.041,0.000,0.408,-1.281, 0.066,-0.201,11.394;
4.954,-7.710,34.942,-11.896,39.128, 0.431, 0.170,-2.027,-0.204,0.408,1.283, 0.068,-0.199,11.394;
4.965,-7.584,34.540,-11.775,38.730, 0.429, 0.174,-2.027,-0.202,0.404,0.000, 0.071,-0.196,11.408;
4.986,-2.017,17.958,-6.217,22.158, 0.426, 0.179,-2.027,-0.105,0.211,0.000, 0.074,-0.187,11.434;
4.998,4.041,21.372,-0.164,25.577, 0.424, 0.181,-2.027,-0.188,0.188,0.000, 0.076,-0.182,11.449;
5.009,-6.960,32.911,-11.171,37.122, 0.422, 0.185,-2.027,-0.193,0.386,0.000, 0.078,-0.179,11.464;
5.021,-6.801,32.495,-11.017,36.711, 0.420, 0.190,-2.027,-0.191,0.382,0.000, 0.080,-0.177,11.478;
5.033,-6.314,31.096,-10.536,35.318, 0.417, 0.194,-2.027,-0.183,0.366,0.000, 0.082,-0.173,11.494;
5.045,-6.591,32.000,-10.816,36.225, 0.415, 0.199,-2.021,-0.189,0.378,0.579, 0.084,-0.170,11.502;
5.056,15.446,33.434,11.219,37.661, 0.411, 0.201,-2.013,-0.396,0.198,0.655, 0.088,-0.166,11.509;
5.068,-6.860,32.851,-11.092,37.083, 0.408, 0.205,-2.013,-0.195,0.389,0.000, 0.090,-0.163,11.523;
5.080,-5.913,30.065,-10.151,34.304, 0.406, 0.210,-2.013,-0.179,0.357,0.000, 0.091,-0.160,11.539;
5.092,-6.099,30.687,-10.341,34.929, 0.404, 0.214,-2.006,-0.183,0.366,0.548, 0.093,-0.156,11.547;
5.105,14.523,30.217,10.279,34.462, 0.400, 0.217,-1.999,-0.362,0.181,0.627, 0.096,-0.151,11.555;
5.117,-6.443,31.727,-10.698,35.982, 0.397, 0.221,-2.013,-0.189,0.378,-1.221, 0.097,-0.148,11.584;
5.129,-6.003,30.530,-10.264,34.791, 0.395, 0.225,-2.013,-0.182,0.364,0.000, 0.098,-0.145,11.600;
5.141,4.399,40.358,0.140,44.617, 0.391, 0.230,-1.992,-0.363,0.363,1.703, 0.102,-0.142,11.594;
5.153,4.383,20.602,0.111,24.874, 0.388, 0.232,-2.013,-0.187,0.187,-1.751, 0.102,-0.137,11.630;
5.165,-5.907,30.380,-10.183,34.655, 0.386, 0.237,-2.006,-0.182,0.365,0.547, 0.103,-0.133,11.639;
5.177,15.262,31.736,10.984,36.013, 0.382, 0.239,-1.999,-0.382,0.191,0.662, 0.106,-0.129,11.646;
5.188,-6.857,33.257,-11.138,37.537, 0.379, 0.243,-1.992,-0.201,0.402,0.587, 0.107,-0.126,11.653;
5.199,15.576,32.492,11.296,36.772, 0.375, 0.246,-1.978,-0.395,0.198,1.280, 0.109,-0.122,11.653;
5.210,-6.937,33.427,-11.228,37.718, 0.373, 0.250,-1.992,-0.202,0.405,-1.309, 0.110,-0.119,11.681;
5.221,15.872,33.178,11.581,37.468, 0.368, 0.252,-1.978,-0.404,0.202,1.309, 0.112,-0.115,11.681;
5.243,-1.276,16.545,-5.574,20.843, 0.366, 0.257,-1.972,-0.104,0.208,0.288, 0.111,-0.106,11.702;
5.255,14.827,29.844,10.526,34.145, 0.362, 0.259,-1.963,-0.368,0.184,0.697, 0.113,-0.101,11.708;
5.267,4.569,20.260,0.263,24.566, 0.359, 0.261,-1.963,-0.191,0.191,0.000, 0.113,-0.097,11.723;
5.279,-5.697,29.843,-10.007,34.152, 0.357, 0.266,-1.957,-0.185,0.370,0.497, 0.112,-0.094,11.732;
5.292,14.344,28.155,10.029,32.470, 0.353, 0.268,-1.957,-0.350,0.175,0.000, 0.114,-0.089,11.748;
5.295,41.449,108.551,37.138,112.862, 0.348, 0.270,-1.943,-1.323,0.662,4.337, 0.118,-0.089,11.738;
5.307,4.611,20.217,0.288,24.539, 0.346, 0.272,-1.957,-0.192,0.192,-1.257, 0.117,-0.084,11.767;
5.329,15.808,9.959,11.478,14.288, 0.341, 0.272,-1.948,-0.201,0.000,0.397, 0.116,-0.072,11.786;
5.332,4.717,69.659,0.388,73.988, 0.339, 0.275,-1.943,-0.641,0.641,1.672, 0.118,-0.072,11.785;
5.343,15.893,32.450,11.559,36.784, 0.335, 0.277,-1.943,-0.406,0.203,0.000, 0.119,-0.068,11.799;
5.365,10.367,4.358,6.023,8.702, 0.333, 0.277,-1.943,-0.103,0.000,0.000, 0.116,-0.055,11.826;
5.369,37.222,95.299,32.884,99.637, 0.328, 0.279,-1.922,-1.177,0.589,5.345, 0.119,-0.056,11.810;
5.390,15.946,9.850,11.603,14.193, 0.324, 0.279,-1.907,-0.207,0.000,0.685, 0.117,-0.043,11.823;
5.395,32.544,26.437,28.199,30.782, 0.321, 0.279,-1.907,-0.512,0.000,0.000, 0.118,-0.041,11.828;
5.405,16.028,9.873,11.678,14.222, 0.319, 0.279,-1.907,-0.208,0.000,0.000, 0.117,-0.035,11.842;
5.417,25.224,19.004,20.874,23.354, 0.315, 0.279,-1.893,-0.380,0.000,1.271, 0.118,-0.029,11.842;
5.429,14.868,8.627,10.513,12.982, 0.312, 0.279,-1.893,-0.188,0.000,0.000, 0.117,-0.022,11.856;
5.451,10.170,3.837,5.807,8.201, 0.310, 0.279,-1.888,-0.101,0.000,0.224, 0.112,-0.011,11.879;
5.458,39.881,-1.690,35.520,2.671, 0.308, 0.277,-1.873,-0.329,-0.329,2.193, 0.112,-0.005,11.873;
5.466,33.139,26.724,28.780,31.084, 0.304, 0.277,-1.858,-0.536,0.000,1.803, 0.113,-0.000,11.868;
5.478,14.901,8.507,10.543,12.864, 0.301, 0.277,-1.838,-0.195,0.000,1.688, 0.111, 0.006,11.863;
5.500,15.191,-1.789,10.824,2.579, 0.299, 0.275,-1.838,-0.100,-0.100,0.000, 0.105, 0.019,11.891;
5.512,24.322,-1.843,19.954,2.524, 0.297, 0.272,-1.823,-0.189,-0.189,1.276, 0.103, 0.027,11.891;
5.524,14.033,7.497,9.661,11.869, 0.295, 0.272,-1.820,-0.181,0.000,0.311, 0.101, 0.034,11.903;
5.527,38.745,-35.961,34.371,-31.587, 0.295, 0.270,-1.820,0.000,-0.657,0.000, 0.100, 0.038,11.907;
5.549,15.500,-1.956,11.122,2.422, 0.292, 0.268,-1.805,-0.106,-0.105,0.707, 0.093, 0.050,11.919;
5.553,62.195,-1.965,57.816,2.415, 0.290, 0.266,-1.805,-0.560,-0.560,0.000, 0.094, 0.054,11.924;
5.563,25.586,-2.017,21.207,2.362, 0.288, 0.263,-1.789,-0.206,-0.206,1.389, 0.092, 0.062,11.922;
5.585,15.385,-12.813,10.996,-8.424, 0.288, 0.259,-1.789,0.000,-0.211,0.000, 0.083, 0.076,11.949;
5.596,24.706,-2.121,20.317,2.267, 0.286, 0.257,-1.774,-0.199,-0.199,1.354, 0.081, 0.084,11.948;
5.607,24.503,-2.158,20.116,2.229, 0.283, 0.254,-1.756,-0.200,-0.200,1.625, 0.078, 0.091,11.944;
5.618,24.300,-21.872,19.907,-17.478, 0.283, 0.250,-1.759,0.000,-0.395,-0.254, 0.073, 0.101,11.961;
5.630,23.384,-2.228,18.992,2.164, 0.281, 0.248,-1.741,-0.191,-0.191,1.540, 0.070, 0.108,11.957;
5.642,22.542,-20.221,18.144,-15.823, 0.281, 0.243,-1.741,0.000,-0.365,0.000, 0.065, 0.118,11.973;
5.655,12.810,-10.536,8.407,-6.133, 0.281, 0.241,-1.738,0.000,-0.168,0.193, 0.059, 0.126,11.987;
5.668,30.919,-11.164,26.521,-6.766, 0.279, 0.237,-1.711,-0.183,-0.365,2.286, 0.055, 0.135,11.974;
5.679,23.609,-21.451,19.205,-17.047, 0.279, 0.232,-1.711,0.000,-0.396,0.000, 0.050, 0.145,11.989;
5.690,14.122,-12.005,9.714,-7.597, 0.279, 0.230,-1.708,0.000,-0.200,0.190, 0.044, 0.151,12.000;
5.701,23.862,-21.834,19.455,-17.426, 0.279, 0.225,-1.693,0.000,-0.408,1.381, 0.039, 0.160,11.999;
5.712,23.715,-21.690,19.303,-17.277, 0.279, 0.221,-1.693,0.000,-0.404,0.000, 0.034, 0.169,12.013;
5.723,23.534,-21.598,19.122,-17.186, 0.279, 0.217,-1.678,0.000,-0.406,1.382, 0.028, 0.178,12.012;
5.734,13.911,-11.984,9.495,-7.567, 0.279, 0.214,-1.676,0.000,-0.202,0.146, 0.023, 0.184,12.024;
5.756,14.159,-12.299,9.732,-7.873, 0.279, 0.210,-1.676,0.000,-0.207,0.000, 0.012, 0.197,12.051;
5.767,22.662,-20.886,18.235,-16.459, 0.279, 0.205,-1.663,0.000,-0.393,1.200, 0.006, 0.205,12.052;
5.779,22.409,-20.645,17.977,-16.213, 0.279, 0.201,-1.663,0.000,-0.388,0.000, 0.000, 0.214,12.066;
5.791,13.026,-28.542,8.588,-24.105, 0.281, 0.196,-1.663,0.186,-0.371,0.000,-0.008, 0.223,12.081;
5.805,18.813,-17.137,14.369,-12.693, 0.281, 0.192,-1.663,0.000,-0.310,0.000,-0.016, 0.232,12.099;
5.811,21.837,-55.061,17.390,-50.614, 0.283, 0.187,-1.663,0.376,-0.751,0.000,-0.021, 0.238,12.107;
5.823,13.138,-11.525,8.686,-7.073, 0.283, 0.185,-1.661,0.000,-0.189,0.117,-0.028, 0.244,12.120;
5.836,12.519,-27.220,8.061,-22.762, 0.286, 0.181,-1.661,0.175,-0.351,0.000,-0.037, 0.253,12.136;
5.847,13.308,-29.640,8.845,-25.177, 0.288, 0.176,-1.661,0.193,-0.385,0.000,-0.045, 0.261,12.151;
5.859,13.324,-29.598,8.850,-25.124, 0.290, 0.172,-1.676,0.190,-0.379,-1.275,-0.054, 0.269,12.181;
5.871,13.338,-29.762,8.858,-25.282, 0.292, 0.167,-1.676,0.191,-0.381,0.000,-0.063, 0.277,12.195;
5.882,13.468,-30.210,8.983,-25.725, 0.295, 0.163,-1.676,0.193,-0.387,0.000,-0.072, 0.285,12.210;
5.894,13.370,-29.972,8.880,-25.482, 0.297, 0.158,-1.676,0.192,-0.383,0.000,-0.080, 0.292,12.224;
5.907,12.366,-27.029,7.870,-22.533, 0.299, 0.154,-1.676,0.170,-0.341,0.000,-0.090, 0.300,12.241;
5.919,13.358,-30.064,8.856,-25.563, 0.301, 0.150,-1.676,0.192,-0.383,0.000,-0.099, 0.308,12.256;
5.930,13.135,-29.458,8.628,-24.951, 0.304, 0.145,-1.676,0.187,-0.374,0.000,-0.108, 0.315,12.271;
5.952,9.151,-17.624,4.633,-13.107, 0.306, 0.141,-1.676,0.103,-0.205,0.000,-0.123, 0.325,12.298;
5.956,34.483,-93.553,29.964,-89.033, 0.308, 0.136,-1.678,0.641,-1.282,-0.463,-0.127, 0.330,12.304;
5.967,4.314,-21.564,-0.210,-17.039, 0.310, 0.134,-1.676,0.196,-0.196,0.141,-0.136, 0.335,12.317;
5.989,9.162,-17.866,4.628,-13.332, 0.312, 0.129,-1.676,0.104,-0.207,0.000,-0.151, 0.344,12.344;
6.002,4.329,-34.975,-0.217,-30.429, 0.317, 0.125,-1.691,0.333,-0.333,-1.116,-0.164, 0.351,12.375;
6.005,39.866,-110.007,35.318,-105.460, 0.319, 0.121,-1.691,0.748,-1.497,0.000,-0.168, 0.356,12.379;
6.016,14.150,-32.929,9.598,-28.377, 0.321, 0.116,-1.691,0.207,-0.415,0.000,-0.176, 0.362,12.393;
6.037,4.267,-13.213,-0.295,-8.651, 0.324, 0.114,-1.691,0.103,-0.103,0.000,-0.192, 0.368,12.420;
6.041,32.016,-86.684,27.452,-82.120, 0.326, 0.109,-1.691,0.584,-1.168,0.000,-0.196, 0.374,12.425;
6.053,4.304,-41.270,-0.271,-36.695, 0.330, 0.105,-1.706,0.393,-0.393,-1.313,-0.208, 0.380,12.454;
6.075,4.246,-13.275,-0.339,-8.691, 0.333, 0.103,-1.706,0.101,-0.101,0.000,-0.223, 0.385,12.482;
6.079,30.150,-81.897,25.569,-77.316, 0.335, 0.098,-1.691,0.549,-1.099,3.669,-0.228, 0.390,12.472;
6.099,4.226,-24.627,-0.371,-20.030, 0.339, 0.094,-1.708,0.218,-0.218,-0.830,-0.245, 0.397,12.514;
6.102,4.174,-81.766,-0.424,-77.169, 0.341, 0.092,-1.706,0.813,-0.813,0.750,-0.249, 0.400,12.516;
6.125,4.175,-22.287,-0.433,-17.679, 0.346, 0.087,-1.706,0.194,-0.194,0.000,-0.268, 0.407,12.545;
6.130,4.168,-46.134,-0.442,-41.524, 0.348, 0.085,-1.706,0.442,-0.442,0.000,-0.273, 0.410,12.551;
6.141,4.207,-43.577,-0.414,-38.957, 0.353, 0.080,-1.721,0.410,-0.410,-1.363,-0.284, 0.415,12.580;
6.152,4.119,-22.834,-0.501,-18.214, 0.355, 0.078,-1.706,0.199,-0.199,1.322,-0.294, 0.418,12.579;
6.164,4.176,-41.736,-0.456,-37.104, 0.359, 0.074,-1.723,0.390,-0.390,-1.495,-0.305, 0.423,12.610;
6.175,4.082,-22.098,-0.550,-17.467, 0.362, 0.071,-1.706,0.190,-0.190,1.461,-0.315, 0.426,12.608;
6.187,-5.018,-31.107,-9.655,-26.470, 0.366, 0.069,-1.706,0.379,-0.189,0.000,-0.327, 0.429,12.623;
6.209,8.902,-18.456,4.255,-13.810, 0.368, 0.065,-1.706,0.101,-0.202,0.000,-0.343, 0.435,12.651;
6.213,-22.777,-84.316,-27.426,-79.667, 0.373, 0.062,-1.706,1.116,-0.558,0.000,-0.350, 0.437,12.656;
6.225,4.014,-22.262,-0.640,-17.608, 0.375, 0.060,-1.706,0.191,-0.191,0.000,-0.359, 0.439,12.670;
6.236,-5.437,-32.386,-10.102,-27.721, 0.379, 0.058,-1.721,0.390,-0.195,-1.296,-0.371, 0.442,12.699;
6.259,8.754,-18.412,4.085,-13.742, 0.382, 0.054,-1.706,0.100,-0.200,0.665,-0.387, 0.446,12.713;
6.263,-21.311,-80.374,-25.988,-75.697, 0.386, 0.051,-1.721,1.047,-0.523,-3.481,-0.394, 0.449,12.733;
6.273,3.908,-24.656,-0.769,-19.980, 0.388, 0.049,-1.706,0.215,-0.215,1.428,-0.403, 0.451,12.731;
6.286,-4.760,-30.177,-9.448,-25.489, 0.393, 0.047,-1.721,0.358,-0.179,-1.191,-0.415, 0.453,12.762;
6.297,3.865,-23.834,-0.823,-19.146, 0.395, 0.045,-1.706,0.206,-0.206,1.367,-0.424, 0.455,12.760;
6.318,-1.274,-19.573,-5.977,-14.870, 0.400, 0.042,-1.723,0.211,-0.106,-0.810,-0.442, 0.456,12.804;
6.329,-5.395,-13.336,-10.097,-8.634, 0.402, 0.042,-1.706,0.191,0.000,1.469,-0.452, 0.455,12.802;
6.341,-5.506,-32.232,-10.220,-27.518, 0.406, 0.040,-1.723,0.384,-0.192,-1.472,-0.463, 0.457,12.833;
6.353,-5.377,-13.318,-10.090,-8.605, 0.408, 0.040,-1.706,0.190,0.000,1.458,-0.473, 0.456,12.831;
6.364,-15.341,-23.368,-20.065,-18.644, 0.413, 0.040,-1.721,0.393,0.000,-1.308,-0.484, 0.455,12.860;
6.376,-5.573,-13.568,-10.302,-8.839, 0.415, 0.040,-1.721,0.192,0.000,0.000,-0.494, 0.454,12.875;
6.388,3.716,-21.995,-1.020,-17.260, 0.417, 0.038,-1.723,0.182,-0.182,-0.186,-0.504, 0.455,12.892;
6.399,-25.644,-14.131,-30.389,-9.385, 0.422, 0.040,-1.736,0.398,0.199,-1.115,-0.515, 0.451,12.919;
6.410,-6.256,-14.292,-11.008,-9.541, 0.424, 0.040,-1.738,0.202,0.000,-0.226,-0.524, 0.450,12.935;
6.422,-5.723,-13.751,-10.480,-8.994, 0.426, 0.040,-1.738,0.191,0.000,0.000,-0.534, 0.448,12.950;
