0.000,0.000,0.000,0.000,0.000, 0.000, 0.000, 0.000,0.000,0.000,0.000, 0.000, 0.000, 0.000;
0.012,1.059,0.260,0.260,1.059, 0.308, 0.107, 1.617,0.000,0.000,0.000, 0.192,-0.098,-1.617;
0.023,1.059,0.260,0.260,1.059, 0.308, 0.107, 1.617,0.000,0.000,0.000, 0.192,-0.089,-1.617;
0.035,1.059,0.260,0.260,1.059, 0.308, 0.107, 1.617,0.000,0.000,0.000, 0.191,-0.079,-1.617;
0.047,1.059,0.260,0.260,1.059, 0.308, 0.107, 1.617,0.000,0.000,0.000, 0.191,-0.070,-1.617;
0.059,1.059,0.260,0.260,1.059, 0.308, 0.107, 1.617,0.000,0.000,0.000, 0.190,-0.061,-1.617;
0.070,1.059,0.260,0.260,1.059, 0.308, 0.107, 1.617,0.000,0.000,0.000, 0.189,-0.052,-1.617;
0.082,1.059,0.260,0.260,1.059, 0.308, 0.107, 1.617,0.000,0.000,0.000, 0.188,-0.043,-1.617;
0.093,1.059,0.260,0.260,1.059, 0.308, 0.107, 1.617,0.000,0.000,0.000, 0.187,-0.035,-1.617;
0.104,1.059,0.260,0.260,1.059, 0.308, 0.107, 1.617,0.000,0.000,0.000, 0.185,-0.026,-1.617;
0.115,1.059,0.260,0.260,1.059, 0.308, 0.107, 1.617,0.000,0.000,0.000, 0.184,-0.017,-1.617;
0.128,1.059,0.260,0.260,1.059, 0.308, 0.107, 1.617,0.000,0.000,0.000, 0.182,-0.008,-1.617;
0.138,1.059,0.260,0.260,1.059, 0.308, 0.107, 1.617,0.000,0.000,0.000, 0.180, 0.001,-1.617;
0.160,1.059,0.260,0.260,1.059, 0.308, 0.107, 1.617,0.000,0.000,0.000, 0.176, 0.017,-1.617;
0.172,1.059,0.260,0.260,1.059, 0.308, 0.107, 1.617,0.000,0.000,0.000, 0.174, 0.026,-1.617;
0.183,1.059,0.260,0.260,1.059, 0.308, 0.107, 1.617,0.000,0.000,0.000, 0.172, 0.034,-1.617;
0.195,1.059,0.260,0.260,1.059, 0.308, 0.107, 1.617,0.000,0.000,0.000, 0.169, 0.044,-1.617;
0.207,1.059,0.260,0.260,1.059, 0.308, 0.107, 1.617,0.000,0.000,0.000, 0.166, 0.053,-1.617;
0.219,1.059,0.260,0.260,1.059, 0.308, 0.107, 1.617,0.000,0.000,0.000, 0.163, 0.062,-1.617;
0.230,1.059,0.260,0.260,1.059, 0.308, 0.107, 1.617,0.000,0.000,0.000, 0.160, 0.070,-1.617;
0.242,1.059,0.260,0.260,1.059, 0.308, 0.107, 1.617,0.000,0.000,0.000, 0.156, 0.078,-1.617;
0.253,1.059,0.260,0.260,1.059, 0.308, 0.107, 1.617,0.000,0.000,0.000, 0.153, 0.087,-1.617;
0.265,1.059,0.260,0.260,1.059, 0.308, 0.107, 1.617,0.000,0.000,0.000, 0.149, 0.095,-1.617;
0.277,1.059,0.260,0.260,1.059, 0.308, 0.107, 1.617,0.000,0.000,0.000, 0.145, 0.104,-1.617;
0.288,1.059,0.260,0.260,1.059, 0.308, 0.107, 1.617,0.000,0.000,0.000, 0.142, 0.112,-1.617;
0.299,1.059,0.260,0.260,1.059, 0.308, 0.107, 1.617,0.000,0.000,0.000, 0.138, 0.119,-1.617;
0.310,1.059,0.260,0.260,1.059, 0.308, 0.107, 1.617,0.000,0.000,0.000, 0.134, 0.127,-1.617;
0.321,1.059,0.260,0.260,1.059, 0.308, 0.107, 1.617,0.000,0.000,0.000, 0.130, 0.135,-1.617;
0.343,1.059,0.260,0.260,1.059, 0.308, 0.107, 1.617,0.000,0.000,0.000, 0.121, 0.149,-1.617;
0.354,1.059,0.260,0.260,1.059, 0.308, 0.107, 1.617,0.000,0.000,0.000, 0.116, 0.157,-1.617;
0.365,1.059,0.260,0.260,1.059, 0.308, 0.107, 1.617,0.000,0.000,0.000, 0.112, 0.164,-1.617;
0.377,1.059,0.260,0.260,1.059, 0.308, 0.107, 1.617,0.000,0.000,0.000, 0.107, 0.172,-1.617;
0.389,1.059,0.260,0.260,1.059, 0.308, 0.107, 1.617,0.000,0.000,0.000, 0.102, 0.180,-1.617;
0.401,1.059,0.260,0.260,1.059, 0.308, 0.107, 1.617,0.000,0.000,0.000, 0.096, 0.187,-1.617;
0.414,1.059,0.260,0.260,1.059, 0.308, 0.107, 1.617,0.000,0.000,0.000, 0.090, 0.196,-1.617;
0.426,1.059,0.260,0.260,1.059, 0.308, 0.107, 1.617,0.000,0.000,0.000, 0.084, 0.203,-1.617;
0.438,1.059,0.260,0.260,1.059, 0.308, 0.107, 1.617,0.000,0.000,0.000, 0.078, 0.211,-1.617;
0.450,1.059,0.260,0.260,1.059, 0.308, 0.107, 1.617,0.000,0.000,0.000, 0.072, 0.218,-1.617;
0.461,1.059,0.260,0.260,1.059, 0.308, 0.107, 1.617,0.000,0.000,0.000, 0.066, 0.224,-1.617;
0.473,1.059,0.260,0.260,1.059, 0.308, 0.107, 1.617,0.000,0.000,0.000, 0.060, 0.231,-1.617;
0.484,1.059,0.260,0.260,1.059, 0.308, 0.107, 1.617,0.000,0.000,0.000, 0.054, 0.238,-1.617;
0.496,1.059,0.260,0.260,1.059, 0.308, 0.107, 1.617,0.000,0.000,0.000, 0.048, 0.244,-1.617;
0.508,1.059,0.260,0.260,1.059, 0.308, 0.107, 1.617,0.000,0.000,0.000, 0.041, 0.251,-1.617;
0.519,1.059,0.260,0.260,1.059, 0.308, 0.107, 1.617,0.000,0.000,0.000, 0.035, 0.257,-1.617;
0.531,1.059,0.260,0.260,1.059, 0.308, 0.107, 1.617,0.000,0.000,0.000, 0.028, 0.263,-1.617;
0.543,1.059,0.260,0.260,1.059, 0.308, 0.107, 1.617,0.000,0.000,0.000, 0.021, 0.269,-1.617;
0.554,1.059,0.260,0.260,1.059, 0.308, 0.107, 1.617,0.000,0.000,0.000, 0.014, 0.275,-1.617;
0.576,1.059,0.260,0.260,1.059, 0.308, 0.107, 1.617,0.000,0.000,0.000, 0.001, 0.286,-1.617;
0.587,1.059,0.260,0.260,1.059, 0.308, 0.107, 1.617,0.000,0.000,0.000,-0.006, 0.291,-1.617;
0.599,1.059,0.260,0.260,1.059, 0.308, 0.107, 1.617,0.000,0.000,0.000,-0.014, 0.297,-1.617;
0.612,1.059,0.260,0.260,1.059, 0.308, 0.107, 1.617,0.000,0.000,0.000,-0.022, 0.303,-1.617;
0.624,1.059,0.260,0.260,1.059, 0.308, 0.107, 1.617,0.000,0.000,0.000,-0.029, 0.308,-1.617;
0.637,1.059,0.260,0.260,1.059, 0.308, 0.107, 1.617,0.000,0.000,0.000,-0.038, 0.314,-1.617;
0.642,1.059,0.260,0.260,1.059, 0.308, 0.107, 1.617,0.000,0.000,0.000,-0.042, 0.316,-1.617;
0.661,1.059,0.260,0.260,1.059, 0.308, 0.107, 1.617,0.000,0.000,0.000,-0.054, 0.324,-1.617;
0.673,1.059,0.260,0.260,1.059, 0.308, 0.107, 1.617,0.000,0.000,0.000,-0.062, 0.328,-1.617;
0.685,1.059,0.260,0.260,1.059, 0.308, 0.107, 1.617,0.000,0.000,0.000,-0.071, 0.333,-1.617;
0.696,1.059,0.260,0.260,1.059, 0.308, 0.107, 1.617,0.000,0.000,0.000,-0.079, 0.337,-1.617;
0.709,1.059,0.260,0.260,1.059, 0.308, 0.107, 1.617,0.000,0.000,0.000,-0.087, 0.342,-1.617;
0.720,1.059,0.260,0.260,1.059, 0.308, 0.107, 1.617,0.000,0.000,0.000,-0.095, 0.345,-1.617;
0.733,1.059,0.260,0.260,1.059, 0.308, 0.107, 1.617,0.000,0.000,0.000,-0.104, 0.349,-1.617;
0.744,1.059,0.260,0.260,1.059, 0.308, 0.107, 1.617,0.000,0.000,0.000,-0.113, 0.353,-1.617;
0.756,1.059,0.260,0.260,1.059, 0.308, 0.107, 1.617,0.000,0.000,0.000,-0.121, 0.357,-1.617;
0.768,1.059,0.260,0.260,1.059, 0.308, 0.107, 1.617,0.000,0.000,0.000,-0.130, 0.360,-1.617;
0.780,1.059,0.260,0.260,1.059, 0.308, 0.107, 1.617,0.000,0.000,0.000,-0.138, 0.363,-1.617;
0.791,1.059,0.260,0.260,1.059, 0.308, 0.107, 1.617,0.000,0.000,0.000,-0.147, 0.366,-1.617;
0.803,1.059,0.260,0.260,1.059, 0.308, 0.107, 1.617,0.000,0.000,0.000,-0.156, 0.369,-1.617;
0.814,1.059,0.260,0.260,1.059, 0.308, 0.107, 1.617,0.000,0.000,0.000,-0.164, 0.372,-1.617;
0.826,1.059,0.260,0.260,1.059, 0.308, 0.107, 1.617,0.000,0.000,0.000,-0.173, 0.374,-1.617;
0.837,1.059,0.260,0.260,1.059, 0.308, 0.107, 1.617,0.000,0.000,0.000,-0.181, 0.377,-1.617;
0.848,1.059,0.260,0.260,1.059, 0.308, 0.107, 1.617,0.000,0.000,0.000,-0.190, 0.379,-1.617;
0.860,1.059,0.260,0.260,1.059, 0.308, 0.107, 1.617,0.000,0.000,0.000,-0.199, 0.381,-1.617;
0.881,1.059,0.260,0.260,1.059, 0.308, 0.107, 1.617,0.000,0.000,0.000,-0.215, 0.384,-1.617;
0.893,1.059,0.260,0.260,1.059, 0.308, 0.107, 1.617,0.000,0.000,0.000,-0.225, 0.386,-1.617;
0.906,1.059,0.260,0.260,1.059, 0.308, 0.107, 1.617,0.000,0.000,0.000,-0.234, 0.387,-1.617;
0.918,1.059,0.260,0.260,1.059, 0.308, 0.107, 1.617,0.000,0.000,0.000,-0.244, 0.389,-1.617;
0.929,1.059,0.260,0.260,1.059, 0.308, 0.107, 1.617,0.000,0.000,0.000,-0.252, 0.390,-1.617;
0.941,1.059,0.260,0.260,1.059, 0.308, 0.107, 1.617,0.000,0.000,0.000,-0.261, 0.391,-1.617;
0.953,1.059,0.260,0.260,1.059, 0.308, 0.107, 1.617,0.000,0.000,0.000,-0.271, 0.391,-1.617;
0.965,1.059,0.260,0.260,1.059, 0.308, 0.107, 1.617,0.000,0.000,0.000,-0.280, 0.392,-1.617;
0.976,1.059,0.260,0.260,1.059, 0.308, 0.107, 1.617,0.000,0.000,0.000,-0.289, 0.393,-1.617;
0.988,1.059,0.260,0.260,1.059, 0.308, 0.107, 1.617,0.000,0.000,0.000,-0.299, 0.393,-1.617;
1.001,1.059,0.260,0.260,1.059, 0.308, 0.107, 1.617,0.000,0.000,0.000,-0.309, 0.393,-1.617;
1.012,1.059,0.260,0.260,1.059, 0.308, 0.107, 1.617,0.000,0.000,0.000,-0.318, 0.393,-1.617;
1.024,1.059,0.260,0.260,1.059, 0.308, 0.107, 1.617,0.000,0.000,0.000,-0.327, 0.393,-1.617;
1.036,1.059,0.260,0.260,1.059, 0.308, 0.107, 1.617,0.000,0.000,0.000,-0.336, 0.392,-1.617;
1.049,1.059,0.260,0.260,1.059, 0.308, 0.107, 1.617,0.000,0.000,0.000,-0.346, 0.391,-1.617;
1.061,1.059,0.260,0.260,1.059, 0.308, 0.107, 1.617,0.000,0.000,0.000,-0.356, 0.391,-1.617;
1.073,1.059,0.260,0.260,1.059, 0.308, 0.107, 1.617,0.000,0.000,0.000,-0.365, 0.390,-1.617;
1.084,1.059,0.260,0.260,1.059, 0.308, 0.107, 1.617,0.000,0.000,0.000,-0.374, 0.388,-1.617;
1.096,1.059,0.260,0.260,1.059, 0.308, 0.107, 1.617,0.000,0.000,0.000,-0.383, 0.387,-1.617;
1.107,1.059,0.260,0.260,1.059, 0.308, 0.107, 1.617,0.000,0.000,0.000,-0.392, 0.386,-1.617;
1.118,1.059,0.260,0.260,1.059, 0.308, 0.107, 1.617,0.000,0.000,0.000,-0.400, 0.384,-1.617;
1.129,1.059,0.260,0.260,1.059, 0.308, 0.107, 1.617,0.000,0.000,0.000,-0.409, 0.383,-1.617;
1.141,1.059,0.260,0.260,1.059, 0.308, 0.107, 1.617,0.000,0.000,0.000,-0.417, 0.381,-1.617;
1.162,1.059,0.260,0.260,1.059, 0.308, 0.107, 1.617,0.000,0.000,0.000,-0.434, 0.377,-1.617;
1.174,1.059,0.260,0.260,1.059, 0.308, 0.107, 1.617,0.000,0.000,0.000,-0.443, 0.374,-1.617;
1.185,1.059,0.260,0.260,1.059, 0.308, 0.107, 1.617,0.000,0.000,0.000,-0.451, 0.372,-1.617;
1.197,1.059,0.260,0.260,1.059, 0.308, 0.107, 1.617,0.000,0.000,0.000,-0.460, 0.369,-1.617;
1.209,1.059,0.260,0.260,1.059, 0.308, 0.107, 1.617,0.000,0.000,0.000,-0.469, 0.366,-1.617;
1.221,1.059,0.260,0.260,1.059, 0.308, 0.107, 1.617,0.000,0.000,0.000,-0.478, 0.363,-1.617;
1.232,1.059,0.260,0.260,1.059, 0.308, 0.107, 1.617,0.000,0.000,0.000,-0.486, 0.360,-1.617;
1.243,1.059,0.260,0.260,1.059, 0.308, 0.107, 1.617,0.000,0.000,0.000,-0.495, 0.357,-1.617;
1.256,1.059,0.260,0.260,1.059, 0.308, 0.107, 1.617,0.000,0.000,0.000,-0.504, 0.353,-1.617;
1.269,1.059,0.260,0.260,1.059, 0.308, 0.107, 1.617,0.000,0.000,0.000,-0.513, 0.349,-1.617;
1.280,1.059,0.260,0.260,1.059, 0.308, 0.107, 1.617,0.000,0.000,0.000,-0.521, 0.345,-1.617;
1.291,1.059,0.260,0.260,1.059, 0.308, 0.107, 1.617,0.000,0.000,0.000,-0.529, 0.341,-1.617;
1.303,1.059,0.260,0.260,1.059, 0.308, 0.107, 1.617,0.000,0.000,0.000,-0.537, 0.337,-1.617;
1.314,1.059,0.260,0.260,1.059, 0.308, 0.107, 1.617,0.000,0.000,0.000,-0.545, 0.333,-1.617;
1.325,1.059,0.260,0.260,1.059, 0.308, 0.107, 1.617,0.000,0.000,0.000,-0.552, 0.329,-1.617;
1.337,1.059,0.260,0.260,1.059, 0.308, 0.107, 1.617,0.000,0.000,0.000,-0.560, 0.325,-1.617;
1.358,1.059,0.260,0.260,1.059, 0.308, 0.107, 1.617,0.000,0.000,0.000,-0.575, 0.316,-1.617;
1.370,1.059,0.260,0.260,1.059, 0.308, 0.107, 1.617,0.000,0.000,0.000,-0.583, 0.311,-1.617;
1.373,1.059,0.260,0.260,1.059, 0.308, 0.107, 1.617,0.000,0.000,0.000,-0.585, 0.309,-1.617;
1.394,1.059,0.260,0.260,1.059, 0.308, 0.107, 1.617,0.000,0.000,0.000,-0.598, 0.300,-1.617;
1.406,1.059,0.260,0.260,1.059, 0.308, 0.107, 1.617,0.000,0.000,0.000,-0.606, 0.294,-1.617;
1.418,1.059,0.260,0.260,1.059, 0.308, 0.107, 1.617,0.000,0.000,0.000,-0.613, 0.289,-1.617;
1.430,1.059,0.260,0.260,1.059, 0.308, 0.107, 1.617,0.000,0.000,0.000,-0.621, 0.283,-1.617;
1.442,1.059,0.260,0.260,1.059, 0.308, 0.107, 1.617,0.000,0.000,0.000,-0.628, 0.277,-1.617;
1.454,1.059,0.260,0.260,1.059, 0.308, 0.107, 1.617,0.000,0.000,0.000,-0.635, 0.271,-1.617;
1.465,1.059,0.260,0.260,1.059, 0.308, 0.107, 1.617,0.000,0.000,0.000,-0.642, 0.265,-1.617;
1.478,1.059,0.260,0.260,1.059, 0.308, 0.107, 1.617,0.000,0.000,0.000,-0.649, 0.259,-1.617;
1.489,1.059,0.260,0.260,1.059, 0.308, 0.107, 1.617,0.000,0.000,0.000,-0.656, 0.252,-1.617;
1.501,1.059,0.260,0.260,1.059, 0.308, 0.107, 1.617,0.000,0.000,0.000,-0.662, 0.246,-1.617;
1.512,1.059,0.260,0.260,1.059, 0.308, 0.107, 1.617,0.000,0.000,0.000,-0.668, 0.240,-1.617;
1.524,1.059,0.260,0.260,1.059, 0.308, 0.107, 1.617,0.000,0.000,0.000,-0.675, 0.233,-1.617;
1.535,1.059,0.260,0.260,1.059, 0.308, 0.107, 1.617,0.000,0.000,0.000,-0.681, 0.226,-1.617;
1.546,1.059,0.260,0.260,1.059, 0.308, 0.107, 1.617,0.000,0.000,0.000,-0.686, 0.220,-1.617;
1.557,1.059,0.260,0.260,1.059, 0.308, 0.107, 1.617,0.000,0.000,0.000,-0.692, 0.213,-1.617;
1.568,1.059,0.260,0.260,1.059, 0.308, 0.107, 1.617,0.000,0.000,0.000,-0.697, 0.207,-1.617;
1.590,1.059,0.260,0.260,1.059, 0.308, 0.107, 1.617,0.000,0.000,0.000,-0.708, 0.193,-1.617;
1.601,1.059,0.260,0.260,1.059, 0.308, 0.107, 1.617,0.000,0.000,0.000,-0.713, 0.186,-1.617;
1.613,1.059,0.260,0.260,1.059, 0.308, 0.107, 1.617,0.000,0.000,0.000,-0.719, 0.178,-1.617;
1.625,1.059,0.260,0.260,1.059, 0.308, 0.107, 1.617,0.000,0.000,0.000,-0.724, 0.171,-1.617;
1.636,1.059,0.260,0.260,1.059, 0.308, 0.107, 1.617,0.000,0.000,0.000,-0.728, 0.163,-1.617;
1.648,1.059,0.260,0.260,1.059, 0.308, 0.107, 1.617,0.000,0.000,0.000,-0.733, 0.156,-1.617;
1.659,1.059,0.260,0.260,1.059, 0.308, 0.107, 1.617,0.000,0.000,0.000,-0.738, 0.148,-1.617;
1.670,1.059,0.260,0.260,1.059, 0.308, 0.107, 1.617,0.000,0.000,0.000,-0.742, 0.141,-1.617;
1.682,1.059,0.260,0.260,1.059, 0.308, 0.107, 1.617,0.000,0.000,0.000,-0.747, 0.133,-1.617;
1.693,1.059,0.260,0.260,1.059, 0.308, 0.107, 1.617,0.000,0.000,0.000,-0.751, 0.125,-1.617;
1.704,1.059,0.260,0.260,1.059, 0.308, 0.107, 1.617,0.000,0.000,0.000,-0.755, 0.117,-1.617;
1.715,1.059,0.260,0.260,1.059, 0.308, 0.107, 1.617,0.000,0.000,0.000,-0.759, 0.110,-1.617;
1.736,1.059,0.260,0.260,1.059, 0.308, 0.107, 1.617,0.000,0.000,0.000,-0.766, 0.094,-1.617;
1.747,1.059,0.260,0.260,1.059, 0.308, 0.107, 1.617,0.000,0.000,0.000,-0.769, 0.086,-1.617;
1.759,1.059,0.260,0.260,1.059, 0.308, 0.107, 1.617,0.000,0.000,0.000,-0.773, 0.078,-1.617;
1.770,1.059,0.260,0.260,1.059, 0.308, 0.107, 1.617,0.000,0.000,0.000,-0.776, 0.069,-1.617;
1.782,1.059,0.260,0.260,1.059, 0.308, 0.107, 1.617,0.000,0.000,0.000,-0.779, 0.061,-1.617;
1.794,1.059,0.260,0.260,1.059, 0.308, 0.107, 1.617,0.000,0.000,0.000,-0.782, 0.052,-1.617;
1.805,1.059,0.260,0.260,1.059, 0.308, 0.107, 1.617,0.000,0.000,0.000,-0.785, 0.043,-1.617;
1.817,1.059,0.260,0.260,1.059, 0.308, 0.107, 1.617,0.000,0.000,0.000,-0.787, 0.035,-1.617;
1.828,1.059,0.260,0.260,1.059, 0.308, 0.107, 1.617,0.000,0.000,0.000,-0.790, 0.026,-1.617;
1.841,1.059,0.260,0.260,1.059, 0.308, 0.107, 1.617,0.000,0.000,0.000,-0.792, 0.017,-1.617;
1.852,1.059,0.260,0.260,1.059, 0.308, 0.107, 1.617,0.000,0.000,0.000,-0.795, 0.008,-1.617;
1.863,1.059,0.260,0.260,1.059, 0.308, 0.107, 1.617,0.000,0.000,0.000,-0.796,-0.000,-1.617;
1.874,1.059,0.260,0.260,1.059, 0.308, 0.107, 1.617,0.000,0.000,0.000,-0.798,-0.009,-1.617;
1.896,1.059,0.260,0.260,1.059, 0.308, 0.107, 1.617,0.000,0.000,0.000,-0.801,-0.026,-1.617;
1.899,1.059,0.260,0.260,1.059, 0.308, 0.107, 1.617,0.000,0.000,0.000,-0.802,-0.028,-1.617;
1.920,1.059,0.260,0.260,1.059, 0.308, 0.107, 1.617,0.000,0.000,0.000,-0.804,-0.044,-1.617;
1.932,1.059,0.260,0.260,1.059, 0.308, 0.107, 1.617,0.000,0.000,0.000,-0.805,-0.054,-1.617;
1.945,1.059,0.260,0.260,1.059, 0.308, 0.107, 1.617,0.000,0.000,0.000,-0.806,-0.064,-1.617;
1.957,1.059,0.260,0.260,1.059, 0.308, 0.107, 1.617,0.000,0.000,0.000,-0.807,-0.073,-1.617;
1.968,1.059,0.260,0.260,1.059, 0.308, 0.107, 1.617,0.000,0.000,0.000,-0.807,-0.082,-1.617;
1.980,1.059,0.260,0.260,1.059, 0.308, 0.107, 1.617,0.000,0.000,0.000,-0.808,-0.092,-1.617;
1.992,1.059,0.260,0.260,1.059, 0.308, 0.107, 1.617,0.000,0.000,0.000,-0.808,-0.101,-1.617;
2.003,1.059,0.260,0.260,1.059, 0.308, 0.107, 1.617,0.000,0.000,0.000,-0.808,-0.110,-1.617;
2.015,1.059,0.260,0.260,1.059, 0.308, 0.107, 1.617,0.000,0.000,0.000,-0.808,-0.119,-1.617;
2.028,1.059,0.260,0.260,1.059, 0.308, 0.107, 1.617,0.000,0.000,0.000,-0.808,-0.129,-1.617;
2.040,1.059,0.260,0.260,1.059, 0.308, 0.107, 1.617,0.000,0.000,0.000,-0.807,-0.139,-1.617;
2.052,1.059,0.260,0.260,1.059, 0.308, 0.107, 1.617,0.000,0.000,0.000,-0.806,-0.148,-1.617;
2.065,1.059,0.260,0.260,1.059, 0.308, 0.107, 1.617,0.000,0.000,0.000,-0.805,-0.158,-1.617;
2.077,1.059,0.260,0.260,1.059, 0.308, 0.107, 1.617,0.000,0.000,0.000,-0.804,-0.168,-1.617;
2.089,1.059,0.260,0.260,1.059, 0.308, 0.107, 1.617,0.000,0.000,0.000,-0.803,-0.177,-1.617;
2.101,1.059,0.260,0.260,1.059, 0.308, 0.107, 1.617,0.000,0.000,0.000,-0.802,-0.186,-1.617;
2.112,1.059,0.260,0.260,1.059, 0.308, 0.107, 1.617,0.000,0.000,0.000,-0.800,-0.195,-1.617;
2.123,1.059,0.260,0.260,1.059, 0.308, 0.107, 1.617,0.000,0.000,0.000,-0.799,-0.203,-1.617;
2.135,1.059,0.260,0.260,1.059, 0.308, 0.107, 1.617,0.000,0.000,0.000,-0.797,-0.212,-1.617;
2.146,1.059,0.260,0.260,1.059, 0.308, 0.107, 1.617,0.000,0.000,0.000,-0.795,-0.221,-1.617;
2.158,1.059,0.260,0.260,1.059, 0.308, 0.107, 1.617,0.000,0.000,0.000,-0.793,-0.230,-1.617;
2.169,1.059,0.260,0.260,1.059, 0.308, 0.107, 1.617,0.000,0.000,0.000,-0.791,-0.238,-1.617;
2.180,1.059,0.260,0.260,1.059, 0.308, 0.107, 1.617,0.000,0.000,0.000,-0.788,-0.247,-1.617;
2.202,1.059,0.260,0.260,1.059, 0.308, 0.107, 1.617,0.000,0.000,0.000,-0.783,-0.263,-1.617;
2.205,1.059,0.260,0.260,1.059, 0.308, 0.107, 1.617,0.000,0.000,0.000,-0.782,-0.266,-1.617;
2.217,1.059,0.260,0.260,1.059, 0.308, 0.107, 1.617,0.000,0.000,0.000,-0.779,-0.274,-1.617;
2.238,1.059,0.260,0.260,1.059, 0.308, 0.107, 1.617,0.000,0.000,0.000,-0.773,-0.290,-1.617;
2.250,1.059,0.260,0.260,1.059, 0.308, 0.107, 1.617,0.000,0.000,0.000,-0.770,-0.298,-1.617;
2.261,1.059,0.260,0.260,1.059, 0.308, 0.107, 1.617,0.000,0.000,0.000,-0.766,-0.307,-1.617;
2.273,1.059,0.260,0.260,1.059, 0.308, 0.107, 1.617,0.000,0.000,0.000,-0.763,-0.315,-1.617;
2.284,1.059,0.260,0.260,1.059, 0.308, 0.107, 1.617,0.000,0.000,0.000,-0.759,-0.323,-1.617;
2.296,1.059,0.260,0.260,1.059, 0.308, 0.107, 1.617,0.000,0.000,0.000,-0.755,-0.331,-1.617;
2.307,1.059,0.260,0.260,1.059, 0.308, 0.107, 1.617,0.000,0.000,0.000,-0.751,-0.339,-1.617;
2.319,1.059,0.260,0.260,1.059, 0.308, 0.107, 1.617,0.000,0.000,0.000,-0.747,-0.347,-1.617;
2.330,1.059,0.260,0.260,1.059, 0.308, 0.107, 1.617,0.000,0.000,0.000,-0.742,-0.355,-1.617;
2.341,1.059,0.260,0.260,1.059, 0.308, 0.107, 1.617,0.000,0.000,0.000,-0.738,-0.362,-1.617;
2.352,1.059,0.260,0.260,1.059, 0.308, 0.107, 1.617,0.000,0.000,0.000,-0.733,-0.370,-1.617;
2.363,1.059,0.260,0.260,1.059, 0.308, 0.107, 1.617,0.000,0.000,0.000,-0.729,-0.377,-1.617;
2.384,1.059,0.260,0.260,1.059, 0.308, 0.107, 1.617,0.000,0.000,0.000,-0.720,-0.391,-1.617;
2.396,1.059,0.260,0.260,1.059, 0.308, 0.107, 1.617,0.000,0.000,0.000,-0.714,-0.399,-1.617;
2.407,1.059,0.260,0.260,1.059, 0.308, 0.107, 1.617,0.000,0.000,0.000,-0.709,-0.406,-1.617;
2.422,1.059,0.260,0.260,1.059, 0.308, 0.107, 1.617,0.000,0.000,0.000,-0.702,-0.415,-1.617;
2.434,1.059,0.260,0.260,1.059, 0.308, 0.107, 1.617,0.000,0.000,0.000,-0.696,-0.422,-1.617;
2.445,1.059,0.260,0.260,1.059, 0.308, 0.107, 1.617,0.000,0.000,0.000,-0.691,-0.429,-1.617;
2.457,1.059,0.260,0.260,1.059, 0.308, 0.107, 1.617,0.000,0.000,0.000,-0.685,-0.436,-1.617;
2.468,1.059,0.260,0.260,1.059, 0.308, 0.107, 1.617,0.000,0.000,0.000,-0.679,-0.443,-1.617;
2.480,1.059,0.260,0.260,1.059, 0.308, 0.107, 1.617,0.000,0.000,0.000,-0.673,-0.449,-1.617;
2.491,1.059,0.260,0.260,1.059, 0.308, 0.107, 1.617,0.000,0.000,0.000,-0.666,-0.456,-1.617;
2.503,1.059,0.260,0.260,1.059, 0.308, 0.107, 1.617,0.000,0.000,0.000,-0.660,-0.462,-1.617;
2.515,1.059,0.260,0.260,1.059, 0.308, 0.107, 1.617,0.000,0.000,0.000,-0.653,-0.469,-1.617;
2.525,1.059,0.260,0.260,1.059, 0.308, 0.107, 1.617,0.000,0.000,0.000,-0.647,-0.475,-1.617;
2.537,1.059,0.260,0.260,1.059, 0.308, 0.107, 1.617,0.000,0.000,0.000,-0.640,-0.481,-1.617;
2.548,1.059,0.260,0.260,1.059, 0.308, 0.107, 1.617,0.000,0.000,0.000,-0.634,-0.487,-1.617;
2.560,1.059,0.260,0.260,1.059, 0.308, 0.107, 1.617,0.000,0.000,0.000,-0.627,-0.492,-1.617;
2.572,1.059,0.260,0.260,1.059, 0.308, 0.107, 1.617,0.000,0.000,0.000,-0.619,-0.498,-1.617;
2.584,1.059,0.260,0.260,1.059, 0.308, 0.107, 1.617,0.000,0.000,0.000,-0.612,-0.504,-1.617;
2.606,1.059,0.260,0.260,1.059, 0.308, 0.107, 1.617,0.000,0.000,0.000,-0.598,-0.514,-1.617;
2.608,1.059,0.260,0.260,1.059, 0.308, 0.107, 1.617,0.000,0.000,0.000,-0.597,-0.515,-1.617;
2.619,1.059,0.260,0.260,1.059, 0.308, 0.107, 1.617,0.000,0.000,0.000,-0.589,-0.520,-1.617;
2.641,1.059,0.260,0.260,1.059, 0.308, 0.107, 1.617,0.000,0.000,0.000,-0.575,-0.530,-1.617;
2.654,1.059,0.260,0.260,1.059, 0.308, 0.107, 1.617,0.000,0.000,0.000,-0.566,-0.535,-1.617;
2.666,1.059,0.260,0.260,1.059, 0.308, 0.107, 1.617,0.000,0.000,0.000,-0.558,-0.540,-1.617;
2.670,1.059,0.260,0.260,1.059, 0.308, 0.107, 1.617,0.000,0.000,0.000,-0.556,-0.541,-1.617;
2.681,1.059,0.260,0.260,1.059, 0.308, 0.107, 1.617,0.000,0.000,0.000,-0.548,-0.546,-1.617;
2.703,1.059,0.260,0.260,1.059, 0.308, 0.107, 1.617,0.000,0.000,0.000,-0.533,-0.554,-1.617;
2.714,1.059,0.260,0.260,1.059, 0.308, 0.107, 1.617,0.000,0.000,0.000,-0.525,-0.558,-1.617;
2.726,1.059,0.260,0.260,1.059, 0.308, 0.107, 1.617,0.000,0.000,0.000,-0.517,-0.562,-1.617;
2.738,1.059,0.260,0.260,1.059, 0.308, 0.107, 1.617,0.000,0.000,0.000,-0.508,-0.565,-1.617;
2.750,1.059,0.260,0.260,1.059, 0.308, 0.107, 1.617,0.000,0.000,0.000,-0.499,-0.569,-1.617;
2.762,1.059,0.260,0.260,1.059, 0.308, 0.107, 1.617,0.000,0.000,0.000,-0.491,-0.573,-1.617;
2.774,1.059,0.260,0.260,1.059, 0.308, 0.107, 1.617,0.000,0.000,0.000,-0.482,-0.576,-1.617;
2.786,1.059,0.260,0.260,1.059, 0.308, 0.107, 1.617,0.000,0.000,0.000,-0.473,-0.579,-1.617;
2.798,1.059,0.260,0.260,1.059, 0.308, 0.107, 1.617,0.000,0.000,0.000,-0.464,-0.582,-1.617;
2.810,1.059,0.260,0.260,1.059, 0.308, 0.107, 1.617,0.000,0.000,0.000,-0.455,-0.585,-1.617;
2.823,1.059,0.260,0.260,1.059, 0.308, 0.107, 1.617,0.000,0.000,0.000,-0.445,-0.588,-1.617;
2.834,1.059,0.260,0.260,1.059, 0.308, 0.107, 1.617,0.000,0.000,0.000,-0.437,-0.590,-1.617;
2.845,1.059,0.260,0.260,1.059, 0.308, 0.107, 1.617,0.000,0.000,0.000,-0.428,-0.592,-1.617;
2.857,1.059,0.260,0.260,1.059, 0.308, 0.107, 1.617,0.000,0.000,0.000,-0.420,-0.595,-1.617;
2.868,1.059,0.260,0.260,1.059, 0.308, 0.107, 1.617,0.000,0.000,0.000,-0.411,-0.596,-1.617;
2.879,1.059,0.260,0.260,1.059, 0.308, 0.107, 1.617,0.000,0.000,0.000,-0.402,-0.598,-1.617;
2.891,1.059,0.260,0.260,1.059, 0.308, 0.107, 1.617,0.000,0.000,0.000,-0.393,-0.600,-1.617;
2.902,1.059,0.260,0.260,1.059, 0.308, 0.107, 1.617,0.000,0.000,0.000,-0.385,-0.601,-1.617;
2.913,1.059,0.260,0.260,1.059, 0.308, 0.107, 1.617,0.000,0.000,0.000,-0.376,-0.602,-1.617;
2.935,1.059,0.260,0.260,1.059, 0.308, 0.107, 1.617,0.000,0.000,0.000,-0.359,-0.605,-1.617;
2.947,1.059,0.260,0.260,1.059, 0.308, 0.107, 1.617,0.000,0.000,0.000,-0.350,-0.605,-1.617;
2.959,1.059,0.260,0.260,1.059, 0.308, 0.107, 1.617,0.000,0.000,0.000,-0.340,-0.606,-1.617;
2.971,1.059,0.260,0.260,1.059, 0.308, 0.107, 1.617,0.000,0.000,0.000,-0.331,-0.607,-1.617;
2.983,1.059,0.260,0.260,1.059, 0.308, 0.107, 1.617,0.000,0.000,0.000,-0.322,-0.607,-1.617;
2.987,1.059,0.260,0.260,1.059, 0.308, 0.107, 1.617,0.000,0.000,0.000,-0.319,-0.607,-1.617;
3.008,1.059,0.260,0.260,1.059, 0.308, 0.107, 1.617,0.000,0.000,0.000,-0.302,-0.607,-1.617;
3.020,1.059,0.260,0.260,1.059, 0.308, 0.107, 1.617,0.000,0.000,0.000,-0.293,-0.607,-1.617;
3.032,1.059,0.260,0.260,1.059, 0.308, 0.107, 1.617,0.000,0.000,0.000,-0.283,-0.607,-1.617;
3.043,1.059,0.260,0.260,1.059, 0.308, 0.107, 1.617,0.000,0.000,0.000,-0.274,-0.606,-1.617;
3.055,1.059,0.260,0.260,1.059, 0.308, 0.107, 1.617,0.000,0.000,0.000,-0.265,-0.605,-1.617;
3.068,1.059,0.260,0.260,1.059, 0.308, 0.107, 1.617,0.000,0.000,0.000,-0.255,-0.604,-1.617;
3.080,1.059,0.260,0.260,1.059, 0.308, 0.107, 1.617,0.000,0.000,0.000,-0.245,-0.603,-1.617;
3.093,1.059,0.260,0.260,1.059, 0.308, 0.107, 1.617,0.000,0.000,0.000,-0.235,-0.602,-1.617;
3.105,1.059,0.260,0.260,1.059, 0.308, 0.107, 1.617,0.000,0.000,0.000,-0.226,-0.600,-1.617;
3.117,1.059,0.260,0.260,1.059, 0.308, 0.107, 1.617,0.000,0.000,0.000,-0.217,-0.599,-1.617;
3.128,1.059,0.260,0.260,1.059, 0.308, 0.107, 1.617,0.000,0.000,0.000,-0.208,-0.597,-1.617;
3.140,1.059,0.260,0.260,1.059, 0.308, 0.107, 1.617,0.000,0.000,0.000,-0.199,-0.595,-1.617;
3.151,1.059,0.260,0.260,1.059, 0.308, 0.107, 1.617,0.000,0.000,0.000,-0.191,-0.593,-1.617;
3.162,1.059,0.260,0.260,1.059, 0.308, 0.107, 1.617,0.000,0.000,0.000,-0.182,-0.591,-1.617;
3.173,1.059,0.260,0.260,1.059, 0.308, 0.107, 1.617,0.000,0.000,0.000,-0.174,-0.589,-1.617;
3.184,1.059,0.260,0.260,1.059, 0.308, 0.107, 1.617,0.000,0.000,0.000,-0.165,-0.586,-1.617;
3.196,1.059,0.260,0.260,1.059, 0.308, 0.107, 1.617,0.000,0.000,0.000,-0.157,-0.584,-1.617;
3.207,1.059,0.260,0.260,1.059, 0.308, 0.107, 1.617,0.000,0.000,0.000,-0.148,-0.581,-1.617;
3.229,1.059,0.260,0.260,1.059, 0.308, 0.107, 1.617,0.000,0.000,0.000,-0.132,-0.575,-1.617;
3.241,1.059,0.260,0.260,1.059, 0.308, 0.107, 1.617,0.000,0.000,0.000,-0.123,-0.572,-1.617;
3.253,1.059,0.260,0.260,1.059, 0.308, 0.107, 1.617,0.000,0.000,0.000,-0.115,-0.568,-1.617;
3.264,1.059,0.260,0.260,1.059, 0.308, 0.107, 1.617,0.000,0.000,0.000,-0.106,-0.565,-1.617;
3.277,1.059,0.260,0.260,1.059, 0.308, 0.107, 1.617,0.000,0.000,0.000,-0.097,-0.560,-1.617;
3.289,1.059,0.260,0.260,1.059, 0.308, 0.107, 1.617,0.000,0.000,0.000,-0.089,-0.556,-1.617;
3.301,1.059,0.260,0.260,1.059, 0.308, 0.107, 1.617,0.000,0.000,0.000,-0.081,-0.552,-1.617;
3.312,1.059,0.260,0.260,1.059, 0.308, 0.107, 1.617,0.000,0.000,0.000,-0.073,-0.548,-1.617;
3.324,1.059,0.260,0.260,1.059, 0.308, 0.107, 1.617,0.000,0.000,0.000,-0.065,-0.544,-1.617;
3.336,1.059,0.260,0.260,1.059, 0.308, 0.107, 1.617,0.000,0.000,0.000,-0.056,-0.539,-1.617;
3.348,1.059,0.260,0.260,1.059, 0.308, 0.107, 1.617,0.000,0.000,0.000,-0.048,-0.534,-1.617;
3.360,1.059,0.260,0.260,1.059, 0.308, 0.107, 1.617,0.000,0.000,0.000,-0.040,-0.529,-1.617;
3.372,1.059,0.260,0.260,1.059, 0.308, 0.107, 1.617,0.000,0.000,0.000,-0.032,-0.524,-1.617;
3.384,1.059,0.260,0.260,1.059, 0.308, 0.107, 1.617,0.000,0.000,0.000,-0.024,-0.519,-1.617;
3.396,1.059,0.260,0.260,1.059, 0.308, 0.107, 1.617,0.000,0.000,0.000,-0.017,-0.514,-1.617;
3.408,1.059,0.260,0.260,1.059, 0.308, 0.107, 1.617,0.000,0.000,0.000,-0.009,-0.508,-1.617;
3.419,1.059,0.260,0.260,1.059, 0.308, 0.107, 1.617,0.000,0.000,0.000,-0.002,-0.503,-1.617;
3.430,1.059,0.260,0.260,1.059, 0.308, 0.107, 1.617,0.000,0.000,0.000, 0.005,-0.497,-1.617;
3.441,1.059,0.260,0.260,1.059, 0.308, 0.107, 1.617,0.000,0.000,0.000, 0.012,-0.492,-1.617;
3.452,1.059,0.260,0.260,1.059, 0.308, 0.107, 1.617,0.000,0.000,0.000, 0.018,-0.486,-1.617;
3.464,1.059,0.260,0.260,1.059, 0.308, 0.107, 1.617,0.000,0.000,0.000, 0.025,-0.480,-1.617;
3.485,1.059,0.260,0.260,1.059, 0.308, 0.107, 1.617,0.000,0.000,0.000, 0.037,-0.469,-1.617;
3.498,1.059,0.260,0.260,1.059, 0.308, 0.107, 1.617,0.000,0.000,0.000, 0.044,-0.462,-1.617;
3.509,1.059,0.260,0.260,1.059, 0.308, 0.107, 1.617,0.000,0.000,0.000, 0.051,-0.456,-1.617;
3.521,1.059,0.260,0.260,1.059, 0.308, 0.107, 1.617,0.000,0.000,0.000, 0.057,-0.449,-1.617;
3.533,1.059,0.260,0.260,1.059, 0.308, 0.107, 1.617,0.000,0.000,0.000, 0.063,-0.442,-1.617;
3.544,1.059,0.260,0.260,1.059, 0.308, 0.107, 1.617,0.000,0.000,0.000, 0.069,-0.435,-1.617;
3.555,1.059,0.260,0.260,1.059, 0.308, 0.107, 1.617,0.000,0.000,0.000, 0.075,-0.429,-1.617;
3.567,1.059,0.260,0.260,1.059, 0.308, 0.107, 1.617,0.000,0.000,0.000, 0.081,-0.421,-1.617;
3.580,1.059,0.260,0.260,1.059, 0.308, 0.107, 1.617,0.000,0.000,0.000, 0.087,-0.414,-1.617;
3.592,1.059,0.260,0.260,1.059, 0.308, 0.107, 1.617,0.000,0.000,0.000, 0.093,-0.406,-1.617;
3.604,1.059,0.260,0.260,1.059, 0.308, 0.107, 1.617,0.000,0.000,0.000, 0.098,-0.399,-1.617;
3.616,1.059,0.260,0.260,1.059, 0.308, 0.107, 1.617,0.000,0.000,0.000, 0.104,-0.391,-1.617;
3.627,1.059,0.260,0.260,1.059, 0.308, 0.107, 1.617,0.000,0.000,0.000, 0.109,-0.383,-1.617;
3.639,1.059,0.260,0.260,1.059, 0.308, 0.107, 1.617,0.000,0.000,0.000, 0.114,-0.376,-1.617;
3.651,1.059,0.260,0.260,1.059, 0.308, 0.107, 1.617,0.000,0.000,0.000, 0.119,-0.368,-1.617;
3.662,1.059,0.260,0.260,1.059, 0.308, 0.107, 1.617,0.000,0.000,0.000, 0.123,-0.360,-1.617;
3.673,1.059,0.260,0.260,1.059, 0.308, 0.107, 1.617,0.000,0.000,0.000, 0.128,-0.353,-1.617;
3.685,1.059,0.260,0.260,1.059, 0.308, 0.107, 1.617,0.000,0.000,0.000, 0.132,-0.345,-1.617;
3.695,1.059,0.260,0.260,1.059, 0.308, 0.107, 1.617,0.000,0.000,0.000, 0.136,-0.337,-1.617;
3.717,1.059,0.260,0.260,1.059, 0.308, 0.107, 1.617,0.000,0.000,0.000, 0.143,-0.322,-1.617;
3.728,1.059,0.260,0.260,1.059, 0.308, 0.107, 1.617,0.000,0.000,0.000, 0.147,-0.314,-1.617;
3.739,1.059,0.260,0.260,1.059, 0.308, 0.107, 1.617,0.000,0.000,0.000, 0.151,-0.306,-1.617;
3.751,1.059,0.260,0.260,1.059, 0.308, 0.107, 1.617,0.000,0.000,0.000, 0.154,-0.298,-1.617;
3.762,1.059,0.260,0.260,1.059, 0.308, 0.107, 1.617,0.000,0.000,0.000, 0.158,-0.289,-1.617;
3.774,1.059,0.260,0.260,1.059, 0.308, 0.107, 1.617,0.000,0.000,0.000, 0.161,-0.281,-1.617;
3.785,1.059,0.260,0.260,1.059, 0.308, 0.107, 1.617,0.000,0.000,0.000, 0.164,-0.273,-1.617;
3.796,1.059,0.260,0.260,1.059, 0.308, 0.107, 1.617,0.000,0.000,0.000, 0.167,-0.265,-1.617;
3.807,1.059,0.260,0.260,1.059, 0.308, 0.107, 1.617,0.000,0.000,0.000, 0.169,-0.256,-1.617;
3.818,1.059,0.260,0.260,1.059, 0.308, 0.107, 1.617,0.000,0.000,0.000, 0.172,-0.248,-1.617;
3.839,1.059,0.260,0.260,1.059, 0.308, 0.107, 1.617,0.000,0.000,0.000, 0.176,-0.232,-1.617;
3.851,1.059,0.260,0.260,1.059, 0.308, 0.107, 1.617,0.000,0.000,0.000, 0.178,-0.223,-1.617;
3.863,1.059,0.260,0.260,1.059, 0.308, 0.107, 1.617,0.000,0.000,0.000, 0.180,-0.214,-1.617;
3.874,1.059,0.260,0.260,1.059, 0.308, 0.107, 1.617,0.000,0.000,0.000, 0.182,-0.205,-1.617;
3.886,1.059,0.260,0.260,1.059, 0.308, 0.107, 1.617,0.000,0.000,0.000, 0.184,-0.196,-1.617;
3.898,1.059,0.260,0.260,1.059, 0.308, 0.107, 1.617,0.000,0.000,0.000, 0.186,-0.187,-1.617;
3.910,1.059,0.260,0.260,1.059, 0.308, 0.107, 1.617,0.000,0.000,0.000, 0.187,-0.178,-1.617;
3.921,1.059,0.260,0.260,1.059, 0.308, 0.107, 1.617,0.000,0.000,0.000, 0.188,-0.169,-1.617;
3.932,1.059,0.260,0.260,1.059, 0.308, 0.107, 1.617,0.000,0.000,0.000, 0.189,-0.160,-1.617;
3.944,1.059,0.260,0.260,1.059, 0.308, 0.107, 1.617,0.000,0.000,0.000, 0.190,-0.151,-1.617;
3.955,1.059,0.260,0.260,1.059, 0.308, 0.107, 1.617,0.000,0.000,0.000, 0.191,-0.142,-1.617;
3.967,1.059,0.260,0.260,1.059, 0.308, 0.107, 1.617,0.000,0.000,0.000, 0.191,-0.133,-1.617;
3.978,1.059,0.260,0.260,1.059, 0.308, 0.107, 1.617,0.000,0.000,0.000, 0.192,-0.125,-1.617;
3.999,1.059,0.260,0.260,1.059, 0.308, 0.107, 1.617,0.000,0.000,0.000, 0.192,-0.108,-1.617;
4.010,1.059,0.260,0.260,1.059, 0.308, 0.107, 1.617,0.000,0.000,0.000, 0.192,-0.099,-1.617;
4.022,1.059,0.260,0.260,1.059, 0.308, 0.107, 1.617,0.000,0.000,0.000, 0.192,-0.090,-1.617;
4.033,1.059,0.260,0.260,1.059, 0.308, 0.107, 1.617,0.000,0.000,0.000, 0.191,-0.081,-1.617;
4.044,1.059,0.260,0.260,1.059, 0.308, 0.107, 1.617,0.000,0.000,0.000, 0.191,-0.072,-1.617;
4.056,1.059,0.260,0.260,1.059, 0.308, 0.107, 1.617,0.000,0.000,0.000, 0.190,-0.063,-1.617;
4.067,1.059,0.260,0.260,1.059, 0.308, 0.107, 1.617,0.000,0.000,0.000, 0.189,-0.054,-1.617;
4.079,1.059,0.260,0.260,1.059, 0.308, 0.107, 1.617,0.000,0.000,0.000, 0.188,-0.046,-1.617;
4.090,1.059,0.260,0.260,1.059, 0.308, 0.107, 1.617,0.000,0.000,0.000, 0.187,-0.037,-1.617;
4.102,1.059,0.260,0.260,1.059, 0.308, 0.107, 1.617,0.000,0.000,0.000, 0.186,-0.028,-1.617;
4.113,1.059,0.260,0.260,1.059, 0.308, 0.107, 1.617,0.000,0.000,0.000, 0.184,-0.019,-1.617;
4.124,1.059,0.260,0.260,1.059, 0.308, 0.107, 1.617,0.000,0.000,0.000, 0.183,-0.011,-1.617;
4.145,1.059,0.260,0.260,1.059, 0.308, 0.107, 1.617,0.000,0.000,0.000, 0.179, 0.006,-1.617;
4.157,1.059,0.260,0.260,1.059, 0.308, 0.107, 1.617,0.000,0.000,0.000, 0.177, 0.015,-1.617;
4.169,1.059,0.260,0.260,1.059, 0.308, 0.107, 1.617,0.000,0.000,0.000, 0.174, 0.024,-1.617;
4.180,1.059,0.260,0.260,1.059, 0.308, 0.107, 1.617,0.000,0.000,0.000, 0.172, 0.033,-1.617;
4.192,1.059,0.260,0.260,1.059, 0.308, 0.107, 1.617,0.000,0.000,0.000, 0.169, 0.041,-1.617;
4.204,1.059,0.260,0.260,1.059, 0.308, 0.107, 1.617,0.000,0.000,0.000, 0.167, 0.050,-1.617;
4.216,1.059,0.260,0.260,1.059, 0.308, 0.107, 1.617,0.000,0.000,0.000, 0.163, 0.059,-1.617;
4.228,1.059,0.260,0.260,1.059, 0.308, 0.107, 1.617,0.000,0.000,0.000, 0.160, 0.068,-1.617;
4.240,1.059,0.260,0.260,1.059, 0.308, 0.107, 1.617,0.000,0.000,0.000, 0.157, 0.077,-1.617;
4.252,1.059,0.260,0.260,1.059, 0.308, 0.107, 1.617,0.000,0.000,0.000, 0.153, 0.085,-1.617;
4.264,1.059,0.260,0.260,1.059, 0.308, 0.107, 1.617,0.000,0.000,0.000, 0.150, 0.094,-1.617;
4.277,1.059,0.260,0.260,1.059, 0.308, 0.107, 1.617,0.000,0.000,0.000, 0.145, 0.104,-1.617;
4.289,1.059,0.260,0.260,1.059, 0.308, 0.107, 1.617,0.000,0.000,0.000, 0.141, 0.112,-1.617;
4.300,1.059,0.260,0.260,1.059, 0.308, 0.107, 1.617,0.000,0.000,0.000, 0.138, 0.120,-1.617;
4.311,1.059,0.260,0.260,1.059, 0.308, 0.107, 1.617,0.000,0.000,0.000, 0.133, 0.128,-1.617;
4.323,1.059,0.260,0.260,1.059, 0.308, 0.107, 1.617,0.000,0.000,0.000, 0.129, 0.136,-1.617;
4.334,1.059,0.260,0.260,1.059, 0.308, 0.107, 1.617,0.000,0.000,0.000, 0.125, 0.143,-1.617;
4.345,1.059,0.260,0.260,1.059, 0.308, 0.107, 1.617,0.000,0.000,0.000, 0.120, 0.151,-1.617;
4.357,1.059,0.260,0.260,1.059, 0.308, 0.107, 1.617,0.000,0.000,0.000, 0.116, 0.159,-1.617;
4.368,1.059,0.260,0.260,1.059, 0.308, 0.107, 1.617,0.000,0.000,0.000, 0.111, 0.166,-1.617;
4.390,1.059,0.260,0.260,1.059, 0.308, 0.107, 1.617,0.000,0.000,0.000, 0.101, 0.180,-1.617;
4.394,1.059,0.260,0.260,1.059, 0.308, 0.107, 1.617,0.000,0.000,0.000, 0.099, 0.183,-1.617;
4.414,1.059,0.260,0.260,1.059, 0.308, 0.107, 1.617,0.000,0.000,0.000, 0.090, 0.196,-1.617;
4.426,1.059,0.260,0.260,1.059, 0.308, 0.107, 1.617,0.000,0.000,0.000, 0.084, 0.203,-1.617;
4.438,1.059,0.260,0.260,1.059, 0.308, 0.107, 1.617,0.000,0.000,0.000, 0.078, 0.210,-1.617;
4.450,1.059,0.260,0.260,1.059, 0.308, 0.107, 1.617,0.000,0.000,0.000, 0.072, 0.218,-1.617;
4.462,1.059,0.260,0.260,1.059, 0.308, 0.107, 1.617,0.000,0.000,0.000, 0.066, 0.225,-1.617;
4.474,1.059,0.260,0.260,1.059, 0.308, 0.107, 1.617,0.000,0.000,0.000, 0.060, 0.231,-1.617;
4.485,1.059,0.260,0.260,1.059, 0.308, 0.107, 1.617,0.000,0.000,0.000, 0.054, 0.238,-1.617;
4.498,1.059,0.260,0.260,1.059, 0.308, 0.107, 1.617,0.000,0.000,0.000, 0.047, 0.245,-1.617;
4.510,1.059,0.260,0.260,1.059, 0.308, 0.107, 1.617,0.000,0.000,0.000, 0.040, 0.252,-1.617;
4.522,1.059,0.260,0.260,1.059, 0.308, 0.107, 1.617,0.000,0.000,0.000, 0.033, 0.259,-1.617;
4.534,1.059,0.260,0.260,1.059, 0.308, 0.107, 1.617,0.000,0.000,0.000, 0.026, 0.265,-1.617;
4.545,1.059,0.260,0.260,1.059, 0.308, 0.107, 1.617,0.000,0.000,0.000, 0.020, 0.271,-1.617;
4.557,1.059,0.260,0.260,1.059, 0.308, 0.107, 1.617,0.000,0.000,0.000, 0.013, 0.276,-1.617;
4.568,1.059,0.260,0.260,1.059, 0.308, 0.107, 1.617,0.000,0.000,0.000, 0.006, 0.282,-1.617;
4.580,1.059,0.260,0.260,1.059, 0.308, 0.107, 1.617,0.000,0.000,0.000,-0.001, 0.288,-1.617;
4.591,1.059,0.260,0.260,1.059, 0.308, 0.107, 1.617,0.000,0.000,0.000,-0.008, 0.293,-1.617;
4.602,1.059,0.260,0.260,1.059, 0.308, 0.107, 1.617,0.000,0.000,0.000,-0.015, 0.298,-1.617;
4.613,1.059,0.260,0.260,1.059, 0.308, 0.107, 1.617,0.000,0.000,0.000,-0.023, 0.303,-1.617;
4.634,1.059,0.260,0.260,1.059, 0.308, 0.107, 1.617,0.000,0.000,0.000,-0.036, 0.313,-1.617;
4.647,1.059,0.260,0.260,1.059, 0.308, 0.107, 1.617,0.000,0.000,0.000,-0.045, 0.318,-1.617;
4.659,1.059,0.260,0.260,1.059, 0.308, 0.107, 1.617,0.000,0.000,0.000,-0.053, 0.323,-1.617;
4.671,1.059,0.260,0.260,1.059, 0.308, 0.107, 1.617,0.000,0.000,0.000,-0.061, 0.327,-1.617;
4.682,1.059,0.260,0.260,1.059, 0.308, 0.107, 1.617,0.000,0.000,0.000,-0.069, 0.332,-1.617;
4.694,1.059,0.260,0.260,1.059, 0.308, 0.107, 1.617,0.000,0.000,0.000,-0.077, 0.336,-1.617;
4.706,1.059,0.260,0.260,1.059, 0.308, 0.107, 1.617,0.000,0.000,0.000,-0.085, 0.341,-1.617;
4.719,1.059,0.260,0.260,1.059, 0.308, 0.107, 1.617,0.000,0.000,0.000,-0.094, 0.345,-1.617;
4.731,1.059,0.260,0.260,1.059, 0.308, 0.107, 1.617,0.000,0.000,0.000,-0.103, 0.349,-1.617;
4.743,1.059,0.260,0.260,1.059, 0.308, 0.107, 1.617,0.000,0.000,0.000,-0.111, 0.353,-1.617;
4.754,1.059,0.260,0.260,1.059, 0.308, 0.107, 1.617,0.000,0.000,0.000,-0.120, 0.356,-1.617;
4.765,1.059,0.260,0.260,1.059, 0.308, 0.107, 1.617,0.000,0.000,0.000,-0.128, 0.359,-1.617;
4.777,1.059,0.260,0.260,1.059, 0.308, 0.107, 1.617,0.000,0.000,0.000,-0.136, 0.362,-1.617;
4.788,1.059,0.260,0.260,1.059, 0.308, 0.107, 1.617,0.000,0.000,0.000,-0.144, 0.365,-1.617;
4.799,1.059,0.260,0.260,1.059, 0.308, 0.107, 1.617,0.000,0.000,0.000,-0.153, 0.368,-1.617;
4.810,1.059,0.260,0.260,1.059, 0.308, 0.107, 1.617,0.000,0.000,0.000,-0.161, 0.371,-1.617;
4.821,1.059,0.260,0.260,1.059, 0.308, 0.107, 1.617,0.000,0.000,0.000,-0.169, 0.373,-1.617;
4.833,1.059,0.260,0.260,1.059, 0.308, 0.107, 1.617,0.000,0.000,0.000,-0.178, 0.376,-1.617;
4.854,1.059,0.260,0.260,1.059, 0.308, 0.107, 1.617,0.000,0.000,0.000,-0.194, 0.380,-1.617;
4.866,1.059,0.260,0.260,1.059, 0.308, 0.107, 1.617,0.000,0.000,0.000,-0.204, 0.382,-1.617;
4.877,1.059,0.260,0.260,1.059, 0.308, 0.107, 1.617,0.000,0.000,0.000,-0.212, 0.384,-1.617;
4.889,1.059,0.260,0.260,1.059, 0.308, 0.107, 1.617,0.000,0.000,0.000,-0.221, 0.385,-1.617;
4.902,1.059,0.260,0.260,1.059, 0.308, 0.107, 1.617,0.000,0.000,0.000,-0.231, 0.387,-1.617;
4.913,1.059,0.260,0.260,1.059, 0.308, 0.107, 1.617,0.000,0.000,0.000,-0.240, 0.388,-1.617;
4.925,1.059,0.260,0.260,1.059, 0.308, 0.107, 1.617,0.000,0.000,0.000,-0.249, 0.389,-1.617;
4.938,1.059,0.260,0.260,1.059, 0.308, 0.107, 1.617,0.000,0.000,0.000,-0.260, 0.391,-1.617;
4.951,1.059,0.260,0.260,1.059, 0.308, 0.107, 1.617,0.000,0.000,0.000,-0.269, 0.391,-1.617;
4.962,1.059,0.260,0.260,1.059, 0.308, 0.107, 1.617,0.000,0.000,0.000,-0.278, 0.392,-1.617;
4.973,1.059,0.260,0.260,1.059, 0.308, 0.107, 1.617,0.000,0.000,0.000,-0.287, 0.392,-1.617;
4.985,1.059,0.260,0.260,1.059, 0.308, 0.107, 1.617,0.000,0.000,0.000,-0.296, 0.393,-1.617;
4.996,1.059,0.260,0.260,1.059, 0.308, 0.107, 1.617,0.000,0.000,0.000,-0.305, 0.393,-1.617;
5.007,1.059,0.260,0.260,1.059, 0.308, 0.107, 1.617,0.000,0.000,0.000,-0.314, 0.393,-1.617;
5.019,1.059,0.260,0.260,1.059, 0.308, 0.107, 1.617,0.000,0.000,0.000,-0.323, 0.393,-1.617;
5.030,1.059,0.260,0.260,1.059, 0.308, 0.107, 1.617,0.000,0.000,0.000,-0.332, 0.392,-1.617;
5.041,1.059,0.260,0.260,1.059, 0.308, 0.107, 1.617,0.000,0.000,0.000,-0.340, 0.392,-1.617;
5.063,1.059,0.260,0.260,1.059, 0.308, 0.107, 1.617,0.000,0.000,0.000,-0.357, 0.390,-1.617;
5.075,1.059,0.260,0.260,1.059, 0.308, 0.107, 1.617,0.000,0.000,0.000,-0.367, 0.389,-1.617;
5.087,1.059,0.260,0.260,1.059, 0.308, 0.107, 1.617,0.000,0.000,0.000,-0.376, 0.388,-1.617;
5.099,1.059,0.260,0.260,1.059, 0.308, 0.107, 1.617,0.000,0.000,0.000,-0.386, 0.387,-1.617;
5.110,1.059,0.260,0.260,1.059, 0.308, 0.107, 1.617,0.000,0.000,0.000,-0.394, 0.385,-1.617;
5.122,1.059,0.260,0.260,1.059, 0.308, 0.107, 1.617,0.000,0.000,0.000,-0.404, 0.384,-1.617;
5.134,1.059,0.260,0.260,1.059, 0.308, 0.107, 1.617,0.000,0.000,0.000,-0.412, 0.382,-1.617;
5.146,1.059,0.260,0.260,1.059, 0.308, 0.107, 1.617,0.000,0.000,0.000,-0.422, 0.380,-1.617;
5.157,1.059,0.260,0.260,1.059, 0.308, 0.107, 1.617,0.000,0.000,0.000,-0.430, 0.378,-1.617;
5.170,1.059,0.260,0.260,1.059, 0.308, 0.107, 1.617,0.000,0.000,0.000,-0.440, 0.375,-1.617;
5.182,1.059,0.260,0.260,1.059, 0.308, 0.107, 1.617,0.000,0.000,0.000,-0.449, 0.373,-1.617;
5.194,1.059,0.260,0.260,1.059, 0.308, 0.107, 1.617,0.000,0.000,0.000,-0.458, 0.370,-1.617;
5.206,1.059,0.260,0.260,1.059, 0.308, 0.107, 1.617,0.000,0.000,0.000,-0.467, 0.367,-1.617;
5.219,1.059,0.260,0.260,1.059, 0.308, 0.107, 1.617,0.000,0.000,0.000,-0.476, 0.364,-1.617;
5.230,1.059,0.260,0.260,1.059, 0.308, 0.107, 1.617,0.000,0.000,0.000,-0.485, 0.360,-1.617;
5.241,1.059,0.260,0.260,1.059, 0.308, 0.107, 1.617,0.000,0.000,0.000,-0.493, 0.357,-1.617;
5.253,1.059,0.260,0.260,1.059, 0.308, 0.107, 1.617,0.000,0.000,0.000,-0.502, 0.354,-1.617;
5.264,1.059,0.260,0.260,1.059, 0.308, 0.107, 1.617,0.000,0.000,0.000,-0.510, 0.350,-1.617;
5.275,1.059,0.260,0.260,1.059, 0.308, 0.107, 1.617,0.000,0.000,0.000,-0.517, 0.347,-1.617;
5.287,1.059,0.260,0.260,1.059, 0.308, 0.107, 1.617,0.000,0.000,0.000,-0.526, 0.343,-1.617;
5.298,1.059,0.260,0.260,1.059, 0.308, 0.107, 1.617,0.000,0.000,0.000,-0.534, 0.339,-1.617;
5.320,1.059,0.260,0.260,1.059, 0.308, 0.107, 1.617,0.000,0.000,0.000,-0.549, 0.331,-1.617;
5.332,1.059,0.260,0.260,1.059, 0.308, 0.107, 1.617,0.000,0.000,0.000,-0.557, 0.326,-1.617;
5.343,1.059,0.260,0.260,1.059, 0.308, 0.107, 1.617,0.000,0.000,0.000,-0.565, 0.322,-1.617;
5.355,1.059,0.260,0.260,1.059, 0.308, 0.107, 1.617,0.000,0.000,0.000,-0.573, 0.317,-1.617;
5.367,1.059,0.260,0.260,1.059, 0.308, 0.107, 1.617,0.000,0.000,0.000,-0.581, 0.312,-1.617;
5.379,1.059,0.260,0.260,1.059, 0.308, 0.107, 1.617,0.000,0.000,0.000,-0.588, 0.307,-1.617;
5.391,1.059,0.260,0.260,1.059, 0.308, 0.107, 1.617,0.000,0.000,0.000,-0.596, 0.301,-1.617;
5.403,1.059,0.260,0.260,1.059, 0.308, 0.107, 1.617,0.000,0.000,0.000,-0.604, 0.296,-1.617;
5.417,1.059,0.260,0.260,1.059, 0.308, 0.107, 1.617,0.000,0.000,0.000,-0.613, 0.289,-1.617;
5.429,1.059,0.260,0.260,1.059, 0.308, 0.107, 1.617,0.000,0.000,0.000,-0.620, 0.284,-1.617;
5.441,1.059,0.260,0.260,1.059, 0.308, 0.107, 1.617,0.000,0.000,0.000,-0.627, 0.278,-1.617;
5.453,1.059,0.260,0.260,1.059, 0.308, 0.107, 1.617,0.000,0.000,0.000,-0.634, 0.272,-1.617;
5.464,1.059,0.260,0.260,1.059, 0.308, 0.107, 1.617,0.000,0.000,0.000,-0.641, 0.266,-1.617;
5.476,1.059,0.260,0.260,1.059, 0.308, 0.107, 1.617,0.000,0.000,0.000,-0.648, 0.259,-1.617;
5.489,1.059,0.260,0.260,1.059, 0.308, 0.107, 1.617,0.000,0.000,0.000,-0.656, 0.252,-1.617;
5.501,1.059,0.260,0.260,1.059, 0.308, 0.107, 1.617,0.000,0.000,0.000,-0.662, 0.246,-1.617;
5.513,1.059,0.260,0.260,1.059, 0.308, 0.107, 1.617,0.000,0.000,0.000,-0.669, 0.239,-1.617;
5.525,1.059,0.260,0.260,1.059, 0.308, 0.107, 1.617,0.000,0.000,0.000,-0.675, 0.232,-1.617;
5.537,1.059,0.260,0.260,1.059, 0.308, 0.107, 1.617,0.000,0.000,0.000,-0.681, 0.225,-1.617;
5.548,1.059,0.260,0.260,1.059, 0.308, 0.107, 1.617,0.000,0.000,0.000,-0.687, 0.219,-1.617;
5.560,1.059,0.260,0.260,1.059, 0.308, 0.107, 1.617,0.000,0.000,0.000,-0.693, 0.211,-1.617;
5.573,1.059,0.260,0.260,1.059, 0.308, 0.107, 1.617,0.000,0.000,0.000,-0.699, 0.204,-1.617;
5.585,1.059,0.260,0.260,1.059, 0.308, 0.107, 1.617,0.000,0.000,0.000,-0.706, 0.196,-1.617;
5.597,1.059,0.260,0.260,1.059, 0.308, 0.107, 1.617,0.000,0.000,0.000,-0.711, 0.189,-1.617;
5.608,1.059,0.260,0.260,1.059, 0.308, 0.107, 1.617,0.000,0.000,0.000,-0.716, 0.181,-1.617;
5.620,1.059,0.260,0.260,1.059, 0.308, 0.107, 1.617,0.000,0.000,0.000,-0.722, 0.174,-1.617;
5.631,1.059,0.260,0.260,1.059, 0.308, 0.107, 1.617,0.000,0.000,0.000,-0.727, 0.166,-1.617;
5.643,1.059,0.260,0.260,1.059, 0.308, 0.107, 1.617,0.000,0.000,0.000,-0.731, 0.159,-1.617;
5.654,1.059,0.260,0.260,1.059, 0.308, 0.107, 1.617,0.000,0.000,0.000,-0.736, 0.151,-1.617;
5.666,1.059,0.260,0.260,1.059, 0.308, 0.107, 1.617,0.000,0.000,0.000,-0.741, 0.143,-1.617;
5.677,1.059,0.260,0.260,1.059, 0.308, 0.107, 1.617,0.000,0.000,0.000,-0.745, 0.136,-1.617;
5.699,1.059,0.260,0.260,1.059, 0.308, 0.107, 1.617,0.000,0.000,0.000,-0.753, 0.121,-1.617;
5.704,1.059,0.260,0.260,1.059, 0.308, 0.107, 1.617,0.000,0.000,0.000,-0.755, 0.117,-1.617;
5.714,1.059,0.260,0.260,1.059, 0.308, 0.107, 1.617,0.000,0.000,0.000,-0.758, 0.110,-1.617;
5.735,1.059,0.260,0.260,1.059, 0.308, 0.107, 1.617,0.000,0.000,0.000,-0.765, 0.095,-1.617;
5.741,1.059,0.260,0.260,1.059, 0.308, 0.107, 1.617,0.000,0.000,0.000,-0.767, 0.091,-1.617;
5.750,1.059,0.260,0.260,1.059, 0.308, 0.107, 1.617,0.000,0.000,0.000,-0.770, 0.084,-1.617;
5.772,1.059,0.260,0.260,1.059, 0.308, 0.107, 1.617,0.000,0.000,0.000,-0.776, 0.068,-1.617;
5.784,1.059,0.260,0.260,1.059, 0.308, 0.107, 1.617,0.000,0.000,0.000,-0.780, 0.059,-1.617;
5.788,1.059,0.260,0.260,1.059, 0.308, 0.107, 1.617,0.000,0.000,0.000,-0.781, 0.056,-1.617;
5.808,1.059,0.260,0.260,1.059, 0.308, 0.107, 1.617,0.000,0.000,0.000,-0.785, 0.041,-1.617;
5.820,1.059,0.260,0.260,1.059, 0.308, 0.107, 1.617,0.000,0.000,0.000,-0.788, 0.032,-1.617;
5.832,1.059,0.260,0.260,1.059, 0.308, 0.107, 1.617,0.000,0.000,0.000,-0.791, 0.024,-1.617;
5.843,1.059,0.260,0.260,1.059, 0.308, 0.107, 1.617,0.000,0.000,0.000,-0.793, 0.015,-1.617;
5.855,1.059,0.260,0.260,1.059, 0.308, 0.107, 1.617,0.000,0.000,0.000,-0.795, 0.006,-1.617;
5.867,1.059,0.260,0.260,1.059, 0.308, 0.107, 1.617,0.000,0.000,0.000,-0.797,-0.003,-1.617;
5.877,1.059,0.260,0.260,1.059, 0.308, 0.107, 1.617,0.000,0.000,0.000,-0.799,-0.011,-1.617;
5.889,1.059,0.260,0.260,1.059, 0.308, 0.107, 1.617,0.000,0.000,0.000,-0.800,-0.020,-1.617;
5.900,1.059,0.260,0.260,1.059, 0.308, 0.107, 1.617,0.000,0.000,0.000,-0.802,-0.029,-1.617;
5.911,1.059,0.260,0.260,1.059, 0.308, 0.107, 1.617,0.000,0.000,0.000,-0.803,-0.038,-1.617;
5.923,1.059,0.260,0.260,1.059, 0.308, 0.107, 1.617,0.000,0.000,0.000,-0.804,-0.047,-1.617;
5.935,1.059,0.260,0.260,1.059, 0.308, 0.107, 1.617,0.000,0.000,0.000,-0.805,-0.056,-1.617;
5.946,1.059,0.260,0.260,1.059, 0.308, 0.107, 1.617,0.000,0.000,0.000,-0.806,-0.065,-1.617;
5.958,1.059,0.260,0.260,1.059, 0.308, 0.107, 1.617,0.000,0.000,0.000,-0.807,-0.074,-1.617;
5.980,1.059,0.260,0.260,1.059, 0.308, 0.107, 1.617,0.000,0.000,0.000,-0.808,-0.092,-1.617;
5.992,1.059,0.260,0.260,1.059, 0.308, 0.107, 1.617,0.000,0.000,0.000,-0.808,-0.101,-1.617;
6.004,1.059,0.260,0.260,1.059, 0.308, 0.107, 1.617,0.000,0.000,0.000,-0.808,-0.110,-1.617;
6.016,1.059,0.260,0.260,1.059, 0.308, 0.107, 1.617,0.000,0.000,0.000,-0.808,-0.120,-1.617;
6.021,1.059,0.260,0.260,1.059, 0.308, 0.107, 1.617,0.000,0.000,0.000,-0.808,-0.124,-1.617;
6.031,1.059,0.260,0.260,1.059, 0.308, 0.107, 1.617,0.000,0.000,0.000,-0.807,-0.132,-1.617;
6.054,1.059,0.260,0.260,1.059, 0.308, 0.107, 1.617,0.000,0.000,0.000,-0.806,-0.149,-1.617;
6.058,1.059,0.260,0.260,1.059, 0.308, 0.107, 1.617,0.000,0.000,0.000,-0.806,-0.152,-1.617;
6.077,1.059,0.260,0.260,1.059, 0.308, 0.107, 1.617,0.000,0.000,0.000,-0.804,-0.168,-1.617;
6.089,1.059,0.260,0.260,1.059, 0.308, 0.107, 1.617,0.000,0.000,0.000,-0.803,-0.177,-1.617;
6.100,1.059,0.260,0.260,1.059, 0.308, 0.107, 1.617,0.000,0.000,0.000,-0.802,-0.186,-1.617;
6.113,1.059,0.260,0.260,1.059, 0.308, 0.107, 1.617,0.000,0.000,0.000,-0.800,-0.195,-1.617;
6.125,1.059,0.260,0.260,1.059, 0.308, 0.107, 1.617,0.000,0.000,0.000,-0.798,-0.204,-1.617;
6.136,1.059,0.260,0.260,1.059, 0.308, 0.107, 1.617,0.000,0.000,0.000,-0.797,-0.213,-1.617;
6.148,1.059,0.260,0.260,1.059, 0.308, 0.107, 1.617,0.000,0.000,0.000,-0.795,-0.222,-1.617;
6.160,1.059,0.260,0.260,1.059, 0.308, 0.107, 1.617,0.000,0.000,0.000,-0.792,-0.231,-1.617;
6.172,1.059,0.260,0.260,1.059, 0.308, 0.107, 1.617,0.000,0.000,0.000,-0.790,-0.241,-1.617;
6.184,1.059,0.260,0.260,1.059, 0.308, 0.107, 1.617,0.000,0.000,0.000,-0.787,-0.250,-1.617;
6.196,1.059,0.260,0.260,1.059, 0.308, 0.107, 1.617,0.000,0.000,0.000,-0.784,-0.259,-1.617;
6.208,1.059,0.260,0.260,1.059, 0.308, 0.107, 1.617,0.000,0.000,0.000,-0.782,-0.267,-1.617;
6.219,1.059,0.260,0.260,1.059, 0.308, 0.107, 1.617,0.000,0.000,0.000,-0.779,-0.276,-1.617;
6.231,1.059,0.260,0.260,1.059, 0.308, 0.107, 1.617,0.000,0.000,0.000,-0.776,-0.284,-1.617;
6.242,1.059,0.260,0.260,1.059, 0.308, 0.107, 1.617,0.000,0.000,0.000,-0.772,-0.292,-1.617;
6.253,1.059,0.260,0.260,1.059, 0.308, 0.107, 1.617,0.000,0.000,0.000,-0.769,-0.301,-1.617;
6.264,1.059,0.260,0.260,1.059, 0.308, 0.107, 1.617,0.000,0.000,0.000,-0.766,-0.309,-1.617;
6.276,1.059,0.260,0.260,1.059, 0.308, 0.107, 1.617,0.000,0.000,0.000,-0.762,-0.317,-1.617;
6.297,1.059,0.260,0.260,1.059, 0.308, 0.107, 1.617,0.000,0.000,0.000,-0.755,-0.332,-1.617;
6.310,1.059,0.260,0.260,1.059, 0.308, 0.107, 1.617,0.000,0.000,0.000,-0.750,-0.341,-1.617;
6.322,1.059,0.260,0.260,1.059, 0.308, 0.107, 1.617,0.000,0.000,0.000,-0.745,-0.349,-1.617;
6.334,1.059,0.260,0.260,1.059, 0.308, 0.107, 1.617,0.000,0.000,0.000,-0.741,-0.357,-1.617;
6.346,1.059,0.260,0.260,1.059, 0.308, 0.107, 1.617,0.000,0.000,0.000,-0.736,-0.365,-1.617;
6.358,1.059,0.260,0.260,1.059, 0.308, 0.107, 1.617,0.000,0.000,0.000,-0.731,-0.374,-1.617;
6.370,1.059,0.260,0.260,1.059, 0.308, 0.107, 1.617,0.000,0.000,0.000,-0.726,-0.382,-1.617;
6.383,1.059,0.260,0.260,1.059, 0.308, 0.107, 1.617,0.000,0.000,0.000,-0.720,-0.390,-1.617;
6.394,1.059,0.260,0.260,1.059, 0.308, 0.107, 1.617,0.000,0.000,0.000,-0.716,-0.397,-1.617;
6.406,1.059,0.260,0.260,1.059, 0.308, 0.107, 1.617,0.000,0.000,0.000,-0.710,-0.405,-1.617;
6.418,1.059,0.260,0.260,1.059, 0.308, 0.107, 1.617,0.000,0.000,0.000,-0.704,-0.412,-1.617;
6.429,1.059,0.260,0.260,1.059, 0.308, 0.107, 1.617,0.000,0.000,0.000,-0.699,-0.419,-1.617;
6.440,1.059,0.260,0.260,1.059, 0.308, 0.107, 1.617,0.000,0.000,0.000,-0.693,-0.426,-1.617;
6.451,1.059,0.260,0.260,1.059, 0.308, 0.107, 1.617,0.000,0.000,0.000,-0.688,-0.433,-1.617;
6.463,1.059,0.260,0.260,1.059, 0.308, 0.107, 1.617,0.000,0.000,0.000,-0.681,-0.440,-1.617;
6.474,1.059,0.260,0.260,1.059, 0.308, 0.107, 1.617,0.000,0.000,0.000,-0.675,-0.446,-1.617;
6.485,1.059,0.260,0.260,1.059, 0.308, 0.107, 1.617,0.000,0.000,0.000,-0.670,-0.453,-1.617;
6.496,1.059,0.260,0.260,1.059, 0.308, 0.107, 1.617,0.000,0.000,0.000,-0.664,-0.459,-1.617;
6.518,1.059,0.260,0.260,1.059, 0.308, 0.107, 1.617,0.000,0.000,0.000,-0.652,-0.470,-1.617;
6.529,1.059,0.260,0.260,1.059, 0.308, 0.107, 1.617,0.000,0.000,0.000,-0.645,-0.477,-1.617;
6.541,1.059,0.260,0.260,1.059, 0.308, 0.107, 1.617,0.000,0.000,0.000,-0.638,-0.483,-1.617;
6.552,1.059,0.260,0.260,1.059, 0.308, 0.107, 1.617,0.000,0.000,0.000,-0.631,-0.489,-1.617;
6.564,1.059,0.260,0.260,1.059, 0.308, 0.107, 1.617,0.000,0.000,0.000,-0.625,-0.494,-1.617;
6.575,1.059,0.260,0.260,1.059, 0.308, 0.107, 1.617,0.000,0.000,0.000,-0.618,-0.500,-1.617;
6.586,1.059,0.260,0.260,1.059, 0.308, 0.107, 1.617,0.000,0.000,0.000,-0.610,-0.505,-1.617;
6.597,1.059,0.260,0.260,1.059, 0.308, 0.107, 1.617,0.000,0.000,0.000,-0.604,-0.510,-1.617;
6.608,1.059,0.260,0.260,1.059, 0.308, 0.107, 1.617,0.000,0.000,0.000,-0.597,-0.515,-1.617;
6.621,1.059,0.260,0.260,1.059, 0.308, 0.107, 1.617,0.000,0.000,0.000,-0.588,-0.521,-1.617;
6.632,1.059,0.260,0.260,1.059, 0.308, 0.107, 1.617,0.000,0.000,0.000,-0.581,-0.526,-1.617;
6.644,1.059,0.260,0.260,1.059, 0.308, 0.107, 1.617,0.000,0.000,0.000,-0.574,-0.531,-1.617;
6.655,1.059,0.260,0.260,1.059, 0.308, 0.107, 1.617,0.000,0.000,0.000,-0.566,-0.535,-1.617;
6.677,1.059,0.260,0.260,1.059, 0.308, 0.107, 1.617,0.000,0.000,0.000,-0.551,-0.544,-1.617;
6.688,1.059,0.260,0.260,1.059, 0.308, 0.107, 1.617,0.000,0.000,0.000,-0.543,-0.548,-1.617;
6.702,1.059,0.260,0.260,1.059, 0.308, 0.107, 1.617,0.000,0.000,0.000,-0.534,-0.553,-1.617;
6.713,1.059,0.260,0.260,1.059, 0.308, 0.107, 1.617,0.000,0.000,0.000,-0.526,-0.557,-1.617;
6.725,1.059,0.260,0.260,1.059, 0.308, 0.107, 1.617,0.000,0.000,0.000,-0.517,-0.561,-1.617;
6.737,1.059,0.260,0.260,1.059, 0.308, 0.107, 1.617,0.000,0.000,0.000,-0.509,-0.565,-1.617;
6.749,1.059,0.260,0.260,1.059, 0.308, 0.107, 1.617,0.000,0.000,0.000,-0.500,-0.569,-1.617;
6.761,1.059,0.260,0.260,1.059, 0.308, 0.107, 1.617,0.000,0.000,0.000,-0.491,-0.572,-1.617;
6.773,1.059,0.260,0.260,1.059, 0.308, 0.107, 1.617,0.000,0.000,0.000,-0.482,-0.576,-1.617;
6.785,1.059,0.260,0.260,1.059, 0.308, 0.107, 1.617,0.000,0.000,0.000,-0.473,-0.579,-1.617;
6.797,1.059,0.260,0.260,1.059, 0.308, 0.107, 1.617,0.000,0.000,0.000,-0.464,-0.582,-1.617;
6.809,1.059,0.260,0.260,1.059, 0.308, 0.107, 1.617,0.000,0.000,0.000,-0.456,-0.585,-1.617;
6.820,1.059,0.260,0.260,1.059, 0.308, 0.107, 1.617,0.000,0.000,0.000,-0.447,-0.587,-1.617;
6.832,1.059,0.260,0.260,1.059, 0.308, 0.107, 1.617,0.000,0.000,0.000,-0.438,-0.590,-1.617;
6.844,1.059,0.260,0.260,1.059, 0.308, 0.107, 1.617,0.000,0.000,0.000,-0.429,-0.592,-1.617;
6.856,1.059,0.260,0.260,1.059, 0.308, 0.107, 1.617,0.000,0.000,0.000,-0.420,-0.594,-1.617;
6.867,1.059,0.260,0.260,1.059, 0.308, 0.107, 1.617,0.000,0.000,0.000,-0.412,-0.596,-1.617;
6.879,1.059,0.260,0.260,1.059, 0.308, 0.107, 1.617,0.000,0.000,0.000,-0.403,-0.598,-1.617;
6.890,1.059,0.260,0.260,1.059, 0.308, 0.107, 1.617,0.000,0.000,0.000,-0.394,-0.600,-1.617;
6.901,1.059,0.260,0.260,1.059, 0.308, 0.107, 1.617,0.000,0.000,0.000,-0.385,-0.601,-1.617;
6.913,1.059,0.260,0.260,1.059, 0.308, 0.107, 1.617,0.000,0.000,0.000,-0.376,-0.602,-1.617;
6.924,1.059,0.260,0.260,1.059, 0.308, 0.107, 1.617,0.000,0.000,0.000,-0.368,-0.604,-1.617;
6.946,1.059,0.260,0.260,1.059, 0.308, 0.107, 1.617,0.000,0.000,0.000,-0.351,-0.605,-1.617;
6.958,1.059,0.260,0.260,1.059, 0.308, 0.107, 1.617,0.000,0.000,0.000,-0.341,-0.606,-1.617;
6.970,1.059,0.260,0.260,1.059, 0.308, 0.107, 1.617,0.000,0.000,0.000,-0.332,-0.607,-1.617;
6.983,1.059,0.260,0.260,1.059, 0.308, 0.107, 1.617,0.000,0.000,0.000,-0.321,-0.607,-1.617;
6.994,1.059,0.260,0.260,1.059, 0.308, 0.107, 1.617,0.000,0.000,0.000,-0.313,-0.607,-1.617;
7.005,1.059,0.260,0.260,1.059, 0.308, 0.107, 1.617,0.000,0.000,0.000,-0.304,-0.607,-1.617;
7.017,1.059,0.260,0.260,1.059, 0.308, 0.107, 1.617,0.000,0.000,0.000,-0.295,-0.607,-1.617;
7.029,1.059,0.260,0.260,1.059, 0.308, 0.107, 1.617,0.000,0.000,0.000,-0.286,-0.607,-1.617;
7.041,1.059,0.260,0.260,1.059, 0.308, 0.107, 1.617,0.000,0.000,0.000,-0.276,-0.606,-1.617;
7.053,1.059,0.260,0.260,1.059, 0.308, 0.107, 1.617,0.000,0.000,0.000,-0.266,-0.605,-1.617;
7.065,1.059,0.260,0.260,1.059, 0.308, 0.107, 1.617,0.000,0.000,0.000,-0.257,-0.605,-1.617;
7.071,1.059,0.260,0.260,1.059, 0.308, 0.107, 1.617,0.000,0.000,0.000,-0.252,-0.604,-1.617;
7.093,1.059,0.260,0.260,1.059, 0.308, 0.107, 1.617,0.000,0.000,0.000,-0.236,-0.602,-1.617;
7.104,1.059,0.260,0.260,1.059, 0.308, 0.107, 1.617,0.000,0.000,0.000,-0.227,-0.600,-1.617;
7.116,1.059,0.260,0.260,1.059, 0.308, 0.107, 1.617,0.000,0.000,0.000,-0.218,-0.599,-1.617;
7.128,1.059,0.260,0.260,1.059, 0.308, 0.107, 1.617,0.000,0.000,0.000,-0.208,-0.597,-1.617;
7.140,1.059,0.260,0.260,1.059, 0.308, 0.107, 1.617,0.000,0.000,0.000,-0.199,-0.595,-1.617;
7.152,1.059,0.260,0.260,1.059, 0.308, 0.107, 1.617,0.000,0.000,0.000,-0.190,-0.593,-1.617;
7.164,1.059,0.260,0.260,1.059, 0.308, 0.107, 1.617,0.000,0.000,0.000,-0.181,-0.591,-1.617;
7.175,1.059,0.260,0.260,1.059, 0.308, 0.107, 1.617,0.000,0.000,0.000,-0.172,-0.588,-1.617;
7.187,1.059,0.260,0.260,1.059, 0.308, 0.107, 1.617,0.000,0.000,0.000,-0.163,-0.586,-1.617;
7.199,1.059,0.260,0.260,1.059, 0.308, 0.107, 1.617,0.000,0.000,0.000,-0.154,-0.583,-1.617;
7.210,1.059,0.260,0.260,1.059, 0.308, 0.107, 1.617,0.000,0.000,0.000,-0.146,-0.580,-1.617;
7.221,1.059,0.260,0.260,1.059, 0.308, 0.107, 1.617,0.000,0.000,0.000,-0.138,-0.577,-1.617;
7.233,1.059,0.260,0.260,1.059, 0.308, 0.107, 1.617,0.000,0.000,0.000,-0.129,-0.574,-1.617;
7.244,1.059,0.260,0.260,1.059, 0.308, 0.107, 1.617,0.000,0.000,0.000,-0.121,-0.571,-1.617;
7.256,1.059,0.260,0.260,1.059, 0.308, 0.107, 1.617,0.000,0.000,0.000,-0.113,-0.567,-1.617;
7.267,1.059,0.260,0.260,1.059, 0.308, 0.107, 1.617,0.000,0.000,0.000,-0.104,-0.564,-1.617;
7.288,1.059,0.260,0.260,1.059, 0.308, 0.107, 1.617,0.000,0.000,0.000,-0.089,-0.557,-1.617;
7.301,1.059,0.260,0.260,1.059, 0.308, 0.107, 1.617,0.000,0.000,0.000,-0.080,-0.552,-1.617;
7.304,1.059,0.260,0.260,1.059, 0.308, 0.107, 1.617,0.000,0.000,0.000,-0.078,-0.551,-1.617;
7.315,1.059,0.260,0.260,1.059, 0.308, 0.107, 1.617,0.000,0.000,0.000,-0.071,-0.547,-1.617;
7.337,1.059,0.260,0.260,1.059, 0.308, 0.107, 1.617,0.000,0.000,0.000,-0.056,-0.539,-1.617;
7.348,1.059,0.260,0.260,1.059, 0.308, 0.107, 1.617,0.000,0.000,0.000,-0.048,-0.534,-1.617;
7.360,1.059,0.260,0.260,1.059, 0.308, 0.107, 1.617,0.000,0.000,0.000,-0.040,-0.529,-1.617;
7.372,1.059,0.260,0.260,1.059, 0.308, 0.107, 1.617,0.000,0.000,0.000,-0.032,-0.524,-1.617;
7.383,1.059,0.260,0.260,1.059, 0.308, 0.107, 1.617,0.000,0.000,0.000,-0.025,-0.519,-1.617;
7.395,1.059,0.260,0.260,1.059, 0.308, 0.107, 1.617,0.000,0.000,0.000,-0.017,-0.514,-1.617;
7.407,1.059,0.260,0.260,1.059, 0.308, 0.107, 1.617,0.000,0.000,0.000,-0.010,-0.508,-1.617;
7.419,1.059,0.260,0.260,1.059, 0.308, 0.107, 1.617,0.000,0.000,0.000,-0.002,-0.503,-1.617;
7.431,1.059,0.260,0.260,1.059, 0.308, 0.107, 1.617,0.000,0.000,0.000, 0.005,-0.497,-1.617;
7.442,1.059,0.260,0.260,1.059, 0.308, 0.107, 1.617,0.000,0.000,0.000, 0.012,-0.491,-1.617;
7.454,1.059,0.260,0.260,1.059, 0.308, 0.107, 1.617,0.000,0.000,0.000, 0.019,-0.485,-1.617;
7.466,1.059,0.260,0.260,1.059, 0.308, 0.107, 1.617,0.000,0.000,0.000, 0.026,-0.479,-1.617;
7.477,1.059,0.260,0.260,1.059, 0.308, 0.107, 1.617,0.000,0.000,0.000, 0.033,-0.473,-1.617;
7.488,1.059,0.260,0.260,1.059, 0.308, 0.107, 1.617,0.000,0.000,0.000, 0.039,-0.467,-1.617;
7.500,1.059,0.260,0.260,1.059, 0.308, 0.107, 1.617,0.000,0.000,0.000, 0.045,-0.461,-1.617;
7.511,1.059,0.260,0.260,1.059, 0.308, 0.107, 1.617,0.000,0.000,0.000, 0.051,-0.455,-1.617;
7.532,1.059,0.260,0.260,1.059, 0.308, 0.107, 1.617,0.000,0.000,0.000, 0.063,-0.442,-1.617;
7.544,1.059,0.260,0.260,1.059, 0.308, 0.107, 1.617,0.000,0.000,0.000, 0.069,-0.435,-1.617;
7.556,1.059,0.260,0.260,1.059, 0.308, 0.107, 1.617,0.000,0.000,0.000, 0.075,-0.428,-1.617;
7.568,1.059,0.260,0.260,1.059, 0.308, 0.107, 1.617,0.000,0.000,0.000, 0.081,-0.421,-1.617;
7.580,1.059,0.260,0.260,1.059, 0.308, 0.107, 1.617,0.000,0.000,0.000, 0.087,-0.414,-1.617;
7.592,1.059,0.260,0.260,1.059, 0.308, 0.107, 1.617,0.000,0.000,0.000, 0.093,-0.406,-1.617;
7.604,1.059,0.260,0.260,1.059, 0.308, 0.107, 1.617,0.000,0.000,0.000, 0.098,-0.398,-1.617;
7.616,1.059,0.260,0.260,1.059, 0.308, 0.107, 1.617,0.000,0.000,0.000, 0.104,-0.391,-1.617;
7.628,1.059,0.260,0.260,1.059, 0.308, 0.107, 1.617,0.000,0.000,0.000, 0.109,-0.383,-1.617;
7.639,1.059,0.260,0.260,1.059, 0.308, 0.107, 1.617,0.000,0.000,0.000, 0.114,-0.375,-1.617;
7.651,1.059,0.260,0.260,1.059, 0.308, 0.107, 1.617,0.000,0.000,0.000, 0.119,-0.368,-1.617;
7.663,1.059,0.260,0.260,1.059, 0.308, 0.107, 1.617,0.000,0.000,0.000, 0.124,-0.360,-1.617;
7.674,1.059,0.260,0.260,1.059, 0.308, 0.107, 1.617,0.000,0.000,0.000, 0.128,-0.352,-1.617;
7.686,1.059,0.260,0.260,1.059, 0.308, 0.107, 1.617,0.000,0.000,0.000, 0.132,-0.344,-1.617;
7.697,1.059,0.260,0.260,1.059, 0.308, 0.107, 1.617,0.000,0.000,0.000, 0.136,-0.336,-1.617;
7.708,1.059,0.260,0.260,1.059, 0.308, 0.107, 1.617,0.000,0.000,0.000, 0.140,-0.328,-1.617;
7.720,1.059,0.260,0.260,1.059, 0.308, 0.107, 1.617,0.000,0.000,0.000, 0.144,-0.320,-1.617;
7.731,1.059,0.260,0.260,1.059, 0.308, 0.107, 1.617,0.000,0.000,0.000, 0.148,-0.312,-1.617;
7.752,1.059,0.260,0.260,1.059, 0.308, 0.107, 1.617,0.000,0.000,0.000, 0.155,-0.297,-1.617;
7.764,1.059,0.260,0.260,1.059, 0.308, 0.107, 1.617,0.000,0.000,0.000, 0.158,-0.289,-1.617;
7.776,1.059,0.260,0.260,1.059, 0.308, 0.107, 1.617,0.000,0.000,0.000, 0.161,-0.280,-1.617;
7.788,1.059,0.260,0.260,1.059, 0.308, 0.107, 1.617,0.000,0.000,0.000, 0.164,-0.271,-1.617;
7.800,1.059,0.260,0.260,1.059, 0.308, 0.107, 1.617,0.000,0.000,0.000, 0.167,-0.262,-1.617;
7.812,1.059,0.260,0.260,1.059, 0.308, 0.107, 1.617,0.000,0.000,0.000, 0.170,-0.253,-1.617;
7.824,1.059,0.260,0.260,1.059, 0.308, 0.107, 1.617,0.000,0.000,0.000, 0.173,-0.244,-1.617;
7.836,1.059,0.260,0.260,1.059, 0.308, 0.107, 1.617,0.000,0.000,0.000, 0.175,-0.235,-1.617;
7.847,1.059,0.260,0.260,1.059, 0.308, 0.107, 1.617,0.000,0.000,0.000, 0.178,-0.226,-1.617;
7.859,1.059,0.260,0.260,1.059, 0.308, 0.107, 1.617,0.000,0.000,0.000, 0.180,-0.217,-1.617;
7.870,1.059,0.260,0.260,1.059, 0.308, 0.107, 1.617,0.000,0.000,0.000, 0.182,-0.208,-1.617;
7.882,1.059,0.260,0.260,1.059, 0.308, 0.107, 1.617,0.000,0.000,0.000, 0.183,-0.200,-1.617;
7.893,1.059,0.260,0.260,1.059, 0.308, 0.107, 1.617,0.000,0.000,0.000, 0.185,-0.191,-1.617;
7.904,1.059,0.260,0.260,1.059, 0.308, 0.107, 1.617,0.000,0.000,0.000, 0.186,-0.182,-1.617;
7.915,1.059,0.260,0.260,1.059, 0.308, 0.107, 1.617,0.000,0.000,0.000, 0.188,-0.173,-1.617;
7.926,1.059,0.260,0.260,1.059, 0.308, 0.107, 1.617,0.000,0.000,0.000, 0.189,-0.165,-1.617;
7.948,1.059,0.260,0.260,1.059, 0.308, 0.107, 1.617,0.000,0.000,0.000, 0.190,-0.148,-1.617;
7.961,1.059,0.260,0.260,1.059, 0.308, 0.107, 1.617,0.000,0.000,0.000, 0.191,-0.138,-1.617;
7.973,1.059,0.260,0.260,1.059, 0.308, 0.107, 1.617,0.000,0.000,0.000, 0.192,-0.129,-1.617;
7.984,1.059,0.260,0.260,1.059, 0.308, 0.107, 1.617,0.000,0.000,0.000, 0.192,-0.120,-1.617;
7.996,1.059,0.260,0.260,1.059, 0.308, 0.107, 1.617,0.000,0.000,0.000, 0.192,-0.111,-1.617;
8.007,1.059,0.260,0.260,1.059, 0.308, 0.107, 1.617,0.000,0.000,0.000, 0.192,-0.101,-1.617;
8.019,1.059,0.260,0.260,1.059, 0.308, 0.107, 1.617,0.000,0.000,0.000, 0.192,-0.092,-1.617;
8.034,1.059,0.260,0.260,1.059, 0.308, 0.107, 1.617,0.000,0.000,0.000, 0.191,-0.081,-1.617;
8.046,1.059,0.260,0.260,1.059, 0.308, 0.107, 1.617,0.000,0.000,0.000, 0.191,-0.071,-1.617;
8.058,1.059,0.260,0.260,1.059, 0.308, 0.107, 1.617,0.000,0.000,0.000, 0.190,-0.062,-1.617;
8.070,1.059,0.260,0.260,1.059, 0.308, 0.107, 1.617,0.000,0.000,0.000, 0.189,-0.053,-1.617;
8.081,1.059,0.260,0.260,1.059, 0.308, 0.107, 1.617,0.000,0.000,0.000, 0.188,-0.044,-1.617;
8.093,1.059,0.260,0.260,1.059, 0.308, 0.107, 1.617,0.000,0.000,0.000, 0.187,-0.035,-1.617;
8.105,1.059,0.260,0.260,1.059, 0.308, 0.107, 1.617,0.000,0.000,0.000, 0.185,-0.025,-1.617;
8.117,1.059,0.260,0.260,1.059, 0.308, 0.107, 1.617,0.000,0.000,0.000, 0.184,-0.016,-1.617;
8.127,1.059,0.260,0.260,1.059, 0.308, 0.107, 1.617,0.000,0.000,0.000, 0.182,-0.008,-1.617;
8.138,1.059,0.260,0.260,1.059, 0.308, 0.107, 1.617,0.000,0.000,0.000, 0.180, 0.000,-1.617;
8.149,1.059,0.260,0.260,1.059, 0.308, 0.107, 1.617,0.000,0.000,0.000, 0.178, 0.009,-1.617;
8.161,1.059,0.260,0.260,1.059, 0.308, 0.107, 1.617,0.000,0.000,0.000, 0.176, 0.018,-1.617;
8.172,1.059,0.260,0.260,1.059, 0.308, 0.107, 1.617,0.000,0.000,0.000, 0.174, 0.026,-1.617;
8.184,1.059,0.260,0.260,1.059, 0.308, 0.107, 1.617,0.000,0.000,0.000, 0.171, 0.036,-1.617;
8.196,1.059,0.260,0.260,1.059, 0.308, 0.107, 1.617,0.000,0.000,0.000, 0.169, 0.044,-1.617;
8.217,1.059,0.260,0.260,1.059, 0.308, 0.107, 1.617,0.000,0.000,0.000, 0.163, 0.060,-1.617;
8.222,1.059,0.260,0.260,1.059, 0.308, 0.107, 1.617,0.000,0.000,0.000, 0.162, 0.064,-1.617;
8.232,1.059,0.260,0.260,1.059, 0.308, 0.107, 1.617,0.000,0.000,0.000, 0.159, 0.071,-1.617;
8.254,1.059,0.260,0.260,1.059, 0.308, 0.107, 1.617,0.000,0.000,0.000, 0.153, 0.087,-1.617;
8.267,1.059,0.260,0.260,1.059, 0.308, 0.107, 1.617,0.000,0.000,0.000, 0.149, 0.096,-1.617;
8.277,1.059,0.260,0.260,1.059, 0.308, 0.107, 1.617,0.000,0.000,0.000, 0.145, 0.104,-1.617;
8.289,1.059,0.260,0.260,1.059, 0.308, 0.107, 1.617,0.000,0.000,0.000, 0.141, 0.112,-1.617;
8.302,1.059,0.260,0.260,1.059, 0.308, 0.107, 1.617,0.000,0.000,0.000, 0.137, 0.121,-1.617;
8.314,1.059,0.260,0.260,1.059, 0.308, 0.107, 1.617,0.000,0.000,0.000, 0.132, 0.130,-1.617;
8.326,1.059,0.260,0.260,1.059, 0.308, 0.107, 1.617,0.000,0.000,0.000, 0.128, 0.138,-1.617;
8.338,1.059,0.260,0.260,1.059, 0.308, 0.107, 1.617,0.000,0.000,0.000, 0.123, 0.146,-1.617;
8.350,1.059,0.260,0.260,1.059, 0.308, 0.107, 1.617,0.000,0.000,0.000, 0.118, 0.154,-1.617;
8.363,1.059,0.260,0.260,1.059, 0.308, 0.107, 1.617,0.000,0.000,0.000, 0.113, 0.163,-1.617;
8.375,1.059,0.260,0.260,1.059, 0.308, 0.107, 1.617,0.000,0.000,0.000, 0.108, 0.171,-1.617;
8.388,1.059,0.260,0.260,1.059, 0.308, 0.107, 1.617,0.000,0.000,0.000, 0.102, 0.179,-1.617;
8.391,1.059,0.260,0.260,1.059, 0.308, 0.107, 1.617,0.000,0.000,0.000, 0.100, 0.181,-1.617;
8.413,1.059,0.260,0.260,1.059, 0.308, 0.107, 1.617,0.000,0.000,0.000, 0.091, 0.195,-1.617;
8.424,1.059,0.260,0.260,1.059, 0.308, 0.107, 1.617,0.000,0.000,0.000, 0.085, 0.202,-1.617;
8.436,1.059,0.260,0.260,1.059, 0.308, 0.107, 1.617,0.000,0.000,0.000, 0.079, 0.209,-1.617;
8.449,1.059,0.260,0.260,1.059, 0.308, 0.107, 1.617,0.000,0.000,0.000, 0.073, 0.217,-1.617;
8.461,1.059,0.260,0.260,1.059, 0.308, 0.107, 1.617,0.000,0.000,0.000, 0.067, 0.224,-1.617;
8.472,1.059,0.260,0.260,1.059, 0.308, 0.107, 1.617,0.000,0.000,0.000, 0.061, 0.231,-1.617;
8.485,1.059,0.260,0.260,1.059, 0.308, 0.107, 1.617,0.000,0.000,0.000, 0.054, 0.238,-1.617;
8.496,1.059,0.260,0.260,1.059, 0.308, 0.107, 1.617,0.000,0.000,0.000, 0.048, 0.244,-1.617;
8.509,1.059,0.260,0.260,1.059, 0.308, 0.107, 1.617,0.000,0.000,0.000, 0.041, 0.251,-1.617;
8.521,1.059,0.260,0.260,1.059, 0.308, 0.107, 1.617,0.000,0.000,0.000, 0.034, 0.258,-1.617;
8.533,1.059,0.260,0.260,1.059, 0.308, 0.107, 1.617,0.000,0.000,0.000, 0.027, 0.264,-1.617;
8.544,1.059,0.260,0.260,1.059, 0.308, 0.107, 1.617,0.000,0.000,0.000, 0.020, 0.270,-1.617;
8.556,1.059,0.260,0.260,1.059, 0.308, 0.107, 1.617,0.000,0.000,0.000, 0.013, 0.276,-1.617;
8.567,1.059,0.260,0.260,1.059, 0.308, 0.107, 1.617,0.000,0.000,0.000, 0.006, 0.282,-1.617;
8.578,1.059,0.260,0.260,1.059, 0.308, 0.107, 1.617,0.000,0.000,0.000,-0.001, 0.287,-1.617;
8.590,1.059,0.260,0.260,1.059, 0.308, 0.107, 1.617,0.000,0.000,0.000,-0.008, 0.293,-1.617;
8.602,1.059,0.260,0.260,1.059, 0.308, 0.107, 1.617,0.000,0.000,0.000,-0.015, 0.298,-1.617;
8.613,1.059,0.260,0.260,1.059, 0.308, 0.107, 1.617,0.000,0.000,0.000,-0.022, 0.303,-1.617;
8.624,1.059,0.260,0.260,1.059, 0.308, 0.107, 1.617,0.000,0.000,0.000,-0.030, 0.308,-1.617;
8.637,1.059,0.260,0.260,1.059, 0.308, 0.107, 1.617,0.000,0.000,0.000,-0.038, 0.314,-1.617;
8.648,1.059,0.260,0.260,1.059, 0.308, 0.107, 1.617,0.000,0.000,0.000,-0.045, 0.318,-1.617;
8.670,1.059,0.260,0.260,1.059, 0.308, 0.107, 1.617,0.000,0.000,0.000,-0.060, 0.327,-1.617;
8.681,1.059,0.260,0.260,1.059, 0.308, 0.107, 1.617,0.000,0.000,0.000,-0.068, 0.331,-1.617;
8.694,1.059,0.260,0.260,1.059, 0.308, 0.107, 1.617,0.000,0.000,0.000,-0.076, 0.336,-1.617;
8.706,1.059,0.260,0.260,1.059, 0.308, 0.107, 1.617,0.000,0.000,0.000,-0.085, 0.341,-1.617;
8.718,1.059,0.260,0.260,1.059, 0.308, 0.107, 1.617,0.000,0.000,0.000,-0.094, 0.345,-1.617;
8.722,1.059,0.260,0.260,1.059, 0.308, 0.107, 1.617,0.000,0.000,0.000,-0.097, 0.346,-1.617;
8.734,1.059,0.260,0.260,1.059, 0.308, 0.107, 1.617,0.000,0.000,0.000,-0.105, 0.350,-1.617;
8.755,1.059,0.260,0.260,1.059, 0.308, 0.107, 1.617,0.000,0.000,0.000,-0.121, 0.356,-1.617;
8.767,1.059,0.260,0.260,1.059, 0.308, 0.107, 1.617,0.000,0.000,0.000,-0.129, 0.360,-1.617;
8.779,1.059,0.260,0.260,1.059, 0.308, 0.107, 1.617,0.000,0.000,0.000,-0.138, 0.363,-1.617;
8.792,1.059,0.260,0.260,1.059, 0.308, 0.107, 1.617,0.000,0.000,0.000,-0.147, 0.366,-1.617;
8.804,1.059,0.260,0.260,1.059, 0.308, 0.107, 1.617,0.000,0.000,0.000,-0.156, 0.369,-1.617;
8.816,1.059,0.260,0.260,1.059, 0.308, 0.107, 1.617,0.000,0.000,0.000,-0.165, 0.372,-1.617;
8.828,1.059,0.260,0.260,1.059, 0.308, 0.107, 1.617,0.000,0.000,0.000,-0.175, 0.375,-1.617;
8.840,1.059,0.260,0.260,1.059, 0.308, 0.107, 1.617,0.000,0.000,0.000,-0.184, 0.377,-1.617;
8.852,1.059,0.260,0.260,1.059, 0.308, 0.107, 1.617,0.000,0.000,0.000,-0.193, 0.379,-1.617;
8.864,1.059,0.260,0.260,1.059, 0.308, 0.107, 1.617,0.000,0.000,0.000,-0.202, 0.382,-1.617;
8.876,1.059,0.260,0.260,1.059, 0.308, 0.107, 1.617,0.000,0.000,0.000,-0.211, 0.383,-1.617;
8.888,1.059,0.260,0.260,1.059, 0.308, 0.107, 1.617,0.000,0.000,0.000,-0.220, 0.385,-1.617;
8.900,1.059,0.260,0.260,1.059, 0.308, 0.107, 1.617,0.000,0.000,0.000,-0.229, 0.387,-1.617;
8.913,1.059,0.260,0.260,1.059, 0.308, 0.107, 1.617,0.000,0.000,0.000,-0.240, 0.388,-1.617;
8.924,1.059,0.260,0.260,1.059, 0.308, 0.107, 1.617,0.000,0.000,0.000,-0.249, 0.389,-1.617;
8.936,1.059,0.260,0.260,1.059, 0.308, 0.107, 1.617,0.000,0.000,0.000,-0.258, 0.390,-1.617;
8.948,1.059,0.260,0.260,1.059, 0.308, 0.107, 1.617,0.000,0.000,0.000,-0.267, 0.391,-1.617;
8.959,1.059,0.260,0.260,1.059, 0.308, 0.107, 1.617,0.000,0.000,0.000,-0.276, 0.392,-1.617;
8.971,1.059,0.260,0.260,1.059, 0.308, 0.107, 1.617,0.000,0.000,0.000,-0.285, 0.392,-1.617;
8.984,1.059,0.260,0.260,1.059, 0.308, 0.107, 1.617,0.000,0.000,0.000,-0.295, 0.393,-1.617;
8.996,1.059,0.260,0.260,1.059, 0.308, 0.107, 1.617,0.000,0.000,0.000,-0.305, 0.393,-1.617;
9.008,1.059,0.260,0.260,1.059, 0.308, 0.107, 1.617,0.000,0.000,0.000,-0.314, 0.393,-1.617;
9.019,1.059,0.260,0.260,1.059, 0.308, 0.107, 1.617,0.000,0.000,0.000,-0.323, 0.393,-1.617;
9.030,1.059,0.260,0.260,1.059, 0.308, 0.107, 1.617,0.000,0.000,0.000,-0.332, 0.392,-1.617;
9.042,1.059,0.260,0.260,1.059, 0.308, 0.107, 1.617,0.000,0.000,0.000,-0.341, 0.392,-1.617;
9.053,1.059,0.260,0.260,1.059, 0.308, 0.107, 1.617,0.000,0.000,0.000,-0.349, 0.391,-1.617;
9.064,1.059,0.260,0.260,1.059, 0.308, 0.107, 1.617,0.000,0.000,0.000,-0.358, 0.390,-1.617;
9.077,1.059,0.260,0.260,1.059, 0.308, 0.107, 1.617,0.000,0.000,0.000,-0.368, 0.389,-1.617;
9.098,1.059,0.260,0.260,1.059, 0.308, 0.107, 1.617,0.000,0.000,0.000,-0.385, 0.387,-1.617;
9.110,1.059,0.260,0.260,1.059, 0.308, 0.107, 1.617,0.000,0.000,0.000,-0.394, 0.385,-1.617;
9.113,1.059,0.260,0.260,1.059, 0.308, 0.107, 1.617,0.000,0.000,0.000,-0.396, 0.385,-1.617;
9.134,1.059,0.260,0.260,1.059, 0.308, 0.107, 1.617,0.000,0.000,0.000,-0.412, 0.382,-1.617;
9.145,1.059,0.260,0.260,1.059, 0.308, 0.107, 1.617,0.000,0.000,0.000,-0.421, 0.380,-1.617;
9.156,1.059,0.260,0.260,1.059, 0.308, 0.107, 1.617,0.000,0.000,0.000,-0.430, 0.378,-1.617;
9.168,1.059,0.260,0.260,1.059, 0.308, 0.107, 1.617,0.000,0.000,0.000,-0.438, 0.376,-1.617;
9.179,1.059,0.260,0.260,1.059, 0.308, 0.107, 1.617,0.000,0.000,0.000,-0.447, 0.373,-1.617;
9.191,1.059,0.260,0.260,1.059, 0.308, 0.107, 1.617,0.000,0.000,0.000,-0.456, 0.370,-1.617;
9.204,1.059,0.260,0.260,1.059, 0.308, 0.107, 1.617,0.000,0.000,0.000,-0.465, 0.367,-1.617;
9.216,1.059,0.260,0.260,1.059, 0.308, 0.107, 1.617,0.000,0.000,0.000,-0.475, 0.364,-1.617;
9.228,1.059,0.260,0.260,1.059, 0.308, 0.107, 1.617,0.000,0.000,0.000,-0.483, 0.361,-1.617;
9.240,1.059,0.260,0.260,1.059, 0.308, 0.107, 1.617,0.000,0.000,0.000,-0.492, 0.358,-1.617;
9.252,1.059,0.260,0.260,1.059, 0.308, 0.107, 1.617,0.000,0.000,0.000,-0.501, 0.354,-1.617;
9.263,1.059,0.260,0.260,1.059, 0.308, 0.107, 1.617,0.000,0.000,0.000,-0.509, 0.351,-1.617;
9.274,1.059,0.260,0.260,1.059, 0.308, 0.107, 1.617,0.000,0.000,0.000,-0.517, 0.347,-1.617;
