lambdapx=10.000;lambdapy=10.000;lambdapth=20.000;lambdavx=3.000;lambdavth=3.000;kxg=10.000;kyg= 5.000;kthg= 5.000;kxgp=5.000;kygp=7.000;kthgp=7.000;
datos=[0.000,0.000,0.000,0.000,0.000, 0.000, 0.000, 0.000,0.000,0.000,0.000, 0.000, 0.000, 0.000, 0.000, 0.000, 0.000, 0.000, 0.000, 0.000, 0.000, 0.000, 0.000, 0.000, 0.000, 0.000, 0.000, 0.000, 0.000;
0.003,-0.241,-0.607,-0.061,-0.787,-0.045, 0.018,-0.029,0.000,0.000,0.000, 0.545,-0.017, 1.601, 0.013, 0.302, 0.138,-0.013, 0.012,-0.013, 0.500, 0.001, 1.571,-0.001, 0.314, 0.126,-0.099,-0.000, 0.000;
0.014,9.309,-1.242,3.031,5.037,-0.045, 0.018,-0.029,0.000,0.000,0.000, 0.545,-0.013, 1.602, 0.056, 0.261, 0.181,-0.059, 0.054,-0.056, 0.500, 0.005, 1.573,-0.003, 0.314, 0.126,-0.099,-0.001, 0.000;
0.037,8.500,-4.560,3.364,0.577,-0.045, 0.018,-0.029,0.000,0.000,0.000, 0.545,-0.006, 1.605, 0.142, 0.177, 0.268,-0.149, 0.137,-0.142, 0.500, 0.012, 1.576,-0.007, 0.314, 0.126,-0.099,-0.002, 0.000;
0.048,7.203,-4.395,1.309,1.498,-0.045, 0.018,-0.015,0.000,0.000,1.389, 0.544,-0.003, 1.592, 0.178, 0.214, 0.229,-0.188, 0.100,-0.103, 0.500, 0.015, 1.577,-0.009, 0.314, 0.126,-0.099,-0.003, 0.000;
0.060,5.716,-4.646,-0.658,1.727,-0.045, 0.018,-0.015,0.000,0.000,0.000, 0.544, 0.001, 1.593, 0.218, 0.256, 0.186,-0.230, 0.058,-0.060, 0.500, 0.019, 1.578,-0.012, 0.314, 0.126,-0.099,-0.004, 0.000;
0.072,6.313,-2.914,-0.605,4.005,-0.045, 0.018,-0.015,0.000,0.000,0.000, 0.544, 0.005, 1.595, 0.172, 0.299, 0.142,-0.186, 0.014,-0.016, 0.499, 0.023, 1.580,-0.014, 0.314, 0.126,-0.099,-0.004, 0.000;
0.084,8.554,-3.501,1.128,3.925,-0.045, 0.018,-0.015,0.000,0.000,0.000, 0.544, 0.009, 1.596, 0.128, 0.258, 0.100,-0.144, 0.056, 0.026, 0.499, 0.026, 1.581,-0.017, 0.314, 0.126,-0.099,-0.005, 0.000;
0.096,8.013,-1.163,1.283,5.567,-0.045, 0.018,-0.015,0.000,0.000,0.000, 0.544, 0.012, 1.598, 0.082, 0.301, 0.143,-0.101, 0.013,-0.017, 0.499, 0.030, 1.583,-0.019, 0.314, 0.126,-0.099,-0.006, 0.000;
0.100,8.743,-1.616,1.743,5.384,-0.045, 0.018,-0.014,0.000,0.000,0.062, 0.544, 0.013, 1.598, 0.069, 0.289, 0.131,-0.089, 0.025,-0.005, 0.499, 0.031, 1.583,-0.020, 0.314, 0.126,-0.099,-0.006, 0.000;
0.121,9.268,1.379,1.229,9.417,-0.042, 0.018,-0.015,0.105,0.000,-0.010, 0.541, 0.020, 1.601,-0.010, 0.363, 0.057,-0.014,-0.049, 0.069, 0.499, 0.038, 1.586,-0.024, 0.313, 0.126,-0.098,-0.007, 0.000;
0.133,8.917,-0.823,1.646,6.448,-0.042, 0.020,-0.029,0.000,0.191,-1.221, 0.541, 0.022, 1.616, 0.029, 0.321, 0.100,-0.055,-0.008, 0.026, 0.498, 0.042, 1.587,-0.026, 0.313, 0.126,-0.098,-0.008, 0.000;
0.144,11.096,-0.907,3.094,7.095,-0.042, 0.020,-0.014,0.000,0.000,1.300, 0.540, 0.025, 1.603,-0.013, 0.282, 0.060,-0.016, 0.031, 0.065, 0.498, 0.045, 1.589,-0.028, 0.313, 0.126,-0.098,-0.009, 0.000;
0.155,11.129,0.719,2.698,9.151,-0.040, 0.020,-0.014,0.197,0.000,0.000, 0.538, 0.029, 1.605,-0.055, 0.321, 0.020, 0.024,-0.009, 0.105, 0.498, 0.049, 1.590,-0.031, 0.313, 0.126,-0.098,-0.010, 0.000;
0.167,12.753,0.711,4.992,8.471,-0.038, 0.022,-0.015,0.190,0.190,-0.018, 0.535, 0.030, 1.606,-0.098, 0.279, 0.062, 0.066, 0.033, 0.064, 0.497, 0.052, 1.592,-0.033, 0.312, 0.126,-0.098,-0.010, 0.000;
0.179,12.773,2.388,4.295,10.866,-0.036, 0.022, 0.000,0.190,0.000,1.251, 0.533, 0.034, 1.593,-0.142, 0.320, 0.018, 0.107,-0.008, 0.107, 0.497, 0.056, 1.593,-0.035, 0.312, 0.126,-0.098,-0.011, 0.000;
0.191,13.014,-0.179,4.065,8.770,-0.036, 0.025, 0.000,0.000,0.185,0.000, 0.532, 0.035, 1.595,-0.102, 0.278,-0.025, 0.065, 0.034, 0.151, 0.496, 0.060, 1.595,-0.038, 0.312, 0.126,-0.098,-0.012, 0.000;
0.202,13.272,1.747,3.822,11.197,-0.033, 0.025, 0.000,0.191,0.000,0.000, 0.529, 0.039, 1.596,-0.146, 0.318,-0.066, 0.106,-0.007, 0.191, 0.496, 0.063, 1.596,-0.040, 0.312, 0.126,-0.098,-0.013, 0.000;
0.213,14.775,1.736,5.958,10.553,-0.031, 0.027, 0.000,0.204,0.204,0.000, 0.527, 0.040, 1.598,-0.186, 0.279,-0.027, 0.144, 0.032, 0.153, 0.496, 0.067, 1.598,-0.042, 0.311, 0.126,-0.098,-0.013, 0.000;
0.224,14.736,3.335,5.250,12.821,-0.029, 0.027, 0.014,0.202,0.000,1.311, 0.524, 0.043, 1.584,-0.227, 0.318,-0.068, 0.183,-0.007, 0.194, 0.495, 0.070, 1.599,-0.044, 0.311, 0.126,-0.098,-0.014, 0.000;
0.236,14.912,1.092,4.962,11.041,-0.027, 0.027, 0.029,0.200,0.000,1.295, 0.521, 0.047, 1.571,-0.190, 0.278,-0.110, 0.144, 0.032, 0.236, 0.495, 0.074, 1.600,-0.046, 0.311, 0.126,-0.098,-0.015, 0.000;
0.246,16.931,1.113,6.560,11.484,-0.022, 0.029, 0.029,0.410,0.205,0.039, 0.516, 0.048, 1.572,-0.231, 0.240,-0.150, 0.182, 0.071, 0.275, 0.494, 0.077, 1.602,-0.048, 0.310, 0.126,-0.098,-0.015, 0.000;
0.268,20.655,0.642,9.297,12.000,-0.020, 0.031, 0.029,0.106,0.106,0.000, 0.513, 0.052, 1.575,-0.309, 0.165,-0.224, 0.256, 0.145, 0.350, 0.493, 0.084, 1.604,-0.053, 0.310, 0.126,-0.097,-0.017, 0.000;
0.279,18.396,0.456,6.591,12.262,-0.016, 0.031, 0.044,0.386,0.000,1.270, 0.508, 0.056, 1.562,-0.270, 0.205,-0.266, 0.216, 0.104, 0.391, 0.492, 0.087, 1.606,-0.055, 0.309, 0.126,-0.097,-0.017, 0.000;
0.291,20.201,0.826,9.134,11.893,-0.013, 0.033, 0.044,0.190,0.190,0.000, 0.505, 0.057, 1.563,-0.314, 0.164,-0.224, 0.257, 0.145, 0.350, 0.492, 0.091, 1.607,-0.057, 0.309, 0.126,-0.097,-0.018, 0.000;
0.302,20.066,2.527,8.309,14.283,-0.009, 0.033, 0.059,0.392,0.000,1.287, 0.500, 0.061, 1.550,-0.356, 0.203,-0.266, 0.297, 0.105, 0.391, 0.491, 0.094, 1.609,-0.059, 0.309, 0.126,-0.097,-0.019, 0.000;
0.313,20.380,0.111,8.203,12.288,-0.007, 0.036, 0.059,0.199,0.199,0.000, 0.497, 0.062, 1.551,-0.319, 0.164,-0.305, 0.257, 0.145, 0.431, 0.490, 0.098, 1.610,-0.061, 0.308, 0.126,-0.097,-0.019, 0.000;
0.325,19.906,2.501,8.382,14.026,-0.002, 0.036, 0.059,0.397,0.000,0.000, 0.492, 0.066, 1.553,-0.361, 0.203,-0.265, 0.297, 0.105, 0.391, 0.490, 0.101, 1.612,-0.064, 0.308, 0.126,-0.097,-0.020, 0.000;
0.336,21.478,2.506,10.422,13.562, 0.002, 0.038, 0.059,0.409,0.204,0.000, 0.487, 0.067, 1.554,-0.401, 0.164,-0.226, 0.335, 0.143, 0.352, 0.489, 0.105, 1.613,-0.066, 0.307, 0.126,-0.097,-0.021, 0.000;
0.348,19.409,2.140,7.631,13.918, 0.004, 0.038, 0.073,0.183,0.000,1.198, 0.484, 0.070, 1.541,-0.360, 0.206,-0.270, 0.292, 0.100, 0.396, 0.488, 0.108, 1.615,-0.068, 0.307, 0.126,-0.096,-0.021, 0.000;
0.359,21.211,2.588,10.160,13.639, 0.009, 0.040, 0.073,0.390,0.195,0.000, 0.478, 0.072, 1.543,-0.403, 0.166,-0.230, 0.333, 0.141, 0.355, 0.487, 0.112, 1.616,-0.070, 0.306, 0.126,-0.096,-0.022, 0.000;
0.370,20.968,4.186,9.257,15.897, 0.013, 0.040, 0.088,0.411,0.000,1.346, 0.473, 0.075, 1.529,-0.443, 0.203,-0.269, 0.371, 0.102, 0.395, 0.487, 0.115, 1.617,-0.072, 0.306, 0.126,-0.096,-0.023, 0.000;
0.381,22.997,3.811,10.872,15.936, 0.018, 0.042, 0.088,0.405,0.203,0.000, 0.468, 0.076, 1.531,-0.484, 0.164,-0.308, 0.409, 0.141, 0.434, 0.486, 0.119, 1.619,-0.075, 0.305, 0.126,-0.096,-0.023, 0.000;
0.402,19.570,3.113,6.411,16.272, 0.022, 0.042, 0.104,0.211,0.000,0.759, 0.462, 0.083, 1.517,-0.413, 0.238,-0.386, 0.335, 0.066, 0.511, 0.484, 0.125, 1.621,-0.079, 0.304, 0.126,-0.096,-0.025, 0.000;
0.414,19.903,1.295,7.614,13.584, 0.027, 0.045, 0.089,0.379,0.189,-1.254, 0.456, 0.084, 1.534,-0.374, 0.196,-0.340, 0.293, 0.108, 0.466, 0.483, 0.129, 1.623,-0.081, 0.304, 0.126,-0.095,-0.025, 0.000;
0.426,19.300,3.824,7.447,15.677, 0.031, 0.045, 0.104,0.382,0.000,1.264, 0.451, 0.088, 1.520,-0.417, 0.236,-0.298, 0.334, 0.067, 0.424, 0.482, 0.132, 1.624,-0.083, 0.303, 0.126,-0.095,-0.026, 0.000;
0.438,20.987,3.967,9.716,15.238, 0.036, 0.047, 0.104,0.375,0.187,0.000, 0.445, 0.089, 1.522,-0.461, 0.194,-0.256, 0.376, 0.109, 0.381, 0.481, 0.136, 1.626,-0.085, 0.302, 0.126,-0.095,-0.027, 0.000;
0.449,18.526,3.917,7.754,14.689, 0.040, 0.047, 0.104,0.385,0.000,0.000, 0.440, 0.092, 1.523,-0.423, 0.234,-0.214, 0.335, 0.068, 0.340, 0.480, 0.139, 1.627,-0.088, 0.302, 0.126,-0.095,-0.027, 0.000;
0.461,20.419,4.292,10.149,14.562, 0.045, 0.049, 0.104,0.385,0.193,0.000, 0.435, 0.094, 1.525,-0.466, 0.192,-0.172, 0.376, 0.109, 0.298, 0.479, 0.143, 1.629,-0.090, 0.301, 0.126,-0.095,-0.028, 0.000;
0.473,18.292,3.794,7.276,14.810, 0.049, 0.049, 0.119,0.356,0.000,1.175, 0.429, 0.097, 1.511,-0.424, 0.236,-0.218, 0.332, 0.064, 0.343, 0.478, 0.147, 1.630,-0.092, 0.300, 0.126,-0.094,-0.029, 0.000;
0.486,20.348,4.153,10.155,14.347, 0.054, 0.051, 0.104,0.355,0.177,-1.171, 0.423, 0.099, 1.528,-0.471, 0.191,-0.171, 0.376, 0.109, 0.297, 0.477, 0.150, 1.632,-0.094, 0.300, 0.126,-0.094,-0.030, 0.000;
0.498,20.031,5.849,9.069,16.811, 0.060, 0.051, 0.121,0.570,0.000,1.406, 0.415, 0.103, 1.513,-0.514, 0.231,-0.213, 0.418, 0.067, 0.339, 0.476, 0.154, 1.633,-0.097, 0.299, 0.126,-0.094,-0.030, 0.000;
0.510,17.626,5.614,7.435,15.804, 0.065, 0.051, 0.121,0.366,0.000,0.000, 0.410, 0.106, 1.514,-0.474, 0.274,-0.170, 0.375, 0.025, 0.295, 0.475, 0.158, 1.635,-0.099, 0.298, 0.126,-0.094,-0.031, 0.000;
0.522,19.567,5.994,9.878,15.684, 0.069, 0.054, 0.119,0.382,0.191,-0.153, 0.404, 0.107, 1.518,-0.517, 0.232,-0.128, 0.416, 0.066, 0.253, 0.473, 0.161, 1.636,-0.101, 0.297, 0.126,-0.093,-0.032, 0.000;
0.533,17.168,5.902,7.954,15.115, 0.074, 0.054, 0.119,0.394,0.000,0.000, 0.399, 0.111, 1.519,-0.479, 0.271,-0.087, 0.376, 0.026, 0.213, 0.472, 0.164, 1.638,-0.103, 0.297, 0.126,-0.093,-0.032, 0.000;
0.544,19.011,6.326,10.278,15.058, 0.080, 0.056, 0.121,0.591,0.197,0.157, 0.391, 0.112, 1.519,-0.521, 0.230,-0.047, 0.416, 0.066, 0.173, 0.471, 0.168, 1.639,-0.105, 0.296, 0.126,-0.093,-0.033, 0.000;
0.555,17.076,5.832,7.683,15.225, 0.085, 0.056, 0.136,0.408,0.000,1.363, 0.385, 0.115, 1.505,-0.485, 0.267,-0.088, 0.378, 0.028, 0.213, 0.470, 0.171, 1.641,-0.107, 0.295, 0.126,-0.093,-0.034, 0.000;
0.567,18.966,6.176,10.311,14.831, 0.092, 0.058, 0.121,0.587,0.196,-1.306, 0.377, 0.116, 1.521,-0.528, 0.226,-0.046, 0.418, 0.068, 0.172, 0.469, 0.174, 1.642,-0.110, 0.294, 0.126,-0.093,-0.034, 0.000;
0.578,16.591,6.030,8.357,14.264, 0.096, 0.058, 0.121,0.397,0.000,0.000, 0.371, 0.120, 1.523,-0.490, 0.265,-0.006, 0.379, 0.029, 0.131, 0.467, 0.178, 1.643,-0.112, 0.294, 0.126,-0.092,-0.035, 0.000;
0.589,18.395,6.417,10.629,14.183, 0.103, 0.060, 0.121,0.610,0.203,0.000, 0.363, 0.121, 1.524,-0.531, 0.226, 0.033, 0.417, 0.067, 0.092, 0.466, 0.181, 1.645,-0.114, 0.293, 0.126,-0.092,-0.036, 0.000;
0.611,17.158,10.333,10.392,17.098, 0.107, 0.060, 0.121,0.207,0.000,0.000, 0.357, 0.127, 1.527,-0.611, 0.300, 0.109, 0.493,-0.008, 0.016, 0.464, 0.187, 1.648,-0.118, 0.291, 0.126,-0.092,-0.037, 0.000;
0.623,17.859,7.247,10.291,14.815, 0.114, 0.062, 0.121,0.535,0.178,0.000, 0.348, 0.128, 1.528,-0.568, 0.254, 0.065, 0.449, 0.036, 0.060, 0.462, 0.191, 1.649,-0.120, 0.290, 0.126,-0.091,-0.038, 0.000;
0.626,17.129,7.464,9.804,14.790, 0.118, 0.062, 0.121,1.445,0.000,0.000, 0.344, 0.129, 1.529,-0.558, 0.265, 0.076, 0.438, 0.025, 0.049, 0.462, 0.192, 1.649,-0.120, 0.290, 0.126,-0.091,-0.038, 0.000;
0.638,17.067,9.196,9.108,17.155, 0.125, 0.062, 0.136,0.583,0.000,1.297, 0.335, 0.133, 1.515,-0.601, 0.304, 0.034, 0.479,-0.015, 0.092, 0.460, 0.195, 1.651,-0.123, 0.289, 0.126,-0.091,-0.038, 0.000;
0.659,20.133,9.707,13.416,16.423, 0.132, 0.065, 0.122,0.315,0.105,-0.614, 0.326, 0.136, 1.531,-0.680, 0.227, 0.110, 0.554, 0.060, 0.015, 0.458, 0.201, 1.654,-0.126, 0.288, 0.126,-0.090,-0.040, 0.000;
0.671,17.826,8.966,10.228,16.564, 0.136, 0.065, 0.136,0.362,0.000,1.058, 0.320, 0.140, 1.520,-0.638, 0.270, 0.065, 0.509, 0.017, 0.061, 0.456, 0.205, 1.655,-0.129, 0.287, 0.126,-0.090,-0.040, 0.000;
0.683,18.094,7.073,11.273,13.895, 0.143, 0.067, 0.122,0.548,0.183,-1.069, 0.312, 0.141, 1.534,-0.597, 0.226, 0.109, 0.466, 0.060, 0.017, 0.455, 0.208, 1.657,-0.131, 0.286, 0.126,-0.090,-0.041, 0.000;
0.696,15.691,7.190,9.357,13.524, 0.147, 0.067, 0.121,0.354,0.000,-0.146, 0.306, 0.145, 1.538,-0.555, 0.269, 0.154, 0.422, 0.015,-0.028, 0.453, 0.212, 1.658,-0.133, 0.285, 0.126,-0.089,-0.042, 0.000;
0.708,18.060,7.237,10.989,14.309, 0.154, 0.067, 0.138,0.570,0.000,1.445, 0.297, 0.148, 1.522,-0.598, 0.227, 0.110, 0.463, 0.057, 0.016, 0.451, 0.215, 1.660,-0.135, 0.284, 0.126,-0.089,-0.042, 0.000;
0.720,19.477,7.473,13.164,13.786, 0.161, 0.069, 0.122,0.573,0.191,-1.294, 0.289, 0.149, 1.539,-0.641, 0.185, 0.152, 0.504, 0.098,-0.026, 0.450, 0.218, 1.661,-0.137, 0.283, 0.126,-0.089,-0.043, 0.000;
0.733,17.244,6.844,10.074,14.015, 0.165, 0.069, 0.138,0.338,0.000,1.144, 0.283, 0.153, 1.525,-0.597, 0.230, 0.103, 0.457, 0.051, 0.023, 0.448, 0.222, 1.663,-0.140, 0.281, 0.126,-0.088,-0.044, 0.000;
0.737,18.190,6.844,11.408,13.626, 0.172, 0.071, 0.122,1.526,0.509,-3.447, 0.275, 0.152, 1.541,-0.613, 0.214, 0.119, 0.473, 0.067, 0.007, 0.447, 0.223, 1.663,-0.140, 0.281, 0.126,-0.088,-0.044, 0.000;
0.748,19.549,7.171,13.211,13.508, 0.176, 0.071, 0.121,0.425,0.000,-0.175, 0.270, 0.155, 1.544,-0.652, 0.177, 0.157, 0.510, 0.104,-0.031, 0.446, 0.226, 1.665,-0.142, 0.280, 0.126,-0.088,-0.045, 0.000;
0.769,19.247,10.281,11.669,17.858, 0.183, 0.071, 0.138,0.308,0.000,0.781, 0.260, 0.161, 1.530,-0.732, 0.251, 0.077, 0.586, 0.027, 0.049, 0.443, 0.232, 1.667,-0.146, 0.278, 0.126,-0.087,-0.046, 0.000;
0.782,19.270,7.728,12.597,14.402, 0.190, 0.074, 0.122,0.526,0.175,-1.189, 0.251, 0.162, 1.547,-0.689, 0.205, 0.124, 0.541, 0.072, 0.002, 0.441, 0.236, 1.669,-0.148, 0.277, 0.126,-0.087,-0.047, 0.000;
0.785,18.621,7.819,11.947,14.493, 0.194, 0.074, 0.122,1.355,0.000,0.000, 0.246, 0.163, 1.547,-0.678, 0.216, 0.136, 0.529, 0.061,-0.010, 0.440, 0.237, 1.669,-0.149, 0.277, 0.126,-0.087,-0.047, 0.000;
0.797,20.309,8.290,14.210,14.388, 0.201, 0.076, 0.122,0.570,0.190,0.000, 0.238, 0.164, 1.549,-0.721, 0.174, 0.178, 0.570, 0.102,-0.052, 0.439, 0.240, 1.671,-0.151, 0.276, 0.126,-0.087,-0.047, 0.000;
0.818,17.072,7.182,9.820,14.434, 0.208, 0.076, 0.124,0.318,0.000,0.090, 0.228, 0.170, 1.549,-0.651, 0.246, 0.104, 0.497, 0.028, 0.022, 0.435, 0.246, 1.674,-0.154, 0.274, 0.126,-0.086,-0.049, 0.000;
0.830,17.347,5.473,10.839,11.980, 0.212, 0.076, 0.122,0.383,0.000,-0.163, 0.222, 0.173, 1.553,-0.611, 0.204, 0.145, 0.455, 0.069,-0.020, 0.434, 0.249, 1.675,-0.156, 0.272, 0.126,-0.086,-0.049, 0.000;
0.842,17.867,3.359,10.662,10.563, 0.219, 0.078, 0.124,0.568,0.189,0.161, 0.213, 0.174, 1.552,-0.572, 0.161, 0.104, 0.413, 0.110, 0.022, 0.432, 0.252, 1.677,-0.158, 0.271, 0.126,-0.085,-0.050, 0.000;
0.853,15.495,3.584,8.974,10.104, 0.223, 0.078, 0.122,0.380,0.000,-0.161, 0.207, 0.177, 1.556,-0.533, 0.201, 0.145, 0.372, 0.069,-0.019, 0.430, 0.255, 1.678,-0.160, 0.270, 0.126,-0.085,-0.050, 0.000;
0.865,17.908,3.434,10.715,10.627, 0.230, 0.080, 0.124,0.593,0.198,0.168, 0.198, 0.178, 1.555,-0.575, 0.160, 0.105, 0.412, 0.109, 0.020, 0.428, 0.258, 1.679,-0.162, 0.269, 0.126,-0.084,-0.051, 0.000;
0.876,17.019,5.553,10.495,12.077, 0.237, 0.080, 0.124,0.576,0.000,0.000, 0.190, 0.181, 1.557,-0.618, 0.200, 0.146, 0.453, 0.068,-0.020, 0.426, 0.262, 1.681,-0.164, 0.268, 0.126,-0.084,-0.052, 0.000;
0.888,17.078,3.292,11.084,9.286, 0.241, 0.083, 0.109,0.381,0.191,-1.316, 0.183, 0.182, 1.573,-0.578, 0.158, 0.189, 0.412, 0.109,-0.064, 0.424, 0.265, 1.682,-0.166, 0.267, 0.126,-0.084,-0.052, 0.000;
0.901,17.043,5.400,10.216,12.227, 0.248, 0.083, 0.124,0.517,0.000,1.191, 0.174, 0.186, 1.560,-0.626, 0.202, 0.143, 0.458, 0.063,-0.017, 0.422, 0.268, 1.684,-0.168, 0.265, 0.126,-0.083,-0.053, 0.000;
0.912,16.986,6.673,9.736,13.923, 0.254, 0.083, 0.126,0.589,0.000,0.172, 0.166, 0.189, 1.559,-0.668, 0.240, 0.102, 0.498, 0.024, 0.023, 0.420, 0.271, 1.685,-0.170, 0.264, 0.126,-0.083,-0.054, 0.000;
0.923,16.998,4.560,10.434,11.124, 0.259, 0.085, 0.109,0.399,0.199,-1.552, 0.159, 0.189, 1.578,-0.630, 0.200, 0.144, 0.458, 0.063,-0.018, 0.418, 0.274, 1.687,-0.172, 0.263, 0.126,-0.083,-0.054, 0.000;
0.934,16.913,6.390,9.616,13.687, 0.266, 0.085, 0.126,0.613,0.000,1.591, 0.151, 0.192, 1.562,-0.671, 0.237, 0.104, 0.497, 0.025, 0.021, 0.416, 0.277, 1.688,-0.174, 0.262, 0.126,-0.082,-0.055, 0.000;
0.945,17.332,3.999,9.633,11.698, 0.270, 0.085, 0.124,0.407,0.000,-0.178, 0.144, 0.195, 1.565,-0.634, 0.197, 0.066, 0.458, 0.063, 0.060, 0.414, 0.280, 1.690,-0.176, 0.260, 0.126,-0.082,-0.055, 0.000;
0.956,18.873,4.477,11.826,11.525, 0.277, 0.087, 0.111,0.609,0.203,-1.246, 0.136, 0.196, 1.580,-0.675, 0.157, 0.107, 0.497, 0.102, 0.019, 0.412, 0.283, 1.691,-0.178, 0.259, 0.126,-0.081,-0.056, 0.000;
0.967,16.988,3.968,9.226,11.730, 0.281, 0.087, 0.124,0.405,0.000,1.243, 0.129, 0.198, 1.568,-0.638, 0.195, 0.067, 0.458, 0.063, 0.058, 0.410, 0.286, 1.692,-0.179, 0.258, 0.126,-0.081,-0.056, 0.000;
0.988,17.210,6.947,8.510,15.646, 0.288, 0.087, 0.126,0.316,0.000,0.092, 0.119, 0.204, 1.569,-0.716, 0.267,-0.008, 0.533,-0.011, 0.133, 0.407, 0.291, 1.695,-0.183, 0.255, 0.126,-0.080,-0.057, 0.000;
1.000,17.198,4.624,9.262,12.559, 0.295, 0.089, 0.111,0.596,0.199,-1.394, 0.110, 0.205, 1.586,-0.677, 0.226, 0.035, 0.493, 0.029, 0.091, 0.405, 0.294, 1.696,-0.185, 0.254, 0.126,-0.080,-0.058, 0.000;
1.011,15.459,4.352,6.790,13.020, 0.299, 0.089, 0.126,0.396,0.000,1.389, 0.103, 0.207, 1.572,-0.639, 0.264,-0.005, 0.453,-0.011, 0.131, 0.402, 0.297, 1.698,-0.186, 0.253, 0.126,-0.079,-0.059, 0.000;
1.022,17.183,4.885,9.234,12.833, 0.306, 0.089, 0.126,0.587,0.000,0.000, 0.095, 0.210, 1.573,-0.681, 0.222, 0.035, 0.493, 0.029, 0.091, 0.400, 0.300, 1.699,-0.188, 0.252, 0.126,-0.079,-0.059, 0.000;
1.036,16.955,2.621,9.630,9.947, 0.310, 0.092, 0.111,0.334,0.167,-1.171, 0.088, 0.211, 1.590,-0.636, 0.174, 0.085, 0.446, 0.076, 0.041, 0.398, 0.303, 1.701,-0.190, 0.250, 0.126,-0.079,-0.060, 0.000;
1.048,16.906,4.640,8.771,12.775, 0.317, 0.092, 0.126,0.547,0.000,1.278, 0.079, 0.214, 1.576,-0.681, 0.215, 0.041, 0.489, 0.033, 0.085, 0.395, 0.306, 1.702,-0.192, 0.248, 0.126,-0.078,-0.060, 0.000;
1.061,14.990,3.715,6.352,12.353, 0.321, 0.092, 0.126,0.343,0.000,0.000, 0.072, 0.218, 1.578,-0.637, 0.259,-0.005, 0.443,-0.012, 0.131, 0.393, 0.309, 1.704,-0.194, 0.247, 0.126,-0.078,-0.061, 0.000;
1.073,16.935,4.041,9.017,11.960, 0.328, 0.094, 0.111,0.572,0.191,-1.336, 0.063, 0.218, 1.595,-0.680, 0.217, 0.039, 0.484, 0.029, 0.087, 0.391, 0.312, 1.706,-0.196, 0.245, 0.126,-0.077,-0.062, 0.000;
1.085,14.913,3.467,6.226,12.153, 0.333, 0.094, 0.126,0.378,0.000,1.324, 0.056, 0.221, 1.581,-0.640, 0.257,-0.003, 0.443,-0.013, 0.129, 0.388, 0.315, 1.707,-0.198, 0.244, 0.126,-0.077,-0.062, 0.000;
1.096,16.738,3.804,8.801,11.741, 0.339, 0.096, 0.111,0.596,0.199,-1.393, 0.047, 0.222, 1.598,-0.682, 0.215, 0.039, 0.482, 0.027, 0.087, 0.386, 0.318, 1.708,-0.200, 0.243, 0.126,-0.076,-0.063, 0.000;
1.107,15.985,5.744,8.466,13.263, 0.346, 0.096, 0.112,0.600,0.000,0.159, 0.038, 0.224, 1.597,-0.723, 0.253, 0.079, 0.521,-0.012, 0.046, 0.384, 0.320, 1.710,-0.201, 0.241, 0.126,-0.076,-0.063, 0.000;
1.118,16.360,3.447,8.185,11.622, 0.350, 0.096, 0.128,0.409,0.000,1.457, 0.031, 0.227, 1.583,-0.686, 0.214, 0.039, 0.483, 0.026, 0.086, 0.382, 0.323, 1.711,-0.203, 0.240, 0.126,-0.075,-0.064, 0.000;
1.129,17.855,3.944,10.394,11.404, 0.357, 0.098, 0.112,0.616,0.205,-1.463, 0.022, 0.227, 1.600,-0.726, 0.174, 0.079, 0.521, 0.065, 0.047, 0.379, 0.326, 1.713,-0.205, 0.238, 0.126,-0.075,-0.064, 0.000;
1.140,15.541,3.809,8.481,10.868, 0.362, 0.098, 0.112,0.410,0.000,0.000, 0.016, 0.230, 1.602,-0.689, 0.211, 0.118, 0.483, 0.026, 0.008, 0.377, 0.328, 1.714,-0.206, 0.237, 0.126,-0.074,-0.065, 0.000;
1.161,18.719,4.629,12.637,10.711, 0.368, 0.098, 0.112,0.318,0.000,0.000, 0.005, 0.235, 1.604,-0.767, 0.134, 0.192, 0.557, 0.100,-0.067, 0.373, 0.333, 1.717,-0.209, 0.234, 0.126,-0.074,-0.066, 0.000;
1.172,18.761,2.160,11.943,8.978, 0.373, 0.100, 0.112,0.399,0.200,0.000,-0.002, 0.235, 1.606,-0.728, 0.093, 0.153, 0.517, 0.139,-0.027, 0.370, 0.336, 1.718,-0.211, 0.233, 0.126,-0.073,-0.066, 0.000;
1.183,17.037,1.862,9.729,9.170, 0.379, 0.100, 0.112,0.591,0.000,0.000,-0.011, 0.238, 1.607,-0.689, 0.132, 0.113, 0.477, 0.100, 0.012, 0.368, 0.338, 1.719,-0.213, 0.231, 0.126,-0.073,-0.067, 0.000;
1.195,14.937,1.878,8.299,8.516, 0.384, 0.100, 0.112,0.379,0.000,0.000,-0.018, 0.241, 1.609,-0.650, 0.172, 0.155, 0.435, 0.058,-0.029, 0.366, 0.341, 1.721,-0.214, 0.230, 0.126,-0.072,-0.067, 0.000;
1.206,17.344,1.706,10.039,9.011, 0.391, 0.103, 0.114,0.592,0.197,0.162,-0.027, 0.241, 1.608,-0.691, 0.130, 0.115, 0.475, 0.098, 0.011, 0.363, 0.344, 1.722,-0.216, 0.228, 0.126,-0.072,-0.068, 0.000;
1.220,14.408,1.681,7.872,8.217, 0.395, 0.103, 0.112,0.331,0.000,-0.135,-0.035, 0.244, 1.612,-0.646, 0.176, 0.162, 0.428, 0.051,-0.037, 0.360, 0.347, 1.724,-0.218, 0.226, 0.126,-0.071,-0.068, 0.000;
1.231,14.690,3.352,7.409,10.633, 0.402, 0.103, 0.130,0.575,0.000,1.543,-0.044, 0.247, 1.595,-0.688, 0.215, 0.118, 0.469, 0.010, 0.007, 0.358, 0.349, 1.726,-0.220, 0.225, 0.126,-0.071,-0.069, 0.000;
1.243,14.611,1.232,8.094,7.749, 0.406, 0.105, 0.114,0.380,0.190,-1.374,-0.051, 0.247, 1.613,-0.649, 0.172, 0.160, 0.427, 0.051,-0.035, 0.355, 0.352, 1.727,-0.221, 0.223, 0.126,-0.070,-0.069, 0.000;
1.255,14.087,3.533,7.991,9.629, 0.413, 0.105, 0.114,0.576,0.000,0.000,-0.060, 0.250, 1.614,-0.691, 0.211, 0.201, 0.468, 0.010,-0.075, 0.352, 0.355, 1.728,-0.223, 0.221, 0.126,-0.070,-0.070, 0.000;
1.265,14.564,1.085,7.839,7.810, 0.417, 0.105, 0.114,0.419,0.000,0.000,-0.067, 0.252, 1.616,-0.655, 0.172, 0.164, 0.431, 0.048,-0.038, 0.350, 0.357, 1.730,-0.224, 0.220, 0.126,-0.069,-0.070, 0.000;
1.276,16.547,1.187,9.346,8.388, 0.424, 0.107, 0.114,0.611,0.204,0.000,-0.076, 0.252, 1.617,-0.695, 0.132, 0.125, 0.470, 0.086, 0.000, 0.348, 0.359, 1.731,-0.226, 0.218, 0.126,-0.069,-0.071, 0.000;
1.287,14.082,1.163,7.511,7.734, 0.429, 0.107, 0.114,0.403,0.000,0.000,-0.083, 0.255, 1.618,-0.658, 0.169, 0.164, 0.431, 0.047,-0.038, 0.345, 0.362, 1.733,-0.227, 0.217, 0.126,-0.068,-0.071, 0.000;
1.299,14.383,2.619,7.163,9.838, 0.435, 0.107, 0.116,0.604,0.000,0.170,-0.093, 0.257, 1.618,-0.699, 0.207, 0.125, 0.470, 0.009, 0.001, 0.343, 0.364, 1.734,-0.229, 0.215, 0.126,-0.068,-0.072, 0.000;
1.311,14.245,0.605,7.714,7.136, 0.440, 0.109, 0.114,0.374,0.187,-0.158,-0.100, 0.257, 1.621,-0.658, 0.163, 0.167, 0.428, 0.051,-0.041, 0.340, 0.367, 1.735,-0.230, 0.214, 0.126,-0.067,-0.072, 0.000;
1.332,14.327,3.758,6.602,11.483, 0.446, 0.109, 0.116,0.311,0.000,0.088,-0.112, 0.262, 1.622,-0.737, 0.235, 0.091, 0.504,-0.025, 0.035, 0.335, 0.371, 1.738,-0.233, 0.210, 0.126,-0.066,-0.073, 0.000;
1.344,14.143,1.503,7.178,8.468, 0.451, 0.109, 0.114,0.377,0.000,-0.159,-0.119, 0.264, 1.625,-0.696, 0.192, 0.133, 0.461, 0.017,-0.007, 0.332, 0.374, 1.740,-0.235, 0.209, 0.126,-0.066,-0.074, 0.000;
1.356,14.661,-0.727,6.971,6.962, 0.458, 0.112, 0.116,0.543,0.181,0.153,-0.128, 0.265, 1.625,-0.654, 0.147, 0.090, 0.418, 0.060, 0.036, 0.329, 0.376, 1.741,-0.236, 0.207, 0.126,-0.065,-0.074, 0.000;
1.368,12.225,-0.454,5.228,6.542, 0.462, 0.112, 0.116,0.374,0.000,0.000,-0.136, 0.267, 1.627,-0.614, 0.187, 0.131, 0.376, 0.018,-0.006, 0.326, 0.379, 1.743,-0.238, 0.205, 0.126,-0.064,-0.075, 0.000;
1.380,14.714,-0.646,7.030,7.038, 0.466, 0.112, 0.116,0.379,0.000,0.000,-0.143, 0.270, 1.628,-0.657, 0.144, 0.090, 0.417, 0.060, 0.036, 0.324, 0.381, 1.744,-0.240, 0.203, 0.126,-0.064,-0.075, 0.000;
1.392,16.059,-0.401,9.088,6.570, 0.473, 0.114, 0.100,0.569,0.190,-1.399,-0.152, 0.270, 1.646,-0.700, 0.100, 0.134, 0.459, 0.101,-0.008, 0.321, 0.384, 1.746,-0.241, 0.202, 0.126,-0.063,-0.076, 0.000;
1.405,13.873,-1.019,6.041,6.812, 0.478, 0.114, 0.116,0.333,0.000,1.227,-0.160, 0.272, 1.631,-0.654, 0.146, 0.086, 0.412, 0.054, 0.040, 0.317, 0.386, 1.747,-0.243, 0.199, 0.126,-0.063,-0.076, 0.000;
1.417,14.106,0.704,5.821,8.989, 0.484, 0.114, 0.116,0.545,0.000,0.000,-0.170, 0.275, 1.633,-0.699, 0.187, 0.043, 0.455, 0.011, 0.083, 0.314, 0.389, 1.749,-0.244, 0.198, 0.126,-0.062,-0.077, 0.000;
1.429,13.980,-1.419,6.402,6.159, 0.489, 0.116, 0.100,0.386,0.193,-1.423,-0.177, 0.275, 1.651,-0.660, 0.144, 0.086, 0.414, 0.052, 0.040, 0.312, 0.391, 1.750,-0.246, 0.196, 0.126,-0.062,-0.077, 0.000;
1.441,13.997,0.567,5.615,8.949, 0.496, 0.116, 0.118,0.544,0.000,1.497,-0.187, 0.277, 1.634,-0.705, 0.185, 0.042, 0.458, 0.009, 0.084, 0.309, 0.393, 1.752,-0.247, 0.194, 0.126,-0.061,-0.078, 0.000;
1.453,14.415,-2.055,5.585,6.774, 0.500, 0.116, 0.118,0.367,0.000,0.000,-0.194, 0.280, 1.635,-0.663, 0.141,-0.001, 0.415, 0.051, 0.127, 0.306, 0.396, 1.753,-0.249, 0.192, 0.126,-0.060,-0.078, 0.000;
1.468,16.352,-1.384,8.392,6.577, 0.507, 0.118, 0.101,0.460,0.153,-1.151,-0.205, 0.280, 1.654,-0.717, 0.087, 0.054, 0.466, 0.102, 0.072, 0.302, 0.399, 1.755,-0.250, 0.190, 0.126,-0.060,-0.079, 0.000;
1.472,15.480,-1.600,7.136,6.744, 0.511, 0.118, 0.118,1.216,0.000,4.563,-0.210, 0.281, 1.638,-0.704, 0.100, 0.041, 0.453, 0.089, 0.085, 0.301, 0.399, 1.756,-0.251, 0.189, 0.126,-0.059,-0.079, 0.000;
1.483,15.530,-0.060,6.717,8.754, 0.516, 0.118, 0.118,0.402,0.000,0.000,-0.217, 0.283, 1.639,-0.744, 0.137, 0.001, 0.492, 0.050, 0.125, 0.298, 0.401, 1.757,-0.252, 0.187, 0.126,-0.059,-0.079, 0.000;
1.494,17.085,-0.060,8.948,8.078, 0.522, 0.121, 0.101,0.600,0.200,-1.499,-0.227, 0.283, 1.657,-0.785, 0.096, 0.043, 0.531, 0.090, 0.083, 0.295, 0.403, 1.759,-0.253, 0.186, 0.126,-0.058,-0.080, 0.000;
1.515,13.772,-1.032,4.370,8.370, 0.527, 0.121, 0.118,0.208,0.000,0.781,-0.237, 0.287, 1.643,-0.712, 0.168,-0.034, 0.456, 0.014, 0.160, 0.290, 0.407, 1.761,-0.256, 0.182, 0.126,-0.057,-0.080, 0.000;
1.528,13.970,-2.766,5.426,5.778, 0.531, 0.121, 0.118,0.358,0.000,0.000,-0.244, 0.289, 1.645,-0.669, 0.122, 0.010, 0.411, 0.058, 0.115, 0.287, 0.410, 1.763,-0.257, 0.180, 0.126,-0.057,-0.081, 0.000;
1.540,15.620,-2.274,7.617,5.729, 0.538, 0.123, 0.103,0.559,0.186,-1.253,-0.254, 0.289, 1.661,-0.712, 0.078, 0.055, 0.453, 0.100, 0.070, 0.284, 0.412, 1.764,-0.259, 0.178, 0.126,-0.056,-0.081, 0.000;
1.551,13.713,-2.839,4.958,5.916, 0.542, 0.123, 0.118,0.388,0.000,1.305,-0.262, 0.291, 1.648,-0.673, 0.117, 0.014, 0.413, 0.060, 0.111, 0.281, 0.414, 1.766,-0.260, 0.176, 0.126,-0.055,-0.082, 0.000;
1.563,13.314,-0.634,5.286,7.393, 0.547, 0.123, 0.118,0.384,0.000,0.000,-0.269, 0.293, 1.649,-0.715, 0.156, 0.055, 0.454, 0.019, 0.071, 0.278, 0.416, 1.767,-0.261, 0.174, 0.126,-0.055,-0.082, 0.000;
1.575,15.060,-0.643,7.583,6.834, 0.554, 0.125, 0.103,0.555,0.185,-1.245,-0.279, 0.293, 1.666,-0.759, 0.111, 0.100, 0.496, 0.062, 0.026, 0.275, 0.418, 1.769,-0.263, 0.172, 0.126,-0.054,-0.082, 0.000;
1.587,13.110,-1.209,4.865,7.035, 0.558, 0.125, 0.120,0.384,0.000,1.463,-0.287, 0.295, 1.650,-0.719, 0.150, 0.058, 0.455, 0.021, 0.068, 0.271, 0.420, 1.770,-0.264, 0.171, 0.126,-0.054,-0.083, 0.000;
1.598,15.453,-1.260,6.770,7.422, 0.565, 0.125, 0.120,0.572,0.000,0.000,-0.296, 0.297, 1.652,-0.761, 0.107, 0.016, 0.496, 0.062, 0.109, 0.268, 0.422, 1.772,-0.265, 0.169, 0.126,-0.053,-0.083, 0.000;
1.610,15.022,-3.171,7.046,4.805, 0.569, 0.127, 0.103,0.385,0.192,-1.467,-0.304, 0.297, 1.670,-0.722, 0.064, 0.060, 0.456, 0.103, 0.066, 0.265, 0.424, 1.773,-0.266, 0.167, 0.126,-0.052,-0.084, 0.000;
1.622,13.345,-3.433,4.596,5.316, 0.574, 0.127, 0.120,0.380,0.000,1.450,-0.311, 0.299, 1.654,-0.682, 0.104, 0.018, 0.414, 0.061, 0.108, 0.262, 0.426, 1.775,-0.268, 0.165, 0.126,-0.052,-0.084, 0.000;
1.633,11.917,-3.924,2.767,5.226, 0.578, 0.127, 0.120,0.403,0.000,0.000,-0.319, 0.300, 1.656,-0.644, 0.141,-0.021, 0.375, 0.022, 0.147, 0.259, 0.428, 1.776,-0.269, 0.163, 0.126,-0.051,-0.084, 0.000;
1.644,13.591,-3.586,5.103,4.902, 0.585, 0.129, 0.105,0.613,0.204,-1.394,-0.329, 0.300, 1.672,-0.684, 0.100, 0.020, 0.414, 0.061, 0.106, 0.256, 0.429, 1.777,-0.270, 0.161, 0.126,-0.051,-0.085, 0.000;
1.656,13.386,-1.966,4.124,7.296, 0.589, 0.129, 0.122,0.371,0.000,1.441,-0.336, 0.302, 1.657,-0.727, 0.140,-0.023, 0.456, 0.019, 0.149, 0.253, 0.431, 1.779,-0.271, 0.159, 0.126,-0.050,-0.085, 0.000;
1.667,13.224,-3.785,4.673,4.767, 0.594, 0.129, 0.120,0.409,0.000,-0.191,-0.344, 0.304, 1.660,-0.690, 0.100, 0.015, 0.418, 0.057, 0.110, 0.250, 0.433, 1.780,-0.272, 0.157, 0.126,-0.049,-0.085, 0.000;
1.678,15.269,-3.729,6.072,5.468, 0.600, 0.132, 0.122,0.614,0.205,0.191,-0.353, 0.303, 1.659,-0.730, 0.060,-0.023, 0.456, 0.095, 0.149, 0.247, 0.435, 1.782,-0.273, 0.155, 0.126,-0.049,-0.086, 0.000;
1.689,12.771,-3.775,4.226,4.770, 0.605, 0.132, 0.120,0.400,0.000,-0.187,-0.361, 0.305, 1.663,-0.692, 0.097, 0.017, 0.417, 0.056, 0.109, 0.244, 0.436, 1.783,-0.274, 0.153, 0.126,-0.048,-0.086, 0.000;
1.710,12.040,0.140,4.459,7.721, 0.609, 0.132, 0.122,0.211,0.000,0.098,-0.371, 0.308, 1.663,-0.768, 0.168, 0.091, 0.492,-0.018, 0.035, 0.238, 0.440, 1.786,-0.276, 0.150, 0.126,-0.047,-0.087, 0.000;
1.722,12.038,-2.209,4.893,4.935, 0.614, 0.134, 0.120,0.381,0.190,-0.178,-0.379, 0.307, 1.667,-0.727, 0.124, 0.133, 0.450, 0.023,-0.007, 0.235, 0.441, 1.787,-0.277, 0.148, 0.126,-0.046,-0.087, 0.000;
1.733,10.400,-2.583,2.582,5.235, 0.620, 0.134, 0.122,0.592,0.000,0.184,-0.389, 0.309, 1.666,-0.688, 0.162, 0.093, 0.410,-0.016, 0.033, 0.232, 0.443, 1.789,-0.278, 0.146, 0.126,-0.046,-0.087, 0.000;
1.744,11.056,-4.668,2.723,3.665, 0.625, 0.134, 0.139,0.397,0.000,1.532,-0.396, 0.311, 1.651,-0.650, 0.120, 0.051, 0.371, 0.023, 0.075, 0.229, 0.445, 1.790,-0.279, 0.144, 0.126,-0.045,-0.088, 0.000;
1.755,12.451,-4.050,4.859,3.542, 0.629, 0.136, 0.122,0.396,0.198,-1.528,-0.404, 0.310, 1.669,-0.691, 0.079, 0.092, 0.410, 0.063, 0.034, 0.225, 0.446, 1.791,-0.280, 0.142, 0.126,-0.045,-0.088, 0.000;
1.766,10.131,-4.182,2.930,3.020, 0.634, 0.136, 0.122,0.409,0.000,0.000,-0.411, 0.312, 1.671,-0.653, 0.115, 0.130, 0.372, 0.025,-0.005, 0.222, 0.448, 1.793,-0.281, 0.140, 0.126,-0.044,-0.088, 0.000;
1.777,12.469,-4.326,4.621,3.522, 0.641, 0.138, 0.124,0.604,0.201,0.195,-0.421, 0.311, 1.670,-0.693, 0.074, 0.091, 0.411, 0.064, 0.034, 0.219, 0.449, 1.794,-0.282, 0.138, 0.126,-0.043,-0.089, 0.000;
1.788,11.585,-2.348,4.371,4.866, 0.645, 0.138, 0.124,0.409,0.000,0.000,-0.429, 0.312, 1.671,-0.733, 0.110, 0.130, 0.449, 0.025,-0.004, 0.216, 0.451, 1.796,-0.283, 0.136, 0.126,-0.043,-0.089, 0.000;
1.799,12.128,-4.699,4.242,3.188, 0.650, 0.138, 0.139,0.406,0.000,1.371,-0.436, 0.314, 1.657,-0.695, 0.070, 0.089, 0.411, 0.064, 0.037, 0.213, 0.452, 1.797,-0.284, 0.134, 0.126,-0.042,-0.089, 0.000;
1.821,14.900,-3.659,8.258,2.983, 0.654, 0.141, 0.122,0.211,0.105,-0.814,-0.447, 0.315, 1.677,-0.771,-0.009, 0.166, 0.485, 0.139,-0.040, 0.207, 0.455, 1.800,-0.286, 0.130, 0.126,-0.041,-0.090, 0.000;
1.832,12.902,-4.355,5.416,3.131, 0.658, 0.141, 0.137,0.399,0.000,1.329,-0.455, 0.316, 1.664,-0.732, 0.029, 0.124, 0.445, 0.099, 0.002, 0.204, 0.457, 1.801,-0.287, 0.128, 0.126,-0.040,-0.090, 0.000;
1.844,10.595,-4.419,3.901,2.276, 0.663, 0.141, 0.122,0.355,0.000,-1.183,-0.463, 0.318, 1.680,-0.688, 0.071, 0.169, 0.400, 0.055,-0.043, 0.200, 0.458, 1.803,-0.288, 0.126, 0.126,-0.040,-0.090, 0.000;
1.857,12.625,-4.006,6.390,2.229, 0.670, 0.143, 0.122,0.539,0.180,0.000,-0.473, 0.317, 1.682,-0.733, 0.025, 0.213, 0.444, 0.098,-0.087, 0.197, 0.460, 1.804,-0.289, 0.124, 0.126,-0.039,-0.091, 0.000;
1.868,10.706,-4.701,3.791,2.214, 0.674, 0.143, 0.124,0.391,0.000,0.189,-0.481, 0.318, 1.681,-0.694, 0.063, 0.172, 0.404, 0.058,-0.046, 0.193, 0.461, 1.806,-0.290, 0.121, 0.126,-0.038,-0.091, 0.000;
1.879,12.309,-4.284,6.018,2.008, 0.679, 0.145, 0.120,0.424,0.212,-0.403,-0.488, 0.317, 1.687,-0.731, 0.024, 0.209, 0.441, 0.095,-0.084, 0.190, 0.462, 1.807,-0.291, 0.120, 0.126,-0.038,-0.091, 0.000;
1.891,10.416,-4.937,3.421,2.058, 0.683, 0.145, 0.124,0.379,0.000,0.361,-0.496, 0.319, 1.684,-0.691, 0.064, 0.168, 0.400, 0.054,-0.042, 0.187, 0.464, 1.808,-0.291, 0.117, 0.126,-0.037,-0.092, 0.000;
1.901,10.621,-3.365,3.153,4.103, 0.690, 0.145, 0.139,0.624,0.000,1.405,-0.506, 0.320, 1.670,-0.730, 0.099, 0.127, 0.438, 0.016,-0.002, 0.184, 0.465, 1.810,-0.292, 0.115, 0.126,-0.036,-0.092, 0.000;
1.912,10.461,-5.267,3.693,1.501, 0.694, 0.147, 0.127,0.406,0.203,-1.167,-0.514, 0.319, 1.685,-0.692, 0.058, 0.166, 0.399, 0.055,-0.041, 0.180, 0.466, 1.811,-0.293, 0.113, 0.126,-0.036,-0.092, 0.000;
1.923,9.901,-3.115,3.553,3.233, 0.699, 0.147, 0.122,0.405,0.000,-0.399,-0.521, 0.320, 1.690,-0.731, 0.095, 0.206, 0.438, 0.016,-0.080, 0.177, 0.468, 1.812,-0.294, 0.111, 0.126,-0.035,-0.092, 0.000;
1.934,10.432,-5.571,3.422,1.439, 0.703, 0.150, 0.124,0.407,0.204,0.197,-0.529, 0.319, 1.690,-0.694, 0.054, 0.167, 0.399, 0.055,-0.041, 0.174, 0.469, 1.814,-0.295, 0.109, 0.126,-0.034,-0.093, 0.000;
1.955,9.306,-1.376,3.448,4.483, 0.708, 0.150, 0.122,0.211,0.000,-0.102,-0.540, 0.321, 1.694,-0.769, 0.124, 0.241, 0.473,-0.019,-0.116, 0.168, 0.471, 1.817,-0.296, 0.105, 0.126,-0.033,-0.093, 0.000;
1.967,9.898,-4.122,3.248,2.528, 0.712, 0.150, 0.139,0.396,0.000,1.528,-0.548, 0.323, 1.678,-0.729, 0.083, 0.198, 0.433, 0.021,-0.073, 0.164, 0.472, 1.818,-0.297, 0.103, 0.126,-0.032,-0.093, 0.000;
1.979,8.059,-4.501,0.929,2.629, 0.716, 0.150, 0.139,0.371,0.000,0.000,-0.556, 0.324, 1.680,-0.688, 0.123, 0.154, 0.390,-0.022,-0.028, 0.161, 0.473, 1.819,-0.297, 0.101, 0.126,-0.032,-0.093, 0.000;
1.990,10.441,-4.552,2.796,3.093, 0.723, 0.152, 0.139,0.573,0.191,0.000,-0.566, 0.323, 1.681,-0.730, 0.079, 0.112, 0.431, 0.020, 0.014, 0.157, 0.475, 1.821,-0.298, 0.099, 0.126,-0.031,-0.094, 0.000;
2.002,8.482,-5.189,0.343,2.950, 0.728, 0.152, 0.142,0.396,0.000,0.218,-0.574, 0.324, 1.680,-0.691, 0.116, 0.072, 0.392,-0.020, 0.054, 0.154, 0.476, 1.822,-0.299, 0.097, 0.126,-0.030,-0.094, 0.000;
2.013,10.245,-4.658,2.786,2.801, 0.732, 0.154, 0.139,0.381,0.191,-0.210,-0.582, 0.323, 1.684,-0.733, 0.073, 0.113, 0.433, 0.022, 0.013, 0.151, 0.477, 1.824,-0.300, 0.095, 0.126,-0.030,-0.094, 0.000;
2.025,8.387,-5.361,0.251,2.775, 0.737, 0.154, 0.142,0.394,0.000,0.217,-0.589, 0.324, 1.683,-0.693, 0.110, 0.073, 0.393,-0.018, 0.053, 0.147, 0.478, 1.825,-0.300, 0.092, 0.126,-0.029,-0.094, 0.000;
2.037,10.129,-4.912,2.725,2.492, 0.741, 0.156, 0.122,0.377,0.188,-1.662,-0.597, 0.323, 1.705,-0.736, 0.066, 0.118, 0.435, 0.024, 0.008, 0.144, 0.479, 1.827,-0.301, 0.090, 0.126,-0.028,-0.095, 0.000;
2.048,7.757,-5.032,0.745,1.980, 0.745, 0.156, 0.127,0.400,0.000,0.394,-0.605, 0.324, 1.702,-0.697, 0.103, 0.158, 0.396,-0.015,-0.032, 0.140, 0.480, 1.828,-0.302, 0.088, 0.126,-0.028,-0.095, 0.000;
2.059,10.136,-5.096,2.457,2.582, 0.750, 0.156, 0.142,0.396,0.000,1.357,-0.613, 0.325, 1.688,-0.737, 0.061, 0.117, 0.435, 0.024, 0.009, 0.137, 0.481, 1.830,-0.302, 0.086, 0.126,-0.027,-0.095, 0.000;
2.071,10.369,-7.440,2.209,0.720, 0.754, 0.158, 0.144,0.369,0.185,0.210,-0.621, 0.323, 1.687,-0.695, 0.017, 0.073, 0.393, 0.067, 0.053, 0.133, 0.482, 1.831,-0.303, 0.084, 0.126,-0.026,-0.095, 0.000;
2.082,10.209,-5.674,1.587,2.949, 0.761, 0.158, 0.144,0.607,0.000,0.000,-0.631, 0.324, 1.688,-0.735, 0.053, 0.034, 0.432, 0.028, 0.092, 0.130, 0.483, 1.832,-0.303, 0.082, 0.126,-0.026,-0.095, 0.000;
2.093,10.010,-7.682,2.082,0.246, 0.763, 0.161, 0.124,0.196,0.196,-1.767,-0.637, 0.323, 1.710,-0.695, 0.011, 0.077, 0.391, 0.068, 0.049, 0.126, 0.484, 1.834,-0.304, 0.079, 0.126,-0.025,-0.095, 0.000;
2.106,8.297,-8.094,-0.450,0.653, 0.768, 0.161, 0.139,0.354,0.000,1.196,-0.645, 0.324, 1.696,-0.652, 0.053, 0.032, 0.347, 0.024, 0.093, 0.123, 0.485, 1.835,-0.305, 0.077, 0.126,-0.024,-0.096, 0.000;
2.117,8.286,-9.705,0.299,-1.717, 0.772, 0.163, 0.122,0.396,0.198,-1.531,-0.653, 0.323, 1.715,-0.613, 0.011, 0.075, 0.308, 0.064, 0.051, 0.119, 0.486, 1.837,-0.305, 0.075, 0.126,-0.024,-0.096, 0.000;
2.139,8.398,-6.512,-0.879,2.764, 0.777, 0.163, 0.139,0.204,0.000,0.788,-0.664, 0.324, 1.700,-0.691, 0.083,-0.003, 0.385,-0.013, 0.129, 0.112, 0.487, 1.840,-0.306, 0.071, 0.126,-0.022,-0.096, 0.000;
2.151,8.227,-8.662,-0.222,-0.213, 0.781, 0.163, 0.142,0.375,0.000,0.206,-0.672, 0.325, 1.699,-0.649, 0.039, 0.038, 0.342, 0.029, 0.087, 0.109, 0.488, 1.841,-0.307, 0.068, 0.126,-0.021,-0.096, 0.000;
2.163,8.015,-10.316,0.146,-2.447, 0.786, 0.165, 0.124,0.362,0.181,-1.421,-0.681, 0.324, 1.718,-0.606,-0.007, 0.085, 0.299, 0.072, 0.041, 0.105, 0.489, 1.843,-0.307, 0.066, 0.126,-0.021,-0.096, 0.000;
2.175,8.107,-8.542,-0.537,0.101, 0.790, 0.165, 0.142,0.386,0.000,1.517,-0.689, 0.324, 1.702,-0.647, 0.032, 0.043, 0.340, 0.032, 0.082, 0.101, 0.490, 1.844,-0.308, 0.064, 0.126,-0.020,-0.097, 0.000;
2.187,10.228,-8.832,1.148,0.249, 0.795, 0.167, 0.142,0.380,0.190,0.000,-0.697, 0.323, 1.704,-0.689,-0.012, 0.002, 0.381, 0.073, 0.124, 0.098, 0.490, 1.846,-0.308, 0.061, 0.126,-0.019,-0.097, 0.000;
2.199,7.540,-8.876,-0.846,-0.490, 0.799, 0.167, 0.142,0.368,0.000,0.000,-0.705, 0.324, 1.705,-0.647, 0.028, 0.045, 0.338, 0.031, 0.081, 0.094, 0.491, 1.847,-0.309, 0.059, 0.126,-0.019,-0.097, 0.000;
2.212,9.518,-8.419,1.735,-0.636, 0.804, 0.170, 0.127,0.340,0.170,-1.167,-0.714, 0.322, 1.722,-0.693,-0.020, 0.094, 0.384, 0.077, 0.032, 0.090, 0.492, 1.849,-0.309, 0.057, 0.126,-0.018,-0.097, 0.000;
2.225,7.575,-9.148,-1.033,-0.540, 0.808, 0.170, 0.144,0.357,0.000,1.428,-0.722, 0.323, 1.706,-0.650, 0.021, 0.048, 0.340, 0.033, 0.077, 0.086, 0.493, 1.850,-0.309, 0.054, 0.126,-0.017,-0.097, 0.000;
2.236,7.792,-7.453,-1.296,1.635, 0.812, 0.170, 0.165,0.380,0.000,1.763,-0.730, 0.324, 1.687,-0.691, 0.060, 0.003, 0.382,-0.008, 0.122, 0.082, 0.493, 1.852,-0.310, 0.052, 0.126,-0.016,-0.097, 0.000;
2.248,7.608,-9.417,-0.695,-1.113, 0.817, 0.172, 0.147,0.375,0.188,-1.519,-0.738, 0.322, 1.706,-0.650, 0.016, 0.046, 0.340, 0.034, 0.080, 0.079, 0.494, 1.853,-0.310, 0.050, 0.126,-0.016,-0.097, 0.000;
2.260,7.577,-7.645,-1.503,1.436, 0.821, 0.172, 0.150,0.371,0.000,0.227,-0.746, 0.322, 1.705,-0.693, 0.055, 0.003, 0.382,-0.008, 0.122, 0.075, 0.494, 1.855,-0.311, 0.047, 0.126,-0.015,-0.098, 0.000;
2.272,7.475,-9.610,-0.907,-1.228, 0.824, 0.174, 0.147,0.189,0.189,-0.231,-0.752, 0.321, 1.709,-0.651, 0.011, 0.046, 0.340, 0.033, 0.080, 0.071, 0.495, 1.856,-0.311, 0.045, 0.126,-0.014,-0.098, 0.000;
2.283,6.852,-7.319,-1.066,0.599, 0.828, 0.174, 0.147,0.395,0.000,0.000,-0.760, 0.321, 1.711,-0.691, 0.049, 0.085, 0.380,-0.006, 0.040, 0.068, 0.495, 1.858,-0.311, 0.043, 0.126,-0.013,-0.098, 0.000;
2.295,7.565,-9.880,-1.075,-1.240, 0.833, 0.174, 0.165,0.380,0.000,1.537,-0.768, 0.322, 1.694,-0.650, 0.005, 0.041, 0.339, 0.035, 0.084, 0.064, 0.496, 1.859,-0.312, 0.040, 0.126,-0.013,-0.098, 0.000;
2.307,7.232,-11.303,-0.641,-3.430, 0.835, 0.176, 0.144,0.194,0.194,-1.799,-0.774, 0.320, 1.716,-0.610,-0.038, 0.083, 0.298, 0.076, 0.042, 0.061, 0.496, 1.861,-0.312, 0.038, 0.126,-0.012,-0.098, 0.000;
2.318,8.776,-10.635,1.300,-3.159, 0.839, 0.179, 0.144,0.396,0.198,0.000,-0.782, 0.318, 1.718,-0.650,-0.079, 0.124, 0.338, 0.115, 0.002, 0.057, 0.497, 1.862,-0.312, 0.036, 0.126,-0.011,-0.098, 0.000;
2.329,7.098,-11.290,-1.053,-3.138, 0.841, 0.179, 0.162,0.204,0.000,1.621,-0.788, 0.319, 1.701,-0.611,-0.043, 0.083, 0.299, 0.077, 0.042, 0.054, 0.497, 1.863,-0.312, 0.034, 0.126,-0.011,-0.098, 0.000;
];