0.000,0.000,0.000,0.000,0.000, 0.000, 0.000, 0.000,0.000,0.000,0.000, 0.000, 0.000, 0.000, 0.000, 0.000, 0.000, 0.000, 0.000, 0.000;
0.009,-1.603,-0.907,-1.057,-1.453, 0.167, 0.203,-0.045,0.000,0.000,0.000, 0.333,-0.196, 1.631,-0.068, 0.723, 1.609, 0.056, 0.062,-0.038;
0.021,2.562,-0.755,0.431,1.376, 0.167, 0.203,-0.045,0.000,0.000,0.000, 0.332,-0.187, 1.649,-0.148, 0.650, 1.655, 0.123, 0.135,-0.084;
0.043,1.564,-0.183,0.619,0.762, 0.167, 0.203,-0.045,0.000,0.000,0.000, 0.331,-0.169, 1.684,-0.296, 0.517, 1.742, 0.243, 0.267,-0.171;
0.048,0.831,-0.252,0.018,0.561, 0.167, 0.203,-0.045,0.000,0.000,0.000, 0.331,-0.166, 1.691,-0.323, 0.494, 1.758, 0.264, 0.289,-0.187;
0.058,0.450,-0.013,0.134,0.303, 0.167, 0.203,-0.045,0.000,0.000,0.000, 0.331,-0.158, 1.708,-0.381, 0.444, 1.794, 0.310, 0.338,-0.223;
0.070,0.505,-0.384,-0.459,0.581, 0.167, 0.203,-0.045,0.000,0.000,0.000, 0.330,-0.148, 1.726,-0.446, 0.389, 1.752, 0.360, 0.392,-0.181;
0.092,0.747,-0.973,-1.320,1.094, 0.167, 0.203,-0.045,0.000,0.000,0.000, 0.327,-0.131, 1.760,-0.559, 0.295, 1.675, 0.446, 0.483,-0.105;
0.105,0.580,-1.432,-2.135,1.283, 0.167, 0.203,-0.045,0.000,0.000,0.000, 0.326,-0.121, 1.780,-0.619, 0.245, 1.631, 0.491, 0.530,-0.060;
0.111,0.502,-1.712,-2.568,1.359, 0.167, 0.203,-0.030,0.000,0.000,2.291, 0.325,-0.116, 1.776,-0.604, 0.267, 1.606, 0.467, 0.507,-0.035;
0.122,0.902,-2.034,-2.740,1.607, 0.167, 0.203,-0.030,0.000,0.000,0.000, 0.323,-0.108, 1.793,-0.577, 0.304, 1.565, 0.427, 0.467, 0.006;
0.134,1.396,-2.403,-2.818,1.811, 0.170, 0.203,-0.031,0.200,0.000,-0.042, 0.319,-0.099, 1.811,-0.551, 0.341, 1.525, 0.387, 0.427, 0.046;
0.145,1.874,-2.792,-2.922,2.003, 0.170, 0.203,-0.031,0.000,0.000,0.000, 0.317,-0.090, 1.829,-0.523, 0.380, 1.485, 0.346, 0.386, 0.086;
0.156,1.807,-2.602,-2.435,1.639, 0.170, 0.203,-0.030,0.000,0.000,0.042, 0.315,-0.082, 1.846,-0.497, 0.416, 1.523, 0.306, 0.346, 0.047;
0.167,1.756,-2.433,-1.981,1.305, 0.170, 0.203,-0.030,0.000,0.000,0.000, 0.313,-0.073, 1.864,-0.471, 0.452, 1.562, 0.267, 0.306, 0.009;
0.189,1.415,-1.963,-1.273,0.726, 0.172, 0.203,-0.031,0.102,0.000,-0.021, 0.306,-0.057, 1.898,-0.419, 0.523, 1.639, 0.190, 0.228,-0.068;
0.201,2.152,-2.519,-1.244,0.877, 0.172, 0.203,-0.031,0.000,0.000,0.000, 0.303,-0.048, 1.917,-0.391, 0.562, 1.596, 0.147, 0.185,-0.025;
0.212,2.683,-2.904,-1.322,1.100, 0.172, 0.203,-0.015,0.000,0.000,1.375, 0.301,-0.039, 1.920,-0.364, 0.597, 1.554, 0.107, 0.145, 0.017;
0.224,3.164,-3.268,-1.409,1.305, 0.174, 0.203,-0.015,0.196,0.000,-0.020, 0.295,-0.031, 1.938,-0.417, 0.633, 1.512, 0.147, 0.104, 0.058;
0.235,3.415,-3.874,-1.748,1.289, 0.174, 0.203,-0.015,0.000,0.000,0.000, 0.292,-0.022, 1.956,-0.390, 0.669, 1.471, 0.106, 0.064, 0.099;
0.247,3.333,-3.675,-1.271,0.929, 0.174, 0.203,-0.015,0.000,0.000,0.021, 0.289,-0.014, 1.973,-0.363, 0.703, 1.511, 0.067, 0.025, 0.060;
0.258,3.249,-3.477,-0.810,0.582, 0.174, 0.203,-0.015,0.000,0.000,0.000, 0.285,-0.006, 1.992,-0.335, 0.738, 1.552, 0.025,-0.017, 0.019;
0.270,3.803,-3.870,-0.923,0.856, 0.176, 0.203, 0.000,0.193,0.000,1.310, 0.279, 0.003, 1.995,-0.389, 0.773, 1.509, 0.066,-0.057, 0.062;
0.281,4.029,-4.458,-1.241,0.812, 0.176, 0.203, 0.000,0.000,0.000,0.000, 0.276, 0.010, 2.012,-0.363, 0.729, 1.470, 0.028,-0.019, 0.101;
0.292,4.280,-4.598,-1.550,1.233, 0.179, 0.203, 0.000,0.203,0.000,0.000, 0.270, 0.018, 2.029,-0.414, 0.762, 1.431, 0.067,-0.057, 0.140;
0.303,4.554,-5.168,-1.859,1.244, 0.179, 0.203, 0.015,0.000,0.000,1.407, 0.266, 0.026, 2.031,-0.388, 0.717, 1.390, 0.028,-0.019, 0.180;
0.314,4.790,-5.298,-2.164,1.656, 0.179, 0.203, 0.015,0.000,0.000,-0.021, 0.262, 0.033, 2.048,-0.438, 0.749, 1.351, 0.067,-0.058, 0.220;
0.335,5.353,-6.099,-2.736,1.990, 0.181, 0.203, 0.031,0.105,0.000,0.734, 0.252, 0.048, 2.066,-0.536, 0.662, 1.272, 0.142, 0.017, 0.299;
0.346,4.576,-5.994,-2.923,1.504, 0.181, 0.203, 0.031,0.000,0.000,0.000, 0.247, 0.056, 2.084,-0.508, 0.695, 1.312, 0.101,-0.022, 0.259;
0.358,4.480,-5.775,-2.460,1.164, 0.183, 0.203, 0.031,0.186,0.000,0.000, 0.240, 0.064, 2.103,-0.562, 0.645, 1.355, 0.143, 0.020, 0.216;
0.370,4.565,-6.195,-3.041,1.410, 0.183, 0.203, 0.046,0.000,0.000,1.318, 0.235, 0.071, 2.106,-0.533, 0.678, 1.312, 0.102,-0.021, 0.259;
0.382,5.119,-6.567,-3.143,1.696, 0.185, 0.201, 0.062,0.178,-0.178,1.303, 0.227, 0.082, 2.109,-0.590, 0.713, 1.264, 0.146,-0.065, 0.306;
0.394,5.446,-7.216,-3.437,1.667, 0.185, 0.201, 0.077,0.000,0.000,1.219, 0.222, 0.089, 2.113,-0.561, 0.664, 1.220, 0.105,-0.024, 0.351;
0.406,5.741,-7.356,-3.763,2.147, 0.185, 0.201, 0.092,0.000,0.000,1.316, 0.217, 0.097, 2.116,-0.531, 0.696, 1.175, 0.064,-0.065, 0.396;
0.418,6.286,-7.703,-3.851,2.434, 0.187, 0.201, 0.109,0.191,0.000,1.444, 0.209, 0.104, 2.118,-0.584, 0.646, 1.129, 0.105,-0.024, 0.442;
0.429,6.346,-8.107,-4.393,2.633, 0.187, 0.201, 0.122,0.000,0.000,1.200, 0.203, 0.111, 2.122,-0.555, 0.677, 1.085, 0.066,-0.063, 0.485;
0.440,6.813,-8.430,-4.493,2.875, 0.190, 0.201, 0.124,0.202,0.000,0.172, 0.196, 0.118, 2.137,-0.605, 0.630, 1.045, 0.104,-0.024, 0.526;
0.451,6.890,-8.824,-5.009,3.075, 0.190, 0.201, 0.140,0.000,0.000,1.387, 0.190, 0.124, 2.139,-0.576, 0.660, 1.003, 0.065,-0.063, 0.568;
0.462,7.532,-9.144,-5.042,3.430, 0.190, 0.199, 0.185,0.000,-0.194,3.973, 0.184, 0.133, 2.112,-0.547, 0.691, 0.955, 0.025,-0.104, 0.616;
0.474,8.103,-9.479,-5.111,3.735, 0.192, 0.199, 0.203,0.190,0.000,1.541, 0.176, 0.140, 2.112,-0.599, 0.640, 0.905, 0.067,-0.062, 0.666;
0.485,8.192,-9.918,-5.658,3.933, 0.192, 0.199, 0.219,0.000,0.000,1.345, 0.170, 0.147, 2.115,-0.570, 0.591, 0.859, 0.027,-0.023, 0.712;
0.507,8.778,-10.348,-6.321,4.751, 0.194, 0.199, 0.237,0.103,0.000,0.864, 0.155, 0.159, 2.130,-0.665, 0.648, 0.770, 0.104,-0.098, 0.801;
0.511,8.950,-11.034,-6.344,4.261, 0.194, 0.199, 0.253,0.000,0.000,3.657, 0.153, 0.161, 2.121,-0.654, 0.629, 0.754, 0.089,-0.084, 0.816;
0.522,9.255,-11.236,-6.625,4.644, 0.194, 0.199, 0.268,0.000,0.000,1.382, 0.147, 0.167, 2.123,-0.625, 0.581, 0.712, 0.050,-0.046, 0.859;
0.545,9.892,-11.673,-7.275,5.495, 0.194, 0.196, 0.297,0.000,-0.099,1.322, 0.134, 0.181, 2.129,-0.564, 0.640, 0.621,-0.029,-0.125, 0.950;
0.548,10.400,-11.786,-6.914,5.528, 0.196, 0.196, 0.317,0.625,0.000,5.445, 0.129, 0.183, 2.115,-0.580, 0.624, 0.607,-0.016,-0.112, 0.964;
0.560,10.736,-12.091,-7.221,5.866, 0.196, 0.196, 0.351,0.000,0.000,3.065, 0.123, 0.189, 2.098,-0.629, 0.573, 0.560, 0.024,-0.072, 1.010;
0.571,10.855,-12.527,-7.732,6.059, 0.196, 0.196, 0.366,0.000,0.000,1.234, 0.115, 0.194, 2.102,-0.596, 0.520, 0.513,-0.018,-0.031, 1.058;
0.593,11.368,-12.935,-8.410,6.843, 0.196, 0.196, 0.381,0.000,0.000,0.663, 0.102, 0.205, 2.122,-0.689, 0.423, 0.428, 0.059, 0.046, 1.143;
0.605,11.273,-13.524,-9.091,6.840, 0.199, 0.196, 0.401,0.189,0.000,1.719, 0.092, 0.210, 2.120,-0.739, 0.370, 0.386, 0.100, 0.087, 1.185;
0.617,11.422,-13.988,-9.556,6.991, 0.199, 0.194, 0.429,0.000,-0.186,2.365, 0.084, 0.218, 2.111,-0.705, 0.400, 0.341, 0.058, 0.044, 1.230;
0.629,12.029,-14.256,-9.583,7.355, 0.199, 0.194, 0.457,0.000,0.000,2.244, 0.076, 0.223, 2.102,-0.671, 0.431, 0.294, 0.015, 0.001, 1.277;
0.641,12.579,-14.506,-9.646,7.719, 0.199, 0.194, 0.477,0.000,0.000,1.690, 0.068, 0.229, 2.101,-0.721, 0.376, 0.249, 0.057, 0.044, 1.322;
0.653,12.670,-14.962,-10.134,7.843, 0.199, 0.194, 0.491,0.000,0.000,1.147, 0.060, 0.233, 2.106,-0.688, 0.405, 0.206, 0.016, 0.002, 1.365;
0.666,13.225,-15.216,-10.221,8.231, 0.201, 0.194, 0.512,0.175,0.000,1.624, 0.050, 0.239, 2.105,-0.741, 0.346, 0.160, 0.061, 0.047, 1.411;
0.678,13.335,-15.707,-10.700,8.327, 0.201, 0.194, 0.533,0.000,0.000,1.744, 0.041, 0.243, 2.103,-0.706, 0.376, 0.117, 0.019, 0.005, 1.454;
0.690,13.225,-15.324,-10.172,8.072, 0.201, 0.194, 0.546,0.000,0.000,1.091, 0.033, 0.248, 2.109,-0.755, 0.320, 0.160, 0.061, 0.047, 1.411;
0.702,13.413,-15.814,-10.641,8.240, 0.201, 0.192, 0.571,0.000,-0.185,2.132, 0.025, 0.254, 2.102,-0.720, 0.350, 0.116, 0.019, 0.004, 1.455;
0.706,13.838,-15.805,-10.382,8.416, 0.203, 0.192, 0.613,0.619,0.000,11.604, 0.020, 0.256, 2.066,-0.734, 0.359, 0.102, 0.031,-0.008, 1.469;
0.727,14.475,-16.417,-10.905,8.963, 0.203, 0.192, 0.625,0.000,0.000,0.569, 0.005, 0.263, 2.088,-0.822, 0.259, 0.017, 0.107, 0.067, 1.554;
0.730,14.243,-16.887,-11.279,8.635, 0.203, 0.192, 0.647,0.000,0.000,6.702, 0.002, 0.264, 2.072,-0.812, 0.267, 0.006, 0.096, 0.056, 1.565;
0.742,14.616,-17.121,-11.492,8.987, 0.203, 0.192, 0.658,0.000,0.000,0.999,-0.006, 0.268, 2.078,-0.776, 0.295,-0.037, 0.054, 0.015, 1.608;
0.764,15.382,-17.535,-11.815,9.662, 0.203, 0.192, 0.679,0.000,0.000,0.972,-0.022, 0.274, 2.091,-0.710, 0.346,-0.114,-0.022,-0.061, 1.685;
0.776,15.390,-17.054,-11.137,9.472, 0.203, 0.192, 0.700,0.000,0.000,1.748,-0.031, 0.277, 2.089,-0.758, 0.290,-0.069, 0.021,-0.019, 1.640;
0.787,15.600,-17.521,-11.529,9.608, 0.205, 0.192, 0.732,0.195,0.000,2.725,-0.041, 0.280, 2.076,-0.803, 0.316,-0.110, 0.061,-0.059, 1.681;
0.799,16.081,-18.012,-11.609,9.677, 0.205, 0.192, 0.753,0.000,0.000,1.800,-0.050, 0.283, 2.073,-0.766, 0.260,-0.152, 0.019,-0.017, 1.723;
0.812,15.592,-17.557,-11.420,9.456, 0.205, 0.192, 0.764,0.000,0.000,0.882,-0.060, 0.286, 2.082,-0.814, 0.289,-0.107, 0.063,-0.061, 1.677;
0.824,15.510,-17.459,-10.902,8.953, 0.205, 0.192, 0.785,0.000,0.000,1.691,-0.069, 0.289, 2.080,-0.774, 0.230,-0.062, 0.018,-0.016, 1.633;
0.836,15.758,-17.627,-11.310,9.441, 0.205, 0.190, 0.817,0.000,-0.184,2.607,-0.078, 0.294, 2.068,-0.820, 0.259,-0.106, 0.061,-0.059, 1.677;
0.849,16.298,-18.103,-11.355,9.550, 0.205, 0.190, 0.838,0.000,0.000,1.712,-0.088, 0.296, 2.066,-0.781, 0.201,-0.150, 0.018,-0.016, 1.721;
0.861,16.465,-18.267,-11.774,9.972, 0.205, 0.190, 0.859,0.000,0.000,1.723,-0.097, 0.298, 2.064,-0.827, 0.229,-0.193, 0.060,-0.059, 1.764;
0.873,17.040,-18.708,-11.785,10.117, 0.208, 0.190, 0.891,0.190,0.000,2.762,-0.108, 0.300, 2.050,-0.871, 0.174,-0.236, 0.102,-0.017, 1.806;
0.885,16.587,-18.619,-11.574,9.541, 0.208, 0.190, 0.903,0.000,0.000,0.967,-0.118, 0.302, 2.057,-0.832, 0.201,-0.192, 0.059,-0.060, 1.763;
0.897,17.171,-18.752,-11.648,10.067, 0.208, 0.190, 0.936,0.000,0.000,2.799,-0.127, 0.304, 2.043,-0.792, 0.145,-0.236, 0.017,-0.018, 1.807;
0.909,16.663,-18.318,-11.474,9.819, 0.208, 0.190, 0.949,0.000,0.000,0.990,-0.136, 0.305, 2.050,-0.838, 0.174,-0.192, 0.061,-0.062, 1.762;
0.921,16.625,-18.186,-10.929,9.368, 0.208, 0.190, 0.970,0.000,0.000,1.737,-0.146, 0.306, 2.048,-0.797, 0.116,-0.148, 0.018,-0.019, 1.719;
0.935,16.117,-17.763,-10.775,9.129, 0.208, 0.190, 0.983,0.000,0.000,0.960,-0.156, 0.308, 2.056,-0.845, 0.146,-0.101, 0.064,-0.065, 1.671;
0.938,16.557,-18.019,-10.543,9.082, 0.208, 0.190, 1.017,0.000,0.000,10.542,-0.159, 0.308, 2.027,-0.834, 0.130,-0.112, 0.053,-0.054, 1.683;
0.959,17.085,-18.466,-11.110,9.729, 0.208, 0.190, 1.030,0.000,0.000,0.617,-0.176, 0.309, 2.047,-0.761, 0.028,-0.192,-0.023, 0.022, 1.763;
0.971,16.451,-18.043,-11.111,9.518, 0.208, 0.190, 1.052,0.000,0.000,1.813,-0.185, 0.310, 2.045,-0.803, 0.055,-0.149, 0.019,-0.020, 1.720;
0.983,16.369,-17.887,-10.583,9.066, 0.208, 0.190, 1.065,0.000,0.000,1.138,-0.194, 0.310, 2.050,-0.762,-0.001,-0.105,-0.023, 0.022, 1.676;
0.996,16.639,-18.107,-11.024,9.556, 0.208, 0.190, 1.100,0.000,0.000,2.670,-0.205, 0.310, 2.035,-0.808, 0.029,-0.153, 0.023,-0.024, 1.723;
1.008,17.196,-18.520,-11.017,9.693, 0.208, 0.190, 1.121,0.000,0.000,1.757,-0.214, 0.310, 2.033,-0.766,-0.028,-0.194,-0.019, 0.018, 1.765;
1.019,16.708,-18.147,-10.886,9.446, 0.208, 0.190, 1.135,0.000,0.000,1.226,-0.223, 0.310, 2.037,-0.806,-0.002,-0.153, 0.021,-0.022, 1.724;
1.032,16.672,-17.952,-10.330,9.050, 0.208, 0.190, 1.156,0.000,0.000,1.675,-0.233, 0.310, 2.036,-0.763,-0.060,-0.110,-0.022, 0.021, 1.680;
1.044,16.866,-18.169,-10.775,9.471, 0.210, 0.190, 1.184,0.188,0.000,2.417,-0.244, 0.309, 2.026,-0.804,-0.033,-0.153, 0.020,-0.021, 1.723;
1.056,17.443,-18.584,-10.793,9.652, 0.210, 0.190, 1.205,0.000,0.000,1.620,-0.254, 0.308, 2.025,-0.759,-0.092,-0.197,-0.024, 0.023, 1.768;
1.069,17.619,-18.793,-11.229,10.055, 0.210, 0.190, 1.234,0.000,0.000,2.378,-0.264, 0.307, 2.015,-0.801,-0.064,-0.241, 0.020,-0.020, 1.812;
1.081,18.186,-19.169,-11.234,10.251, 0.210, 0.190, 1.254,0.000,0.000,1.626,-0.273, 0.306, 2.014,-0.756,-0.122,-0.284,-0.023, 0.023, 1.855;
1.094,17.649,-18.778,-11.079,9.950, 0.210, 0.190, 1.269,0.000,0.000,1.154,-0.283, 0.305, 2.020,-0.799,-0.092,-0.238, 0.022,-0.023, 1.808;
1.097,18.113,-18.936,-10.810,9.987, 0.210, 0.190, 1.303,0.000,0.000,11.069,-0.286, 0.305, 1.990,-0.788,-0.107,-0.249, 0.011,-0.012, 1.820;
1.118,18.642,-19.384,-11.372,10.631, 0.210, 0.190, 1.318,0.000,0.000,0.706,-0.302, 0.302, 2.009,-0.708,-0.208,-0.329,-0.064, 0.063, 1.899;
1.131,17.917,-19.047,-11.404,10.274, 0.210, 0.190, 1.333,0.000,0.000,1.223,-0.312, 0.300, 2.013,-0.749,-0.179,-0.281,-0.020, 0.019, 1.852;
1.142,17.907,-18.825,-10.824,9.905, 0.210, 0.190, 1.352,0.000,0.000,1.606,-0.321, 0.298, 2.013,-0.705,-0.234,-0.238,-0.061, 0.060, 1.809;
1.154,17.498,-18.455,-10.647,9.690, 0.210, 0.190, 1.383,0.000,0.000,2.505,-0.330, 0.296, 2.001,-0.744,-0.206,-0.195,-0.018, 0.017, 1.766;
1.166,17.459,-18.215,-10.072,9.316, 0.210, 0.190, 1.398,0.000,0.000,1.267,-0.339, 0.293, 2.005,-0.698,-0.263,-0.152,-0.060, 0.060, 1.723;
1.179,16.963,-17.896,-9.962,9.029, 0.210, 0.190, 1.413,0.000,0.000,1.253,-0.348, 0.291, 2.009,-0.738,-0.234,-0.108,-0.017, 0.017, 1.678;
1.192,17.664,-18.238,-9.963,9.389, 0.210, 0.190, 1.446,0.000,0.000,2.571,-0.358, 0.288, 1.996,-0.688,-0.294,-0.154,-0.062, 0.062, 1.725;
1.204,17.129,-17.912,-9.847,9.064, 0.210, 0.190, 1.462,0.000,0.000,1.290,-0.367, 0.285, 1.999,-0.725,-0.267,-0.112,-0.020, 0.020, 1.683;
1.215,17.115,-17.673,-9.296,8.738, 0.210, 0.190, 1.477,0.000,0.000,1.330,-0.376, 0.282, 2.002,-0.680,-0.321,-0.071,-0.061, 0.060, 1.641;
1.227,17.334,-17.945,-9.746,9.135, 0.210, 0.190, 1.508,0.000,0.000,2.533,-0.385, 0.279, 1.990,-0.718,-0.292,-0.115,-0.018, 0.017, 1.686;
1.239,17.286,-17.655,-9.148,8.780, 0.210, 0.190, 1.524,0.000,0.000,1.298,-0.393, 0.275, 1.994,-0.671,-0.348,-0.073,-0.060, 0.059, 1.644;
1.252,16.798,-17.361,-9.040,8.477, 0.210, 0.190, 1.540,0.000,0.000,1.305,-0.402, 0.272, 1.997,-0.708,-0.319,-0.030,-0.017, 0.016, 1.600;
1.263,17.460,-17.640,-9.013,8.833, 0.210, 0.190, 1.571,0.000,0.000,2.656,-0.411, 0.268, 1.984,-0.662,-0.372,-0.072,-0.057, 0.057, 1.643;
1.276,17.572,-17.948,-9.495,9.119, 0.210, 0.190, 1.586,0.000,0.000,1.218,-0.420, 0.264, 1.989,-0.700,-0.342,-0.116,-0.013, 0.012, 1.687;
1.288,17.542,-17.651,-8.902,8.792, 0.210, 0.190, 1.602,0.000,0.000,1.308,-0.428, 0.260, 1.992,-0.652,-0.397,-0.074,-0.054, 0.054, 1.645;
1.300,17.052,-17.369,-8.788,8.471, 0.210, 0.190, 1.617,0.000,0.000,1.248,-0.437, 0.256, 1.996,-0.689,-0.367,-0.030,-0.011, 0.010, 1.601;
1.312,17.726,-17.635,-8.777,8.869, 0.210, 0.190, 1.648,0.000,0.000,2.519,-0.445, 0.251, 1.984,-0.639,-0.423,-0.074,-0.053, 0.053, 1.645;
1.324,17.204,-17.342,-8.648,8.510, 0.210, 0.190, 1.663,0.000,0.000,1.261,-0.454, 0.247, 1.988,-0.675,-0.393,-0.032,-0.011, 0.010, 1.602;
1.337,17.877,-17.597,-8.648,8.928, 0.210, 0.190, 1.693,0.000,0.000,2.478,-0.462, 0.242, 1.977,-0.624,-0.450,-0.077,-0.054, 0.053, 1.647;
1.349,17.967,-17.928,-9.134,9.173, 0.210, 0.190, 1.708,0.000,0.000,1.227,-0.470, 0.237, 1.981,-0.660,-0.419,-0.120,-0.011, 0.010, 1.690;
1.361,17.910,-17.577,-8.534,8.867, 0.210, 0.190, 1.723,0.000,0.000,1.210,-0.479, 0.232, 1.986,-0.608,-0.476,-0.075,-0.054, 0.054, 1.646;
1.374,18.112,-17.899,-9.010,9.223, 0.210, 0.190, 1.753,0.000,0.000,2.395,-0.487, 0.227, 1.976,-0.643,-0.445,-0.120,-0.010, 0.010, 1.691;
1.386,18.035,-17.544,-8.415,8.905, 0.210, 0.187, 1.765,0.000,-0.182,0.971,-0.495, 0.223, 1.983,-0.592,-0.414,-0.076,-0.053,-0.033, 1.647;
1.399,17.723,-16.995,-8.110,8.839, 0.210, 0.187, 1.780,0.000,0.000,1.152,-0.503, 0.218, 1.988,-0.627,-0.471,-0.031,-0.009, 0.011, 1.601;
1.411,18.193,-17.501,-8.291,8.983, 0.210, 0.187, 1.809,0.000,0.000,2.397,-0.511, 0.212, 1.978,-0.576,-0.441,-0.074,-0.051,-0.031, 1.644;
1.423,17.831,-16.948,-7.982,8.865, 0.210, 0.187, 1.823,0.000,0.000,1.146,-0.518, 0.206, 1.983,-0.611,-0.497,-0.029,-0.007, 0.012, 1.600;
1.435,17.622,-16.892,-7.592,8.322, 0.210, 0.187, 1.837,0.000,0.000,1.153,-0.526, 0.200, 1.989,-0.558,-0.466, 0.015,-0.051,-0.031, 1.556;
1.447,17.966,-16.929,-7.894,8.932, 0.210, 0.187, 1.865,0.000,0.000,2.350,-0.533, 0.194, 1.979,-0.591,-0.519,-0.028,-0.009, 0.011, 1.599;
1.459,18.350,-17.403,-8.047,8.994, 0.210, 0.187, 1.883,0.000,0.000,1.603,-0.540, 0.188, 1.979,-0.541,-0.489,-0.068,-0.049,-0.029, 1.639;
1.471,17.989,-16.875,-7.767,8.880, 0.210, 0.187, 1.897,0.000,0.000,1.148,-0.547, 0.182, 1.984,-0.574,-0.543,-0.025,-0.006, 0.014, 1.596;
1.483,17.821,-16.786,-7.351,8.386, 0.210, 0.187, 1.916,0.000,0.000,1.529,-0.554, 0.175, 1.985,-0.521,-0.511, 0.018,-0.049,-0.029, 1.553;
1.496,18.160,-16.842,-7.693,9.011, 0.210, 0.187, 1.943,0.000,0.000,2.169,-0.561, 0.168, 1.977,-0.555,-0.567,-0.028,-0.005, 0.015, 1.599;
1.507,18.646,-17.272,-7.791,9.165, 0.212, 0.187, 1.976,0.191,0.000,2.787,-0.570, 0.162, 1.963,-0.585,-0.536,-0.071, 0.037,-0.026, 1.642;
1.519,18.512,-16.934,-7.256,8.835, 0.210, 0.187, 1.976,-0.187,0.000,0.000,-0.574, 0.155, 1.982,-0.533,-0.588,-0.028,-0.006, 0.016, 1.599;
1.531,18.721,-17.254,-7.723,9.190, 0.212, 0.187, 2.008,0.186,0.000,2.720,-0.583, 0.148, 1.968,-0.564,-0.556,-0.071, 0.037,-0.026, 1.642;
1.543,18.657,-16.848,-7.147,8.956, 0.210, 0.187, 2.021,-0.190,0.000,1.121,-0.586, 0.141, 1.973,-0.512,-0.607,-0.030,-0.005, 0.015, 1.601;
1.555,18.787,-17.213,-7.628,9.201, 0.210, 0.187, 2.041,0.000,0.000,1.691,-0.592, 0.135, 1.972,-0.461,-0.575,-0.070,-0.045,-0.025, 1.641;
1.568,18.352,-16.661,-7.354,9.045, 0.210, 0.187, 2.054,0.000,0.000,0.974,-0.599, 0.126, 1.980,-0.494,-0.632,-0.023, 0.001, 0.021, 1.593;
1.580,18.222,-16.569,-6.890,8.543, 0.210, 0.187, 2.074,0.000,0.000,1.580,-0.605, 0.119, 1.980,-0.439,-0.598, 0.022,-0.042,-0.023, 1.549;
1.593,18.514,-16.641,-7.283,9.156, 0.210, 0.187, 2.099,0.000,0.000,1.962,-0.611, 0.111, 1.974,-0.471,-0.653,-0.024, 0.003, 0.023, 1.595;
1.606,19.046,-17.067,-7.374,9.353, 0.212, 0.187, 2.131,0.179,0.000,2.573,-0.619, 0.103, 1.962,-0.503,-0.618,-0.070, 0.047,-0.021, 1.641;
1.618,18.933,-16.640,-6.807,9.100, 0.210, 0.187, 2.139,-0.180,0.000,0.624,-0.622, 0.095, 1.974,-0.446,-0.670,-0.026, 0.003, 0.022, 1.597;
1.630,19.158,-16.975,-7.263,9.447, 0.212, 0.187, 2.175,0.185,0.000,2.979,-0.630, 0.087, 1.957,-0.477,-0.636,-0.071, 0.045,-0.020, 1.641;
1.642,19.046,-16.547,-6.717,9.216, 0.212, 0.187, 2.183,0.000,0.000,0.684,-0.635, 0.079, 1.967,-0.422,-0.686,-0.028, 0.004, 0.022, 1.599;
1.654,18.595,-16.410,-6.610,8.795, 0.210, 0.187, 2.194,-0.193,0.000,1.010,-0.638, 0.071, 1.974,-0.369,-0.653, 0.014,-0.037,-0.019, 1.557;
1.665,18.828,-16.444,-6.998,9.382, 0.210, 0.187, 2.223,0.000,0.000,2.512,-0.642, 0.064, 1.963,-0.397,-0.700,-0.027, 0.003, 0.021, 1.598;
1.677,18.646,-16.293,-6.520,8.873, 0.210, 0.187, 2.234,0.000,0.000,0.935,-0.647, 0.055, 1.971,-0.342,-0.665, 0.016,-0.040,-0.022, 1.555;
1.690,18.923,-16.360,-6.939,9.502, 0.212, 0.187, 2.264,0.176,0.000,2.317,-0.654, 0.047, 1.961,-0.373,-0.717,-0.030, 0.005, 0.023, 1.601;
1.702,19.438,-16.784,-6.992,9.646, 0.212, 0.187, 2.286,0.000,0.000,1.848,-0.658, 0.038, 1.958,-0.401,-0.682,-0.073, 0.046,-0.019, 1.643;
1.714,19.273,-16.308,-6.473,9.438, 0.212, 0.187, 2.295,0.000,0.000,0.748,-0.663, 0.029, 1.968,-0.343,-0.733,-0.027, 0.002, 0.026, 1.598;
1.726,18.848,-16.141,-6.325,9.032, 0.210, 0.187, 2.315,-0.184,0.000,1.679,-0.664, 0.021, 1.967,-0.287,-0.697, 0.016,-0.041,-0.017, 1.555;
1.739,19.037,-16.253,-6.798,9.582, 0.212, 0.187, 2.336,0.176,0.000,1.607,-0.671, 0.012, 1.967,-0.317,-0.748,-0.029, 0.004, 0.027, 1.599;
1.752,18.945,-16.057,-6.235,9.123, 0.212, 0.187, 2.356,0.000,0.000,1.628,-0.674, 0.003, 1.966,-0.259,-0.710, 0.015,-0.040,-0.017, 1.555;
1.763,19.114,-16.145,-6.667,9.636, 0.212, 0.187, 2.377,0.000,0.000,1.778,-0.678,-0.006, 1.964,-0.206,-0.755,-0.025,-0.080, 0.024, 1.596;
1.775,19.292,-16.544,-7.066,9.814, 0.212, 0.187, 2.397,0.000,0.000,1.706,-0.681,-0.014, 1.962,-0.234,-0.719,-0.067,-0.038,-0.018, 1.638;
1.787,19.772,-16.612,-7.159,10.320, 0.212, 0.187, 2.417,0.000,0.000,1.704,-0.684,-0.023, 1.960,-0.262,-0.766,-0.109, 0.004, 0.024, 1.680;
1.799,19.662,-16.389,-6.626,9.899, 0.212, 0.187, 2.438,0.000,0.000,1.650,-0.687,-0.032, 1.959,-0.291,-0.727,-0.066, 0.047,-0.019, 1.637;
1.812,19.511,-15.905,-6.158,9.763, 0.212, 0.185, 2.449,0.000,-0.180,0.895,-0.690,-0.039, 1.968,-0.233,-0.688,-0.021, 0.004,-0.063, 1.592;
1.823,19.084,-15.409,-6.041,9.716, 0.212, 0.185, 2.469,0.000,0.000,1.779,-0.693,-0.048, 1.965,-0.259,-0.733, 0.020, 0.044,-0.023, 1.551;
1.834,19.589,-15.785,-6.132,9.936, 0.212, 0.185, 2.489,0.000,0.000,1.782,-0.695,-0.057, 1.963,-0.206,-0.696,-0.021, 0.004,-0.063, 1.591;
1.846,19.113,-15.344,-5.995,9.763, 0.212, 0.185, 2.501,0.000,0.000,1.016,-0.697,-0.065, 1.969,-0.232,-0.740, 0.020, 0.044,-0.023, 1.551;
1.857,19.614,-15.707,-6.078,9.985, 0.212, 0.185, 2.521,0.000,0.000,1.853,-0.699,-0.074, 1.966,-0.180,-0.705,-0.018, 0.005,-0.061, 1.589;
1.869,19.756,-15.807,-6.508,10.457, 0.212, 0.185, 2.542,0.000,0.000,1.706,-0.701,-0.083, 1.965,-0.208,-0.749,-0.060, 0.047,-0.019, 1.631;
1.880,19.645,-15.627,-6.006,10.024, 0.212, 0.185, 2.554,0.000,0.000,1.058,-0.703,-0.092, 1.970,-0.154,-0.712,-0.019, 0.007,-0.059, 1.590;
1.892,19.841,-15.684,-6.452,10.609, 0.212, 0.185, 2.586,0.000,0.000,2.796,-0.705,-0.101, 1.956,-0.181,-0.756,-0.062, 0.048,-0.019, 1.632;
1.914,20.590,-16.257,-6.789,11.122, 0.212, 0.185, 2.606,0.000,0.000,0.914,-0.707,-0.118, 1.971,-0.077,-0.683,-0.141,-0.029,-0.095, 1.711;
1.926,19.874,-15.788,-6.822,10.908, 0.212, 0.185, 2.619,0.000,0.000,1.061,-0.709,-0.127, 1.977,-0.104,-0.727,-0.095, 0.012,-0.053, 1.665;
1.930,20.004,-15.767,-6.492,10.730, 0.212, 0.185, 2.639,0.000,0.000,4.540,-0.709,-0.130, 1.964,-0.083,-0.743,-0.078,-0.003,-0.038, 1.649;
1.950,19.446,-15.220,-6.004,10.230, 0.212, 0.185, 2.652,0.000,0.000,0.643,-0.710,-0.146, 1.982, 0.012,-0.815,-0.006,-0.073, 0.032, 1.577;
1.953,19.251,-15.567,-6.119,9.802, 0.212, 0.185, 2.671,0.000,0.000,6.949,-0.711,-0.148, 1.967, 0.005,-0.805, 0.005,-0.063, 0.022, 1.566;
1.975,19.884,-15.876,-6.610,10.618, 0.212, 0.185, 2.698,0.000,0.000,1.213,-0.712,-0.165, 1.975,-0.044,-0.731,-0.075, 0.013,-0.054, 1.646;
1.987,19.732,-15.195,-6.088,10.626, 0.212, 0.185, 2.717,0.000,0.000,1.627,-0.712,-0.175, 1.974, 0.013,-0.773,-0.030,-0.029,-0.012, 1.601;
2.000,19.291,-15.042,-5.832,10.081, 0.212, 0.185, 2.731,0.000,0.000,0.987,-0.712,-0.185, 1.982,-0.018,-0.726, 0.020, 0.019,-0.060, 1.551;
2.003,19.365,-14.734,-5.653,10.285, 0.212, 0.185, 2.750,0.000,0.000,6.928,-0.712,-0.188, 1.967,-0.005,-0.736, 0.030, 0.009,-0.050, 1.541;
2.014,19.681,-14.885,-5.922,10.718, 0.212, 0.185, 2.778,0.000,0.000,2.441,-0.712,-0.197, 1.957, 0.048,-0.775,-0.012,-0.030,-0.010, 1.583;
2.026,19.883,-15.339,-6.266,10.809, 0.212, 0.185, 2.792,0.000,0.000,1.223,-0.712,-0.205, 1.961, 0.022,-0.734,-0.053, 0.010,-0.050, 1.623;
2.048,20.510,-15.600,-6.739,11.649, 0.212, 0.185, 2.810,0.000,0.000,0.857,-0.711,-0.223, 1.977, 0.127,-0.810,-0.131,-0.068, 0.027, 1.701;
2.052,20.287,-15.886,-6.724,11.125, 0.212, 0.185, 2.839,0.000,0.000,6.803,-0.710,-0.226, 1.955, 0.117,-0.796,-0.116,-0.053, 0.013, 1.686;
2.064,20.621,-15.977,-6.962,11.605, 0.212, 0.185, 2.857,0.000,0.000,1.577,-0.710,-0.235, 1.955, 0.090,-0.753,-0.157,-0.012,-0.028, 1.728;
2.075,20.398,-15.417,-6.592,11.572, 0.214, 0.185, 2.875,0.198,0.000,1.609,-0.711,-0.244, 1.955, 0.065,-0.791,-0.117, 0.028, 0.011, 1.688;
2.098,20.046,-14.835,-5.800,11.012, 0.214, 0.185, 2.889,0.000,0.000,0.621,-0.708,-0.262, 1.977, 0.172,-0.707,-0.036,-0.052,-0.069, 1.607;
2.102,19.565,-14.657,-6.133,11.041, 0.214, 0.185, 2.918,0.000,0.000,6.476,-0.708,-0.265, 1.955, 0.162,-0.722,-0.020,-0.037,-0.053, 1.591;
2.113,19.908,-14.842,-6.291,11.357, 0.214, 0.185, 2.933,0.000,0.000,1.394,-0.706,-0.273, 1.957, 0.138,-0.756,-0.057,-0.000,-0.017, 1.628;
2.124,20.391,-15.109,-6.371,11.653, 0.214, 0.185, 2.950,0.000,0.000,1.504,-0.705,-0.282, 1.957, 0.193,-0.713,-0.097,-0.041,-0.057, 1.668;
2.146,20.738,-15.475,-7.134,12.397, 0.214, 0.185, 2.979,0.000,0.000,1.329,-0.701,-0.299, 1.963, 0.143,-0.784,-0.176, 0.036, 0.019, 1.747;
2.149,21.031,-15.513,-6.609,12.127, 0.214, 0.185, 2.993,0.000,0.000,4.101,-0.701,-0.302, 1.954, 0.160,-0.770,-0.163, 0.023, 0.007, 1.734;
2.161,20.660,-15.091,-6.360,11.929, 0.214, 0.185, 3.008,0.000,0.000,1.251,-0.698,-0.310, 1.957, 0.215,-0.726,-0.120,-0.018,-0.034, 1.691;
2.172,20.758,-15.239,-6.869,12.388, 0.214, 0.185, 3.037,0.000,0.000,2.598,-0.696,-0.319, 1.946, 0.188,-0.762,-0.160, 0.022, 0.005, 1.731;
2.194,20.389,-14.633,-6.095,11.851, 0.214, 0.185, 3.052,0.000,0.000,0.683,-0.691,-0.335, 1.965, 0.290,-0.679,-0.083,-0.054,-0.070, 1.654;
2.207,19.652,-14.360,-6.227,11.519, 0.214, 0.185, 3.067,0.000,0.000,1.185,-0.688,-0.345, 1.970, 0.260,-0.718,-0.036,-0.010,-0.026, 1.607;
2.219,19.613,-13.961,-5.679,11.331, 0.214, 0.185, 3.097,0.000,0.000,2.418,-0.685,-0.354, 1.959, 0.318,-0.670, 0.008,-0.053,-0.069, 1.563;
2.231,19.060,-13.624,-5.617,11.053, 0.214, 0.185, 3.112,0.000,0.000,1.216,-0.682,-0.363, 1.964, 0.289,-0.708, 0.051,-0.010,-0.026, 1.520;
2.243,19.624,-13.823,-5.688,11.488, 0.214, 0.185, 3.142,0.000,0.000,2.584,-0.678,-0.371, 1.952, 0.343,-0.662, 0.009,-0.051,-0.067, 1.562;
2.254,19.664,-14.071,-6.191,11.784, 0.214, 0.185, 3.157,0.000,0.000,1.288,-0.675,-0.380, 1.955, 0.315,-0.697,-0.032,-0.010,-0.026, 1.603;
2.267,19.546,-13.706,-5.646,11.486, 0.214, 0.185, 3.171,0.000,0.000,1.177,-0.671,-0.389, 1.960, 0.374,-0.647, 0.013,-0.054,-0.071, 1.558;
2.280,19.656,-13.948,-6.239,11.946, 0.214, 0.185, 3.201,0.000,0.000,2.317,-0.667,-0.398, 1.951, 0.343,-0.685,-0.034,-0.009,-0.025, 1.604;
2.292,19.569,-13.596,-5.682,11.655, 0.214, 0.185, 3.216,0.000,0.000,1.247,-0.663,-0.406, 1.955, 0.398,-0.637, 0.008,-0.051,-0.067, 1.562;
2.303,19.050,-13.316,-5.645,11.380, 0.214, 0.183, 3.231,0.000,-0.194,1.287,-0.659,-0.412, 1.958, 0.371,-0.590, 0.049,-0.010,-0.108, 1.521;
2.316,19.350,-13.288,-6.032,12.094, 0.214, 0.185, 3.262,0.000,0.179,2.510,-0.654,-0.423, 1.946, 0.428,-0.627, 0.003,-0.054,-0.063, 1.567;
2.328,19.661,-13.803,-6.273,12.131, 0.214, 0.185, 3.277,0.000,0.000,1.265,-0.650,-0.431, 1.950, 0.399,-0.662,-0.038,-0.013,-0.022, 1.609;
2.340,20.194,-13.956,-6.363,12.601, 0.214, 0.185, 3.307,0.000,0.000,2.413,-0.645,-0.440, 1.939, 0.455,-0.611,-0.083,-0.056,-0.065, 1.654;
2.352,20.229,-14.244,-6.893,12.879, 0.214, 0.185, 3.324,0.000,0.000,1.449,-0.640,-0.448, 1.941, 0.426,-0.646,-0.125,-0.013,-0.023, 1.696;
2.363,20.137,-13.876,-6.376,12.637, 0.214, 0.185, 3.339,0.000,0.000,1.297,-0.635,-0.455, 1.944, 0.478,-0.598,-0.084,-0.054,-0.063, 1.655;
2.375,19.616,-13.607,-6.319,12.328, 0.214, 0.183, 3.354,0.000,-0.189,1.250,-0.630,-0.461, 1.948, 0.449,-0.549,-0.042,-0.012,-0.104, 1.613;
2.388,19.212,-13.012,-6.090,12.291, 0.214, 0.183, 3.372,0.000,0.000,1.383,-0.624,-0.469, 1.950, 0.508,-0.586, 0.004,-0.058,-0.058, 1.567;
2.400,18.965,-12.963,-5.764,11.766, 0.214, 0.183, 3.387,0.000,0.000,1.254,-0.619,-0.477, 1.954, 0.478,-0.618, 0.046,-0.017,-0.017, 1.524;
2.411,19.504,-13.045,-5.878,12.338, 0.217, 0.185, 3.426,0.194,0.194,3.421,-0.616,-0.486, 1.933, 0.449,-0.651, 0.003, 0.024, 0.024, 1.568;
2.424,19.388,-12.681,-5.320,12.027, 0.217, 0.183, 3.430,0.000,-0.182,0.343,-0.610,-0.492, 1.948, 0.504,-0.598, 0.046,-0.019,-0.020, 1.525;
2.436,19.490,-12.893,-5.944,12.541, 0.217, 0.185, 3.473,0.000,0.181,3.445,-0.604,-0.502, 1.925, 0.472,-0.632,-0.001, 0.024, 0.024, 1.572;
2.449,20.002,-13.164,-6.014,12.852, 0.217, 0.183, 3.478,0.000,-0.174,0.380,-0.597,-0.507, 1.940, 0.530,-0.577,-0.046,-0.021,-0.021, 1.617;
2.461,20.038,-13.410,-6.602,13.229, 0.217, 0.183, 3.511,0.000,0.000,2.802,-0.591,-0.514, 1.925, 0.499,-0.609,-0.090, 0.021, 0.020, 1.661;
2.473,20.517,-13.505,-6.702,13.714, 0.217, 0.185, 3.539,0.000,0.189,2.350,-0.585,-0.523, 1.916, 0.551,-0.641,-0.134,-0.020, 0.062, 1.705;
2.485,20.901,-13.961,-6.912,13.852, 0.217, 0.185, 3.558,0.000,0.000,1.597,-0.578,-0.530, 1.916, 0.519,-0.587,-0.178, 0.023, 0.019, 1.749;
2.498,21.090,-14.002,-7.351,14.440, 0.217, 0.185, 3.578,0.000,0.000,1.532,-0.571,-0.538, 1.916, 0.576,-0.622,-0.224,-0.023, 0.064, 1.794;
2.510,20.841,-13.894,-6.940,13.888, 0.217, 0.185, 3.592,0.000,0.000,1.118,-0.564,-0.544, 1.922, 0.544,-0.568,-0.179, 0.020, 0.022, 1.750;
2.521,20.998,-13.830,-7.365,14.534, 0.217, 0.185, 3.625,0.000,0.000,3.162,-0.558,-0.550, 1.905, 0.590,-0.596,-0.218,-0.017, 0.059, 1.788;
2.533,21.354,-14.225,-7.584,14.713, 0.217, 0.185, 3.646,0.000,0.000,1.676,-0.551,-0.557, 1.904, 0.558,-0.542,-0.261, 0.025, 0.016, 1.832;
2.545,20.884,-13.686,-7.400,14.598, 0.217, 0.185, 3.659,0.000,0.000,1.082,-0.544,-0.563, 1.909, 0.610,-0.573,-0.217,-0.017, 0.059, 1.788;
2.557,20.690,-13.550,-7.031,14.172, 0.217, 0.185, 3.679,0.000,0.000,1.756,-0.537,-0.569, 1.907, 0.579,-0.521,-0.176, 0.024, 0.017, 1.746;
2.568,20.262,-13.017,-6.902,14.147, 0.217, 0.185, 3.700,0.000,0.000,1.802,-0.530,-0.575, 1.905, 0.628,-0.551,-0.135,-0.017, 0.058, 1.706;
2.580,20.661,-13.452,-7.128,14.337, 0.217, 0.185, 3.721,0.000,0.000,1.743,-0.523,-0.580, 1.903, 0.595,-0.497,-0.178, 0.026, 0.016, 1.748;
2.591,20.205,-12.908,-6.998,14.295, 0.217, 0.185, 3.742,0.000,0.000,1.899,-0.516,-0.586, 1.899, 0.642,-0.525,-0.139,-0.013, 0.055, 1.709;
2.603,20.595,-13.318,-7.211,14.488, 0.217, 0.185, 3.764,0.000,0.000,1.843,-0.509,-0.591, 1.896, 0.610,-0.473,-0.179, 0.027, 0.014, 1.750;
2.615,20.718,-13.348,-7.678,15.048, 0.217, 0.185, 3.788,0.000,0.000,2.019,-0.501,-0.597, 1.890, 0.662,-0.503,-0.223,-0.015, 0.056, 1.793;
2.626,21.093,-13.747,-7.842,15.188, 0.217, 0.185, 3.809,0.000,0.000,1.855,-0.493,-0.602, 1.887, 0.629,-0.451,-0.263, 0.025, 0.016, 1.833;
2.638,21.195,-13.792,-8.298,15.700, 0.217, 0.185, 3.831,0.000,0.000,1.822,-0.486,-0.607, 1.884, 0.678,-0.480,-0.303,-0.016, 0.057, 1.874;
2.649,21.004,-13.609,-7.896,15.290, 0.217, 0.185, 3.852,0.000,0.000,1.899,-0.478,-0.611, 1.880, 0.646,-0.429,-0.264, 0.023, 0.018, 1.835;
2.671,21.363,-13.914,-8.649,16.098, 0.217, 0.185, 3.873,0.000,0.000,0.985,-0.464,-0.620, 1.893, 0.736,-0.482,-0.340,-0.053, 0.094, 1.911;
2.683,21.252,-13.907,-8.063,15.409, 0.217, 0.185, 3.895,0.000,0.000,1.737,-0.455,-0.625, 1.891, 0.700,-0.425,-0.294,-0.010, 0.050, 1.864;
2.696,20.726,-13.418,-7.929,15.238, 0.217, 0.185, 3.905,0.000,0.000,0.849,-0.446,-0.629, 1.900, 0.751,-0.368,-0.246,-0.053, 0.007, 1.817;
2.709,20.190,-13.207,-7.819,14.802, 0.217, 0.185, 3.927,0.000,0.000,1.692,-0.437,-0.634, 1.899, 0.713,-0.399,-0.198,-0.008, 0.052, 1.769;
2.713,20.242,-12.914,-7.589,14.918, 0.217, 0.185, 3.949,0.000,0.000,5.573,-0.435,-0.635, 1.883, 0.728,-0.381,-0.184,-0.022, 0.038, 1.754;
2.733,20.651,-13.329,-8.202,15.524, 0.217, 0.185, 3.970,0.000,0.000,1.080,-0.420,-0.642, 1.893, 0.668,-0.288,-0.256, 0.049,-0.032, 1.827;
2.745,19.964,-12.748,-8.196,15.412, 0.217, 0.185, 3.992,0.000,0.000,1.730,-0.411,-0.646, 1.891, 0.719,-0.318,-0.210, 0.005, 0.012, 1.780;
2.751,19.954,-12.725,-7.903,15.132, 0.217, 0.185, 4.014,0.000,0.000,3.432,-0.407,-0.648, 1.879, 0.699,-0.289,-0.187, 0.027,-0.010, 1.758;
2.759,20.014,-12.754,-8.233,15.493, 0.217, 0.185, 4.035,0.000,0.000,2.793,-0.401,-0.650, 1.870, 0.730,-0.307,-0.214,-0.000, 0.017, 1.785;
2.781,20.611,-13.320,-8.691,15.982, 0.217, 0.185, 4.047,0.000,0.000,0.557,-0.385,-0.656, 1.892, 0.664,-0.206,-0.290, 0.075,-0.059, 1.861;
2.792,19.900,-12.739,-8.792,15.953, 0.217, 0.185, 4.081,0.000,0.000,2.919,-0.377,-0.659, 1.876, 0.710,-0.234,-0.248, 0.034,-0.018, 1.819;
2.805,19.725,-12.575,-8.321,15.471, 0.217, 0.185, 4.090,0.000,0.000,0.744,-0.368,-0.662, 1.886, 0.757,-0.177,-0.203,-0.008,-0.060, 1.774;
2.816,19.838,-12.975,-8.837,15.699, 0.217, 0.185, 4.124,0.000,0.000,2.961,-0.359,-0.665, 1.870, 0.801,-0.204,-0.244,-0.048,-0.020, 1.815;
2.828,20.245,-13.325,-8.967,15.888, 0.217, 0.185, 4.146,0.000,0.000,1.834,-0.350,-0.667, 1.867, 0.765,-0.149,-0.285,-0.008,-0.061, 1.856;
2.840,19.694,-12.854,-8.892,15.731, 0.217, 0.187, 4.167,0.000,0.187,1.766,-0.341,-0.672, 1.865, 0.810,-0.177,-0.243,-0.050,-0.018, 1.814;
2.851,19.586,-12.652,-8.437,15.371, 0.217, 0.187, 4.188,0.000,0.000,1.797,-0.332,-0.674, 1.862, 0.773,-0.204,-0.202,-0.009, 0.022, 1.773;
2.863,19.955,-12.728,-8.685,15.912, 0.217, 0.187, 4.208,0.000,0.000,1.734,-0.323,-0.676, 1.860, 0.818,-0.148,-0.244,-0.050,-0.019, 1.815;
2.875,20.077,-13.125,-9.164,16.117, 0.217, 0.187, 4.242,0.000,0.000,2.820,-0.314,-0.678, 1.845, 0.779,-0.176,-0.288,-0.008, 0.023, 1.859;
2.887,19.804,-12.589,-8.765,15.981, 0.217, 0.187, 4.256,0.000,0.000,1.101,-0.304,-0.680, 1.851, 0.825,-0.118,-0.244,-0.052,-0.021, 1.815;
2.900,19.346,-12.473,-8.617,15.490, 0.217, 0.187, 4.276,0.000,0.000,1.596,-0.295,-0.681, 1.850, 0.783,-0.147,-0.200,-0.007, 0.024, 1.770;
2.912,19.116,-11.973,-8.264,15.407, 0.217, 0.187, 4.290,0.000,0.000,1.175,-0.286,-0.683, 1.855, 0.826,-0.091,-0.157,-0.048,-0.017, 1.728;
2.924,19.276,-12.404,-8.752,15.625, 0.217, 0.187, 4.323,0.000,0.000,2.867,-0.276,-0.684, 1.840, 0.786,-0.118,-0.200,-0.007, 0.024, 1.771;
2.935,19.001,-11.880,-8.390,15.511, 0.217, 0.187, 4.338,0.000,0.000,1.211,-0.267,-0.685, 1.844, 0.829,-0.063,-0.159,-0.048,-0.017, 1.730;
2.947,18.603,-11.800,-8.253,15.056, 0.217, 0.187, 4.357,0.000,0.000,1.743,-0.258,-0.686, 1.842, 0.791,-0.089,-0.120,-0.008, 0.023, 1.690;
2.958,18.909,-11.809,-8.567,15.667, 0.217, 0.187, 4.391,0.000,0.000,2.963,-0.250,-0.686, 1.826, 0.831,-0.035,-0.162,-0.048,-0.017, 1.732;
2.970,19.074,-12.294,-8.953,15.733, 0.217, 0.187, 4.405,0.000,0.000,1.218,-0.240,-0.687, 1.830, 0.791,-0.062,-0.203,-0.006, 0.024, 1.774;
2.981,18.785,-11.758,-8.632,15.660, 0.217, 0.187, 4.424,0.000,0.000,1.606,-0.231,-0.687, 1.830, 0.832,-0.006,-0.162,-0.047,-0.017, 1.733;
2.993,18.968,-12.225,-9.079,15.822, 0.217, 0.187, 4.453,0.000,0.000,2.478,-0.222,-0.687, 1.819, 0.792,-0.033,-0.204,-0.006, 0.024, 1.775;
3.004,18.678,-11.711,-8.761,15.728, 0.217, 0.187, 4.467,0.000,0.000,1.304,-0.213,-0.687, 1.822, 0.831, 0.020,-0.165,-0.046,-0.015, 1.736;
3.026,18.025,-11.347,-8.340,15.018, 0.217, 0.187, 4.486,0.000,0.000,0.832,-0.196,-0.687, 1.839, 0.754,-0.029,-0.088, 0.031, 0.061, 1.659;
3.032,17.931,-10.864,-8.202,15.269, 0.217, 0.187, 4.515,0.000,0.000,5.022,-0.191,-0.687, 1.818, 0.774,-0.001,-0.067, 0.011, 0.041, 1.638;
3.041,18.079,-11.151,-8.482,15.410, 0.217, 0.187, 4.530,0.000,0.000,1.675,-0.184,-0.686, 1.817, 0.804, 0.041,-0.098,-0.021, 0.010, 1.669;
3.062,18.517,-11.800,-9.111,15.827, 0.217, 0.187, 4.547,0.000,0.000,0.812,-0.168,-0.685, 1.834, 0.727,-0.008,-0.174, 0.055, 0.085, 1.745;
3.074,18.186,-11.110,-8.816,15.892, 0.217, 0.187, 4.577,0.000,0.000,2.538,-0.159,-0.684, 1.822, 0.767, 0.047,-0.132, 0.014, 0.044, 1.702;
3.086,17.794,-11.031,-8.583,15.346, 0.217, 0.187, 4.592,0.000,0.000,1.222,-0.149,-0.683, 1.827, 0.722, 0.105,-0.087, 0.056, 0.001, 1.658;
3.099,17.185,-10.694,-8.542,15.033, 0.217, 0.187, 4.607,0.000,0.000,1.140,-0.139,-0.681, 1.832, 0.766, 0.075,-0.040, 0.010, 0.047, 1.611;
3.112,17.688,-11.010,-8.705,15.383, 0.217, 0.187, 4.637,0.000,0.000,2.442,-0.129,-0.680, 1.822, 0.720, 0.133,-0.084, 0.053, 0.004, 1.655;
3.124,17.061,-10.673,-8.652,15.041, 0.217, 0.187, 4.652,0.000,0.000,1.202,-0.120,-0.678, 1.826, 0.761, 0.104,-0.039, 0.009, 0.048, 1.610;
3.136,16.969,-10.422,-8.177,14.724, 0.217, 0.187, 4.668,0.000,0.000,1.344,-0.111,-0.676, 1.829, 0.717, 0.160, 0.003, 0.050, 0.007, 1.568;
3.148,16.986,-10.694,-8.810,15.102, 0.217, 0.187, 4.697,0.000,0.000,2.500,-0.101,-0.674, 1.818, 0.756, 0.132,-0.041, 0.008, 0.048, 1.612;
3.161,17.469,-11.016,-8.932,15.386, 0.217, 0.187, 4.712,0.000,0.000,1.159,-0.092,-0.672, 1.823, 0.707, 0.193,-0.086, 0.054, 0.003, 1.657;
3.171,17.409,-11.258,-9.527,15.678, 0.214, 0.187, 4.742,-0.209,0.000,2.796,-0.081,-0.669, 1.810, 0.741, 0.168,-0.124, 0.016, 0.041, 1.695;
3.184,17.861,-11.526,-9.697,16.032, 0.214, 0.187, 4.772,0.000,0.000,2.393,-0.072,-0.667, 1.800, 0.781, 0.227,-0.171,-0.028,-0.003, 1.742;
3.196,18.126,-12.086,-10.023,16.063, 0.214, 0.187, 4.787,0.000,0.000,1.183,-0.063,-0.664, 1.805, 0.732, 0.197,-0.215, 0.016, 0.041, 1.786;
3.209,17.744,-11.582,-9.714,15.877, 0.217, 0.187, 4.788,0.181,0.000,0.091,-0.056,-0.661, 1.823, 0.684, 0.255,-0.168, 0.060,-0.002, 1.739;
3.221,17.713,-11.841,-10.420,16.292, 0.214, 0.187, 4.833,-0.188,0.000,3.786,-0.045,-0.658, 1.797, 0.721, 0.227,-0.211, 0.017, 0.039, 1.782;
3.233,17.567,-11.507,-9.876,15.937, 0.214, 0.187, 4.848,0.000,0.000,1.200,-0.035,-0.654, 1.801, 0.760, 0.285,-0.168,-0.026,-0.004, 1.738;
3.246,17.237,-11.454,-9.571,15.355, 0.214, 0.187, 4.863,0.000,0.000,1.144,-0.026,-0.651, 1.807, 0.708, 0.255,-0.121, 0.019, 0.041, 1.692;
3.257,16.871,-10.961,-9.373,15.283, 0.214, 0.187, 4.878,0.000,0.000,1.282,-0.018,-0.647, 1.810, 0.743, 0.308,-0.079,-0.021, 0.001, 1.650;
3.269,17.136,-11.450,-9.707,15.393, 0.214, 0.187, 4.907,0.000,0.000,2.647,-0.010,-0.644, 1.798, 0.699, 0.282,-0.119, 0.018, 0.040, 1.690;
3.280,16.733,-10.947,-9.478,15.265, 0.214, 0.187, 4.921,0.000,0.000,1.242,-0.001,-0.640, 1.802, 0.734, 0.336,-0.078,-0.023,-0.002, 1.649;
3.293,16.436,-10.887,-9.186,14.734, 0.214, 0.187, 4.939,0.000,0.000,1.447, 0.007,-0.636, 1.804, 0.684, 0.307,-0.035, 0.020, 0.041, 1.605;
3.306,16.668,-11.001,-9.684,15.351, 0.214, 0.187, 4.968,0.000,0.000,2.150, 0.017,-0.631, 1.796, 0.724, 0.369,-0.084,-0.027,-0.006, 1.654;
3.318,16.375,-10.980,-9.339,14.734, 0.214, 0.187, 4.983,0.000,0.000,1.223, 0.025,-0.626, 1.800, 0.676, 0.341,-0.042, 0.014, 0.035, 1.613;
3.330,15.968,-10.491,-9.143,14.620, 0.214, 0.187, 4.997,0.000,0.000,1.154, 0.034,-0.622, 1.805, 0.712, 0.397, 0.002,-0.030,-0.008, 1.569;
3.342,15.701,-10.456,-8.840,14.084, 0.214, 0.187, 5.015,0.000,0.000,1.551, 0.042,-0.617, 1.805, 0.662, 0.368, 0.044, 0.012, 0.034, 1.526;
3.354,15.286,-9.968,-8.650,13.968, 0.214, 0.187, 5.029,0.000,0.000,1.146, 0.050,-0.612, 1.810, 0.698, 0.425, 0.088,-0.031,-0.010, 1.482;
3.366,15.030,-9.943,-8.325,13.412, 0.214, 0.187, 5.043,0.000,0.000,1.172, 0.058,-0.607, 1.815, 0.648, 0.395, 0.131, 0.011, 0.032, 1.440;
3.378,15.198,-10.024,-8.802,13.976, 0.214, 0.187, 5.076,0.000,0.000,2.846, 0.065,-0.602, 1.800, 0.681, 0.448, 0.088,-0.030,-0.008, 1.482;
3.390,15.535,-10.562,-9.059,14.033, 0.214, 0.187, 5.090,0.000,0.000,1.098, 0.074,-0.596, 1.806, 0.628, 0.416, 0.044, 0.015, 0.036, 1.527;
3.403,15.690,-10.636,-9.583,14.637, 0.212, 0.187, 5.131,-0.175,0.000,3.180, 0.084,-0.591, 1.786, 0.664, 0.474,-0.005,-0.031,-0.009, 1.576;
3.415,15.460,-10.612,-9.156,14.004, 0.214, 0.187, 5.137,0.188,0.000,0.502, 0.089,-0.585, 1.799, 0.613, 0.444, 0.037, 0.012, 0.033, 1.534;
3.427,15.618,-10.735,-9.677,14.559, 0.212, 0.187, 5.163,-0.182,0.000,2.160, 0.099,-0.579, 1.791, 0.647, 0.499,-0.008,-0.032,-0.010, 1.578;
3.441,16.017,-11.300,-9.922,14.639, 0.212, 0.187, 5.183,0.000,0.000,1.458, 0.107,-0.572, 1.793, 0.589, 0.465,-0.055, 0.015, 0.037, 1.626;
3.453,15.522,-10.787,-9.738,14.473, 0.212, 0.187, 5.196,0.000,0.000,1.025, 0.115,-0.566, 1.800, 0.624, 0.521,-0.009,-0.029,-0.008, 1.580;
3.465,15.896,-11.322,-10.018,14.592, 0.212, 0.187, 5.228,0.000,0.000,2.727, 0.122,-0.560, 1.786, 0.572, 0.490,-0.052, 0.013, 0.034, 1.623;
3.477,16.014,-11.429,-10.461,15.046, 0.212, 0.187, 5.248,0.000,0.000,1.674, 0.129,-0.554, 1.785, 0.604, 0.543,-0.095,-0.029,-0.007, 1.666;
3.490,15.758,-11.332,-10.040,14.466, 0.212, 0.187, 5.260,0.000,0.000,0.982, 0.136,-0.547, 1.792, 0.549, 0.509,-0.049, 0.015, 0.037, 1.620;
3.502,15.289,-10.865,-9.924,14.348, 0.212, 0.187, 5.280,0.000,0.000,1.624, 0.143,-0.540, 1.792, 0.581, 0.563,-0.006,-0.028,-0.006, 1.577;
3.514,15.087,-10.819,-9.530,13.798, 0.212, 0.187, 5.292,0.000,0.000,1.012, 0.149,-0.533, 1.798, 0.528, 0.532, 0.037, 0.014, 0.036, 1.533;
3.526,14.642,-10.386,-9.434,13.690, 0.212, 0.187, 5.312,0.000,0.000,1.753, 0.155,-0.527, 1.796, 0.558, 0.581, 0.078,-0.026,-0.004, 1.493;
3.537,15.028,-10.897,-9.657,13.789, 0.212, 0.187, 5.333,0.000,0.000,1.743, 0.162,-0.520, 1.794, 0.507, 0.550, 0.036, 0.015, 0.036, 1.534;
3.549,15.136,-11.027,-10.118,14.227, 0.212, 0.187, 5.353,0.000,0.000,1.733, 0.168,-0.513, 1.792, 0.537, 0.601,-0.005,-0.026,-0.005, 1.576;
3.561,15.513,-11.520,-10.308,14.301, 0.212, 0.187, 5.373,0.000,0.000,1.745, 0.173,-0.506, 1.790, 0.485, 0.569,-0.047, 0.015, 0.036, 1.617;
3.572,15.600,-11.643,-10.762,14.718, 0.212, 0.187, 5.394,0.000,0.000,1.827, 0.179,-0.499, 1.787, 0.514, 0.618,-0.086,-0.024,-0.003, 1.657;
3.583,15.397,-11.549,-10.342,14.190, 0.212, 0.187, 5.405,0.000,0.000,0.978, 0.185,-0.492, 1.794, 0.462, 0.586,-0.045, 0.016, 0.037, 1.615;
3.594,14.955,-11.153,-10.269,14.071, 0.212, 0.187, 5.426,0.000,0.000,1.877, 0.190,-0.485, 1.791, 0.490, 0.632,-0.006,-0.022,-0.001, 1.577;
3.605,15.341,-11.625,-10.458,14.174, 0.212, 0.187, 5.446,0.000,0.000,1.871, 0.195,-0.478, 1.788, 0.440, 0.602,-0.045, 0.016, 0.037, 1.616;
3.616,15.424,-11.762,-10.907,14.569, 0.212, 0.187, 5.467,0.000,0.000,1.872, 0.200,-0.471, 1.784, 0.468, 0.648,-0.084,-0.022,-0.001, 1.655;
3.627,15.796,-12.208,-11.064,14.652, 0.212, 0.187, 5.487,0.000,0.000,1.879, 0.205,-0.464, 1.781, 0.418, 0.617,-0.123, 0.016, 0.037, 1.694;
3.648,16.114,-12.585,-11.788,15.317, 0.212, 0.187, 5.508,0.000,0.000,0.976, 0.214,-0.450, 1.793, 0.470, 0.706,-0.198,-0.058,-0.037, 1.769;
3.660,16.062,-12.675,-11.212,14.599, 0.212, 0.187, 5.529,0.000,0.000,1.833, 0.218,-0.442, 1.791, 0.419, 0.673,-0.156,-0.018, 0.003, 1.726;
3.672,15.564,-12.264,-11.082,14.383, 0.212, 0.187, 5.539,0.000,0.000,0.896, 0.223,-0.434, 1.799, 0.448, 0.722,-0.110,-0.060,-0.039, 1.681;
3.682,15.435,-12.187,-10.676,13.924, 0.212, 0.187, 5.560,0.000,0.000,1.897, 0.227,-0.427, 1.795, 0.398, 0.691,-0.070,-0.022,-0.001, 1.641;
3.694,14.953,-11.787,-10.580,13.747, 0.212, 0.187, 5.581,0.000,0.000,1.765, 0.231,-0.419, 1.793, 0.426, 0.739,-0.029,-0.063,-0.042, 1.600;
3.706,15.408,-12.277,-10.750,13.881, 0.212, 0.187, 5.602,0.000,0.000,1.726, 0.236,-0.410, 1.791, 0.371, 0.703,-0.071,-0.021,-0.000, 1.642;
3.717,15.459,-12.435,-11.223,14.248, 0.212, 0.187, 5.622,0.000,0.000,1.875, 0.239,-0.402, 1.788, 0.397, 0.748,-0.110,-0.059,-0.038, 1.680;
3.728,15.307,-12.315,-10.780,13.771, 0.212, 0.187, 5.634,0.000,0.000,1.054, 0.243,-0.395, 1.793, 0.346, 0.715,-0.070,-0.021, 0.000, 1.641;
3.740,14.838,-11.951,-10.711,13.598, 0.212, 0.187, 5.654,0.000,0.000,1.820, 0.247,-0.386, 1.790, 0.373, 0.760,-0.030,-0.060,-0.039, 1.601;
3.751,15.282,-12.387,-10.871,13.765, 0.212, 0.187, 5.687,0.000,0.000,2.959, 0.250,-0.378, 1.775, 0.322, 0.727,-0.071,-0.022,-0.001, 1.642;
3.773,15.608,-12.833,-11.626,14.400, 0.212, 0.187, 5.699,0.000,0.000,0.554, 0.256,-0.362, 1.798, 0.374, 0.815,-0.150,-0.099,-0.079, 1.720;
3.777,15.832,-13.092,-11.151,13.892, 0.212, 0.187, 5.720,0.000,0.000,4.656, 0.258,-0.359, 1.784, 0.353, 0.801,-0.133,-0.084,-0.063, 1.704;
3.787,15.490,-12.784,-10.990,13.695, 0.212, 0.187, 5.733,0.000,0.000,1.342, 0.260,-0.352, 1.786, 0.309, 0.772,-0.099,-0.051,-0.030, 1.669;
3.809,14.753,-12.140,-10.644,13.256, 0.212, 0.187, 5.753,0.000,0.000,0.933, 0.266,-0.336, 1.800, 0.207, 0.703,-0.021, 0.026, 0.047, 1.592;
3.812,14.304,-12.015,-10.949,13.239, 0.212, 0.187, 5.773,0.000,0.000,5.138, 0.266,-0.333, 1.786, 0.216, 0.719,-0.007, 0.012, 0.033, 1.578;
3.824,14.047,-11.738,-10.605,12.914, 0.212, 0.187, 5.786,0.000,0.000,1.127, 0.269,-0.324, 1.791, 0.243, 0.763, 0.034,-0.028,-0.007, 1.536;
3.836,14.542,-12.188,-10.767,13.121, 0.212, 0.187, 5.820,0.000,0.000,2.824, 0.271,-0.315, 1.777, 0.187, 0.726,-0.009, 0.013, 0.034, 1.580;
3.858,14.840,-12.658,-11.543,13.725, 0.212, 0.187, 5.833,0.000,0.000,0.606, 0.276,-0.298, 1.798, 0.238, 0.810,-0.088,-0.064,-0.044, 1.658;
3.864,15.058,-12.834,-11.003,13.227, 0.212, 0.187, 5.853,0.000,0.000,3.466, 0.277,-0.294, 1.787, 0.211, 0.791,-0.066,-0.044,-0.024, 1.637;
3.873,14.691,-12.531,-10.872,13.031, 0.210, 0.187, 5.872,-0.230,0.000,2.019, 0.280,-0.286, 1.783, 0.234, 0.759,-0.032,-0.078, 0.010, 1.602;
3.885,15.064,-12.662,-11.102,13.505, 0.210, 0.185, 5.900,0.000,-0.198,2.428, 0.282,-0.275, 1.773, 0.180, 0.802,-0.073,-0.039,-0.029, 1.644;
3.907,15.506,-13.448,-11.751,13.810, 0.210, 0.185, 5.919,0.000,0.000,0.877, 0.285,-0.258, 1.788, 0.076, 0.729,-0.152, 0.038, 0.048, 1.722;
3.911,14.996,-13.338,-12.038,13.696, 0.210, 0.185, 5.947,0.000,0.000,7.291, 0.285,-0.255, 1.766, 0.085, 0.744,-0.138, 0.025, 0.034, 1.708;
3.922,14.747,-13.049,-11.685,13.383, 0.210, 0.185, 5.961,0.000,0.000,1.239, 0.286,-0.246, 1.770, 0.111, 0.786,-0.097,-0.015,-0.006, 1.668;
3.934,15.248,-13.470,-11.792,13.571, 0.210, 0.185, 5.980,0.000,0.000,1.630, 0.287,-0.237, 1.769, 0.057, 0.747,-0.138, 0.025, 0.034, 1.709;
3.955,14.441,-12.872,-11.467,13.037, 0.210, 0.185, 5.995,0.000,0.000,0.661, 0.289,-0.220, 1.789, 0.106, 0.825,-0.060,-0.051,-0.042, 1.631;
3.967,14.559,-12.830,-10.795,12.523, 0.210, 0.185, 6.024,0.000,0.000,2.362, 0.290,-0.211, 1.779, 0.048, 0.783,-0.016,-0.008, 0.002, 1.587;
3.970,14.263,-12.782,-10.951,12.432, 0.210, 0.185, 6.038,0.000,0.000,5.019, 0.290,-0.208, 1.769, 0.054, 0.793,-0.006,-0.018,-0.009, 1.577;
3.992,14.843,-13.295,-11.479,13.026, 0.210, 0.185, 6.056,0.000,0.000,0.844, 0.290,-0.192, 1.785, 0.103, 0.869,-0.084,-0.093,-0.084, 1.655;
3.996,15.142,-13.434,-10.952,12.660, 0.210, 0.185, 6.071,0.000,0.000,3.869, 0.290,-0.189, 1.776, 0.085, 0.856,-0.070,-0.080,-0.071, 1.640;
4.016,15.569,-13.865,-11.561,13.265, 0.210, 0.185, 6.101,0.000,0.000,1.455, 0.290,-0.173, 1.779,-0.011, 0.784,-0.142,-0.008, 0.001, 1.713;
4.030,14.767,-13.514,-11.544,12.797, 0.210, 0.185, 6.116,0.000,0.000,1.037, 0.290,-0.161, 1.786, 0.021, 0.834,-0.088,-0.059,-0.050, 1.658;
4.039,14.816,-13.421,-11.049,12.444, 0.210, 0.185, 6.131,0.000,0.000,1.663, 0.289,-0.154, 1.785,-0.021, 0.802,-0.054,-0.027,-0.018, 1.624;
4.051,14.350,-13.139,-10.940,12.152, 0.210, 0.185, 6.146,0.000,0.000,1.340, 0.289,-0.145, 1.788,-0.075, 0.762,-0.012, 0.012, 0.021, 1.583;
4.062,14.440,-13.443,-11.454,12.451, 0.210, 0.185, 6.176,0.000,0.000,2.695, 0.288,-0.137, 1.775,-0.049, 0.800,-0.052,-0.027,-0.018, 1.623;
4.073,14.348,-13.214,-10.938,12.072, 0.210, 0.185, 6.191,0.000,0.000,1.354, 0.287,-0.128, 1.778,-0.102, 0.759,-0.013, 0.012, 0.021, 1.584;
4.085,13.852,-12.972,-10.881,11.761, 0.210, 0.185, 6.206,0.000,0.000,1.336, 0.286,-0.119, 1.780,-0.076, 0.797, 0.028,-0.028,-0.019, 1.543;
4.096,14.386,-13.323,-10.958,12.022, 0.210, 0.185, 6.237,0.000,0.000,2.767, 0.285,-0.110, 1.767,-0.129, 0.756,-0.013, 0.011, 0.020, 1.584;
4.107,14.430,-13.624,-11.430,12.235, 0.210, 0.185, 6.252,0.000,0.000,1.408, 0.283,-0.102, 1.769,-0.104, 0.793,-0.052,-0.027,-0.018, 1.623;
4.118,14.355,-13.395,-10.934,11.895, 0.210, 0.185, 6.268,0.000,0.000,1.406, 0.282,-0.093, 1.771,-0.155, 0.752,-0.014, 0.011, 0.020, 1.585;
4.129,14.461,-13.724,-11.436,12.172, 0.210, 0.185, 6.299,0.000,0.000,2.798, 0.280,-0.085, 1.757,-0.130, 0.788,-0.054,-0.027,-0.018, 1.625;
4.150,15.179,-14.267,-11.757,12.669, 0.210, 0.185, 6.314,0.000,0.000,0.727, 0.276,-0.069, 1.775,-0.230, 0.708,-0.130, 0.047, 0.056, 1.701;
4.154,14.655,-14.311,-12.013,12.358, 0.210, 0.185, 6.329,0.000,0.000,3.336, 0.276,-0.065, 1.767,-0.219, 0.723,-0.113, 0.031, 0.040, 1.683;
4.175,15.277,-14.791,-12.458,12.944, 0.210, 0.183, 6.360,0.000,-0.107,1.465, 0.271,-0.047, 1.769,-0.171, 0.790,-0.187,-0.043,-0.035, 1.758;
4.187,15.399,-14.560,-11.685,12.524, 0.210, 0.183, 6.390,0.000,0.000,2.574, 0.269,-0.038, 1.757,-0.226, 0.744,-0.144,-0.001, 0.007, 1.715;
4.199,14.883,-14.344,-11.610,12.149, 0.210, 0.183, 6.408,0.000,0.000,1.465, 0.266,-0.029, 1.759,-0.199, 0.781,-0.103,-0.042,-0.034, 1.674;
4.210,14.825,-14.081,-11.094,11.838, 0.210, 0.183, 6.423,0.000,0.000,1.314, 0.263,-0.021, 1.762,-0.254, 0.735,-0.061,-0.001, 0.007, 1.632;
4.222,14.946,-14.462,-11.612,12.095, 0.210, 0.183, 6.453,0.000,0.000,2.601, 0.260,-0.012, 1.750,-0.226, 0.772,-0.103,-0.042,-0.034, 1.674;
4.234,14.853,-14.153,-11.059,11.759, 0.210, 0.183, 6.469,0.000,0.000,1.258, 0.257,-0.003, 1.753,-0.283, 0.724,-0.061, 0.000, 0.009, 1.632;
4.246,14.987,-14.554,-11.586,12.019, 0.210, 0.183, 6.502,0.000,0.000,2.790, 0.253, 0.006, 1.739,-0.254, 0.761,-0.105,-0.042,-0.033, 1.676;
4.258,15.508,-14.845,-11.639,12.303, 0.210, 0.183, 6.517,0.000,0.000,1.228, 0.250, 0.014, 1.743,-0.312, 0.712,-0.149, 0.001, 0.010, 1.720;
4.270,14.970,-14.641,-11.541,11.870, 0.210, 0.183, 6.532,0.000,0.000,1.245, 0.246, 0.023, 1.747,-0.283, 0.748,-0.106,-0.041,-0.032, 1.676;
4.282,14.926,-14.346,-11.015,11.594, 0.210, 0.183, 6.551,0.000,0.000,1.597, 0.242, 0.031, 1.747,-0.338, 0.700,-0.064, 0.001, 0.009, 1.634;
4.295,15.082,-14.779,-11.547,11.850, 0.210, 0.183, 6.581,0.000,0.000,2.333, 0.237, 0.040, 1.737,-0.307, 0.738,-0.110,-0.044,-0.036, 1.681;
4.307,15.011,-14.450,-10.981,11.542, 0.210, 0.183, 6.595,0.000,0.000,1.248, 0.233, 0.049, 1.741,-0.361, 0.690,-0.068,-0.003, 0.006, 1.639;
4.319,14.513,-14.280,-10.890,11.123, 0.210, 0.183, 6.610,0.000,0.000,1.200, 0.229, 0.057, 1.745,-0.332, 0.726,-0.025,-0.045,-0.037, 1.596;
4.332,15.128,-14.570,-10.980,11.537, 0.210, 0.183, 6.644,0.000,0.000,2.669, 0.224, 0.066, 1.731,-0.391, 0.673,-0.072,-0.000, 0.008, 1.643;
4.343,14.594,-14.401,-10.875,11.067, 0.210, 0.183, 6.658,0.000,0.000,1.210, 0.219, 0.074, 1.735,-0.362, 0.707,-0.031,-0.042,-0.033, 1.602;
4.356,15.147,-14.677,-10.959,11.429, 0.210, 0.183, 6.678,0.000,0.000,1.650, 0.214, 0.082, 1.734,-0.417, 0.657,-0.073, 0.001, 0.009, 1.644;
4.367,15.266,-15.092,-11.429,11.603, 0.210, 0.183, 6.706,0.000,0.000,2.360, 0.209, 0.090, 1.725,-0.388, 0.691,-0.116,-0.041,-0.033, 1.687;
4.380,15.794,-15.330,-11.487,11.951, 0.210, 0.183, 6.726,0.000,0.000,1.647, 0.204, 0.098, 1.724,-0.443, 0.639,-0.160, 0.002, 0.010, 1.731;
4.391,15.312,-15.182,-11.374,11.504, 0.210, 0.183, 6.747,0.000,0.000,1.815, 0.199, 0.105, 1.721,-0.415, 0.671,-0.120,-0.037,-0.029, 1.691;
4.402,15.855,-15.410,-11.445,11.890, 0.210, 0.183, 6.774,0.000,0.000,2.371, 0.194, 0.112, 1.712,-0.467, 0.623,-0.162, 0.003, 0.011, 1.733;
4.416,16.015,-15.874,-11.938,12.078, 0.210, 0.183, 6.795,0.000,0.000,1.530, 0.187, 0.121, 1.713,-0.433, 0.660,-0.210,-0.045,-0.036, 1.781;
4.428,15.932,-15.485,-11.363,11.810, 0.210, 0.183, 6.808,0.000,0.000,1.097, 0.181, 0.128, 1.718,-0.487, 0.608,-0.166,-0.002, 0.006, 1.737;
4.440,16.106,-15.932,-11.821,11.995, 0.210, 0.183, 6.842,0.000,0.000,2.926, 0.176, 0.135, 1.703,-0.458, 0.640,-0.208,-0.043,-0.035, 1.779;
4.451,16.595,-16.111,-11.864,12.348, 0.210, 0.183, 6.863,0.000,0.000,1.844, 0.170, 0.142, 1.700,-0.508, 0.591,-0.248,-0.003, 0.005, 1.819;
4.463,16.118,-15.971,-11.717,11.864, 0.210, 0.183, 6.875,0.000,0.000,1.092, 0.164, 0.149, 1.705,-0.478, 0.622,-0.206,-0.043,-0.035, 1.777;
4.474,16.682,-16.167,-11.794,12.309, 0.210, 0.181, 6.909,0.000,-0.191,2.847, 0.158, 0.158, 1.690,-0.530, 0.654,-0.249,-0.002,-0.076, 1.820;
4.485,17.133,-16.636,-11.852,12.348, 0.210, 0.181, 6.930,0.000,0.000,1.933, 0.152, 0.164, 1.686,-0.502, 0.606,-0.288,-0.040,-0.038, 1.859;
4.497,17.321,-16.769,-12.222,12.774, 0.210, 0.181, 6.951,0.000,0.000,1.825, 0.146, 0.171, 1.683,-0.553, 0.556,-0.329, 0.000, 0.002, 1.900;
4.508,17.463,-17.204,-12.622,12.881, 0.210, 0.181, 6.974,0.000,0.000,2.056, 0.139, 0.177, 1.678,-0.523, 0.585,-0.369,-0.039,-0.037, 1.939;
4.530,17.084,-16.499,-11.866,12.451, 0.210, 0.181, 6.995,0.000,0.000,0.954, 0.127, 0.189, 1.691,-0.618, 0.489,-0.291, 0.038, 0.040, 1.862;
4.543,16.513,-16.591,-11.820,11.741, 0.210, 0.181, 7.016,0.000,0.000,1.660, 0.119, 0.196, 1.690,-0.584, 0.522,-0.244,-0.007,-0.005, 1.815;
4.548,16.634,-16.363,-11.466,11.737, 0.210, 0.181, 7.037,0.000,0.000,4.282, 0.116, 0.198, 1.677,-0.606, 0.500,-0.226, 0.010, 0.012, 1.797;
4.557,16.876,-16.618,-11.718,11.975, 0.212, 0.181, 7.069,0.234,0.000,3.310, 0.108, 0.203, 1.660,-0.647, 0.524,-0.261, 0.044,-0.021, 1.832;
4.579,17.543,-17.318,-12.122,12.347, 0.210, 0.181, 7.079,-0.101,0.000,0.474, 0.097, 0.214, 1.685,-0.586, 0.425,-0.339,-0.034, 0.057, 1.910;
4.591,16.978,-16.802,-12.051,12.226, 0.210, 0.181, 7.100,0.000,0.000,1.831, 0.090, 0.219, 1.682,-0.635, 0.454,-0.295, 0.006, 0.016, 1.866;
4.603,16.881,-16.668,-11.532,11.745, 0.212, 0.181, 7.122,0.185,0.000,1.837, 0.080, 0.225, 1.679,-0.686, 0.400,-0.251, 0.049, 0.059, 1.821;
4.615,16.486,-16.600,-11.339,11.224, 0.212, 0.181, 7.144,0.000,0.000,1.813, 0.073, 0.230, 1.676,-0.653, 0.430,-0.208, 0.007, 0.017, 1.779;
4.626,16.405,-16.171,-10.858,11.092, 0.212, 0.181, 7.165,0.000,0.000,1.857, 0.065, 0.235, 1.672,-0.701, 0.378,-0.167, 0.048, 0.057, 1.738;
4.638,16.624,-16.672,-11.252,11.204, 0.212, 0.181, 7.186,0.000,0.000,1.802, 0.057, 0.240, 1.670,-0.668, 0.407,-0.209, 0.006, 0.016, 1.780;
4.649,17.102,-16.784,-11.329,11.647, 0.212, 0.181, 7.210,0.000,0.000,2.102, 0.050, 0.245, 1.664,-0.716, 0.355,-0.250, 0.046, 0.056, 1.820;
4.662,16.662,-16.669,-11.095,11.088, 0.212, 0.181, 7.223,0.000,0.000,1.003, 0.041, 0.250, 1.671,-0.680, 0.385,-0.205, 0.003, 0.013, 1.776;
4.674,17.214,-16.785,-11.191,11.620, 0.212, 0.181, 7.257,0.000,0.000,2.923, 0.033, 0.255, 1.655,-0.729, 0.331,-0.248, 0.044, 0.054, 1.818;
4.687,17.454,-17.301,-11.575,11.727, 0.212, 0.181, 7.279,0.000,0.000,1.640, 0.024, 0.260, 1.654,-0.690, 0.363,-0.294,-0.002, 0.008, 1.865;
4.698,17.315,-16.831,-11.089,11.574, 0.212, 0.181, 7.292,0.000,0.000,1.155, 0.016, 0.264, 1.658,-0.737, 0.311,-0.253, 0.038, 0.048, 1.824;
4.710,16.967,-16.741,-10.860,11.086, 0.212, 0.181, 7.314,0.000,0.000,1.804, 0.008, 0.268, 1.656,-0.701, 0.340,-0.210,-0.004, 0.006, 1.781;
4.722,16.844,-16.264,-10.393,10.974, 0.212, 0.179, 7.335,0.000,-0.184,1.757,-0.001, 0.275, 1.653,-0.750, 0.369,-0.168, 0.038,-0.037, 1.739;
4.734,17.500,-16.674,-10.412,11.239, 0.212, 0.179, 7.370,0.000,0.000,2.808,-0.009, 0.279, 1.638,-0.713, 0.312,-0.214,-0.005, 0.007, 1.784;
4.747,16.947,-16.268,-10.251,10.929, 0.212, 0.181, 7.376,0.000,0.174,0.517,-0.019, 0.280, 1.652,-0.765, 0.252,-0.167, 0.040, 0.052, 1.738;
4.759,16.597,-16.243,-10.049,10.403, 0.212, 0.179, 7.397,0.000,-0.190,1.807,-0.027, 0.286, 1.649,-0.729, 0.280,-0.125,-0.001, 0.010, 1.696;
4.770,17.068,-16.336,-10.164,10.896, 0.212, 0.179, 7.418,0.000,0.000,1.853,-0.036, 0.289, 1.646,-0.773, 0.307,-0.165, 0.039,-0.029, 1.736;
4.782,17.590,-16.699,-10.176,11.067, 0.212, 0.179, 7.439,0.000,0.000,1.847,-0.044, 0.292, 1.643,-0.739, 0.254,-0.204,-0.001, 0.010, 1.775;
4.792,17.764,-16.845,-10.558,11.477, 0.212, 0.179, 7.473,0.000,0.000,3.149,-0.052, 0.295, 1.625,-0.782, 0.280,-0.245, 0.038,-0.029, 1.815;
4.804,18.257,-17.202,-10.579,11.634, 0.212, 0.179, 7.488,0.000,0.000,1.299,-0.060, 0.298, 1.628,-0.747, 0.228,-0.284,-0.001, 0.010, 1.855;
4.815,17.828,-16.848,-10.442,11.423, 0.212, 0.179, 7.508,0.000,0.000,1.827,-0.068, 0.300, 1.626,-0.789, 0.253,-0.246, 0.037,-0.028, 1.817;
4.826,17.793,-16.664,-9.930,11.059, 0.212, 0.179, 7.522,0.000,0.000,1.318,-0.077, 0.303, 1.628,-0.754, 0.202,-0.206,-0.002, 0.011, 1.777;
4.847,18.237,-17.094,-10.630,11.773, 0.212, 0.179, 7.557,0.000,0.000,1.615,-0.093, 0.307, 1.627,-0.835, 0.251,-0.284, 0.072,-0.063, 1.855;
4.859,18.343,-16.973,-9.834,11.204, 0.212, 0.179, 7.571,0.000,0.000,1.258,-0.102, 0.309, 1.631,-0.797, 0.195,-0.239, 0.031,-0.022, 1.810;
4.870,17.876,-16.642,-9.720,10.954, 0.212, 0.179, 7.586,0.000,0.000,1.321,-0.111, 0.311, 1.634,-0.760, 0.221,-0.197,-0.009,-0.061, 1.767;
4.882,17.728,-16.100,-9.301,10.929, 0.212, 0.179, 7.617,0.000,0.000,2.564,-0.120, 0.313, 1.622,-0.804, 0.165,-0.155, 0.033,-0.020, 1.726;
4.893,17.435,-16.032,-9.009,10.411, 0.212, 0.179, 7.635,0.000,0.000,1.594,-0.129, 0.314, 1.622,-0.766, 0.192,-0.114,-0.009,-0.061, 1.684;
4.905,17.229,-15.534,-8.627,10.322, 0.212, 0.179, 7.650,0.000,0.000,1.268,-0.138, 0.316, 1.626,-0.810, 0.135,-0.071, 0.033,-0.019, 1.642;
4.917,16.944,-15.497,-8.347,9.794, 0.212, 0.179, 7.666,0.000,0.000,1.314,-0.147, 0.317, 1.629,-0.771, 0.162,-0.029,-0.007,-0.060, 1.600;
4.929,17.395,-15.535,-8.541,10.401, 0.212, 0.179, 7.699,0.000,0.000,2.843,-0.156, 0.318, 1.614,-0.814, 0.107,-0.073, 0.034,-0.019, 1.643;
4.940,17.720,-15.978,-8.761,10.504, 0.214, 0.179, 7.730,0.203,0.000,2.786,-0.167, 0.319, 1.600,-0.854, 0.132,-0.114, 0.072,-0.057, 1.685;
4.951,18.253,-16.289,-8.755,10.718, 0.214, 0.179, 7.745,0.000,0.000,1.401,-0.176, 0.320, 1.602,-0.817, 0.079,-0.154, 0.034,-0.019, 1.724;
4.962,18.414,-16.487,-9.165,11.092, 0.214, 0.179, 7.776,0.000,0.000,2.793,-0.184, 0.321, 1.589,-0.779, 0.105,-0.195,-0.005,-0.057, 1.766;
4.973,18.735,-16.534,-9.364,11.564, 0.214, 0.179, 7.793,0.000,0.000,1.501,-0.193, 0.321, 1.589,-0.741, 0.052,-0.234,-0.044,-0.019, 1.805;
4.994,17.985,-15.950,-8.997,11.033, 0.214, 0.179, 7.808,0.000,0.000,0.709,-0.210, 0.321, 1.608,-0.818, 0.102,-0.158, 0.032,-0.095, 1.729;
5.007,18.226,-15.711,-8.205,10.720, 0.214, 0.179, 7.839,0.000,0.000,2.526,-0.219, 0.321, 1.596,-0.775, 0.044,-0.114,-0.011,-0.052, 1.685;
5.019,17.722,-15.409,-8.090,10.402, 0.214, 0.179, 7.854,0.000,0.000,1.262,-0.229, 0.321, 1.600,-0.817,-0.014,-0.071, 0.032,-0.009, 1.641;
5.031,17.463,-15.352,-7.743,9.854, 0.214, 0.179, 7.869,0.000,0.000,1.246,-0.239, 0.321, 1.604,-0.773, 0.014,-0.026,-0.011,-0.052, 1.597;
5.043,17.859,-15.371,-7.987,10.475, 0.214, 0.179, 7.900,0.000,0.000,2.621,-0.248, 0.320, 1.592,-0.814,-0.042,-0.069, 0.030,-0.011, 1.639;
5.055,17.575,-15.264,-7.597,9.908, 0.214, 0.179, 7.915,0.000,0.000,1.219,-0.258, 0.320, 1.596,-0.768,-0.013,-0.025,-0.014,-0.055, 1.595;
5.068,17.977,-15.296,-7.874,10.555, 0.214, 0.179, 7.946,0.000,0.000,2.472,-0.267, 0.319, 1.585,-0.810,-0.072,-0.070, 0.029,-0.012, 1.641;
5.080,17.724,-15.225,-7.489,9.988, 0.214, 0.179, 7.961,0.000,0.000,1.283,-0.277, 0.318, 1.589,-0.767,-0.045,-0.028,-0.012,-0.053, 1.599;
5.085,17.617,-14.881,-7.329,10.065, 0.214, 0.179, 7.976,0.000,0.000,2.614,-0.281, 0.317, 1.583,-0.786,-0.072,-0.008, 0.008,-0.033, 1.578;
5.097,17.961,-15.246,-7.591,10.306, 0.214, 0.179, 7.992,0.000,0.000,1.279,-0.290, 0.316, 1.586,-0.743,-0.128,-0.050,-0.033, 0.008, 1.620;
5.109,18.102,-15.498,-8.025,10.629, 0.214, 0.179, 8.022,0.000,0.000,2.650,-0.299, 0.314, 1.574,-0.780,-0.102,-0.091, 0.006,-0.031, 1.662;
5.121,18.648,-15.752,-8.064,10.959, 0.214, 0.179, 8.037,0.000,0.000,1.205,-0.309, 0.312, 1.578,-0.734,-0.161,-0.135,-0.037, 0.012, 1.706;
5.132,18.780,-16.022,-8.510,11.267, 0.214, 0.179, 8.066,0.000,0.000,2.569,-0.318, 0.311, 1.567,-0.772,-0.134,-0.176, 0.003,-0.028, 1.747;
5.143,18.739,-15.680,-7.954,11.013, 0.214, 0.179, 8.081,0.000,0.000,1.333,-0.326, 0.309, 1.569,-0.730,-0.186,-0.138,-0.035, 0.010, 1.708;
5.165,18.017,-15.174,-7.609,10.451, 0.214, 0.179, 8.095,0.000,0.000,0.678,-0.342, 0.305, 1.589,-0.799,-0.136,-0.061, 0.040,-0.065, 1.632;
5.177,18.193,-14.878,-6.863,10.178, 0.214, 0.179, 8.110,0.000,0.000,1.220,-0.351, 0.302, 1.593,-0.754,-0.192,-0.017,-0.002,-0.023, 1.587;
5.189,17.754,-14.574,-6.727,9.906, 0.214, 0.179, 8.138,0.000,0.000,2.374,-0.360, 0.300, 1.583,-0.792,-0.164, 0.026, 0.041,-0.065, 1.545;
5.201,18.332,-14.796,-6.768,10.304, 0.214, 0.179, 8.157,0.000,0.000,1.522,-0.370, 0.297, 1.584,-0.745,-0.221,-0.017,-0.002,-0.023, 1.588;
5.214,17.803,-14.531,-6.617,9.890, 0.214, 0.179, 8.171,0.000,0.000,1.106,-0.379, 0.294, 1.590,-0.784,-0.191, 0.029, 0.043,-0.068, 1.542;
5.227,17.771,-14.120,-6.025,9.676, 0.214, 0.179, 8.190,0.000,0.000,1.448,-0.389, 0.290, 1.591,-0.733,-0.252, 0.075,-0.003,-0.022, 1.496;
5.238,17.915,-14.450,-6.503,9.968, 0.214, 0.179, 8.218,0.000,0.000,2.449,-0.397, 0.287, 1.581,-0.768,-0.225, 0.034, 0.037,-0.062, 1.537;
5.249,18.458,-14.563,-6.509,10.403, 0.217, 0.179, 8.245,0.201,0.000,2.471,-0.407, 0.284, 1.571,-0.802,-0.277,-0.007, 0.076,-0.023, 1.578;
5.261,18.874,-15.043,-6.651,10.481, 0.217, 0.179, 8.259,0.000,0.000,1.150,-0.416, 0.280, 1.576,-0.755,-0.249,-0.049, 0.035,-0.064, 1.620;
5.273,19.158,-15.023,-6.974,11.109, 0.217, 0.179, 8.291,0.000,0.000,2.771,-0.424, 0.276, 1.562,-0.708,-0.304,-0.092,-0.006,-0.022, 1.663;
5.284,19.251,-15.391,-7.412,11.273, 0.217, 0.179, 8.305,0.000,0.000,1.147,-0.432, 0.272, 1.567,-0.662,-0.277,-0.133,-0.046,-0.063, 1.704;
5.296,18.895,-14.857,-7.167,11.206, 0.217, 0.179, 8.324,0.000,0.000,1.675,-0.441, 0.268, 1.566,-0.696,-0.330,-0.092,-0.006,-0.022, 1.663;
5.308,18.719,-14.753,-6.728,10.695, 0.217, 0.179, 8.337,0.000,0.000,1.045,-0.449, 0.264, 1.572,-0.646,-0.301,-0.047,-0.049,-0.065, 1.618;
5.320,18.993,-14.758,-7.096,11.331, 0.217, 0.179, 8.370,0.000,0.000,2.797,-0.457, 0.260, 1.558,-0.680,-0.354,-0.090,-0.008,-0.024, 1.661;
5.331,18.834,-14.659,-6.655,10.830, 0.217, 0.179, 8.382,0.000,0.000,1.141,-0.465, 0.255, 1.563,-0.635,-0.327,-0.051,-0.047,-0.063, 1.622;
5.342,18.486,-14.212,-6.468,10.743, 0.217, 0.179, 8.394,0.000,0.000,1.121,-0.472, 0.251, 1.568,-0.667,-0.378,-0.012,-0.008,-0.024, 1.583;
5.353,18.928,-14.640,-6.607,10.895, 0.217, 0.179, 8.414,0.000,0.000,1.797,-0.480, 0.247, 1.565,-0.621,-0.351,-0.050,-0.046,-0.063, 1.621;
5.364,19.119,-14.682,-6.947,11.383, 0.217, 0.179, 8.434,0.000,0.000,1.806,-0.487, 0.242, 1.563,-0.653,-0.401,-0.089,-0.008,-0.024, 1.660;
5.385,19.777,-15.313,-7.330,11.794, 0.217, 0.179, 8.454,0.000,0.000,0.948,-0.501, 0.233, 1.576,-0.564,-0.349,-0.164,-0.082,-0.098, 1.734;
5.397,19.278,-14.695,-7.177,11.760, 0.217, 0.179, 8.474,0.000,0.000,1.724,-0.508, 0.227, 1.574,-0.597,-0.402,-0.120,-0.041,-0.057, 1.690;
5.408,19.157,-14.545,-6.717,11.329, 0.217, 0.179, 8.495,0.000,0.000,1.755,-0.516, 0.222, 1.572,-0.629,-0.454,-0.077,-0.000,-0.016, 1.648;
5.420,19.018,-14.433,-6.261,10.845, 0.217, 0.179, 8.506,0.000,0.000,0.988,-0.523, 0.216, 1.579,-0.579,-0.424,-0.034,-0.041,-0.057, 1.605;
5.431,18.647,-13.939,-6.090,10.799, 0.217, 0.179, 8.526,0.000,0.000,1.799,-0.530, 0.211, 1.576,-0.610,-0.475, 0.006,-0.002,-0.018, 1.565;
5.443,19.151,-14.296,-6.208,11.063, 0.217, 0.179, 8.558,0.000,0.000,2.752,-0.537, 0.205, 1.563,-0.561,-0.446,-0.036,-0.042,-0.058, 1.607;
5.455,19.324,-14.360,-6.599,11.563, 0.217, 0.179, 8.578,0.000,0.000,1.731,-0.544, 0.199, 1.561,-0.593,-0.498,-0.079,-0.000,-0.016, 1.650;
5.469,19.122,-14.168,-6.062,11.016, 0.217, 0.179, 8.589,0.000,0.000,0.768,-0.552, 0.192, 1.572,-0.533,-0.462,-0.029,-0.049,-0.065, 1.600;
5.480,18.678,-13.722,-5.932,10.888, 0.217, 0.179, 8.599,0.000,0.000,0.825,-0.559, 0.186, 1.581,-0.564,-0.514, 0.014,-0.008,-0.024, 1.557;
5.492,19.206,-14.094,-6.051,11.163, 0.217, 0.179, 8.629,0.000,0.000,2.558,-0.566, 0.179, 1.569,-0.512,-0.483,-0.028,-0.050,-0.066, 1.599;
5.504,18.744,-13.628,-5.874,10.990, 0.217, 0.179, 8.639,0.000,0.000,0.891,-0.572, 0.173, 1.577,-0.543,-0.533, 0.013,-0.009,-0.025, 1.558;
5.515,19.268,-13.979,-5.984,11.272, 0.217, 0.179, 8.670,0.000,0.000,2.700,-0.578, 0.166, 1.564,-0.493,-0.503,-0.028,-0.049,-0.065, 1.599;
5.527,18.813,-13.534,-5.817,11.097, 0.217, 0.179, 8.680,0.000,0.000,0.870,-0.584, 0.160, 1.572,-0.522,-0.553, 0.012,-0.009,-0.025, 1.559;
5.538,19.308,-13.917,-5.921,11.312, 0.217, 0.179, 8.702,0.000,0.000,1.949,-0.590, 0.153, 1.567,-0.473,-0.523,-0.027,-0.048,-0.064, 1.598;
5.549,19.449,-13.991,-6.328,11.786, 0.217, 0.179, 8.723,0.000,0.000,1.826,-0.596, 0.147, 1.565,-0.503,-0.572,-0.068,-0.008,-0.024, 1.638;
5.561,19.933,-14.359,-6.419,11.993, 0.217, 0.179, 8.743,0.000,0.000,1.736,-0.602, 0.140, 1.563,-0.450,-0.540,-0.110,-0.050,-0.066, 1.681;
5.573,20.063,-14.443,-6.852,12.471, 0.217, 0.179, 8.764,0.000,0.000,1.753,-0.608, 0.132, 1.560,-0.480,-0.590,-0.151,-0.009,-0.025, 1.722;
5.584,19.969,-14.224,-6.343,12.088, 0.217, 0.179, 8.784,0.000,0.000,1.780,-0.614, 0.125, 1.558,-0.428,-0.559,-0.111,-0.049,-0.065, 1.681;
5.606,19.225,-13.512,-5.964,11.678, 0.217, 0.179, 8.796,0.000,0.000,0.533,-0.624, 0.111, 1.581,-0.484,-0.652,-0.031, 0.028, 0.012, 1.602;
5.618,19.351,-13.521,-5.293,11.123, 0.217, 0.179, 8.816,0.000,0.000,1.737,-0.629, 0.104, 1.579,-0.430,-0.619, 0.013,-0.013,-0.029, 1.558;
5.630,18.901,-13.045,-5.165,11.021, 0.217, 0.179, 8.837,0.000,0.000,1.738,-0.634, 0.096, 1.577,-0.459,-0.668, 0.055, 0.028, 0.012, 1.516;
5.642,18.784,-12.843,-4.642,10.582, 0.217, 0.179, 8.849,0.000,0.000,0.955,-0.640, 0.088, 1.585,-0.401,-0.632, 0.101,-0.017,-0.033, 1.470;
5.654,18.957,-12.860,-5.144,11.241, 0.219, 0.179, 8.889,0.189,0.000,3.421,-0.647, 0.080, 1.563,-0.431,-0.681, 0.056, 0.025, 0.009, 1.515;
5.667,19.492,-13.203,-5.196,11.485, 0.219, 0.179, 8.909,0.000,0.000,1.626,-0.652, 0.072, 1.562,-0.375,-0.646, 0.011,-0.018,-0.034, 1.560;
5.678,19.587,-13.369,-5.670,11.888, 0.219, 0.179, 8.922,0.000,0.000,1.071,-0.656, 0.063, 1.568,-0.404,-0.695,-0.030, 0.023, 0.007, 1.601;
5.690,19.494,-13.161,-5.144,11.477, 0.217, 0.179, 8.935,-0.190,0.000,1.098,-0.658, 0.055, 1.574,-0.349,-0.660, 0.012,-0.018,-0.034, 1.559;
5.702,19.003,-12.719,-5.063,11.347, 0.219, 0.179, 8.955,0.185,0.000,1.643,-0.665, 0.047, 1.573,-0.379,-0.709, 0.054, 0.024, 0.008, 1.517;
5.714,19.562,-13.069,-5.122,11.614, 0.219, 0.179, 8.974,0.000,0.000,1.658,-0.669, 0.039, 1.572,-0.324,-0.675, 0.012,-0.017,-0.033, 1.558;
5.726,19.679,-13.168,-5.609,12.120, 0.219, 0.179, 9.001,0.000,0.000,2.174,-0.673, 0.030, 1.565,-0.353,-0.724,-0.031, 0.026, 0.010, 1.602;
5.739,20.226,-13.526,-5.698,12.399, 0.219, 0.179, 9.020,0.000,0.000,1.454,-0.677, 0.020, 1.566,-0.292,-0.684,-0.078,-0.021,-0.037, 1.649;
5.752,19.650,-13.071,-5.570,12.149, 0.219, 0.179, 9.033,0.000,0.000,1.029,-0.681, 0.011, 1.573,-0.323,-0.736,-0.031, 0.025, 0.009, 1.602;
5.764,19.609,-12.872,-5.030,11.768, 0.219, 0.179, 9.047,0.000,0.000,1.152,-0.685, 0.002, 1.578,-0.268,-0.700, 0.012,-0.016,-0.032, 1.559;
5.777,19.113,-12.440,-4.936,11.609, 0.219, 0.179, 9.066,0.000,0.000,1.555,-0.688,-0.007, 1.579,-0.297,-0.748, 0.056, 0.027, 0.011, 1.515;
5.788,19.668,-12.722,-5.013,11.958, 0.219, 0.179, 9.094,0.000,0.000,2.365,-0.691,-0.015, 1.569,-0.242,-0.712, 0.013,-0.014,-0.030, 1.557;
5.801,19.767,-12.901,-5.524,12.390, 0.219, 0.179, 9.112,0.000,0.000,1.459,-0.695,-0.025, 1.571,-0.272,-0.762,-0.032, 0.030, 0.014, 1.603;
5.812,19.711,-12.663,-4.974,12.022, 0.219, 0.179, 9.126,0.000,0.000,1.233,-0.697,-0.033, 1.575,-0.219,-0.726, 0.009,-0.010,-0.025, 1.562;
5.825,19.208,-12.276,-4.879,11.811, 0.219, 0.179, 9.140,0.000,0.000,1.155,-0.700,-0.043, 1.580,-0.247,-0.773, 0.052, 0.033, 0.018, 1.518;
5.837,19.799,-12.541,-4.995,12.253, 0.219, 0.181, 9.173,0.000,0.174,2.521,-0.703,-0.054, 1.567,-0.187,-0.823, 0.005,-0.012, 0.063, 1.565;
5.850,20.073,-12.988,-5.337,12.422, 0.219, 0.181, 9.201,0.000,0.000,2.293,-0.705,-0.064, 1.558,-0.216,-0.782,-0.041, 0.032, 0.019, 1.612;
5.862,20.426,-13.025,-5.570,12.971, 0.219, 0.181, 9.216,0.000,0.000,1.165,-0.707,-0.073, 1.563,-0.157,-0.829,-0.084,-0.011, 0.062, 1.655;
5.874,20.072,-12.925,-5.295,12.442, 0.219, 0.181, 9.230,0.000,0.000,1.222,-0.709,-0.083, 1.568,-0.185,-0.791,-0.042, 0.030, 0.020, 1.613;
5.887,20.461,-12.887,-5.591,13.164, 0.219, 0.181, 9.262,0.000,0.000,2.536,-0.711,-0.092, 1.556,-0.125,-0.837,-0.087,-0.014, 0.064, 1.658;
5.890,20.328,-13.004,-5.487,12.811, 0.219, 0.181, 9.277,0.000,0.000,3.817,-0.711,-0.095, 1.547,-0.134,-0.825,-0.074,-0.000, 0.051, 1.645;
5.912,20.850,-13.360,-6.054,13.545, 0.219, 0.181, 9.291,0.000,0.000,0.690,-0.714,-0.112, 1.566,-0.183,-0.754,-0.150, 0.074,-0.024, 1.721;
5.923,20.606,-12.691,-5.656,13.572, 0.219, 0.181, 9.306,0.000,0.000,1.282,-0.715,-0.121, 1.569,-0.128,-0.796,-0.107, 0.034, 0.017, 1.678;
5.935,20.286,-12.480,-5.398,13.203, 0.219, 0.181, 9.335,0.000,0.000,2.463,-0.716,-0.130, 1.558,-0.072,-0.756,-0.064,-0.008,-0.025, 1.635;
5.947,19.751,-12.131,-5.324,12.943, 0.219, 0.181, 9.350,0.000,0.000,1.229,-0.717,-0.139, 1.562,-0.099,-0.800,-0.021, 0.034, 0.017, 1.592;
5.960,19.677,-11.817,-4.788,12.648, 0.219, 0.181, 9.365,0.000,0.000,1.190,-0.718,-0.149, 1.567,-0.040,-0.757, 0.024,-0.010,-0.027, 1.547;
5.971,19.747,-11.995,-5.354,13.106, 0.219, 0.181, 9.395,0.000,0.000,2.564,-0.718,-0.158, 1.556,-0.066,-0.799,-0.018, 0.031, 0.014, 1.589;
5.983,20.231,-12.235,-5.394,13.391, 0.219, 0.181, 9.410,0.000,0.000,1.324,-0.719,-0.167, 1.558,-0.013,-0.760,-0.058,-0.008,-0.026, 1.629;
5.994,19.716,-11.908,-5.320,13.128, 0.219, 0.181, 9.425,0.000,0.000,1.332,-0.719,-0.176, 1.561,-0.038,-0.799,-0.018, 0.031, 0.014, 1.589;
6.005,20.226,-12.074,-5.427,13.580, 0.219, 0.181, 9.455,0.000,0.000,2.652,-0.719,-0.185, 1.549, 0.015,-0.760,-0.059,-0.009,-0.026, 1.630;
6.016,20.267,-12.315,-5.913,13.865, 0.219, 0.181, 9.470,0.000,0.000,1.325,-0.719,-0.194, 1.552,-0.011,-0.799,-0.099, 0.031, 0.014, 1.670;
6.027,20.743,-12.443,-5.993,14.293, 0.219, 0.181, 9.499,0.000,0.000,2.712,-0.718,-0.202, 1.539, 0.041,-0.760,-0.139,-0.008,-0.025, 1.710;
6.038,20.780,-12.684,-6.466,14.562, 0.219, 0.181, 9.514,0.000,0.000,1.356,-0.718,-0.211, 1.541, 0.016,-0.798,-0.178, 0.031, 0.014, 1.748;
6.049,20.693,-12.344,-5.975,14.325, 0.219, 0.181, 9.529,0.000,0.000,1.349,-0.717,-0.219, 1.544, 0.068,-0.758,-0.139,-0.008,-0.025, 1.709;
6.070,19.928,-11.791,-5.688,13.825, 0.219, 0.181, 9.544,0.000,0.000,0.700,-0.716,-0.236, 1.562, 0.020,-0.830,-0.063, 0.066, 0.049, 1.634;
6.082,20.061,-11.418,-5.017,13.661, 0.219, 0.181, 9.573,0.000,0.000,2.457,-0.715,-0.245, 1.552, 0.077,-0.786,-0.021, 0.024, 0.007, 1.592;
6.094,19.527,-11.103,-4.970,13.394, 0.217, 0.181, 9.592,-0.190,0.000,1.657,-0.711,-0.254, 1.551, 0.133,-0.825, 0.020,-0.018, 0.048, 1.550;
6.105,19.837,-11.519,-5.275,13.593, 0.217, 0.181, 9.622,0.000,0.000,2.631,-0.710,-0.263, 1.539, 0.107,-0.783,-0.021, 0.022, 0.009, 1.592;
6.116,20.044,-11.539,-5.591,14.096, 0.217, 0.181, 9.637,0.000,0.000,1.327,-0.708,-0.272, 1.541, 0.160,-0.820,-0.060,-0.017, 0.048, 1.631;
6.127,20.345,-11.896,-5.854,14.303, 0.217, 0.183, 9.666,0.000,0.201,2.625,-0.707,-0.282, 1.530, 0.134,-0.856,-0.101, 0.022, 0.087, 1.672;
6.139,20.842,-12.082,-5.929,14.690, 0.217, 0.183, 9.684,0.000,0.000,1.527,-0.705,-0.292, 1.530, 0.190,-0.811,-0.144,-0.020, 0.045, 1.715;
6.150,20.865,-12.291,-6.454,15.028, 0.217, 0.183, 9.713,0.000,0.000,2.644,-0.703,-0.300, 1.518, 0.165,-0.770,-0.184, 0.019, 0.006, 1.755;
