0.000,0.000,0.000,0.000,0.000, 0.000, 0.000, 0.000,0.000,0.000,0.000, 0.000, 0.000, 0.000, 0.000, 0.000, 0.000, 0.000, 0.000, 0.000;
0.012,-3.328,-1.533,-3.975,-0.886,-0.036,-0.054, 0.015,0.000,0.000,0.000, 0.536, 0.063, 1.575, 0.034, 0.837, 1.526,-0.049,-0.052, 0.045;
0.025,-5.451,-1.795,-6.755,-0.490,-0.036,-0.054, 0.015,0.000,0.000,0.000, 0.535, 0.073, 1.595, 0.068, 0.890, 1.480,-0.099,-0.105, 0.091;
0.037,-7.639,-2.063,-9.620,-0.082,-0.036,-0.054, 0.015,0.000,0.000,0.000, 0.535, 0.083, 1.615, 0.104, 0.944, 1.432,-0.150,-0.160, 0.138;
0.050,-9.771,-2.325,-12.413,0.318,-0.036,-0.054, 0.015,0.000,0.000,0.000, 0.534, 0.093, 1.634, 0.138, 0.996, 1.386,-0.200,-0.213, 0.184;
0.061,-11.757,-2.568,-15.014,0.690,-0.036,-0.054, 0.015,0.000,0.000,0.000, 0.533, 0.102, 1.652, 0.171, 1.044, 1.343,-0.246,-0.263, 0.227;
0.073,-13.748,-2.815,-17.619,1.056,-0.038,-0.054, 0.014,-0.193,0.000,-0.018, 0.535, 0.111, 1.671, 0.203, 1.092, 1.301,-0.293,-0.312, 0.270;
0.084,-15.679,-3.054,-20.149,1.416,-0.036,-0.054, 0.015,0.198,0.000,0.019, 0.531, 0.119, 1.688, 0.235, 1.139, 1.259,-0.338,-0.360, 0.312;
0.097,-17.860,-3.323,-23.002,1.819,-0.038,-0.054, 0.014,-0.176,0.000,-0.017, 0.532, 0.129, 1.708, 0.270, 1.191, 1.212,-0.389,-0.414, 0.359;
0.107,-19.647,-3.552,-25.341,2.142,-0.038,-0.054, 0.015,0.000,0.000,0.021, 0.531, 0.137, 1.725, 0.300, 1.233, 1.173,-0.431,-0.459, 0.398;
0.118,-21.583,-3.795,-27.875,2.497,-0.038,-0.054, 0.015,0.000,0.000,0.000, 0.529, 0.146, 1.742, 0.332, 1.279, 1.132,-0.477,-0.507, 0.439;
0.129,-23.461,-4.030,-30.332,2.842,-0.038,-0.054, 0.015,0.000,0.000,0.000, 0.528, 0.155, 1.759, 0.363, 1.323, 1.091,-0.521,-0.554, 0.480;
0.141,-25.525,-4.290,-33.031,3.216,-0.040,-0.054, 0.014,-0.187,0.000,-0.018, 0.528, 0.164, 1.778, 0.397, 1.371, 1.047,-0.570,-0.605, 0.524;
0.152,-27.426,-4.541,-35.517,3.550,-0.040,-0.054, 0.015,0.000,0.000,0.019, 0.526, 0.172, 1.795, 0.429, 1.415, 1.006,-0.615,-0.652, 0.565;
0.164,-29.375,-5.291,-38.102,3.436,-0.042,-0.056, 0.029,-0.197,-0.197,1.259, 0.526, 0.183, 1.799, 0.462, 1.461, 0.961,-0.662,-0.701, 0.609;
0.175,-31.274,-5.050,-40.577,4.253,-0.042,-0.056, 0.015,0.000,0.000,-1.316, 0.524, 0.191, 1.830, 0.494, 1.504, 0.921,-0.706,-0.748, 0.650;
0.196,-35.034,-6.154,-45.552,4.364,-0.045,-0.058, 0.029,-0.103,-0.103,0.679, 0.521, 0.210, 1.850, 0.558, 1.590, 0.836,-0.796,-0.842, 0.734;
0.208,-37.095,-6.477,-48.275,4.703,-0.047,-0.058, 0.029,-0.189,0.000,0.000, 0.520, 0.218, 1.868, 0.593, 1.637, 0.790,-0.845,-0.893, 0.781;
0.220,-39.136,-6.774,-50.965,5.055,-0.049,-0.060, 0.029,-0.193,-0.193,-0.037, 0.520, 0.229, 1.887, 0.628, 1.683, 0.745,-0.894,-0.944, 0.826;
0.231,-41.189,-7.798,-53.710,4.724,-0.051,-0.062, 0.043,-0.190,-0.190,1.235, 0.519, 0.240, 1.891, 0.665, 1.730, 0.697,-0.944,-0.996, 0.874;
0.243,-43.211,-8.195,-56.413,5.007,-0.051,-0.062, 0.044,0.000,0.000,0.056, 0.515, 0.249, 1.908, 0.700, 1.775, 0.649,-0.992,-1.046, 0.922;
0.254,-45.284,-8.567,-59.176,5.325,-0.054,-0.065, 0.044,-0.192,-0.192,0.000, 0.514, 0.259, 1.926, 0.737, 1.822, 0.601,-1.042,-1.098, 0.970;
0.266,-47.399,-9.774,-62.044,4.871,-0.056,-0.067, 0.059,-0.185,-0.185,1.217, 0.513, 0.270, 1.931, 0.775, 1.870, 0.548,-1.094,-1.152, 1.022;
0.278,-49.525,-10.208,-64.909,5.176,-0.058,-0.069, 0.059,-0.188,-0.188,0.000, 0.511, 0.281, 1.949, 0.813, 1.917, 0.497,-1.146,-1.206, 1.074;
0.290,-51.505,-11.513,-67.629,4.612,-0.060,-0.071, 0.073,-0.198,-0.198,1.298, 0.509, 0.291, 1.952, 0.850, 1.963, 0.445,-1.195,-1.257, 1.126;
0.301,-53.499,-11.971,-70.348,4.878,-0.062,-0.074, 0.073,-0.202,-0.202,0.000, 0.508, 0.301, 1.970, 0.887, 2.007, 0.394,-1.244,-1.308, 1.176;
0.312,-55.495,-13.402,-73.128,4.231,-0.065,-0.076, 0.088,-0.196,-0.196,1.285, 0.506, 0.311, 1.973, 0.925, 2.053, 0.340,-1.295,-1.360, 1.231;
0.323,-57.480,-13.908,-75.864,4.476,-0.067,-0.078, 0.088,-0.205,-0.205,0.000, 0.504, 0.321, 1.990, 0.962, 2.098, 0.287,-1.343,-1.411, 1.284;
0.334,-59.488,-14.416,-78.624,4.720,-0.069,-0.080, 0.088,-0.204,-0.204,0.000, 0.502, 0.331, 2.007, 1.000, 2.142, 0.235,-1.393,-1.462, 1.336;
0.355,-63.298,-16.492,-83.958,4.168,-0.071,-0.085, 0.103,-0.106,-0.212,0.691, 0.496, 0.349, 2.026, 1.073, 2.229, 0.128,-1.489,-1.563, 1.443;
0.366,-65.331,-18.206,-86.866,3.330,-0.074,-0.087, 0.117,-0.193,-0.193,1.256, 0.493, 0.359, 2.029, 1.114, 2.277, 0.067,-1.542,-1.618, 1.504;
0.378,-67.477,-18.853,-89.888,3.558,-0.076,-0.089, 0.117,-0.193,-0.193,0.000, 0.490, 0.369, 2.047, 1.156, 2.325, 0.006,-1.595,-1.674, 1.565;
0.389,-69.558,-19.475,-92.810,3.776,-0.078,-0.092, 0.117,-0.201,-0.201,0.000, 0.488, 0.378, 2.065, 1.196, 2.371,-0.053,-1.647,-1.728, 1.623;
0.401,-71.648,-21.362,-95.831,2.821,-0.080,-0.096, 0.132,-0.190,-0.379,1.230, 0.484, 0.390, 2.069, 1.240, 2.421,-0.118,-1.702,-1.786, 1.688;
0.412,-73.582,-23.297,-98.681,1.801,-0.083,-0.098, 0.146,-0.201,-0.201,1.302, 0.481, 0.400, 2.072, 1.281, 2.468,-0.182,-1.755,-1.842, 1.752;
0.423,-75.637,-24.013,-101.634,1.983,-0.085,-0.100, 0.146,-0.205,-0.205,0.000, 0.479, 0.409, 2.089, 1.322, 2.514,-0.244,-1.806,-1.896, 1.815;
0.434,-77.736,-24.741,-104.642,2.165,-0.087,-0.103, 0.146,-0.203,-0.203,0.000, 0.475, 0.418, 2.106, 1.364, 2.562,-0.308,-1.859,-1.952, 1.879;
0.445,-79.650,-26.820,-107.496,1.026,-0.089,-0.107, 0.160,-0.205,-0.409,1.316, 0.472, 0.429, 2.109, 1.407, 2.609,-0.373,-1.912,-2.007, 1.944;
0.456,-81.750,-27.593,-110.535,1.192,-0.092,-0.109, 0.160,-0.205,-0.205,0.000, 0.469, 0.437, 2.126, 1.450, 2.656,-0.439,-1.965,-2.064, 2.010;
0.477,-85.673,-30.578,-116.372,0.121,-0.094,-0.114, 0.175,-0.105,-0.209,0.670, 0.460, 0.454, 2.145, 1.535, 2.750,-0.573,-2.070,-2.175, 2.143;
0.489,-87.919,-31.453,-119.654,0.282,-0.096,-0.116, 0.175,-0.194,-0.194,0.000, 0.456, 0.463, 2.164, 1.581, 2.801,-0.645,-2.127,-2.236, 2.216;
0.500,-90.203,-32.337,-122.981,0.441,-0.098,-0.118, 0.175,-0.192,-0.192,0.000, 0.452, 0.472, 2.182, 1.629, 2.853,-0.718,-2.185,-2.298, 2.289;
0.511,-91.997,-35.004,-125.776,-1.225,-0.098,-0.123, 0.192,0.000,-0.420,1.597, 0.446, 0.482, 2.182, 1.673, 2.901,-0.788,-2.237,-2.355, 2.358;
0.522,-94.265,-35.936,-129.124,-1.077,-0.100,-0.125, 0.192,-0.194,-0.194,0.000, 0.441, 0.491, 2.200, 1.721, 2.953,-0.863,-2.295,-2.417, 2.434;
0.534,-96.261,-38.527,-132.245,-2.542,-0.103,-0.129, 0.206,-0.194,-0.388,1.247, 0.437, 0.501, 2.203, 1.769, 3.005,-0.942,-2.353,-2.480, 2.512;
0.545,-98.465,-39.482,-135.531,-2.416,-0.105,-0.132, 0.206,-0.202,-0.202,0.000, 0.433, 0.509, 2.221, 1.816, 3.056,-1.017,-2.409,-2.541, 2.588;
0.556,-100.440,-42.195,-138.669,-3.966,-0.107,-0.136, 0.220,-0.195,-0.390,1.245, 0.428, 0.520, 2.224, 1.866, 3.110,-1.098,-2.468,-2.605, 2.669;
0.568,-103.054,-41.461,-142.386,-2.129,-0.109,-0.138, 0.206,-0.198,-0.198,-1.264, 0.423, 0.527, 2.256, 1.915, 3.162,-1.175,-2.526,-2.669, 2.746;
0.579,-105.091,-44.266,-145.599,-3.758,-0.112,-0.143, 0.220,-0.193,-0.386,1.232, 0.419, 0.538, 2.260, 1.966, 3.217,-1.257,-2.586,-2.735, 2.828;
0.591,-107.450,-45.305,-149.116,-3.638,-0.114,-0.147, 0.220,-0.196,-0.391,0.000, 0.414, 0.547, 2.278, 2.017, 3.272,-1.338,-2.646,-2.801, 2.909;
0.612,-111.980,-47.290,-155.854,-3.415,-0.116,-0.150, 0.220,-0.103,-0.103,0.000, 0.402, 0.560, 2.312, 2.116, 3.377,-1.493,-2.760,-2.928, 3.063;
0.625,-114.353,-50.455,-159.614,-5.194,-0.118,-0.154, 0.234,-0.170,-0.339,1.077, 0.396, 0.570, 2.319, 2.177, 3.441,-1.589,-2.830,-3.005, 3.160;
0.637,-117.193,-49.557,-163.631,-3.119,-0.118,-0.156, 0.220,0.000,-0.193,-1.222, 0.388, 0.577, 2.351, 2.230, 3.498,-1.672,-2.892,-3.074, 3.242;
0.649,-119.263,-52.648,-166.920,-4.991,-0.121,-0.161, 0.234,-0.193,-0.386,1.225, 0.383, 0.586, 2.355, 2.284, 3.556,-1.757,-2.953,-3.144, 3.327;
0.661,-121.846,-53.789,-170.768,-4.868,-0.123,-0.165, 0.234,-0.186,-0.372,0.000, 0.377, 0.596, 2.374, 2.341, 3.616,-1.845,-3.018,-3.217, 3.416;
0.672,-124.359,-54.881,-174.493,-4.746,-0.125,-0.170, 0.234,-0.194,-0.388,0.000, 0.371, 0.605, 2.392, 2.397, 3.675,-1.930,-3.080,-3.288, 3.500;
0.684,-126.936,-55.997,-178.307,-4.626,-0.127,-0.172, 0.234,-0.190,-0.190,0.000, 0.365, 0.611, 2.411, 2.453, 3.735,-2.016,-3.144,-3.361, 3.587;
0.696,-129.658,-57.155,-182.316,-4.497,-0.129,-0.176, 0.234,-0.183,-0.365,0.000, 0.359, 0.620, 2.430, 2.513, 3.799,-2.106,-3.211,-3.438, 3.677;
0.708,-132.358,-58.285,-186.277,-4.366,-0.132,-0.181, 0.234,-0.187,-0.373,0.000, 0.353, 0.629, 2.449, 2.573, 3.862,-2.194,-3.277,-3.514, 3.765;
0.720,-135.458,-57.060,-190.559,-1.959,-0.134,-0.183, 0.220,-0.192,-0.192,-1.218, 0.347, 0.635, 2.481, 2.631, 3.924,-2.276,-3.342,-3.589, 3.847;
0.732,-138.227,-58.113,-194.537,-1.804,-0.136,-0.187, 0.220,-0.188,-0.375,0.000, 0.341, 0.644, 2.500, 2.692, 3.988,-2.361,-3.409,-3.666, 3.932;
0.743,-140.433,-61.536,-197.939,-4.030,-0.138,-0.192, 0.234,-0.197,-0.393,1.248, 0.335, 0.652, 2.503, 2.750, 4.049,-2.444,-3.473,-3.741, 4.015;
0.755,-143.311,-62.678,-202.102,-3.887,-0.141,-0.196, 0.234,-0.183,-0.366,0.000, 0.328, 0.660, 2.522, 2.814, 4.117,-2.534,-3.542,-3.822, 4.105;
0.767,-146.821,-60.761,-206.846,-0.735,-0.145,-0.199, 0.217,-0.364,-0.182,-1.412, 0.324, 0.666, 2.559, 2.879, 4.185,-2.620,-3.612,-3.904, 4.191;
0.779,-149.631,-62.373,-210.868,-1.136,-0.147,-0.203, 0.220,-0.187,-0.374,0.263, 0.317, 0.673, 2.575, 2.943, 4.252,-2.705,-3.681,-3.985, 4.276;
0.790,-152.826,-60.723,-215.151,1.602,-0.150,-0.205, 0.206,-0.201,-0.201,-1.281, 0.311, 0.678, 2.606, 3.003, 4.315,-2.781,-3.746,-4.061, 4.352;
0.802,-155.347,-63.779,-218.825,-0.301,-0.154,-0.210, 0.217,-0.390,-0.390,0.971, 0.307, 0.686, 2.613, 3.066, 4.380,-2.861,-3.814,-4.140, 4.432;
0.814,-158.243,-65.427,-222.929,-0.742,-0.156,-0.214, 0.220,-0.188,-0.376,0.264, 0.300, 0.693, 2.629, 3.132, 4.449,-2.946,-3.884,-4.223, 4.516;
0.825,-161.717,-63.091,-227.507,2.699,-0.161,-0.217, 0.203,-0.392,-0.196,-1.512, 0.296, 0.698, 2.664, 3.197, 4.516,-3.023,-3.953,-4.303, 4.594;
0.837,-164.653,-64.642,-231.580,2.286,-0.163,-0.221, 0.206,-0.192,-0.384,0.253, 0.290, 0.705, 2.679, 3.264, 4.584,-3.102,-4.023,-4.385, 4.673;
0.848,-167.712,-65.007,-235.733,3.015,-0.167,-0.223, 0.203,-0.396,-0.198,-0.261, 0.286, 0.709, 2.700, 3.329, 4.652,-3.179,-4.093,-4.466, 4.749;
0.860,-170.785,-65.983,-239.923,3.156,-0.172,-0.228, 0.203,-0.388,-0.388,0.000, 0.281, 0.716, 2.718, 3.398, 4.721,-3.256,-4.164,-4.549, 4.827;
0.882,-177.236,-64.826,-248.450,6.388,-0.174,-0.230, 0.189,-0.100,-0.100,-0.637, 0.266, 0.721, 2.767, 3.531, 4.856,-3.401,-4.303,-4.711, 4.972;
0.885,-178.154,-65.091,-249.679,6.435,-0.179,-0.234, 0.189,-1.337,-1.337,0.000, 0.268, 0.726, 2.772, 3.552, 4.876,-3.423,-4.324,-4.735, 4.994;
0.897,-180.878,-69.102,-253.513,3.533,-0.183,-0.239, 0.203,-0.390,-0.390,1.237, 0.264, 0.732, 2.776, 3.623, 4.947,-3.501,-4.398,-4.820, 5.071;
0.918,-187.508,-67.181,-262.152,7.463,-0.187,-0.241, 0.186,-0.206,-0.103,-0.776, 0.252, 0.737, 2.827, 3.759, 5.083,-3.641,-4.538,-4.983, 5.212;
0.931,-190.960,-68.801,-266.769,7.008,-0.190,-0.243, 0.189,-0.179,-0.179,0.214, 0.244, 0.740, 2.844, 3.839, 5.162,-3.722,-4.620,-5.076, 5.293;
0.933,-191.752,-69.028,-267.819,7.039,-0.194,-0.248, 0.189,-1.617,-1.617,0.000, 0.246, 0.745, 2.848, 3.857, 5.179,-3.740,-4.638,-5.098, 5.311;
0.955,-198.108,-70.864,-276.223,7.251,-0.199,-0.250, 0.189,-0.204,-0.102,0.000, 0.234, 0.749, 2.883, 4.002, 5.320,-3.883,-4.785,-5.265, 5.454;
0.958,-198.414,-74.459,-276.789,3.916,-0.203,-0.254, 0.203,-1.666,-1.666,5.281, 0.236, 0.753, 2.873, 4.019, 5.338,-3.901,-4.803,-5.286, 5.472;
0.969,-202.226,-72.049,-281.655,7.380,-0.205,-0.257, 0.189,-0.198,-0.198,-1.253, 0.229, 0.756, 2.905, 4.096, 5.412,-3.975,-4.880,-5.374, 5.546;
0.991,-208.832,-73.273,-290.279,8.174,-0.212,-0.259, 0.186,-0.308,-0.103,-0.123, 0.219, 0.759, 2.941, 4.246, 5.556,-4.116,-5.031,-5.545, 5.687;
1.004,-212.490,-75.029,-295.100,7.580,-0.214,-0.261, 0.189,-0.179,-0.179,0.215, 0.211, 0.761, 2.958, 4.333, 5.638,-4.197,-5.118,-5.643, 5.768;
1.016,-215.619,-79.756,-299.394,4.019,-0.219,-0.266, 0.203,-0.372,-0.372,1.178, 0.207, 0.765, 2.963, 4.418, 5.719,-4.278,-5.203,-5.738, 5.849;
1.027,-219.156,-80.873,-304.056,4.026,-0.223,-0.268, 0.203,-0.385,-0.193,0.000, 0.202, 0.767, 2.981, 4.501, 5.797,-4.357,-5.286,-5.831, 5.928;
1.038,-222.590,-81.955,-308.575,4.030,-0.225,-0.270, 0.203,-0.200,-0.200,0.000, 0.195, 0.769, 2.999, 4.582, 5.874,-4.433,-5.366,-5.921, 6.004;
1.050,-226.059,-83.055,-313.130,4.016,-0.230,-0.272, 0.203,-0.399,-0.199,0.000, 0.191, 0.771, 3.016, 4.665, 5.950,-4.509,-5.448,-6.011, 6.079;
1.061,-228.937,-88.011,-317.131,0.184,-0.232,-0.277, 0.217,-0.200,-0.400,1.262, 0.185, 0.774, 3.020, 4.747, 6.028,-4.587,-5.529,-6.103, 6.158;
1.072,-232.416,-89.191,-321.730,0.122,-0.237,-0.279, 0.217,-0.402,-0.201,0.000, 0.180, 0.776, 3.037, 4.831, 6.106,-4.665,-5.611,-6.194, 6.236;
1.083,-235.860,-90.356,-326.274,0.058,-0.239,-0.281, 0.217,-0.204,-0.204,0.000, 0.174, 0.777, 3.054, 4.914, 6.183,-4.742,-5.693,-6.284, 6.313;
1.094,-239.341,-91.541,-330.858,-0.024,-0.243,-0.283, 0.217,-0.408,-0.204,0.000, 0.170, 0.778, 3.072, 4.998, 6.260,-4.819,-5.775,-6.375, 6.390;
1.105,-241.980,-97.741,-334.649,-5.072,-0.246,-0.288, 0.234,-0.204,-0.408,1.583, 0.164, 0.781, 3.071, 5.083, 6.339,-4.899,-5.858,-6.467, 6.470;
1.126,-248.917,-99.236,-343.788,-4.365,-0.250,-0.290, 0.231,-0.212,-0.106,-0.158, 0.152, 0.780, 3.108, 5.249, 6.491,-5.053,-6.019,-6.645, 6.624;
1.137,-252.679,-100.597,-348.766,-4.509,-0.252,-0.292, 0.231,-0.192,-0.192,0.000, 0.145, 0.781, 3.126, 5.342, 6.576,-5.138,-6.109,-6.744, 6.709;
1.149,-255.559,-106.168,-352.861,-8.866,-0.257,-0.297, 0.245,-0.398,-0.398,1.238, 0.141, 0.783, 3.130, 5.432, 6.659,-5.223,-6.196,-6.840, 6.794;
1.161,-259.515,-107.686,-358.129,-9.072,-0.259,-0.299, 0.245,-0.184,-0.184,0.000, 0.134, 0.783, 3.149, 5.530, 6.749,-5.314,-6.291,-6.945, 6.885;
1.172,-263.120,-110.238,-362.999,-10.359,-0.261,-0.304, 0.248,-0.193,-0.385,0.303, 0.128, 0.785, 3.164, 5.625, 6.836,-5.403,-6.382,-7.046, 6.974;
1.184,-267.181,-110.606,-368.315,-9.473,-0.266,-0.306, 0.245,-0.385,-0.193,-0.303, 0.123, 0.785, 3.185, 5.721, 6.924,-5.490,-6.474,-7.147, 7.061;
1.195,-270.712,-113.166,-373.070,-10.809,-0.268,-0.308, 0.248,-0.199,-0.199,0.313, 0.117, 0.785, 3.199, 5.815, 7.009,-5.576,-6.564,-7.246, 7.147;
1.206,-273.808,-117.985,-377.418,-14.375,-0.272,-0.312, 0.259,-0.400,-0.400,0.921, 0.113, 0.786, 3.207, 5.910, 7.095,-5.663,-6.654,-7.345, 7.234;
1.217,-277.263,-120.698,-382.115,-15.846,-0.275,-0.315, 0.262,-0.203,-0.203,0.336, 0.107, 0.786, 3.220, 6.004, 7.181,-5.750,-6.744,-7.444, 7.321;
1.228,-281.001,-122.208,-387.096,-16.114,-0.277,-0.319, 0.262,-0.203,-0.406,0.000, 0.101, 0.787, 3.238, 6.098, 7.267,-5.837,-6.834,-7.543, 7.408;
1.239,-284.773,-123.738,-392.110,-16.401,-0.281,-0.321, 0.262,-0.406,-0.203,0.000, 0.098, 0.787, 3.255, 6.194, 7.355,-5.924,-6.925,-7.643, 7.494;
1.260,-292.177,-126.707,-401.931,-16.953,-0.283,-0.326, 0.262,-0.104,-0.209,0.000, 0.085, 0.785, 3.288, 6.382, 7.526,-6.092,-7.102,-7.839, 7.663;
1.272,-296.469,-127.023,-407.512,-15.979,-0.288,-0.328, 0.259,-0.388,-0.194,-0.321, 0.081, 0.783, 3.310, 6.484, 7.619,-6.182,-7.199,-7.945, 7.753;
1.284,-300.506,-130.033,-412.928,-17.611,-0.290,-0.333, 0.262,-0.183,-0.366,0.302, 0.074, 0.784, 3.326, 6.593, 7.719,-6.279,-7.302,-8.058, 7.849;
1.297,-305.202,-130.459,-419.017,-16.644,-0.295,-0.335, 0.259,-0.360,-0.180,-0.297, 0.070, 0.782, 3.349, 6.706, 7.822,-6.376,-7.408,-8.175, 7.947;
1.310,-309.669,-133.668,-424.977,-18.361,-0.297,-0.339, 0.262,-0.169,-0.338,0.279, 0.063, 0.781, 3.366, 6.827, 7.932,-6.480,-7.521,-8.300, 8.051;
1.313,-312.010,-127.627,-427.634,-12.004,-0.301,-0.341, 0.245,-1.529,-0.764,-5.987, 0.065, 0.782, 3.388, 6.854, 7.957,-6.502,-7.546,-8.327, 8.073;
1.324,-316.248,-129.189,-433.115,-12.322,-0.306,-0.344, 0.245,-0.389,-0.194,0.000, 0.062, 0.780, 3.406, 6.961, 8.054,-6.589,-7.647,-8.437, 8.160;
1.346,-324.095,-133.501,-443.343,-14.253,-0.308,-0.348, 0.248,-0.102,-0.205,0.161, 0.049, 0.776, 3.437, 7.167, 8.241,-6.755,-7.839,-8.647, 8.326;
1.358,-328.601,-135.178,-449.163,-14.615,-0.312,-0.350, 0.248,-0.371,-0.185,0.000, 0.046, 0.773, 3.456, 7.282, 8.345,-6.847,-7.946,-8.764, 8.418;
1.371,-333.419,-136.963,-455.371,-15.010,-0.317,-0.355, 0.248,-0.351,-0.351,0.000, 0.042, 0.772, 3.476, 7.405, 8.457,-6.944,-8.060,-8.889, 8.515;
1.376,-336.510,-130.718,-458.958,-8.270,-0.321,-0.357, 0.231,-0.941,-0.471,-3.667, 0.043, 0.773, 3.500, 7.451, 8.498,-6.979,-8.104,-8.935, 8.549;
1.385,-340.384,-132.054,-463.874,-8.564,-0.326,-0.359, 0.231,-0.448,-0.224,0.000, 0.041, 0.770, 3.516, 7.549, 8.587,-7.051,-8.195,-9.034, 8.622;
1.407,-348.697,-136.375,-474.484,-10.587,-0.330,-0.364, 0.234,-0.205,-0.205,0.153, 0.032, 0.765, 3.547, 7.767, 8.783,-7.212,-8.397,-9.251, 8.783;
1.420,-354.000,-136.767,-481.121,-9.647,-0.337,-0.366, 0.231,-0.525,-0.175,-0.261, 0.031, 0.761, 3.570, 7.897, 8.898,-7.305,-8.517,-9.379, 8.876;
1.423,-356.373,-131.378,-483.841,-3.910,-0.341,-0.368, 0.217,-1.294,-0.647,-4.051, 0.033, 0.762, 3.590, 7.932, 8.929,-7.329,-8.550,-9.414, 8.900;
1.435,-360.856,-132.853,-489.437,-4.272,-0.346,-0.371, 0.217,-0.404,-0.202,0.000, 0.031, 0.758, 3.607, 8.047, 9.031,-7.407,-8.656,-9.526, 8.978;
1.456,-369.842,-135.798,-500.630,-5.011,-0.350,-0.375, 0.217,-0.204,-0.204,0.000, 0.022, 0.752, 3.641, 8.276, 9.234,-7.561,-8.868,-9.750, 9.132;
1.468,-374.824,-137.452,-506.823,-5.454,-0.357,-0.377, 0.217,-0.557,-0.186,0.000, 0.022, 0.748, 3.660, 8.404, 9.346,-7.645,-8.987,-9.874, 9.216;
1.480,-379.745,-139.096,-512.931,-5.910,-0.362,-0.379, 0.217,-0.379,-0.189,0.000, 0.019, 0.744, 3.679, 8.531, 9.457,-7.728,-9.104,-9.995, 9.299;
1.492,-384.789,-140.790,-519.183,-6.395,-0.366,-0.382, 0.217,-0.372,-0.186,0.000, 0.017, 0.740, 3.698, 8.662, 9.571,-7.813,-9.224,-10.120, 9.384;
1.504,-389.785,-142.490,-525.364,-6.910,-0.373,-0.384, 0.217,-0.569,-0.190,0.000, 0.017, 0.735, 3.716, 8.792, 9.683,-7.896,-9.344,-10.242, 9.466;
1.516,-394.850,-144.222,-531.623,-7.449,-0.377,-0.386, 0.217,-0.377,-0.188,0.000, 0.015, 0.731, 3.735, 8.924, 9.797,-7.979,-9.465,-10.366, 9.550;
1.529,-400.637,-146.226,-538.761,-8.103,-0.384,-0.388, 0.217,-0.500,-0.167,0.000, 0.014, 0.725, 3.756, 9.076, 9.927,-8.073,-9.605,-10.507, 9.644;
1.541,-405.827,-148.033,-545.152,-8.708,-0.388,-0.391, 0.217,-0.374,-0.187,0.000, 0.013, 0.721, 3.775, 9.212,10.043,-8.157,-9.731,-10.633, 9.728;
1.554,-412.551,-143.226,-553.123,-2.654,-0.395,-0.391, 0.203,-0.521,0.000,-1.094, 0.013, 0.713, 3.809, 9.361,10.169,-8.244,-9.868,-10.769, 9.815;
1.566,-417.726,-144.960,-559.429,-3.257,-0.400,-0.393, 0.203,-0.383,-0.192,0.000, 0.011, 0.708, 3.827, 9.498,10.283,-8.323,-9.993,-10.893, 9.894;
1.578,-423.043,-146.763,-565.896,-3.909,-0.406,-0.395, 0.203,-0.565,-0.188,0.000, 0.012, 0.703, 3.846, 9.639,10.401,-8.403,-10.123,-11.019, 9.974;
1.591,-427.913,-155.896,-572.108,-11.701,-0.413,-0.397, 0.217,-0.503,-0.168,1.057, 0.013, 0.697, 3.853, 9.799,10.533,-8.497,-10.270,-11.162,10.068;
1.594,-429.456,-156.462,-573.994,-11.924,-0.417,-0.400, 0.217,-1.309,-0.655,0.000, 0.016, 0.697, 3.858, 9.841,10.568,-8.521,-10.308,-11.199,10.092;
1.605,-435.564,-151.148,-581.154,-5.558,-0.424,-0.400, 0.203,-0.618,0.000,-1.297, 0.017, 0.690, 3.889, 9.974,10.677,-8.594,-10.431,-11.316,10.165;
1.627,-445.725,-154.766,-593.445,-7.046,-0.431,-0.402, 0.203,-0.305,-0.102,0.000, 0.014, 0.678, 3.924,10.249,10.899,-8.743,-10.683,-11.553,10.314;
1.640,-451.330,-158.415,-600.279,-9.467,-0.435,-0.404, 0.206,-0.356,-0.178,0.235, 0.013, 0.672, 3.940,10.407,11.027,-8.829,-10.828,-11.690,10.400;
1.652,-457.166,-158.905,-607.271,-8.800,-0.442,-0.404, 0.203,-0.562,0.000,-0.247, 0.015, 0.664, 3.962,10.559,11.148,-8.910,-10.968,-11.819,10.480;
1.664,-462.864,-161.005,-614.136,-9.733,-0.449,-0.406, 0.203,-0.557,-0.185,0.000, 0.017, 0.658, 3.981,10.715,11.272,-8.991,-11.111,-11.950,10.562;
1.676,-468.645,-163.159,-621.091,-10.712,-0.455,-0.408, 0.203,-0.553,-0.184,0.000, 0.019, 0.652, 4.000,10.874,11.398,-9.073,-11.257,-12.083,10.644;
1.688,-475.542,-159.079,-629.146,-5.474,-0.460,-0.408, 0.192,-0.363,0.000,-0.926, 0.019, 0.644, 4.031,11.037,11.525,-9.154,-11.407,-12.218,10.725;
1.700,-480.516,-167.633,-635.312,-12.837,-0.466,-0.411, 0.203,-0.545,-0.182,0.928, 0.021, 0.638, 4.038,11.202,11.654,-9.237,-11.558,-12.354,10.808;
1.713,-486.928,-170.100,-642.998,-14.030,-0.473,-0.413, 0.203,-0.510,-0.170,0.000, 0.023, 0.631, 4.059,11.380,11.792,-9.326,-11.722,-12.499,10.897;
1.725,-494.020,-164.257,-651.192,-7.085,-0.480,-0.413, 0.189,-0.567,0.000,-1.199, 0.026, 0.622, 4.092,11.542,11.916,-9.403,-11.871,-12.630,10.974;
