0.000,0.000,0.000,0.000,0.000, 0.000, 0.000, 0.000,0.000,0.000,0.000, 0.000, 0.000, 0.000, 0.000, 0.000, 0.000, 0.000, 0.000, 0.000, 0.000, 0.000, 0.000, 0.000, 0.000, 0.000, 0.000, 0.000, 0.000;
0.003,0.125,1.009,0.125,1.009, 0.172,-0.042, 0.000,0.000,0.000,0.000, 0.328, 0.043, 1.573,-0.029, 0.333, 0.628, 0.028,-0.019, 0.000, 0.500, 0.001, 1.573,-0.001, 0.314, 0.628,-0.099,-0.000, 0.000;
0.014,6.686,5.570,3.886,8.370, 0.172,-0.042, 0.000,0.000,0.000,0.000, 0.328, 0.047, 1.580,-0.127, 0.397, 0.628, 0.125,-0.083, 0.000, 0.500, 0.004, 1.580,-0.003, 0.314, 0.628,-0.099,-0.001, 0.000;
0.036,7.936,12.224,5.125,15.036, 0.172,-0.042, 0.000,0.000,0.000,0.000, 0.328, 0.054, 1.593,-0.307, 0.519, 0.628, 0.300,-0.204, 0.000, 0.500, 0.011, 1.593,-0.007, 0.314, 0.628,-0.099,-0.002, 0.000;
0.039,8.024,12.394,5.189,15.229, 0.172,-0.042, 0.000,0.000,0.000,0.000, 0.328, 0.055, 1.595,-0.329, 0.534, 0.628, 0.321,-0.220, 0.000, 0.500, 0.012, 1.595,-0.008, 0.314, 0.628,-0.099,-0.002, 0.000;
0.051,8.486,15.624,5.648,18.462, 0.172,-0.042, 0.000,0.000,0.000,0.000, 0.328, 0.058, 1.603,-0.411, 0.594, 0.628, 0.401,-0.280, 0.000, 0.500, 0.016, 1.603,-0.010, 0.314, 0.628,-0.099,-0.003, 0.000;
0.073,14.291,15.924,11.440,18.775, 0.172,-0.042, 0.000,0.000,0.000,0.000, 0.328, 0.065, 1.616,-0.552, 0.485, 0.628, 0.537,-0.171, 0.000, 0.499, 0.023, 1.616,-0.014, 0.314, 0.628,-0.099,-0.005, 0.000;
0.076,14.755,15.813,11.881,18.687, 0.172,-0.042, 0.000,0.000,0.000,0.000, 0.328, 0.066, 1.619,-0.572, 0.467, 0.628, 0.557,-0.153, 0.000, 0.499, 0.024, 1.619,-0.015, 0.314, 0.628,-0.099,-0.005, 0.000;
0.088,17.542,15.884,14.664,18.762, 0.172,-0.042, 0.000,0.000,0.000,0.000, 0.327, 0.070, 1.626,-0.637, 0.408, 0.628, 0.619,-0.094, 0.000, 0.499, 0.028, 1.626,-0.017, 0.314, 0.628,-0.099,-0.005, 0.000;
0.110,22.534,15.857,19.644,18.747, 0.172,-0.042, 0.000,0.000,0.000,0.000, 0.327, 0.077, 1.640,-0.752, 0.298, 0.628, 0.730, 0.015, 0.000, 0.499, 0.034, 1.640,-0.022, 0.313, 0.628,-0.098,-0.007, 0.000;
0.121,19.303,15.687,16.389,18.600, 0.174,-0.042, 0.000,0.191,0.000,0.000, 0.324, 0.080, 1.647,-0.692, 0.357, 0.628, 0.668,-0.044, 0.000, 0.499, 0.038, 1.647,-0.024, 0.313, 0.628,-0.098,-0.008, 0.000;
0.133,19.475,12.691,16.549,15.617, 0.174,-0.042, 0.000,0.000,0.000,0.000, 0.324, 0.084, 1.655,-0.631, 0.297, 0.628, 0.604, 0.017, 0.000, 0.498, 0.042, 1.655,-0.026, 0.313, 0.628,-0.098,-0.008, 0.000;
0.145,16.399,13.043,13.461,15.982, 0.176,-0.042, 0.015,0.187,0.000,1.270, 0.322, 0.088, 1.647,-0.570, 0.356, 0.502, 0.541,-0.043, 0.127, 0.498, 0.046, 1.662,-0.029, 0.313, 0.628,-0.098,-0.009, 0.000;
0.158,16.606,9.994,13.707,12.893, 0.176,-0.042, 0.015,0.000,0.000,-0.018, 0.321, 0.092, 1.655,-0.507, 0.294, 0.374, 0.476, 0.019, 0.254, 0.498, 0.049, 1.670,-0.031, 0.313, 0.628,-0.098,-0.010, 0.000;
0.169,13.812,10.305,10.926,13.190, 0.179,-0.042, 0.030,0.204,0.000,1.362, 0.319, 0.095, 1.647,-0.452, 0.349, 0.258, 0.419,-0.036, 0.370, 0.497, 0.053, 1.677,-0.033, 0.312, 0.628,-0.098,-0.010, 0.000;
0.180,14.061,7.571,11.214,10.418, 0.181,-0.042, 0.030,0.198,0.000,0.040, 0.316, 0.099, 1.653,-0.396, 0.292, 0.143, 0.361, 0.020, 0.486, 0.497, 0.056, 1.684,-0.035, 0.312, 0.628,-0.098,-0.011, 0.000;
0.191,11.221,7.778,8.387,10.612, 0.183,-0.042, 0.045,0.197,0.000,1.278, 0.313, 0.102, 1.646,-0.341, 0.348, 0.024, 0.303,-0.036, 0.604, 0.496, 0.060, 1.691,-0.038, 0.312, 0.628,-0.098,-0.012, 0.000;
0.202,11.652,4.910,8.855,7.707, 0.185,-0.040, 0.030,0.199,0.199,-1.286, 0.311, 0.104, 1.668,-0.286, 0.291, 0.143, 0.246, 0.020, 0.485, 0.496, 0.063, 1.698,-0.040, 0.312, 0.628,-0.098,-0.013, 0.000;
0.213,11.674,2.602,8.816,5.460, 0.187,-0.040, 0.045,0.202,0.000,1.310, 0.308, 0.107, 1.660,-0.233, 0.236, 0.033, 0.191, 0.076, 0.596, 0.496, 0.067, 1.705,-0.042, 0.311, 0.628,-0.098,-0.013, 0.000;
0.224,14.249,2.911,11.427,5.733, 0.192,-0.038, 0.045,0.409,0.204,0.062, 0.303, 0.108, 1.666,-0.290, 0.180, 0.144, 0.246, 0.131, 0.484, 0.495, 0.070, 1.712,-0.044, 0.311, 0.628,-0.098,-0.014, 0.000;
0.236,11.122,2.843,8.266,5.699, 0.194,-0.038, 0.061,0.188,0.000,1.272, 0.300, 0.112, 1.659,-0.233, 0.240, 0.022, 0.186, 0.071, 0.606, 0.495, 0.074, 1.719,-0.046, 0.311, 0.628,-0.098,-0.015, 0.000;
0.247,11.100,5.525,8.283,8.342, 0.199,-0.038, 0.076,0.412,0.000,1.392, 0.295, 0.115, 1.650,-0.290, 0.294,-0.092, 0.241, 0.016, 0.720, 0.494, 0.077, 1.726,-0.049, 0.310, 0.628,-0.098,-0.015, 0.000;
0.268,11.503,0.092,8.724,2.871, 0.201,-0.036, 0.061,0.106,0.106,-0.716, 0.292, 0.120, 1.679,-0.188, 0.187, 0.133, 0.136, 0.123, 0.495, 0.493, 0.084, 1.739,-0.053, 0.310, 0.628,-0.097,-0.017, 0.000;
0.280,11.276,3.305,8.402,6.180, 0.205,-0.036, 0.076,0.384,0.000,1.296, 0.287, 0.123, 1.671,-0.249, 0.245, 0.250, 0.194, 0.064, 0.378, 0.492, 0.087, 1.747,-0.055, 0.309, 0.628,-0.097,-0.017, 0.000;
0.291,14.038,3.198,11.151,6.084, 0.210,-0.033, 0.077,0.384,0.192,0.100, 0.282, 0.125, 1.677,-0.310, 0.187, 0.369, 0.252, 0.122, 0.260, 0.492, 0.091, 1.754,-0.057, 0.309, 0.628,-0.097,-0.018, 0.000;
0.303,10.967,3.016,8.045,5.937, 0.212,-0.033, 0.091,0.192,0.000,1.196, 0.279, 0.128, 1.671,-0.254, 0.245, 0.248, 0.194, 0.064, 0.380, 0.491, 0.095, 1.761,-0.059, 0.308, 0.628,-0.097,-0.019, 0.000;
0.316,14.277,3.272,11.391,6.157, 0.217,-0.031, 0.091,0.343,0.172,0.000, 0.274, 0.130, 1.679,-0.322, 0.179, 0.118, 0.260, 0.129, 0.510, 0.490, 0.099, 1.769,-0.062, 0.308, 0.628,-0.097,-0.019, 0.000;
0.328,13.577,6.252,10.706,9.124, 0.221,-0.031, 0.107,0.368,0.000,1.370, 0.268, 0.134, 1.670,-0.385, 0.239,-0.009, 0.321, 0.068, 0.637, 0.489, 0.102, 1.777,-0.064, 0.308, 0.628,-0.097,-0.020, 0.000;
0.339,13.147,8.630,10.318,11.459, 0.225,-0.031, 0.122,0.417,0.000,1.419, 0.263, 0.137, 1.661,-0.441, 0.293,-0.121, 0.374, 0.014, 0.750, 0.489, 0.106, 1.784,-0.066, 0.307, 0.628,-0.096,-0.021, 0.000;
0.350,15.957,8.439,13.166,11.230, 0.230,-0.029, 0.107,0.395,0.198,-1.344, 0.258, 0.138, 1.683,-0.500, 0.235,-0.002, 0.431, 0.071, 0.630, 0.488, 0.109, 1.791,-0.069, 0.307, 0.628,-0.096,-0.022, 0.000;
0.362,12.729,8.178,9.875,11.032, 0.234,-0.029, 0.122,0.370,0.000,1.257, 0.253, 0.142, 1.676,-0.441, 0.295, 0.120, 0.370, 0.011, 0.509, 0.487, 0.113, 1.798,-0.071, 0.306, 0.628,-0.096,-0.022, 0.000;
0.374,15.698,8.458,12.831,11.325, 0.239,-0.027, 0.124,0.383,0.192,0.163, 0.247, 0.143, 1.681,-0.502, 0.236, 0.238, 0.429, 0.070, 0.390, 0.486, 0.116, 1.806,-0.073, 0.306, 0.628,-0.096,-0.023, 0.000;
0.385,12.683,8.159,9.782,11.060, 0.243,-0.027, 0.138,0.399,0.000,1.182, 0.242, 0.147, 1.675,-0.448, 0.292, 0.124, 0.373, 0.013, 0.505, 0.485, 0.120, 1.813,-0.075, 0.305, 0.628,-0.096,-0.024, 0.000;
0.396,15.464,8.462,12.598,11.328, 0.248,-0.025, 0.138,0.407,0.203,0.000, 0.237, 0.148, 1.682,-0.505, 0.236, 0.234, 0.428, 0.069, 0.394, 0.485, 0.123, 1.820,-0.077, 0.304, 0.628,-0.096,-0.024, 0.000;
0.407,12.522,7.968,9.620,10.870, 0.252,-0.025, 0.138,0.388,0.000,0.000, 0.231, 0.151, 1.689,-0.450, 0.293, 0.352, 0.370, 0.011, 0.277, 0.484, 0.127, 1.827,-0.080, 0.304, 0.628,-0.095,-0.025, 0.000;
0.418,15.320,8.274,12.381,11.213, 0.259,-0.022, 0.140,0.614,0.205,0.194, 0.224, 0.152, 1.694,-0.507, 0.237, 0.462, 0.425, 0.066, 0.166, 0.483, 0.130, 1.834,-0.082, 0.303, 0.628,-0.095,-0.026, 0.000;
0.429,14.504,10.897,11.534,13.867, 0.263,-0.022, 0.155,0.407,0.000,1.395, 0.219, 0.156, 1.686,-0.564, 0.291, 0.347, 0.480, 0.011, 0.281, 0.482, 0.133, 1.841,-0.084, 0.303, 0.628,-0.095,-0.026, 0.000;
0.451,15.408,5.397,12.476,8.328, 0.268,-0.020, 0.140,0.210,0.105,-0.719, 0.212, 0.160, 1.714,-0.461, 0.183, 0.570, 0.373, 0.119, 0.059, 0.480, 0.140, 1.854,-0.088, 0.302, 0.628,-0.095,-0.028, 0.000;
0.463,12.431,5.430,9.403,8.457, 0.272,-0.020, 0.155,0.373,0.000,1.276, 0.207, 0.163, 1.706,-0.403, 0.243, 0.445, 0.313, 0.058, 0.183, 0.479, 0.143, 1.861,-0.090, 0.301, 0.628,-0.095,-0.028, 0.000;
0.474,12.225,8.111,9.237,11.099, 0.279,-0.020, 0.155,0.579,0.000,0.000, 0.199, 0.167, 1.714,-0.463, 0.301, 0.328, 0.371,-0.000, 0.300, 0.478, 0.147, 1.869,-0.092, 0.300, 0.628,-0.094,-0.029, 0.000;
0.486,14.992,8.181,12.017,11.156, 0.283,-0.018, 0.155,0.379,0.189,0.000, 0.193, 0.168, 1.721,-0.524, 0.240, 0.447, 0.430, 0.059, 0.181, 0.477, 0.150, 1.876,-0.094, 0.300, 0.628,-0.094,-0.030, 0.000;
0.498,14.300,10.863,11.287,13.876, 0.290,-0.018, 0.155,0.558,0.000,0.000, 0.186, 0.172, 1.729,-0.587, 0.300, 0.569, 0.490,-0.001, 0.060, 0.476, 0.154, 1.884,-0.097, 0.299, 0.628,-0.094,-0.030, 0.000;
0.510,14.776,7.630,11.724,10.682, 0.295,-0.016, 0.155,0.369,0.185,0.000, 0.180, 0.173, 1.736,-0.528, 0.238, 0.690, 0.429, 0.060,-0.062, 0.475, 0.158, 1.891,-0.099, 0.298, 0.628,-0.094,-0.031, 0.000;
0.523,17.681,8.238,14.590,11.329, 0.301,-0.013, 0.155,0.531,0.177,0.000, 0.172, 0.175, 1.744,-0.594, 0.174, 0.564, 0.493, 0.124, 0.064, 0.473, 0.161, 1.899,-0.101, 0.297, 0.628,-0.093,-0.032, 0.000;
0.534,16.896,10.877,13.819,13.954, 0.308,-0.013, 0.157,0.572,0.000,0.207, 0.164, 0.178, 1.749,-0.655, 0.232, 0.446, 0.551, 0.065, 0.182, 0.472, 0.165, 1.907,-0.104, 0.297, 0.628,-0.093,-0.033, 0.000;
0.546,17.342,7.680,14.282,10.741, 0.312,-0.011, 0.157,0.369,0.185,0.000, 0.158, 0.179, 1.757,-0.596, 0.170, 0.567, 0.491, 0.126, 0.061, 0.471, 0.168, 1.914,-0.106, 0.296, 0.628,-0.093,-0.033, 0.000;
0.560,16.769,11.028,13.670,14.127, 0.319,-0.011, 0.157,0.490,0.000,0.000, 0.150, 0.184, 1.765,-0.667, 0.238, 0.705, 0.559, 0.057,-0.076, 0.469, 0.172, 1.923,-0.108, 0.295, 0.628,-0.093,-0.034, 0.000;
0.573,17.307,7.473,14.165,10.616, 0.324,-0.009, 0.155,0.341,0.171,-0.185, 0.144, 0.185, 1.776,-0.603, 0.171, 0.837, 0.493, 0.123,-0.208, 0.468, 0.176, 1.931,-0.111, 0.294, 0.628,-0.092,-0.035, 0.000;
0.585,14.219,7.418,11.031,10.607, 0.330,-0.009, 0.173,0.547,0.000,1.458, 0.136, 0.189, 1.766,-0.544, 0.232, 0.704, 0.431, 0.061,-0.076, 0.467, 0.180, 1.939,-0.113, 0.293, 0.628,-0.092,-0.035, 0.000;
0.598,17.460,7.617,14.317,10.760, 0.337,-0.007, 0.157,0.540,0.180,-1.246, 0.128, 0.190, 1.789,-0.609, 0.169, 0.829, 0.494, 0.123,-0.201, 0.465, 0.183, 1.946,-0.115, 0.292, 0.628,-0.092,-0.036, 0.000;
0.610,16.691,10.341,13.482,13.550, 0.344,-0.007, 0.160,0.547,0.000,0.204, 0.120, 0.194, 1.794,-0.673, 0.230, 0.705, 0.555, 0.062,-0.076, 0.464, 0.187, 1.954,-0.117, 0.291, 0.628,-0.092,-0.037, 0.000;
0.622,17.160,7.125,13.968,10.317, 0.348,-0.004, 0.157,0.374,0.187,-0.209, 0.114, 0.195, 1.804,-0.614, 0.169, 0.585, 0.495, 0.122, 0.043, 0.462, 0.190, 1.962,-0.120, 0.290, 0.628,-0.091,-0.038, 0.000;
0.633,16.440,10.200,13.257,13.383, 0.355,-0.004, 0.176,0.595,0.000,1.615, 0.106, 0.198, 1.793,-0.673, 0.224, 0.464, 0.551, 0.065, 0.164, 0.461, 0.194, 1.969,-0.122, 0.290, 0.628,-0.091,-0.038, 0.000;
0.645,19.405,10.082,16.266,13.220, 0.362,-0.002, 0.160,0.560,0.187,-1.311, 0.098, 0.199, 1.816,-0.735, 0.163, 0.586, 0.611, 0.125, 0.042, 0.459, 0.197, 1.976,-0.124, 0.289, 0.628,-0.091,-0.039, 0.000;
0.657,16.265,9.646,13.061,12.850, 0.366,-0.002, 0.173,0.386,0.000,1.118, 0.092, 0.203, 1.811,-0.678, 0.221, 0.466, 0.552, 0.067, 0.162, 0.458, 0.201, 1.983,-0.126, 0.288, 0.628,-0.090,-0.040, 0.000;
0.669,17.060,6.672,13.891,9.841, 0.373,-0.000, 0.160,0.572,0.191,-1.106, 0.084, 0.204, 1.831,-0.622, 0.161, 0.587, 0.494, 0.126, 0.041, 0.457, 0.204, 1.991,-0.128, 0.287, 0.628,-0.090,-0.040, 0.000;
0.681,16.336,9.913,13.107,13.142, 0.379,-0.000, 0.176,0.539,0.000,1.263, 0.075, 0.207, 1.823,-0.687, 0.222, 0.458, 0.556, 0.063, 0.170, 0.455, 0.207, 1.999,-0.130, 0.286, 0.628,-0.090,-0.041, 0.000;
0.694,16.980,6.307,13.792,9.495, 0.386, 0.002, 0.162,0.514,0.171,-1.005, 0.067, 0.209, 1.844,-0.624, 0.156, 0.594, 0.491, 0.129, 0.035, 0.453, 0.211, 2.007,-0.133, 0.285, 0.628,-0.089,-0.042, 0.000;
0.706,14.051,6.135,10.798,9.388, 0.391, 0.002, 0.176,0.381,0.000,1.117, 0.061, 0.212, 1.839,-0.567, 0.214, 0.473, 0.432, 0.070, 0.155, 0.452, 0.215, 2.014,-0.135, 0.284, 0.628,-0.089,-0.042, 0.000;
0.718,17.150,6.344,13.933,9.562, 0.397, 0.004, 0.160,0.566,0.189,-1.325, 0.053, 0.213, 1.862,-0.628, 0.153, 0.598, 0.491, 0.130, 0.031, 0.450, 0.218, 2.022,-0.137, 0.283, 0.628,-0.089,-0.043, 0.000;
0.730,19.732,6.675,16.449,9.959, 0.404, 0.007, 0.162,0.545,0.182,0.210, 0.044, 0.215, 1.867,-0.692, 0.091, 0.723, 0.553, 0.191,-0.095, 0.448, 0.221, 2.029,-0.139, 0.282, 0.628,-0.089,-0.044, 0.000;
0.742,16.577,5.995,13.259,9.314, 0.408, 0.007, 0.160,0.365,0.000,-0.211, 0.038, 0.218, 1.877,-0.632, 0.151, 0.848, 0.491, 0.129,-0.219, 0.447, 0.225, 2.037,-0.141, 0.281, 0.628,-0.088,-0.044, 0.000;
0.755,16.146,9.142,12.783,12.505, 0.415, 0.007, 0.178,0.530,0.000,1.463, 0.030, 0.222, 1.867,-0.698, 0.214, 0.711, 0.554, 0.066,-0.083, 0.445, 0.228, 2.045,-0.143, 0.279, 0.628,-0.088,-0.045, 0.000;
0.768,16.825,5.376,13.510,8.692, 0.422, 0.009, 0.162,0.494,0.165,-1.175, 0.021, 0.223, 1.891,-0.632, 0.145, 0.848, 0.487, 0.134,-0.220, 0.443, 0.232, 2.053,-0.146, 0.278, 0.628,-0.087,-0.046, 0.000;
0.781,17.226,2.547,13.840,5.933, 0.426, 0.011, 0.162,0.355,0.177,0.000, 0.015, 0.224, 1.899,-0.571, 0.080, 0.721, 0.423, 0.197,-0.093, 0.441, 0.236, 2.061,-0.148, 0.277, 0.628,-0.087,-0.047, 0.000;
0.793,16.666,5.531,13.294,8.904, 0.433, 0.011, 0.162,0.560,0.000,0.000, 0.006, 0.228, 1.906,-0.633, 0.140, 0.601, 0.483, 0.136, 0.027, 0.439, 0.239, 2.069,-0.150, 0.276, 0.628,-0.087,-0.047, 0.000;
0.805,16.009,8.252,12.650,11.612, 0.440, 0.011, 0.181,0.558,0.000,1.569,-0.002, 0.231, 1.895,-0.696, 0.199, 0.471, 0.544, 0.076, 0.157, 0.437, 0.242, 2.076,-0.152, 0.275, 0.628,-0.086,-0.048, 0.000;
0.817,16.644,4.733,13.331,8.046, 0.446, 0.013, 0.165,0.533,0.178,-1.286,-0.011, 0.232, 1.919,-0.635, 0.135, 0.600, 0.481, 0.139, 0.028, 0.436, 0.246, 2.084,-0.154, 0.274, 0.628,-0.086,-0.048, 0.000;
0.829,13.742,4.331,10.361,7.712, 0.451, 0.013, 0.162,0.369,0.000,-0.220,-0.017, 0.236, 1.929,-0.576, 0.194, 0.724, 0.420, 0.078,-0.095, 0.434, 0.249, 2.092,-0.156, 0.272, 0.628,-0.086,-0.049, 0.000;
0.843,17.174,4.813,13.749,8.238, 0.458, 0.016, 0.165,0.490,0.163,0.195,-0.026, 0.237, 1.935,-0.647, 0.124, 0.586, 0.488, 0.147, 0.042, 0.431, 0.253, 2.101,-0.159, 0.271, 0.628,-0.085,-0.050, 0.000;
0.849,15.528,4.402,12.122,7.807, 0.462, 0.016, 0.162,0.800,0.000,-0.477,-0.031, 0.239, 1.942,-0.620, 0.152, 0.643, 0.460, 0.119,-0.014, 0.431, 0.254, 2.104,-0.160, 0.271, 0.628,-0.085,-0.050, 0.000;
0.858,17.778,4.743,14.350,8.171, 0.469, 0.018, 0.165,0.723,0.241,0.287,-0.040, 0.239, 1.945,-0.668, 0.105, 0.550, 0.507, 0.165, 0.079, 0.429, 0.257, 2.110,-0.161, 0.270, 0.628,-0.085,-0.051, 0.000;
0.879,16.656,9.686,13.242,13.100, 0.475, 0.018, 0.168,0.314,0.000,0.129,-0.050, 0.245, 1.955,-0.780, 0.210, 0.334, 0.615, 0.058, 0.294, 0.426, 0.262, 2.123,-0.165, 0.267, 0.628,-0.084,-0.052, 0.000;
0.891,17.149,6.181,13.763,9.567, 0.480, 0.020, 0.165,0.371,0.185,-0.228,-0.056, 0.246, 1.966,-0.719, 0.148, 0.458, 0.553, 0.118, 0.170, 0.424, 0.266, 2.131,-0.167, 0.266, 0.628,-0.084,-0.052, 0.000;
0.904,14.170,5.820,10.740,9.250, 0.487, 0.020, 0.165,0.541,0.000,0.000,-0.065, 0.249, 1.973,-0.659, 0.209, 0.584, 0.490, 0.056, 0.044, 0.422, 0.269, 2.139,-0.169, 0.265, 0.628,-0.083,-0.053, 0.000;
0.915,14.847,3.030,11.377,6.500, 0.493, 0.022, 0.168,0.577,0.192,0.237,-0.074, 0.250, 1.978,-0.603, 0.149, 0.701, 0.432, 0.114,-0.072, 0.420, 0.272, 2.146,-0.171, 0.264, 0.628,-0.083,-0.054, 0.000;
0.927,11.911,2.630,8.409,6.133, 0.498, 0.022, 0.165,0.366,0.000,-0.225,-0.080, 0.253, 1.988,-0.543, 0.209, 0.824, 0.371, 0.053,-0.196, 0.417, 0.275, 2.154,-0.173, 0.262, 0.628,-0.082,-0.054, 0.000;
0.940,15.004,3.061,11.458,6.607, 0.504, 0.025, 0.168,0.550,0.183,0.226,-0.089, 0.254, 1.993,-0.607, 0.147, 0.700, 0.432, 0.114,-0.072, 0.415, 0.278, 2.161,-0.175, 0.261, 0.628,-0.082,-0.055, 0.000;
0.952,14.203,5.732,10.674,9.261, 0.511, 0.025, 0.168,0.557,0.000,0.000,-0.098, 0.257, 2.001,-0.669, 0.206, 0.579, 0.492, 0.054, 0.050, 0.413, 0.281, 2.169,-0.177, 0.260, 0.628,-0.082,-0.056, 0.000;
0.964,14.670,2.562,11.154,6.078, 0.516, 0.027, 0.168,0.374,0.187,0.000,-0.104, 0.258, 2.008,-0.611, 0.144, 0.459, 0.432, 0.114, 0.169, 0.411, 0.285, 2.176,-0.179, 0.258, 0.628,-0.081,-0.056, 0.000;
0.976,14.089,5.573,10.587,9.076, 0.522, 0.027, 0.168,0.551,0.000,0.000,-0.113, 0.261, 2.016,-0.674, 0.204, 0.581, 0.493, 0.053, 0.047, 0.409, 0.288, 2.184,-0.181, 0.257, 0.628,-0.081,-0.057, 0.000;
0.988,11.282,4.691,7.741,8.233, 0.527, 0.027, 0.168,0.370,0.000,0.000,-0.120, 0.264, 2.024,-0.615, 0.263, 0.702, 0.433,-0.008,-0.074, 0.407, 0.291, 2.191,-0.183, 0.256, 0.628,-0.080,-0.057, 0.000;
1.000,14.300,5.075,10.720,8.655, 0.533, 0.029, 0.168,0.566,0.189,0.000,-0.129, 0.265, 2.031,-0.677, 0.202, 0.584, 0.492, 0.052, 0.044, 0.405, 0.294, 2.199,-0.185, 0.254, 0.628,-0.080,-0.058, 0.000;
1.012,11.147,4.443,7.579,8.010, 0.538, 0.029, 0.168,0.368,0.000,0.000,-0.136, 0.268, 2.039,-0.618, 0.261, 0.463, 0.431,-0.009, 0.166, 0.402, 0.297, 2.207,-0.187, 0.253, 0.628,-0.079,-0.059, 0.000;
1.024,14.168,4.857,10.613,8.411, 0.545, 0.031, 0.168,0.560,0.187,0.000,-0.145, 0.269, 2.046,-0.680, 0.200, 0.583, 0.491, 0.052, 0.046, 0.400, 0.300, 2.214,-0.188, 0.251, 0.628,-0.079,-0.059, 0.000;
1.035,13.383,7.463,9.790,11.056, 0.551, 0.031, 0.171,0.570,0.000,0.242,-0.153, 0.272, 2.051,-0.741, 0.257, 0.464, 0.550,-0.007, 0.164, 0.398, 0.303, 2.221,-0.190, 0.250, 0.628,-0.079,-0.060, 0.000;
1.047,13.867,4.288,10.291,7.863, 0.556, 0.033, 0.168,0.377,0.189,-0.240,-0.160, 0.272, 2.061,-0.683, 0.196, 0.585, 0.491, 0.053, 0.044, 0.396, 0.306, 2.229,-0.192, 0.249, 0.628,-0.078,-0.060, 0.000;
1.059,13.302,7.213,9.683,10.831, 0.562, 0.033, 0.171,0.567,0.000,0.240,-0.169, 0.275, 2.066,-0.744, 0.254, 0.466, 0.550,-0.006, 0.162, 0.393, 0.309, 2.236,-0.194, 0.247, 0.628,-0.078,-0.061, 0.000;
1.072,13.886,3.730,10.285,7.331, 0.567, 0.036, 0.154,0.359,0.180,-1.352,-0.176, 0.276, 2.090,-0.683, 0.189, 0.600, 0.487, 0.056, 0.029, 0.391, 0.312, 2.244,-0.196, 0.246, 0.628,-0.077,-0.062, 0.000;
1.084,13.236,6.918,9.565,10.590, 0.574, 0.036, 0.171,0.547,0.000,1.372,-0.185, 0.279, 2.081,-0.746, 0.249, 0.475, 0.549,-0.005, 0.154, 0.388, 0.315, 2.252,-0.198, 0.244, 0.628,-0.077,-0.062, 0.000;
1.096,13.812,3.387,10.183,7.016, 0.578, 0.038, 0.154,0.353,0.177,-1.329,-0.192, 0.280, 2.106,-0.685, 0.184, 0.609, 0.485, 0.059, 0.019, 0.386, 0.318, 2.260,-0.200, 0.243, 0.628,-0.076,-0.063, 0.000;
1.108,13.190,6.432,9.490,10.132, 0.585, 0.038, 0.171,0.576,0.000,1.445,-0.201, 0.283, 2.096,-0.745, 0.241, 0.490, 0.543, 0.000, 0.138, 0.384, 0.321, 2.267,-0.201, 0.241, 0.628,-0.076,-0.063, 0.000;
1.120,15.905,6.608,12.246,10.266, 0.591, 0.038, 0.174,0.564,0.000,0.247,-0.210, 0.286, 2.101,-0.806, 0.180, 0.369, 0.602, 0.060, 0.259, 0.381, 0.324, 2.274,-0.203, 0.240, 0.628,-0.075,-0.064, 0.000;
1.132,16.174,3.473,12.533,7.113, 0.596, 0.040, 0.157,0.385,0.192,-1.471,-0.217, 0.286, 2.125,-0.749, 0.120, 0.494, 0.544, 0.118, 0.135, 0.379, 0.326, 2.282,-0.205, 0.238, 0.628,-0.075,-0.064, 0.000;
1.143,13.339,3.322,9.631,7.030, 0.600, 0.040, 0.171,0.389,0.000,1.230,-0.224, 0.289, 2.118,-0.693, 0.176, 0.378, 0.486, 0.061, 0.250, 0.376, 0.329, 2.289,-0.207, 0.237, 0.628,-0.074,-0.065, 0.000;
1.155,16.355,3.502,12.683,7.174, 0.607, 0.042, 0.154,0.572,0.191,-1.434,-0.233, 0.289, 2.142,-0.753, 0.116, 0.505, 0.545, 0.119, 0.124, 0.374, 0.332, 2.296,-0.208, 0.235, 0.628,-0.074,-0.065, 0.000;
1.167,15.615,6.129,11.876,9.869, 0.614, 0.042, 0.157,0.566,0.000,0.225,-0.242, 0.292, 2.147,-0.814, 0.174, 0.628, 0.604, 0.060, 0.000, 0.372, 0.335, 2.304,-0.210, 0.233, 0.628,-0.073,-0.066, 0.000;
1.178,12.781,5.491,9.007,9.264, 0.618, 0.042, 0.174,0.386,0.000,1.478,-0.249, 0.295, 2.137,-0.757, 0.230, 0.508, 0.545, 0.002, 0.121, 0.369, 0.337, 2.311,-0.212, 0.232, 0.628,-0.073,-0.067, 0.000;
1.190,15.834,5.680,12.102,9.412, 0.625, 0.045, 0.157,0.572,0.191,-1.458,-0.258, 0.295, 2.162,-0.818, 0.169, 0.631, 0.604, 0.061,-0.002, 0.367, 0.340, 2.318,-0.214, 0.230, 0.628,-0.072,-0.067, 0.000;
1.201,12.913,5.072,9.114,8.871, 0.629, 0.045, 0.157,0.397,0.000,0.000,-0.265, 0.298, 2.169,-0.762, 0.224, 0.746, 0.547, 0.005,-0.118, 0.364, 0.343, 2.325,-0.215, 0.229, 0.628,-0.072,-0.068, 0.000;
1.213,15.836,5.405,12.000,9.241, 0.636, 0.047, 0.157,0.580,0.193,0.000,-0.274, 0.298, 2.176,-0.822, 0.164, 0.863, 0.605, 0.063,-0.234, 0.362, 0.345, 2.333,-0.217, 0.227, 0.628,-0.071,-0.068, 0.000;
1.234,10.405,4.409,6.533,8.282, 0.641, 0.047, 0.157,0.204,0.000,0.000,-0.284, 0.303, 2.190,-0.715, 0.271, 0.643, 0.495,-0.047,-0.014, 0.357, 0.350, 2.346,-0.220, 0.224, 0.628,-0.070,-0.069, 0.000;
1.238,10.907,3.582,7.058,7.431, 0.647, 0.047, 0.159,2.012,0.000,0.826,-0.291, 0.304, 2.189,-0.698, 0.254, 0.609, 0.478,-0.030, 0.020, 0.356, 0.351, 2.349,-0.220, 0.224, 0.628,-0.070,-0.069, 0.000;
1.249,13.449,3.934,9.608,7.775, 0.652, 0.049, 0.157,0.404,0.202,-0.249,-0.298, 0.304, 2.199,-0.755, 0.196, 0.498, 0.533, 0.026, 0.131, 0.354, 0.353, 2.355,-0.222, 0.222, 0.628,-0.070,-0.070, 0.000;
1.271,18.262,4.683,14.428,8.516, 0.658, 0.049, 0.159,0.306,0.000,0.126,-0.310, 0.309, 2.210,-0.868, 0.084, 0.277, 0.643, 0.136, 0.351, 0.349, 0.358, 2.369,-0.225, 0.219, 0.628,-0.069,-0.071, 0.000;
1.283,18.179,1.468,14.373,5.274, 0.663, 0.051, 0.159,0.358,0.179,0.000,-0.317, 0.310, 2.218,-0.805, 0.019, 0.405, 0.578, 0.198, 0.224, 0.346, 0.361, 2.377,-0.227, 0.217, 0.628,-0.068,-0.071, 0.000;
1.295,15.214,1.140,11.368,4.986, 0.670, 0.051, 0.159,0.549,0.000,0.000,-0.326, 0.312, 2.225,-0.744, 0.079, 0.529, 0.516, 0.136, 0.099, 0.343, 0.363, 2.385,-0.228, 0.216, 0.628,-0.068,-0.072, 0.000;
1.307,15.855,-1.969,11.969,1.916, 0.674, 0.054, 0.142,0.381,0.191,-1.490,-0.333, 0.312, 2.250,-0.687, 0.019, 0.656, 0.457, 0.195,-0.028, 0.341, 0.366, 2.392,-0.230, 0.214, 0.628,-0.067,-0.072, 0.000;
1.319,15.309,1.290,11.355,5.244, 0.681, 0.054, 0.162,0.550,0.000,1.666,-0.343, 0.315, 2.238,-0.749, 0.079, 0.531, 0.518, 0.134, 0.097, 0.338, 0.369, 2.400,-0.232, 0.212, 0.628,-0.067,-0.073, 0.000;
1.332,12.310,0.418,8.403,4.324, 0.685, 0.054, 0.159,0.354,0.000,-0.226,-0.350, 0.318, 2.248,-0.687, 0.140, 0.658, 0.454, 0.070,-0.029, 0.335, 0.371, 2.408,-0.233, 0.210, 0.628,-0.066,-0.073, 0.000;
1.344,15.470,0.587,11.518,4.539, 0.692, 0.056, 0.144,0.545,0.182,-1.214,-0.360, 0.318, 2.271,-0.751, 0.077, 0.788, 0.516, 0.132,-0.160, 0.332, 0.374, 2.415,-0.235, 0.209, 0.628,-0.066,-0.074, 0.000;
1.356,12.266,0.169,8.248,4.187, 0.696, 0.056, 0.162,0.367,0.000,1.461,-0.367, 0.321, 2.261,-0.691, 0.136, 0.661, 0.455, 0.071,-0.033, 0.329, 0.376, 2.423,-0.236, 0.207, 0.628,-0.065,-0.074, 0.000;
1.369,12.903,-2.954,8.930,1.020, 0.701, 0.058, 0.142,0.366,0.183,-1.666,-0.375, 0.321, 2.289,-0.631, 0.073, 0.790, 0.393, 0.132,-0.162, 0.326, 0.379, 2.431,-0.238, 0.205, 0.628,-0.064,-0.075, 0.000;
1.381,12.369,0.351,8.321,4.399, 0.708, 0.058, 0.162,0.532,0.000,1.612,-0.384, 0.323, 2.276,-0.697, 0.135, 0.657, 0.457, 0.068,-0.029, 0.323, 0.381, 2.439,-0.240, 0.203, 0.628,-0.064,-0.075, 0.000;
1.386,11.122,-0.214,7.123,3.785, 0.712, 0.058, 0.162,0.867,0.000,0.000,-0.390, 0.324, 2.280,-0.671, 0.160, 0.604, 0.431, 0.043, 0.025, 0.322, 0.383, 2.442,-0.240, 0.202, 0.628,-0.064,-0.076, 0.000;
1.405,15.688,0.276,11.695,4.270, 0.719, 0.060, 0.147,0.353,0.118,-0.798,-0.401, 0.326, 2.307,-0.770, 0.061, 0.800, 0.527, 0.138,-0.172, 0.317, 0.386, 2.454,-0.243, 0.199, 0.628,-0.063,-0.076, 0.000;
1.418,12.183,-0.284,8.102,3.796, 0.723, 0.060, 0.162,0.348,0.000,1.179,-0.409, 0.329, 2.300,-0.706, 0.124, 0.664, 0.462, 0.073,-0.036, 0.314, 0.389, 2.462,-0.244, 0.197, 0.628,-0.062,-0.077, 0.000;
1.421,12.504,-1.171,8.464,2.869, 0.728, 0.062, 0.144,1.604,0.802,-6.381,-0.414, 0.327, 2.319,-0.692, 0.110, 0.693, 0.448, 0.087,-0.065, 0.314, 0.389, 2.464,-0.245, 0.197, 0.628,-0.062,-0.077, 0.000;
1.433,15.200,-0.485,11.121,3.594, 0.734, 0.062, 0.165,0.567,0.000,1.753,-0.424, 0.329, 2.306,-0.753, 0.049, 0.568, 0.507, 0.146, 0.060, 0.311, 0.392, 2.471,-0.246, 0.195, 0.628,-0.061,-0.077, 0.000;
1.455,9.738,-1.504,5.708,2.526, 0.739, 0.062, 0.162,0.204,0.000,-0.135,-0.433, 0.333, 2.323,-0.646, 0.156, 0.346, 0.397, 0.036, 0.283, 0.305, 0.396, 2.485,-0.249, 0.192, 0.628,-0.060,-0.078, 0.000;
1.458,10.241,-2.434,6.229,1.578, 0.745, 0.065, 0.147,2.143,0.714,-4.838,-0.441, 0.332, 2.340,-0.631, 0.140, 0.379, 0.382, 0.052, 0.249, 0.305, 0.397, 2.487,-0.249, 0.191, 0.628,-0.060,-0.078, 0.000;
1.470,12.990,-1.837,8.943,2.210, 0.750, 0.065, 0.165,0.371,0.000,1.503,-0.448, 0.334, 2.329,-0.693, 0.077, 0.259, 0.442, 0.112, 0.369, 0.302, 0.399, 2.494,-0.251, 0.189, 0.628,-0.060,-0.079, 0.000;
1.481,13.087,-4.892,9.083,-0.888, 0.754, 0.067, 0.147,0.383,0.191,-1.549,-0.456, 0.334, 2.354,-0.636, 0.017, 0.386, 0.384, 0.170, 0.243, 0.299, 0.401, 2.502,-0.252, 0.188, 0.628,-0.059,-0.079, 0.000;
1.504,12.185,0.696,8.111,4.770, 0.761, 0.067, 0.168,0.301,0.000,0.949,-0.468, 0.338, 2.347,-0.751, 0.126, 0.159, 0.496, 0.058, 0.469, 0.293, 0.405, 2.516,-0.255, 0.184, 0.628,-0.058,-0.080, 0.000;
1.508,11.194,-0.112,7.180,3.902, 0.766, 0.067, 0.165,1.080,0.000,-0.740,-0.474, 0.339, 2.353,-0.730, 0.146, 0.203, 0.475, 0.037, 0.426, 0.292, 0.406, 2.518,-0.255, 0.183, 0.628,-0.058,-0.080, 0.000;
1.519,11.668,-2.884,7.635,1.148, 0.772, 0.069, 0.150,0.613,0.204,-1.404,-0.483, 0.339, 2.375,-0.676, 0.089, 0.324, 0.420, 0.092, 0.305, 0.289, 0.408, 2.525,-0.256, 0.182, 0.628,-0.057,-0.081, 0.000;
1.530,11.129,0.046,7.033,4.142, 0.777, 0.069, 0.168,0.390,0.000,1.607,-0.491, 0.341, 2.364,-0.735, 0.145, 0.440, 0.477, 0.035, 0.188, 0.286, 0.410, 2.532,-0.258, 0.180, 0.628,-0.056,-0.081, 0.000;
1.552,11.949,-5.596,7.847,-1.495, 0.781, 0.071, 0.150,0.204,0.102,-0.841,-0.501, 0.342, 2.396,-0.628, 0.031, 0.678, 0.368, 0.145,-0.050, 0.281, 0.414, 2.546,-0.260, 0.176, 0.628,-0.055,-0.082, 0.000;
1.565,8.936,-5.663,4.729,-1.456, 0.786, 0.071, 0.168,0.355,0.000,1.463,-0.508, 0.345, 2.386,-0.565, 0.093, 0.548, 0.304, 0.082, 0.080, 0.277, 0.416, 2.554,-0.261, 0.174, 0.628,-0.055,-0.082, 0.000;
1.577,8.640,-2.839,4.479,1.322, 0.792, 0.071, 0.168,0.549,0.000,0.000,-0.518, 0.347, 2.393,-0.628, 0.152, 0.425, 0.365, 0.020, 0.204, 0.274, 0.418, 2.562,-0.263, 0.172, 0.628,-0.054,-0.083, 0.000;
1.589,11.448,-2.742,7.300,1.406, 0.797, 0.074, 0.168,0.369,0.184,0.000,-0.526, 0.347, 2.401,-0.690, 0.089, 0.546, 0.426, 0.081, 0.082, 0.271, 0.420, 2.569,-0.264, 0.170, 0.628,-0.053,-0.083, 0.000;
1.601,8.355,-3.360,4.168,0.826, 0.801, 0.074, 0.168,0.373,0.000,0.000,-0.534, 0.349, 2.408,-0.631, 0.147, 0.666, 0.366, 0.021,-0.038, 0.268, 0.422, 2.577,-0.265, 0.168, 0.628,-0.053,-0.083, 0.000;
1.605,9.471,-3.427,5.246,0.798, 0.806, 0.076, 0.150,1.131,0.565,-4.659,-0.539, 0.347, 2.429,-0.651, 0.126, 0.709, 0.386, 0.041,-0.081, 0.267, 0.423, 2.579,-0.266, 0.168, 0.628,-0.053,-0.083, 0.000;
1.625,14.216,-2.812,9.946,1.458, 0.810, 0.078, 0.147,0.217,0.108,-0.133,-0.549, 0.348, 2.445,-0.758, 0.019, 0.930, 0.490, 0.145,-0.302, 0.261, 0.426, 2.592,-0.268, 0.164, 0.628,-0.052,-0.084, 0.000;
1.638,10.658,-3.448,6.316,0.895, 0.817, 0.078, 0.153,0.513,0.000,0.427,-0.559, 0.350, 2.448,-0.693, 0.083, 0.798, 0.423, 0.079,-0.170, 0.258, 0.429, 2.600,-0.269, 0.162, 0.628,-0.051,-0.085, 0.000;
1.642,10.969,-4.425,6.650,-0.105, 0.821, 0.080, 0.150,1.206,0.603,-0.767,-0.565, 0.349, 2.453,-0.674, 0.063, 0.761, 0.405, 0.098,-0.133, 0.257, 0.429, 2.603,-0.270, 0.161, 0.628,-0.051,-0.085, 0.000;
1.653,10.518,-1.844,6.198,2.476, 0.826, 0.080, 0.153,0.414,0.000,0.263,-0.572, 0.350, 2.457,-0.730, 0.116, 0.652, 0.459, 0.044,-0.023, 0.254, 0.431, 2.609,-0.271, 0.159, 0.628,-0.050,-0.085, 0.000;
1.675,11.285,-7.333,6.981,-3.029, 0.830, 0.083, 0.150,0.203,0.102,-0.129,-0.583, 0.352, 2.473,-0.622, 0.001, 0.872, 0.349, 0.154,-0.244, 0.248, 0.434, 2.623,-0.273, 0.156, 0.628,-0.049,-0.086, 0.000;
1.678,10.423,-7.147,6.045,-2.768, 0.835, 0.083, 0.153,1.399,0.000,0.889,-0.588, 0.352, 2.473,-0.606, 0.017, 0.840, 0.333, 0.138,-0.211, 0.247, 0.435, 2.625,-0.273, 0.155, 0.628,-0.049,-0.086, 0.000;
1.689,10.037,-4.646,5.667,-0.276, 0.839, 0.085, 0.150,0.406,0.203,-0.258,-0.595, 0.352, 2.482,-0.662, 0.070, 0.729, 0.388, 0.083,-0.100, 0.244, 0.436, 2.632,-0.274, 0.153, 0.628,-0.048,-0.086, 0.000;
1.711,15.104,-4.388,10.741,-0.025, 0.844, 0.087, 0.134,0.203,0.102,-0.729,-0.606, 0.353, 2.512,-0.774,-0.044, 0.960, 0.498, 0.193,-0.332, 0.238, 0.440, 2.646,-0.276, 0.149, 0.628,-0.047,-0.087, 0.000;
1.724,11.661,-4.880,7.198,-0.417, 0.848, 0.087, 0.150,0.355,0.000,1.273,-0.614, 0.355, 2.504,-0.711, 0.018, 0.826, 0.434, 0.129,-0.198, 0.234, 0.442, 2.654,-0.278, 0.147, 0.628,-0.046,-0.087, 0.000;
1.727,11.170,-5.007,6.749,-0.586, 0.853, 0.089, 0.153,1.537,0.768,0.977,-0.619, 0.353, 2.503,-0.697, 0.032, 0.795, 0.419, 0.115,-0.167, 0.234, 0.442, 2.656,-0.278, 0.147, 0.628,-0.046,-0.087, 0.000;
1.748,10.350,0.152,5.937,4.565, 0.857, 0.089, 0.171,0.208,0.000,0.873,-0.630, 0.356, 2.498,-0.807, 0.136, 0.551, 0.527, 0.007, 0.077, 0.228, 0.445, 2.669,-0.280, 0.143, 0.628,-0.045,-0.088, 0.000;
1.760,10.791,-3.490,6.439,0.862, 0.862, 0.092, 0.156,0.359,0.179,-1.268,-0.637, 0.355, 2.521,-0.744, 0.071, 0.426, 0.463, 0.070, 0.202, 0.224, 0.447, 2.677,-0.281, 0.141, 0.628,-0.044,-0.088, 0.000;
1.771,11.001,-6.101,6.636,-1.736, 0.866, 0.094, 0.136,0.405,0.203,-1.741,-0.645, 0.355, 2.547,-0.689, 0.013, 0.546, 0.407, 0.125, 0.083, 0.221, 0.449, 2.684,-0.282, 0.139, 0.628,-0.044,-0.089, 0.000;
1.776,9.996,-5.957,5.561,-1.522, 0.870, 0.094, 0.159,1.035,0.000,5.159,-0.651, 0.355, 2.528,-0.667, 0.034, 0.501, 0.385, 0.104, 0.127, 0.220, 0.449, 2.687,-0.282, 0.138, 0.628,-0.043,-0.089, 0.000;
1.787,12.593,-5.573,8.201,-1.181, 0.875, 0.096, 0.159,0.407,0.204,0.000,-0.658, 0.355, 2.535,-0.724,-0.023, 0.390, 0.440, 0.159, 0.239, 0.217, 0.451, 2.693,-0.283, 0.136, 0.628,-0.043,-0.089, 0.000;
1.808,13.075,-10.789,8.695,-6.408, 0.879, 0.098, 0.156,0.206,0.103,-0.141,-0.669, 0.355, 2.551,-0.617,-0.135, 0.610, 0.332, 0.268, 0.019, 0.210, 0.454, 2.707,-0.285, 0.132, 0.628,-0.042,-0.090, 0.000;
1.820,10.184,-10.923,5.728,-6.468, 0.884, 0.098, 0.159,0.380,0.000,0.261,-0.677, 0.357, 2.556,-0.558,-0.077, 0.492, 0.272, 0.208, 0.136, 0.207, 0.455, 2.714,-0.286, 0.130, 0.628,-0.041,-0.090, 0.000;
1.832,7.430,-11.471,2.992,-7.033, 0.886, 0.100, 0.153,0.183,0.183,-0.491,-0.682, 0.356, 2.569,-0.497,-0.018, 0.618, 0.211, 0.146, 0.011, 0.204, 0.457, 2.722,-0.287, 0.128, 0.628,-0.040,-0.090, 0.000;
1.844,7.237,-8.756,2.750,-4.269, 0.891, 0.100, 0.156,0.383,0.000,0.253,-0.690, 0.358, 2.574,-0.557, 0.038, 0.735, 0.269, 0.087,-0.106, 0.200, 0.458, 2.729,-0.288, 0.126, 0.628,-0.040,-0.090, 0.000;
1.856,10.035,-8.709,5.515,-4.190, 0.895, 0.103, 0.150,0.369,0.185,-0.479,-0.698, 0.357, 2.587,-0.619,-0.024, 0.858, 0.330, 0.148,-0.230, 0.197, 0.460, 2.737,-0.289, 0.124, 0.628,-0.039,-0.091, 0.000;
1.868,12.562,-8.400,7.993,-3.831, 0.899, 0.105, 0.153,0.371,0.186,0.236,-0.706, 0.356, 2.592,-0.680,-0.087, 0.736, 0.390, 0.208,-0.108, 0.193, 0.461, 2.745,-0.290, 0.121, 0.628,-0.038,-0.091, 0.000;
1.881,9.389,-8.841,4.839,-4.290, 0.904, 0.105, 0.168,0.357,0.000,1.244,-0.714, 0.358, 2.584,-0.618,-0.026, 0.602, 0.328, 0.145, 0.027, 0.190, 0.463, 2.752,-0.291, 0.119, 0.628,-0.037,-0.091, 0.000;
1.893,9.866,-11.890,5.357,-7.381, 0.906, 0.107, 0.150,0.182,0.182,-1.504,-0.720, 0.357, 2.610,-0.558,-0.089, 0.728, 0.266, 0.206,-0.099, 0.186, 0.464, 2.760,-0.292, 0.117, 0.628,-0.037,-0.092, 0.000;
1.905,9.387,-8.963,4.807,-4.383, 0.911, 0.109, 0.150,0.378,0.189,0.000,-0.728, 0.356, 2.618,-0.618,-0.032, 0.847, 0.325, 0.147,-0.219, 0.183, 0.465, 2.768,-0.292, 0.115, 0.628,-0.036,-0.092, 0.000;
1.917,12.349,-8.826,7.731,-4.208, 0.915, 0.112, 0.153,0.352,0.176,0.223,-0.736, 0.355, 2.623,-0.682,-0.098, 0.718, 0.389, 0.211,-0.090, 0.179, 0.467, 2.776,-0.293, 0.112, 0.628,-0.035,-0.092, 0.000;
1.929,9.240,-9.382,4.640,-4.783, 0.917, 0.112, 0.150,0.193,0.000,-0.245,-0.742, 0.357, 2.633,-0.624,-0.042, 0.602, 0.330, 0.152, 0.026, 0.176, 0.468, 2.783,-0.294, 0.110, 0.628,-0.035,-0.092, 0.000;
1.941,12.230,-8.994,7.638,-4.401, 0.922, 0.114, 0.150,0.373,0.187,0.000,-0.750, 0.356, 2.641,-0.685,-0.104, 0.482, 0.390, 0.212, 0.146, 0.172, 0.469, 2.790,-0.295, 0.108, 0.628,-0.034,-0.093, 0.000;
1.954,8.911,-9.586,4.332,-5.006, 0.924, 0.116, 0.147,0.177,0.177,-0.216,-0.756, 0.355, 2.651,-0.622,-0.043, 0.610, 0.326, 0.149, 0.018, 0.168, 0.471, 2.798,-0.296, 0.106, 0.628,-0.033,-0.093, 0.000;
1.966,8.693,-6.728,4.068,-2.103, 0.929, 0.118, 0.147,0.360,0.180,0.000,-0.764, 0.354, 2.659,-0.685, 0.017, 0.735, 0.388, 0.087,-0.107, 0.165, 0.472, 2.806,-0.297, 0.103, 0.628,-0.032,-0.093, 0.000;
1.979,8.959,-10.228,4.295,-5.564, 0.931, 0.121, 0.129,0.174,0.174,-1.415,-0.770, 0.353, 2.685,-0.621,-0.050, 0.873, 0.324, 0.151,-0.244, 0.161, 0.473, 2.814,-0.297, 0.101, 0.628,-0.032,-0.093, 0.000;
1.991,11.824,-9.660,7.086,-4.922, 0.935, 0.123, 0.131,0.359,0.180,0.194,-0.778, 0.352, 2.691,-0.684,-0.115, 1.000, 0.386, 0.213,-0.371, 0.157, 0.475, 2.822,-0.298, 0.099, 0.628,-0.031,-0.094, 0.000;
2.003,8.622,-10.186,3.848,-5.412, 0.937, 0.125, 0.131,0.182,0.182,0.000,-0.784, 0.351, 2.698,-0.623,-0.056, 0.876, 0.324, 0.152,-0.248, 0.153, 0.476, 2.830,-0.299, 0.096, 0.628,-0.030,-0.094, 0.000;
2.016,9.159,-13.258,4.398,-8.497, 0.940, 0.127, 0.129,0.173,0.173,-0.186,-0.790, 0.350, 2.709,-0.559,-0.123, 0.746, 0.259, 0.217,-0.118, 0.150, 0.477, 2.838,-0.300, 0.094, 0.628,-0.030,-0.094, 0.000;
2.029,6.082,-13.436,1.331,-8.685, 0.942, 0.129, 0.129,0.177,0.177,0.000,-0.796, 0.349, 2.717,-0.496,-0.062, 0.619, 0.196, 0.154, 0.010, 0.146, 0.478, 2.846,-0.301, 0.092, 0.628,-0.029,-0.094, 0.000;
2.034,7.465,-13.300,2.727,-8.562, 0.946, 0.132, 0.127,0.854,0.427,-0.444,-0.802, 0.347, 2.722,-0.523,-0.089, 0.671, 0.222, 0.180,-0.043, 0.144, 0.479, 2.849,-0.301, 0.091, 0.628,-0.028,-0.094, 0.000;
2.045,9.933,-13.021,5.175,-8.262, 0.949, 0.134, 0.129,0.202,0.202,0.209,-0.808, 0.346, 2.727,-0.579,-0.147, 0.560, 0.278, 0.235, 0.068, 0.141, 0.480, 2.856,-0.301, 0.089, 0.628,-0.028,-0.095, 0.000;
2.057,6.968,-13.445,2.226,-8.703, 0.951, 0.136, 0.127,0.199,0.199,-0.207,-0.813, 0.345, 2.736,-0.524,-0.093, 0.673, 0.221, 0.179,-0.045, 0.138, 0.481, 2.863,-0.302, 0.086, 0.628,-0.027,-0.095, 0.000;
2.079,7.554,-18.799,2.771,-14.016, 0.953, 0.138, 0.111,0.100,0.100,-0.715,-0.822, 0.344, 2.766,-0.413,-0.209, 0.911, 0.110, 0.291,-0.282, 0.131, 0.483, 2.877,-0.303, 0.082, 0.628,-0.026,-0.095, 0.000;
2.083,7.594,-17.516,2.710,-12.633, 0.958, 0.141, 0.127,1.182,0.591,4.220,-0.828, 0.342, 2.753,-0.432,-0.190, 0.871, 0.129, 0.272,-0.242, 0.130, 0.483, 2.879,-0.303, 0.081, 0.628,-0.026,-0.095, 0.000;
2.093,9.831,-17.413,4.979,-12.561, 0.960, 0.145, 0.111,0.206,0.412,-1.472,-0.833, 0.339, 2.775,-0.487,-0.247, 0.980, 0.184, 0.326,-0.352, 0.126, 0.484, 2.886,-0.304, 0.079, 0.628,-0.025,-0.095, 0.000;
2.105,9.222,-14.863,4.308,-9.949, 0.962, 0.147, 0.109,0.199,0.199,-0.178,-0.839, 0.337, 2.785,-0.544,-0.192, 0.867, 0.240, 0.270,-0.239, 0.123, 0.485, 2.893,-0.305, 0.077, 0.628,-0.024,-0.096, 0.000;
2.127,3.793,-15.719,-1.112,-10.813, 0.964, 0.150, 0.092,0.102,0.102,-0.745,-0.848, 0.337, 2.815,-0.435,-0.087, 1.098, 0.130, 0.160,-0.470, 0.116, 0.486, 2.907,-0.306, 0.073, 0.628,-0.023,-0.096, 0.000;
2.139,1.187,-16.090,-3.818,-11.085, 0.966, 0.152, 0.092,0.176,0.176,0.000,-0.854, 0.335, 2.823,-0.372,-0.025, 0.969, 0.066, 0.096,-0.340, 0.112, 0.487, 2.915,-0.306, 0.071, 0.628,-0.022,-0.096, 0.000;
2.151,4.211,-15.844,-0.780,-10.853, 0.969, 0.154, 0.092,0.185,0.185,0.000,-0.860, 0.334, 2.830,-0.433,-0.088, 0.845, 0.127, 0.156,-0.217, 0.109, 0.488, 2.922,-0.307, 0.068, 0.628,-0.021,-0.096, 0.000;
2.164,6.836,-15.633,1.858,-10.656, 0.971, 0.156, 0.092,0.178,0.178,0.000,-0.866, 0.333, 2.838,-0.497,-0.153, 0.717, 0.190, 0.219,-0.089, 0.105, 0.489, 2.930,-0.307, 0.066, 0.628,-0.021,-0.097, 0.000;
2.167,6.274,-16.533,1.310,-11.569, 0.973, 0.161, 0.071,0.705,1.409,-6.637,-0.869, 0.328, 2.861,-0.481,-0.170, 0.751, 0.174, 0.235,-0.123, 0.104, 0.489, 2.932,-0.307, 0.065, 0.628,-0.021,-0.097, 0.000;
2.178,9.173,-16.180,4.163,-11.170, 0.975, 0.163, 0.089,0.196,0.196,1.555,-0.875, 0.327, 2.850,-0.539,-0.230, 0.636, 0.231, 0.293,-0.007, 0.100, 0.490, 2.940,-0.308, 0.063, 0.628,-0.020,-0.097, 0.000;
2.200,3.958,-16.656,-1.010,-11.688, 0.978, 0.165, 0.105,0.103,0.103,0.731,-0.884, 0.326, 2.848,-0.431,-0.125, 0.404, 0.123, 0.184, 0.224, 0.094, 0.491, 2.953,-0.309, 0.059, 0.628,-0.018,-0.097, 0.000;
2.212,1.429,-16.966,-3.486,-12.051, 0.980, 0.167, 0.107,0.184,0.184,0.153,-0.890, 0.324, 2.854,-0.371,-0.066, 0.281, 0.062, 0.123, 0.348, 0.090, 0.492, 2.961,-0.309, 0.057, 0.628,-0.018,-0.097, 0.000;
2.216,1.372,-17.874,-3.526,-12.975, 0.980, 0.172, 0.086,0.000,1.159,-5.387,-0.891, 0.320, 2.877,-0.352,-0.087, 0.323, 0.043, 0.142, 0.305, 0.089, 0.492, 2.963,-0.309, 0.056, 0.628,-0.018,-0.097, 0.000;
2.227,4.080,-17.563,-0.866,-12.616, 0.982, 0.174, 0.089,0.197,0.197,0.269,-0.897, 0.319, 2.881,-0.409,-0.146, 0.445, 0.100, 0.200, 0.184, 0.085, 0.493, 2.970,-0.310, 0.054, 0.628,-0.017,-0.097, 0.000;
2.249,8.995,-17.182,4.016,-12.203, 0.984, 0.176, 0.087,0.101,0.101,-0.070,-0.906, 0.317, 2.897,-0.521,-0.262, 0.680, 0.211, 0.311,-0.052, 0.078, 0.494, 2.984,-0.310, 0.049, 0.628,-0.015,-0.097, 0.000;
2.253,7.441,-17.495,2.386,-12.440, 0.987, 0.181, 0.071,0.670,1.339,-4.857,-0.909, 0.313, 2.915,-0.504,-0.246, 0.716, 0.194, 0.294,-0.088, 0.077, 0.494, 2.986,-0.310, 0.049, 0.628,-0.015,-0.098, 0.000;
2.264,4.762,-17.696,-0.333,-12.601, 0.989, 0.183, 0.070,0.197,0.197,-0.110,-0.915, 0.311, 2.923,-0.448,-0.191, 0.839, 0.137, 0.238,-0.210, 0.074, 0.495, 2.993,-0.311, 0.046, 0.628,-0.015,-0.098, 0.000;
2.286,4.602,-12.595,-0.532,-7.460, 0.991, 0.185, 0.073,0.103,0.103,0.117,-0.924, 0.310, 2.934,-0.558,-0.086, 1.064, 0.246, 0.129,-0.435, 0.067, 0.495, 3.007,-0.311, 0.042, 0.628,-0.013,-0.098, 0.000;
2.289,4.382,-13.963,-0.819,-8.762, 0.991, 0.190, 0.053,0.000,1.377,-6.173,-0.925, 0.306, 2.956,-0.541,-0.103, 1.098, 0.230, 0.145,-0.470, 0.066, 0.496, 3.009,-0.311, 0.042, 0.628,-0.013,-0.098, 0.000;
2.301,4.503,-16.681,-0.742,-11.436, 0.993, 0.192, 0.054,0.190,0.190,0.080,-0.931, 0.304, 2.963,-0.482,-0.165, 1.220, 0.171, 0.204,-0.591, 0.062, 0.496, 3.016,-0.312, 0.039, 0.628,-0.012,-0.098, 0.000;
2.323,4.356,-21.735,-0.927,-16.452, 0.993, 0.196, 0.035,0.000,0.204,-0.845,-0.938, 0.300, 2.995,-0.373,-0.279, 1.453, 0.060, 0.314,-0.824, 0.056, 0.497, 3.030,-0.312, 0.035, 0.628,-0.011,-0.098, 0.000;
2.335,4.433,-18.489,-0.953,-13.103, 0.995, 0.199, 0.053,0.188,0.188,1.471,-0.944, 0.299, 2.985,-0.433,-0.221, 1.320, 0.120, 0.254,-0.692, 0.052, 0.497, 3.038,-0.312, 0.033, 0.628,-0.010,-0.098, 0.000;
2.346,1.600,-18.907,-3.742,-13.566, 0.995, 0.203, 0.054,0.000,0.383,0.080,-0.947, 0.295, 2.991,-0.374,-0.165, 1.190, 0.062, 0.195,-0.562, 0.048, 0.498, 3.045,-0.313, 0.030, 0.628,-0.010,-0.098, 0.000;
2.359,1.805,-15.797,-3.519,-10.472, 0.998, 0.205, 0.070,0.171,0.171,1.264,-0.954, 0.293, 2.983,-0.440,-0.102, 1.036, 0.128, 0.130,-0.408, 0.044, 0.498, 3.053,-0.313, 0.028, 0.628,-0.009,-0.098, 0.000;
2.363,2.426,-16.025,-2.852,-10.747, 1.000, 0.210, 0.054,0.576,1.151,-4.015,-0.957, 0.288, 3.001,-0.460,-0.122, 0.994, 0.147, 0.149,-0.366, 0.043, 0.498, 3.056,-0.313, 0.027, 0.628,-0.008,-0.098, 0.000;
2.374,2.144,-18.634,-3.155,-13.335, 1.000, 0.214, 0.036,0.000,0.409,-1.720,-0.960, 0.284, 3.027,-0.405,-0.180, 0.884, 0.092, 0.205,-0.256, 0.040, 0.498, 3.062,-0.313, 0.025, 0.628,-0.008,-0.098, 0.000;
2.396,2.660,-23.706,-2.660,-18.386, 1.000, 0.217, 0.054,0.000,0.100,0.844,-0.967, 0.282, 3.022,-0.294,-0.297, 0.642,-0.020, 0.318,-0.013, 0.033, 0.499, 3.076,-0.313, 0.020, 0.628,-0.006,-0.098, 0.000;
2.402,2.437,-21.985,-2.823,-16.725, 1.002, 0.221, 0.054,0.415,0.829,0.000,-0.971, 0.278, 3.025,-0.321,-0.271, 0.586, 0.008, 0.290, 0.043, 0.031, 0.499, 3.080,-0.314, 0.019, 0.628,-0.006,-0.099, 0.000;
2.411,2.257,-19.965,-2.997,-14.711, 1.002, 0.223, 0.055,0.000,0.249,0.112,-0.974, 0.276, 3.030,-0.366,-0.228, 0.493, 0.053, 0.245, 0.136, 0.028, 0.499, 3.085,-0.314, 0.018, 0.628,-0.006,-0.099, 0.000;
2.432,7.018,-19.951,1.776,-14.709, 1.004, 0.228, 0.037,0.104,0.207,-0.858,-0.983, 0.272, 3.062,-0.475,-0.341, 0.720, 0.161, 0.354,-0.092, 0.021, 0.500, 3.099,-0.314, 0.013, 0.628,-0.004,-0.099, 0.000;
2.445,3.878,-20.142,-1.467,-14.797, 1.004, 0.230, 0.057,0.000,0.182,1.595,-0.987, 0.270, 3.050,-0.413,-0.280, 0.590, 0.099, 0.291, 0.038, 0.017, 0.500, 3.107,-0.314, 0.011, 0.628,-0.003,-0.099, 0.000;
2.457,1.012,-20.295,-4.285,-14.998, 1.004, 0.234, 0.055,0.000,0.352,-0.082,-0.991, 0.265, 3.059,-0.349,-0.219, 0.459, 0.035, 0.228, 0.169, 0.013, 0.500, 3.115,-0.314, 0.008, 0.628,-0.003,-0.099, 0.000;
2.461,0.373,-20.315,-4.912,-15.030, 1.004, 0.237, 0.055,0.000,0.657,0.000,-0.992, 0.263, 3.061,-0.332,-0.203, 0.425, 0.018, 0.211, 0.203, 0.012, 0.500, 3.117,-0.314, 0.008, 0.628,-0.002,-0.099, 0.000;
2.472,2.774,-20.162,-2.506,-14.881, 1.007, 0.241, 0.037,0.198,0.396,-1.639,-0.998, 0.259, 3.087,-0.389,-0.262, 0.546, 0.075, 0.268, 0.082, 0.009, 0.500, 3.124,-0.314, 0.006, 0.628,-0.002,-0.099, 0.000;
2.494,3.050,-25.344,-2.300,-19.994, 1.007, 0.243, 0.054,0.000,0.103,0.806,-1.005, 0.257, 3.083,-0.280,-0.375, 0.325,-0.034, 0.376, 0.303, 0.002, 0.500, 3.138,-0.314, 0.001, 0.628,-0.000,-0.099, 0.000;
2.506,2.720,-22.082,-2.577,-16.786, 1.007, 0.248, 0.054,0.000,0.373,-0.081,-1.008, 0.252, 3.092,-0.340,-0.317, 0.447, 0.026, 0.316, 0.181,-0.002, 0.500, 3.145,-0.314,-0.001, 0.628, 0.000,-0.099, 0.000;
2.518,0.148,-22.534,-5.188,-17.197, 1.007, 0.250, 0.071,0.000,0.184,1.469,-1.012, 0.250, 3.081,-0.280,-0.259, 0.320,-0.034, 0.255, 0.308,-0.006, 0.500, 3.153,-0.314,-0.003, 0.628, 0.001,-0.099, 0.000;
2.530,3.154,-22.299,-2.139,-17.006, 1.009, 0.254, 0.071,0.186,0.373,0.000,-1.018, 0.245, 3.089,-0.340,-0.321, 0.198, 0.026, 0.315, 0.430,-0.009, 0.500, 3.160,-0.314,-0.006, 0.628, 0.002,-0.099, 0.000;
2.541,2.561,-19.515,-2.719,-14.236, 1.009, 0.257, 0.070,0.000,0.188,-0.105,-1.022, 0.243, 3.098,-0.400,-0.264, 0.320, 0.085, 0.255, 0.309,-0.013, 0.500, 3.168,-0.314,-0.008, 0.628, 0.003,-0.099, 0.000;
2.554,2.751,-22.795,-2.569,-17.475, 1.009, 0.261, 0.070,0.000,0.352,0.000,-1.026, 0.239, 3.106,-0.336,-0.330, 0.449, 0.022, 0.319, 0.179,-0.017, 0.500, 3.176,-0.314,-0.011, 0.628, 0.003,-0.099, 0.000;
2.566,-0.113,-22.730,-5.474,-17.370, 1.009, 0.263, 0.069,0.000,0.192,-0.104,-1.030, 0.236, 3.114,-0.278,-0.274, 0.568,-0.036, 0.261, 0.060,-0.021, 0.500, 3.183,-0.314,-0.013, 0.628, 0.004,-0.099, 0.000;
2.577,0.592,-25.537,-4.808,-20.137, 1.007, 0.268, 0.083,-0.192,0.384,1.230,-1.031, 0.232, 3.107,-0.219,-0.334, 0.447,-0.095, 0.319, 0.181,-0.024, 0.499, 3.190,-0.314,-0.015, 0.628, 0.005,-0.099, 0.000;
2.589,2.855,-25.010,-2.508,-19.647, 1.009, 0.272, 0.065,0.192,0.383,-1.517,-1.037, 0.227, 3.132,-0.278,-0.395, 0.570,-0.036, 0.377, 0.058,-0.028, 0.499, 3.198,-0.314,-0.018, 0.628, 0.006,-0.099, 0.000;
2.601,2.959,-22.305,-2.473,-16.874, 1.009, 0.275, 0.096,0.000,0.191,2.655,-1.040, 0.224, 3.108,-0.336,-0.338, 0.443, 0.023, 0.319, 0.186,-0.032, 0.499, 3.205,-0.314,-0.020, 0.628, 0.006,-0.098, 0.000;
2.612,5.313,-22.297,-0.051,-16.932, 1.011, 0.279, 0.079,0.191,0.381,-1.476,-1.046, 0.220, 3.133,-0.395,-0.399, 0.562, 0.082, 0.377, 0.066,-0.035, 0.499, 3.212,-0.313,-0.022, 0.628, 0.007,-0.098, 0.000;
2.624,2.868,-22.620,-2.563,-17.189, 1.007, 0.281, 0.117,-0.370,0.185,3.146,-1.046, 0.217, 3.103,-0.334,-0.341, 0.424, 0.020, 0.316, 0.204,-0.039, 0.498, 3.220,-0.313,-0.025, 0.628, 0.008,-0.098, 0.000;
2.636,5.539,-22.218,0.188,-16.868, 1.011, 0.286, 0.104,0.384,0.384,-1.119,-1.054, 0.212, 3.123,-0.392,-0.401, 0.304, 0.079, 0.375, 0.325,-0.043, 0.498, 3.227,-0.313,-0.027, 0.628, 0.008,-0.098, 0.000;
2.648,3.084,-22.585,-2.275,-17.226, 1.007, 0.286, 0.140,-0.381,0.000,3.061,-1.053, 0.212, 3.095,-0.332,-0.344, 0.169, 0.019, 0.315, 0.460,-0.046, 0.498, 3.234,-0.313,-0.029, 0.628, 0.009,-0.098, 0.000;
2.659,0.333,-22.849,-4.950,-17.567, 1.007, 0.290, 0.126,0.000,0.393,-1.217,-1.057, 0.207, 3.115,-0.275,-0.289, 0.051,-0.038, 0.258, 0.577,-0.050, 0.498, 3.242,-0.313,-0.031, 0.628, 0.010,-0.098, 0.000;
2.671,-2.047,-23.219,-7.340,-17.926, 1.004, 0.292, 0.136,-0.192,0.192,0.867,-1.058, 0.205, 3.113,-0.216,-0.234,-0.068,-0.096, 0.200, 0.697,-0.054, 0.497, 3.249,-0.312,-0.034, 0.628, 0.011,-0.098, 0.000;
2.682,0.895,-22.787,-4.368,-17.523, 1.004, 0.297, 0.136,0.000,0.380,0.000,-1.062, 0.200, 3.120,-0.275,-0.295, 0.051,-0.037, 0.259, 0.577,-0.057, 0.497, 3.256,-0.312,-0.036, 0.628, 0.011,-0.098, 0.000;
2.694,-2.125,-23.210,-7.426,-17.909, 1.002, 0.299, 0.136,-0.194,0.194,0.000,-1.063, 0.197, 3.127,-0.216,-0.240, 0.170,-0.095, 0.202, 0.458,-0.061, 0.496, 3.263,-0.312,-0.038, 0.628, 0.012,-0.098, 0.000;
2.706,1.132,-22.820,-4.206,-17.481, 1.002, 0.301, 0.150,0.000,0.188,1.133,-1.067, 0.195, 3.121,-0.276,-0.301, 0.050,-0.036, 0.261, 0.578,-0.064, 0.496, 3.271,-0.312,-0.041, 0.628, 0.013,-0.098, 0.000;
2.717,0.889,-25.404,-4.414,-20.101, 1.000, 0.306, 0.136,-0.204,0.409,-1.228,-1.068, 0.190, 3.142,-0.220,-0.358, 0.167,-0.091, 0.316, 0.461,-0.068, 0.495, 3.278,-0.311,-0.043, 0.628, 0.013,-0.098, 0.000;
2.739,0.344,-20.070,-5.018,-14.708, 1.000, 0.308, 0.150,0.000,0.102,0.614,-1.075, 0.186, 3.142,-0.329,-0.253, 0.390, 0.019, 0.206, 0.239,-0.075, 0.494, 3.292,-0.311,-0.047, 0.628, 0.015,-0.098, 0.000;
2.742,-0.007,-21.381,-5.417,-15.971, 1.000, 0.315, 0.124,0.000,1.818,-6.843,-1.076, 0.180, 3.169,-0.311,-0.272, 0.431, 0.000, 0.225, 0.197,-0.076, 0.494, 3.294,-0.311,-0.048, 0.628, 0.015,-0.098, 0.000;
2.753,0.711,-23.881,-4.754,-18.416, 0.995, 0.315, 0.148,-0.416,0.000,2.165,-1.075, 0.179, 3.153,-0.256,-0.328, 0.541,-0.054, 0.278, 0.087,-0.079, 0.494, 3.301,-0.310,-0.050, 0.628, 0.016,-0.097, 0.000;
2.775,5.666,-22.873,0.205,-17.412, 1.000, 0.319, 0.140,0.205,0.205,-0.351,-1.086, 0.173, 3.174,-0.366,-0.442, 0.770, 0.056, 0.388,-0.141,-0.086, 0.493, 3.314,-0.309,-0.054, 0.628, 0.017,-0.097, 0.000;
2.787,2.272,-23.479,-3.274,-17.934, 0.993, 0.321, 0.146,-0.549,0.183,0.467,-1.083, 0.170, 3.176,-0.302,-0.382, 0.646,-0.007, 0.325,-0.017,-0.090, 0.492, 3.322,-0.309,-0.056, 0.628, 0.018,-0.097, 0.000;
2.800,1.930,-20.413,-3.593,-14.890, 0.998, 0.326, 0.138,0.356,0.356,-0.608,-1.091, 0.165, 3.192,-0.364,-0.321, 0.774, 0.056, 0.262,-0.146,-0.094, 0.491, 3.330,-0.309,-0.059, 0.628, 0.018,-0.097, 0.000;
2.812,-0.665,-21.229,-6.241,-15.653, 0.991, 0.326, 0.157,-0.559,0.000,1.552,-1.088, 0.165, 3.181,-0.302,-0.263, 0.646,-0.006, 0.201,-0.017,-0.097, 0.490, 3.337,-0.308,-0.061, 0.628, 0.019,-0.097, 0.000;
2.815,-0.542,-21.971,-6.072,-16.441, 0.989, 0.330, 0.144,-0.592,1.184,-3.412,-1.087, 0.160, 3.196,-0.283,-0.282, 0.683,-0.025, 0.220,-0.055,-0.098, 0.490, 3.340,-0.308,-0.062, 0.628, 0.019,-0.097, 0.000;
2.836,0.067,-26.902,-5.497,-21.338, 0.987, 0.333, 0.142,-0.105,0.105,-0.087,-1.091, 0.156, 3.211,-0.173,-0.393, 0.898,-0.134, 0.327,-0.269,-0.105, 0.489, 3.353,-0.307,-0.066, 0.628, 0.021,-0.096, 0.000;
2.840,-0.156,-25.765,-5.791,-20.130, 0.984, 0.335, 0.142,-0.707,0.707,0.000,-1.090, 0.154, 3.213,-0.189,-0.378, 0.866,-0.118, 0.311,-0.237,-0.106, 0.489, 3.355,-0.307,-0.067, 0.628, 0.021,-0.096, 0.000;
2.851,-3.130,-26.102,-8.762,-20.471, 0.982, 0.339, 0.129,-0.197,0.393,-1.124,-1.091, 0.149, 3.233,-0.131,-0.323, 0.983,-0.175, 0.254,-0.355,-0.109, 0.488, 3.362,-0.307,-0.069, 0.628, 0.022,-0.096, 0.000;
2.873,-3.569,-20.908,-9.259,-15.218, 0.982, 0.341, 0.131,0.000,0.102,0.077,-1.098, 0.145, 3.245,-0.241,-0.218, 0.763,-0.065, 0.145,-0.135,-0.116, 0.486, 3.376,-0.306,-0.073, 0.628, 0.023,-0.096, 0.000;
2.876,-4.406,-21.476,-10.070,-15.812, 0.980, 0.344, 0.131,-0.682,0.682,0.000,-1.097, 0.142, 3.247,-0.224,-0.202, 0.730,-0.081, 0.128,-0.102,-0.117, 0.486, 3.378,-0.305,-0.074, 0.628, 0.023,-0.096, 0.000;
2.887,-4.106,-24.024,-9.766,-18.363, 0.975, 0.346, 0.128,-0.405,0.202,-0.301,-1.096, 0.139, 3.257,-0.168,-0.259, 0.619,-0.137, 0.184, 0.009,-0.120, 0.485, 3.385,-0.305,-0.076, 0.628, 0.024,-0.096, 0.000;
2.909,-3.532,-28.865,-9.186,-23.211, 0.973, 0.348, 0.128,-0.103,0.103,0.000,-1.100, 0.135, 3.271,-0.057,-0.372, 0.402,-0.247, 0.292, 0.227,-0.127, 0.484, 3.399,-0.304,-0.080, 0.628, 0.025,-0.095, 0.000;
2.921,-4.366,-25.356,-9.997,-19.725, 0.971, 0.353, 0.113,-0.178,0.356,-1.124,-1.102, 0.130, 3.293,-0.120,-0.312, 0.535,-0.183, 0.229, 0.093,-0.131, 0.483, 3.406,-0.303,-0.082, 0.628, 0.026,-0.095, 0.000;
2.934,-4.685,-22.608,-10.382,-16.911, 0.971, 0.355, 0.115,0.000,0.176,0.113,-1.106, 0.127, 3.300,-0.184,-0.250, 0.667,-0.119, 0.166,-0.039,-0.135, 0.482, 3.414,-0.303,-0.085, 0.628, 0.027,-0.095, 0.000;
2.936,-4.715,-23.376,-10.451,-17.640, 0.966, 0.357, 0.112,-2.097,1.049,-1.338,-1.102, 0.124, 3.304,-0.173,-0.261, 0.689,-0.130, 0.176,-0.061,-0.135, 0.481, 3.416,-0.302,-0.085, 0.628, 0.027,-0.095, 0.000;
2.958,0.107,-22.668,-5.641,-16.921, 0.971, 0.364, 0.091,0.204,0.306,-0.977,-1.113, 0.116, 3.339,-0.282,-0.378, 0.932,-0.019, 0.289,-0.304,-0.142, 0.479, 3.429,-0.301,-0.089, 0.628, 0.028,-0.095, 0.000;
2.970,-3.015,-23.199,-8.874,-17.340, 0.962, 0.364, 0.111,-0.740,0.000,1.658,-1.108, 0.115, 3.326,-0.219,-0.318, 0.806,-0.082, 0.227,-0.177,-0.146, 0.478, 3.437,-0.301,-0.091, 0.628, 0.029,-0.094, 0.000;
2.982,-5.531,-23.395,-11.342,-17.584, 0.962, 0.366, 0.112,0.000,0.189,0.116,-1.111, 0.111, 3.332,-0.158,-0.261, 0.683,-0.141, 0.167,-0.054,-0.149, 0.477, 3.444,-0.300,-0.094, 0.628, 0.029,-0.094, 0.000;
2.994,-8.164,-23.817,-13.959,-18.022, 0.955, 0.368, 0.120,-0.537,0.179,0.632,-1.108, 0.108, 3.332,-0.094,-0.201, 0.551,-0.205, 0.105, 0.078,-0.153, 0.476, 3.452,-0.299,-0.096, 0.628, 0.030,-0.094, 0.000;
3.007,-5.238,-23.274,-11.005,-17.507, 0.955, 0.373, 0.109,0.000,0.362,-0.859,-1.112, 0.102, 3.351,-0.155,-0.265, 0.675,-0.143, 0.167,-0.047,-0.157, 0.475, 3.460,-0.298,-0.098, 0.628, 0.031,-0.094, 0.000;
3.010,-5.973,-23.584,-11.797,-17.760, 0.949, 0.373, 0.129,-1.967,0.000,5.693,-1.106, 0.102, 3.333,-0.137,-0.249, 0.639,-0.161, 0.150,-0.010,-0.158, 0.475, 3.462,-0.298,-0.099, 0.628, 0.031,-0.094, 0.000;
3.032,-5.266,-28.586,-11.054,-22.799, 0.946, 0.375, 0.129,-0.104,0.104,0.000,-1.110, 0.097, 3.347,-0.026,-0.360, 0.410,-0.270, 0.257, 0.218,-0.164, 0.472, 3.476,-0.297,-0.103, 0.628, 0.032,-0.093, 0.000;
3.044,-5.834,-25.278,-11.596,-19.516, 0.942, 0.377, 0.127,-0.372,0.186,-0.123,-1.109, 0.094, 3.356,-0.086,-0.302, 0.289,-0.210, 0.197, 0.339,-0.168, 0.471, 3.483,-0.296,-0.105, 0.628, 0.033,-0.093, 0.000;
3.056,-6.227,-22.480,-11.978,-16.728, 0.940, 0.379, 0.127,-0.175,0.175,0.000,-1.111, 0.090, 3.364,-0.149,-0.240, 0.418,-0.146, 0.133, 0.210,-0.171, 0.470, 3.491,-0.295,-0.108, 0.628, 0.034,-0.093, 0.000;
3.059,-6.176,-23.410,-11.968,-17.618, 0.935, 0.382, 0.126,-1.537,0.769,-0.498,-1.107, 0.088, 3.367,-0.134,-0.256, 0.448,-0.161, 0.147, 0.180,-0.172, 0.469, 3.493,-0.295,-0.108, 0.628, 0.034,-0.093, 0.000;
3.081,-5.566,-28.483,-11.370,-22.678, 0.933, 0.384, 0.124,-0.102,0.102,-0.065,-1.112, 0.083, 3.382,-0.021,-0.370, 0.673,-0.272, 0.258,-0.045,-0.179, 0.467, 3.507,-0.293,-0.112, 0.628, 0.035,-0.092, 0.000;
3.085,-5.830,-27.153,-11.708,-21.275, 0.929, 0.386, 0.123,-1.175,0.587,-0.364,-1.108, 0.080, 3.386,-0.040,-0.352, 0.711,-0.253, 0.239,-0.083,-0.180, 0.467, 3.509,-0.293,-0.113, 0.628, 0.035,-0.092, 0.000;
3.095,-8.045,-27.557,-13.937,-21.665, 0.924, 0.386, 0.131,-0.436,0.000,0.795,-1.107, 0.079, 3.385, 0.012,-0.302, 0.606,-0.305, 0.187, 0.022,-0.183, 0.465, 3.516,-0.292,-0.115, 0.628, 0.036,-0.092, 0.000;
3.117,-8.528,-22.359,-14.395,-16.492, 0.922, 0.388, 0.131,-0.102,0.102,0.000,-1.111, 0.075, 3.398,-0.096,-0.196, 0.385,-0.195, 0.077, 0.243,-0.189, 0.463, 3.529,-0.291,-0.119, 0.628, 0.037,-0.091, 0.000;
3.129,-8.645,-20.180,-14.488,-14.336, 0.917, 0.388, 0.149,-0.373,0.000,1.528,-1.110, 0.073, 3.387,-0.155,-0.138, 0.258,-0.135, 0.017, 0.370,-0.193, 0.461, 3.537,-0.290,-0.121, 0.628, 0.038,-0.091, 0.000;
3.141,-8.248,-23.200,-14.046,-17.402, 0.913, 0.391, 0.148,-0.370,0.185,-0.130,-1.109, 0.069, 3.397,-0.093,-0.201, 0.136,-0.196, 0.078, 0.492,-0.196, 0.460, 3.544,-0.289,-0.123, 0.628, 0.039,-0.091, 0.000;
3.153,-10.873,-23.409,-16.661,-17.620, 0.908, 0.391, 0.155,-0.390,0.000,0.625,-1.108, 0.068, 3.397,-0.034,-0.146, 0.021,-0.254, 0.020, 0.607,-0.199, 0.459, 3.552,-0.288,-0.125, 0.628, 0.039,-0.091, 0.000;
3.164,-10.911,-20.712,-16.674,-14.948, 0.906, 0.391, 0.165,-0.189,0.000,0.861,-1.109, 0.066, 3.394,-0.092,-0.089,-0.099,-0.195,-0.039, 0.727,-0.203, 0.457, 3.559,-0.287,-0.127, 0.628, 0.040,-0.090, 0.000;
3.176,-10.316,-23.855,-16.050,-18.122, 0.902, 0.391, 0.172,-0.369,0.000,0.546,-1.108, 0.065, 3.395,-0.030,-0.152, 0.022,-0.256, 0.022, 0.606,-0.206, 0.456, 3.567,-0.286,-0.130, 0.628, 0.041,-0.090, 0.000;
3.190,-13.292,-24.273,-19.053,-18.512, 0.897, 0.391, 0.180,-0.335,0.000,0.608,-1.107, 0.063, 3.395, 0.038,-0.087, 0.155,-0.323,-0.045, 0.473,-0.210, 0.454, 3.575,-0.285,-0.132, 0.628, 0.041,-0.090, 0.000;
3.202,-10.097,-23.780,-15.887,-17.991, 0.893, 0.391, 0.186,-0.371,0.000,0.506,-1.106, 0.062, 3.397,-0.021,-0.150, 0.277,-0.263, 0.016, 0.352,-0.213, 0.452, 3.583,-0.284,-0.134, 0.628, 0.042,-0.089, 0.000;
3.214,-12.891,-24.445,-18.709,-18.627, 0.888, 0.391, 0.194,-0.382,0.000,0.658,-1.105, 0.060, 3.396, 0.038,-0.093, 0.159,-0.321,-0.043, 0.470,-0.217, 0.451, 3.590,-0.283,-0.136, 0.628, 0.043,-0.089, 0.000;
3.225,-12.023,-27.106,-17.815,-21.313, 0.884, 0.391, 0.199,-0.389,0.000,0.490,-1.104, 0.058, 3.398, 0.097,-0.153, 0.043,-0.379, 0.015, 0.585,-0.220, 0.449, 3.597,-0.282,-0.138, 0.628, 0.043,-0.089, 0.000;
3.237,-12.472,-24.241,-18.242,-18.471, 0.882, 0.391, 0.207,-0.193,0.000,0.629,-1.105, 0.057, 3.398, 0.039,-0.097,-0.073,-0.320,-0.043, 0.702,-0.223, 0.447, 3.604,-0.281,-0.140, 0.628, 0.044,-0.088, 0.000;
3.249,-11.756,-27.318,-17.501,-21.573, 0.877, 0.391, 0.212,-0.371,0.000,0.432,-1.104, 0.055, 3.400, 0.101,-0.159, 0.048,-0.381, 0.017, 0.580,-0.227, 0.446, 3.612,-0.280,-0.142, 0.628, 0.045,-0.088, 0.000;
3.261,-14.642,-27.750,-20.418,-21.975, 0.870, 0.391, 0.215,-0.534,0.000,0.246,-1.101, 0.053, 3.405, 0.165,-0.099, 0.176,-0.444,-0.046, 0.452,-0.230, 0.444, 3.620,-0.279,-0.145, 0.628, 0.045,-0.088, 0.000;
3.274,-14.683,-24.982,-20.494,-19.171, 0.866, 0.388, 0.230,-0.352,-0.176,1.205,-1.100, 0.054, 3.398, 0.103,-0.037, 0.045,-0.380,-0.110, 0.583,-0.234, 0.442, 3.628,-0.278,-0.147, 0.628, 0.046,-0.087, 0.000;
3.286,-11.803,-24.632,-17.573,-18.861, 0.862, 0.388, 0.235,-0.377,0.000,0.376,-1.098, 0.052, 3.401, 0.044,-0.099,-0.073,-0.321,-0.050, 0.702,-0.237, 0.440, 3.635,-0.277,-0.149, 0.628, 0.047,-0.087, 0.000;
3.298,-11.223,-27.601,-16.973,-21.850, 0.857, 0.388, 0.241,-0.359,0.000,0.507,-1.097, 0.050, 3.402, 0.108,-0.163, 0.052,-0.383, 0.012, 0.576,-0.240, 0.438, 3.643,-0.275,-0.151, 0.628, 0.047,-0.087, 0.000;
3.310,-11.678,-24.828,-17.458,-19.048, 0.853, 0.388, 0.253,-0.382,0.000,1.047,-1.096, 0.048, 3.397, 0.051,-0.107,-0.067,-0.325,-0.046, 0.695,-0.244, 0.437, 3.650,-0.274,-0.153, 0.628, 0.048,-0.086, 0.000;
3.322,-14.036,-25.939,-19.782,-20.193, 0.848, 0.386, 0.267,-0.380,-0.190,1.183,-1.095, 0.049, 3.391, 0.111,-0.050,-0.188,-0.384,-0.105, 0.816,-0.247, 0.435, 3.658,-0.273,-0.155, 0.628, 0.049,-0.086, 0.000;
3.334,-10.704,-25.219,-16.414,-19.510, 0.844, 0.386, 0.278,-0.358,0.000,0.908,-1.094, 0.047, 3.387, 0.049,-0.115,-0.316,-0.321,-0.043, 0.944,-0.250, 0.433, 3.666,-0.272,-0.157, 0.628, 0.049,-0.085, 0.000;
3.346,-13.357,-26.210,-19.033,-20.534, 0.839, 0.384, 0.291,-0.381,-0.191,1.123,-1.093, 0.047, 3.382, 0.109,-0.058,-0.435,-0.380,-0.102, 1.063,-0.253, 0.431, 3.673,-0.271,-0.159, 0.628, 0.050,-0.085, 0.000;
3.357,-10.262,-25.459,-15.904,-19.817, 0.835, 0.384, 0.302,-0.385,0.000,0.905,-1.091, 0.045, 3.378, 0.052,-0.118,-0.319,-0.322,-0.043, 0.947,-0.256, 0.429, 3.680,-0.270,-0.161, 0.628, 0.051,-0.085, 0.000;
3.369,-9.550,-28.192,-15.211,-22.531, 0.830, 0.384, 0.307,-0.384,0.000,0.439,-1.090, 0.043, 3.381, 0.112,-0.178,-0.199,-0.380, 0.015, 0.828,-0.260, 0.427, 3.688,-0.268,-0.163, 0.628, 0.051,-0.084, 0.000;
3.381,-12.180,-28.929,-17.869,-23.239, 0.824, 0.382, 0.315,-0.554,-0.185,0.624,-1.086, 0.044, 3.381, 0.174,-0.119,-0.076,-0.441,-0.046, 0.704,-0.263, 0.425, 3.695,-0.267,-0.165, 0.628, 0.052,-0.084, 0.000;
3.393,-9.160,-28.017,-14.876,-22.301, 0.819, 0.382, 0.319,-0.383,0.000,0.411,-1.085, 0.042, 3.383, 0.117,-0.179, 0.044,-0.383, 0.012, 0.585,-0.266, 0.423, 3.702,-0.266,-0.167, 0.628, 0.052,-0.084, 0.000;
3.404,-11.758,-29.059,-17.504,-23.313, 0.815, 0.379, 0.329,-0.386,-0.193,0.807,-1.084, 0.042, 3.381, 0.176,-0.123, 0.159,-0.441,-0.046, 0.469,-0.269, 0.421, 3.710,-0.265,-0.169, 0.628, 0.053,-0.083, 0.000;
3.416,-8.798,-28.136,-14.564,-22.370, 0.810, 0.379, 0.333,-0.385,0.000,0.391,-1.082, 0.040, 3.384, 0.119,-0.183, 0.276,-0.382, 0.012, 0.352,-0.272, 0.419, 3.717,-0.264,-0.171, 0.628, 0.054,-0.083, 0.000;
3.427,-11.339,-29.243,-17.135,-23.447, 0.806, 0.377, 0.344,-0.385,-0.193,0.969,-1.081, 0.040, 3.380, 0.178,-0.126, 0.157,-0.440,-0.047, 0.471,-0.275, 0.417, 3.724,-0.262,-0.173, 0.628, 0.054,-0.082, 0.000;
3.439,-8.519,-28.228,-14.284,-22.464, 0.801, 0.377, 0.346,-0.390,0.000,0.164,-1.079, 0.038, 3.385, 0.122,-0.185, 0.272,-0.383, 0.011, 0.356,-0.278, 0.415, 3.732,-0.261,-0.175, 0.628, 0.055,-0.082, 0.000;
3.451,-11.167,-29.360,-16.964,-23.563, 0.795, 0.375, 0.355,-0.568,-0.189,0.709,-1.076, 0.038, 3.384, 0.183,-0.128, 0.152,-0.442,-0.049, 0.476,-0.281, 0.413, 3.739,-0.260,-0.177, 0.628, 0.056,-0.082, 0.000;
3.462,-8.382,-28.299,-14.152,-22.528, 0.790, 0.375, 0.356,-0.395,0.000,0.147,-1.074, 0.036, 3.390, 0.127,-0.186, 0.266,-0.386, 0.008, 0.362,-0.284, 0.411, 3.746,-0.259,-0.179, 0.628, 0.056,-0.081, 0.000;
3.484,-13.154,-30.301,-18.957,-24.497, 0.786, 0.373, 0.367,-0.206,-0.103,0.476,-1.075, 0.035, 3.393, 0.238,-0.080, 0.045,-0.494,-0.102, 0.583,-0.290, 0.408, 3.760,-0.256,-0.182, 0.628, 0.057,-0.080, 0.000;
3.497,-9.727,-29.055,-15.489,-23.293, 0.779, 0.373, 0.372,-0.510,0.000,0.398,-1.072, 0.032, 3.396, 0.173,-0.149, 0.179,-0.428,-0.035, 0.449,-0.293, 0.405, 3.768,-0.255,-0.184, 0.628, 0.058,-0.080, 0.000;
3.501,-8.988,-28.800,-14.784,-23.004, 0.775, 0.373, 0.376,-1.104,0.000,0.921,-1.069, 0.032, 3.395, 0.154,-0.170, 0.220,-0.408,-0.015, 0.408,-0.294, 0.404, 3.770,-0.254,-0.185, 0.628, 0.058,-0.080, 0.000;
3.511,-10.914,-29.841,-16.716,-24.039, 0.770, 0.371, 0.389,-0.447,-0.223,1.322,-1.067, 0.032, 3.388, 0.205,-0.121, 0.117,-0.458,-0.066, 0.512,-0.297, 0.403, 3.777,-0.253,-0.186, 0.628, 0.059,-0.079, 0.000;
3.533,-8.652,-34.544,-14.421,-28.775, 0.766, 0.371, 0.392,-0.204,0.000,0.159,-1.068, 0.028, 3.398, 0.317,-0.234,-0.105,-0.567, 0.044, 0.733,-0.302, 0.398, 3.790,-0.250,-0.190, 0.628, 0.060,-0.079, 0.000;
3.545,-9.617,-31.600,-15.357,-25.861, 0.761, 0.368, 0.405,-0.375,-0.188,1.055,-1.066, 0.028, 3.393, 0.257,-0.176, 0.015,-0.506,-0.016, 0.613,-0.305, 0.396, 3.798,-0.249,-0.192, 0.628, 0.060,-0.078, 0.000;
3.557,-10.601,-29.195,-16.357,-23.439, 0.754, 0.368, 0.406,-0.557,0.000,0.067,-1.062, 0.026, 3.400, 0.198,-0.117, 0.139,-0.446,-0.076, 0.490,-0.308, 0.394, 3.805,-0.247,-0.194, 0.628, 0.061,-0.078, 0.000;
3.569,-11.472,-26.854,-17.266,-21.060, 0.750, 0.366, 0.412,-0.373,-0.187,0.532,-1.061, 0.025, 3.401, 0.140,-0.059, 0.260,-0.386,-0.136, 0.369,-0.311, 0.391, 3.813,-0.246,-0.195, 0.628, 0.061,-0.077, 0.000;
3.581,-10.055,-29.866,-15.876,-24.045, 0.745, 0.366, 0.415,-0.351,0.000,0.244,-1.060, 0.023, 3.406, 0.205,-0.125, 0.388,-0.449,-0.072, 0.240,-0.314, 0.389, 3.821,-0.244,-0.197, 0.628, 0.062,-0.077, 0.000;
3.593,-12.643,-30.800,-18.500,-24.943, 0.739, 0.364, 0.419,-0.566,-0.189,0.309,-1.056, 0.023, 3.410, 0.266,-0.067, 0.507,-0.509,-0.132, 0.122,-0.317, 0.387, 3.828,-0.243,-0.199, 0.628, 0.063,-0.076, 0.000;
3.605,-9.618,-29.498,-15.507,-23.609, 0.734, 0.364, 0.422,-0.360,0.000,0.239,-1.054, 0.020, 3.414, 0.205,-0.132, 0.382,-0.446,-0.069, 0.246,-0.320, 0.384, 3.836,-0.241,-0.201, 0.628, 0.063,-0.076, 0.000;
3.618,-10.904,-26.971,-16.775,-21.100, 0.730, 0.362, 0.430,-0.359,-0.179,0.658,-1.053, 0.020, 3.414, 0.144,-0.071, 0.255,-0.384,-0.132, 0.373,-0.323, 0.382, 3.844,-0.240,-0.203, 0.628, 0.064,-0.075, 0.000;
3.630,-8.102,-26.050,-13.944,-20.207, 0.725, 0.362, 0.436,-0.374,0.000,0.470,-1.051, 0.018, 3.416, 0.086,-0.133, 0.134,-0.324,-0.072, 0.494,-0.326, 0.379, 3.851,-0.238,-0.205, 0.628, 0.064,-0.075, 0.000;
3.642,-10.821,-27.437,-16.641,-21.617, 0.721, 0.359, 0.443,-0.363,-0.181,0.638,-1.050, 0.017, 3.416, 0.149,-0.073, 0.009,-0.386,-0.134, 0.619,-0.329, 0.377, 3.859,-0.237,-0.207, 0.628, 0.065,-0.074, 0.000;
3.654,-9.352,-29.915,-15.146,-24.121, 0.714, 0.359, 0.444,-0.549,0.000,0.021,-1.046, 0.015, 3.423, 0.212,-0.136, 0.134,-0.447,-0.072, 0.494,-0.332, 0.374, 3.867,-0.235,-0.208, 0.628, 0.065,-0.074, 0.000;
3.667,-10.578,-27.007,-16.410,-21.174, 0.710, 0.357, 0.451,-0.350,-0.175,0.596,-1.044, 0.014, 3.424, 0.150,-0.074, 0.262,-0.383,-0.136, 0.366,-0.335, 0.371, 3.875,-0.233,-0.210, 0.628, 0.066,-0.073, 0.000;
3.679,-7.815,-26.071,-13.676,-20.210, 0.705, 0.357, 0.456,-0.379,0.000,0.429,-1.043, 0.012, 3.426, 0.093,-0.135, 0.380,-0.324,-0.077, 0.248,-0.337, 0.369, 3.882,-0.232,-0.212, 0.628, 0.067,-0.073, 0.000;
3.691,-10.418,-27.448,-16.307,-21.558, 0.699, 0.355, 0.461,-0.574,-0.191,0.420,-1.039, 0.012, 3.428, 0.153,-0.078, 0.263,-0.383,-0.136, 0.366,-0.340, 0.367, 3.890,-0.230,-0.214, 0.628, 0.067,-0.072, 0.000;
3.702,-8.813,-29.844,-14.682,-23.975, 0.694, 0.355, 0.466,-0.376,0.000,0.401,-1.037, 0.009, 3.431, 0.214,-0.139, 0.144,-0.443,-0.076, 0.485,-0.343, 0.364, 3.897,-0.229,-0.215, 0.628, 0.068,-0.072, 0.000;
3.707,-9.281,-28.673,-15.129,-22.825, 0.690, 0.353, 0.473,-0.958,-0.479,1.503,-1.034, 0.010, 3.427, 0.191,-0.117, 0.097,-0.419,-0.099, 0.532,-0.344, 0.363, 3.900,-0.228,-0.216, 0.628, 0.068,-0.072, 0.000;
3.728,-13.630,-31.080,-19.461,-25.249, 0.683, 0.353, 0.475,-0.316,0.000,0.100,-1.032, 0.006, 3.438, 0.302,-0.014,-0.116,-0.527,-0.205, 0.744,-0.349, 0.358, 3.913,-0.225,-0.219, 0.628, 0.069,-0.071, 0.000;
3.740,-10.569,-29.538,-16.375,-23.733, 0.679, 0.350, 0.482,-0.369,-0.185,0.556,-1.030, 0.005, 3.439, 0.242,-0.076, 0.009,-0.465,-0.145, 0.620,-0.351, 0.356, 3.921,-0.223,-0.221, 0.628, 0.069,-0.070, 0.000;
3.752,-8.285,-28.315,-14.118,-22.482, 0.674, 0.350, 0.482,-0.378,0.000,-0.017,-1.028, 0.003, 3.447, 0.183,-0.137, 0.132,-0.405,-0.085, 0.496,-0.354, 0.353, 3.928,-0.222,-0.222, 0.628, 0.070,-0.070, 0.000;
3.764,-10.912,-29.776,-16.784,-23.904, 0.667, 0.348, 0.486,-0.561,-0.187,0.352,-1.024, 0.002, 3.450, 0.245,-0.079, 0.255,-0.465,-0.145, 0.373,-0.357, 0.350, 3.936,-0.220,-0.224, 0.628, 0.070,-0.069, 0.000;
3.776,-8.122,-28.322,-14.026,-22.419, 0.663, 0.348, 0.488,-0.376,0.000,0.174,-1.022,-0.000, 3.455, 0.187,-0.140, 0.377,-0.405,-0.085, 0.252,-0.359, 0.348, 3.943,-0.218,-0.226, 0.628, 0.071,-0.069, 0.000;
3.788,-9.527,-26.009,-15.466,-20.071, 0.658, 0.346, 0.494,-0.376,-0.188,0.535,-1.020,-0.001, 3.456, 0.129,-0.082, 0.258,-0.346,-0.145, 0.370,-0.362, 0.345, 3.951,-0.217,-0.227, 0.628, 0.071,-0.068, 0.000;
3.800,-8.030,-28.784,-13.945,-22.869, 0.652, 0.346, 0.494,-0.539,0.000,-0.027,-1.016,-0.004, 3.465, 0.194,-0.147, 0.384,-0.409,-0.082, 0.244,-0.365, 0.342, 3.959,-0.215,-0.229, 0.628, 0.072,-0.068, 0.000;
3.812,-9.339,-26.128,-15.295,-20.173, 0.647, 0.344, 0.500,-0.380,-0.190,0.525,-1.014,-0.004, 3.466, 0.137,-0.089, 0.266,-0.350,-0.141, 0.362,-0.367, 0.340, 3.966,-0.213,-0.231, 0.628, 0.072,-0.067, 0.000;
3.824,-7.851,-28.741,-13.784,-22.808, 0.643, 0.344, 0.502,-0.383,0.000,0.162,-1.012,-0.007, 3.471, 0.197,-0.149, 0.384,-0.408,-0.083, 0.245,-0.370, 0.337, 3.973,-0.212,-0.232, 0.628, 0.073,-0.066, 0.000;
3.836,-10.587,-29.980,-16.554,-24.013, 0.636, 0.341, 0.503,-0.528,-0.176,0.114,-1.008,-0.008, 3.478, 0.263,-0.087, 0.512,-0.472,-0.147, 0.117,-0.372, 0.334, 3.981,-0.210,-0.234, 0.628, 0.073,-0.066, 0.000;
3.849,-7.617,-28.359,-13.623,-22.353, 0.632, 0.341, 0.505,-0.349,0.000,0.143,-1.007,-0.011, 3.484, 0.200,-0.154, 0.640,-0.408,-0.082,-0.012,-0.375, 0.331, 3.989,-0.208,-0.236, 0.628, 0.074,-0.065, 0.000;
3.862,-10.448,-29.931,-16.491,-23.888, 0.625, 0.339, 0.507,-0.532,-0.177,0.108,-1.002,-0.011, 3.491, 0.265,-0.092, 0.513,-0.471,-0.145, 0.115,-0.377, 0.328, 3.997,-0.206,-0.237, 0.628, 0.075,-0.065, 0.000;
3.873,-7.745,-28.400,-13.772,-22.373, 0.620, 0.339, 0.508,-0.382,0.000,0.151,-1.000,-0.014, 3.496, 0.208,-0.152, 0.396,-0.412,-0.086, 0.232,-0.380, 0.325, 4.005,-0.204,-0.239, 0.628, 0.075,-0.064, 0.000;
3.885,-9.199,-26.097,-15.211,-20.085, 0.616, 0.337, 0.516,-0.376,-0.188,0.622,-0.998,-0.015, 3.496, 0.150,-0.094, 0.275,-0.353,-0.146, 0.353,-0.382, 0.322, 4.012,-0.202,-0.240, 0.628, 0.075,-0.064, 0.000;
3.898,-11.640,-27.813,-17.626,-21.826, 0.609, 0.335, 0.519,-0.526,-0.175,0.262,-0.994,-0.016, 3.501, 0.217,-0.032, 0.147,-0.417,-0.210, 0.482,-0.385, 0.319, 4.020,-0.201,-0.242, 0.628, 0.076,-0.063, 0.000;
3.910,-8.918,-26.228,-14.885,-20.261, 0.605, 0.335, 0.521,-0.375,0.000,0.138,-0.992,-0.019, 3.507, 0.159,-0.094, 0.268,-0.358,-0.150, 0.361,-0.387, 0.316, 4.028,-0.199,-0.243, 0.628, 0.076,-0.062, 0.000;
3.922,-11.471,-27.762,-17.474,-21.759, 0.598, 0.333, 0.524,-0.573,-0.191,0.275,-0.988,-0.019, 3.511, 0.220,-0.037, 0.386,-0.417,-0.208, 0.243,-0.390, 0.313, 4.035,-0.197,-0.245, 0.628, 0.077,-0.062, 0.000;
3.934,-8.725,-26.187,-14.760,-20.152, 0.594, 0.333, 0.526,-0.371,0.000,0.131,-0.986,-0.022, 3.517, 0.161,-0.099, 0.507,-0.356,-0.147, 0.121,-0.392, 0.310, 4.042,-0.195,-0.246, 0.628, 0.077,-0.061, 0.000;
3.946,-10.295,-23.856,-16.365,-17.786, 0.589, 0.330, 0.531,-0.366,-0.183,0.432,-0.984,-0.023, 3.519, 0.102,-0.039, 0.384,-0.296,-0.208, 0.245,-0.394, 0.307, 4.050,-0.193,-0.248, 0.628, 0.078,-0.061, 0.000;
3.959,-8.575,-26.783,-14.624,-20.734, 0.583, 0.330, 0.530,-0.498,0.000,-0.047,-0.979,-0.026, 3.528, 0.172,-0.109, 0.519,-0.363,-0.140, 0.109,-0.397, 0.304, 4.059,-0.191,-0.249, 0.628, 0.078,-0.060, 0.000;
3.972,-10.142,-23.959,-16.235,-17.867, 0.578, 0.328, 0.535,-0.351,-0.175,0.404,-0.977,-0.027, 3.531, 0.111,-0.047, 0.391,-0.300,-0.204, 0.237,-0.399, 0.301, 4.067,-0.189,-0.251, 0.628, 0.079,-0.059, 0.000;
3.984,-8.602,-26.560,-14.672,-20.490, 0.571, 0.328, 0.535,-0.565,0.000,-0.056,-0.973,-0.030, 3.539, 0.172,-0.108, 0.511,-0.360,-0.144, 0.118,-0.402, 0.298, 4.074,-0.187,-0.252, 0.628, 0.079,-0.059, 0.000;
3.996,-11.068,-27.820,-17.177,-21.710, 0.567, 0.326, 0.540,-0.370,-0.185,0.416,-0.971,-0.031, 3.542, 0.235,-0.049, 0.389,-0.420,-0.205, 0.240,-0.404, 0.295, 4.082,-0.185,-0.254, 0.628, 0.080,-0.058, 0.000;
4.008,-9.285,-30.213,-15.373,-24.126, 0.560, 0.324, 0.543,-0.538,-0.179,0.226,-0.966,-0.032, 3.547, 0.299,-0.113, 0.264,-0.483,-0.142, 0.365,-0.406, 0.292, 4.089,-0.183,-0.255, 0.628, 0.080,-0.058, 0.000;
4.021,-6.736,-28.330,-12.806,-22.260, 0.556, 0.324, 0.544,-0.343,0.000,0.107,-0.964,-0.035, 3.554, 0.236,-0.180, 0.395,-0.417,-0.077, 0.233,-0.408, 0.288, 4.098,-0.181,-0.257, 0.628, 0.081,-0.057, 0.000;
4.033,-9.240,-29.881,-15.349,-23.772, 0.549, 0.321, 0.547,-0.585,-0.195,0.238,-0.960,-0.036, 3.558, 0.295,-0.123, 0.510,-0.475,-0.134, 0.118,-0.410, 0.285, 4.105,-0.179,-0.258, 0.628, 0.081,-0.056, 0.000;
4.045,-6.567,-28.279,-12.708,-22.138, 0.545, 0.321, 0.549,-0.380,0.000,0.227,-0.957,-0.039, 3.563, 0.238,-0.184, 0.392,-0.416,-0.075, 0.236,-0.413, 0.282, 4.112,-0.177,-0.259, 0.628, 0.081,-0.056, 0.000;
4.057,-9.177,-29.869,-15.301,-23.745, 0.538, 0.319, 0.552,-0.559,-0.186,0.218,-0.953,-0.040, 3.568, 0.301,-0.125, 0.272,-0.476,-0.136, 0.356,-0.415, 0.279, 4.120,-0.176,-0.261, 0.628, 0.082,-0.055, 0.000;
4.069,-6.357,-28.114,-12.464,-22.007, 0.533, 0.319, 0.554,-0.354,0.000,0.203,-0.950,-0.043, 3.573, 0.240,-0.190, 0.399,-0.413,-0.072, 0.229,-0.417, 0.276, 4.128,-0.173,-0.262, 0.628, 0.082,-0.054, 0.000;
4.082,-8.071,-25.735,-14.214,-19.592, 0.529, 0.317, 0.559,-0.355,-0.178,0.362,-0.948,-0.044, 3.576, 0.179,-0.128, 0.273,-0.350,-0.135, 0.356,-0.419, 0.273, 4.135,-0.171,-0.263, 0.628, 0.083,-0.054, 0.000;
4.094,-10.329,-27.410,-16.451,-21.288, 0.522, 0.315, 0.559,-0.565,-0.188,0.034,-0.943,-0.045, 3.583, 0.240,-0.070, 0.393,-0.410,-0.195, 0.235,-0.421, 0.270, 4.143,-0.169,-0.265, 0.628, 0.083,-0.053, 0.000;
4.106,-7.593,-25.697,-13.753,-19.538, 0.518, 0.315, 0.561,-0.363,0.000,0.098,-0.941,-0.048, 3.590, 0.181,-0.133, 0.517,-0.348,-0.133, 0.111,-0.423, 0.266, 4.151,-0.167,-0.266, 0.628, 0.084,-0.053, 0.000;
4.118,-10.278,-27.417,-16.475,-21.220, 0.511, 0.312, 0.563,-0.536,-0.179,0.190,-0.936,-0.049, 3.595, 0.246,-0.072, 0.642,-0.411,-0.195,-0.014,-0.425, 0.263, 4.158,-0.165,-0.267, 0.628, 0.084,-0.052, 0.000;
4.131,-7.423,-25.609,-13.656,-19.377, 0.507, 0.312, 0.564,-0.347,0.000,0.091,-0.934,-0.053, 3.602, 0.184,-0.138, 0.513,-0.347,-0.130, 0.115,-0.427, 0.260, 4.167,-0.163,-0.269, 0.628, 0.084,-0.051, 0.000;
4.143,-10.043,-27.253,-16.260,-21.037, 0.500, 0.310, 0.566,-0.559,-0.186,0.192,-0.929,-0.054, 3.608, 0.246,-0.080, 0.393,-0.407,-0.190, 0.236,-0.429, 0.256, 4.174,-0.161,-0.270, 0.628, 0.085,-0.051, 0.000;
4.155,-7.484,-25.576,-13.684,-19.376, 0.496, 0.310, 0.568,-0.384,0.000,0.097,-0.927,-0.057, 3.614, 0.190,-0.139, 0.509,-0.349,-0.132, 0.119,-0.431, 0.253, 4.181,-0.159,-0.271, 0.628, 0.085,-0.050, 0.000;
4.167,-10.037,-27.233,-16.273,-20.997, 0.489, 0.308, 0.570,-0.561,-0.187,0.187,-0.922,-0.058, 3.619, 0.252,-0.081, 0.390,-0.409,-0.191, 0.238,-0.433, 0.250, 4.189,-0.157,-0.272, 0.628, 0.085,-0.049, 0.000;
4.179,-7.291,-25.483,-13.510,-19.264, 0.484, 0.306, 0.574,-0.362,-0.181,0.336,-0.919,-0.059, 3.623, 0.193,-0.144, 0.266,-0.348,-0.130, 0.363,-0.435, 0.247, 4.197,-0.155,-0.273, 0.628, 0.086,-0.049, 0.000;
4.191,-5.999,-27.949,-12.198,-21.750, 0.478, 0.306, 0.573,-0.560,0.000,-0.074,-0.914,-0.062, 3.631, 0.255,-0.205, 0.387,-0.408,-0.069, 0.241,-0.437, 0.243, 4.204,-0.153,-0.274, 0.628, 0.086,-0.048, 0.000;
4.203,-8.431,-29.217,-14.670,-22.978, 0.471, 0.304, 0.575,-0.571,-0.190,0.181,-0.910,-0.063, 3.636, 0.316,-0.147, 0.506,-0.467,-0.128, 0.123,-0.439, 0.240, 4.211,-0.151,-0.276, 0.628, 0.087,-0.047, 0.000;
4.214,-9.601,-26.785,-15.874,-20.512, 0.466, 0.301, 0.579,-0.388,-0.194,0.348,-0.907,-0.064, 3.640, 0.260,-0.091, 0.390,-0.409,-0.186, 0.238,-0.440, 0.237, 4.219,-0.149,-0.277, 0.628, 0.087,-0.047, 0.000;
4.226,-8.014,-29.258,-14.267,-23.005, 0.460, 0.301, 0.576,-0.565,0.000,-0.237,-0.902,-0.068, 3.650, 0.322,-0.152, 0.511,-0.469,-0.126, 0.117,-0.442, 0.234, 4.226,-0.147,-0.278, 0.628, 0.087,-0.046, 0.000;
4.239,-9.668,-26.570,-15.965,-20.273, 0.455, 0.299, 0.580,-0.360,-0.180,0.316,-0.899,-0.069, 3.654, 0.262,-0.090, 0.387,-0.407,-0.188, 0.242,-0.444, 0.230, 4.234,-0.145,-0.279, 0.628, 0.088,-0.045, 0.000;
4.251,-7.912,-29.212,-14.189,-22.935, 0.449, 0.299, 0.580,-0.537,0.000,0.008,-0.894,-0.072, 3.661, 0.327,-0.155, 0.512,-0.470,-0.125, 0.116,-0.446, 0.227, 4.242,-0.142,-0.280, 0.628, 0.088,-0.045, 0.000;
4.263,-9.573,-26.539,-15.890,-20.222, 0.444, 0.297, 0.584,-0.364,-0.182,0.312,-0.892,-0.074, 3.665, 0.268,-0.094, 0.389,-0.408,-0.187, 0.239,-0.447, 0.223, 4.250,-0.140,-0.281, 0.628, 0.088,-0.044, 0.000;
4.276,-7.774,-29.195,-14.071,-22.898, 0.437, 0.295, 0.586,-0.535,-0.178,0.152,-0.887,-0.075, 3.671, 0.333,-0.158, 0.514,-0.471,-0.124, 0.114,-0.449, 0.220, 4.257,-0.138,-0.282, 0.628, 0.089,-0.043, 0.000;
4.288,-6.332,-31.303,-12.666,-24.969, 0.431, 0.295, 0.585,-0.553,0.000,-0.076,-0.882,-0.078, 3.680, 0.396,-0.220, 0.637,-0.532,-0.063,-0.009,-0.451, 0.216, 4.265,-0.136,-0.283, 0.628, 0.089,-0.043, 0.000;
4.300,-7.931,-28.738,-14.305,-22.364, 0.426, 0.292, 0.589,-0.380,-0.190,0.316,-0.879,-0.079, 3.683, 0.339,-0.162, 0.518,-0.472,-0.122, 0.110,-0.452, 0.213, 4.272,-0.134,-0.284, 0.628, 0.089,-0.042, 0.000;
4.313,-6.122,-31.438,-12.477,-25.082, 0.420, 0.292, 0.588,-0.515,0.000,-0.071,-0.874,-0.083, 3.693, 0.406,-0.228, 0.649,-0.538,-0.057,-0.021,-0.454, 0.209, 4.281,-0.131,-0.285, 0.628, 0.090,-0.041, 0.000;
4.325,-7.786,-28.790,-14.185,-22.392, 0.415, 0.290, 0.592,-0.370,-0.185,0.301,-0.871,-0.084, 3.696, 0.347,-0.169, 0.527,-0.477,-0.118, 0.102,-0.456, 0.206, 4.288,-0.129,-0.286, 0.628, 0.090,-0.041, 0.000;
4.337,-9.965,-30.534,-16.344,-24.155, 0.408, 0.288, 0.593,-0.562,-0.187,0.149,-0.866,-0.086, 3.702, 0.409,-0.110, 0.407,-0.536,-0.178, 0.222,-0.457, 0.202, 4.296,-0.127,-0.287, 0.628, 0.090,-0.040, 0.000;
4.349,-7.357,-28.702,-13.721,-22.339, 0.404, 0.288, 0.594,-0.369,0.000,0.072,-0.863,-0.089, 3.709, 0.350,-0.172, 0.528,-0.475,-0.116, 0.100,-0.459, 0.199, 4.303,-0.125,-0.288, 0.628, 0.091,-0.039, 0.000;
4.361,-9.984,-30.479,-16.385,-24.078, 0.397, 0.286, 0.596,-0.538,-0.179,0.138,-0.858,-0.090, 3.715, 0.415,-0.110, 0.653,-0.538,-0.179,-0.024,-0.460, 0.195, 4.311,-0.123,-0.289, 0.628, 0.091,-0.039, 0.000;
4.373,-7.412,-28.724,-13.849,-22.286, 0.391, 0.283, 0.598,-0.568,-0.189,0.144,-0.852,-0.092, 3.721, 0.358,-0.170, 0.534,-0.479,-0.120, 0.094,-0.462, 0.192, 4.318,-0.121,-0.290, 0.628, 0.091,-0.038, 0.000;
4.385,-5.211,-27.149,-11.633,-20.727, 0.386, 0.283, 0.599,-0.367,0.000,0.069,-0.849,-0.095, 3.728, 0.299,-0.232, 0.413,-0.418,-0.059, 0.216,-0.463, 0.188, 4.326,-0.118,-0.291, 0.628, 0.091,-0.037, 0.000;
4.397,-7.769,-28.841,-14.176,-22.433, 0.379, 0.281, 0.600,-0.562,-0.187,0.138,-0.844,-0.096, 3.733, 0.362,-0.173, 0.532,-0.478,-0.119, 0.096,-0.465, 0.185, 4.334,-0.116,-0.292, 0.628, 0.092,-0.037, 0.000;
4.409,-5.185,-27.036,-11.628,-20.593, 0.375, 0.281, 0.601,-0.373,0.000,0.068,-0.841,-0.100, 3.740, 0.304,-0.234, 0.652,-0.418,-0.059,-0.024,-0.466, 0.181, 4.341,-0.114,-0.293, 0.628, 0.092,-0.036, 0.000;
4.421,-7.726,-28.768,-14.206,-22.288, 0.368, 0.279, 0.603,-0.558,-0.186,0.134,-0.836,-0.101, 3.746, 0.366,-0.175, 0.532,-0.478,-0.119, 0.097,-0.467, 0.178, 4.349,-0.112,-0.294, 0.628, 0.092,-0.035, 0.000;
4.432,-9.642,-30.114,-16.106,-23.650, 0.362, 0.277, 0.607,-0.590,-0.197,0.361,-0.830,-0.102, 3.749, 0.425,-0.118, 0.416,-0.535,-0.176, 0.212,-0.469, 0.175, 4.356,-0.110,-0.294, 0.628, 0.092,-0.034, 0.000;
4.444,-7.135,-28.294,-13.580,-21.849, 0.357, 0.277, 0.607,-0.379,0.000,0.065,-0.827,-0.106, 3.756, 0.368,-0.179, 0.534,-0.476,-0.116, 0.094,-0.470, 0.171, 4.363,-0.107,-0.295, 0.628, 0.093,-0.034, 0.000;
4.456,-9.571,-29.978,-16.052,-23.497, 0.350, 0.275, 0.609,-0.578,-0.193,0.131,-0.821,-0.107, 3.761, 0.429,-0.121, 0.650,-0.534,-0.175,-0.022,-0.471, 0.168, 4.370,-0.105,-0.296, 0.628, 0.093,-0.033, 0.000;
4.467,-11.481,-31.303,-17.997,-24.787, 0.344, 0.272, 0.610,-0.601,-0.200,0.134,-0.816,-0.108, 3.767, 0.486,-0.067, 0.539,-0.590,-0.230, 0.090,-0.472, 0.164, 4.377,-0.103,-0.297, 0.628, 0.093,-0.032, 0.000;
4.478,-9.033,-29.513,-15.534,-23.011, 0.339, 0.272, 0.611,-0.388,0.000,0.064,-0.813,-0.111, 3.773, 0.430,-0.125, 0.423,-0.532,-0.172, 0.205,-0.473, 0.161, 4.385,-0.101,-0.297, 0.628, 0.093,-0.032, 0.000;
4.491,-11.604,-31.265,-18.092,-24.778, 0.333, 0.270, 0.613,-0.547,-0.182,0.119,-0.807,-0.113, 3.780, 0.494,-0.065, 0.546,-0.593,-0.233, 0.083,-0.475, 0.157, 4.392,-0.099,-0.298, 0.628, 0.094,-0.031, 0.000;
4.502,-9.117,-29.535,-15.642,-23.011, 0.328, 0.268, 0.616,-0.396,-0.198,0.277,-0.804,-0.114, 3.784, 0.439,-0.122, 0.432,-0.536,-0.177, 0.196,-0.476, 0.154, 4.399,-0.097,-0.299, 0.628, 0.094,-0.030, 0.000;
4.514,-7.737,-31.856,-14.244,-25.349, 0.321, 0.268, 0.615,-0.572,0.000,-0.085,-0.798,-0.117, 3.792, 0.500,-0.182, 0.551,-0.594,-0.118, 0.078,-0.477, 0.150, 4.407,-0.095,-0.300, 0.628, 0.094,-0.030, 0.000;
4.536,-10.871,-27.350,-17.417,-20.803, 0.315, 0.266, 0.616,-0.304,-0.101,0.063,-0.794,-0.122, 3.804, 0.394,-0.073, 0.771,-0.484,-0.228,-0.143,-0.479, 0.144, 4.421,-0.090,-0.301, 0.628, 0.095,-0.028, 0.000;
4.540,-9.768,-27.131,-16.382,-20.517, 0.310, 0.263, 0.619,-1.107,-0.553,0.755,-0.789,-0.121, 3.804, 0.374,-0.093, 0.730,-0.463,-0.208,-0.102,-0.479, 0.143, 4.423,-0.090,-0.301, 0.628, 0.095,-0.028, 0.000;
4.550,-7.833,-25.687,-14.437,-19.083, 0.304, 0.263, 0.618,-0.649,0.000,-0.096,-0.784,-0.124, 3.811, 0.324,-0.146, 0.626,-0.412,-0.156, 0.002,-0.480, 0.139, 4.430,-0.088,-0.302, 0.628, 0.095,-0.028, 0.000;
4.572,-12.216,-28.755,-18.811,-22.160, 0.297, 0.261, 0.620,-0.307,-0.102,0.061,-0.779,-0.128, 3.824, 0.438,-0.038, 0.407,-0.522,-0.265, 0.222,-0.482, 0.133, 4.443,-0.084,-0.303, 0.628, 0.095,-0.026, 0.000;
4.584,-9.489,-26.676,-16.059,-20.107, 0.290, 0.259, 0.621,-0.544,-0.181,0.107,-0.773,-0.130, 3.830, 0.378,-0.101, 0.531,-0.459,-0.203, 0.098,-0.483, 0.129, 4.451,-0.081,-0.303, 0.628, 0.095,-0.025, 0.000;
4.596,-7.296,-25.060,-13.902,-18.454, 0.286, 0.259, 0.622,-0.365,0.000,0.053,-0.770,-0.133, 3.837, 0.318,-0.163, 0.653,-0.397,-0.141,-0.025,-0.484, 0.125, 4.459,-0.079,-0.304, 0.628, 0.096,-0.025, 0.000;
4.609,-9.859,-26.880,-16.504,-20.235, 0.279, 0.257, 0.623,-0.545,-0.182,0.105,-0.764,-0.135, 3.844, 0.382,-0.102, 0.530,-0.459,-0.202, 0.098,-0.485, 0.122, 4.466,-0.076,-0.305, 0.628, 0.096,-0.024, 0.000;
4.621,-7.884,-29.081,-14.514,-22.452, 0.272, 0.254, 0.625,-0.532,-0.177,0.150,-0.758,-0.137, 3.850, 0.448,-0.166, 0.403,-0.522,-0.139, 0.225,-0.486, 0.118, 4.474,-0.074,-0.305, 0.628, 0.096,-0.023, 0.000;
4.633,-5.670,-27.066,-12.283,-20.453, 0.268, 0.254, 0.625,-0.364,0.000,0.051,-0.755,-0.140, 3.857, 0.389,-0.228, 0.527,-0.460,-0.078, 0.102,-0.487, 0.114, 4.482,-0.072,-0.306, 0.628, 0.096,-0.023, 0.000;
4.646,-8.298,-28.951,-14.949,-22.300, 0.261, 0.252, 0.627,-0.527,-0.176,0.145,-0.749,-0.142, 3.863, 0.455,-0.165, 0.654,-0.524,-0.141,-0.025,-0.488, 0.110, 4.490,-0.069,-0.306, 0.628, 0.096,-0.022, 0.000;
4.650,-8.595,-27.986,-15.284,-21.298, 0.254, 0.250, 0.628,-1.705,-0.568,0.306,-0.742,-0.141, 3.864, 0.436,-0.145, 0.614,-0.504,-0.161, 0.014,-0.488, 0.109, 4.493,-0.069,-0.307, 0.628, 0.096,-0.022, 0.000;
4.661,-10.544,-29.485,-17.227,-22.803, 0.248, 0.248, 0.630,-0.629,-0.210,0.111,-0.736,-0.142, 3.870, 0.492,-0.092, 0.507,-0.559,-0.215, 0.121,-0.489, 0.106, 4.499,-0.066,-0.307, 0.628, 0.096,-0.021, 0.000;
4.683,-7.291,-33.431,-13.960,-26.762, 0.243, 0.248, 0.630,-0.205,0.000,0.027,-0.733,-0.149, 3.883, 0.605,-0.203, 0.725,-0.668,-0.105,-0.097,-0.490, 0.099, 4.513,-0.062,-0.308, 0.628, 0.097,-0.020, 0.000;
4.695,-9.241,-30.710,-15.978,-23.973, 0.237, 0.246, 0.631,-0.559,-0.186,0.097,-0.727,-0.150, 3.889, 0.546,-0.144, 0.845,-0.606,-0.165,-0.217,-0.491, 0.095, 4.520,-0.060,-0.308, 0.628, 0.097,-0.019, 0.000;
4.706,-10.723,-28.546,-17.496,-21.772, 0.230, 0.243, 0.632,-0.560,-0.187,0.095,-0.721,-0.152, 3.895, 0.488,-0.084, 0.724,-0.546,-0.225,-0.096,-0.492, 0.092, 4.528,-0.058,-0.309, 0.628, 0.097,-0.018, 0.000;
4.719,-8.257,-26.946,-15.015,-20.187, 0.225, 0.243, 0.633,-0.370,0.000,0.047,-0.718,-0.155, 3.903, 0.430,-0.146, 0.602,-0.485,-0.164, 0.026,-0.492, 0.088, 4.536,-0.055,-0.309, 0.628, 0.097,-0.017, 0.000;
4.731,-10.839,-28.768,-17.584,-22.024, 0.219, 0.241, 0.634,-0.541,-0.180,0.090,-0.712,-0.157, 3.909, 0.494,-0.084, 0.478,-0.547,-0.226, 0.151,-0.493, 0.084, 4.543,-0.053,-0.310, 0.628, 0.097,-0.017, 0.000;
4.743,-8.244,-26.775,-14.974,-20.045, 0.212, 0.239, 0.635,-0.536,-0.179,0.088,-0.706,-0.159, 3.916, 0.434,-0.147, 0.603,-0.484,-0.163, 0.026,-0.494, 0.080, 4.551,-0.050,-0.310, 0.628, 0.097,-0.016, 0.000;
4.755,-6.743,-29.128,-13.511,-22.360, 0.205, 0.237, 0.636,-0.563,-0.188,0.091,-0.699,-0.160, 3.922, 0.496,-0.207, 0.722,-0.544,-0.103,-0.094,-0.494, 0.077, 4.559,-0.048,-0.310, 0.628, 0.098,-0.015, 0.000;
4.767,-4.559,-27.151,-11.363,-20.347, 0.201, 0.237, 0.637,-0.371,0.000,0.045,-0.696,-0.164, 3.929, 0.437,-0.268, 0.601,-0.483,-0.043, 0.027,-0.495, 0.073, 4.566,-0.046,-0.311, 0.628, 0.098,-0.014, 0.000;
4.780,-7.169,-28.991,-13.959,-22.201, 0.194, 0.234, 0.638,-0.537,-0.179,0.085,-0.689,-0.165, 3.936, 0.502,-0.205, 0.476,-0.546,-0.106, 0.153,-0.495, 0.069, 4.574,-0.043,-0.311, 0.628, 0.098,-0.014, 0.000;
4.792,-8.696,-26.405,-15.471,-19.630, 0.187, 0.232, 0.639,-0.544,-0.181,0.085,-0.683,-0.167, 3.943, 0.443,-0.144, 0.599,-0.484,-0.168, 0.030,-0.496, 0.065, 4.582,-0.041,-0.311, 0.628, 0.098,-0.013, 0.000;
4.805,-6.734,-28.922,-13.546,-22.110, 0.181, 0.230, 0.641,-0.535,-0.178,0.123,-0.677,-0.169, 3.949, 0.508,-0.207, 0.474,-0.547,-0.105, 0.155,-0.496, 0.061, 4.590,-0.038,-0.312, 0.628, 0.098,-0.012, 0.000;
4.817,-4.620,-26.916,-11.416,-20.120, 0.176, 0.230, 0.641,-0.375,0.000,0.043,-0.673,-0.172, 3.956, 0.451,-0.267, 0.593,-0.487,-0.045, 0.036,-0.497, 0.058, 4.597,-0.036,-0.312, 0.628, 0.098,-0.011, 0.000;
4.828,-7.075,-28.714,-13.909,-21.881, 0.170, 0.228, 0.643,-0.562,-0.187,0.126,-0.667,-0.174, 3.962, 0.513,-0.207, 0.473,-0.547,-0.105, 0.155,-0.497, 0.054, 4.605,-0.034,-0.312, 0.628, 0.098,-0.011, 0.000;
4.841,-9.270,-30.265,-16.088,-23.446, 0.163, 0.225, 0.644,-0.529,-0.176,0.078,-0.660,-0.176, 3.969, 0.579,-0.144, 0.600,-0.610,-0.169, 0.028,-0.498, 0.050, 4.613,-0.031,-0.313, 0.628, 0.098,-0.010, 0.000;
4.854,-6.636,-28.241,-13.493,-21.384, 0.156, 0.223, 0.644,-0.529,-0.176,0.077,-0.654,-0.177, 3.976, 0.518,-0.208, 0.727,-0.546,-0.105,-0.098,-0.498, 0.046, 4.620,-0.029,-0.313, 0.628, 0.098,-0.009, 0.000;
4.857,-6.196,-27.847,-13.092,-20.951, 0.152, 0.223, 0.645,-1.356,0.000,0.146,-0.650,-0.178, 3.978, 0.502,-0.224, 0.693,-0.530,-0.089,-0.065,-0.498, 0.045, 4.623,-0.028,-0.313, 0.628, 0.098,-0.009, 0.000;
4.868,-8.320,-29.417,-15.212,-22.526, 0.145, 0.221, 0.646,-0.609,-0.203,0.086,-0.643,-0.180, 3.984, 0.560,-0.169, 0.583,-0.586,-0.144, 0.046,-0.498, 0.041, 4.629,-0.026,-0.313, 0.628, 0.098,-0.008, 0.000;
4.890,-12.280,-32.329,-19.158,-25.451, 0.138, 0.219, 0.647,-0.305,-0.102,0.043,-0.637,-0.184, 3.996, 0.674,-0.059, 0.362,-0.696,-0.254, 0.266,-0.499, 0.035, 4.643,-0.022,-0.313, 0.628, 0.098,-0.007, 0.000;
4.902,-9.694,-30.194,-16.547,-23.341, 0.132, 0.217, 0.648,-0.565,-0.188,0.078,-0.631,-0.186, 4.003, 0.615,-0.119, 0.482,-0.635,-0.194, 0.146,-0.499, 0.031, 4.651,-0.019,-0.314, 0.628, 0.099,-0.006, 0.000;
4.914,-7.577,-28.504,-14.466,-21.615, 0.127, 0.217, 0.648,-0.372,0.000,0.038,-0.626,-0.189, 4.010, 0.556,-0.180, 0.603,-0.573,-0.133, 0.025,-0.499, 0.027, 4.658,-0.017,-0.314, 0.628, 0.099,-0.005, 0.000;
4.926,-9.529,-26.277,-16.456,-19.350, 0.121, 0.214, 0.649,-0.546,-0.182,0.074,-0.620,-0.191, 4.017, 0.496,-0.119, 0.726,-0.511,-0.195,-0.097,-0.499, 0.023, 4.666,-0.015,-0.314, 0.628, 0.099,-0.005, 0.000;
4.940,-7.376,-28.998,-14.340,-22.033, 0.114, 0.212, 0.650,-0.486,-0.162,0.065,-0.613,-0.193, 4.025, 0.568,-0.188, 0.587,-0.580,-0.126, 0.041,-0.500, 0.019, 4.675,-0.012,-0.314, 0.628, 0.099,-0.004, 0.000;
4.943,-8.010,-28.063,-14.958,-21.115, 0.107, 0.210, 0.651,-2.079,-0.693,0.274,-0.607,-0.192, 4.026, 0.552,-0.172, 0.555,-0.564,-0.142, 0.073,-0.500, 0.018, 4.677,-0.011,-0.314, 0.628, 0.099,-0.004, 0.000;
4.954,-6.421,-30.072,-13.365,-23.128, 0.100, 0.210, 0.650,-0.620,0.000,-0.089,-0.600,-0.195, 4.033, 0.609,-0.226, 0.663,-0.619,-0.088,-0.035,-0.500, 0.014, 4.683,-0.009,-0.314, 0.628, 0.099,-0.003, 0.000;
4.976,-9.628,-25.754,-16.607,-18.774, 0.096, 0.208, 0.652,-0.207,-0.103,0.105,-0.596,-0.200, 4.045, 0.505,-0.117, 0.445,-0.510,-0.197, 0.183,-0.500, 0.008, 4.697,-0.005,-0.314, 0.628, 0.099,-0.002, 0.000;
4.988,-7.091,-24.233,-14.044,-17.280, 0.089, 0.205, 0.653,-0.548,-0.183,0.070,-0.589,-0.201, 4.052, 0.446,-0.179, 0.568,-0.448,-0.135, 0.060,-0.500, 0.004, 4.705,-0.002,-0.314, 0.628, 0.099,-0.001, 0.000;
5.000,-5.459,-26.686,-12.449,-19.696, 0.083, 0.205, 0.652,-0.526,0.000,-0.075,-0.583,-0.205, 4.061, 0.512,-0.243, 0.696,-0.512,-0.071,-0.068,-0.500,-0.000, 4.713, 0.000,-0.314, 0.628, 0.099, 0.000, 0.000;
5.003,-6.139,-26.805,-13.171,-19.772, 0.076, 0.203, 0.653,-2.393,-0.798,0.452,-0.576,-0.204, 4.061, 0.526,-0.229, 0.668,-0.526,-0.085,-0.040,-0.500,-0.001, 4.714, 0.001,-0.314, 0.628, 0.099, 0.000, 0.000;
5.015,-8.237,-28.380,-15.264,-21.352, 0.069, 0.201, 0.654,-0.580,-0.193,0.072,-0.569,-0.206, 4.067, 0.588,-0.171, 0.552,-0.585,-0.143, 0.076,-0.500,-0.005, 4.722, 0.003,-0.314, 0.628, 0.099, 0.001, 0.000;
5.036,-11.993,-31.177,-19.007,-24.163, 0.062, 0.199, 0.655,-0.319,-0.106,0.039,-0.562,-0.210, 4.080, 0.697,-0.065, 0.342,-0.690,-0.249, 0.287,-0.500,-0.011, 4.735, 0.007,-0.314, 0.628, 0.099, 0.002, 0.000;
5.047,-9.435,-29.056,-16.425,-22.066, 0.058, 0.196, 0.657,-0.383,-0.191,0.185,-0.558,-0.211, 4.085, 0.639,-0.124, 0.459,-0.630,-0.190, 0.170,-0.500,-0.015, 4.742, 0.009,-0.314, 0.628, 0.099, 0.003, 0.000;
5.059,-7.507,-27.473,-14.531,-20.449, 0.051, 0.196, 0.656,-0.594,0.000,-0.084,-0.551,-0.215, 4.093, 0.584,-0.181, 0.573,-0.572,-0.133, 0.055,-0.500,-0.018, 4.749, 0.012,-0.314, 0.628, 0.099, 0.004, 0.000;
5.070,-9.364,-25.349,-16.426,-18.287, 0.045, 0.194, 0.657,-0.577,-0.192,0.069,-0.544,-0.216, 4.100, 0.528,-0.123, 0.690,-0.514,-0.191,-0.061,-0.500,-0.022, 4.757, 0.014,-0.314, 0.628, 0.099, 0.004, 0.000;
5.082,-7.511,-27.638,-14.608,-20.540, 0.038, 0.192, 0.658,-0.576,-0.192,0.068,-0.537,-0.218, 4.106, 0.588,-0.181, 0.573,-0.572,-0.133, 0.055,-0.499,-0.026, 4.764, 0.016,-0.314, 0.628, 0.099, 0.005, 0.000;
5.093,-9.258,-25.267,-16.342,-18.183, 0.031, 0.190, 0.659,-0.603,-0.201,0.070,-0.530,-0.219, 4.112, 0.535,-0.125, 0.462,-0.516,-0.188, 0.167,-0.499,-0.029, 4.771, 0.018,-0.314, 0.628, 0.099, 0.006, 0.000;
5.104,-10.672,-23.305,-17.742,-16.235, 0.027, 0.187, 0.661,-0.408,-0.204,0.190,-0.526,-0.220, 4.117, 0.482,-0.070, 0.352,-0.461,-0.243, 0.276,-0.499,-0.033, 4.778, 0.021,-0.313, 0.628, 0.098, 0.006, 0.000;
5.115,-8.963,-25.448,-16.018,-18.393, 0.020, 0.187, 0.660,-0.611,0.000,-0.085,-0.519,-0.224, 4.125, 0.539,-0.126, 0.463,-0.516,-0.188, 0.165,-0.499,-0.036, 4.785, 0.023,-0.313, 0.628, 0.098, 0.007, 0.000;
5.126,-7.505,-27.248,-14.597,-20.156, 0.013, 0.185, 0.660,-0.609,-0.203,0.068,-0.512,-0.225, 4.131, 0.597,-0.180, 0.574,-0.572,-0.133, 0.054,-0.498,-0.040, 4.792, 0.025,-0.313, 0.628, 0.098, 0.008, 0.000;
5.137,-9.650,-28.572,-16.776,-21.446, 0.007, 0.183, 0.661,-0.614,-0.205,0.068,-0.505,-0.226, 4.137, 0.653,-0.126, 0.683,-0.626,-0.187,-0.055,-0.498,-0.043, 4.798, 0.027,-0.313, 0.628, 0.098, 0.008, 0.000;
5.158,-12.522,-24.398,-19.682,-17.238, 0.000, 0.181, 0.662,-0.316,-0.105,0.035,-0.498,-0.230, 4.150, 0.551,-0.019, 0.471,-0.520,-0.293, 0.158,-0.498,-0.050, 4.812, 0.031,-0.313, 0.628, 0.098, 0.010, 0.000;
5.170,-10.108,-22.883,-17.244,-15.747,-0.007, 0.179, 0.663,-0.576,-0.192,0.062,-0.490,-0.232, 4.156, 0.494,-0.078, 0.587,-0.461,-0.235, 0.041,-0.497,-0.053, 4.819, 0.033,-0.312, 0.628, 0.098, 0.011, 0.000;
5.181,-8.189,-21.299,-15.361,-14.127,-0.013, 0.179, 0.662,-0.598,0.000,-0.082,-0.483,-0.235, 4.164, 0.440,-0.134, 0.700,-0.405,-0.178,-0.072,-0.497,-0.057, 4.826, 0.036,-0.312, 0.628, 0.098, 0.011, 0.000;
5.192,-6.715,-23.459,-13.924,-16.250,-0.018, 0.176, 0.664,-0.398,-0.199,0.177,-0.479,-0.237, 4.169, 0.499,-0.190, 0.587,-0.461,-0.122, 0.041,-0.496,-0.060, 4.833, 0.038,-0.312, 0.628, 0.098, 0.012, 0.000;
5.203,-8.967,-24.860,-16.161,-17.666,-0.025, 0.174, 0.664,-0.593,-0.198,0.062,-0.471,-0.238, 4.176, 0.558,-0.133, 0.474,-0.518,-0.179, 0.155,-0.496,-0.064, 4.840, 0.040,-0.312, 0.628, 0.098, 0.013, 0.000;
5.214,-10.814,-26.209,-17.994,-19.028,-0.031, 0.172, 0.665,-0.613,-0.204,0.064,-0.464,-0.239, 4.182, 0.615,-0.078, 0.583,-0.572,-0.233, 0.045,-0.495,-0.067, 4.847, 0.042,-0.311, 0.628, 0.098, 0.013, 0.000;
5.225,-9.020,-28.022,-16.235,-20.807,-0.038, 0.172, 0.664,-0.607,0.000,-0.083,-0.457,-0.242, 4.190, 0.672,-0.133, 0.694,-0.628,-0.178,-0.066,-0.495,-0.071, 4.854, 0.044,-0.311, 0.628, 0.098, 0.014, 0.000;
5.236,-10.774,-25.695,-18.025,-18.444,-0.045, 0.170, 0.665,-0.605,-0.202,0.062,-0.450,-0.244, 4.196, 0.619,-0.078, 0.583,-0.572,-0.233, 0.045,-0.494,-0.074, 4.861, 0.046,-0.311, 0.628, 0.098, 0.015, 0.000;
5.248,-12.705,-27.398,-19.943,-20.159,-0.051, 0.167, 0.666,-0.600,-0.200,0.061,-0.443,-0.245, 4.202, 0.677,-0.022, 0.471,-0.628,-0.289, 0.157,-0.494,-0.077, 4.868, 0.049,-0.310, 0.628, 0.098, 0.015, 0.000;
5.269,-8.519,-24.012,-15.744,-16.787,-0.058, 0.165, 0.666,-0.312,-0.104,0.032,-0.435,-0.249, 4.215, 0.574,-0.129, 0.686,-0.521,-0.181,-0.058,-0.493,-0.084, 4.881, 0.053,-0.310, 0.628, 0.097, 0.017, 0.000;
5.281,-6.593,-22.398,-13.886,-15.106,-0.062, 0.163, 0.668,-0.373,-0.186,0.159,-0.430,-0.251, 4.221, 0.514,-0.188, 0.566,-0.459,-0.121, 0.062,-0.492,-0.088, 4.889, 0.055,-0.309, 0.628, 0.097, 0.017, 0.000;
5.293,-4.615,-20.715,-11.891,-13.438,-0.069, 0.163, 0.667,-0.567,0.000,-0.076,-0.422,-0.254, 4.229, 0.457,-0.247, 0.685,-0.400,-0.061,-0.056,-0.492,-0.091, 4.896, 0.057,-0.309, 0.628, 0.097, 0.018, 0.000;
5.305,-7.062,-22.552,-14.378,-15.236,-0.076, 0.161, 0.668,-0.556,-0.185,0.055,-0.415,-0.256, 4.236, 0.520,-0.186, 0.564,-0.460,-0.122, 0.064,-0.491,-0.095, 4.904, 0.060,-0.308, 0.628, 0.097, 0.019, 0.000;
5.317,-9.173,-24.108,-16.475,-16.806,-0.083, 0.158, 0.669,-0.541,-0.180,0.052,-0.408,-0.257, 4.243, 0.585,-0.124, 0.440,-0.523,-0.184, 0.188,-0.490,-0.099, 4.912, 0.062,-0.308, 0.628, 0.097, 0.020, 0.000;
5.329,-7.197,-26.082,-14.485,-18.794,-0.089, 0.156, 0.669,-0.553,-0.184,0.053,-0.400,-0.259, 4.250, 0.648,-0.184, 0.561,-0.583,-0.124, 0.067,-0.489,-0.103, 4.919, 0.065,-0.307, 0.628, 0.097, 0.020, 0.000;
5.341,-9.530,-27.542,-16.856,-20.216,-0.096, 0.154, 0.670,-0.564,-0.188,0.054,-0.393,-0.260, 4.257, 0.709,-0.124, 0.681,-0.642,-0.183,-0.052,-0.489,-0.106, 4.927, 0.067,-0.307, 0.628, 0.096, 0.021, 0.000;
5.353,-7.076,-25.529,-14.438,-18.167,-0.103, 0.152, 0.671,-0.555,-0.185,0.052,-0.385,-0.262, 4.264, 0.651,-0.184, 0.560,-0.582,-0.123, 0.069,-0.488,-0.110, 4.934, 0.069,-0.306, 0.628, 0.096, 0.022, 0.000;
5.365,-5.100,-23.816,-12.448,-16.468,-0.109, 0.152, 0.670,-0.567,0.000,-0.075,-0.378,-0.265, 4.272, 0.594,-0.243, 0.678,-0.523,-0.063,-0.050,-0.487,-0.114, 4.942, 0.071,-0.306, 0.628, 0.096, 0.022, 0.000;
5.377,-7.041,-21.651,-14.428,-14.263,-0.114, 0.150, 0.671,-0.373,-0.186,0.151,-0.372,-0.267, 4.278, 0.536,-0.182, 0.558,-0.463,-0.124, 0.071,-0.486,-0.117, 4.949, 0.074,-0.305, 0.628, 0.096, 0.023, 0.000;
5.390,-9.219,-23.612,-16.591,-16.240,-0.121, 0.147, 0.672,-0.534,-0.178,0.049,-0.365,-0.268, 4.285, 0.602,-0.118, 0.432,-0.526,-0.186, 0.196,-0.485,-0.121, 4.957, 0.076,-0.305, 0.628, 0.096, 0.024, 0.000;
5.402,-6.804,-21.570,-14.161,-14.213,-0.127, 0.145, 0.673,-0.559,-0.186,0.051,-0.357,-0.270, 4.292, 0.544,-0.178, 0.552,-0.466,-0.126, 0.076,-0.484,-0.125, 4.965, 0.078,-0.304, 0.628, 0.096, 0.025, 0.000;
5.413,-9.140,-23.361,-16.535,-15.967,-0.134, 0.143, 0.673,-0.572,-0.191,0.051,-0.349,-0.271, 4.299, 0.605,-0.118, 0.670,-0.525,-0.185,-0.041,-0.483,-0.128, 4.972, 0.081,-0.304, 0.628,