0.000,0.000,0.000,0.000,0.000, 0.000, 0.000, 0.000,0.000,0.000,0.000, 0.000, 0.000, 0.000, 0.000, 0.000, 0.000, 0.000, 0.000, 0.000;
0.004,-0.357,0.008,-1.123,0.774, 0.466,-0.143, 0.301,0.000,0.000,0.000, 0.034, 0.146, 1.277,-0.059, 0.810, 1.517, 0.053,-0.025, 0.053;
0.015,0.705,3.653,-1.832,6.190, 0.466,-0.143, 0.301,0.000,0.000,0.000, 0.033, 0.154, 1.293,-0.194, 0.867, 1.394, 0.176,-0.082, 0.177;
0.026,1.703,7.273,-2.607,11.583, 0.466,-0.143, 0.301,0.000,0.000,0.000, 0.033, 0.163, 1.311,-0.328, 0.926, 1.270, 0.296,-0.141, 0.301;
0.048,3.321,13.573,-4.096,20.990, 0.466,-0.143, 0.301,0.000,0.000,0.000, 0.032, 0.180, 1.345,-0.564, 1.030, 1.053, 0.505,-0.247, 0.518;
0.060,3.934,16.435,-4.911,25.280, 0.466,-0.143, 0.301,0.000,0.000,0.000, 0.031, 0.190, 1.364,-0.672, 1.081, 0.953, 0.598,-0.299, 0.618;
0.072,4.399,18.931,-5.694,29.024, 0.466,-0.143, 0.301,0.000,0.000,0.000, 0.030, 0.199, 1.383,-0.767, 1.126, 0.866, 0.678,-0.345, 0.705;
0.083,4.749,21.170,-6.464,32.383, 0.466,-0.143, 0.301,0.000,0.000,0.000, 0.029, 0.208, 1.401,-0.852, 1.168, 0.788, 0.749,-0.389, 0.783;
0.095,5.002,23.223,-7.239,35.464, 0.466,-0.143, 0.301,0.000,0.000,0.000, 0.028, 0.217, 1.419,-0.930, 1.208, 0.716, 0.813,-0.431, 0.855;
0.107,7.596,23.852,-5.599,37.046, 0.466,-0.143, 0.301,0.000,0.000,0.000, 0.026, 0.226, 1.438,-1.003, 1.164, 0.650, 0.872,-0.389, 0.921;
0.119,10.120,24.356,-3.971,38.447, 0.466,-0.143, 0.301,0.000,0.000,0.000, 0.025, 0.236, 1.456,-1.072, 1.119, 0.587, 0.926,-0.347, 0.984;
0.130,11.920,24.770,-3.008,39.698, 0.466,-0.143, 0.317,0.000,0.000,1.391, 0.023, 0.244, 1.458,-1.131, 1.076, 0.529, 0.972,-0.307, 1.042;
0.142,13.387,25.914,-0.674,39.975, 0.466,-0.143, 0.317,0.000,0.000,0.000, 0.021, 0.253, 1.477,-1.190, 1.030, 0.589, 1.017,-0.264, 0.982;
0.154,13.545,24.480,0.399,37.625, 0.466,-0.143, 0.317,0.000,0.000,0.000, 0.019, 0.262, 1.496,-1.162, 0.984, 0.653, 0.974,-0.221, 0.918;
0.165,13.229,23.163,0.915,35.478, 0.466,-0.143, 0.332,0.000,0.000,1.352, 0.017, 0.271, 1.498,-1.134, 0.940, 0.711, 0.932,-0.181, 0.860;
0.176,13.362,21.791,1.868,33.285, 0.466,-0.143, 0.332,0.000,0.000,0.000, 0.014, 0.280, 1.516,-1.106, 0.897, 0.768, 0.891,-0.142, 0.803;
0.187,13.756,19.788,1.461,32.082, 0.469,-0.143, 0.353,0.205,0.000,1.922, 0.010, 0.288, 1.512,-1.078, 0.855, 0.712, 0.850,-0.103, 0.858;
0.198,13.916,18.420,2.423,29.913, 0.469,-0.143, 0.353,0.000,0.000,0.000, 0.007, 0.296, 1.529,-1.050, 0.813, 0.768, 0.809,-0.065, 0.802;
0.219,15.455,14.334,2.418,27.372, 0.469,-0.143, 0.368,0.000,0.000,0.723, 0.002, 0.312, 1.547,-0.994, 0.730, 0.661, 0.729, 0.009, 0.910;
0.223,14.500,14.082,1.167,27.415, 0.469,-0.143, 0.390,0.000,0.000,5.199, 0.001, 0.315, 1.532,-0.983, 0.743, 0.640, 0.713,-0.005, 0.931;
0.234,12.860,12.982,-1.299,27.141, 0.469,-0.143, 0.405,0.000,0.000,1.382,-0.002, 0.323, 1.534,-0.954, 0.776, 0.582, 0.671,-0.044, 0.989;
0.256,9.619,10.621,-6.303,26.543, 0.471,-0.145, 0.442,0.103,-0.103,1.689,-0.011, 0.341, 1.531,-0.896, 0.843, 0.459, 0.589,-0.120, 1.112;
0.267,10.544,8.472,-6.204,25.220, 0.471,-0.145, 0.456,0.000,0.000,1.307,-0.014, 0.349, 1.534,-0.867, 0.797, 0.401, 0.546,-0.080, 1.169;
0.279,11.515,6.350,-6.055,23.920, 0.471,-0.145, 0.471,0.000,0.000,1.285,-0.018, 0.357, 1.538,-0.837, 0.752, 0.344, 0.504,-0.040, 1.227;
0.290,11.815,5.038,-4.905,21.758, 0.473,-0.145, 0.478,0.192,0.000,0.642,-0.024, 0.365, 1.548,-0.807, 0.705, 0.403, 0.461, 0.000, 1.167;
0.302,9.459,4.551,-6.424,20.434, 0.473,-0.145, 0.493,0.000,0.000,1.244,-0.028, 0.373, 1.552,-0.777, 0.739, 0.462, 0.418,-0.040, 1.109;
0.313,10.482,2.516,-6.237,19.235, 0.475,-0.145, 0.515,0.198,0.000,1.977,-0.035, 0.381, 1.548,-0.748, 0.693, 0.403, 0.377,-0.001, 1.167;
0.324,10.953,1.297,-4.938,17.188, 0.475,-0.143, 0.515,0.000,0.200,0.000,-0.039, 0.387, 1.565,-0.720, 0.647, 0.461, 0.337, 0.039, 1.110;
0.335,9.554,0.025,-7.143,16.722, 0.478,-0.143, 0.538,0.203,0.000,2.050,-0.045, 0.394, 1.560,-0.692, 0.679, 0.405, 0.298, 0.000, 1.166;
0.346,10.775,-1.931,-6.729,15.573, 0.478,-0.143, 0.552,0.000,0.000,1.268,-0.050, 0.402, 1.563,-0.665, 0.633, 0.349, 0.258, 0.039, 1.222;
0.357,11.995,-3.809,-6.325,14.511, 0.480,-0.141, 0.574,0.204,0.204,2.068,-0.057, 0.407, 1.558,-0.637, 0.587, 0.292, 0.219, 0.078, 1.279;
0.368,10.779,-5.162,-8.345,13.963, 0.482,-0.141, 0.588,0.203,0.000,1.244,-0.064, 0.414, 1.562,-0.610, 0.619, 0.236, 0.181, 0.039, 1.335;
0.390,8.544,-7.858,-12.097,12.782, 0.482,-0.141, 0.601,0.000,0.000,0.636,-0.073, 0.428, 1.581,-0.557, 0.678, 0.130, 0.106,-0.035, 1.441;
0.401,9.645,-6.286,-10.088,13.448, 0.484,-0.138, 0.611,0.191,0.191,0.793,-0.080, 0.433, 1.590,-0.610, 0.628, 0.193, 0.147, 0.006, 1.378;
0.413,7.957,-4.266,-10.914,14.605, 0.487,-0.138, 0.634,0.190,0.000,1.947,-0.088, 0.441, 1.586,-0.663, 0.661, 0.253, 0.188,-0.035, 1.318;
0.425,8.681,-5.432,-9.241,12.490, 0.487,-0.136, 0.634,0.000,0.181,0.000,-0.094, 0.446, 1.605,-0.631, 0.608, 0.319, 0.145, 0.009, 1.251;
0.438,7.752,-4.232,-11.061,14.581, 0.489,-0.136, 0.660,0.180,0.000,2.093,-0.102, 0.454, 1.599,-0.687, 0.642, 0.257, 0.188,-0.035, 1.314;
0.450,9.364,-6.301,-10.361,13.424, 0.491,-0.136, 0.682,0.180,0.000,1.827,-0.111, 0.461, 1.596,-0.655, 0.588, 0.194, 0.145, 0.009, 1.377;
0.462,10.138,-7.376,-8.717,11.479, 0.491,-0.134, 0.693,0.000,0.187,0.866,-0.117, 0.466, 1.604,-0.624, 0.537, 0.254, 0.103, 0.051, 1.316;
0.474,8.408,-5.438,-9.595,12.566, 0.493,-0.134, 0.705,0.191,0.000,1.068,-0.126, 0.473, 1.610,-0.676, 0.568, 0.314, 0.144, 0.010, 1.257;
0.486,10.107,-7.409,-8.800,11.498, 0.493,-0.134, 0.728,0.000,0.000,1.863,-0.132, 0.480, 1.606,-0.644, 0.515, 0.251, 0.101, 0.053, 1.320;
0.498,9.128,-6.360,-10.667,13.435, 0.496,-0.134, 0.751,0.187,0.000,1.919,-0.141, 0.486, 1.602,-0.696, 0.546, 0.189, 0.143, 0.011, 1.382;
0.511,10.133,-4.455,-8.758,14.436, 0.498,-0.132, 0.762,0.178,0.178,0.892,-0.150, 0.491, 1.611,-0.751, 0.491, 0.252, 0.187, 0.055, 1.319;
0.523,8.961,-6.394,-10.871,13.437, 0.498,-0.132, 0.785,0.000,0.000,1.819,-0.157, 0.498, 1.608,-0.717, 0.524, 0.186, 0.142, 0.010, 1.385;
0.535,10.647,-5.414,-10.055,15.289, 0.500,-0.132, 0.808,0.189,0.000,1.924,-0.167, 0.504, 1.603,-0.768, 0.472, 0.125, 0.183, 0.052, 1.445;
0.547,8.765,-6.421,-11.067,13.411, 0.500,-0.132, 0.820,0.000,0.000,0.975,-0.174, 0.511, 1.611,-0.735, 0.503, 0.186, 0.140, 0.009, 1.385;
0.559,10.374,-5.409,-10.366,15.331, 0.502,-0.132, 0.853,0.188,0.000,2.829,-0.183, 0.517, 1.596,-0.787, 0.450, 0.123, 0.182, 0.051, 1.448;
0.572,9.411,-7.405,-12.227,14.232, 0.502,-0.132, 0.864,0.000,0.000,0.841,-0.191, 0.523, 1.605,-0.752, 0.482, 0.060, 0.138, 0.007, 1.511;
0.584,11.025,-6.297,-11.507,16.235, 0.504,-0.132, 0.888,0.183,0.000,2.019,-0.200, 0.529, 1.599,-0.804, 0.428,-0.002, 0.181, 0.050, 1.573;
0.595,10.126,-8.241,-13.264,15.148, 0.507,-0.132, 0.911,0.191,0.000,1.938,-0.210, 0.534, 1.595,-0.772, 0.457,-0.062, 0.140, 0.009, 1.633;
0.607,12.054,-9.877,-12.210,14.387, 0.507,-0.132, 0.934,0.000,0.000,1.887,-0.218, 0.540, 1.591,-0.739, 0.403,-0.123, 0.098, 0.051, 1.694;
0.619,10.396,-11.017,-12.979,12.358, 0.507,-0.132, 0.943,0.000,0.000,0.788,-0.225, 0.545, 1.601,-0.705, 0.433,-0.061, 0.056, 0.009, 1.632;
0.631,11.891,-9.846,-12.373,14.418, 0.509,-0.132, 0.978,0.188,0.000,2.969,-0.235, 0.550, 1.584,-0.755, 0.379,-0.123, 0.098, 0.050, 1.694;
0.643,10.578,-9.190,-14.576,15.964, 0.511,-0.132, 1.000,0.185,0.000,1.828,-0.245, 0.555, 1.581,-0.805, 0.409,-0.186, 0.140, 0.008, 1.756;
0.655,11.715,-9.784,-12.582,14.513, 0.511,-0.132, 1.009,0.000,0.000,0.734,-0.253, 0.560, 1.591,-0.772, 0.357,-0.126, 0.099, 0.048, 1.696;
0.667,10.377,-9.201,-14.772,15.947, 0.513,-0.132, 1.036,0.190,0.000,2.295,-0.263, 0.565, 1.582,-0.821, 0.386,-0.185, 0.141, 0.007, 1.756;
0.678,12.279,-10.537,-13.666,15.409, 0.513,-0.132, 1.058,0.000,0.000,1.962,-0.271, 0.569, 1.578,-0.788, 0.335,-0.241, 0.102, 0.046, 1.812;
0.689,10.947,-11.698,-14.176,13.425, 0.513,-0.132, 1.065,0.000,0.000,0.701,-0.278, 0.573, 1.587,-0.756, 0.361,-0.183, 0.063, 0.008, 1.754;
0.700,12.125,-10.515,-13.811,15.421, 0.516,-0.132, 1.100,0.204,0.000,3.188,-0.288, 0.577, 1.569,-0.801, 0.311,-0.240, 0.102, 0.046, 1.811;
0.710,10.871,-11.745,-14.275,13.401, 0.516,-0.132, 1.114,0.000,0.000,1.281,-0.296, 0.581, 1.573,-0.769, 0.337,-0.185, 0.063, 0.008, 1.756;
0.733,11.595,-7.591,-11.938,15.942, 0.518,-0.129, 1.128,0.101,0.101,0.644,-0.314, 0.586, 1.593,-0.858, 0.235,-0.072, 0.141, 0.086, 1.643;
0.744,10.224,-8.938,-12.410,13.697, 0.518,-0.129, 1.149,0.000,0.000,1.771,-0.322, 0.590, 1.591,-0.822, 0.263,-0.010, 0.099, 0.044, 1.580;
0.756,9.009,-10.253,-12.797,11.553, 0.518,-0.129, 1.170,0.000,0.000,1.829,-0.331, 0.593, 1.588,-0.787, 0.290, 0.048, 0.059, 0.004, 1.523;
0.767,10.069,-8.954,-12.578,13.693, 0.520,-0.129, 1.199,0.197,0.000,2.570,-0.341, 0.596, 1.577,-0.832, 0.237,-0.010, 0.099, 0.044, 1.581;
0.779,8.915,-10.310,-12.875,11.481, 0.520,-0.129, 1.205,0.000,0.000,0.487,-0.350, 0.600, 1.589,-0.797, 0.265, 0.049, 0.058, 0.003, 1.521;
0.790,10.207,-10.553,-10.789,10.443, 0.520,-0.129, 1.225,0.000,0.000,1.803,-0.358, 0.602, 1.587,-0.762, 0.213, 0.105, 0.020, 0.042, 1.466;
0.801,8.839,-10.391,-13.022,11.470, 0.522,-0.129, 1.259,0.198,0.000,3.031,-0.368, 0.605, 1.570,-0.807, 0.239, 0.044, 0.059, 0.002, 1.526;
0.812,10.961,-11.345,-11.715,11.331, 0.522,-0.129, 1.273,0.000,0.000,1.333,-0.377, 0.608, 1.573,-0.772, 0.188,-0.012, 0.021, 0.041, 1.583;
0.823,11.856,-9.967,-11.616,13.506, 0.522,-0.127, 1.288,0.000,0.202,1.340,-0.385, 0.608, 1.575,-0.815, 0.136,-0.068, 0.059, 0.080, 1.639;
0.834,10.361,-9.891,-13.973,14.443, 0.525,-0.127, 1.318,0.194,0.000,2.611,-0.396, 0.610, 1.563,-0.859, 0.163,-0.128, 0.100, 0.039, 1.699;
0.846,10.277,-12.188,-14.901,12.990, 0.525,-0.127, 1.337,0.000,0.000,1.631,-0.405, 0.613, 1.563,-0.822, 0.189,-0.187, 0.059,-0.001, 1.758;
0.858,11.707,-12.199,-12.626,12.134, 0.525,-0.127, 1.352,0.000,0.000,1.295,-0.414, 0.615, 1.566,-0.784, 0.134,-0.128, 0.018, 0.040, 1.699;
0.879,7.353,-10.662,-15.411,12.102, 0.525,-0.127, 1.370,0.000,0.000,0.841,-0.430, 0.618, 1.582,-0.866, 0.184,-0.019, 0.094,-0.036, 1.589;
0.891,8.823,-10.607,-13.011,11.227, 0.525,-0.127, 1.385,0.000,0.000,1.248,-0.440, 0.620, 1.586,-0.826, 0.127, 0.046, 0.052, 0.006, 1.524;
0.904,7.165,-10.781,-15.587,11.971, 0.527,-0.127, 1.418,0.176,0.000,2.579,-0.452, 0.622, 1.573,-0.873, 0.156,-0.018, 0.097,-0.039, 1.589;
0.907,7.499,-10.803,-15.056,11.751, 0.527,-0.127, 1.433,0.000,0.000,5.552,-0.454, 0.622, 1.562,-0.864, 0.144,-0.004, 0.087,-0.029, 1.575;
0.929,11.919,-12.092,-12.268,12.095, 0.527,-0.127, 1.448,0.000,0.000,0.682,-0.471, 0.624, 1.582,-0.790, 0.039,-0.118, 0.009, 0.049, 1.689;
0.932,11.297,-11.917,-12.655,12.035, 0.527,-0.127, 1.464,0.000,0.000,5.031,-0.473, 0.624, 1.571,-0.801, 0.046,-0.102, 0.020, 0.038, 1.672;
0.943,9.078,-11.343,-14.070,11.805, 0.527,-0.127, 1.480,0.000,0.000,1.530,-0.482, 0.625, 1.572,-0.840, 0.070,-0.045, 0.058,-0.000, 1.616;
0.965,10.045,-8.590,-14.708,16.163, 0.529,-0.127, 1.510,0.103,0.000,1.392,-0.501, 0.626, 1.576,-0.918,-0.032,-0.157, 0.134, 0.076, 1.728;
0.977,9.384,-10.217,-14.388,13.555, 0.529,-0.127, 1.525,0.000,0.000,1.199,-0.511, 0.627, 1.580,-0.874,-0.003,-0.089, 0.089, 0.031, 1.660;
0.990,8.784,-11.855,-14.007,10.935, 0.529,-0.127, 1.541,0.000,0.000,1.187,-0.521, 0.627, 1.585,-0.830, 0.026,-0.020, 0.044,-0.013, 1.591;
0.993,8.656,-12.294,-13.893,10.255, 0.529,-0.127, 1.556,0.000,0.000,4.842,-0.524, 0.627, 1.575,-0.819, 0.033,-0.004, 0.033,-0.024, 1.574;
1.005,11.008,-12.745,-12.402,10.666, 0.529,-0.125, 1.586,0.000,0.194,2.614,-0.533, 0.625, 1.563,-0.778,-0.022,-0.064,-0.007, 0.016, 1.635;
1.027,8.136,-13.614,-16.863,11.386, 0.529,-0.125, 1.601,0.000,0.000,0.689,-0.550, 0.625, 1.582,-0.855, 0.028,-0.175, 0.070,-0.061, 1.745;
1.039,9.663,-13.091,-14.386,10.958, 0.529,-0.125, 1.616,0.000,0.000,1.250,-0.559, 0.624, 1.586,-0.811,-0.029,-0.108, 0.027,-0.018, 1.679;
1.050,7.265,-12.765,-15.875,10.375, 0.529,-0.125, 1.631,0.000,0.000,1.289,-0.568, 0.623, 1.589,-0.851,-0.003,-0.045, 0.068,-0.059, 1.616;
1.062,8.731,-12.223,-13.528,10.036, 0.529,-0.125, 1.646,0.000,0.000,1.307,-0.578, 0.623, 1.592,-0.810,-0.058, 0.017, 0.028,-0.019, 1.554;
1.074,7.238,-12.898,-15.868,10.208, 0.529,-0.125, 1.676,0.000,0.000,2.567,-0.587, 0.622, 1.581,-0.849,-0.031,-0.042, 0.069,-0.060, 1.613;
1.086,8.847,-12.232,-13.346,9.962, 0.529,-0.125, 1.691,0.000,0.000,1.191,-0.596, 0.620, 1.585,-0.803,-0.090, 0.021, 0.025,-0.016, 1.550;
1.091,7.953,-12.192,-13.912,9.673, 0.529,-0.125, 1.706,0.000,0.000,3.313,-0.600, 0.620, 1.578,-0.818,-0.080, 0.044, 0.041,-0.031, 1.527;
1.112,8.183,-9.573,-15.348,13.958, 0.531,-0.125, 1.738,0.104,0.000,1.501,-0.619, 0.617, 1.579,-0.889,-0.181,-0.072, 0.116, 0.044, 1.643;
1.124,8.047,-11.152,-14.562,11.457, 0.531,-0.125, 1.753,0.000,0.000,1.217,-0.628, 0.615, 1.583,-0.843,-0.153,-0.008, 0.073, 0.001, 1.579;
1.136,10.443,-11.248,-13.054,12.248, 0.531,-0.125, 1.783,0.000,0.000,2.428,-0.638, 0.614, 1.573,-0.797,-0.210,-0.070, 0.030, 0.043, 1.641;
1.141,9.480,-11.262,-13.668,11.886, 0.531,-0.125, 1.798,0.000,0.000,3.066,-0.641, 0.613, 1.566,-0.813,-0.199,-0.045, 0.046, 0.027, 1.616;
1.153,10.305,-13.489,-13.661,10.477, 0.531,-0.125, 1.812,0.000,0.000,1.295,-0.650, 0.611, 1.569,-0.770,-0.173,-0.103, 0.007,-0.013, 1.673;
1.164,10.239,-12.100,-14.534,12.672, 0.531,-0.125, 1.830,0.000,0.000,1.625,-0.658, 0.609, 1.568,-0.806,-0.226,-0.159, 0.046, 0.027, 1.730;
1.187,10.377,-14.914,-12.718,8.181, 0.531,-0.125, 1.845,0.000,0.000,0.633,-0.676, 0.604, 1.590,-0.718,-0.173,-0.042,-0.034,-0.054, 1.613;
1.190,10.162,-14.245,-12.672,8.588, 0.531,-0.125, 1.874,0.000,0.000,8.102,-0.678, 0.603, 1.567,-0.729,-0.190,-0.023,-0.022,-0.042, 1.594;
1.200,10.043,-13.048,-13.523,10.517, 0.531,-0.125, 1.893,0.000,0.000,1.897,-0.686, 0.600, 1.564,-0.760,-0.236,-0.075, 0.013,-0.007, 1.645;
1.222,11.954,-17.147,-13.150,7.957, 0.531,-0.125, 1.907,0.000,0.000,0.665,-0.702, 0.595, 1.583,-0.676,-0.186,-0.182,-0.062,-0.081, 1.753;
1.234,13.322,-15.965,-10.786,8.143, 0.529,-0.125, 1.907,-0.185,0.000,0.000,-0.708, 0.592, 1.602,-0.629,-0.243,-0.112,-0.104,-0.039, 1.683;
1.246,12.177,-13.527,-10.958,9.608, 0.529,-0.125, 1.926,0.000,0.000,1.576,-0.717, 0.588, 1.602,-0.667,-0.299,-0.045,-0.061, 0.004, 1.615;
1.257,10.884,-14.626,-13.090,9.348, 0.531,-0.125, 1.968,0.194,0.000,3.635,-0.728, 0.585, 1.578,-0.702,-0.272,-0.103,-0.020,-0.037, 1.674;
1.269,10.557,-13.294,-14.246,11.510, 0.531,-0.125, 1.987,0.000,0.000,1.704,-0.736, 0.581, 1.576,-0.736,-0.326,-0.161, 0.020, 0.004, 1.732;
1.282,10.908,-14.722,-12.901,9.087, 0.529,-0.125, 1.987,-0.174,0.000,0.000,-0.743, 0.577, 1.597,-0.684,-0.295,-0.092,-0.025,-0.041, 1.662;
1.295,10.473,-13.178,-14.313,11.608, 0.531,-0.125, 2.021,0.164,0.000,2.465,-0.755, 0.572, 1.584,-0.725,-0.358,-0.160, 0.023, 0.006, 1.731;
1.307,10.883,-14.497,-12.985,9.371, 0.529,-0.125, 2.028,-0.186,0.000,0.552,-0.761, 0.568, 1.597,-0.676,-0.329,-0.096,-0.020,-0.036, 1.666;
1.319,9.581,-12.322,-13.399,10.658, 0.529,-0.125, 2.041,0.000,0.000,1.165,-0.769, 0.564, 1.601,-0.710,-0.382,-0.034, 0.021, 0.005, 1.604;
1.331,10.083,-13.690,-11.983,8.376, 0.529,-0.125, 2.062,0.000,0.000,1.651,-0.778, 0.559, 1.600,-0.659,-0.352, 0.030,-0.022,-0.038, 1.541;
1.344,9.567,-12.336,-13.459,10.691, 0.529,-0.125, 2.096,0.000,0.000,2.652,-0.786, 0.554, 1.587,-0.696,-0.411,-0.037, 0.023, 0.007, 1.608;
1.356,8.358,-13.796,-15.533,10.095, 0.531,-0.125, 2.121,0.193,0.000,2.238,-0.796, 0.549, 1.579,-0.729,-0.383,-0.097, 0.063,-0.034, 1.668;
1.368,9.616,-12.306,-13.394,10.703, 0.529,-0.125, 2.129,-0.186,0.000,0.659,-0.802, 0.544, 1.590,-0.679,-0.437,-0.036, 0.021, 0.008, 1.607;
1.380,10.283,-13.587,-11.845,8.542, 0.529,-0.125, 2.150,0.000,0.000,1.706,-0.810, 0.539, 1.588,-0.627,-0.407, 0.026,-0.022,-0.035, 1.545;
1.393,8.659,-11.367,-12.542,9.834, 0.529,-0.125, 2.163,0.000,0.000,0.999,-0.818, 0.533, 1.595,-0.663,-0.464, 0.091, 0.022, 0.010, 1.480;
1.405,10.260,-13.486,-11.819,8.593, 0.529,-0.125, 2.184,0.000,0.000,1.714,-0.826, 0.527, 1.594,-0.611,-0.433, 0.029,-0.021,-0.033, 1.542;
1.417,9.545,-12.309,-13.401,10.637, 0.529,-0.125, 2.205,0.000,0.000,1.767,-0.833, 0.522, 1.591,-0.644,-0.487,-0.031, 0.021, 0.009, 1.602;
1.429,8.420,-14.055,-15.447,9.812, 0.531,-0.125, 2.238,0.184,0.000,2.737,-0.843, 0.516, 1.577,-0.677,-0.456,-0.096, 0.064,-0.034, 1.666;
1.442,9.637,-12.250,-13.291,10.678, 0.529,-0.125, 2.248,-0.172,0.000,0.731,-0.849, 0.509, 1.588,-0.621,-0.514,-0.030, 0.018, 0.012, 1.601;
1.446,9.292,-12.897,-13.943,10.338, 0.531,-0.125, 2.281,0.546,0.000,8.105,-0.854, 0.507, 1.561,-0.633,-0.504,-0.052, 0.032,-0.003, 1.622;
1.457,8.326,-14.527,-15.746,9.546, 0.531,-0.125, 2.292,0.000,0.000,1.031,-0.860, 0.502, 1.567,-0.662,-0.475,-0.110, 0.071,-0.041, 1.681;
1.479,11.828,-12.933,-13.878,12.773, 0.531,-0.125, 2.314,0.000,0.000,0.972,-0.873, 0.490, 1.580,-0.568,-0.572,-0.224,-0.006, 0.035, 1.795;
1.491,9.875,-13.868,-14.901,10.908, 0.531,-0.125, 2.335,0.000,0.000,1.741,-0.880, 0.483, 1.578,-0.600,-0.540,-0.159, 0.037,-0.008, 1.730;
1.494,10.168,-13.402,-14.361,11.127, 0.531,-0.125, 2.356,0.000,0.000,6.397,-0.882, 0.482, 1.562,-0.586,-0.554,-0.142, 0.025, 0.004, 1.713;
1.506,11.063,-11.655,-12.649,12.056, 0.531,-0.125, 2.367,0.000,0.000,0.950,-0.888, 0.475, 1.569,-0.536,-0.604,-0.085,-0.014, 0.044, 1.656;
1.528,9.317,-15.077,-15.982,10.223, 0.531,-0.125, 2.388,0.000,0.000,0.979,-0.900, 0.463, 1.582,-0.593,-0.546,-0.196, 0.063,-0.033, 1.766;
1.541,10.280,-13.049,-14.036,11.268, 0.531,-0.125, 2.410,0.000,0.000,1.676,-0.907, 0.455, 1.581,-0.537,-0.601,-0.127, 0.018, 0.012, 1.698;
1.544,9.829,-13.365,-14.249,10.714, 0.531,-0.125, 2.431,0.000,0.000,6.705,-0.908, 0.453, 1.564,-0.545,-0.592,-0.110, 0.029, 0.000, 1.681;
1.555,11.701,-15.003,-13.213,9.911, 0.531,-0.125, 2.453,0.000,0.000,1.882,-0.914, 0.447, 1.561,-0.494,-0.562,-0.169,-0.011,-0.039, 1.739;
1.577,8.533,-16.922,-14.716,6.327, 0.531,-0.127, 2.453,0.000,-0.103,0.000,-0.925, 0.436, 1.595,-0.550,-0.502,-0.052, 0.065,-0.116, 1.623;
1.589,9.454,-14.962,-12.916,7.408, 0.531,-0.125, 2.486,0.000,0.187,2.785,-0.930, 0.426, 1.581,-0.496,-0.554, 0.009, 0.023,-0.073, 1.562;
1.601,8.370,-14.258,-14.921,9.033, 0.531,-0.125, 2.520,0.000,0.000,2.750,-0.936, 0.418, 1.566,-0.527,-0.606,-0.055, 0.066,-0.030, 1.626;
1.613,9.082,-12.239,-13.356,10.199, 0.531,-0.125, 2.532,0.000,0.000,1.061,-0.942, 0.411, 1.572,-0.473,-0.656, 0.004, 0.025, 0.012, 1.567;
1.625,8.428,-14.300,-14.859,8.987, 0.531,-0.125, 2.554,0.000,0.000,1.832,-0.947, 0.403, 1.569,-0.502,-0.623,-0.055, 0.066,-0.030, 1.626;
1.638,10.106,-12.981,-14.131,11.256, 0.531,-0.125, 2.575,0.000,0.000,1.621,-0.952, 0.394, 1.568,-0.443,-0.678,-0.121, 0.020, 0.016, 1.692;
1.641,9.693,-13.350,-14.295,10.637, 0.531,-0.125, 2.588,0.000,0.000,3.882,-0.954, 0.392, 1.561,-0.451,-0.669,-0.104, 0.031, 0.005, 1.675;
1.662,13.454,-15.907,-12.088,9.635, 0.531,-0.125, 2.609,0.000,0.000,1.007,-0.962, 0.378, 1.572,-0.355,-0.608,-0.213,-0.042,-0.069, 1.783;
1.667,12.493,-15.226,-12.624,9.892, 0.531,-0.125, 2.622,0.000,0.000,2.465,-0.965, 0.374, 1.568,-0.369,-0.631,-0.183,-0.023,-0.050, 1.754;
1.687,10.423,-14.398,-16.112,12.137, 0.531,-0.125, 2.657,0.000,0.000,1.793,-0.972, 0.361, 1.563,-0.415,-0.710,-0.282, 0.044, 0.018, 1.853;
1.699,11.699,-14.847,-13.916,10.768, 0.531,-0.125, 2.671,0.000,0.000,1.172,-0.976, 0.353, 1.568,-0.361,-0.676,-0.218, 0.003,-0.023, 1.788;
1.711,9.393,-13.476,-15.283,11.200, 0.531,-0.125, 2.692,0.000,0.000,1.679,-0.981, 0.344, 1.567,-0.391,-0.726,-0.152, 0.047, 0.020, 1.723;
1.724,10.804,-13.900,-12.914,9.818, 0.531,-0.125, 2.706,0.000,0.000,1.114,-0.985, 0.335, 1.572,-0.333,-0.688,-0.085, 0.002,-0.024, 1.656;
1.736,9.379,-13.552,-15.271,11.098, 0.531,-0.125, 2.741,0.000,0.000,2.749,-0.989, 0.326, 1.558,-0.363,-0.739,-0.150, 0.047, 0.020, 1.721;
1.740,9.868,-13.693,-14.484,10.658, 0.531,-0.125, 2.755,0.000,0.000,3.542,-0.990, 0.323, 1.549,-0.344,-0.727,-0.129, 0.032, 0.006, 1.700;
1.750,11.732,-14.654,-13.337,10.415, 0.531,-0.125, 2.776,0.000,0.000,2.100,-0.993, 0.316, 1.544,-0.299,-0.698,-0.180,-0.001,-0.028, 1.750;
1.772,9.136,-14.168,-17.503,12.471, 0.531,-0.125, 2.790,0.000,0.000,0.675,-0.999, 0.300, 1.564,-0.350,-0.784,-0.289, 0.074, 0.048, 1.860;
1.784,10.662,-14.461,-15.029,11.229, 0.531,-0.125, 2.820,0.000,0.000,2.344,-1.003, 0.291, 1.554,-0.291,-0.744,-0.223, 0.030, 0.004, 1.794;
1.797,8.148,-13.361,-16.587,11.373, 0.531,-0.125, 2.840,0.000,0.000,1.532,-1.006, 0.281, 1.554,-0.321,-0.795,-0.156, 0.075, 0.049, 1.727;
1.802,8.682,-13.459,-15.730,10.953, 0.531,-0.125, 2.855,0.000,0.000,3.471,-1.007, 0.278, 1.546,-0.301,-0.781,-0.134, 0.060, 0.034, 1.704;
1.812,10.691,-14.352,-14.483,10.822, 0.531,-0.125, 2.885,0.000,0.000,3.031,-1.010, 0.271, 1.532,-0.254,-0.750,-0.187, 0.025,-0.001, 1.758;
1.834,7.971,-14.305,-18.839,12.505, 0.531,-0.125, 2.904,0.000,0.000,0.873,-1.014, 0.254, 1.547,-0.304,-0.834,-0.301, 0.101, 0.075, 1.872;
1.845,9.439,-14.420,-16.510,11.528, 0.531,-0.125, 2.935,0.000,0.000,2.639,-1.017, 0.245, 1.534,-0.250,-0.797,-0.241, 0.061, 0.034, 1.812;
1.858,10.979,-14.383,-14.055,10.651, 0.531,-0.125, 2.950,0.000,0.000,1.260,-1.019, 0.236, 1.538,-0.192,-0.757,-0.177, 0.018,-0.009, 1.748;
1.870,8.439,-13.540,-15.648,10.548, 0.531,-0.125, 2.966,0.000,0.000,1.228,-1.021, 0.226, 1.543,-0.221,-0.805,-0.111, 0.062, 0.036, 1.682;
1.874,9.159,-13.850,-15.176,10.484, 0.531,-0.125, 2.997,0.000,0.000,9.311,-1.021, 0.224, 1.517,-0.205,-0.794,-0.128, 0.050, 0.024, 1.699;
1.885,11.391,-14.530,-13.779,10.640, 0.531,-0.125, 3.013,0.000,0.000,1.437,-1.023, 0.215, 1.518,-0.153,-0.758,-0.187, 0.011,-0.015, 1.757;
1.907,11.797,-18.990,-15.005,7.812, 0.531,-0.127, 3.031,0.000,-0.101,0.796,-1.026, 0.200, 1.535,-0.204,-0.684,-0.301, 0.089,-0.093, 1.871;
1.919,11.644,-16.539,-14.256,9.361, 0.531,-0.125, 3.062,0.000,0.184,2.599,-1.027, 0.188, 1.523,-0.146,-0.729,-0.238, 0.047,-0.050, 1.808;
1.931,13.117,-16.200,-11.835,8.752, 0.531,-0.127, 3.062,0.000,-0.187,0.000,-1.028, 0.181, 1.541,-0.090,-0.689,-0.171, 0.005,-0.091, 1.742;
1.943,11.659,-16.523,-14.217,9.353, 0.531,-0.125, 3.110,0.000,0.180,3.819,-1.029, 0.169, 1.514,-0.118,-0.735,-0.236, 0.048,-0.047, 1.807;
1.956,11.265,-13.952,-13.692,11.005, 0.531,-0.125, 3.126,0.000,0.000,1.249,-1.030, 0.159, 1.518,-0.058,-0.781,-0.172, 0.004,-0.003, 1.743;
1.960,11.123,-14.511,-13.522,10.134, 0.531,-0.125, 3.142,0.000,0.000,3.741,-1.030, 0.156, 1.508,-0.068,-0.766,-0.150, 0.019,-0.018, 1.721;
1.971,13.329,-14.884,-12.104,10.548, 0.531,-0.127, 3.157,0.000,-0.206,1.466,-1.031, 0.150, 1.510,-0.016,-0.729,-0.205,-0.019,-0.056, 1.776;
1.982,11.931,-15.345,-14.349,10.935, 0.531,-0.125, 3.189,0.000,0.199,2.826,-1.031, 0.139, 1.495,-0.042,-0.769,-0.264, 0.020,-0.016, 1.835;
2.005,14.756,-14.300,-9.845,10.301, 0.531,-0.127, 3.190,0.000,-0.100,0.034,-1.031, 0.124, 1.530, 0.064,-0.690,-0.147,-0.058,-0.095, 1.718;
2.017,13.189,-14.802,-12.337,10.724, 0.531,-0.125, 3.238,0.000,0.178,3.837,-1.031, 0.111, 1.501, 0.035,-0.735,-0.211,-0.014,-0.050, 1.782;
2.029,12.545,-12.403,-12.126,12.268, 0.531,-0.125, 3.254,0.000,0.000,1.356,-1.031, 0.102, 1.504, 0.091,-0.776,-0.152,-0.055,-0.009, 1.723;
2.041,13.259,-14.824,-12.320,10.755, 0.531,-0.125, 3.286,0.000,0.000,2.610,-1.030, 0.093, 1.491, 0.063,-0.733,-0.215,-0.013,-0.051, 1.786;
2.054,12.464,-12.227,-12.192,12.428, 0.531,-0.125, 3.302,0.000,0.000,1.226,-1.029, 0.083, 1.496, 0.124,-0.777,-0.151,-0.058,-0.006, 1.721;
2.058,12.425,-12.715,-11.946,11.656, 0.531,-0.125, 3.320,0.000,0.000,4.724,-1.029, 0.080, 1.483, 0.115,-0.762,-0.131,-0.044,-0.020, 1.702;
2.069,11.030,-13.518,-14.223,11.735, 0.531,-0.125, 3.352,0.000,0.000,2.799,-1.028, 0.071, 1.470, 0.090,-0.801,-0.192,-0.004, 0.020, 1.763;
2.080,13.263,-13.527,-12.831,12.567, 0.531,-0.125, 3.367,0.000,0.000,1.385,-1.027, 0.062, 1.472, 0.143,-0.759,-0.251,-0.044,-0.020, 1.822;
2.103,10.497,-15.308,-17.334,12.524, 0.531,-0.125, 3.402,0.000,0.000,1.558,-1.025, 0.044, 1.472, 0.092,-0.834,-0.372, 0.035, 0.059, 1.943;
2.106,10.866,-15.111,-16.739,12.494, 0.531,-0.125, 3.418,0.000,0.000,5.319,-1.024, 0.042, 1.461, 0.105,-0.823,-0.357, 0.025, 0.049, 1.927;
2.117,12.260,-14.163,-14.490,12.587, 0.531,-0.125, 3.433,0.000,0.000,1.339,-1.023, 0.033, 1.464, 0.160,-0.781,-0.297,-0.016, 0.008, 1.868;
2.139,9.645,-16.119,-18.712,12.239, 0.531,-0.125, 3.468,0.000,0.000,1.634,-1.019, 0.017, 1.462, 0.110,-0.851,-0.409, 0.060, 0.084, 1.980;
2.152,11.144,-14.948,-16.201,12.396, 0.531,-0.125, 3.484,0.000,0.000,1.185,-1.017, 0.007, 1.467, 0.170,-0.803,-0.338, 0.015, 0.039, 1.909;
2.157,11.266,-15.621,-15.658,11.302, 0.531,-0.125, 3.504,0.000,0.000,3.795,-1.016, 0.003, 1.455, 0.158,-0.782,-0.309, 0.034, 0.020, 1.880;
2.166,12.338,-14.742,-13.902,11.498, 0.531,-0.125, 3.519,0.000,0.000,1.647,-1.014,-0.004, 1.454, 0.200,-0.747,-0.261, 0.002,-0.011, 1.832;
2.188,9.864,-16.911,-17.942,10.895, 0.531,-0.125, 3.549,0.000,0.000,1.375,-1.010,-0.020, 1.459, 0.151,-0.815,-0.371, 0.077, 0.063, 1.941;
2.199,11.221,-15.709,-15.674,11.186, 0.531,-0.125, 3.570,0.000,0.000,1.786,-1.007,-0.029, 1.456, 0.206,-0.769,-0.307, 0.036, 0.022, 1.878;
2.211,9.949,-13.519,-16.039,12.469, 0.531,-0.125, 3.584,0.000,0.000,1.235,-1.004,-0.038, 1.460, 0.260,-0.806,-0.244,-0.005, 0.063, 1.815;
2.222,10.344,-14.799,-14.804,10.349, 0.531,-0.125, 3.605,0.000,0.000,1.906,-1.001,-0.046, 1.456, 0.234,-0.762,-0.185, 0.034, 0.024, 1.756;
2.235,8.945,-12.536,-15.290,11.699, 0.531,-0.125, 3.627,0.000,0.000,1.726,-0.998,-0.055, 1.454, 0.293,-0.800,-0.121,-0.010, 0.068, 1.692;
2.246,10.228,-14.593,-14.810,10.445, 0.531,-0.125, 3.655,0.000,0.000,2.554,-0.994,-0.063, 1.444, 0.267,-0.757,-0.177, 0.029, 0.029, 1.748;
2.258,9.649,-13.290,-16.303,12.661, 0.531,-0.125, 3.677,0.000,0.000,1.733,-0.991,-0.072, 1.442, 0.325,-0.795,-0.241,-0.015, 0.073, 1.812;
2.271,11.140,-15.508,-15.689,11.322, 0.531,-0.125, 3.698,0.000,0.000,1.791,-0.987,-0.081, 1.439, 0.296,-0.746,-0.302, 0.028, 0.030, 1.873;
2.283,12.368,-14.000,-13.571,11.939, 0.531,-0.125, 3.712,0.000,0.000,1.125,-0.983,-0.090, 1.444, 0.351,-0.698,-0.240,-0.014,-0.012, 1.811;
2.295,13.052,-15.240,-11.991,9.802, 0.531,-0.125, 3.734,0.000,0.000,1.789,-0.979,-0.098, 1.442, 0.322,-0.648,-0.178, 0.029,-0.055, 1.748;
2.307,12.413,-14.054,-13.522,11.881, 0.531,-0.125, 3.769,0.000,0.000,2.972,-0.974,-0.107, 1.425, 0.376,-0.683,-0.240,-0.012,-0.013, 1.811;
2.318,13.130,-15.169,-11.966,9.927, 0.531,-0.125, 3.782,0.000,0.000,1.095,-0.970,-0.115, 1.430, 0.348,-0.635,-0.181, 0.028,-0.054, 1.752;
2.331,12.304,-13.904,-13.726,12.126, 0.531,-0.125, 3.804,0.000,0.000,1.703,-0.965,-0.124, 1.429, 0.408,-0.673,-0.247,-0.017,-0.009, 1.817;
2.343,13.110,-14.997,-12.067,10.180, 0.531,-0.125, 3.826,0.000,0.000,1.874,-0.960,-0.132, 1.425, 0.379,-0.624,-0.187, 0.024,-0.050, 1.758;
2.355,12.319,-13.935,-13.680,12.064, 0.531,-0.125, 3.849,0.000,0.000,1.953,-0.956,-0.139, 1.421, 0.431,-0.657,-0.245,-0.016,-0.010, 1.815;
2.366,13.111,-14.923,-12.055,10.244, 0.533,-0.125, 3.860,0.199,0.000,1.062,-0.953,-0.147, 1.426, 0.403,-0.610,-0.186, 0.024,-0.049, 1.757;
2.378,11.373,-13.005,-12.935,11.302, 0.533,-0.125, 3.883,0.000,0.000,1.859,-0.948,-0.155, 1.423, 0.457,-0.644,-0.126,-0.018,-0.008, 1.697;
2.389,13.153,-12.107,-11.982,13.027, 0.533,-0.125, 3.905,0.000,0.000,1.937,-0.943,-0.162, 1.419, 0.508,-0.596,-0.184,-0.058,-0.048, 1.755;
2.401,11.274,-13.015,-12.982,11.242, 0.533,-0.125, 3.916,0.000,0.000,0.948,-0.938,-0.170, 1.426, 0.479,-0.629,-0.123,-0.016,-0.006, 1.694;
2.412,12.172,-11.269,-11.268,12.171, 0.533,-0.125, 3.938,0.000,0.000,1.943,-0.932,-0.177, 1.422, 0.530,-0.581,-0.066,-0.056,-0.046, 1.637;
2.424,11.266,-13.013,-12.991,11.244, 0.533,-0.125, 3.960,0.000,0.000,1.950,-0.927,-0.184, 1.418, 0.501,-0.612,-0.123,-0.016,-0.006, 1.694;
2.435,12.884,-12.054,-12.175,13.005, 0.533,-0.125, 3.982,0.000,0.000,1.987,-0.921,-0.190, 1.413, 0.550,-0.565,-0.179,-0.055,-0.045, 1.750;
2.456,11.303,-15.448,-15.294,11.149, 0.533,-0.125, 4.004,0.000,0.000,1.033,-0.911,-0.203, 1.425, 0.496,-0.622,-0.286, 0.019, 0.030, 1.857;
2.468,12.132,-13.462,-13.539,12.210, 0.533,-0.125, 4.026,0.000,0.000,1.810,-0.904,-0.210, 1.422, 0.549,-0.570,-0.222,-0.023,-0.013, 1.792;
2.479,10.499,-14.538,-14.307,10.268, 0.533,-0.125, 4.047,0.000,0.000,1.873,-0.898,-0.217, 1.418, 0.519,-0.601,-0.161, 0.018, 0.028, 1.732;
2.491,11.235,-12.655,-12.752,11.331, 0.533,-0.125, 4.069,0.000,0.000,1.916,-0.892,-0.223, 1.414, 0.569,-0.552,-0.104,-0.022,-0.012, 1.675;
2.503,10.471,-14.760,-14.406,10.117, 0.533,-0.125, 4.090,0.000,0.000,1.739,-0.885,-0.230, 1.412, 0.536,-0.584,-0.166, 0.022, 0.032, 1.737;
2.515,12.106,-13.544,-13.670,12.231, 0.533,-0.125, 4.116,0.000,0.000,2.054,-0.878,-0.237, 1.406, 0.590,-0.530,-0.229,-0.022,-0.012, 1.800;
2.527,11.433,-15.658,-15.209,10.984, 0.533,-0.125, 4.137,0.000,0.000,1.785,-0.871,-0.243, 1.404, 0.558,-0.561,-0.289, 0.021, 0.031, 1.860;
2.539,12.053,-13.629,-13.756,12.180, 0.533,-0.125, 4.159,0.000,0.000,1.847,-0.865,-0.250, 1.400, 0.608,-0.510,-0.231,-0.020,-0.010, 1.802;
2.551,11.476,-15.714,-15.170,10.933, 0.533,-0.125, 4.180,0.000,0.000,1.815,-0.858,-0.256, 1.398, 0.577,-0.540,-0.290, 0.021, 0.031, 1.860;
2.563,12.038,-13.500,-13.701,12.239, 0.533,-0.125, 4.193,0.000,0.000,1.090,-0.850,-0.262, 1.404, 0.630,-0.486,-0.226,-0.022,-0.012, 1.797;
2.575,10.666,-14.780,-14.218,10.104, 0.533,-0.125, 4.214,0.000,0.000,1.793,-0.843,-0.268, 1.401, 0.597,-0.515,-0.167, 0.019, 0.029, 1.737;
2.586,11.146,-12.729,-12.926,11.343, 0.533,-0.125, 4.235,0.000,0.000,1.839,-0.836,-0.273, 1.398, 0.646,-0.465,-0.110,-0.021,-0.011, 1.681;
2.598,10.681,-14.969,-14.265,9.978, 0.533,-0.125, 4.256,0.000,0.000,1.691,-0.829,-0.279, 1.396, 0.612,-0.495,-0.171, 0.022, 0.032, 1.742;
2.609,11.062,-12.963,-13.089,11.188, 0.533,-0.125, 4.269,0.000,0.000,1.275,-0.822,-0.284, 1.400, 0.658,-0.447,-0.115,-0.016,-0.006, 1.686;
2.620,10.754,-15.072,-14.227,9.909, 0.533,-0.125, 4.303,0.000,0.000,3.100,-0.815,-0.289, 1.383, 0.627,-0.474,-0.173, 0.023, 0.033, 1.744;
2.632,11.935,-13.709,-13.891,12.118, 0.533,-0.125, 4.318,0.000,0.000,1.206,-0.807,-0.294, 1.387, 0.676,-0.421,-0.232,-0.018,-0.008, 1.803;
2.643,10.838,-15.039,-14.180,9.979, 0.533,-0.125, 4.338,0.000,0.000,1.776,-0.799,-0.298, 1.385, 0.644,-0.449,-0.176, 0.021, 0.031, 1.747;
2.666,11.324,-10.686,-12.039,12.677, 0.533,-0.125, 4.352,0.000,0.000,0.630,-0.784,-0.308, 1.406, 0.738,-0.345,-0.060,-0.058,-0.048, 1.631;
2.670,10.877,-11.212,-12.147,11.811, 0.533,-0.125, 4.371,0.000,0.000,4.419,-0.781,-0.309, 1.393, 0.725,-0.356,-0.037,-0.043,-0.033, 1.608;
2.680,10.710,-13.094,-13.025,10.641, 0.533,-0.125, 4.400,0.000,0.000,3.004,-0.775,-0.313, 1.380, 0.697,-0.380,-0.086,-0.009, 0.001, 1.657;
2.701,12.516,-10.455,-12.810,14.871, 0.533,-0.125, 4.419,0.000,0.000,0.886,-0.760,-0.321, 1.394, 0.785,-0.281,-0.197,-0.084,-0.075, 1.768;
2.713,11.420,-11.906,-12.952,12.466, 0.533,-0.125, 4.434,0.000,0.000,1.201,-0.751,-0.325, 1.399, 0.749,-0.310,-0.131,-0.042,-0.032, 1.702;
2.725,10.469,-13.288,-13.033,10.215, 0.533,-0.125, 4.453,0.000,0.000,1.641,-0.743,-0.329, 1.398, 0.715,-0.337,-0.070,-0.002, 0.008, 1.641;
2.737,9.001,-13.283,-15.354,11.073, 0.533,-0.125, 4.482,0.000,0.000,2.478,-0.734,-0.333, 1.387, 0.762,-0.365,-0.130,-0.043, 0.050, 1.700;
2.748,10.469,-13.298,-13.023,10.194, 0.533,-0.125, 4.497,0.000,0.000,1.260,-0.726,-0.336, 1.391, 0.727,-0.311,-0.069,-0.002, 0.008, 1.640;
2.760,8.074,-12.472,-14.543,10.146, 0.533,-0.125, 4.515,0.000,0.000,1.490,-0.717,-0.340, 1.392, 0.775,-0.339,-0.008,-0.044, 0.050, 1.579;
2.773,9.622,-12.423,-12.099,9.297, 0.533,-0.125, 4.530,0.000,0.000,1.207,-0.708,-0.343, 1.396, 0.737,-0.282, 0.054,-0.001, 0.007, 1.517;
2.785,7.175,-11.636,-13.653,9.192, 0.533,-0.125, 4.545,0.000,0.000,1.221,-0.699,-0.347, 1.401, 0.785,-0.310, 0.117,-0.044, 0.050, 1.454;
2.796,9.483,-12.401,-12.195,9.277, 0.533,-0.125, 4.575,0.000,0.000,2.641,-0.691,-0.350, 1.388, 0.749,-0.257, 0.057,-0.004, 0.010, 1.514;
2.808,7.982,-12.589,-14.546,9.939, 0.533,-0.125, 4.590,0.000,0.000,1.293,-0.682,-0.352, 1.392, 0.795,-0.284,-0.002,-0.045, 0.051, 1.573;
2.819,9.442,-12.419,-12.272,9.294, 0.533,-0.125, 4.607,0.000,0.000,1.482,-0.673,-0.355, 1.393, 0.759,-0.231, 0.055,-0.005, 0.011, 1.516;
2.831,7.197,-11.866,-13.717,9.048, 0.533,-0.123, 4.623,0.000,0.201,1.469,-0.665,-0.360, 1.394, 0.802,-0.257, 0.111,-0.044, 0.051, 1.460;
2.841,8.613,-11.630,-11.510,8.494, 0.533,-0.125, 4.637,0.000,-0.204,1.253,-0.657,-0.360, 1.397, 0.767,-0.206, 0.166,-0.006, 0.012, 1.405;
2.852,7.226,-11.998,-13.736,8.964, 0.533,-0.123, 4.668,0.000,0.202,2.800,-0.648,-0.364, 1.384, 0.809,-0.231, 0.107,-0.044, 0.051, 1.464;
2.864,9.463,-12.493,-12.314,9.284, 0.533,-0.123, 4.683,0.000,0.000,1.349,-0.640,-0.366, 1.386, 0.773,-0.179, 0.050,-0.006, 0.012, 1.521;
2.885,6.646,-13.199,-16.684,10.130, 0.533,-0.123, 4.697,0.000,0.000,0.693,-0.623,-0.369, 1.405, 0.854,-0.229,-0.058,-0.081, 0.087, 1.629;
2.896,8.078,-12.822,-14.380,9.636, 0.533,-0.123, 4.712,0.000,0.000,1.329,-0.615,-0.371, 1.408, 0.817,-0.175, 0.003,-0.042, 0.048, 1.568;
2.908,9.621,-12.420,-11.995,9.196, 0.533,-0.123, 4.742,0.000,0.000,2.545,-0.605,-0.372, 1.396, 0.778,-0.120, 0.062,-0.000, 0.007, 1.509;
2.920,7.270,-12.082,-13.503,8.691, 0.533,-0.123, 4.757,0.000,0.000,1.280,-0.596,-0.373, 1.400, 0.820,-0.146, 0.120,-0.041, 0.048, 1.450;
2.931,8.772,-11.577,-11.162,8.358, 0.533,-0.123, 4.772,0.000,0.000,1.283,-0.587,-0.374, 1.403, 0.781,-0.092, 0.179,-0.001, 0.007, 1.392;
2.943,6.368,-11.291,-12.707,7.784, 0.533,-0.123, 4.787,0.000,0.000,1.246,-0.578,-0.375, 1.407, 0.825,-0.119, 0.239,-0.042, 0.049, 1.332;
2.954,8.581,-11.589,-11.308,8.299, 0.533,-0.123, 4.816,0.000,0.000,2.751,-0.570,-0.376, 1.394, 0.788,-0.068, 0.182,-0.005, 0.011, 1.389;
2.965,7.166,-12.217,-13.541,8.491, 0.533,-0.123, 4.831,0.000,0.000,1.330,-0.561,-0.376, 1.397, 0.828,-0.093, 0.125,-0.043, 0.050, 1.446;
2.976,9.402,-12.409,-12.114,9.107, 0.533,-0.123, 4.848,0.000,0.000,1.504,-0.552,-0.377, 1.398, 0.789,-0.040, 0.069,-0.004, 0.011, 1.502;
2.987,7.222,-12.289,-13.510,8.443, 0.533,-0.123, 4.863,0.000,0.000,1.360,-0.544,-0.377, 1.400, 0.828,-0.065, 0.123,-0.043, 0.049, 1.448;
2.998,8.630,-11.624,-11.313,8.318, 0.533,-0.123, 4.878,0.000,0.000,1.345,-0.535,-0.377, 1.403, 0.789,-0.013, 0.178,-0.004, 0.010, 1.392;
3.011,7.068,-12.527,-13.834,8.376, 0.533,-0.123, 4.907,0.000,0.000,2.314,-0.525,-0.377, 1.393, 0.834,-0.042, 0.111,-0.048, 0.055, 1.459;
3.022,9.250,-12.590,-12.453,9.113, 0.533,-0.123, 4.925,0.000,0.000,1.621,-0.516,-0.377, 1.393, 0.795, 0.010, 0.055,-0.010, 0.017, 1.515;
3.043,6.544,-14.140,-16.695,9.100, 0.533,-0.123, 4.939,0.000,0.000,0.685,-0.500,-0.376, 1.412, 0.869,-0.038,-0.052,-0.085, 0.091, 1.623;
3.055,8.020,-13.260,-14.296,9.056, 0.533,-0.123, 4.954,0.000,0.000,1.222,-0.490,-0.375, 1.416, 0.826, 0.018, 0.013,-0.043, 0.049, 1.558;
3.067,9.504,-12.336,-11.909,9.076, 0.533,-0.123, 4.972,0.000,0.000,1.521,-0.481,-0.374, 1.416, 0.782, 0.075, 0.076,-0.001, 0.007, 1.495;
3.079,8.037,-13.365,-14.262,8.934, 0.533,-0.123, 5.001,0.000,0.000,2.382,-0.472,-0.373, 1.406, 0.823, 0.047, 0.014,-0.044, 0.050, 1.557;
3.091,10.342,-13.238,-12.805,9.909, 0.533,-0.123, 5.020,0.000,0.000,1.595,-0.462,-0.372, 1.406, 0.780, 0.103,-0.045,-0.002, 0.009, 1.616;
3.103,7.977,-13.427,-14.280,8.830, 0.533,-0.123, 5.034,0.000,0.000,1.178,-0.453,-0.371, 1.411, 0.820, 0.075, 0.017,-0.045, 0.051, 1.554;
3.115,9.445,-12.340,-11.918,9.023, 0.533,-0.123, 5.048,0.000,0.000,1.167,-0.443,-0.369, 1.416, 0.775, 0.133, 0.079,-0.002, 0.008, 1.492;
3.127,7.189,-12.599,-13.325,7.915, 0.533,-0.123, 5.068,0.000,0.000,1.630,-0.434,-0.367, 1.415, 0.813, 0.106, 0.138,-0.044, 0.050, 1.432;
3.141,9.881,-12.293,-11.649,9.238, 0.533,-0.123, 5.087,0.000,0.000,1.397,-0.424,-0.365, 1.418, 0.761, 0.172, 0.068, 0.006, 0.001, 1.503;
3.153,8.565,-13.469,-13.813,8.909, 0.533,-0.123, 5.115,0.000,0.000,2.439,-0.415,-0.363, 1.408, 0.798, 0.146, 0.008,-0.035, 0.041, 1.562;
3.165,10.894,-13.114,-12.382,10.162, 0.533,-0.123, 5.135,0.000,0.000,1.622,-0.405,-0.361, 1.407, 0.751, 0.203,-0.054, 0.008,-0.002, 1.625;
3.177,9.574,-14.353,-14.539,9.760, 0.533,-0.123, 5.155,0.000,0.000,1.742,-0.397,-0.358, 1.405, 0.788, 0.176,-0.113,-0.032, 0.039, 1.684;
3.188,10.887,-13.091,-12.374,10.169, 0.533,-0.123, 5.169,0.000,0.000,1.181,-0.388,-0.356, 1.409, 0.743, 0.231,-0.053, 0.009,-0.002, 1.624;
3.200,8.783,-13.550,-13.652,8.885, 0.533,-0.123, 5.190,0.000,0.000,1.782,-0.379,-0.353, 1.407, 0.779, 0.204, 0.004,-0.032, 0.038, 1.566;
3.211,10.834,-13.104,-12.408,10.138, 0.533,-0.123, 5.211,0.000,0.000,1.865,-0.371,-0.350, 1.404, 0.735, 0.256,-0.052, 0.007,-0.001, 1.623;
3.223,8.701,-13.619,-13.686,8.768, 0.533,-0.123, 5.224,0.000,0.000,1.144,-0.362,-0.347, 1.409, 0.772, 0.229, 0.008,-0.034, 0.040, 1.563;
3.235,10.931,-13.058,-12.344,10.217, 0.533,-0.123, 5.245,0.000,0.000,1.700,-0.353,-0.344, 1.407, 0.723, 0.286,-0.054, 0.009,-0.003, 1.625;
3.246,9.781,-14.405,-14.283,9.659, 0.533,-0.123, 5.266,0.000,0.000,1.929,-0.345,-0.340, 1.403, 0.757, 0.260,-0.109,-0.029, 0.035, 1.680;
3.257,11.781,-13.828,-13.098,11.050, 0.533,-0.123, 5.287,0.000,0.000,1.902,-0.337,-0.337, 1.400, 0.712, 0.313,-0.166, 0.010,-0.004, 1.737;
3.269,9.726,-14.463,-14.293,9.556, 0.533,-0.123, 5.300,0.000,0.000,1.104,-0.329,-0.333, 1.405, 0.747, 0.285,-0.106,-0.031, 0.037, 1.677;
3.280,10.842,-13.077,-12.400,10.165, 0.533,-0.123, 5.322,0.000,0.000,1.979,-0.321,-0.330, 1.401, 0.704, 0.335,-0.052, 0.007,-0.001, 1.623;
3.291,9.787,-14.536,-14.248,9.499, 0.533,-0.123, 5.343,0.000,0.000,1.986,-0.313,-0.326, 1.396, 0.736, 0.309,-0.107,-0.031, 0.037, 1.678;
3.312,13.360,-13.191,-12.220,12.390, 0.533,-0.123, 5.365,0.000,0.000,1.027,-0.298,-0.318, 1.408, 0.650, 0.407,-0.215, 0.043,-0.037, 1.786;
3.324,11.300,-13.955,-13.354,10.699, 0.533,-0.123, 5.387,0.000,0.000,1.804,-0.290,-0.314, 1.405, 0.685, 0.377,-0.151, 0.001, 0.005, 1.721;
3.335,12.359,-12.292,-11.435,11.501, 0.533,-0.123, 5.409,0.000,0.000,1.892,-0.282,-0.309, 1.401, 0.637, 0.430,-0.091, 0.042,-0.035, 1.661;
3.347,10.556,-13.078,-12.441,9.919, 0.533,-0.123, 5.431,0.000,0.000,1.990,-0.274,-0.305, 1.396, 0.669, 0.403,-0.035, 0.003, 0.004, 1.606;
3.358,12.413,-12.203,-11.432,11.643, 0.533,-0.123, 5.453,0.000,0.000,1.902,-0.267,-0.300, 1.393, 0.621, 0.456,-0.094, 0.043,-0.037, 1.665;
3.369,11.467,-13.846,-13.184,10.805, 0.533,-0.123, 5.476,0.000,0.000,2.005,-0.259,-0.295, 1.388, 0.652, 0.429,-0.150, 0.004, 0.002, 1.721;
3.380,12.360,-12.158,-11.481,11.683, 0.533,-0.123, 5.487,0.000,0.000,1.020,-0.252,-0.291, 1.394, 0.606, 0.479,-0.094, 0.043,-0.037, 1.665;
3.391,11.456,-13.834,-13.178,10.800, 0.533,-0.123, 5.509,0.000,0.000,2.017,-0.245,-0.286, 1.389, 0.637, 0.451,-0.149, 0.004, 0.002, 1.720;
3.402,13.097,-12.912,-12.329,12.514, 0.533,-0.123, 5.531,0.000,0.000,2.058,-0.238,-0.281, 1.384, 0.591, 0.500,-0.204, 0.043,-0.037, 1.775;
3.413,12.258,-14.646,-13.968,11.580, 0.533,-0.123, 5.554,0.000,0.000,2.038,-0.231,-0.276, 1.378, 0.622, 0.473,-0.260, 0.004, 0.002, 1.831;
3.435,13.785,-11.134,-10.851,13.502, 0.533,-0.123, 5.566,0.000,0.000,0.554,-0.218,-0.265, 1.400, 0.530, 0.569,-0.149, 0.080,-0.074, 1.720;
3.447,12.029,-12.140,-11.714,11.603, 0.533,-0.123, 5.588,0.000,0.000,1.921,-0.211,-0.259, 1.396, 0.562, 0.539,-0.087, 0.038,-0.032, 1.658;
3.459,10.315,-13.241,-12.543,9.617, 0.533,-0.123, 5.611,0.000,0.000,1.859,-0.204,-0.253, 1.393, 0.594, 0.508,-0.025,-0.004, 0.010, 1.596;
3.470,11.931,-12.122,-11.773,11.582, 0.533,-0.123, 5.633,0.000,0.000,1.904,-0.197,-0.247, 1.389, 0.544, 0.560,-0.084, 0.037,-0.031, 1.655;
3.482,10.373,-13.195,-12.498,9.677, 0.533,-0.123, 5.646,0.000,0.000,1.131,-0.190,-0.241, 1.394, 0.574, 0.531,-0.026,-0.003, 0.009, 1.597;
3.493,11.920,-12.044,-11.791,11.667, 0.533,-0.123, 5.669,0.000,0.000,1.924,-0.184,-0.234, 1.390, 0.523, 0.582,-0.085, 0.038,-0.032, 1.656;
3.505,10.349,-13.208,-12.494,9.635, 0.533,-0.123, 5.682,0.000,0.000,1.116,-0.177,-0.228, 1.395, 0.554, 0.551,-0.024,-0.003, 0.009, 1.595;
3.517,11.847,-12.010,-11.839,11.675, 0.533,-0.123, 5.704,0.000,0.000,1.911,-0.171,-0.221, 1.391, 0.503, 0.602,-0.083, 0.038,-0.032, 1.654;
3.528,11.232,-14.020,-13.283,10.495, 0.533,-0.123, 5.726,0.000,0.000,1.935,-0.164,-0.215, 1.387, 0.533, 0.571,-0.141,-0.003, 0.009, 1.712;
3.540,11.790,-11.988,-11.894,11.695, 0.533,-0.123, 5.740,0.000,0.000,1.206,-0.159,-0.208, 1.391, 0.482, 0.620,-0.083, 0.037,-0.031, 1.654;
3.551,11.287,-14.036,-13.254,10.505, 0.533,-0.123, 5.776,0.000,0.000,3.201,-0.153,-0.201, 1.373, 0.511, 0.590,-0.143,-0.002, 0.008, 1.713;
3.562,12.557,-12.821,-12.788,12.523, 0.533,-0.123, 5.790,0.000,0.000,1.290,-0.147,-0.195, 1.376, 0.462, 0.637,-0.199, 0.036,-0.031, 1.770;
3.573,12.094,-14.874,-14.066,11.286, 0.533,-0.123, 5.812,0.000,0.000,1.954,-0.142,-0.188, 1.371, 0.491, 0.607,-0.256,-0.003, 0.009, 1.827;
3.585,12.528,-12.664,-12.761,12.625, 0.533,-0.123, 5.827,0.000,0.000,1.222,-0.136,-0.180, 1.376, 0.437, 0.657,-0.195, 0.039,-0.033, 1.766;
3.596,11.318,-13.930,-13.168,10.556, 0.533,-0.123, 5.849,0.000,0.000,1.939,-0.131,-0.173, 1.372, 0.466, 0.626,-0.139,-0.000, 0.006, 1.710;
3.618,11.968,-9.855,-10.944,13.058, 0.533,-0.123, 5.863,0.000,0.000,0.685,-0.121,-0.160, 1.391, 0.368, 0.718,-0.029, 0.075,-0.069, 1.600;
3.630,10.670,-11.261,-11.353,10.761, 0.533,-0.123, 5.893,0.000,0.000,2.465,-0.115,-0.152, 1.380, 0.399, 0.683, 0.033, 0.032,-0.026, 1.538;
3.643,9.201,-11.008,-13.767,11.960, 0.533,-0.125, 5.930,0.000,-0.181,2.975,-0.110,-0.141, 1.362, 0.429, 0.735,-0.033,-0.011,-0.070, 1.604;
3.656,11.763,-12.263,-12.191,11.691, 0.533,-0.125, 5.946,0.000,0.000,1.152,-0.105,-0.132, 1.368, 0.368, 0.696,-0.102, 0.036,-0.022, 1.673;
3.659,11.160,-11.990,-12.571,11.741, 0.533,-0.125, 5.967,0.000,0.000,6.707,-0.103,-0.130, 1.352, 0.375, 0.709,-0.086, 0.025,-0.033, 1.657;
3.670,11.061,-14.150,-13.530,10.441, 0.533,-0.125, 5.998,0.000,0.000,2.899,-0.099,-0.123, 1.338, 0.402, 0.678,-0.146,-0.013, 0.005, 1.717;
3.692,12.836,-11.483,-13.415,14.768, 0.533,-0.125, 6.014,0.000,0.000,0.731,-0.091,-0.108, 1.356, 0.302, 0.767,-0.262, 0.064,-0.072, 1.833;
3.695,12.538,-11.882,-13.459,14.116, 0.533,-0.125, 6.030,0.000,0.000,4.923,-0.090,-0.105, 1.345, 0.310, 0.757,-0.244, 0.052,-0.060, 1.815;
3.707,11.634,-13.302,-13.535,11.867, 0.533,-0.125, 6.050,0.000,0.000,1.762,-0.086,-0.097, 1.343, 0.337, 0.724,-0.187, 0.012,-0.020, 1.757;
3.728,13.156,-10.564,-13.657,16.249, 0.533,-0.125, 6.083,0.000,0.000,1.474,-0.078,-0.082, 1.345, 0.236, 0.812,-0.301, 0.089,-0.097, 1.872;
3.740,12.253,-12.027,-13.634,13.860, 0.533,-0.125, 6.099,0.000,0.000,1.378,-0.074,-0.073, 1.347, 0.264, 0.776,-0.237, 0.047,-0.055, 1.807;
3.753,11.391,-13.556,-13.545,11.380, 0.533,-0.125, 6.115,0.000,0.000,1.334,-0.071,-0.064, 1.350, 0.293, 0.739,-0.170, 0.004,-0.012, 1.741;
3.765,12.123,-11.978,-13.705,13.851, 0.533,-0.125, 6.148,0.000,0.000,2.661,-0.067,-0.055, 1.337, 0.236, 0.788,-0.233, 0.048,-0.056, 1.803;
3.777,11.416,-13.499,-13.550,11.467, 0.533,-0.125, 6.167,0.000,0.000,1.571,-0.064,-0.047, 1.337, 0.264, 0.752,-0.172, 0.006,-0.014, 1.743;
3.789,11.168,-11.101,-12.928,12.995, 0.533,-0.125, 6.184,0.000,0.000,1.383,-0.061,-0.038, 1.339, 0.208, 0.799,-0.112, 0.048,-0.056, 1.682;
3.801,11.434,-13.638,-13.594,11.390, 0.533,-0.125, 6.217,0.000,0.000,2.663,-0.058,-0.029, 1.325, 0.237, 0.760,-0.177, 0.004,-0.012, 1.747;
3.814,11.984,-11.995,-13.952,13.942, 0.533,-0.125, 6.233,0.000,0.000,1.310,-0.055,-0.019, 1.329, 0.178, 0.809,-0.240, 0.049,-0.057, 1.811;
3.826,11.426,-13.557,-13.622,11.491, 0.533,-0.125, 6.250,0.000,0.000,1.376,-0.052,-0.010, 1.331, 0.206, 0.770,-0.178, 0.006,-0.014, 1.749;
3.838,11.881,-12.035,-14.061,13.907, 0.533,-0.125, 6.283,0.000,0.000,2.777,-0.050,-0.001, 1.316, 0.149, 0.816,-0.241, 0.048,-0.056, 1.811;
3.851,11.400,-13.735,-13.605,11.270, 0.533,-0.125, 6.300,0.000,0.000,1.276,-0.047, 0.009, 1.320, 0.180, 0.774,-0.175, 0.002,-0.010, 1.746;
3.863,10.899,-11.363,-13.245,12.782, 0.533,-0.125, 6.317,0.000,0.000,1.420,-0.045, 0.018, 1.322, 0.124, 0.819,-0.115, 0.043,-0.052, 1.686;
3.875,11.428,-13.814,-13.615,11.228, 0.533,-0.125, 6.351,0.000,0.000,2.879,-0.043, 0.027, 1.306, 0.152, 0.780,-0.178, 0.001,-0.010, 1.748;
3.887,11.684,-12.303,-14.207,13.589, 0.533,-0.125, 6.368,0.000,0.000,1.436,-0.041, 0.036, 1.308, 0.097, 0.824,-0.237, 0.043,-0.051, 1.808;
3.898,11.411,-13.827,-13.621,11.206, 0.533,-0.125, 6.385,0.000,0.000,1.424,-0.040, 0.045, 1.310, 0.124, 0.785,-0.177, 0.001,-0.009, 1.748;
3.911,11.619,-12.254,-14.355,13.720, 0.533,-0.125, 6.418,0.000,0.000,2.662,-0.038, 0.055, 1.296, 0.064, 0.831,-0.243, 0.045,-0.053, 1.814;
3.923,11.438,-13.874,-13.634,11.197, 0.533,-0.125, 6.435,0.000,0.000,1.320,-0.037, 0.065, 1.299, 0.093, 0.789,-0.180, 0.001,-0.009, 1.751;
3.935,11.538,-12.446,-14.397,13.488, 0.533,-0.125, 6.468,0.000,0.000,2.857,-0.036, 0.074, 1.284, 0.039, 0.831,-0.240, 0.042,-0.050, 1.811;
3.948,12.390,-15.002,-14.476,11.864, 0.533,-0.125, 6.487,0.000,0.000,1.540,-0.035, 0.084, 1.285, 0.068, 0.787,-0.305,-0.003,-0.005, 1.876;
3.961,11.446,-12.444,-14.473,13.476, 0.533,-0.125, 6.504,0.000,0.000,1.278,-0.034, 0.094, 1.289, 0.007, 0.834,-0.239, 0.042,-0.050, 1.810;
3.973,11.429,-13.954,-13.594,11.069, 0.533,-0.125, 6.520,0.000,0.000,1.355,-0.034, 0.104, 1.291, 0.034, 0.792,-0.176,-0.001,-0.007, 1.747;
3.985,10.478,-11.573,-13.651,12.556, 0.533,-0.125, 6.536,0.000,0.000,1.346,-0.034, 0.113, 1.294,-0.023, 0.835,-0.114, 0.042,-0.050, 1.685;
3.997,11.471,-14.027,-13.580,11.024, 0.533,-0.125, 6.573,0.000,0.000,3.001,-0.033, 0.123, 1.276, 0.005, 0.792,-0.178,-0.001,-0.007, 1.749;
4.009,11.301,-12.569,-14.608,13.340, 0.533,-0.125, 6.589,0.000,0.000,1.342,-0.033, 0.132, 1.279,-0.052, 0.834,-0.238, 0.041,-0.048, 1.809;
4.021,11.475,-14.076,-13.555,10.954, 0.533,-0.125, 6.610,0.000,0.000,1.732,-0.034, 0.142, 1.277,-0.024, 0.790,-0.177,-0.002,-0.005, 1.748;
4.034,11.235,-12.615,-14.730,13.349, 0.533,-0.125, 6.642,0.000,0.000,2.529,-0.034, 0.152, 1.265,-0.083, 0.834,-0.242, 0.041,-0.049, 1.813;
4.047,11.520,-14.193,-13.488,10.815, 0.533,-0.125, 6.658,0.000,0.000,1.176,-0.035, 0.162, 1.270,-0.053, 0.786,-0.175,-0.005,-0.003, 1.746;
4.050,11.280,-13.700,-13.533,11.113, 0.533,-0.125, 6.679,0.000,0.000,8.051,-0.035, 0.164, 1.253,-0.066, 0.795,-0.162, 0.004,-0.012, 1.732;
4.061,10.946,-12.405,-14.710,13.250, 0.533,-0.125, 6.695,0.000,0.000,1.358,-0.036, 0.173, 1.255,-0.119, 0.834,-0.221, 0.044,-0.052, 1.791;
4.083,13.234,-16.566,-14.049,10.716, 0.533,-0.125, 6.717,0.000,0.000,1.000,-0.038, 0.190, 1.268,-0.069, 0.753,-0.334,-0.034, 0.026, 1.905;
4.095,12.848,-15.242,-15.293,12.899, 0.533,-0.127, 6.762,0.000,-0.188,3.778,-0.039, 0.202, 1.242,-0.125, 0.793,-0.394, 0.008,-0.016, 1.965;
4.107,10.608,-15.791,-16.647,11.464, 0.533,-0.127, 6.784,0.000,0.000,1.810,-0.041, 0.211, 1.239,-0.097, 0.834,-0.332,-0.035,-0.060, 1.903;
4.111,11.014,-15.454,-15.998,11.559, 0.533,-0.127, 6.806,0.000,0.000,6.685,-0.041, 0.214, 1.221,-0.113, 0.821,-0.315,-0.023,-0.048, 1.886;
4.132,14.735,-14.467,-13.818,14.086, 0.533,-0.127, 6.821,0.000,0.000,0.686,-0.044, 0.230, 1.240,-0.211, 0.743,-0.423, 0.050, 0.026, 1.994;
4.144,12.570,-15.036,-15.066,12.599, 0.533,-0.127, 6.844,0.000,0.000,1.908,-0.046, 0.239, 1.236,-0.184, 0.782,-0.359, 0.008,-0.016, 1.930;
4.156,13.793,-13.512,-12.959,13.241, 0.533,-0.127, 6.871,0.000,0.000,2.298,-0.048, 0.248, 1.227,-0.240, 0.736,-0.297, 0.050, 0.026, 1.868;
4.167,11.796,-14.115,-14.102,11.783, 0.533,-0.127, 6.880,0.000,0.000,0.816,-0.051, 0.257, 1.236,-0.214, 0.772,-0.237, 0.011,-0.014, 1.808;
4.179,13.906,-13.397,-12.925,13.433, 0.536,-0.127, 6.927,0.183,0.000,3.800,-0.055, 0.266, 1.208,-0.272, 0.725,-0.303, 0.054, 0.029, 1.873;
4.191,12.755,-14.982,-14.915,12.688, 0.536,-0.127, 6.940,0.000,0.000,1.127,-0.058, 0.275, 1.214,-0.244, 0.762,-0.361, 0.013,-0.012, 1.932;
4.204,14.903,-14.103,-13.705,14.505, 0.536,-0.127, 6.963,0.000,0.000,1.777,-0.061, 0.285, 1.211,-0.305, 0.712,-0.427, 0.058, 0.034, 1.997;
4.215,12.965,-14.906,-14.798,12.856, 0.536,-0.127, 6.986,0.000,0.000,1.996,-0.064, 0.293, 1.206,-0.278, 0.748,-0.368, 0.017,-0.007, 1.938;
4.227,14.749,-14.087,-13.815,14.477, 0.536,-0.127, 7.010,0.000,0.000,2.093,-0.067, 0.301, 1.200,-0.330, 0.704,-0.424, 0.057, 0.032, 1.994;
4.238,12.913,-14.907,-14.811,12.816, 0.536,-0.127, 7.022,0.000,0.000,1.089,-0.070, 0.310, 1.206,-0.304, 0.739,-0.365, 0.017,-0.008, 1.936;
4.250,13.899,-13.132,-12.964,13.731, 0.536,-0.127, 7.045,0.000,0.000,1.960,-0.074, 0.318, 1.201,-0.359, 0.692,-0.305, 0.058, 0.034, 1.876;
4.261,12.921,-14.874,-14.768,12.816, 0.536,-0.127, 7.069,0.000,0.000,2.017,-0.077, 0.327, 1.196,-0.331, 0.727,-0.362, 0.018,-0.006, 1.933;
4.273,13.823,-13.051,-12.993,13.764, 0.536,-0.127, 7.080,0.000,0.000,0.983,-0.081, 0.335, 1.203,-0.385, 0.680,-0.301, 0.059, 0.035, 1.872;
4.285,12.008,-14.034,-13.944,11.918, 0.536,-0.127, 7.103,0.000,0.000,1.938,-0.085, 0.344, 1.198,-0.357, 0.715,-0.241, 0.017,-0.007, 1.812;
4.296,13.704,-13.024,-13.082,13.761, 0.536,-0.127, 7.126,0.000,0.000,1.973,-0.089, 0.352, 1.194,-0.411, 0.668,-0.299, 0.058, 0.034, 1.870;
4.307,12.876,-14.794,-14.702,12.784, 0.536,-0.127, 7.149,0.000,0.000,2.075,-0.093, 0.359, 1.188,-0.384, 0.701,-0.355, 0.019,-0.005, 1.926;
4.319,14.512,-13.724,-13.907,14.696, 0.536,-0.127, 7.172,0.000,0.000,1.952,-0.097, 0.368, 1.184,-0.438, 0.653,-0.413, 0.060, 0.036, 1.984;
4.332,12.636,-14.967,-14.829,12.498, 0.536,-0.127, 7.194,0.000,0.000,1.708,-0.102, 0.377, 1.182,-0.405, 0.691,-0.347, 0.014,-0.011, 1.918;
4.344,13.345,-13.062,-13.301,13.583, 0.536,-0.127, 7.217,0.000,0.000,1.992,-0.107, 0.384, 1.177,-0.457, 0.645,-0.290, 0.053, 0.029, 1.860;
4.355,12.641,-14.964,-14.807,12.483, 0.536,-0.127, 7.239,0.000,0.000,2.007,-0.111, 0.392, 1.172,-0.430, 0.677,-0.346, 0.014,-0.010, 1.916;
4.367,13.326,-12.833,-13.212,13.705, 0.536,-0.127, 7.253,0.000,0.000,1.074,-0.117, 0.400, 1.178,-0.485, 0.625,-0.282, 0.057, 0.033, 1.853;
4.389,10.467,-15.057,-14.476,9.886, 0.536,-0.127, 7.275,0.000,0.000,1.020,-0.126, 0.414, 1.190,-0.431, 0.687,-0.171,-0.020,-0.044, 1.742;
4.401,11.110,-12.884,-12.896,11.123, 0.536,-0.127, 7.297,0.000,0.000,1.802,-0.132, 0.422, 1.188,-0.486, 0.635,-0.105, 0.023,-0.001, 1.676;
4.404,10.833,-13.154,-12.997,10.676, 0.536,-0.127, 7.319,0.000,0.000,9.158,-0.133, 0.424, 1.169,-0.480, 0.642,-0.093, 0.015,-0.009, 1.664;
4.425,9.869,-17.025,-15.557,8.400, 0.536,-0.127, 7.341,0.000,0.000,1.019,-0.143, 0.437, 1.181,-0.427, 0.700,-0.204,-0.060,-0.084, 1.775;
4.437,10.375,-14.897,-14.143,9.621, 0.536,-0.127, 7.355,0.000,0.000,1.194,-0.149, 0.444, 1.185,-0.479, 0.650,-0.141,-0.019,-0.043, 1.712;
4.449,11.705,-15.386,-11.919,8.238, 0.536,-0.127, 7.376,0.000,0.000,1.806,-0.155, 0.451, 1.183,-0.448, 0.599,-0.079,-0.060,-0.001, 1.649;
4.461,9.454,-14.012,-13.266,8.707, 0.536,-0.127, 7.397,0.000,0.000,1.712,-0.161, 0.459, 1.181,-0.504, 0.633,-0.015,-0.017,-0.044, 1.586;
4.474,10.830,-12.645,-12.832,11.017, 0.538,-0.127, 7.433,0.179,0.000,2.827,-0.170, 0.466, 1.165,-0.559, 0.579,-0.081, 0.027,-0.001, 1.652;
4.486,9.462,-14.086,-13.244,8.620, 0.536,-0.127, 7.433,-0.176,0.000,0.000,-0.175, 0.473, 1.185,-0.525, 0.612,-0.015,-0.018,-0.045, 1.585;
4.499,9.841,-11.747,-11.949,10.043, 0.536,-0.127, 7.453,0.000,0.000,1.651,-0.181, 0.480, 1.184,-0.580, 0.558, 0.049, 0.026,-0.001, 1.521;
4.510,8.735,-13.081,-12.250,7.904, 0.536,-0.127, 7.473,0.000,0.000,1.808,-0.188, 0.486, 1.182,-0.550, 0.587, 0.106,-0.013,-0.041, 1.465;
4.522,9.919,-11.774,-11.994,10.138, 0.538,-0.127, 7.517,0.192,0.000,3.764,-0.197, 0.493, 1.156,-0.602, 0.536, 0.041, 0.028, 0.000, 1.530;
4.534,9.747,-14.145,-13.100,8.702, 0.538,-0.127, 7.537,0.000,0.000,1.648,-0.204, 0.499, 1.155,-0.569, 0.567,-0.024,-0.014,-0.042, 1.595;
4.545,10.770,-12.740,-12.941,10.971, 0.538,-0.127, 7.552,0.000,0.000,1.272,-0.210, 0.505, 1.159,-0.620, 0.515,-0.085, 0.027,-0.001, 1.656;
4.557,10.645,-14.949,-13.883,9.579, 0.538,-0.127, 7.571,0.000,0.000,1.724,-0.217, 0.511, 1.157,-0.590, 0.544,-0.142,-0.013,-0.040, 1.713;
4.568,10.743,-12.773,-12.975,10.945, 0.538,-0.127, 7.586,0.000,0.000,1.339,-0.224, 0.516, 1.159,-0.637, 0.494,-0.085, 0.026,-0.001, 1.656;
4.579,9.875,-14.138,-13.045,8.783, 0.538,-0.127, 7.601,0.000,0.000,1.376,-0.231, 0.522, 1.162,-0.607, 0.522,-0.030,-0.012,-0.040, 1.600;
4.590,10.719,-12.771,-12.992,10.940, 0.538,-0.127, 7.620,0.000,0.000,1.705,-0.238, 0.527, 1.160,-0.654, 0.473,-0.085, 0.026,-0.001, 1.656;
4.601,10.762,-14.982,-13.772,9.552, 0.538,-0.127, 7.650,0.000,0.000,2.765,-0.244, 0.532, 1.147,-0.624, 0.500,-0.142,-0.012,-0.039, 1.713;
4.612,11.525,-13.610,-13.816,11.730, 0.538,-0.127, 7.669,0.000,0.000,1.651,-0.251, 0.537, 1.146,-0.670, 0.451,-0.199, 0.027,-0.001, 1.769;
4.633,10.117,-16.316,-13.689,7.489, 0.538,-0.127, 7.684,0.000,0.000,0.711,-0.265, 0.546, 1.164,-0.610, 0.503,-0.091,-0.048,-0.075, 1.662;
4.645,10.004,-13.941,-12.892,8.954, 0.538,-0.127, 7.699,0.000,0.000,1.293,-0.273, 0.551, 1.168,-0.660, 0.450,-0.028,-0.007,-0.034, 1.599;
4.656,12.297,-14.607,-11.405,9.094, 0.538,-0.127, 7.732,0.000,0.000,2.910,-0.281, 0.556, 1.153,-0.628, 0.399,-0.084,-0.046, 0.005, 1.655;
4.667,10.051,-13.978,-12.836,8.908, 0.538,-0.127, 7.747,0.000,0.000,1.352,-0.288, 0.560, 1.155,-0.674, 0.426,-0.027,-0.006,-0.034, 1.598;
4.679,11.570,-13.741,-10.465,8.293, 0.538,-0.127, 7.762,0.000,0.000,1.298,-0.296, 0.565, 1.158,-0.640, 0.372, 0.032,-0.048, 0.007, 1.538;
4.690,9.301,-13.164,-11.913,8.050, 0.538,-0.127, 7.777,0.000,0.000,1.351,-0.304, 0.569, 1.161,-0.686, 0.400, 0.090,-0.008,-0.032, 1.481;
4.701,10.770,-12.880,-9.629,7.519, 0.538,-0.127, 7.793,0.000,0.000,1.358,-0.312, 0.573, 1.163,-0.653, 0.348, 0.147,-0.047, 0.007, 1.424;
4.714,8.270,-12.314,-11.237,7.192, 0.538,-0.127, 7.809,0.000,0.000,1.287,-0.321, 0.578, 1.167,-0.704, 0.378, 0.209,-0.004,-0.037, 1.362;
4.725,10.538,-12.786,-9.790,7.542, 0.538,-0.127, 7.839,0.000,0.000,2.778,-0.328, 0.581, 1.154,-0.671, 0.327, 0.151,-0.042, 0.002, 1.419;
4.736,9.121,-13.174,-12.023,7.970, 0.538,-0.127, 7.854,0.000,0.000,1.369,-0.336, 0.585, 1.156,-0.716, 0.354, 0.095,-0.003,-0.037, 1.476;
4.747,11.409,-13.564,-10.549,8.395, 0.538,-0.127, 7.869,0.000,0.000,1.342,-0.345, 0.588, 1.158,-0.682, 0.301, 0.038,-0.042, 0.003, 1.533;
4.759,9.083,-13.183,-12.040,7.940, 0.538,-0.127, 7.884,0.000,0.000,1.309,-0.353, 0.592, 1.162,-0.728, 0.329, 0.096,-0.002,-0.038, 1.475;
4.782,12.072,-12.167,-7.373,7.278, 0.538,-0.127, 7.899,0.000,0.000,0.651,-0.370, 0.598, 1.183,-0.656, 0.220, 0.213,-0.083, 0.044, 1.358;
4.786,11.208,-12.004,-7.906,7.110, 0.538,-0.127, 7.915,0.000,0.000,3.469,-0.373, 0.599, 1.175,-0.674, 0.230, 0.236,-0.068, 0.028, 1.335;
4.797,9.914,-12.488,-9.982,7.408, 0.538,-0.127, 7.945,0.000,0.000,2.882,-0.381, 0.602, 1.161,-0.715, 0.255, 0.182,-0.031,-0.009, 1.389;
4.808,10.144,-11.020,-10.588,9.712, 0.538,-0.127, 7.960,0.000,0.000,1.318,-0.390, 0.605, 1.164,-0.759, 0.202, 0.123, 0.009, 0.031, 1.448;
4.819,10.741,-13.234,-10.788,8.295, 0.538,-0.127, 7.975,0.000,0.000,1.350,-0.398, 0.607, 1.166,-0.724, 0.228, 0.068,-0.030,-0.007, 1.503;
4.841,9.442,-8.819,-10.505,11.129, 0.538,-0.127, 7.990,0.000,0.000,0.680,-0.414, 0.612, 1.186,-0.808, 0.125, 0.178, 0.047, 0.069, 1.393;
4.853,9.273,-10.341,-9.825,8.758, 0.538,-0.127, 8.019,0.000,0.000,2.504,-0.423, 0.614, 1.175,-0.770, 0.152, 0.237, 0.005, 0.028, 1.333;
4.865,7.810,-11.137,-12.164,8.838, 0.540,-0.127, 8.048,0.193,0.000,2.531,-0.435, 0.616, 1.164,-0.814, 0.179, 0.176, 0.046,-0.013, 1.395;
4.877,10.290,-11.193,-10.613,9.710, 0.540,-0.127, 8.066,0.000,0.000,1.412,-0.444, 0.618, 1.166,-0.773, 0.120, 0.111, 0.002, 0.031, 1.459;
4.889,8.746,-12.068,-13.026,9.704, 0.540,-0.127, 8.081,0.000,0.000,1.209,-0.454, 0.620, 1.170,-0.818, 0.148, 0.051, 0.045,-0.012, 1.520;
4.901,10.178,-11.210,-10.751,9.720, 0.540,-0.127, 8.095,0.000,0.000,1.257,-0.463, 0.621, 1.174,-0.780, 0.093, 0.109, 0.004, 0.029, 1.461;
4.912,8.753,-12.150,-13.043,9.645, 0.540,-0.127, 8.124,0.000,0.000,2.488,-0.472, 0.622, 1.163,-0.823, 0.119, 0.049, 0.045,-0.012, 1.522;
4.925,11.176,-12.050,-11.532,10.658, 0.540,-0.127, 8.143,0.000,0.000,1.484,-0.481, 0.624, 1.164,-0.781, 0.061,-0.015, 0.001, 0.032, 1.585;
4.937,8.698,-12.205,-13.095,9.587, 0.540,-0.127, 8.157,0.000,0.000,1.133,-0.491, 0.625, 1.170,-0.827, 0.089, 0.049, 0.045,-0.012, 1.522;
4.948,10.033,-11.247,-10.947,9.733, 0.540,-0.127, 8.171,0.000,0.000,1.277,-0.500, 0.626, 1.173,-0.789, 0.037, 0.106, 0.006, 0.027, 1.465;
4.960,8.630,-12.285,-13.176,9.521, 0.540,-0.127, 8.190,0.000,0.000,1.644,-0.509, 0.626, 1.172,-0.830, 0.063, 0.048, 0.047,-0.014, 1.522;
4.972,10.100,-11.151,-10.806,9.754, 0.540,-0.127, 8.204,0.000,0.000,1.136,-0.518, 0.627, 1.177,-0.788, 0.004, 0.111, 0.003, 0.030, 1.460;
4.986,8.512,-12.507,-13.423,9.429, 0.540,-0.127, 8.237,0.000,0.000,2.446,-0.529, 0.627, 1.165,-0.836, 0.035, 0.039, 0.051,-0.018, 1.532;
4.998,10.766,-12.191,-12.028,10.603, 0.540,-0.127, 8.251,0.000,0.000,1.152,-0.539, 0.627, 1.171,-0.794,-0.022,-0.021, 0.009, 0.024, 1.591;
5.013,9.040,-13.704,-14.811,10.147, 0.540,-0.127, 8.271,0.000,0.000,1.333,-0.550, 0.627, 1.174,-0.845, 0.012,-0.094, 0.060,-0.028, 1.665;
5.018,9.695,-13.132,-13.731,10.293, 0.540,-0.127, 8.284,0.000,0.000,2.398,-0.555, 0.627, 1.169,-0.825,-0.015,-0.065, 0.040,-0.008, 1.636;
5.029,11.706,-12.774,-12.503,11.436, 0.540,-0.127, 8.304,0.000,0.000,1.835,-0.563, 0.627, 1.166,-0.787,-0.066,-0.120, 0.002, 0.030, 1.690;
5.041,10.448,-14.052,-14.600,10.996, 0.540,-0.127, 8.331,0.000,0.000,2.358,-0.572, 0.626, 1.158,-0.826,-0.041,-0.178, 0.042,-0.009, 1.749;
5.052,12.598,-13.581,-13.309,12.325, 0.540,-0.127, 8.351,0.000,0.000,1.703,-0.581, 0.626, 1.156,-0.783,-0.096,-0.238, 0.001, 0.032, 1.809;
5.064,11.339,-14.927,-15.389,11.801, 0.540,-0.127, 8.371,0.000,0.000,1.773,-0.590, 0.625, 1.154,-0.822,-0.070,-0.295, 0.041,-0.008, 1.866;
5.085,13.610,-12.310,-11.510,12.810, 0.540,-0.127, 8.384,0.000,0.000,0.595,-0.607, 0.623, 1.175,-0.743,-0.173,-0.183,-0.036, 0.068, 1.754;
5.098,11.250,-12.901,-12.880,11.229, 0.540,-0.127, 8.405,0.000,0.000,1.590,-0.617, 0.621, 1.175,-0.786,-0.143,-0.114, 0.010, 0.023, 1.685;
5.110,12.470,-11.373,-10.755,11.852, 0.540,-0.127, 8.425,0.000,0.000,1.710,-0.626, 0.620, 1.173,-0.741,-0.200,-0.051,-0.033, 0.065, 1.622;
5.123,10.278,-12.036,-12.046,10.288, 0.540,-0.127, 8.446,0.000,0.000,1.687,-0.636, 0.618, 1.171,-0.782,-0.172, 0.012, 0.011, 0.021, 1.559;
5.135,11.444,-10.475,-9.999,10.969, 0.540,-0.127, 8.459,0.000,0.000,1.042,-0.645, 0.616, 1.178,-0.737,-0.228, 0.074,-0.031, 0.063, 1.497;
5.147,9.365,-11.181,-11.220,9.403, 0.540,-0.127, 8.479,0.000,0.000,1.743,-0.654, 0.614, 1.176,-0.776,-0.200, 0.134, 0.011, 0.021, 1.437;
5.150,10.011,-10.958,-10.848,9.901, 0.540,-0.127, 8.500,0.000,0.000,5.567,-0.657, 0.613, 1.161,-0.761,-0.218, 0.114,-0.002, 0.034, 1.456;
5.162,11.634,-12.920,-10.122,8.836, 0.540,-0.127, 8.522,0.000,0.000,1.815,-0.666, 0.611, 1.158,-0.717,-0.191, 0.052,-0.043,-0.007, 1.519;
5.184,10.160,-10.931,-13.240,12.469, 0.540,-0.127, 8.543,0.000,0.000,0.981,-0.682, 0.607, 1.171,-0.786,-0.293,-0.063, 0.033, 0.069, 1.634;
5.196,10.971,-12.027,-11.526,10.471, 0.540,-0.127, 8.564,0.000,0.000,1.764,-0.692, 0.604, 1.168,-0.739,-0.265, 0.000,-0.010, 0.027, 1.571;
5.208,9.121,-10.028,-12.473,11.566, 0.540,-0.127, 8.586,0.000,0.000,1.715,-0.701, 0.601, 1.166,-0.778,-0.323, 0.063, 0.034, 0.071, 1.508;
5.212,9.654,-10.648,-12.211,11.216, 0.540,-0.127, 8.607,0.000,0.000,5.749,-0.704, 0.600, 1.151,-0.763,-0.314, 0.044, 0.021, 0.057, 1.527;
5.223,11.304,-12.392,-11.378,10.290, 0.540,-0.127, 8.618,0.000,0.000,0.988,-0.712, 0.597, 1.157,-0.720,-0.288,-0.013,-0.018, 0.019, 1.584;
5.236,10.272,-11.381,-13.397,12.289, 0.540,-0.127, 8.650,0.000,0.000,2.486,-0.721, 0.593, 1.146,-0.759,-0.348,-0.082, 0.027, 0.064, 1.653;
5.247,11.163,-12.258,-11.715,10.619, 0.540,-0.127, 8.661,0.000,0.000,0.996,-0.729, 0.590, 1.152,-0.716,-0.322,-0.027,-0.011, 0.025, 1.597;
5.270,7.570,-8.865,-13.653,12.359, 0.540,-0.127, 8.672,0.000,0.000,0.468,-0.746, 0.583, 1.177,-0.783,-0.426, 0.089, 0.067, 0.104, 1.482;
5.272,7.758,-9.126,-13.263,11.896, 0.540,-0.127, 8.693,0.000,0.000,7.993,-0.748, 0.582, 1.159,-0.773,-0.420, 0.103, 0.058, 0.094, 1.468;
5.294,11.190,-12.297,-11.472,10.365, 0.540,-0.127, 8.726,0.000,0.000,1.551,-0.763, 0.575, 1.160,-0.686,-0.369,-0.011,-0.017, 0.019, 1.582;
5.305,9.266,-10.668,-12.551,11.149, 0.540,-0.127, 8.748,0.000,0.000,1.869,-0.771, 0.571, 1.156,-0.721,-0.422, 0.047, 0.024, 0.060, 1.523;
5.317,10.311,-11.434,-10.656,9.533, 0.540,-0.127, 8.760,0.000,0.000,1.044,-0.779, 0.567, 1.162,-0.673,-0.394, 0.107,-0.017, 0.019, 1.464;
5.329,9.146,-10.668,-12.682,11.160, 0.540,-0.127, 8.781,0.000,0.000,1.808,-0.787, 0.562, 1.160,-0.708,-0.449, 0.047, 0.025, 0.061, 1.524;
5.341,11.241,-12.353,-11.491,10.379, 0.540,-0.127, 8.803,0.000,0.000,1.722,-0.795, 0.557, 1.158,-0.657,-0.418,-0.016,-0.019, 0.017, 1.587;
5.354,9.039,-10.678,-12.764,11.125, 0.540,-0.127, 8.815,0.000,0.000,0.995,-0.804, 0.552, 1.165,-0.693,-0.476, 0.049, 0.026, 0.061, 1.522;
5.366,10.283,-11.413,-10.621,9.491, 0.540,-0.127, 8.837,0.000,0.000,1.711,-0.812, 0.547, 1.163,-0.641,-0.445, 0.111,-0.018, 0.017, 1.460;
5.378,8.999,-10.756,-12.794,11.037, 0.540,-0.127, 8.858,0.000,0.000,1.733,-0.820, 0.541, 1.161,-0.675,-0.500, 0.049, 0.025, 0.060, 1.522;
5.390,10.216,-11.377,-10.703,9.541, 0.540,-0.127, 8.871,0.000,0.000,1.091,-0.828, 0.536, 1.167,-0.625,-0.471, 0.110,-0.017, 0.018, 1.461;
5.402,8.942,-10.841,-12.893,10.993, 0.540,-0.127, 8.906,0.000,0.000,2.869,-0.836, 0.531, 1.151,-0.659,-0.525, 0.046, 0.025, 0.061, 1.525;
5.415,11.159,-12.306,-11.578,10.431, 0.540,-0.127, 8.919,0.000,0.000,1.094,-0.843, 0.525, 1.157,-0.606,-0.493,-0.017,-0.018, 0.017, 1.587;
5.428,9.751,-11.779,-13.897,11.869, 0.540,-0.127, 8.940,0.000,0.000,1.673,-0.851, 0.519, 1.156,-0.641,-0.550,-0.080, 0.026, 0.061, 1.651;
5.439,11.022,-12.249,-11.763,10.535, 0.540,-0.127, 8.954,0.000,0.000,1.180,-0.858, 0.513, 1.161,-0.590,-0.520,-0.020,-0.015, 0.020, 1.591;
5.452,8.702,-10.900,-13.189,10.991, 0.540,-0.127, 8.975,0.000,0.000,1.677,-0.866, 0.507, 1.159,-0.624,-0.575, 0.042, 0.028, 0.064, 1.528;
5.464,10.955,-12.227,-11.837,10.564, 0.540,-0.127, 9.003,0.000,0.000,2.339,-0.873, 0.500, 1.150,-0.572,-0.544,-0.021,-0.014, 0.021, 1.591;
5.475,9.587,-11.897,-14.059,11.749, 0.540,-0.127, 9.024,0.000,0.000,1.767,-0.880, 0.494, 1.148,-0.603,-0.596,-0.080, 0.027, 0.062, 1.651;
5.488,10.987,-12.240,-11.777,10.523, 0.540,-0.127, 9.038,0.000,0.000,1.187,-0.887, 0.488, 1.152,-0.550,-0.564,-0.019,-0.016, 0.019, 1.589;
5.498,9.771,-12.046,-13.780,11.505, 0.540,-0.127, 9.073,0.000,0.000,3.367,-0.893, 0.482, 1.134,-0.577,-0.609,-0.074, 0.020, 0.056, 1.644;
5.510,11.975,-13.124,-12.426,11.276, 0.540,-0.127, 9.088,0.000,0.000,1.280,-0.899, 0.475, 1.137,-0.527,-0.579,-0.133,-0.020, 0.015, 1.704;
5.522,10.426,-12.921,-14.891,12.396, 0.540,-0.127, 9.108,0.000,0.000,1.569,-0.906, 0.468, 1.137,-0.560,-0.634,-0.197, 0.024, 0.059, 1.768;
5.536,13.159,-14.160,-13.199,12.198, 0.540,-0.127, 9.138,0.000,0.000,2.123,-0.913, 0.460, 1.129,-0.498,-0.596,-0.270,-0.025, 0.010, 1.840;
5.549,10.684,-13.130,-14.750,12.304, 0.540,-0.127, 9.153,0.000,0.000,1.213,-0.920, 0.453, 1.134,-0.530,-0.650,-0.205, 0.019, 0.054, 1.776;
5.561,12.161,-13.212,-12.364,11.313, 0.540,-0.127, 9.168,0.000,0.000,1.253,-0.926, 0.445, 1.138,-0.476,-0.617,-0.142,-0.024, 0.011, 1.712;
5.573,10.641,-13.211,-14.789,12.219, 0.540,-0.127, 9.203,0.000,0.000,2.823,-0.932, 0.438, 1.122,-0.507,-0.669,-0.205, 0.019, 0.054, 1.776;
5.585,12.149,-13.209,-12.403,11.343, 0.540,-0.127, 9.218,0.000,0.000,1.269,-0.938, 0.430, 1.126,-0.452,-0.636,-0.143,-0.024, 0.011, 1.714;
5.598,9.592,-12.332,-14.029,11.289, 0.540,-0.127, 9.234,0.000,0.000,1.218,-0.944, 0.422, 1.131,-0.484,-0.690,-0.078, 0.021, 0.056, 1.649;
5.609,11.885,-13.122,-12.587,11.349, 0.540,-0.127, 9.265,0.000,0.000,2.725,-0.949, 0.415, 1.117,-0.433,-0.657,-0.138,-0.019, 0.015, 1.709;
5.622,10.315,-13.262,-15.023,12.077, 0.540,-0.127, 9.281,0.000,0.000,1.302,-0.954, 0.407, 1.121,-0.463,-0.708,-0.198, 0.023, 0.058, 1.769;
5.634,11.885,-13.105,-12.554,11.334, 0.540,-0.127, 9.298,0.000,0.000,1.439,-0.960, 0.399, 1.122,-0.407,-0.673,-0.136,-0.020, 0.014, 1.706;
5.646,10.325,-13.365,-15.018,11.978, 0.540,-0.127, 9.330,0.000,0.000,2.578,-0.965, 0.391, 1.110,-0.437,-0.724,-0.199, 0.022, 0.057, 1.769;
5.658,11.779,-13.135,-12.746,11.390, 0.540,-0.127, 9.346,0.000,0.000,1.385,-0.970, 0.383, 1.112,-0.385,-0.691,-0.142,-0.018, 0.017, 1.712;
5.669,10.322,-13.477,-15.056,11.901, 0.540,-0.127, 9.377,0.000,0.000,2.783,-0.974, 0.376, 1.098,-0.412,-0.738,-0.201, 0.022, 0.057, 1.772;
5.680,12.605,-13.979,-13.596,12.222, 0.540,-0.127, 9.393,0.000,0.000,1.391,-0.978, 0.368, 1.100,-0.360,-0.705,-0.259,-0.018, 0.017, 1.829;
5.692,10.267,-13.527,-15.096,11.836, 0.540,-0.127, 9.409,0.000,0.000,1.382,-0.983, 0.360, 1.102,-0.388,-0.752,-0.200, 0.022, 0.057, 1.771;
5.703,12.603,-13.995,-13.617,12.226, 0.540,-0.127, 9.441,0.000,0.000,2.757,-0.987, 0.352, 1.089,-0.335,-0.718,-0.260,-0.018, 0.016, 1.831;
5.715,10.197,-13.630,-15.173,11.741, 0.540,-0.127, 9.457,0.000,0.000,1.338,-0.991, 0.344, 1.092,-0.363,-0.766,-0.201, 0.024, 0.058, 1.771;
5.726,11.594,-13.180,-12.983,11.396, 0.540,-0.127, 9.473,0.000,0.000,1.525,-0.995, 0.336, 1.092,-0.313,-0.733,-0.145,-0.015, 0.020, 1.716;
5.737,10.193,-13.751,-15.207,11.650, 0.540,-0.127, 9.505,0.000,0.000,2.928,-0.998, 0.328, 1.077,-0.339,-0.777,-0.203, 0.024, 0.058, 1.774;
5.758,14.426,-14.209,-12.513,12.730, 0.540,-0.127, 9.521,0.000,0.000,0.754,-1.005, 0.313, 1.095,-0.241,-0.713,-0.310,-0.051,-0.016, 1.881;
5.770,12.029,-13.943,-13.994,12.081, 0.540,-0.127, 9.537,0.000,0.000,1.373,-1.008, 0.304, 1.097,-0.268,-0.759,-0.246,-0.010, 0.024, 1.817;
5.781,13.484,-13.280,-11.705,11.910, 0.540,-0.127, 9.569,0.000,0.000,2.781,-1.011, 0.296, 1.083,-0.215,-0.724,-0.188,-0.050,-0.016, 1.759;
5.792,11.211,-13.140,-13.154,11.225, 0.540,-0.127, 9.585,0.000,0.000,1.402,-1.014, 0.287, 1.085,-0.241,-0.768,-0.130,-0.010, 0.024, 1.701;
5.804,13.469,-13.231,-11.743,11.981, 0.540,-0.127, 9.619,0.000,0.000,3.050,-1.017, 0.279, 1.068,-0.189,-0.733,-0.190,-0.050,-0.016, 1.760;
5.816,11.944,-14.052,-14.133,12.025, 0.540,-0.127, 9.635,0.000,0.000,1.319,-1.019, 0.270, 1.071,-0.217,-0.779,-0.250,-0.008, 0.026, 1.821;
5.828,14.298,-14.052,-12.662,12.908, 0.540,-0.127, 9.666,0.000,0.000,2.624,-1.022, 0.261, 1.059,-0.161,-0.741,-0.312,-0.049,-0.015, 1.882;
5.839,12.887,-14.909,-14.881,12.859, 0.540,-0.127, 9.685,0.000,0.000,1.741,-1.024, 0.253, 1.057,-0.187,-0.784,-0.368,-0.010, 0.024, 1.939;
5.850,14.261,-13.994,-12.678,12.944, 0.540,-0.127, 9.701,0.000,0.000,1.371,-1.026, 0.244, 1.059,-0.134,-0.748,-0.310,-0.050,-0.016, 1.881;
5.861,12.909,-14.919,-14.841,12.831, 0.540,-0.127, 9.731,0.000,0.000,2.774,-1.028, 0.236, 1.046,-0.159,-0.790,-0.367,-0.011, 0.023, 1.938;
5.873,15.218,-14.727,-13.398,13.889, 0.540,-0.127, 9.752,0.000,0.000,1.677,-1.030, 0.226, 1.045,-0.103,-0.750,-0.427,-0.053,-0.019, 1.998;
5.884,13.086,-14.907,-14.722,12.901, 0.540,-0.127, 9.767,0.000,0.000,1.388,-1.032, 0.218, 1.047,-0.128,-0.791,-0.371,-0.015, 0.019, 1.942;
5.895,14.372,-13.865,-12.613,13.121, 0.540,-0.127, 9.782,0.000,0.000,1.358,-1.033, 0.209, 1.049,-0.076,-0.755,-0.313,-0.053,-0.020, 1.884;
5.916,11.852,-15.958,-16.715,12.609, 0.540,-0.127, 9.817,0.000,0.000,1.664,-1.036, 0.193, 1.047,-0.124,-0.834,-0.424, 0.021, 0.055, 1.995;
5.928,13.122,-14.801,-14.551,12.872, 0.540,-0.127, 9.832,0.000,0.000,1.299,-1.037, 0.184, 1.050,-0.071,-0.796,-0.361,-0.018, 0.015, 1.932;
5.939,10.881,-15.163,-15.885,11.602, 0.540,-0.127, 9.853,0.000,0.000,1.781,-1.038, 0.175, 1.048,-0.098,-0.838,-0.298, 0.023, 0.057, 1.869;
5.951,12.150,-13.976,-13.770,11.944, 0.540,-0.127, 9.874,0.000,0.000,1.892,-1.039, 0.166, 1.044,-0.045,-0.800,-0.239,-0.016, 0.017, 1.810;
5.962,10.887,-15.265,-15.852,11.474, 0.540,-0.127, 9.903,0.000,0.000,2.516,-1.039, 0.157, 1.033,-0.070,-0.841,-0.296, 0.024, 0.057, 1.867;
5.974,13.008,-14.806,-14.565,12.766, 0.540,-0.127, 9.924,0.000,0.000,1.851,-1.040, 0.148, 1.030,-0.015,-0.801,-0.354,-0.017, 0.016, 1.925;
5.985,10.923,-15.354,-15.820,11.389, 0.540,-0.127, 9.946,0.000,0.000,1.886,-1.040, 0.139, 1.026,-0.042,-0.842,-0.296, 0.023, 0.056, 1.867;
5.997,12.139,-13.984,-13.755,11.910, 0.540,-0.127, 9.960,0.000,0.000,1.201,-1.040, 0.130, 1.031, 0.013,-0.801,-0.237,-0.017, 0.016, 1.808;
6.008,10.119,-14.580,-14.953,10.492, 0.540,-0.127, 9.982,0.000,0.000,1.929,-1.040, 0.121, 1.026,-0.013,-0.841,-0.180, 0.023, 0.056, 1.751;
6.019,12.155,-14.012,-13.761,11.904, 0.540,-0.127,10.008,0.000,0.000,2.331,-1.040, 0.112, 1.018, 0.041,-0.801,-0.239,-0.017, 0.016, 1.809;
6.031,11.029,-15.582,-15.770,11.217, 0.540,-0.125,10.043,0.000,0.193,3.010,-1.040, 0.101, 1.001, 0.015,-0.841,-0.300, 0.023, 0.056, 1.871;
6.042,12.934,-14.944,-14.690,12.681, 0.540,-0.125,10.065,0.000,0.000,1.980,-1.039, 0.092, 0.997, 0.068,-0.801,-0.358,-0.016, 0.018, 1.929;
6.065,8.980,-16.435,-16.955,9.501, 0.540,-0.125,10.078,0.000,0.000,0.537,-1.038, 0.074, 1.021, 0.015,-0.880,-0.240, 0.066, 0.099, 1.811;
6.070,9.445,-15.780,-16.099,9.764, 0.540,-0.127,10.087,0.000,-0.462,1.982,-1.037, 0.072, 1.019, 0.038,-0.862,-0.213, 0.049, 0.082, 1.783;
6.080,10.376,-14.465,-14.435,10.346, 0.540,-0.127,10.109,0.000,0.000,2.290,-1.036, 0.065, 1.012, 0.084,-0.827,-0.162, 0.015, 0.048, 1.732;
6.091,9.404,-16.202,-16.258,9.461, 0.540,-0.125,10.144,0.000,0.194,2.979,-1.035, 0.054, 0.995, 0.057,-0.865,-0.221, 0.055, 0.088, 1.792;
6.113,12.897,-14.625,-14.362,12.634, 0.540,-0.125,10.166,0.000,0.000,1.016,-1.032, 0.037, 1.008, 0.160,-0.784,-0.332,-0.022, 0.011, 1.903;
6.117,12.342,-14.911,-14.641,12.071, 0.540,-0.125,10.188,0.000,0.000,6.202,-1.032, 0.034, 0.991, 0.152,-0.796,-0.313,-0.009, 0.024, 1.884;
6.129,10.457,-15.852,-15.625,10.231, 0.540,-0.125,10.199,0.000,0.000,0.939,-1.030, 0.025, 0.999, 0.125,-0.835,-0.250, 0.033, 0.066, 1.821;
6.140,11.381,-14.163,-13.879,11.097, 0.540,-0.125,10.221,0.000,0.000,1.962,-1.028, 0.016, 0.994, 0.178,-0.793,-0.193,-0.006, 0.026, 1.764;
6.163,7.906,-16.142,-15.697,7.461, 0.540,-0.125,10.243,0.000,0.000,0.950,-1.024,-0.002, 1.008, 0.124,-0.867,-0.077, 0.075, 0.107, 1.648;
6.168,8.380,-15.512,-14.883,7.751, 0.538,-0.125,10.277,-0.481,0.000,7.244,-1.021,-0.005, 0.982, 0.146,-0.849,-0.053, 0.058, 0.091, 1.624;
6.178,9.139,-13.866,-13.380,8.654, 0.540,-0.125,10.287,0.216,0.000,0.987,-1.021,-0.013, 0.988, 0.195,-0.809,-0.002, 0.022, 0.055, 1.572;
6.189,11.034,-15.513,-12.316,7.837, 0.540,-0.125,10.309,0.000,0.000,1.921,-1.018,-0.022, 0.984, 0.169,-0.766,-0.060, 0.062, 0.015, 1.630;
6.210,9.140,-14.179,-15.827,10.788, 0.538,-0.125,10.343,-0.106,0.000,1.610,-1.011,-0.037, 0.983, 0.268,-0.831,-0.172,-0.013, 0.089, 1.743;
6.223,10.341,-15.002,-13.709,9.048, 0.538,-0.125,10.364,0.000,0.000,1.763,-1.008,-0.046, 0.981, 0.239,-0.783,-0.108, 0.030, 0.045, 1.679;
6.234,11.022,-13.134,-12.229,10.117, 0.538,-0.125,10.386,0.000,0.000,1.962,-1.005,-0.055, 0.977, 0.290,-0.740,-0.053,-0.008, 0.007, 1.623;
6.245,10.374,-15.166,-13.720,8.927, 0.538,-0.125,10.408,0.000,0.000,1.843,-1.001,-0.063, 0.974, 0.263,-0.775,-0.111, 0.032, 0.047, 1.682;
6.257,11.003,-13.142,-12.239,10.100, 0.538,-0.125,10.421,0.000,0.000,1.114,-0.998,-0.071, 0.979, 0.317,-0.729,-0.052,-0.008, 0.007, 1.623;
6.269,10.390,-15.259,-13.708,8.839, 0.538,-0.125,10.442,0.000,0.000,1.792,-0.994,-0.080, 0.976, 0.288,-0.765,-0.112, 0.034, 0.048, 1.683;
6.281,11.887,-13.988,-13.085,10.983, 0.538,-0.125,10.463,0.000,0.000,1.744,-0.990,-0.089, 0.974, 0.345,-0.716,-0.173,-0.009, 0.006, 1.744;
6.294,10.372,-15.396,-13.674,8.650, 0.538,-0.125,10.484,0.000,0.000,1.623,-0.986,-0.098, 0.973, 0.314,-0.754,-0.108, 0.036, 0.051, 1.679;
6.306,10.936,-13.160,-12.218,9.993, 0.538,-0.125,10.505,0.000,0.000,1.668,-0.981,-0.106, 0.972, 0.371,-0.704,-0.046,-0.007, 0.007, 1.617;
6.318,9.570,-14.487,-12.703,7.787, 0.538,-0.125,10.518,0.000,0.000,1.127,-0.977,-0.115, 0.978, 0.342,-0.739, 0.016, 0.035, 0.049, 1.555;
6.330,10.956,-13.193,-12.219,9.982, 0.538,-0.125,10.552,0.000,0.000,2.867,-0.972,-0.123, 0.962, 0.397,-0.690,-0.047,-0.007, 0.008, 1.618;
6.343,10.563,-15.557,-13.538,8.544, 0.538,-0.125,10.573,0.000,0.000,1.616,-0.967,-0.131, 0.961, 0.366,-0.726,-0.112, 0.037, 0.051, 1.683;
6.356,10.969,-13.088,-12.175,10.056, 0.538,-0.125,10.587,0.000,0.000,1.060,-0.962,-0.140, 0.968, 0.426,-0.671,-0.045,-0.010, 0.005, 1.616;
6.369,12.483,-13.441,-9.693,8.735, 0.538,-0.127,10.601,0.000,-0.170,1.077,-0.956,-0.147, 0.975, 0.394,-0.616, 0.022, 0.036,-0.041, 1.548;
6.381,10.168,-12.217,-11.109,9.061, 0.538,-0.127,10.615,0.000,0.000,1.180,-0.951,-0.155, 0.979, 0.449,-0.650, 0.085,-0.006, 0.002, 1.486;
6.393,11.537,-12.480,-8.911,7.968, 0.538,-0.127,10.635,0.000,0.000,1.734,-0.946,-0.162, 0.978, 0.420,-0.602, 0.143, 0.034,-0.039, 1.428;
6.406,9.012,-11.240,-10.488,8.261, 0.538,-0.127,10.649,0.000,0.000,1.100,-0.940,-0.170, 0.984, 0.479,-0.638, 0.209,-0.012, 0.007, 1.362;
6.418,8.891,-13.675,-11.561,6.777, 0.538,-0.125,10.688,0.000,0.182,3.164,-0.934,-0.180, 0.964, 0.448,-0.672, 0.143, 0.031, 0.050, 1.428;
6.431,9.999,-12.140,-11.396,9.255, 0.538,-0.127,10.703,0.000,-0.176,1.143,-0.928,-0.186, 0.970, 0.505,-0.618, 0.077,-0.013, 0.006, 1.494;
6.443,11.512,-12.267,-8.997,8.243, 0.538,-0.127,10.717,0.000,0.000,1.183,-0.922,-0.193, 0.974, 0.474,-0.565, 0.139, 0.030,-0.038, 1.432;
6.456,9.025,-11.235,-10.568,8.358, 0.538,-0.127,10.732,0.000,0.000,1.166,-0.915,-0.201, 0.980, 0.530,-0.599, 0.203,-0.014, 0.007, 1.368;
6.460,9.792,-11.538,-10.075,8.329, 0.538,-0.127,10.751,0.000,0.000,4.872,-0.913,-0.203, 0.967, 0.520,-0.583, 0.184,-0.001,-0.007, 1.387;
6.470,11.986,-12.348,-8.734,8.372, 0.538,-0.127,10.780,0.000,0.000,2.737,-0.908,-0.210, 0.954, 0.492,-0.536, 0.124, 0.037,-0.045, 1.447;
6.492,9.231,-12.421,-13.159,9.969, 0.538,-0.127,10.795,0.000,0.000,0.683,-0.896,-0.222, 0.974, 0.589,-0.594, 0.008,-0.040, 0.032, 1.563;
6.496,9.683,-12.430,-12.446,9.699, 0.538,-0.127,10.813,0.000,0.000,5.117,-0.894,-0.224, 0.961, 0.579,-0.579, 0.026,-0.028, 0.020, 1.545;
6.507,11.059,-12.358,-10.291,8.991, 0.538,-0.127,10.828,0.000,0.000,1.375,-0.888,-0.230, 0.964, 0.551,-0.531, 0.080, 0.010,-0.018, 1.491;
6.528,6.756,-11.032,-13.057,8.781, 0.538,-0.127,10.843,0.000,0.000,0.702,-0.876,-0.242, 0.982, 0.644,-0.587, 0.187,-0.064, 0.057, 1.383;
6.540,9.120,-11.787,-11.540,8.873, 0.538,-0.127,10.875,0.000,0.000,2.735,-0.869,-0.248, 0.968, 0.612,-0.535, 0.128,-0.023, 0.016, 1.442;
6.552,8.438,-13.401,-11.323,6.360, 0.538,-0.127,10.890,0.000,0.000,1.200,-0.861,-0.254, 0.973, 0.579,-0.567, 0.191, 0.020, 0.059, 1.380;
6.565,10.077,-13.151,-8.778,5.704, 0.538,-0.127,10.905,0.000,0.000,1.195,-0.854,-0.260, 0.978, 0.544,-0.511, 0.254, 0.064, 0.015, 1.316;
6.577,7.683,-12.548,-10.307,5.443, 0.538,-0.127,10.920,0.000,0.000,1.254,-0.846,-0.266, 0.982, 0.596,-0.542, 0.315, 0.022, 0.057, 1.256;
6.589,10.195,-13.127,-8.682,5.750, 0.538,-0.127,10.935,0.000,0.000,1.218,-0.839,-0.272, 0.986, 0.562,-0.486, 0.253, 0.066, 0.014, 1.318;
6.601,7.796,-12.582,-10.217,5.431, 0.538,-0.127,10.950,0.000,0.000,1.258,-0.831,-0.278, 0.990, 0.613,-0.516, 0.313, 0.023, 0.056, 1.258;
6.614,10.478,-13.131,-8.483,5.829, 0.538,-0.127,10.965,0.000,0.000,1.145,-0.823,-0.284, 0.995, 0.576,-0.457, 0.247, 0.070, 0.009, 1.324;
6.620,9.848,-13.307,-9.538,6.079, 0.538,-0.127,10.996,0.000,0.000,5.365,-0.819,-0.286, 0.974, 0.600,-0.471, 0.217, 0.050, 0.029, 1.354;
6.630,10.267,-12.085,-9.901,8.082, 0.536,-0.127,11.026,-0.232,0.000,3.146,-0.810,-0.291, 0.959, 0.640,-0.427, 0.163, 0.016,-0.005, 1.408;
6.641,8.835,-12.605,-12.226,8.457, 0.536,-0.127,11.040,0.000,0.000,1.276,-0.803,-0.295, 0.962, 0.688,-0.455, 0.100,-0.024, 0.035, 1.471;
6.663,13.244,-13.234,-9.476,9.485, 0.536,-0.127,11.056,0.000,0.000,0.725,-0.788,-0.304, 0.981, 0.625,-0.356,-0.015, 0.052,-0.041, 1.586;
6.675,10.638,-12.872,-11.113,8.879, 0.536,-0.127,11.071,0.000,0.000,1.184,-0.780,-0.309, 0.985, 0.678,-0.387, 0.052, 0.008, 0.003, 1.519;
6.687,12.988,-13.089,-9.599,9.498, 0.536,-0.127,11.101,0.000,0.000,2.602,-0.772,-0.314, 0.974, 0.644,-0.334,-0.006, 0.048,-0.037, 1.577;
6.699,10.549,-12.859,-11.161,8.851, 0.536,-0.127,11.116,0.000,0.000,1.236,-0.763,-0.318, 0.978, 0.694,-0.363, 0.055, 0.006, 0.005, 1.516;
6.711,12.107,-12.141,-8.716,8.682, 0.536,-0.127,11.131,0.000,0.000,1.221,-0.755,-0.322, 0.982, 0.658,-0.307, 0.117, 0.048,-0.037, 1.454;
6.724,9.485,-11.957,-10.391,7.919, 0.536,-0.127,11.146,0.000,0.000,1.140,-0.745,-0.327, 0.987, 0.710,-0.338, 0.183, 0.003, 0.008, 1.388;
6.737,11.077,-11.160,-7.886,7.804, 0.536,-0.127,11.161,0.000,0.000,1.178,-0.736,-0.331, 0.992, 0.673,-0.280, 0.247, 0.047,-0.036, 1.324;
6.743,10.305,-11.559,-9.149,7.895, 0.536,-0.127,11.193,0.000,0.000,4.989,-0.732,-0.333, 0.970, 0.699,-0.295, 0.212, 0.024,-0.013, 1.358;
6.754,8.959,-12.338,-11.328,7.948, 0.536,-0.127,11.208,0.000,0.000,1.357,-0.724,-0.336, 0.973, 0.742,-0.321, 0.154,-0.014, 0.025, 1.416;
6.766,11.218,-12.350,-9.914,8.782, 0.536,-0.127,11.222,0.000,0.000,1.290,-0.716,-0.339, 0.976, 0.707,-0.268, 0.095, 0.026,-0.015, 1.475;
6.778,9.672,-13.286,-12.372,8.759, 0.536,-0.127,11.241,0.000,0.000,1.463,-0.706,-0.343, 0.977, 0.756,-0.297, 0.032,-0.018, 0.029, 1.539;
6.790,11.111,-12.390,-10.097,8.818, 0.536,-0.127,11.255,0.000,0.000,1.267,-0.698,-0.346, 0.981, 0.720,-0.243, 0.090, 0.023,-0.012, 1.481;
6.801,9.722,-13.348,-12.355,8.729, 0.536,-0.127,11.284,0.000,0.000,2.499,-0.689,-0.349, 0.970, 0.765,-0.270, 0.029,-0.018, 0.029, 1.541;
6.813,12.026,-13.210,-10.916,9.732, 0.536,-0.127,11.303,0.000,0.000,1.599,-0.680,-0.351, 0.970, 0.728,-0.215,-0.031, 0.023,-0.012, 1.602;
6.834,7.831,-13.540,-13.560,7.852, 0.536,-0.127,11.317,0.000,0.000,0.667,-0.664,-0.356, 0.989, 0.811,-0.265, 0.077,-0.052, 0.063, 1.494;
6.846,9.276,-12.478,-11.220,8.018, 0.536,-0.127,11.337,0.000,0.000,1.615,-0.655,-0.358, 0.989, 0.773,-0.209, 0.140,-0.010, 0.021, 1.431;
6.858,7.025,-12.722,-12.602,6.905, 0.536,-0.127,11.351,0.000,0.000,1.219,-0.646,-0.360, 0.993, 0.817,-0.236, 0.200,-0.051, 0.062, 1.370;
6.870,8.451,-11.598,-10.295,7.148, 0.536,-0.127,11.365,0.000,0.000,1.175,-0.637,-0.362, 0.997, 0.778,-0.179, 0.262,-0.009, 0.020, 1.309;
6.883,6.940,-12.886,-12.740,6.794, 0.536,-0.127,11.385,0.000,0.000,1.515,-0.627,-0.364, 0.998, 0.827,-0.209, 0.197,-0.054, 0.065, 1.374;
6.895,9.356,-12.607,-11.267,8.016, 0.536,-0.127,11.418,0.000,0.000,2.742,-0.617,-0.366, 0.984, 0.786,-0.150, 0.131,-0.011, 0.022, 1.440;
6.908,7.977,-13.902,-13.530,7.605, 0.536,-0.127,11.432,0.000,0.000,1.137,-0.608,-0.368, 0.989, 0.831,-0.178, 0.069,-0.053, 0.064, 1.502;
6.919,10.187,-13.519,-12.173,8.841, 0.536,-0.127,11.452,0.000,0.000,1.721,-0.599,-0.369, 0.987, 0.791,-0.122, 0.010,-0.012, 0.023, 1.561;
6.932,7.921,-13.998,-13.543,7.466, 0.536,-0.127,11.466,0.000,0.000,1.103,-0.589,-0.370, 0.993, 0.836,-0.150, 0.072,-0.055, 0.066, 1.499;
6.943,10.094,-13.555,-12.213,8.752, 0.536,-0.127,11.486,0.000,0.000,1.746,-0.580,-0.371, 0.991, 0.796,-0.095, 0.013,-0.014, 0.025, 1.557;
6.957,9.532,-12.144,-13.767,11.155, 0.536,-0.129,11.515,0.000,-0.168,2.124,-0.570,-0.369, 0.983, 0.844,-0.031,-0.056,-0.061,-0.022, 1.627;
6.969,10.043,-13.428,-12.360,8.975, 0.536,-0.127,11.520,0.000,0.187,0.474,-0.560,-0.372, 0.997, 0.803,-0.059, 0.007,-0.019, 0.020, 1.564;
6.973,9.870,-12.985,-12.861,9.746, 0.536,-0.129,11.549,0.000,-0.497,6.431,-0.557,-0.370, 0.975, 0.819,-0.038,-0.016,-0.035, 0.004, 1.587;
6.984,11.272,-14.987,-12.291,8.575, 0.536,-0.127,11.562,0.000,0.199,1.162,-0.548,-0.373, 0.979, 0.781,-0.063,-0.074, 0.005, 0.044, 1.645;
7.006,10.138,-12.839,-15.056,12.355, 0.536,-0.129,11.592,0.000,-0.104,1.397,-0.531,-0.371, 0.983, 0.856, 0.039,-0.188,-0.070,-0.032, 1.759;
7.017,10.772,-14.020,-13.507,10.260, 0.536,-0.129,11.605,0.000,0.000,1.086,-0.522,-0.370, 0.989, 0.814, 0.012,-0.124,-0.029, 0.009, 1.695;
7.029,9.220,-12.061,-14.194,11.353, 0.536,-0.129,11.627,0.000,0.000,1.868,-0.513,-0.370, 0.985, 0.854, 0.067,-0.064,-0.069,-0.031, 1.635;
7.041,9.965,-13.251,-12.584,9.298, 0.536,-0.129,11.648,0.000,0.000,1.823,-0.504,-0.370, 0.982, 0.811, 0.040,-0.004,-0.028, 0.011, 1.574;
7.053,11.978,-12.460,-11.447,10.966, 0.536,-0.129,11.670,0.000,0.000,1.810,-0.494,-0.369, 0.979, 0.768, 0.097,-0.065, 0.015,-0.032, 1.636;
7.065,13.726,-14.477,-10.597,9.846, 0.536,-0.129,11.692,0.000,0.000,1.773,-0.484,-0.368, 0.977, 0.723, 0.069,-0.127, 0.058, 0.012, 1.698;
7.077,12.869,-13.374,-12.313,11.808, 0.536,-0.129,11.714,0.000,0.000,1.850,-0.475,-0.367, 0.974, 0.763, 0.125,-0.187, 0.016,-0.030, 1.758;
7.089,14.583,-15.218,-11.441,10.806, 0.536,-0.129,11.737,0.000,0.000,1.892,-0.466,-0.366, 0.970, 0.720, 0.098,-0.246, 0.057, 0.011, 1.817;
7.102,12.700,-13.223,-12.395,11.873, 0.536,-0.129,11.747,0.000,0.000,0.862,-0.456,-0.364, 0.979, 0.762, 0.157,-0.181, 0.014,-0.032, 1.752;
7.114,13.692,-14.264,-10.473,9.901, 0.536,-0.129,11.770,0.000,0.000,1.759,-0.446,-0.363, 0.976, 0.714, 0.128,-0.116, 0.058, 0.012, 1.687;
7.125,12.067,-12.605,-11.336,10.798, 0.536,-0.129,11.792,0.000,0.000,2.111,-0.438,-0.361, 0.970, 0.749, 0.178,-0.063, 0.021,-0.025, 1.634;
7.136,13.869,-14.319,-10.375,9.925, 0.536,-0.129,11.815,0.000,0.000,1.948,-0.429,-0.359, 0.966, 0.706, 0.152,-0.122, 0.061, 0.015, 1.693;
7.148,12.852,-13.395,-12.255,11.712, 0.536,-0.129,11.837,0.000,0.000,1.893,-0.420,-0.357, 0.962, 0.744, 0.207,-0.182, 0.020,-0.026, 1.753;
7.160,13.852,-14.227,-10.397,10.022, 0.536,-0.129,11.849,0.000,0.000,1.028,-0.411,-0.355, 0.969, 0.700, 0.181,-0.122, 0.061, 0.015, 1.693;
7.171,11.993,-12.550,-11.433,10.875, 0.536,-0.129,11.872,0.000,0.000,1.967,-0.403,-0.353, 0.964, 0.737, 0.235,-0.065, 0.020,-0.026, 1.636;
7.183,13.898,-14.156,-10.368,10.110, 0.536,-0.129,11.894,0.000,0.000,1.944,-0.394,-0.350, 0.960, 0.692, 0.208,-0.123, 0.061, 0.015, 1.694;
7.194,12.844,-13.395,-12.233,11.682, 0.536,-0.129,11.917,0.000,0.000,2.005,-0.386,-0.347, 0.955, 0.728, 0.260,-0.180, 0.022,-0.024, 1.751;
7.206,13.919,-14.093,-10.325,10.151, 0.536,-0.129,11.929,0.000,0.000,1.126,-0.377,-0.345, 0.960, 0.683, 0.233,-0.122, 0.061, 0.016, 1.693;
7.217,12.754,-13.340,-12.340,11.754, 0.536,-0.129,11.952,0.000,0.000,1.895,-0.368,-0.342, 0.956, 0.720, 0.289,-0.181, 0.020,-0.026, 1.752;
7.229,13.881,-13.991,-10.360,10.250, 0.536,-0.129,11.965,0.000,0.000,1.144,-0.360,-0.339, 0.961, 0.675, 0.262,-0.122, 0.060, 0.015, 1.693;
7.250,10.117,-11.223,-12.586,11.480, 0.536,-0.129,11.987,0.000,0.000,1.044,-0.344,-0.332, 0.972, 0.740, 0.361,-0.014,-0.015,-0.060, 1.585;
7.263,11.356,-11.869,-10.420,9.906, 0.536,-0.129,12.009,0.000,0.000,1.797,-0.335,-0.329, 0.970, 0.691, 0.332, 0.050, 0.028,-0.017, 1.520;
7.268,10.417,-11.217,-10.968,10.168, 0.536,-0.129,12.023,0.000,0.000,2.622,-0.331,-0.327, 0.964, 0.707, 0.356, 0.078, 0.010,-0.035, 1.493;
7.278,9.983,-13.084,-12.187,9.085, 0.536,-0.129,12.059,0.000,0.000,3.555,-0.324,-0.324, 0.944, 0.737, 0.332, 0.023,-0.026, 0.000, 1.548;
7.290,11.327,-11.836,-11.713,11.203, 0.536,-0.129,12.074,0.000,0.000,1.229,-0.316,-0.320, 0.948, 0.690, 0.386,-0.038, 0.015,-0.040, 1.609;
7.311,10.463,-15.758,-14.154,8.859, 0.536,-0.129,12.095,0.000,0.000,1.033,-0.301,-0.312, 0.959, 0.753, 0.334,-0.148,-0.059, 0.034, 1.719;
7.324,10.941,-13.267,-12.639,10.313, 0.536,-0.129,12.110,0.000,0.000,1.089,-0.292,-0.307, 0.966, 0.698, 0.396,-0.076,-0.012,-0.013, 1.646;
7.335,9.805,-14.476,-12.978,8.308, 0.536,-0.129,12.132,0.000,0.000,2.045,-0.285,-0.303, 0.961, 0.729, 0.370,-0.020,-0.050, 0.024, 1.591;
7.347,10.178,-12.292,-11.739,9.625, 0.536,-0.129,12.146,0.000,0.000,1.267,-0.277,-0.298, 0.964, 0.680, 0.423, 0.041,-0.009,-0.017, 1.530;
7.359,9.873,-14.590,-12.931,8.214, 0.536,-0.129,12.177,0.000,0.000,2.518,-0.269,-0.293, 0.953, 0.715, 0.394,-0.021,-0.051, 0.025, 1.592;
7.371,11.129,-13.204,-12.623,10.549, 0.536,-0.132,12.213,0.000,-0.183,3.011,-0.261,-0.286, 0.935, 0.664, 0.450,-0.088,-0.008,-0.018, 1.658;
7.383,10.893,-15.586,-13.769,9.076, 0.536,-0.132,12.229,0.000,0.000,1.263,-0.253,-0.281, 0.939, 0.698, 0.419,-0.151,-0.051, 0.025, 1.722;
7.396,11.124,-13.117,-12.610,10.616, 0.536,-0.132,12.245,0.000,0.000,1.222,-0.244,-0.275, 0.944, 0.644, 0.477,-0.086,-0.006,-0.020, 1.657;
7.408,10.126,-14.554,-12.772,8.344, 0.536,-0.132,12.265,0.000,0.000,1.788,-0.237,-0.269, 0.941, 0.676, 0.448,-0.028,-0.046, 0.021, 1.599;
7.420,11.189,-13.104,-12.626,10.711, 0.536,-0.132,12.297,0.000,0.000,2.612,-0.229,-0.264, 0.928, 0.625, 0.503,-0.092,-0.004,-0.021, 1.663;
7.432,11.106,-15.590,-13.622,9.138, 0.536,-0.132,12.313,0.000,0.000,1.277,-0.222,-0.257, 0.932, 0.659, 0.471,-0.156,-0.048, 0.023, 1.727;
7.444,11.169,-13.251,-12.699,10.617, 0.536,-0.132,12.333,0.000,0.000,1.682,-0.214,-0.251, 0.931, 0.608, 0.524,-0.096,-0.006,-0.019, 1.666;
