0.000,0.000,0.000,0.000,0.000, 0.000, 0.000, 0.000,0.000,0.000,0.000, 0.000, 0.000, 0.000;
0.011,-0.298,-0.261,-0.298,-0.261, 0.187,-0.094,-0.030,0.000,0.000,0.000, 0.312, 0.103, 0.030;
0.024,-0.309,-0.249,-0.309,-0.249, 0.187,-0.094,-0.030,0.000,0.000,0.000, 0.312, 0.112, 0.030;
0.035,-0.319,-0.239,-0.319,-0.239, 0.187,-0.094,-0.030,0.000,0.000,0.000, 0.312, 0.121, 0.030;
0.048,-0.330,-0.227,-0.330,-0.227, 0.187,-0.094,-0.030,0.000,0.000,0.000, 0.311, 0.132, 0.030;
0.060,-0.340,-0.216,-0.340,-0.216, 0.187,-0.094,-0.030,0.000,0.000,0.000, 0.310, 0.141, 0.030;
0.072,-0.349,-0.205,-0.349,-0.205, 0.187,-0.094,-0.030,0.000,0.000,0.000, 0.309, 0.150, 0.030;
0.084,-0.360,-0.193,-0.360,-0.193, 0.187,-0.094,-0.030,0.000,0.000,0.000, 0.308, 0.160, 0.030;
0.095,-0.369,-0.183,-0.369,-0.183, 0.187,-0.094,-0.030,0.000,0.000,0.000, 0.307, 0.168, 0.030;
0.107,-0.379,-0.172,-0.379,-0.172, 0.187,-0.094,-0.030,0.000,0.000,0.000, 0.305, 0.177, 0.030;
0.118,-0.388,-0.162,-0.388,-0.162, 0.187,-0.094,-0.030,0.000,0.000,0.000, 0.304, 0.186, 0.030;
0.130,-0.398,-0.150,-0.398,-0.150, 0.187,-0.094,-0.030,0.000,0.000,0.000, 0.302, 0.195, 0.030;
0.141,-0.406,-0.140,-0.406,-0.140, 0.187,-0.094,-0.030,0.000,0.000,0.000, 0.300, 0.204, 0.030;
0.153,-0.416,-0.129,-0.416,-0.129, 0.187,-0.094,-0.030,0.000,0.000,0.000, 0.298, 0.213, 0.030;
0.165,-0.425,-0.118,-0.425,-0.118, 0.187,-0.094,-0.030,0.000,0.000,0.000, 0.296, 0.222, 0.030;
0.176,-0.432,-0.115,-0.432,-0.115, 0.187,-0.094,-0.015,0.000,0.000,1.345, 0.294, 0.230, 0.015;
0.187,-0.443,-0.098,-0.443,-0.098, 0.187,-0.094,-0.030,0.000,0.000,-1.337, 0.291, 0.239, 0.030;
0.209,-0.460,-0.078,-0.460,-0.078, 0.187,-0.094,-0.030,0.000,0.000,0.000, 0.286, 0.255, 0.030;
0.220,-0.468,-0.067,-0.468,-0.067, 0.187,-0.094,-0.030,0.000,0.000,0.000, 0.283, 0.263, 0.030;
0.232,-0.477,-0.057,-0.477,-0.057, 0.187,-0.094,-0.030,0.000,0.000,0.000, 0.280, 0.272, 0.030;
0.243,-0.485,-0.046,-0.485,-0.046, 0.187,-0.094,-0.030,0.000,0.000,0.000, 0.277, 0.280, 0.030;
0.255,-0.494,-0.036,-0.494,-0.036, 0.187,-0.094,-0.030,0.000,0.000,0.000, 0.273, 0.288, 0.030;
0.266,-0.502,-0.025,-0.502,-0.025, 0.187,-0.094,-0.030,0.000,0.000,0.000, 0.270, 0.297, 0.030;
0.277,-0.510,-0.015,-0.510,-0.015, 0.187,-0.094,-0.030,0.000,0.000,0.000, 0.266, 0.304, 0.030;
0.288,-0.518,-0.005,-0.518,-0.005, 0.187,-0.094,-0.030,0.000,0.000,0.000, 0.262, 0.312, 0.030;
0.299,-0.525,0.005,-0.525,0.005, 0.187,-0.094,-0.030,0.000,0.000,0.000, 0.258, 0.320, 0.030;
0.310,-0.533,0.014,-0.533,0.014, 0.187,-0.094,-0.030,0.000,0.000,0.000, 0.254, 0.328, 0.030;
0.332,-0.548,0.034,-0.548,0.034, 0.187,-0.094,-0.030,0.000,0.000,0.000, 0.246, 0.343, 0.030;
0.336,-0.550,0.037,-0.550,0.037, 0.187,-0.094,-0.030,0.000,0.000,0.000, 0.244, 0.346, 0.030;
0.356,-0.563,0.054,-0.563,0.054, 0.187,-0.094,-0.030,0.000,0.000,0.000, 0.236, 0.359, 0.030;
0.367,-0.570,0.064,-0.570,0.064, 0.187,-0.094,-0.030,0.000,0.000,0.000, 0.232, 0.367, 0.030;
0.379,-0.578,0.074,-0.578,0.074, 0.187,-0.094,-0.030,0.000,0.000,0.000, 0.226, 0.374, 0.030;
0.390,-0.585,0.084,-0.585,0.084, 0.187,-0.094,-0.030,0.000,0.000,0.000, 0.221, 0.381, 0.030;
0.401,-0.591,0.093,-0.591,0.093, 0.187,-0.094,-0.030,0.000,0.000,0.000, 0.216, 0.389, 0.030;
0.413,-0.598,0.103,-0.598,0.103, 0.187,-0.094,-0.030,0.000,0.000,0.000, 0.211, 0.396, 0.030;
0.424,-0.605,0.112,-0.605,0.112, 0.187,-0.094,-0.030,0.000,0.000,0.000, 0.205, 0.403, 0.030;
0.435,-0.611,0.121,-0.611,0.121, 0.187,-0.094,-0.030,0.000,0.000,0.000, 0.200, 0.410, 0.030;
0.448,-0.618,0.131,-0.618,0.131, 0.187,-0.094,-0.030,0.000,0.000,0.000, 0.194, 0.417, 0.030;
0.459,-0.624,0.140,-0.624,0.140, 0.187,-0.094,-0.030,0.000,0.000,0.000, 0.188, 0.424, 0.030;
0.470,-0.629,0.149,-0.629,0.149, 0.187,-0.094,-0.030,0.000,0.000,0.000, 0.183, 0.430, 0.030;
0.482,-0.636,0.158,-0.636,0.158, 0.187,-0.094,-0.030,0.000,0.000,0.000, 0.176, 0.437, 0.030;
0.493,-0.641,0.167,-0.641,0.167, 0.187,-0.094,-0.030,0.000,0.000,0.000, 0.170, 0.443, 0.030;
0.514,-0.652,0.183,-0.652,0.183, 0.187,-0.094,-0.030,0.000,0.000,0.000, 0.158, 0.455, 0.030;
0.526,-0.657,0.192,-0.657,0.192, 0.187,-0.094,-0.030,0.000,0.000,0.000, 0.152, 0.461, 0.030;
0.538,-0.662,0.200,-0.662,0.200, 0.187,-0.094,-0.030,0.000,0.000,0.000, 0.145, 0.468, 0.030;
0.549,-0.667,0.209,-0.667,0.209, 0.187,-0.094,-0.030,0.000,0.000,0.000, 0.138, 0.473, 0.030;
0.561,-0.672,0.217,-0.672,0.217, 0.187,-0.094,-0.030,0.000,0.000,0.000, 0.131, 0.479, 0.030;
0.573,-0.677,0.226,-0.677,0.226, 0.187,-0.094,-0.030,0.000,0.000,0.000, 0.124, 0.485, 0.030;
0.585,-0.682,0.234,-0.682,0.234, 0.187,-0.094,-0.030,0.000,0.000,0.000, 0.116, 0.491, 0.030;
0.597,-0.687,0.242,-0.687,0.242, 0.187,-0.094,-0.030,0.000,0.000,0.000, 0.108, 0.497, 0.030;
0.609,-0.691,0.250,-0.691,0.250, 0.187,-0.094,-0.030,0.000,0.000,0.000, 0.101, 0.502, 0.030;
0.620,-0.695,0.258,-0.695,0.258, 0.187,-0.094,-0.030,0.000,0.000,0.000, 0.093, 0.507, 0.030;
0.631,-0.698,0.265,-0.698,0.265, 0.187,-0.094,-0.030,0.000,0.000,0.000, 0.086, 0.512, 0.030;
0.642,-0.702,0.272,-0.702,0.272, 0.187,-0.094,-0.030,0.000,0.000,0.000, 0.079, 0.517, 0.030;
0.654,-0.706,0.279,-0.706,0.279, 0.187,-0.094,-0.030,0.000,0.000,0.000, 0.071, 0.522, 0.030;
0.665,-0.709,0.286,-0.709,0.286, 0.187,-0.094,-0.030,0.000,0.000,0.000, 0.064, 0.526, 0.030;
0.676,-0.712,0.292,-0.712,0.292, 0.187,-0.094,-0.030,0.000,0.000,0.000, 0.056, 0.530, 0.030;
0.697,-0.717,0.305,-0.717,0.305, 0.187,-0.094,-0.030,0.000,0.000,0.000, 0.041, 0.538, 0.030;
0.710,-0.720,0.312,-0.720,0.312, 0.187,-0.094,-0.030,0.000,0.000,0.000, 0.033, 0.543, 0.030;
0.721,-0.723,0.318,-0.723,0.318, 0.187,-0.094,-0.030,0.000,0.000,0.000, 0.025, 0.547, 0.030;
0.734,-0.725,0.324,-0.725,0.324, 0.187,-0.094,-0.030,0.000,0.000,0.000, 0.016, 0.551, 0.030;
0.746,-0.727,0.331,-0.727,0.331, 0.187,-0.094,-0.030,0.000,0.000,0.000, 0.007, 0.554, 0.030;
0.758,-0.729,0.337,-0.729,0.337, 0.187,-0.094,-0.030,0.000,0.000,0.000,-0.002, 0.558, 0.030;
0.770,-0.731,0.342,-0.731,0.342, 0.187,-0.094,-0.030,0.000,0.000,0.000,-0.010, 0.561, 0.030;
0.782,-0.733,0.348,-0.733,0.348, 0.187,-0.094,-0.030,0.000,0.000,0.000,-0.019, 0.565, 0.030;
0.794,-0.734,0.354,-0.734,0.354, 0.187,-0.094,-0.030,0.000,0.000,0.000,-0.028, 0.568, 0.030;
0.805,-0.735,0.359,-0.735,0.359, 0.187,-0.094,-0.030,0.000,0.000,0.000,-0.037, 0.571, 0.030;
0.817,-0.736,0.364,-0.736,0.364, 0.187,-0.094,-0.030,0.000,0.000,0.000,-0.046, 0.573, 0.030;
0.830,-0.737,0.369,-0.737,0.369, 0.187,-0.094,-0.030,0.000,0.000,0.000,-0.055, 0.576, 0.030;
0.841,-0.738,0.373,-0.738,0.373, 0.187,-0.094,-0.030,0.000,0.000,0.000,-0.064, 0.578, 0.030;
0.853,-0.738,0.378,-0.738,0.378, 0.187,-0.094,-0.030,0.000,0.000,0.000,-0.073, 0.580, 0.030;
0.865,-0.739,0.382,-0.739,0.382, 0.187,-0.094,-0.030,0.000,0.000,0.000,-0.082, 0.582, 0.030;
0.876,-0.739,0.386,-0.739,0.386, 0.187,-0.094,-0.030,0.000,0.000,0.000,-0.090, 0.584, 0.030;
0.887,-0.738,0.390,-0.738,0.390, 0.187,-0.094,-0.030,0.000,0.000,0.000,-0.099, 0.586, 0.030;
0.899,-0.738,0.393,-0.738,0.393, 0.187,-0.094,-0.030,0.000,0.000,0.000,-0.108, 0.587, 0.030;
0.911,-0.738,0.397,-0.738,0.397, 0.187,-0.094,-0.030,0.000,0.000,0.000,-0.117, 0.589, 0.030;
0.921,-0.737,0.400,-0.737,0.400, 0.187,-0.094,-0.030,0.000,0.000,0.000,-0.126, 0.590, 0.030;
0.943,-0.735,0.405,-0.735,0.405, 0.187,-0.094,-0.030,0.000,0.000,0.000,-0.143, 0.592, 0.030;
0.955,-0.734,0.408,-0.734,0.408, 0.187,-0.094,-0.030,0.000,0.000,0.000,-0.152, 0.593, 0.030;
0.966,-0.733,0.411,-0.733,0.411, 0.187,-0.094,-0.030,0.000,0.000,0.000,-0.161, 0.593, 0.030;
0.978,-0.731,0.413,-0.731,0.413, 0.187,-0.094,-0.030,0.000,0.000,0.000,-0.170, 0.593, 0.030;
0.989,-0.729,0.415,-0.729,0.415, 0.187,-0.094,-0.030,0.000,0.000,0.000,-0.179, 0.594, 0.030;
1.001,-0.727,0.417,-0.727,0.417, 0.187,-0.094,-0.030,0.000,0.000,0.000,-0.188, 0.594, 0.030;
1.012,-0.725,0.419,-0.725,0.419, 0.187,-0.094,-0.030,0.000,0.000,0.000,-0.197, 0.594, 0.030;
1.025,-0.723,0.421,-0.723,0.421, 0.187,-0.094,-0.030,0.000,0.000,0.000,-0.207, 0.593, 0.030;
1.037,-0.720,0.422,-0.720,0.422, 0.187,-0.094,-0.030,0.000,0.000,0.000,-0.216, 0.593, 0.030;
1.048,-0.718,0.423,-0.718,0.423, 0.187,-0.094,-0.030,0.000,0.000,0.000,-0.225, 0.592, 0.030;
1.059,-0.721,0.413,-0.721,0.413, 0.187,-0.094,-0.015,0.000,0.000,1.378,-0.234, 0.592, 0.015;
1.070,-0.712,0.425,-0.712,0.425, 0.187,-0.094,-0.030,0.000,0.000,-1.376,-0.243, 0.591, 0.030;
1.082,-0.709,0.426,-0.709,0.426, 0.187,-0.094,-0.030,0.000,0.000,0.000,-0.252, 0.590, 0.030;
1.093,-0.706,0.426,-0.706,0.426, 0.187,-0.094,-0.030,0.000,0.000,0.000,-0.260, 0.588, 0.030;
1.115,-0.699,0.426,-0.699,0.426, 0.187,-0.094,-0.030,0.000,0.000,0.000,-0.277, 0.586, 0.030;
1.126,-0.695,0.426,-0.695,0.426, 0.187,-0.094,-0.030,0.000,0.000,0.000,-0.286, 0.584, 0.030;
1.138,-0.691,0.426,-0.691,0.426, 0.187,-0.094,-0.030,0.000,0.000,0.000,-0.295, 0.582, 0.030;
1.150,-0.687,0.425,-0.687,0.425, 0.187,-0.094,-0.030,0.000,0.000,0.000,-0.304, 0.580, 0.030;
1.161,-0.682,0.425,-0.682,0.425, 0.187,-0.094,-0.030,0.000,0.000,0.000,-0.313, 0.578, 0.030;
1.173,-0.678,0.424,-0.678,0.424, 0.187,-0.094,-0.030,0.000,0.000,0.000,-0.322, 0.575, 0.030;
1.184,-0.673,0.423,-0.673,0.423, 0.187,-0.094,-0.030,0.000,0.000,0.000,-0.330, 0.573, 0.030;
1.196,-0.668,0.421,-0.668,0.421, 0.187,-0.094,-0.030,0.000,0.000,0.000,-0.339, 0.570, 0.030;
1.207,-0.663,0.420,-0.663,0.420, 0.187,-0.094,-0.030,0.000,0.000,0.000,-0.347, 0.567, 0.030;
1.218,-0.658,0.418,-0.658,0.418, 0.187,-0.094,-0.030,0.000,0.000,0.000,-0.356, 0.565, 0.030;
1.229,-0.653,0.416,-0.653,0.416, 0.187,-0.094,-0.030,0.000,0.000,0.000,-0.364, 0.562, 0.030;
1.242,-0.647,0.414,-0.647,0.414, 0.187,-0.094,-0.030,0.000,0.000,0.000,-0.373, 0.558, 0.030;
1.253,-0.642,0.412,-0.642,0.412, 0.187,-0.094,-0.030,0.000,0.000,0.000,-0.381, 0.555, 0.030;
1.264,-0.636,0.410,-0.636,0.410, 0.187,-0.094,-0.030,0.000,0.000,0.000,-0.389, 0.551, 0.030;
1.276,-0.630,0.407,-0.630,0.407, 0.187,-0.094,-0.030,0.000,0.000,0.000,-0.398, 0.547, 0.030;
1.298,-0.619,0.401,-0.619,0.401, 0.187,-0.094,-0.030,0.000,0.000,0.000,-0.413, 0.540, 0.030;
1.310,-0.612,0.398,-0.612,0.398, 0.187,-0.094,-0.030,0.000,0.000,0.000,-0.421, 0.536, 0.030;
1.322,-0.605,0.395,-0.605,0.395, 0.187,-0.094,-0.030,0.000,0.000,0.000,-0.429, 0.531, 0.030;
1.333,-0.599,0.391,-0.599,0.391, 0.187,-0.094,-0.030,0.000,0.000,0.000,-0.437, 0.527, 0.030;
1.345,-0.592,0.387,-0.592,0.387, 0.187,-0.094,-0.030,0.000,0.000,0.000,-0.445, 0.522, 0.030;
1.356,-0.585,0.383,-0.585,0.383, 0.187,-0.094,-0.030,0.000,0.000,0.000,-0.453, 0.518, 0.030;
1.368,-0.578,0.379,-0.578,0.379, 0.187,-0.094,-0.030,0.000,0.000,0.000,-0.461, 0.512, 0.030;
1.380,-0.570,0.375,-0.570,0.375, 0.187,-0.094,-0.030,0.000,0.000,0.000,-0.469, 0.507, 0.030;
1.392,-0.562,0.370,-0.562,0.370, 0.187,-0.094,-0.030,0.000,0.000,0.000,-0.476, 0.502, 0.030;
1.405,-0.555,0.365,-0.555,0.365, 0.187,-0.094,-0.030,0.000,0.000,0.000,-0.484, 0.496, 0.030;
1.417,-0.546,0.360,-0.546,0.360, 0.187,-0.094,-0.030,0.000,0.000,0.000,-0.492, 0.490, 0.030;
1.429,-0.538,0.355,-0.538,0.355, 0.187,-0.094,-0.030,0.000,0.000,0.000,-0.499, 0.485, 0.030;
1.440,-0.531,0.349,-0.531,0.349, 0.187,-0.094,-0.030,0.000,0.000,0.000,-0.506, 0.479, 0.030;
1.452,-0.523,0.344,-0.523,0.344, 0.187,-0.094,-0.030,0.000,0.000,0.000,-0.513, 0.473, 0.030;
1.463,-0.515,0.339,-0.515,0.339, 0.187,-0.094,-0.030,0.000,0.000,0.000,-0.520, 0.467, 0.030;
1.474,-0.507,0.333,-0.507,0.333, 0.187,-0.094,-0.030,0.000,0.000,0.000,-0.526, 0.461, 0.030;
1.486,-0.499,0.327,-0.499,0.327, 0.187,-0.094,-0.030,0.000,0.000,0.000,-0.533, 0.455, 0.030;
1.497,-0.491,0.321,-0.491,0.321, 0.187,-0.094,-0.030,0.000,0.000,0.000,-0.539, 0.449, 0.030;
1.508,-0.482,0.315,-0.482,0.315, 0.187,-0.094,-0.030,0.000,0.000,0.000,-0.545, 0.443, 0.030;
1.530,-0.466,0.303,-0.466,0.303, 0.187,-0.094,-0.030,0.000,0.000,0.000,-0.557, 0.430, 0.030;
1.536,-0.462,0.300,-0.462,0.300, 0.187,-0.094,-0.030,0.000,0.000,0.000,-0.560, 0.427, 0.030;
1.545,-0.454,0.294,-0.454,0.294, 0.187,-0.094,-0.030,0.000,0.000,0.000,-0.565, 0.421, 0.030;
1.567,-0.438,0.282,-0.438,0.282, 0.187,-0.094,-0.030,0.000,0.000,0.000,-0.576, 0.408, 0.030;
1.579,-0.428,0.274,-0.428,0.274, 0.187,-0.094,-0.030,0.000,0.000,0.000,-0.582, 0.401, 0.030;
1.582,-0.426,0.272,-0.426,0.272, 0.187,-0.094,-0.030,0.000,0.000,0.000,-0.583, 0.399, 0.030;
1.603,-0.409,0.259,-0.409,0.259, 0.187,-0.094,-0.030,0.000,0.000,0.000,-0.593, 0.386, 0.030;
1.615,-0.399,0.251,-0.399,0.251, 0.187,-0.094,-0.030,0.000,0.000,0.000,-0.599, 0.378, 0.030;
1.627,-0.389,0.243,-0.389,0.243, 0.187,-0.094,-0.030,0.000,0.000,0.000,-0.604, 0.370, 0.030;
1.639,-0.380,0.234,-0.380,0.234, 0.187,-0.094,-0.030,0.000,0.000,0.000,-0.609, 0.362, 0.030;
1.651,-0.370,0.226,-0.370,0.226, 0.187,-0.094,-0.030,0.000,0.000,0.000,-0.614, 0.354, 0.030;
1.663,-0.360,0.218,-0.360,0.218, 0.187,-0.094,-0.030,0.000,0.000,0.000,-0.619, 0.347, 0.030;
1.674,-0.350,0.210,-0.350,0.210, 0.187,-0.094,-0.030,0.000,0.000,0.000,-0.624, 0.338, 0.030;
1.686,-0.341,0.201,-0.341,0.201, 0.187,-0.094,-0.030,0.000,0.000,0.000,-0.628, 0.331, 0.030;
1.697,-0.331,0.193,-0.331,0.193, 0.187,-0.094,-0.030,0.000,0.000,0.000,-0.632, 0.323, 0.030;
1.709,-0.321,0.185,-0.321,0.185, 0.187,-0.094,-0.030,0.000,0.000,0.000,-0.636, 0.315, 0.030;
1.720,-0.312,0.176,-0.312,0.176, 0.187,-0.094,-0.030,0.000,0.000,0.000,-0.640, 0.307, 0.030;
1.731,-0.302,0.167,-0.302,0.167, 0.187,-0.094,-0.030,0.000,0.000,0.000,-0.644, 0.299, 0.030;
1.742,-0.293,0.159,-0.293,0.159, 0.187,-0.094,-0.030,0.000,0.000,0.000,-0.647, 0.291, 0.030;
1.753,-0.283,0.150,-0.283,0.150, 0.187,-0.094,-0.030,0.000,0.000,0.000,-0.650, 0.283, 0.030;
1.774,-0.265,0.133,-0.265,0.133, 0.187,-0.094,-0.030,0.000,0.000,0.000,-0.656, 0.267, 0.030;
1.786,-0.255,0.124,-0.255,0.124, 0.187,-0.094,-0.030,0.000,0.000,0.000,-0.660, 0.259, 0.030;
1.797,-0.245,0.115,-0.245,0.115, 0.187,-0.094,-0.030,0.000,0.000,0.000,-0.662, 0.250, 0.030;
1.809,-0.234,0.105,-0.234,0.105, 0.187,-0.094,-0.030,0.000,0.000,0.000,-0.665, 0.242, 0.030;
1.820,-0.225,0.096,-0.225,0.096, 0.187,-0.094,-0.030,0.000,0.000,0.000,-0.668, 0.233, 0.030;
1.831,-0.215,0.086,-0.215,0.086, 0.187,-0.094,-0.030,0.000,0.000,0.000,-0.670, 0.225, 0.030;
1.843,-0.205,0.077,-0.205,0.077, 0.187,-0.094,-0.030,0.000,0.000,0.000,-0.672, 0.216, 0.030;
1.854,-0.195,0.067,-0.195,0.067, 0.187,-0.094,-0.030,0.000,0.000,0.000,-0.674, 0.208, 0.030;
1.865,-0.185,0.058,-0.185,0.058, 0.187,-0.094,-0.030,0.000,0.000,0.000,-0.676, 0.199, 0.030;
1.876,-0.176,0.048,-0.176,0.048, 0.187,-0.094,-0.030,0.000,0.000,0.000,-0.678, 0.191, 0.030;
1.887,-0.166,0.039,-0.166,0.039, 0.187,-0.094,-0.030,0.000,0.000,0.000,-0.680, 0.182, 0.030;
1.909,-0.146,0.019,-0.146,0.019, 0.187,-0.094,-0.030,0.000,0.000,0.000,-0.682, 0.165, 0.030;
1.921,-0.136,0.009,-0.136,0.009, 0.187,-0.094,-0.030,0.000,0.000,0.000,-0.684, 0.156, 0.030;
1.933,-0.126,-0.002,-0.126,-0.002, 0.187,-0.094,-0.030,0.000,0.000,0.000,-0.685, 0.146, 0.030;
1.944,-0.115,-0.012,-0.115,-0.012, 0.187,-0.094,-0.030,0.000,0.000,0.000,-0.686, 0.138, 0.030;
1.956,-0.105,-0.024,-0.105,-0.024, 0.187,-0.094,-0.015,0.000,0.000,1.332,-0.686, 0.129, 0.015;
1.967,-0.096,-0.033,-0.096,-0.033, 0.187,-0.094,-0.030,0.000,0.000,-1.338,-0.687, 0.120, 0.030;
1.980,-0.084,-0.045,-0.084,-0.045, 0.187,-0.094,-0.030,0.000,0.000,0.000,-0.687, 0.110, 0.030;
1.992,-0.074,-0.055,-0.074,-0.055, 0.187,-0.094,-0.030,0.000,0.000,0.000,-0.687, 0.100, 0.030;
2.003,-0.064,-0.066,-0.064,-0.066, 0.187,-0.094,-0.030,0.000,0.000,0.000,-0.687, 0.091, 0.030;
2.016,-0.053,-0.078,-0.053,-0.078, 0.187,-0.094,-0.030,0.000,0.000,0.000,-0.687, 0.081, 0.030;
2.028,-0.043,-0.089,-0.043,-0.089, 0.187,-0.094,-0.030,0.000,0.000,0.000,-0.687, 0.072, 0.030;
2.039,-0.033,-0.099,-0.033,-0.099, 0.187,-0.094,-0.030,0.000,0.000,0.000,-0.687, 0.063, 0.030;
2.051,-0.024,-0.110,-0.024,-0.110, 0.187,-0.094,-0.030,0.000,0.000,0.000,-0.686, 0.054, 0.030;
2.062,-0.014,-0.120,-0.014,-0.120, 0.187,-0.094,-0.030,0.000,0.000,0.000,-0.685, 0.045, 0.030;
2.073,-0.005,-0.130,-0.005,-0.130, 0.187,-0.094,-0.030,0.000,0.000,0.000,-0.684, 0.037, 0.030;
2.084,0.004,-0.140,0.004,-0.140, 0.187,-0.094,-0.030,0.000,0.000,0.000,-0.683, 0.028, 0.030;
2.096,0.014,-0.151,0.014,-0.151, 0.187,-0.094,-0.030,0.000,0.000,0.000,-0.682, 0.019, 0.030;
2.116,0.031,-0.171,0.031,-0.171, 0.187,-0.094,-0.030,0.000,0.000,0.000,-0.679, 0.003, 0.030;
2.129,0.041,-0.182,0.041,-0.182, 0.187,-0.094,-0.030,0.000,0.000,0.000,-0.677,-0.007, 0.030;
2.139,0.050,-0.192,0.050,-0.192, 0.187,-0.094,-0.030,0.000,0.000,0.000,-0.676,-0.015, 0.030;
2.151,0.059,-0.203,0.059,-0.203, 0.187,-0.094,-0.030,0.000,0.000,0.000,-0.674,-0.024, 0.030;
2.162,0.068,-0.214,0.068,-0.214, 0.187,-0.094,-0.030,0.000,0.000,0.000,-0.671,-0.032, 0.030;
2.173,0.077,-0.224,0.077,-0.224, 0.187,-0.094,-0.030,0.000,0.000,0.000,-0.669,-0.041, 0.030;
2.184,0.085,-0.234,0.085,-0.234, 0.187,-0.094,-0.030,0.000,0.000,0.000,-0.667,-0.049, 0.030;
2.196,0.094,-0.245,0.094,-0.245, 0.187,-0.094,-0.030,0.000,0.000,0.000,-0.664,-0.058, 0.030;
2.207,0.103,-0.255,0.103,-0.255, 0.187,-0.094,-0.030,0.000,0.000,0.000,-0.661,-0.066, 0.030;
2.218,0.111,-0.265,0.111,-0.265, 0.187,-0.094,-0.030,0.000,0.000,0.000,-0.658,-0.074, 0.030;
2.230,0.120,-0.276,0.120,-0.276, 0.187,-0.094,-0.030,0.000,0.000,0.000,-0.655,-0.083, 0.030;
2.251,0.136,-0.296,0.136,-0.296, 0.187,-0.094,-0.030,0.000,0.000,0.000,-0.649,-0.098, 0.030;
2.263,0.144,-0.306,0.144,-0.306, 0.187,-0.094,-0.030,0.000,0.000,0.000,-0.645,-0.107, 0.030;
2.274,0.152,-0.316,0.152,-0.316, 0.187,-0.094,-0.030,0.000,0.000,0.000,-0.642,-0.115, 0.030;
2.286,0.161,-0.327,0.161,-0.327, 0.187,-0.094,-0.030,0.000,0.000,0.000,-0.638,-0.123, 0.030;
2.297,0.169,-0.337,0.169,-0.337, 0.187,-0.094,-0.030,0.000,0.000,0.000,-0.634,-0.131, 0.030;
2.309,0.177,-0.347,0.177,-0.347, 0.187,-0.094,-0.030,0.000,0.000,0.000,-0.630,-0.139, 0.030;
2.320,0.184,-0.357,0.184,-0.357, 0.187,-0.094,-0.030,0.000,0.000,0.000,-0.626,-0.147, 0.030;
2.331,0.192,-0.367,0.192,-0.367, 0.187,-0.094,-0.030,0.000,0.000,0.000,-0.621,-0.155, 0.030;
2.342,0.199,-0.376,0.199,-0.376, 0.187,-0.094,-0.030,0.000,0.000,0.000,-0.617,-0.162, 0.030;
2.353,0.206,-0.387,0.206,-0.387, 0.187,-0.094,-0.030,0.000,0.000,0.000,-0.612,-0.170, 0.030;
2.365,0.213,-0.396,0.213,-0.396, 0.187,-0.094,-0.030,0.000,0.000,0.000,-0.608,-0.177, 0.030;
2.386,0.227,-0.414,0.227,-0.414, 0.187,-0.094,-0.030,0.000,0.000,0.000,-0.598,-0.191, 0.030;
2.397,0.234,-0.424,0.234,-0.424, 0.187,-0.094,-0.030,0.000,0.000,0.000,-0.593,-0.198, 0.030;
2.409,0.241,-0.434,0.241,-0.434, 0.187,-0.094,-0.030,0.000,0.000,0.000,-0.588,-0.206, 0.030;
2.421,0.247,-0.444,0.247,-0.444, 0.187,-0.094,-0.030,0.000,0.000,0.000,-0.582,-0.213, 0.030;
2.432,0.254,-0.453,0.254,-0.453, 0.187,-0.094,-0.030,0.000,0.000,0.000,-0.576,-0.220, 0.030;
2.444,0.261,-0.463,0.261,-0.463, 0.187,-0.094,-0.030,0.000,0.000,0.000,-0.571,-0.228, 0.030;
2.456,0.267,-0.472,0.267,-0.472, 0.187,-0.094,-0.030,0.000,0.000,0.000,-0.565,-0.234, 0.030;
2.467,0.273,-0.481,0.273,-0.481, 0.187,-0.094,-0.030,0.000,0.000,0.000,-0.559,-0.241, 0.030;
2.479,0.279,-0.491,0.279,-0.491, 0.187,-0.094,-0.030,0.000,0.000,0.000,-0.552,-0.248, 0.030;
2.491,0.285,-0.500,0.285,-0.500, 0.187,-0.094,-0.030,0.000,0.000,0.000,-0.546,-0.255, 0.030;
2.502,0.291,-0.508,0.291,-0.508, 0.187,-0.094,-0.030,0.000,0.000,0.000,-0.540,-0.261, 0.030;
2.514,0.296,-0.517,0.296,-0.517, 0.187,-0.094,-0.030,0.000,0.000,0.000,-0.533,-0.268, 0.030;
2.525,0.302,-0.526,0.302,-0.526, 0.187,-0.094,-0.030,0.000,0.000,0.000,-0.527,-0.274, 0.030;
2.537,0.307,-0.534,0.307,-0.534, 0.187,-0.094,-0.030,0.000,0.000,0.000,-0.520,-0.280, 0.030;
2.548,0.312,-0.543,0.312,-0.543, 0.187,-0.094,-0.030,0.000,0.000,0.000,-0.513,-0.286, 0.030;
2.560,0.317,-0.551,0.317,-0.551, 0.187,-0.094,-0.030,0.000,0.000,0.000,-0.506,-0.291, 0.030;
2.581,0.325,-0.566,0.325,-0.566, 0.187,-0.094,-0.030,0.000,0.000,0.000,-0.493,-0.302, 0.030;
2.594,0.330,-0.574,0.330,-0.574, 0.187,-0.094,-0.030,0.000,0.000,0.000,-0.485,-0.308, 0.030;
2.606,0.334,-0.582,0.334,-0.582, 0.187,-0.094,-0.030,0.000,0.000,0.000,-0.478,-0.313, 0.030;
2.609,0.335,-0.584,0.335,-0.584, 0.187,-0.094,-0.030,0.000,0.000,0.000,-0.476,-0.315, 0.030;
2.630,0.343,-0.598,0.343,-0.598, 0.187,-0.094,-0.030,0.000,0.000,0.000,-0.462,-0.324, 0.030;
2.641,0.347,-0.606,0.347,-0.606, 0.187,-0.094,-0.030,0.000,0.000,0.000,-0.454,-0.329, 0.030;
2.653,0.350,-0.613,0.350,-0.613, 0.187,-0.094,-0.030,0.000,0.000,0.000,-0.447,-0.334, 0.030;
2.665,0.354,-0.620,0.354,-0.620, 0.187,-0.094,-0.030,0.000,0.000,0.000,-0.439,-0.339, 0.030;
2.677,0.357,-0.627,0.357,-0.627, 0.187,-0.094,-0.030,0.000,0.000,0.000,-0.430,-0.343, 0.030;
2.688,0.360,-0.634,0.360,-0.634, 0.187,-0.094,-0.030,0.000,0.000,0.000,-0.423,-0.347, 0.030;
2.700,0.363,-0.641,0.363,-0.641, 0.187,-0.094,-0.030,0.000,0.000,0.000,-0.414,-0.352, 0.030;
2.713,0.366,-0.648,0.366,-0.648, 0.187,-0.094,-0.030,0.000,0.000,0.000,-0.405,-0.356, 0.030;
2.725,0.368,-0.654,0.368,-0.654, 0.187,-0.094,-0.030,0.000,0.000,0.000,-0.397,-0.360, 0.030;
2.737,0.370,-0.660,0.370,-0.660, 0.187,-0.094,-0.030,0.000,0.000,0.000,-0.388,-0.364, 0.030;
2.748,0.373,-0.666,0.373,-0.666, 0.187,-0.094,-0.030,0.000,0.000,0.000,-0.380,-0.368, 0.030;
2.759,0.374,-0.672,0.374,-0.672, 0.187,-0.094,-0.030,0.000,0.000,0.000,-0.372,-0.371, 0.030;
2.770,0.376,-0.677,0.376,-0.677, 0.187,-0.094,-0.030,0.000,0.000,0.000,-0.364,-0.374, 0.030;
2.781,0.378,-0.682,0.378,-0.682, 0.187,-0.094,-0.030,0.000,0.000,0.000,-0.356,-0.377, 0.030;
2.793,0.379,-0.687,0.379,-0.687, 0.187,-0.094,-0.030,0.000,0.000,0.000,-0.348,-0.380, 0.030;
2.804,0.380,-0.692,0.380,-0.692, 0.187,-0.094,-0.030,0.000,0.000,0.000,-0.339,-0.383, 0.030;
2.825,0.382,-0.701,0.382,-0.701, 0.187,-0.094,-0.030,0.000,0.000,0.000,-0.323,-0.388, 0.030;
2.837,0.382,-0.706,0.382,-0.706, 0.187,-0.094,-0.030,0.000,0.000,0.000,-0.314,-0.390, 0.030;
2.849,0.383,-0.711,0.383,-0.711, 0.187,-0.094,-0.030,0.000,0.000,0.000,-0.305,-0.392, 0.030;
2.861,0.383,-0.715,0.383,-0.715, 0.187,-0.094,-0.030,0.000,0.000,0.000,-0.296,-0.394, 0.030;
2.872,0.383,-0.719,0.383,-0.719, 0.187,-0.094,-0.030,0.000,0.000,0.000,-0.287,-0.396, 0.030;
2.884,0.383,-0.723,0.383,-0.723, 0.187,-0.094,-0.030,0.000,0.000,0.000,-0.278,-0.398, 0.030;
2.895,0.383,-0.727,0.383,-0.727, 0.187,-0.094,-0.030,0.000,0.000,0.000,-0.269,-0.400, 0.030;
2.907,0.383,-0.730,0.383,-0.730, 0.187,-0.094,-0.030,0.000,0.000,0.000,-0.260,-0.401, 0.030;
2.919,0.382,-0.733,0.382,-0.733, 0.187,-0.094,-0.030,0.000,0.000,0.000,-0.251,-0.402, 0.030;
2.930,0.381,-0.737,0.381,-0.737, 0.187,-0.094,-0.030,0.000,0.000,0.000,-0.242,-0.403, 0.030;
2.942,0.380,-0.740,0.380,-0.740, 0.187,-0.094,-0.030,0.000,0.000,0.000,-0.233,-0.404, 0.030;
2.953,0.379,-0.742,0.379,-0.742, 0.187,-0.094,-0.030,0.000,0.000,0.000,-0.224,-0.405, 0.030;
2.964,0.378,-0.745,0.378,-0.745, 0.187,-0.094,-0.030,0.000,0.000,0.000,-0.216,-0.405, 0.030;
2.976,0.376,-0.747,0.376,-0.747, 0.187,-0.094,-0.030,0.000,0.000,0.000,-0.207,-0.406, 0.030;
2.998,0.373,-0.751,0.373,-0.751, 0.187,-0.094,-0.030,0.000,0.000,0.000,-0.189,-0.406, 0.030;
3.000,0.372,-0.752,0.372,-0.752, 0.187,-0.094,-0.030,0.000,0.000,0.000,-0.187,-0.406, 0.030;
3.022,0.368,-0.755,0.368,-0.755, 0.187,-0.094,-0.030,0.000,0.000,0.000,-0.170,-0.406, 0.030;
3.025,0.368,-0.755,0.368,-0.755, 0.187,-0.094,-0.030,0.000,0.000,0.000,-0.168,-0.406, 0.030;
3.036,0.365,-0.756,0.365,-0.756, 0.187,-0.094,-0.030,0.000,0.000,0.000,-0.159,-0.405, 0.030;
3.058,0.360,-0.759,0.360,-0.759, 0.187,-0.094,-0.030,0.000,0.000,0.000,-0.142,-0.404, 0.030;
3.070,0.357,-0.759,0.357,-0.759, 0.187,-0.094,-0.030,0.000,0.000,0.000,-0.132,-0.403, 0.030;
3.082,0.353,-0.760,0.353,-0.760, 0.187,-0.094,-0.030,0.000,0.000,0.000,-0.123,-0.402, 0.030;
3.095,0.361,-0.755,0.361,-0.755, 0.187,-0.094,-0.015,0.000,0.000,1.232,-0.113,-0.401, 0.015;
3.106,0.346,-0.761,0.346,-0.761, 0.187,-0.094,-0.030,0.000,0.000,-1.287,-0.104,-0.399, 0.030;
3.118,0.342,-0.761,0.342,-0.761, 0.187,-0.094,-0.030,0.000,0.000,0.000,-0.095,-0.398, 0.030;
3.131,0.338,-0.760,0.338,-0.760, 0.187,-0.094,-0.030,0.000,0.000,0.000,-0.085,-0.396, 0.030;
3.142,0.334,-0.760,0.334,-0.760, 0.187,-0.094,-0.030,0.000,0.000,0.000,-0.077,-0.394, 0.030;
3.154,0.330,-0.759,0.330,-0.759, 0.187,-0.094,-0.030,0.000,0.000,0.000,-0.068,-0.392, 0.030;
3.165,0.325,-0.759,0.325,-0.759, 0.187,-0.094,-0.030,0.000,0.000,0.000,-0.059,-0.389, 0.030;
3.177,0.321,-0.758,0.321,-0.758, 0.187,-0.094,-0.030,0.000,0.000,0.000,-0.050,-0.387, 0.030;
3.188,0.316,-0.757,0.316,-0.757, 0.187,-0.094,-0.030,0.000,0.000,0.000,-0.042,-0.385, 0.030;
3.199,0.312,-0.755,0.312,-0.755, 0.187,-0.094,-0.030,0.000,0.000,0.000,-0.034,-0.382, 0.030;
3.211,0.306,-0.754,0.306,-0.754, 0.187,-0.094,-0.030,0.000,0.000,0.000,-0.025,-0.379, 0.030;
3.222,0.302,-0.752,0.302,-0.752, 0.187,-0.094,-0.030,0.000,0.000,0.000,-0.017,-0.376, 0.030;
3.233,0.296,-0.750,0.296,-0.750, 0.187,-0.094,-0.030,0.000,0.000,0.000,-0.009,-0.373, 0.030;
3.245,0.291,-0.748,0.291,-0.748, 0.187,-0.094,-0.030,0.000,0.000,0.000,-0.000,-0.370, 0.030;
3.266,0.280,-0.743,0.280,-0.743, 0.187,-0.094,-0.030,0.000,0.000,0.000, 0.015,-0.363, 0.030;
3.278,0.274,-0.741,0.274,-0.741, 0.187,-0.094,-0.030,0.000,0.000,0.000, 0.024,-0.359, 0.030;
3.290,0.267,-0.738,0.267,-0.738, 0.187,-0.094,-0.030,0.000,0.000,0.000, 0.033,-0.355, 0.030;
3.302,0.261,-0.735,0.261,-0.735, 0.187,-0.094,-0.030,0.000,0.000,0.000, 0.041,-0.351, 0.030;
3.315,0.254,-0.731,0.254,-0.731, 0.187,-0.094,-0.030,0.000,0.000,0.000, 0.050,-0.346, 0.030;
3.326,0.247,-0.727,0.247,-0.727, 0.187,-0.094,-0.030,0.000,0.000,0.000, 0.058,-0.342, 0.030;
3.340,0.240,-0.723,0.240,-0.723, 0.187,-0.094,-0.030,0.000,0.000,0.000, 0.067,-0.337, 0.030;
3.351,0.233,-0.719,0.233,-0.719, 0.187,-0.094,-0.030,0.000,0.000,0.000, 0.074,-0.332, 0.030;
3.363,0.226,-0.715,0.226,-0.715, 0.187,-0.094,-0.030,0.000,0.000,0.000, 0.082,-0.327, 0.030;
3.375,0.218,-0.711,0.218,-0.711, 0.187,-0.094,-0.030,0.000,0.000,0.000, 0.090,-0.322, 0.030;
3.388,0.210,-0.706,0.210,-0.706, 0.187,-0.094,-0.030,0.000,0.000,0.000, 0.099,-0.316, 0.030;
3.399,0.203,-0.701,0.203,-0.701, 0.187,-0.094,-0.030,0.000,0.000,0.000, 0.106,-0.311, 0.030;
3.412,0.195,-0.696,0.195,-0.696, 0.187,-0.094,-0.030,0.000,0.000,0.000, 0.114,-0.305, 0.030;
3.424,0.186,-0.691,0.186,-0.691, 0.187,-0.094,-0.030,0.000,0.000,0.000, 0.121,-0.299, 0.030;
3.436,0.178,-0.686,0.178,-0.686, 0.187,-0.094,-0.030,0.000,0.000,0.000, 0.129,-0.293, 0.030;
3.448,0.170,-0.680,0.170,-0.680, 0.187,-0.094,-0.030,0.000,0.000,0.000, 0.136,-0.287, 0.030;
3.460,0.162,-0.675,0.162,-0.675, 0.187,-0.094,-0.030,0.000,0.000,0.000, 0.143,-0.282, 0.030;
3.472,0.153,-0.668,0.153,-0.668, 0.187,-0.094,-0.030,0.000,0.000,0.000, 0.150,-0.275, 0.030;
3.484,0.145,-0.662,0.145,-0.662, 0.187,-0.094,-0.030,0.000,0.000,0.000, 0.157,-0.269, 0.030;
3.496,0.136,-0.656,0.136,-0.656, 0.187,-0.094,-0.030,0.000,0.000,0.000, 0.164,-0.262, 0.030;
3.508,0.127,-0.650,0.127,-0.650, 0.187,-0.094,-0.030,0.000,0.000,0.000, 0.170,-0.255, 0.030;
3.520,0.118,-0.643,0.118,-0.643, 0.187,-0.094,-0.030,0.000,0.000,0.000, 0.177,-0.249, 0.030;
3.531,0.110,-0.637,0.110,-0.637, 0.187,-0.094,-0.030,0.000,0.000,0.000, 0.183,-0.242, 0.030;
3.543,0.101,-0.630,0.101,-0.630, 0.187,-0.094,-0.030,0.000,0.000,0.000, 0.189,-0.235, 0.030;
3.554,0.092,-0.624,0.092,-0.624, 0.187,-0.094,-0.030,0.000,0.000,0.000, 0.195,-0.229, 0.030;
3.566,0.083,-0.617,0.083,-0.617, 0.187,-0.094,-0.030,0.000,0.000,0.000, 0.201,-0.222, 0.030;
3.577,0.075,-0.610,0.075,-0.610, 0.187,-0.094,-0.030,0.000,0.000,0.000, 0.206,-0.215, 0.030;
3.588,0.066,-0.603,0.066,-0.603, 0.187,-0.094,-0.030,0.000,0.000,0.000, 0.211,-0.208, 0.030;
3.600,0.056,-0.595,0.056,-0.595, 0.187,-0.094,-0.030,0.000,0.000,0.000, 0.217,-0.200, 0.030;
3.612,0.047,-0.587,0.047,-0.587, 0.187,-0.094,-0.030,0.000,0.000,0.000, 0.222,-0.193, 0.030;
3.633,0.029,-0.573,0.029,-0.573, 0.187,-0.094,-0.030,0.000,0.000,0.000, 0.232,-0.179, 0.030;
3.645,0.019,-0.565,0.019,-0.565, 0.187,-0.094,-0.030,0.000,0.000,0.000, 0.237,-0.171, 0.030;
3.657,0.009,-0.556,0.009,-0.556, 0.187,-0.094,-0.030,0.000,0.000,0.000, 0.242,-0.163, 0.030;
3.661,0.006,-0.553,0.006,-0.553, 0.187,-0.094,-0.030,0.000,0.000,0.000, 0.243,-0.160, 0.030;
3.672,-0.003,-0.546,-0.003,-0.546, 0.187,-0.094,-0.030,0.000,0.000,0.000, 0.248,-0.152, 0.030;
3.694,-0.021,-0.530,-0.021,-0.530, 0.187,-0.094,-0.030,0.000,0.000,0.000, 0.256,-0.137, 0.030;
3.706,-0.032,-0.521,-0.032,-0.521, 0.187,-0.094,-0.030,0.000,0.000,0.000, 0.260,-0.129, 0.030;
3.718,-0.042,-0.512,-0.042,-0.512, 0.187,-0.094,-0.030,0.000,0.000,0.000, 0.264,-0.121, 0.030;
3.729,-0.052,-0.503,-0.052,-0.503, 0.187,-0.094,-0.030,0.000,0.000,0.000, 0.268,-0.112, 0.030;
3.741,-0.062,-0.494,-0.062,-0.494, 0.187,-0.094,-0.030,0.000,0.000,0.000, 0.272,-0.104, 0.030;
3.753,-0.072,-0.485,-0.072,-0.485, 0.187,-0.094,-0.030,0.000,0.000,0.000, 0.275,-0.095, 0.030;
3.765,-0.082,-0.475,-0.082,-0.475, 0.187,-0.094,-0.030,0.000,0.000,0.000, 0.279,-0.087, 0.030;
3.776,-0.092,-0.466,-0.092,-0.466, 0.187,-0.094,-0.030,0.000,0.000,0.000, 0.282,-0.078, 0.030;
3.788,-0.103,-0.456,-0.103,-0.456, 0.187,-0.094,-0.030,0.000,0.000,0.000, 0.285,-0.069, 0.030;
3.801,-0.113,-0.446,-0.113,-0.446, 0.187,-0.094,-0.030,0.000,0.000,0.000, 0.288,-0.060, 0.030;
3.812,-0.124,-0.437,-0.124,-0.437, 0.187,-0.094,-0.030,0.000,0.000,0.000, 0.291,-0.052, 0.030;
3.824,-0.134,-0.427,-0.134,-0.427, 0.187,-0.094,-0.030,0.000,0.000,0.000, 0.294,-0.043, 0.030;
3.835,-0.144,-0.418,-0.144,-0.418, 0.187,-0.094,-0.030,0.000,0.000,0.000, 0.296,-0.034, 0.030;
3.846,-0.153,-0.408,-0.153,-0.408, 0.187,-0.094,-0.030,0.000,0.000,0.000, 0.298,-0.026, 0.030;
3.857,-0.163,-0.399,-0.163,-0.399, 0.187,-0.094,-0.030,0.000,0.000,0.000, 0.300,-0.017, 0.030;
3.868,-0.173,-0.389,-0.173,-0.389, 0.187,-0.094,-0.030,0.000,0.000,0.000, 0.302,-0.009, 0.030;
3.890,-0.192,-0.370,-0.192,-0.370, 0.187,-0.094,-0.030,0.000,0.000,0.000, 0.305, 0.008, 0.030;
3.902,-0.203,-0.360,-0.203,-0.360, 0.187,-0.094,-0.030,0.000,0.000,0.000, 0.307, 0.017, 0.030;
3.904,-0.205,-0.358,-0.205,-0.358, 0.187,-0.094,-0.030,0.000,0.000,0.000, 0.307, 0.019, 0.030;
3.926,-0.224,-0.338,-0.224,-0.338, 0.187,-0.094,-0.030,0.000,0.000,0.000, 0.309, 0.036, 0.030;
3.937,-0.234,-0.328,-0.234,-0.328, 0.187,-0.094,-0.030,0.000,0.000,0.000, 0.310, 0.045, 0.030;
3.949,-0.244,-0.318,-0.244,-0.318, 0.187,-0.094,-0.030,0.000,0.000,0.000, 0.311, 0.054, 0.030;
3.962,-0.255,-0.306,-0.255,-0.306, 0.187,-0.094,-0.030,0.000,0.000,0.000, 0.312, 0.064, 0.030;
3.975,-0.266,-0.294,-0.266,-0.294, 0.187,-0.094,-0.030,0.000,0.000,0.000, 0.312, 0.074, 0.030;
3.987,-0.277,-0.283,-0.277,-0.283, 0.187,-0.094,-0.030,0.000,0.000,0.000, 0.312, 0.083, 0.030;
3.999,-0.287,-0.273,-0.287,-0.273, 0.187,-0.094,-0.030,0.000,0.000,0.000, 0.313, 0.093, 0.030;
4.011,-0.298,-0.262,-0.298,-0.262, 0.187,-0.094,-0.030,0.000,0.000,0.000, 0.312, 0.102, 0.030;
4.023,-0.308,-0.250,-0.308,-0.250, 0.187,-0.094,-0.030,0.000,0.000,0.000, 0.312, 0.112, 0.030;
4.035,-0.318,-0.239,-0.318,-0.239, 0.187,-0.094,-0.030,0.000,0.000,0.000, 0.312, 0.121, 0.030;
4.047,-0.328,-0.228,-0.328,-0.228, 0.187,-0.094,-0.030,0.000,0.000,0.000, 0.311, 0.130, 0.030;
4.058,-0.338,-0.217,-0.338,-0.217, 0.187,-0.094,-0.030,0.000,0.000,0.000, 0.310, 0.140, 0.030;
4.070,-0.348,-0.206,-0.348,-0.206, 0.187,-0.094,-0.030,0.000,0.000,0.000, 0.309, 0.149, 0.030;
4.082,-0.358,-0.196,-0.358,-0.196, 0.187,-0.094,-0.030,0.000,0.000,0.000, 0.308, 0.158, 0.030;
4.094,-0.368,-0.185,-0.368,-0.185, 0.187,-0.094,-0.030,0.000,0.000,0.000, 0.307, 0.167, 0.030;
4.106,-0.378,-0.173,-0.378,-0.173, 0.187,-0.094,-0.030,0.000,0.000,0.000, 0.306, 0.176, 0.030;
4.117,-0.387,-0.163,-0.387,-0.163, 0.187,-0.094,-0.030,0.000,0.000,0.000, 0.304, 0.185, 0.030;
4.128,-0.396,-0.152,-0.396,-0.152, 0.187,-0.094,-0.030,0.000,0.000,0.000, 0.302, 0.194, 0.030;
4.139,-0.405,-0.142,-0.405,-0.142, 0.187,-0.094,-0.030,0.000,0.000,0.000, 0.301, 0.202, 0.030;
4.150,-0.414,-0.132,-0.414,-0.132, 0.187,-0.094,-0.030,0.000,0.000,0.000, 0.299, 0.211, 0.030;
4.161,-0.423,-0.121,-0.423,-0.121, 0.187,-0.094,-0.030,0.000,0.000,0.000, 0.297, 0.219, 0.030;
4.183,-0.440,-0.101,-0.440,-0.101, 0.187,-0.094,-0.030,0.000,0.000,0.000, 0.292, 0.236, 0.030;
4.195,-0.449,-0.090,-0.449,-0.090, 0.187,-0.094,-0.030,0.000,0.000,0.000, 0.289, 0.244, 0.030;
4.207,-0.458,-0.079,-0.458,-0.079, 0.187,-0.094,-0.030,0.000,0.000,0.000, 0.286, 0.253, 0.030;
4.220,-0.468,-0.067,-0.468,-0.067, 0.187,-0.094,-0.030,0.000,0.000,0.000, 0.283, 0.263, 0.030;
4.232,-0.477,-0.056,-0.477,-0.056, 0.187,-0.094,-0.030,0.000,0.000,0.000, 0.280, 0.272, 0.030;
4.243,-0.485,-0.046,-0.485,-0.046, 0.187,-0.094,-0.030,0.000,0.000,0.000, 0.276, 0.280, 0.030;
4.255,-0.494,-0.035,-0.494,-0.035, 0.187,-0.094,-0.030,0.000,0.000,0.000, 0.273, 0.289, 0.030;
4.266,-0.502,-0.025,-0.502,-0.025, 0.187,-0.094,-0.030,0.000,0.000,0.000, 0.269, 0.297, 0.030;
4.278,-0.510,-0.015,-0.510,-0.015, 0.187,-0.094,-0.030,0.000,0.000,0.000, 0.266, 0.305, 0.030;
4.289,-0.518,-0.005,-0.518,-0.005, 0.187,-0.094,-0.030,0.000,0.000,0.000, 0.262, 0.313, 0.030;
4.301,-0.527,0.006,-0.527,0.006, 0.187,-0.094,-0.030,0.000,0.000,0.000, 0.258, 0.321, 0.030;
4.313,-0.535,0.017,-0.535,0.017, 0.187,-0.094,-0.030,0.000,0.000,0.000, 0.253, 0.330, 0.030;
4.324,-0.542,0.027,-0.542,0.027, 0.187,-0.094,-0.030,0.000,0.000,0.000, 0.249, 0.337, 0.030;
4.336,-0.550,0.037,-0.550,0.037, 0.187,-0.094,-0.030,0.000,0.000,0.000, 0.245, 0.345, 0.030;
4.347,-0.557,0.047,-0.557,0.047, 0.187,-0.094,-0.030,0.000,0.000,0.000, 0.240, 0.353, 0.030;
4.358,-0.564,0.056,-0.564,0.056, 0.187,-0.094,-0.030,0.000,0.000,0.000, 0.236, 0.360, 0.030;
4.369,-0.572,0.066,-0.572,0.066, 0.187,-0.094,-0.030,0.000,0.000,0.000, 0.231, 0.368, 0.030;
4.391,-0.585,0.084,-0.585,0.084, 0.187,-0.094,-0.030,0.000,0.000,0.000, 0.221, 0.382, 0.030;
4.402,-0.592,0.094,-0.592,0.094, 0.187,-0.094,-0.030,0.000,0.000,0.000, 0.216, 0.389, 0.030;
4.414,-0.598,0.103,-0.598,0.103, 0.187,-0.094,-0.030,0.000,0.000,0.000, 0.211, 0.396, 0.030;
4.425,-0.605,0.113,-0.605,0.113, 0.187,-0.094,-0.030,0.000,0.000,0.000, 0.205, 0.404, 0.030;
4.437,-0.612,0.122,-0.612,0.122, 0.187,-0.094,-0.030,0.000,0.000,0.000, 0.199, 0.411, 0.030;
4.448,-0.618,0.132,-0.618,0.132, 0.187,-0.094,-0.030,0.000,0.000,0.000, 0.194, 0.417, 0.030;
4.460,-0.624,0.141,-0.624,0.141, 0.187,-0.094,-0.030,0.000,0.000,0.000, 0.188, 0.424, 0.030;
4.471,-0.630,0.150,-0.630,0.150, 0.187,-0.094,-0.030,0.000,0.000,0.000, 0.182, 0.431, 0.030;
4.482,-0.636,0.159,-0.636,0.159, 0.187,-0.094,-0.030,0.000,0.000,0.000, 0.176, 0.437, 0.030;
4.494,-0.642,0.168,-0.642,0.168, 0.187,-0.094,-0.030,0.000,0.000,0.000, 0.169, 0.444, 0.030;
4.505,-0.647,0.176,-0.647,0.176, 0.187,-0.094,-0.030,0.000,0.000,0.000, 0.163, 0.450, 0.030;
4.516,-0.653,0.185,-0.653,0.185, 0.187,-0.094,-0.030,0.000,0.000,0.000, 0.157, 0.456, 0.030;
4.538,-0.662,0.201,-0.662,0.201, 0.187,-0.094,-0.030,0.000,0.000,0.000, 0.144, 0.468, 0.030;
4.550,-0.668,0.209,-0.668,0.209, 0.187,-0.094,-0.030,0.000,0.000,0.000, 0.137, 0.474, 0.030;
4.554,-0.669,0.212,-0.669,0.212, 0.187,-0.094,-0.030,0.000,0.000,0.000, 0.135, 0.476, 0.030;
4.565,-0.674,0.220,-0.674,0.220, 0.187,-0.094,-0.030,0.000,0.000,0.000, 0.128, 0.481, 0.030;
4.586,-0.682,0.235,-0.682,0.235, 0.187,-0.094,-0.030,0.000,0.000,0.000, 0.115, 0.492, 0.030;
4.599,-0.687,0.244,-0.687,0.244, 0.187,-0.094,-0.030,0.000,0.000,0.000, 0.107, 0.498, 0.030;
4.601,-0.688,0.245,-0.688,0.245, 0.187,-0.094,-0.030,0.000,0.000,0.000, 0.106, 0.499, 0.030;
4.623,-0.696,0.260,-0.696,0.260, 0.187,-0.094,-0.030,0.000,0.000,0.000, 0.092, 0.509, 0.030;
4.635,-0.700,0.267,-0.700,0.267, 0.187,-0.094,-0.030,0.000,0.000,0.000, 0.084, 0.514, 0.030;
4.647,-0.704,0.275,-0.704,0.275, 0.187,-0.094,-0.030,0.000,0.000,0.000, 0.076, 0.519, 0.030;
4.659,-0.707,0.282,-0.707,0.282, 0.187,-0.094,-0.030,0.000,0.000,0.000, 0.067, 0.524, 0.030;
4.670,-0.710,0.289,-0.710,0.289, 0.187,-0.094,-0.030,0.000,0.000,0.000, 0.060, 0.528, 0.030;
4.683,-0.714,0.297,-0.714,0.297, 0.187,-0.094,-0.030,0.000,0.000,0.000, 0.051, 0.533, 0.030;
4.696,-0.717,0.304,-0.717,0.304, 0.187,-0.094,-0.030,0.000,0.000,0.000, 0.042, 0.538, 0.030;
4.708,-0.720,0.311,-0.720,0.311, 0.187,-0.094,-0.030,0.000,0.000,0.000, 0.034, 0.542, 0.030;
4.720,-0.722,0.317,-0.722,0.317, 0.187,-0.094,-0.030,0.000,0.000,0.000, 0.025, 0.546, 0.030;
4.732,-0.725,0.324,-0.725,0.324, 0.187,-0.094,-0.030,0.000,0.000,0.000, 0.016, 0.550, 0.030;
4.745,-0.727,0.330,-0.727,0.330, 0.187,-0.094,-0.030,0.000,0.000,0.000, 0.008, 0.554, 0.030;
4.756,-0.729,0.336,-0.729,0.336, 0.187,-0.094,-0.030,0.000,0.000,0.000,-0.000, 0.557, 0.030;
4.768,-0.731,0.342,-0.731,0.342, 0.187,-0.094,-0.030,0.000,0.000,0.000,-0.009, 0.561, 0.030;
4.780,-0.733,0.347,-0.733,0.347, 0.187,-0.094,-0.030,0.000,0.000,0.000,-0.018, 0.564, 0.030;
4.791,-0.734,0.352,-0.734,0.352, 0.187,-0.094,-0.030,0.000,0.000,0.000,-0.026, 0.567, 0.030;
4.803,-0.735,0.358,-0.735,0.358, 0.187,-0.094,-0.030,0.000,0.000,0.000,-0.035, 0.570, 0.030;
4.815,-0.736,0.363,-0.736,0.363, 0.187,-0.094,-0.030,0.000,0.000,0.000,-0.044, 0.573, 0.030;
4.827,-0.737,0.368,-0.737,0.368, 0.187,-0.094,-0.030,0.000,0.000,0.000,-0.053, 0.575, 0.030;
4.838,-0.738,0.372,-0.738,0.372, 0.187,-0.094,-0.030,0.000,0.000,0.000,-0.062, 0.578, 0.030;
4.850,-0.738,0.377,-0.738,0.377, 0.187,-0.094,-0.030,0.000,0.000,0.000,-0.071, 0.580, 0.030;
4.862,-0.739,0.381,-0.739,0.381, 0.187,-0.094,-0.030,0.000,0.000,0.000,-0.080, 0.582, 0.030;
4.873,-0.739,0.385,-0.739,0.385, 0.187,-0.094,-0.030,0.000,0.000,0.000,-0.088, 0.584, 0.030;
4.885,-0.739,0.389,-0.739,0.389, 0.187,-0.094,-0.030,0.000,0.000,0.000,-0.098, 0.586, 0.030;
4.896,-0.738,0.393,-0.738,0.393, 0.187,-0.094,-0.030,0.000,0.000,0.000,-0.106, 0.587, 0.030;
4.908,-0.738,0.396,-0.738,0.396, 0.187,-0.094,-0.030,0.000,0.000,0.000,-0.115, 0.588, 0.030;
4.929,-0.736,0.402,-0.736,0.402, 0.187,-0.094,-0.030,0.000,0.000,0.000,-0.132, 0.591, 0.030;
4.933,-0.736,0.403,-0.736,0.403, 0.187,-0.094,-0.030,0.000,0.000,0.000,-0.135, 0.591, 0.030;
4.945,-0.735,0.406,-0.735,0.406, 0.187,-0.094,-0.030,0.000,0.000,0.000,-0.144, 0.592, 0.030;
4.966,-0.733,0.411,-0.733,0.411, 0.187,-0.094,-0.030,0.000,0.000,0.000,-0.161, 0.593, 0.030;
4.978,-0.731,0.413,-0.731,0.413, 0.187,-0.094,-0.030,0.000,0.000,0.000,-0.170, 0.593, 0.030;
4.990,-0.729,0.416,-0.729,0.416, 0.187,-0.094,-0.030,0.000,0.000,0.000,-0.180, 0.594, 0.030;
5.002,-0.727,0.418,-0.727,0.418, 0.187,-0.094,-0.030,0.000,0.000,0.000,-0.189, 0.594, 0.030;
5.014,-0.725,0.419,-0.725,0.419, 0.187,-0.094,-0.030,0.000,0.000,0.000,-0.198, 0.594, 0.030;
5.025,-0.723,0.421,-0.723,0.421, 0.187,-0.094,-0.030,0.000,0.000,0.000,-0.207, 0.593, 0.030;
5.037,-0.720,0.422,-0.720,0.422, 0.187,-0.094,-0.030,0.000,0.000,0.000,-0.217, 0.593, 0.030;
5.050,-0.717,0.424,-0.717,0.424, 0.187,-0.094,-0.030,0.000,0.000,0.000,-0.227, 0.592, 0.030;
5.061,-0.714,0.425,-0.714,0.425, 0.187,-0.094,-0.030,0.000,0.000,0.000,-0.236, 0.591, 0.030;
5.073,-0.711,0.425,-0.711,0.425, 0.187,-0.094,-0.030,0.000,0.000,0.000,-0.245, 0.590, 0.030;
5.085,-0.708,0.426,-0.708,0.426, 0.187,-0.094,-0.030,0.000,0.000,0.000,-0.254, 0.589, 0.030;
5.098,-0.704,0.426,-0.704,0.426, 0.187,-0.094,-0.030,0.000,0.000,0.000,-0.264, 0.588, 0.030;
5.110,-0.700,0.426,-0.700,0.426, 0.187,-0.094,-0.030,0.000,0.000,0.000,-0.273, 0.586, 0.030;
5.122,-0.697,0.426,-0.697,0.426, 0.187,-0.094,-0.030,0.000,0.000,0.000,-0.283, 0.585, 0.030;
5.134,-0.692,0.426,-0.692,0.426, 0.187,-0.094,-0.030,0.000,0.000,0.000,-0.292, 0.583, 0.030;
5.146,-0.688,0.426,-0.688,0.426, 0.187,-0.094,-0.030,0.000,0.000,0.000,-0.301, 0.581, 0.030;
5.157,-0.684,0.425,-0.684,0.425, 0.187,-0.094,-0.030,0.000,0.000,0.000,-0.310, 0.579, 0.030;
5.169,-0.679,0.424,-0.679,0.424, 0.187,-0.094,-0.030,0.000,0.000,0.000,-0.318, 0.576, 0.030;
5.180,-0.675,0.423,-0.675,0.423, 0.187,-0.094,-0.030,0.000,0.000,0.000,-0.327, 0.574, 0.030;
5.191,-0.670,0.422,-0.670,0.422, 0.187,-0.094,-0.030,0.000,0.000,0.000,-0.336, 0.571, 0.030;
5.203,-0.665,0.420,-0.665,0.420, 0.187,-0.094,-0.030,0.000,0.000,0.000,-0.344, 0.569, 0.030;
5.214,-0.660,0.419,-0.660,0.419, 0.187,-0.094,-0.030,0.000,0.000,0.000,-0.352, 0.566, 0.030;
5.225,-0.655,0.417,-0.655,0.417, 0.187,-0.094,-0.030,0.000,0.000,0.000,-0.361, 0.563, 0.030;
5.247,-0.645,0.413,-0.645,0.413, 0.187,-0.094,-0.030,0.000,0.000,0.000,-0.377, 0.557, 0.030;
5.259,-0.639,0.411,-0.639,0.411, 0.187,-0.094,-0.030,0.000,0.000,0.000,-0.385, 0.553, 0.030;
5.270,-0.633,0.408,-0.633,0.408, 0.187,-0.094,-0.030,0.000,0.000,0.000,-0.393, 0.549, 0.030;
5.282,-0.627,0.405,-0.627,0.405, 0.187,-0.094,-0.030,0.000,0.000,0.000,-0.402, 0.545, 0.030;
5.294,-0.620,0.402,-0.620,0.402, 0.187,-0.094,-0.030,0.000,0.000,0.000,-0.410, 0.541, 0.030;
5.307,-0.614,0.399,-0.614,0.399, 0.187,-0.094,-0.030,0.000,0.000,0.000,-0.419, 0.537, 0.030;
5.318,-0.607,0.396,-0.607,0.396, 0.187,-0.094,-0.030,0.000,0.000,0.000,-0.427, 0.532, 0.030;
5.330,-0.600,0.392,-0.600,0.392, 0.187,-0.094,-0.030,0.000,0.000,0.000,-0.435, 0.528, 0.030;
5.342,-0.593,0.388,-0.593,0.388, 0.187,-0.094,-0.030,0.000,0.000,0.000,-0.444, 0.523, 0.030;
5.354,-0.586,0.384,-0.586,0.384, 0.187,-0.094,-0.030,0.000,0.000,0.000,-0.452, 0.518, 0.030;
5.366,-0.579,0.380,-0.579,0.380, 0.187,-0.094,-0.030,0.000,0.000,0.000,-0.459, 0.514, 0.030;
5.377,-0.572,0.376,-0.572,0.376, 0.187,-0.094,-0.030,0.000,0.000,0.000,-0.467, 0.508, 0.030;
5.388,-0.565,0.371,-0.565,0.371, 0.187,-0.094,-0.030,0.000,0.000,0.000,-0.474, 0.504, 0.030;
5.399,-0.558,0.367,-0.558,0.367, 0.187,-0.094,-0.030,0.000,0.000,0.000,-0.481, 0.499, 0.030;
5.411,-0.551,0.362,-0.551,0.362, 0.187,-0.094,-0.030,0.000,0.000,0.000,-0.488, 0.493, 0.030;
5.421,-0.543,0.358,-0.543,0.358, 0.187,-0.094,-0.030,0.000,0.000,0.000,-0.495, 0.488, 0.030;
5.443,-0.529,0.348,-0.529,0.348, 0.187,-0.094,-0.030,0.000,0.000,0.000,-0.508, 0.478, 0.030;
5.454,-0.521,0.343,-0.521,0.343, 0.187,-0.094,-0.030,0.000,0.000,0.000,-0.515, 0.472, 0.030;
5.465,-0.513,0.337,-0.513,0.337, 0.187,-0.094,-0.030,0.000,0.000,0.000,-0.521, 0.466, 0.030;
5.477,-0.505,0.332,-0.505,0.332, 0.187,-0.094,-0.030,0.000,0.000,0.000,-0.528, 0.460, 0.030;
5.488,-0.497,0.326,-0.497,0.326, 0.187,-0.094,-0.030,0.000,0.000,0.000,-0.534, 0.454, 0.030;
5.499,-0.489,0.320,-0.489,0.320, 0.187,-0.094,-0.030,0.000,0.000,0.000,-0.541, 0.448, 0.030;
5.510,-0.481,0.314,-0.481,0.314, 0.187,-0.094,-0.030,0.000,0.000,0.000,-0.547, 0.442, 0.030;
5.521,-0.473,0.308,-0.473,0.308, 0.187,-0.094,-0.030,0.000,0.000,0.000,-0.553, 0.435, 0.030;
5.532,-0.464,0.302,-0.464,0.302, 0.187,-0.094,-0.030,0.000,0.000,0.000,-0.558, 0.429, 0.030;
5.544,-0.455,0.295,-0.455,0.295, 0.187,-0.094,-0.030,0.000,0.000,0.000,-0.565, 0.422, 0.030;
5.565,-0.439,0.283,-0.439,0.283, 0.187,-0.094,-0.030,0.000,0.000,0.000,-0.575, 0.410, 0.030;
5.576,-0.430,0.276,-0.430,0.276, 0.187,-0.094,-0.030,0.000,0.000,0.000,-0.581, 0.403, 0.030;
5.589,-0.420,0.268,-0.420,0.268, 0.187,-0.094,-0.030,0.000,0.000,0.000,-0.587, 0.395, 0.030;
5.601,-0.411,0.260,-0.411,0.260, 0.187,-0.094,-0.030,0.000,0.000,0.000,-0.592, 0.387, 0.030;
5.613,-0.401,0.252,-0.401,0.252, 0.187,-0.094,-0.030,0.000,0.000,0.000,-0.598, 0.379, 0.030;
5.626,-0.390,0.243,-0.390,0.243, 0.187,-0.094,-0.030,0.000,0.000,0.000,-0.604, 0.371, 0.030;
5.630,-0.387,0.241,-0.387,0.241, 0.187,-0.094,-0.030,0.000,0.000,0.000,-0.605, 0.369, 0.030;
5.641,-0.378,0.233,-0.378,0.233, 0.187,-0.094,-0.030,0.000,0.000,0.000,-0.610, 0.361, 0.030;
5.663,-0.360,0.218,-0.360,0.218, 0.187,-0.094,-0.030,0.000,0.000,0.000,-0.619, 0.347, 0.030;
5.675,-0.350,0.209,-0.350,0.209, 0.187,-0.094,-0.030,0.000,0.000,0.000,-0.624, 0.338, 0.030;
5.679,-0.346,0.206,-0.346,0.206, 0.187,-0.094,-0.030,0.000,0.000,0.000,-0.625, 0.335, 0.030;
5.690,-0.337,0.198,-0.337,0.198, 0.187,-0.094,-0.030,0.000,0.000,0.000,-0.629, 0.328, 0.030;
5.712,-0.319,0.182,-0.319,0.182, 0.187,-0.094,-0.030,0.000,0.000,0.000,-0.637, 0.313, 0.030;
5.723,-0.309,0.173,-0.309,0.173, 0.187,-0.094,-0.030,0.000,0.000,0.000,-0.641, 0.304, 0.030;
5.736,-0.298,0.164,-0.298,0.164, 0.187,-0.094,-0.030,0.000,0.000,0.000,-0.645, 0.295, 0.030;
5.747,-0.288,0.155,-0.288,0.155, 0.187,-0.094,-0.030,0.000,0.000,0.000,-0.649, 0.287, 0.030;
5.759,-0.278,0.146,-0.278,0.146, 0.187,-0.094,-0.030,0.000,0.000,0.000,-0.652, 0.279, 0.030;
5.771,-0.267,0.136,-0.267,0.136, 0.187,-0.094,-0.030,0.000,0.000,0.000,-0.656, 0.269, 0.030;
5.783,-0.257,0.126,-0.257,0.126, 0.187,-0.094,-0.030,0.000,0.000,0.000,-0.659, 0.261, 0.030;
5.795,-0.248,0.113,-0.248,0.113, 0.187,-0.094,-0.015,0.000,0.000,1.285,-0.662, 0.252, 0.015;
5.807,-0.236,0.107,-0.236,0.107, 0.187,-0.094,-0.030,0.000,0.000,-1.286,-0.665, 0.243, 0.030;
5.819,-0.226,0.097,-0.226,0.097, 0.187,-0.094,-0.030,0.000,0.000,0.000,-0.667, 0.234, 0.030;
5.831,-0.215,0.087,-0.215,0.087, 0.187,-0.094,-0.030,0.000,0.000,0.000,-0.670, 0.225, 0.030;
5.842,-0.205,0.077,-0.205,0.077, 0.187,-0.094,-0.030,0.000,0.000,0.000,-0.672, 0.216, 0.030;
5.855,-0.194,0.066,-0.194,0.066, 0.187,-0.094,-0.030,0.000,0.000,0.000,-0.675, 0.207, 0.030;
5.867,-0.184,0.056,-0.184,0.056, 0.187,-0.094,-0.030,0.000,0.000,0.000,-0.677, 0.198, 0.030;
5.879,-0.173,0.045,-0.173,0.045, 0.187,-0.094,-0.030,0.000,0.000,0.000,-0.679, 0.188, 0.030;
5.891,-0.162,0.035,-0.162,0.035, 0.187,-0.094,-0.030,0.000,0.000,0.000,-0.680, 0.179, 0.030;
5.903,-0.152,0.025,-0.152,0.025, 0.187,-0.094,-0.030,0.000,0.000,0.000,-0.682, 0.170, 0.030;
5.914,-0.142,0.015,-0.142,0.015, 0.187,-0.094,-0.030,0.000,0.000,0.000,-0.683, 0.161, 0.030;
5.925,-0.132,0.005,-0.132,0.005, 0.187,-0.094,-0.030,0.000,0.000,0.000,-0.684, 0.152, 0.030;
5.937,-0.122,-0.006,-0.122,-0.006, 0.187,-0.094,-0.030,0.000,0.000,0.000,-0.685, 0.143, 0.030;
5.948,-0.112,-0.016,-0.112,-0.016, 0.187,-0.094,-0.030,0.000,0.000,0.000,-0.686, 0.135, 0.030;
5.959,-0.102,-0.026,-0.102,-0.026, 0.187,-0.094,-0.030,0.000,0.000,0.000,-0.686, 0.126, 0.030;
5.981,-0.084,-0.045,-0.084,-0.045, 0.187,-0.094,-0.030,0.000,0.000,0.000,-0.687, 0.109, 0.030;
5.992,-0.073,-0.056,-0.073,-0.056, 0.187,-0.094,-0.030,0.000,0.000,0.000,-0.687, 0.100, 0.030;
6.004,-0.063,-0.067,-0.063,-0.067, 0.187,-0.094,-0.030,0.000,0.000,0.000,-0.687, 0.091, 0.030;
6.016,-0.053,-0.078,-0.053,-0.078, 0.187,-0.094,-0.030,0.000,0.000,0.000,-0.687, 0.081, 0.030;
6.029,-0.042,-0.089,-0.042,-0.089, 0.187,-0.094,-0.030,0.000,0.000,0.000,-0.687, 0.071, 0.030;
6.040,-0.032,-0.100,-0.032,-0.100, 0.187,-0.094,-0.030,0.000,0.000,0.000,-0.686, 0.062, 0.030;
6.053,-0.022,-0.112,-0.022,-0.112, 0.187,-0.094,-0.030,0.000,0.000,0.000,-0.686, 0.052, 0.030;
6.066,-0.011,-0.124,-0.011,-0.124, 0.187,-0.094,-0.030,0.000,0.000,0.000,-0.685, 0.042, 0.030;
6.078,-0.000,-0.135,-0.000,-0.135, 0.187,-0.094,-0.030,0.000,0.000,0.000,-0.684, 0.033, 0.030;
6.090,0.010,-0.147,0.010,-0.147, 0.187,-0.094,-0.030,0.000,0.000,0.000,-0.682, 0.023, 0.030;
6.102,0.019,-0.157,0.019,-0.157, 0.187,-0.094,-0.030,0.000,0.000,0.000,-0.681, 0.014, 0.030;
6.113,0.029,-0.168,0.029,-0.168, 0.187,-0.094,-0.030,0.000,0.000,0.000,-0.680, 0.005, 0.030;
6.125,0.039,-0.179,0.039,-0.179, 0.187,-0.094,-0.030,0.000,0.000,0.000,-0.678,-0.004, 0.030;
6.138,0.049,-0.191,0.049,-0.191, 0.187,-0.094,-0.030,0.000,0.000,0.000,-0.676,-0.014, 0.030;
6.149,0.058,-0.202,0.058,-0.202, 0.187,-0.094,-0.030,0.000,0.000,0.000,-0.674,-0.022, 0.030;
6.161,0.067,-0.213,0.067,-0.213, 0.187,-0.094,-0.030,0.000,0.000,0.000,-0.672,-0.032, 0.030;
6.174,0.077,-0.225,0.077,-0.225, 0.187,-0.094,-0.030,0.000,0.000,0.000,-0.669,-0.041, 0.030;
6.185,0.086,-0.235,0.086,-0.235, 0.187,-0.094,-0.030,0.000,0.000,0.000,-0.667,-0.050, 0.030;
6.196,0.095,-0.245,0.095,-0.245, 0.187,-0.094,-0.030,0.000,0.000,0.000,-0.664,-0.058, 0.030;
6.208,0.104,-0.256,0.104,-0.256, 0.187,-0.094,-0.030,0.000,0.000,0.000,-0.661,-0.067, 0.030;
6.219,0.112,-0.266,0.112,-0.266, 0.187,-0.094,-0.030,0.000,0.000,0.000,-0.658,-0.075, 0.030;
6.230,0.121,-0.277,0.121,-0.277, 0.187,-0.094,-0.030,0.000,0.000,0.000,-0.655,-0.083, 0.030;
6.241,0.129,-0.287,0.129,-0.287, 0.187,-0.094,-0.030,0.000,0.000,0.000,-0.652,-0.091, 0.030;
6.252,0.137,-0.297,0.137,-0.297, 0.187,-0.094,-0.030,0.000,0.000,0.000,-0.649,-0.099, 0.030;
6.274,0.152,-0.316,0.152,-0.316, 0.187,-0.094,-0.030,0.000,0.000,0.000,-0.642,-0.115, 0.030;
6.285,0.160,-0.326,0.160,-0.326, 0.187,-0.094,-0.030,0.000,0.000,0.000,-0.638,-0.122, 0.030;
6.296,0.168,-0.336,0.168,-0.336, 0.187,-0.094,-0.030,0.000,0.000,0.000,-0.634,-0.131, 0.030;
6.308,0.176,-0.347,0.176,-0.347, 0.187,-0.094,-0.030,0.000,0.000,0.000,-0.630,-0.139, 0.030;
6.320,0.184,-0.357,0.184,-0.357, 0.187,-0.094,-0.030,0.000,0.000,0.000,-0.626,-0.147, 0.030;
6.331,0.197,-0.364,0.197,-0.364, 0.187,-0.094,-0.015,0.000,0.000,1.347,-0.621,-0.155, 0.015;
6.343,0.200,-0.378,0.200,-0.378, 0.187,-0.094,-0.030,0.000,0.000,-1.221,-0.616,-0.163, 0.030;
6.356,0.208,-0.389,0.208,-0.389, 0.187,-0.094,-0.030,0.000,0.000,0.000,-0.611,-0.172, 0.030;
6.368,0.215,-0.399,0.215,-0.399, 0.187,-0.094,-0.030,0.000,0.000,0.000,-0.606,-0.179, 0.030;
6.378,0.222,-0.408,0.222,-0.408, 0.187,-0.094,-0.030,0.000,0.000,0.000,-0.602,-0.186, 0.030;
6.390,0.229,-0.418,0.229,-0.418, 0.187,-0.094,-0.030,0.000,0.000,0.000,-0.597,-0.194, 0.030;
6.401,0.236,-0.427,0.236,-0.427, 0.187,-0.094,-0.030,0.000,0.000,0.000,-0.592,-0.201, 0.030;
6.412,0.242,-0.437,0.242,-0.437, 0.187,-0.094,-0.030,0.000,0.000,0.000,-0.586,-0.208, 0.030;
6.424,0.249,-0.446,0.249,-0.446, 0.187,-0.094,-0.030,0.000,0.000,0.000,-0.581,-0.215, 0.030;
6.445,0.261,-0.463,0.261,-0.463, 0.187,-0.094,-0.030,0.000,0.000,0.000,-0.570,-0.228, 0.030;
6.457,0.268,-0.473,0.268,-0.473, 0.187,-0.094,-0.030,0.000,0.000,0.000,-0.564,-0.235, 0.030;
6.471,0.275,-0.484,0.275,-0.484, 0.187,-0.094,-0.030,0.000,0.000,0.000,-0.557,-0.243, 0.030;
6.473,0.276,-0.486,0.276,-0.486, 0.187,-0.094,-0.030,0.000,0.000,0.000,-0.556,-0.245, 0.030;
6.484,0.282,-0.495,0.282,-0.495, 0.187,-0.094,-0.030,0.000,0.000,0.000,-0.550,-0.251, 0.030;
6.506,0.292,-0.511,0.292,-0.511, 0.187,-0.094,-0.030,0.000,0.000,0.000,-0.538,-0.263, 0.030;
6.518,0.298,-0.520,0.298,-0.520, 0.187,-0.094,-0.030,0.000,0.000,0.000,-0.531,-0.270, 0.030;
6.530,0.304,-0.529,0.304,-0.529, 0.187,-0.094,-0.030,0.000,0.000,0.000,-0.524,-0.276, 0.030;
6.543,0.310,-0.539,0.310,-0.539, 0.187,-0.094,-0.030,0.000,0.000,0.000,-0.516,-0.283, 0.030;
6.555,0.315,-0.548,0.315,-0.548, 0.187,-0.094,-0.030,0.000,0.000,0.000,-0.509,-0.289, 0.030;
6.567,0.320,-0.556,0.320,-0.556, 0.187,-0.094,-0.030,0.000,0.000,0.000,-0.502,-0.295, 0.030;
6.580,0.325,-0.565,0.325,-0.565, 0.187,-0.094,-0.030,0.000,0.000,0.000,-0.494,-0.301, 0.030;
6.592,0.329,-0.573,0.329,-0.573, 0.187,-0.094,-0.030,0.000,0.000,0.000,-0.486,-0.307, 0.030;
6.595,0.331,-0.575,0.331,-0.575, 0.187,-0.094,-0.030,0.000,0.000,0.000,-0.485,-0.308, 0.030;
6.616,0.338,-0.589,0.338,-0.589, 0.187,-0.094,-0.030,0.000,0.000,0.000,-0.471,-0.318, 0.030;
6.628,0.342,-0.597,0.342,-0.597, 0.187,-0.094,-0.030,0.000,0.000,0.000,-0.463,-0.323, 0.030;
6.639,0.346,-0.604,0.346,-0.604, 0.187,-0.094,-0.030,0.000,0.000,0.000,-0.456,-0.328, 0.030;
6.651,0.349,-0.612,0.349,-0.612, 0.187,-0.094,-0.030,0.000,0.000,0.000,-0.448,-0.333, 0.030;
6.663,0.353,-0.619,0.353,-0.619, 0.187,-0.094,-0.030,0.000,0.000,0.000,-0.440,-0.338, 0.030;
6.676,0.357,-0.627,0.357,-0.627, 0.187,-0.094,-0.030,0.000,0.000,0.000,-0.431,-0.343, 0.030;
6.688,0.360,-0.634,0.360,-0.634, 0.187,-0.094,-0.030,0.000,0.000,0.000,-0.423,-0.347, 0.030;
6.700,0.363,-0.640,0.363,-0.640, 0.187,-0.094,-0.030,0.000,0.000,0.000,-0.415,-0.352, 0.030;
6.712,0.365,-0.647,0.365,-0.647, 0.187,-0.094,-0.030,0.000,0.000,0.000,-0.406,-0.356, 0.030;
6.724,0.368,-0.654,0.368,-0.654, 0.187,-0.094,-0.030,0.000,0.000,0.000,-0.398,-0.360, 0.030;
6.735,0.370,-0.660,0.370,-0.660, 0.187,-0.094,-0.030,0.000,0.000,0.000,-0.389,-0.364, 0.030;
6.747,0.372,-0.666,0.372,-0.666, 0.187,-0.094,-0.030,0.000,0.000,0.000,-0.381,-0.367, 0.030;
6.759,0.374,-0.672,0.374,-0.672, 0.187,-0.094,-0.030,0.000,0.000,0.000,-0.372,-0.371, 0.030;
6.770,0.376,-0.677,0.376,-0.677, 0.187,-0.094,-0.030,0.000,0.000,0.000,-0.364,-0.374, 0.030;
6.781,0.377,-0.682,0.377,-0.682, 0.187,-0.094,-0.030,0.000,0.000,0.000,-0.356,-0.377, 0.030;
6.793,0.379,-0.688,0.379,-0.688, 0.187,-0.094,-0.030,0.000,0.000,0.000,-0.347,-0.380, 0.030;
6.805,0.380,-0.693,0.380,-0.693, 0.187,-0.094,-0.030,0.000,0.000,0.000,-0.339,-0.383, 0.030;
6.816,0.381,-0.697,0.381,-0.697, 0.187,-0.094,-0.030,0.000,0.000,0.000,-0.330,-0.385, 0.030;
6.827,0.382,-0.702,0.382,-0.702, 0.187,-0.094,-0.030,0.000,0.000,0.000,-0.322,-0.388, 0.030;
6.848,0.383,-0.710,0.383,-0.710, 0.187,-0.094,-0.030,0.000,0.000,0.000,-0.306,-0.392, 0.030;
6.859,0.383,-0.714,0.383,-0.714, 0.187,-0.094,-0.030,0.000,0.000,0.000,-0.297,-0.394, 0.030;
6.871,0.383,-0.719,0.383,-0.719, 0.187,-0.094,-0.030,0.000,0.000,0.000,-0.288,-0.396, 0.030;
6.884,0.383,-0.723,0.383,-0.723, 0.187,-0.094,-0.030,0.000,0.000,0.000,-0.278,-0.398, 0.030;
6.895,0.383,-0.727,0.383,-0.727, 0.187,-0.094,-0.030,0.000,0.000,0.000,-0.269,-0.400, 0.030;
6.907,0.383,-0.730,0.383,-0.730, 0.187,-0.094,-0.030,0.000,0.000,0.000,-0.261,-0.401, 0.030;
6.918,0.382,-0.733,0.382,-0.733, 0.187,-0.094,-0.030,0.000,0.000,0.000,-0.252,-0.402, 0.030;
6.929,0.381,-0.736,0.381,-0.736, 0.187,-0.094,-0.030,0.000,0.000,0.000,-0.243,-0.403, 0.030;
6.940,0.380,-0.739,0.380,-0.739, 0.187,-0.094,-0.030,0.000,0.000,0.000,-0.234,-0.404, 0.030;
6.951,0.379,-0.742,0.379,-0.742, 0.187,-0.094,-0.030,0.000,0.000,0.000,-0.226,-0.405, 0.030;
6.963,0.378,-0.744,0.378,-0.744, 0.187,-0.094,-0.030,0.000,0.000,0.000,-0.217,-0.405, 0.030;
6.973,0.376,-0.747,0.376,-0.747, 0.187,-0.094,-0.030,0.000,0.000,0.000,-0.208,-0.406, 0.030;
6.995,0.373,-0.751,0.373,-0.751, 0.187,-0.094,-0.030,0.000,0.000,0.000,-0.192,-0.406, 0.030;
7.006,0.371,-0.752,0.371,-0.752, 0.187,-0.094,-0.030,0.000,0.000,0.000,-0.183,-0.406, 0.030;
7.018,0.369,-0.754,0.369,-0.754, 0.187,-0.094,-0.030,0.000,0.000,0.000,-0.174,-0.406, 0.030;
7.029,0.367,-0.756,0.367,-0.756, 0.187,-0.094,-0.030,0.000,0.000,0.000,-0.165,-0.406, 0.030;
7.040,0.364,-0.757,0.364,-0.757, 0.187,-0.094,-0.030,0.000,0.000,0.000,-0.156,-0.405, 0.030;
7.052,0.362,-0.758,0.362,-0.758, 0.187,-0.094,-0.030,0.000,0.000,0.000,-0.147,-0.405, 0.030;
7.063,0.359,-0.759,0.359,-0.759, 0.187,-0.094,-0.030,0.000,0.000,0.000,-0.138,-0.404, 0.030;
7.076,0.355,-0.760,0.355,-0.760, 0.187,-0.094,-0.030,0.000,0.000,0.000,-0.128,-0.403, 0.030;
7.087,0.352,-0.760,0.352,-0.760, 0.187,-0.094,-0.030,0.000,0.000,0.000,-0.120,-0.402, 0.030;
7.098,0.349,-0.761,0.349,-0.761, 0.187,-0.094,-0.030,0.000,0.000,0.000,-0.111,-0.400, 0.030;
7.110,0.345,-0.761,0.345,-0.761, 0.187,-0.094,-0.030,0.000,0.000,0.000,-0.101,-0.399, 0.030;
