0.000,0.000,0.000,0.000,0.000, 0.000, 0.000, 0.000,0.000,0.000,0.000, 0.000, 0.000, 0.000, 0.000, 0.000, 0.000, 0.000, 0.000, 0.000;
0.012,-3.741,-1.269,-3.227,-1.783,-0.174,-0.042,-0.043,0.000,0.000,0.000, 0.674, 0.052, 1.633, 0.039, 0.821, 1.607,-0.054,-0.036,-0.036;
0.024,-6.073,-1.330,-5.066,-2.337,-0.174,-0.042,-0.043,0.000,0.000,-0.053, 0.674, 0.061, 1.652, 0.077, 0.855, 1.641,-0.107,-0.070,-0.070;
0.035,-8.306,-1.394,-6.826,-2.874,-0.174,-0.042,-0.043,0.000,0.000,0.055, 0.673, 0.070, 1.669, 0.114, 0.887, 1.674,-0.157,-0.103,-0.103;
0.047,-10.660,-1.459,-8.682,-3.436,-0.174,-0.042,-0.043,0.000,0.000,0.000, 0.673, 0.079, 1.687, 0.152, 0.921, 1.709,-0.210,-0.138,-0.138;
0.059,-13.134,-1.526,-10.633,-4.026,-0.174,-0.042,-0.043,0.000,0.000,0.000, 0.672, 0.089, 1.707, 0.192, 0.956, 1.745,-0.265,-0.174,-0.175;
0.072,-15.581,-1.592,-12.563,-4.610,-0.174,-0.042,-0.043,0.000,0.000,0.000, 0.671, 0.099, 1.726, 0.232, 0.991, 1.782,-0.320,-0.210,-0.211;
0.084,-18.079,-1.649,-14.532,-5.196,-0.174,-0.042,-0.043,0.000,0.000,-0.049, 0.670, 0.108, 1.746, 0.272, 1.026, 1.818,-0.376,-0.247,-0.248;
0.096,-20.512,-1.724,-16.449,-5.786,-0.174,-0.042,-0.043,0.000,0.000,0.051, 0.668, 0.118, 1.765, 0.312, 1.059, 1.854,-0.431,-0.283,-0.284;
0.109,-23.011,-1.777,-18.419,-6.369,-0.174,-0.042,-0.043,0.000,0.000,-0.049, 0.667, 0.128, 1.785, 0.353, 1.094, 1.891,-0.487,-0.320,-0.321;
0.121,-25.354,-1.853,-20.266,-6.941,-0.174,-0.042,-0.043,0.000,0.000,0.053, 0.665, 0.137, 1.803, 0.391, 1.126, 1.926,-0.539,-0.355,-0.355;
0.133,-27.851,-1.903,-22.233,-7.521,-0.174,-0.042,-0.043,0.000,0.000,-0.049, 0.663, 0.146, 1.823, 0.432, 1.160, 1.963,-0.595,-0.391,-0.392;
0.145,-30.291,-1.983,-24.156,-8.118,-0.174,-0.042,-0.043,0.000,0.000,0.050, 0.661, 0.156, 1.842, 0.472, 1.192, 1.999,-0.650,-0.427,-0.428;
0.158,-32.728,-2.028,-26.076,-8.680,-0.174,-0.042,-0.043,0.000,0.000,-0.051, 0.659, 0.165, 1.862, 0.512, 1.225, 2.035,-0.705,-0.463,-0.464;
0.170,-35.239,-2.112,-28.054,-9.297,-0.174,-0.042,-0.043,0.000,0.000,0.049, 0.656, 0.175, 1.881, 0.554, 1.258, 2.072,-0.761,-0.500,-0.502;
0.182,-37.627,-2.153,-29.936,-9.844,-0.174,-0.042,-0.043,0.000,0.000,-0.052, 0.654, 0.184, 1.901, 0.593, 1.289, 2.108,-0.815,-0.536,-0.537;
0.195,-40.090,-2.238,-31.876,-10.453,-0.174,-0.042,-0.043,0.000,0.000,0.050, 0.651, 0.193, 1.920, 0.634, 1.321, 2.144,-0.870,-0.572,-0.574;
0.207,-42.486,-2.276,-33.764,-10.999,-0.174,-0.042,-0.043,0.000,0.000,-0.052, 0.648, 0.202, 1.939, 0.673, 1.352, 2.180,-0.924,-0.608,-0.609;
0.219,-44.896,-2.363,-35.661,-11.598,-0.174,-0.042,-0.043,0.000,0.000,0.051, 0.645, 0.211, 1.958, 0.714, 1.383, 2.216,-0.978,-0.643,-0.645;
0.232,-47.402,-2.428,-37.635,-12.194,-0.174,-0.042,-0.043,0.000,0.000,0.000, 0.641, 0.220, 1.977, 0.755, 1.414, 2.253,-1.035,-0.680,-0.682;
0.243,-49.646,-2.486,-39.403,-12.728,-0.174,-0.042,-0.043,0.000,0.000,0.000, 0.638, 0.229, 1.995, 0.793, 1.442, 2.286,-1.085,-0.713,-0.715;
0.254,-51.866,-2.543,-41.152,-13.257,-0.174,-0.042,-0.043,0.000,0.000,0.000, 0.635, 0.237, 2.013, 0.830, 1.470, 2.319,-1.135,-0.746,-0.748;
0.265,-54.104,-2.570,-42.915,-13.759,-0.174,-0.042,-0.043,0.000,0.000,-0.055, 0.631, 0.245, 2.031, 0.868, 1.498, 2.352,-1.186,-0.779,-0.781;
0.277,-56.424,-2.660,-44.741,-14.343,-0.174,-0.042,-0.043,0.000,0.000,0.053, 0.627, 0.253, 2.049, 0.907, 1.526, 2.387,-1.238,-0.814,-0.816;
0.288,-58.593,-2.682,-46.450,-14.826,-0.174,-0.042,-0.043,0.000,0.000,-0.057, 0.624, 0.261, 2.067, 0.943, 1.552, 2.419,-1.287,-0.846,-0.848;
0.299,-60.873,-2.774,-48.244,-15.403,-0.174,-0.042,-0.043,0.000,0.000,0.054, 0.620, 0.269, 2.084, 0.982, 1.580, 2.453,-1.338,-0.880,-0.882;
0.311,-63.191,-2.797,-50.069,-15.919,-0.174,-0.042,-0.043,0.000,0.000,-0.053, 0.616, 0.277, 2.103, 1.021, 1.607, 2.487,-1.390,-0.914,-0.916;
0.322,-65.373,-2.888,-51.786,-16.475,-0.174,-0.042,-0.043,0.000,0.000,0.056, 0.611, 0.285, 2.120, 1.059, 1.633, 2.519,-1.440,-0.946,-0.949;
0.333,-67.596,-2.945,-53.537,-17.005,-0.174,-0.042,-0.043,0.000,0.000,0.000, 0.607, 0.292, 2.137, 1.097, 1.660, 2.552,-1.490,-0.979,-0.982;
0.345,-69.990,-3.006,-55.422,-17.575,-0.174,-0.042,-0.043,0.000,0.000,0.000, 0.602, 0.301, 2.156, 1.138, 1.687, 2.588,-1.544,-1.015,-1.017;
0.367,-74.303,-3.074,-58.816,-18.561,-0.174,-0.042,-0.043,0.000,0.000,-0.029, 0.593, 0.315, 2.191, 1.213, 1.737, 2.652,-1.641,-1.079,-1.081;
0.379,-76.669,-3.176,-60.677,-19.168,-0.174,-0.042,-0.043,0.000,0.000,0.052, 0.588, 0.323, 2.209, 1.254, 1.764, 2.687,-1.694,-1.114,-1.117;
0.391,-78.994,-3.236,-62.507,-19.723,-0.174,-0.042,-0.043,0.000,0.000,0.000, 0.583, 0.331, 2.228, 1.294, 1.790, 2.722,-1.747,-1.148,-1.151;
0.403,-81.419,-3.298,-64.415,-20.301,-0.174,-0.042,-0.043,0.000,0.000,0.000, 0.577, 0.338, 2.247, 1.337, 1.818, 2.758,-1.802,-1.184,-1.187;
0.414,-83.650,-3.355,-66.171,-20.834,-0.174,-0.042,-0.043,0.000,0.000,0.000, 0.572, 0.345, 2.265, 1.376, 1.842, 2.791,-1.852,-1.218,-1.220;
0.426,-86.021,-3.416,-68.037,-21.400,-0.174,-0.042,-0.043,0.000,0.000,0.000, 0.566, 0.353, 2.284, 1.418, 1.868, 2.826,-1.906,-1.253,-1.256;
0.438,-88.341,-3.475,-69.862,-21.954,-0.174,-0.042,-0.043,0.000,0.000,0.000, 0.560, 0.360, 2.302, 1.459, 1.894, 2.861,-1.958,-1.287,-1.290;
0.450,-90.749,-3.486,-71.757,-22.477,-0.174,-0.042,-0.043,0.000,0.000,-0.051, 0.554, 0.367, 2.322, 1.502, 1.920, 2.897,-2.012,-1.323,-1.326;
0.462,-92.985,-3.594,-73.515,-23.064,-0.174,-0.042,-0.043,0.000,0.000,0.055, 0.548, 0.374, 2.339, 1.542, 1.944, 2.930,-2.063,-1.356,-1.359;
0.474,-95.463,-3.604,-75.465,-23.602,-0.174,-0.042,-0.043,0.000,0.000,-0.050, 0.542, 0.381, 2.359, 1.587, 1.970, 2.967,-2.119,-1.393,-1.396;
0.486,-97.740,-3.716,-77.254,-24.201,-0.174,-0.042,-0.043,0.000,0.000,0.054, 0.535, 0.388, 2.377, 1.628, 1.995, 3.001,-2.171,-1.427,-1.430;
0.498,-100.065,-3.776,-79.083,-24.758,-0.174,-0.042,-0.043,0.000,0.000,0.000, 0.529, 0.395, 2.395, 1.670, 2.019, 3.036,-2.223,-1.462,-1.465;
0.509,-102.400,-3.836,-80.920,-25.317,-0.174,-0.042,-0.043,0.000,0.000,0.000, 0.522, 0.401, 2.414, 1.713, 2.043, 3.071,-2.276,-1.496,-1.500;
0.521,-104.621,-3.894,-82.666,-25.849,-0.174,-0.042,-0.043,0.000,0.000,0.000, 0.516, 0.407, 2.431, 1.753, 2.067, 3.104,-2.326,-1.529,-1.533;
0.532,-106.949,-3.955,-84.497,-26.407,-0.174,-0.042,-0.043,0.000,0.000,0.000, 0.509, 0.414, 2.450, 1.796, 2.090, 3.138,-2.379,-1.564,-1.568;
0.544,-109.170,-3.951,-86.245,-26.877,-0.174,-0.042,-0.043,0.000,0.000,-0.055, 0.503, 0.419, 2.468, 1.837, 2.113, 3.171,-2.429,-1.597,-1.601;
0.555,-111.422,-4.071,-88.013,-27.480,-0.174,-0.042,-0.043,0.000,0.000,0.054, 0.496, 0.425, 2.486, 1.879, 2.136, 3.205,-2.481,-1.631,-1.634;
0.567,-113.674,-4.066,-89.785,-27.955,-0.174,-0.042,-0.043,0.000,0.000,-0.055, 0.489, 0.431, 2.504, 1.921, 2.159, 3.239,-2.531,-1.664,-1.668;
0.578,-115.926,-4.189,-91.553,-28.561,-0.174,-0.042,-0.043,0.000,0.000,0.054, 0.482, 0.437, 2.522, 1.964, 2.181, 3.273,-2.583,-1.698,-1.702;
0.600,-120.253,-4.303,-94.954,-29.601,-0.174,-0.042,-0.043,0.000,0.000,0.000, 0.468, 0.447, 2.556, 2.045, 2.224, 3.337,-2.681,-1.762,-1.766;
0.604,-120.983,-4.322,-95.528,-29.777,-0.174,-0.042,-0.043,0.000,0.000,0.000, 0.466, 0.449, 2.562, 2.059, 2.231, 3.348,-2.697,-1.773,-1.777;
0.615,-123.170,-4.381,-97.247,-30.303,-0.174,-0.042,-0.043,0.000,0.000,0.000, 0.459, 0.454, 2.579, 2.101, 2.253, 3.381,-2.747,-1.806,-1.810;
0.637,-127.460,-4.423,-100.620,-31.264,-0.174,-0.042,-0.043,0.000,0.000,-0.029, 0.444, 0.463, 2.614, 2.183, 2.294, 3.445,-2.844,-1.870,-1.874;
0.648,-129.753,-4.556,-102.419,-31.890,-0.174,-0.042,-0.043,0.000,0.000,0.053, 0.437, 0.468, 2.632, 2.228, 2.316, 3.479,-2.896,-1.904,-1.908;
0.660,-132.111,-4.545,-104.273,-32.383,-0.174,-0.042,-0.043,0.000,0.000,-0.052, 0.429, 0.473, 2.651, 2.274, 2.339, 3.514,-2.950,-1.939,-1.944;
0.672,-134.428,-4.682,-106.092,-33.019,-0.174,-0.042,-0.043,0.000,0.000,0.052, 0.420, 0.477, 2.669, 2.319, 2.361, 3.549,-3.003,-1.974,-1.978;
0.684,-136.713,-4.668,-107.888,-33.492,-0.174,-0.042,-0.043,0.000,0.000,-0.054, 0.413, 0.482, 2.688, 2.364, 2.382, 3.583,-3.054,-2.008,-2.013;
0.695,-139.019,-4.807,-109.697,-34.128,-0.174,-0.042,-0.043,0.000,0.000,0.053, 0.404, 0.486, 2.706, 2.410, 2.404, 3.618,-3.107,-2.043,-2.047;
0.707,-141.342,-4.871,-111.522,-34.691,-0.174,-0.042,-0.043,0.000,0.000,0.000, 0.396, 0.490, 2.724, 2.456, 2.426, 3.653,-3.160,-2.077,-2.082;
0.720,-143.781,-4.938,-113.438,-35.281,-0.174,-0.042,-0.043,0.000,0.000,0.000, 0.387, 0.495, 2.744, 2.505, 2.449, 3.689,-3.215,-2.114,-2.119;
0.732,-146.150,-4.922,-115.301,-35.772,-0.174,-0.042,-0.043,0.000,0.000,-0.052, 0.379, 0.499, 2.763, 2.552, 2.470, 3.725,-3.269,-2.149,-2.154;
0.743,-148.436,-5.067,-117.093,-36.410,-0.174,-0.042,-0.043,0.000,0.000,0.053, 0.370, 0.502, 2.781, 2.599, 2.492, 3.759,-3.321,-2.183,-2.188;
0.755,-150.755,-5.133,-118.914,-36.973,-0.174,-0.042,-0.043,0.000,0.000,0.000, 0.362, 0.506, 2.800, 2.646, 2.513, 3.794,-3.374,-2.218,-2.223;
0.767,-153.120,-5.199,-120.771,-37.548,-0.174,-0.042,-0.043,0.000,0.000,0.000, 0.353, 0.509, 2.819, 2.694, 2.534, 3.829,-3.428,-2.254,-2.259;
0.780,-155.677,-5.272,-122.779,-38.170,-0.174,-0.042,-0.043,0.000,0.000,0.000, 0.343, 0.513, 2.839, 2.747, 2.558, 3.868,-3.486,-2.292,-2.297;
0.793,-158.256,-5.346,-124.804,-38.798,-0.174,-0.042,-0.043,0.000,0.000,0.000, 0.334, 0.516, 2.860, 2.800, 2.581, 3.906,-3.545,-2.330,-2.336;
0.805,-160.625,-5.414,-126.664,-39.375,-0.174,-0.042,-0.043,0.000,0.000,0.000, 0.325, 0.519, 2.879, 2.850, 2.602, 3.942,-3.599,-2.366,-2.371;
0.818,-163.052,-5.393,-128.571,-39.874,-0.174,-0.042,-0.043,0.000,0.000,-0.050, 0.315, 0.522, 2.899, 2.900, 2.624, 3.978,-3.654,-2.402,-2.407;
0.830,-165.364,-5.552,-130.383,-40.532,-0.174,-0.042,-0.043,0.000,0.000,0.052, 0.306, 0.525, 2.917, 2.949, 2.645, 4.013,-3.707,-2.437,-2.442;
0.842,-167.747,-5.528,-132.256,-41.018,-0.174,-0.042,-0.043,0.000,0.000,-0.051, 0.297, 0.527, 2.936, 3.000, 2.666, 4.049,-3.761,-2.472,-2.478;
0.854,-170.203,-5.694,-134.180,-41.716,-0.174,-0.042,-0.043,0.000,0.000,0.049, 0.288, 0.529, 2.956, 3.052, 2.688, 4.086,-3.817,-2.509,-2.515;
0.867,-172.700,-5.671,-136.143,-42.228,-0.174,-0.042,-0.043,0.000,0.000,-0.049, 0.278, 0.532, 2.976, 3.105, 2.710, 4.123,-3.874,-2.547,-2.552;
0.879,-175.016,-5.837,-137.957,-42.895,-0.174,-0.042,-0.043,0.000,0.000,0.052, 0.269, 0.533, 2.994, 3.156, 2.730, 4.158,-3.927,-2.582,-2.587;
0.891,-177.372,-5.808,-139.808,-43.372,-0.174,-0.042,-0.043,0.000,0.000,-0.052, 0.259, 0.535, 3.014, 3.206, 2.751, 4.194,-3.980,-2.617,-2.623;
0.903,-179.809,-5.981,-141.718,-44.073,-0.174,-0.042,-0.043,0.000,0.000,0.049, 0.250, 0.537, 3.033, 3.260, 2.772, 4.230,-4.036,-2.654,-2.660;
0.915,-182.015,-5.947,-143.451,-44.511,-0.174,-0.042,-0.043,0.000,0.000,-0.055, 0.241, 0.538, 3.051, 3.308, 2.792, 4.263,-4.086,-2.686,-2.693;
0.926,-184.270,-6.118,-145.217,-45.171,-0.174,-0.042,-0.043,0.000,0.000,0.053, 0.232, 0.539, 3.068, 3.358, 2.811, 4.298,-4.138,-2.721,-2.727;
0.938,-186.599,-6.190,-147.044,-45.745,-0.174,-0.042,-0.043,0.000,0.000,0.000, 0.223, 0.540, 3.087, 3.410, 2.832, 4.333,-4.191,-2.756,-2.762;
0.950,-188.870,-6.261,-148.826,-46.305,-0.174,-0.042,-0.043,0.000,0.000,0.000, 0.214, 0.541, 3.105, 3.460, 2.852, 4.367,-4.243,-2.790,-2.796;
0.961,-191.106,-6.224,-150.582,-46.748,-0.174,-0.042,-0.043,0.000,0.000,-0.055, 0.205, 0.541, 3.124, 3.510, 2.871, 4.400,-4.294,-2.823,-2.829;
0.972,-193.294,-6.292,-152.298,-47.288,-0.174,-0.042,-0.043,0.000,0.000,0.000, 0.196, 0.542, 3.141, 3.559, 2.890, 4.433,-4.344,-2.856,-2.862;
0.984,-195.542,-6.471,-154.058,-47.955,-0.174,-0.042,-0.043,0.000,0.000,0.054, 0.187, 0.542, 3.159, 3.611, 2.910, 4.467,-4.396,-2.890,-2.896;
0.995,-197.756,-6.432,-155.797,-48.390,-0.174,-0.042,-0.043,0.000,0.000,-0.055, 0.178, 0.542, 3.177, 3.661, 2.929, 4.500,-4.446,-2.923,-2.930;
1.006,-199.955,-6.613,-157.518,-49.050,-0.174,-0.042,-0.043,0.000,0.000,0.055, 0.169, 0.542, 3.194, 3.711, 2.948, 4.534,-4.497,-2.956,-2.963;
1.018,-202.195,-6.573,-159.278,-49.490,-0.174,-0.042,-0.043,0.000,0.000,-0.054, 0.160, 0.542, 3.213, 3.762, 2.968, 4.567,-4.547,-2.990,-2.997;
1.040,-206.463,-6.826,-162.622,-50.668,-0.174,-0.042,-0.043,0.000,0.000,0.028, 0.143, 0.541, 3.247, 3.862, 3.005, 4.632,-4.646,-3.054,-3.061;
1.052,-208.883,-6.789,-164.522,-51.151,-0.174,-0.042,-0.043,0.000,0.000,-0.050, 0.133, 0.541, 3.267, 3.918, 3.026, 4.668,-4.700,-3.090,-3.097;
1.064,-211.277,-6.986,-166.395,-51.868,-0.174,-0.042,-0.043,0.000,0.000,0.050, 0.124, 0.540, 3.285, 3.974, 3.047, 4.704,-4.756,-3.126,-3.134;
1.076,-213.547,-6.943,-168.178,-52.312,-0.174,-0.042,-0.043,0.000,0.000,-0.054, 0.115, 0.539, 3.304, 4.027, 3.067, 4.738,-4.807,-3.160,-3.168;
1.088,-215.829,-7.140,-169.963,-53.006,-0.174,-0.042,-0.043,0.000,0.000,0.053, 0.105, 0.538, 3.322, 4.082, 3.087, 4.773,-4.860,-3.195,-3.202;
1.099,-218.143,-7.220,-171.778,-53.585,-0.174,-0.042,-0.043,0.000,0.000,0.000, 0.096, 0.536, 3.341, 4.137, 3.108, 4.808,-4.913,-3.230,-3.237;
1.112,-220.495,-7.301,-173.622,-54.174,-0.174,-0.042,-0.043,0.000,0.000,0.000, 0.087, 0.535, 3.360, 4.193, 3.128, 4.844,-4.967,-3.265,-3.273;
1.123,-222.841,-7.258,-175.464,-54.635,-0.174,-0.042,-0.043,0.000,0.000,-0.052, 0.078, 0.533, 3.379, 4.249, 3.149, 4.879,-5.020,-3.300,-3.308;
1.135,-225.084,-7.461,-177.219,-55.327,-0.174,-0.042,-0.043,0.000,0.000,0.053, 0.069, 0.531, 3.397, 4.304, 3.169, 4.913,-5.072,-3.334,-3.342;
1.147,-227.332,-7.540,-178.981,-55.892,-0.174,-0.042,-0.043,0.000,0.000,0.000, 0.060, 0.529, 3.415, 4.359, 3.189, 4.947,-5.123,-3.368,-3.376;
1.159,-229.660,-7.623,-180.805,-56.478,-0.174,-0.042,-0.043,0.000,0.000,0.000, 0.051, 0.527, 3.433, 4.416, 3.210, 4.982,-5.177,-3.403,-3.411;
1.171,-232.143,-7.713,-182.752,-57.104,-0.174,-0.042,-0.043,0.000,0.000,0.000, 0.041, 0.524, 3.453, 4.476, 3.232, 5.019,-5.234,-3.441,-3.449;
1.183,-234.431,-7.796,-184.545,-57.681,-0.174,-0.042,-0.043,0.000,0.000,0.000, 0.032, 0.522, 3.472, 4.533, 3.252, 5.054,-5.286,-3.475,-3.483;
1.195,-236.746,-7.880,-186.360,-58.266,-0.174,-0.042,-0.043,0.000,0.000,0.000, 0.023, 0.519, 3.491, 4.590, 3.273, 5.089,-5.339,-3.510,-3.518;
1.207,-239.051,-7.831,-188.170,-58.713,-0.174,-0.042,-0.043,0.000,0.000,-0.053, 0.015, 0.516, 3.510, 4.647, 3.294, 5.123,-5.391,-3.545,-3.553;
1.218,-241.316,-8.049,-189.941,-59.424,-0.174,-0.042,-0.043,0.000,0.000,0.053, 0.006, 0.513, 3.527, 4.704, 3.315, 5.158,-5.444,-3.579,-3.587;
1.230,-243.525,-7.995,-191.675,-59.844,-0.174,-0.042,-0.043,0.000,0.000,-0.055,-0.002, 0.510, 3.546, 4.759, 3.335, 5.191,-5.494,-3.612,-3.620;
1.241,-245.775,-8.215,-193.434,-60.556,-0.174,-0.042,-0.043,0.000,0.000,0.053,-0.011, 0.507, 3.563, 4.816, 3.356, 5.225,-5.546,-3.646,-3.654;
1.252,-247.970,-8.160,-195.158,-60.972,-0.174,-0.042,-0.043,0.000,0.000,-0.056,-0.019, 0.504, 3.581, 4.871, 3.376, 5.258,-5.596,-3.679,-3.687;
1.264,-250.196,-8.383,-196.898,-61.681,-0.174,-0.042,-0.043,0.000,0.000,0.054,-0.027, 0.500, 3.599, 4.929, 3.396, 5.292,-5.648,-3.713,-3.721;
1.276,-252.475,-8.330,-198.688,-62.117,-0.174,-0.042,-0.043,0.000,0.000,-0.054,-0.036, 0.496, 3.618, 4.986, 3.418, 5.326,-5.699,-3.747,-3.755;
1.287,-254.715,-8.557,-200.439,-62.834,-0.174,-0.042,-0.043,0.000,0.000,0.053,-0.044, 0.492, 3.635, 5.044, 3.439, 5.360,-5.751,-3.781,-3.790;
1.309,-258.958,-8.578,-203.767,-63.770,-0.174,-0.042,-0.043,0.000,0.000,-0.029,-0.059, 0.485, 3.670, 5.153, 3.478, 5.424,-5.848,-3.845,-3.854;
1.321,-261.294,-8.815,-205.592,-64.517,-0.174,-0.042,-0.043,0.000,0.000,0.051,-0.067, 0.480, 3.688, 5.214, 3.501, 5.460,-5.902,-3.880,-3.889;
1.333,-263.710,-8.911,-207.485,-65.136,-0.174,-0.042,-0.043,0.000,0.000,0.000,-0.076, 0.475, 3.708, 5.277, 3.524, 5.496,-5.958,-3.917,-3.926;
1.345,-266.075,-9.007,-209.338,-65.743,-0.174,-0.042,-0.043,0.000,0.000,0.000,-0.084, 0.471, 3.727, 5.339, 3.547, 5.532,-6.012,-3.952,-3.961;
1.358,-268.432,-9.102,-211.185,-66.349,-0.174,-0.042,-0.043,0.000,0.000,0.000,-0.092, 0.466, 3.746, 5.401, 3.570, 5.568,-6.066,-3.988,-3.997;
1.370,-270.847,-9.201,-213.077,-66.971,-0.174,-0.042,-0.043,0.000,0.000,0.000,-0.100, 0.460, 3.766, 5.465, 3.593, 5.604,-6.121,-4.024,-4.034;
1.375,-271.731,-9.237,-213.770,-67.198,-0.174,-0.042,-0.043,0.000,0.000,0.000,-0.103, 0.458, 3.773, 5.488, 3.602, 5.618,-6.142,-4.038,-4.047;
1.386,-273.929,-9.175,-215.496,-67.607,-0.174,-0.042,-0.043,0.000,0.000,-0.056,-0.111, 0.453, 3.791, 5.546, 3.623, 5.651,-6.192,-4.071,-4.080;
1.397,-276.137,-9.419,-217.221,-68.335,-0.174,-0.042,-0.043,0.000,0.000,0.054,-0.118, 0.448, 3.808, 5.605, 3.645, 5.684,-6.243,-4.104,-4.114;
1.419,-280.458,-9.443,-220.610,-69.291,-0.174,-0.042,-0.043,0.000,0.000,-0.028,-0.132, 0.438, 3.844, 5.720, 3.688, 5.749,-6.341,-4.169,-4.179;
1.423,-281.186,-9.630,-221.175,-69.641,-0.174,-0.042,-0.043,0.000,0.000,0.160,-0.134, 0.436, 3.849, 5.740, 3.696, 5.761,-6.359,-4.180,-4.190;
1.433,-283.239,-9.559,-222.788,-70.010,-0.174,-0.042,-0.043,0.000,0.000,-0.060,-0.141, 0.431, 3.866, 5.795, 3.717, 5.792,-6.405,-4.211,-4.221;
1.455,-287.443,-9.898,-226.077,-71.265,-0.174,-0.042,-0.043,0.000,0.000,0.029,-0.154, 0.420, 3.900, 5.909, 3.760, 5.855,-6.502,-4.275,-4.285;
1.468,-289.929,-9.843,-228.029,-71.744,-0.174,-0.042,-0.043,0.000,0.000,-0.049,-0.161, 0.413, 3.920, 5.976, 3.785, 5.893,-6.559,-4.312,-4.322;
1.480,-292.231,-10.106,-229.826,-72.510,-0.174,-0.042,-0.043,0.000,0.000,0.052,-0.168, 0.407, 3.938, 6.040, 3.810, 5.928,-6.612,-4.347,-4.357;
1.492,-294.575,-10.044,-231.668,-72.951,-0.174,-0.042,-0.043,0.000,0.000,-0.052,-0.175, 0.401, 3.957, 6.103, 3.834, 5.963,-6.666,-4.382,-4.392;
1.504,-296.859,-10.309,-233.451,-73.717,-0.174,-0.042,-0.043,0.000,0.000,0.052,-0.181, 0.394, 3.975, 6.166, 3.858, 5.998,-6.719,-4.417,-4.427;
1.515,-299.168,-10.412,-235.260,-74.320,-0.174,-0.042,-0.043,0.000,0.000,0.000,-0.188, 0.387, 3.994, 6.230, 3.883, 6.033,-6.772,-4.452,-4.462;
1.528,-301.518,-10.518,-237.101,-74.934,-0.174,-0.042,-0.043,0.000,0.000,0.000,-0.194, 0.380, 4.013, 6.295, 3.908, 6.068,-6.826,-4.487,-4.498;
1.540,-303.901,-10.626,-238.969,-75.558,-0.174,-0.042,-0.043,0.000,0.000,0.000,-0.201, 0.373, 4.032, 6.361, 3.934, 6.104,-6.880,-4.523,-4.534;
1.552,-306.342,-10.737,-240.882,-76.198,-0.174,-0.042,-0.043,0.000,0.000,0.000,-0.207, 0.366, 4.052, 6.428, 3.961, 6.141,-6.936,-4.560,-4.571;
1.565,-308.838,-10.851,-242.837,-76.852,-0.174,-0.042,-0.043,0.000,0.000,0.000,-0.214, 0.358, 4.072, 6.498, 3.989, 6.179,-6.994,-4.598,-4.608;
1.577,-311.221,-10.961,-244.704,-77.478,-0.174,-0.042,-0.043,0.000,0.000,0.000,-0.220, 0.350, 4.091, 6.564, 4.015, 6.215,-7.048,-4.634,-4.644;
1.589,-313.548,-11.070,-246.528,-78.091,-0.174,-0.042,-0.043,0.000,0.000,0.000,-0.225, 0.343, 4.110, 6.630, 4.041, 6.250,-7.102,-4.669,-4.679;
1.601,-315.839,-11.000,-248.327,-78.512,-0.174,-0.042,-0.043,0.000,0.000,-0.053,-0.231, 0.336, 4.129, 6.693, 4.067, 6.285,-7.154,-4.703,-4.714;
1.613,-318.134,-11.284,-250.119,-79.299,-0.174,-0.042,-0.043,0.000,0.000,0.052,-0.236, 0.328, 4.147, 6.758, 4.093, 6.320,-7.207,-4.738,-4.749;
1.625,-320.581,-11.400,-252.037,-79.945,-0.174,-0.042,-0.043,0.000,0.000,0.000,-0.242, 0.320, 4.167, 6.827, 4.122, 6.357,-7.263,-4.775,-4.786;
1.637,-322.829,-11.507,-253.798,-80.538,-0.174,-0.042,-0.043,0.000,0.000,0.000,-0.247, 0.312, 4.185, 6.891, 4.148, 6.391,-7.315,-4.809,-4.820;
1.650,-325.377,-11.448,-255.800,-81.025,-0.174,-0.042,-0.043,0.000,0.000,-0.048,-0.252, 0.304, 4.206, 6.962, 4.177, 6.429,-7.373,-4.847,-4.858;
1.662,-327.694,-11.741,-257.609,-81.826,-0.174,-0.042,-0.043,0.000,0.000,0.051,-0.257, 0.296, 4.224, 7.029, 4.205, 6.464,-7.426,-4.882,-4.893;
1.674,-330.141,-11.675,-259.532,-82.284,-0.174,-0.042,-0.043,0.000,0.000,-0.050,-0.262, 0.287, 4.244, 7.097, 4.234, 6.501,-7.482,-4.919,-4.930;
1.687,-332.566,-11.978,-261.426,-83.118,-0.174,-0.042,-0.043,0.000,0.000,0.049,-0.267, 0.278, 4.264, 7.167, 4.263, 6.538,-7.538,-4.956,-4.967;
1.699,-334.915,-12.094,-263.267,-83.742,-0.174,-0.042,-0.043,0.000,0.000,0.000,-0.271, 0.270, 4.283, 7.234, 4.292, 6.573,-7.592,-4.991,-5.003;
1.711,-337.279,-12.211,-265.119,-84.370,-0.174,-0.042,-0.043,0.000,0.000,0.000,-0.275, 0.262, 4.302, 7.302, 4.321, 6.609,-7.646,-5.027,-5.038;
1.724,-339.704,-12.331,-267.019,-85.016,-0.174,-0.042,-0.043,0.000,0.000,0.000,-0.280, 0.253, 4.321, 7.372, 4.351, 6.646,-7.702,-5.063,-5.075;
1.737,-342.324,-12.271,-269.078,-85.517,-0.174,-0.042,-0.043,0.000,0.000,-0.047,-0.284, 0.243, 4.343, 7.446, 4.383, 6.685,-7.761,-5.102,-5.114;
1.741,-343.052,-12.498,-269.642,-85.908,-0.174,-0.042,-0.043,0.000,0.000,0.159,-0.285, 0.240, 4.348, 7.468, 4.393, 6.696,-7.779,-5.114,-5.126;
1.752,-345.320,-12.420,-271.426,-86.314,-0.174,-0.042,-0.043,0.000,0.000,-0.054,-0.289, 0.232, 4.367, 7.532, 4.421, 6.730,-7.830,-5.148,-5.159;
1.764,-347.487,-12.722,-273.117,-87.092,-0.174,-0.042,-0.043,0.000,0.000,0.055,-0.292, 0.224, 4.384, 7.595, 4.449, 6.763,-7.880,-5.181,-5.193;
1.787,-352.011,-12.756,-276.668,-88.099,-0.174,-0.042,-0.043,0.000,0.000,-0.027,-0.298, 0.207, 4.421, 7.725, 4.507, 6.831,-7.983,-5.248,-5.261;
1.792,-353.050,-13.006,-277.476,-88.580,-0.174,-0.042,-0.043,0.000,0.000,0.113,-0.299, 0.203, 4.429, 7.756, 4.521, 6.847,-8.008,-5.265,-5.277;
1.801,-354.887,-12.902,-278.921,-88.868,-0.174,-0.042,-0.043,0.000,0.000,-0.067,-0.302, 0.196, 4.444, 7.808, 4.544, 6.875,-8.049,-5.292,-5.304;
1.813,-357.080,-13.214,-280.633,-89.660,-0.174,-0.042,-0.043,0.000,0.000,0.054,-0.304, 0.187, 4.461, 7.873, 4.574, 6.908,-8.100,-5.325,-5.338;
1.835,-361.400,-13.237,-284.025,-90.611,-0.174,-0.042,-0.043,0.000,0.000,-0.028,-0.309, 0.171, 4.496, 7.997, 4.631, 6.973,-8.198,-5.390,-5.402;
1.839,-362.260,-13.483,-284.692,-91.051,-0.174,-0.042,-0.043,0.000,0.000,0.136,-0.310, 0.167, 4.503, 8.023, 4.643, 6.987,-8.219,-5.403,-5.416;
1.849,-364.245,-13.384,-286.255,-91.374,-0.174,-0.042,-0.043,0.000,0.000,-0.062,-0.312, 0.160, 4.519, 8.080, 4.669, 7.016,-8.264,-5.433,-5.445;
1.871,-368.461,-13.811,-289.553,-92.719,-0.174,-0.042,-0.043,0.000,0.000,0.028,-0.316, 0.143, 4.553, 8.203, 4.727, 7.080,-8.361,-5.497,-5.509;
1.884,-370.874,-13.939,-291.445,-93.369,-0.174,-0.042,-0.043,0.000,0.000,0.000,-0.318, 0.133, 4.572, 8.273, 4.761, 7.117,-8.416,-5.533,-5.546;
1.895,-373.174,-14.063,-293.248,-93.989,-0.174,-0.042,-0.043,0.000,0.000,0.000,-0.319, 0.124, 4.591, 8.340, 4.793, 7.151,-8.469,-5.568,-5.580;
1.907,-375.544,-14.190,-295.106,-94.628,-0.174,-0.042,-0.043,0.000,0.000,0.000,-0.321, 0.115, 4.610, 8.409, 4.826, 7.187,-8.523,-5.603,-5.616;
1.919,-377.806,-14.312,-296.880,-95.238,-0.174,-0.042,-0.043,0.000,0.000,0.000,-0.322, 0.106, 4.628, 8.475, 4.858, 7.221,-8.575,-5.637,-5.650;
1.931,-380.145,-14.439,-298.714,-95.870,-0.174,-0.042,-0.043,0.000,0.000,0.000,-0.323, 0.096, 4.647, 8.544, 4.892, 7.256,-8.628,-5.673,-5.686;
1.943,-382.581,-14.358,-300.631,-96.308,-0.174,-0.042,-0.043,0.000,0.000,-0.050,-0.324, 0.087, 4.667, 8.614, 4.926, 7.293,-8.683,-5.709,-5.722;
1.956,-385.011,-14.705,-302.529,-97.186,-0.174,-0.042,-0.043,0.000,0.000,0.049,-0.325, 0.077, 4.686, 8.685, 4.962, 7.330,-8.740,-5.746,-5.759;
1.968,-387.357,-14.834,-304.370,-97.821,-0.174,-0.042,-0.043,0.000,0.000,0.000,-0.325, 0.068, 4.705, 8.754, 4.997, 7.365,-8.793,-5.781,-5.794;
1.980,-389.693,-14.963,-306.202,-98.454,-0.174,-0.042,-0.043,0.000,0.000,0.000,-0.326, 0.058, 4.724, 8.822, 5.031, 7.400,-8.847,-5.816,-5.829;
1.993,-392.233,-15.103,-308.194,-99.143,-0.174,-0.042,-0.043,0.000,0.000,0.000,-0.326, 0.048, 4.744, 8.896, 5.069, 7.438,-8.905,-5.854,-5.868;
2.005,-394.576,-15.234,-310.032,-99.778,-0.174,-0.042,-0.043,0.000,0.000,0.000,-0.326, 0.039, 4.763, 8.965, 5.104, 7.474,-8.959,-5.890,-5.903;
2.018,-397.125,-15.154,-312.038,-100.241,-0.174,-0.042,-0.043,0.000,0.000,-0.048,-0.326, 0.028, 4.784, 9.038, 5.142, 7.512,-9.016,-5.927,-5.941;
2.029,-399.307,-15.498,-313.742,-101.063,-0.174,-0.042,-0.043,0.000,0.000,0.055,-0.325, 0.020, 4.801, 9.103, 5.176, 7.545,-9.067,-5.961,-5.974;
2.041,-401.634,-15.404,-315.574,-101.463,-0.174,-0.042,-0.043,0.000,0.000,-0.053,-0.325, 0.010, 4.820, 9.169, 5.211, 7.580,-9.119,-5.995,-6.009;
2.053,-403.906,-15.756,-317.349,-102.313,-0.174,-0.042,-0.043,0.000,0.000,0.053,-0.324, 0.001, 4.838, 9.237, 5.247, 7.614,-9.172,-6.030,-6.043;
2.065,-406.235,-15.888,-319.177,-102.947,-0.174,-0.042,-0.043,0.000,0.000,0.000,-0.323,-0.008, 4.857, 9.304, 5.283, 7.649,-9.225,-6.065,-6.078;
2.076,-408.522,-16.018,-320.971,-103.569,-0.174,-0.042,-0.043,0.000,0.000,0.000,-0.322,-0.017, 4.875, 9.371, 5.319, 7.684,-9.277,-6.099,-6.113;
2.088,-410.766,-16.146,-322.732,-104.180,-0.174,-0.042,-0.043,0.000,0.000,0.000,-0.321,-0.026, 4.893, 9.436, 5.355, 7.717,-9.328,-6.133,-6.147;
2.100,-413.188,-16.285,-324.632,-104.840,-0.174,-0.042,-0.043,0.000,0.000,0.000,-0.320,-0.036, 4.912, 9.506, 5.393, 7.754,-9.384,-6.169,-6.183;
2.112,-415.446,-16.414,-326.405,-105.455,-0.174,-0.042,-0.043,0.000,0.000,0.000,-0.318,-0.045, 4.930, 9.572, 5.430, 7.788,-9.435,-6.203,-6.217;
2.123,-417.769,-16.314,-328.235,-105.847,-0.174,-0.042,-0.043,0.000,0.000,-0.053,-0.317,-0.054, 4.949, 9.638, 5.466, 7.822,-9.487,-6.237,-6.251;
2.135,-419.971,-16.674,-329.956,-106.690,-0.174,-0.042,-0.043,0.000,0.000,0.054,-0.315,-0.063, 4.967, 9.703, 5.503, 7.856,-9.538,-6.271,-6.285;
2.146,-422.119,-16.798,-331.642,-107.276,-0.174,-0.042,-0.043,0.000,0.000,0.000,-0.313,-0.071, 4.984, 9.765, 5.538, 7.888,-9.587,-6.303,-6.317;
2.157,-424.332,-16.927,-333.379,-107.880,-0.174,-0.042,-0.043,0.000,0.000,0.000,-0.311,-0.080, 5.002, 9.829, 5.574, 7.921,-9.638,-6.336,-6.350;
2.168,-426.620,-16.821,-335.183,-108.258,-0.174,-0.042,-0.043,0.000,0.000,-0.054,-0.309,-0.088, 5.020, 9.894, 5.612, 7.955,-9.689,-6.370,-6.384;
2.180,-428.811,-17.187,-336.894,-109.104,-0.174,-0.042,-0.043,0.000,0.000,0.055,-0.306,-0.097, 5.038, 9.959, 5.649, 7.989,-9.740,-6.403,-6.418;
2.202,-433.144,-17.440,-340.296,-110.288,-0.174,-0.042,-0.043,0.000,0.000,0.000,-0.301,-0.113, 5.072,10.083, 5.722, 8.054,-9.839,-6.468,-6.483;
2.206,-433.962,-17.488,-340.938,-110.511,-0.174,-0.042,-0.043,0.000,0.000,0.000,-0.300,-0.117, 5.079,10.107, 5.736, 8.066,-9.857,-6.480,-6.495;
2.219,-436.491,-17.392,-342.932,-110.951,-0.174,-0.042,-0.043,0.000,0.000,-0.049,-0.297,-0.126, 5.099,10.178, 5.778, 8.103,-9.914,-6.518,-6.532;
2.230,-438.651,-17.763,-344.620,-111.794,-0.174,-0.042,-0.043,0.000,0.000,0.055,-0.294,-0.134, 5.116,10.241, 5.816, 8.136,-9.964,-6.551,-6.565;
2.241,-440.869,-17.893,-346.362,-112.401,-0.174,-0.042,-0.043,0.000,0.000,0.000,-0.290,-0.143, 5.134,10.305, 5.854, 8.169,-10.014,-6.584,-6.599;
2.253,-443.105,-18.025,-348.117,-113.013,-0.174,-0.042,-0.043,0.000,0.000,0.000,-0.287,-0.151, 5.152,10.369, 5.893, 8.203,-10.065,-6.617,-6.632;
2.275,-447.416,-18.281,-351.503,-114.193,-0.174,-0.042,-0.043,0.000,0.000,0.000,-0.280,-0.167, 5.186,10.492, 5.968, 8.267,-10.163,-6.682,-6.697;
2.287,-449.867,-18.426,-353.430,-114.864,-0.174,-0.042,-0.043,0.000,0.000,0.000,-0.276,-0.175, 5.206,10.561, 6.011, 8.304,-10.219,-6.718,-6.733;
2.299,-452.176,-18.563,-355.243,-115.496,-0.174,-0.042,-0.043,0.000,0.000,0.000,-0.272,-0.184, 5.225,10.627, 6.052, 8.339,-10.272,-6.753,-6.768;
2.311,-454.619,-18.709,-357.163,-116.165,-0.174,-0.042,-0.043,0.000,0.000,0.000,-0.267,-0.192, 5.244,10.696, 6.096, 8.375,-10.327,-6.789,-6.804;
2.323,-456.991,-18.850,-359.027,-116.815,-0.174,-0.042,-0.043,0.000,0.000,0.000,-0.263,-0.201, 5.263,10.763, 6.138, 8.411,-10.381,-6.825,-6.840;
2.336,-459.563,-18.747,-361.055,-117.254,-0.174,-0.042,-0.043,0.000,0.000,-0.048,-0.258,-0.209, 5.284,10.834, 6.184, 8.449,-10.438,-6.863,-6.878;
2.339,-460.128,-19.037,-361.490,-117.675,-0.174,-0.042,-0.043,0.000,0.000,0.201,-0.257,-0.212, 5.288,10.851, 6.195, 8.458,-10.452,-6.872,-6.887;
2.360,-464.341,-19.029,-364.808,-118.561,-0.174,-0.042,-0.043,0.000,0.000,-0.029,-0.248,-0.226, 5.322,10.968, 6.271, 8.520,-10.547,-6.934,-6.949;
2.373,-466.769,-19.434,-366.707,-119.495,-0.174,-0.042,-0.043,0.000,0.000,0.049,-0.243,-0.234, 5.341,11.037, 6.316, 8.557,-10.603,-6.971,-6.986;
2.376,-467.502,-19.216,-367.293,-119.426,-0.174,-0.042,-0.043,0.000,0.000,-0.177,-0.241,-0.236, 5.347,11.057, 6.329, 8.568,-10.619,-6.981,-6.997;
2.387,-469.599,-19.604,-368.931,-120.271,-0.174,-0.042,-0.043,0.000,0.000,0.057,-0.236,-0.243, 5.364,11.116, 6.368, 8.599,-10.667,-7.013,-7.029;
2.409,-473.925,-19.598,-372.340,-121.183,-0.174,-0.042,-0.043,0.000,0.000,-0.029,-0.226,-0.257, 5.398,11.235, 6.448, 8.664,-10.764,-7.077,-7.093;
2.421,-476.194,-19.999,-374.114,-122.079,-0.174,-0.042,-0.043,0.000,0.000,0.053,-0.221,-0.265, 5.416,11.299, 6.491, 8.698,-10.817,-7.111,-7.127;
2.433,-478.597,-19.876,-376.012,-122.461,-0.174,-0.042,-0.043,0.000,0.000,-0.052,-0.215,-0.272, 5.436,11.364, 6.536, 8.733,-10.870,-7.146,-7.163;
2.445,-481.018,-20.289,-377.906,-123.401,-0.174,-0.042,-0.043,0.000,0.000,0.050,-0.209,-0.279, 5.455,11.432, 6.582, 8.770,-10.926,-7.183,-7.199;
2.458,-483.578,-20.173,-379.927,-123.823,-0.174,-0.042,-0.043,0.000,0.000,-0.049,-0.202,-0.287, 5.475,11.501, 6.630, 8.808,-10.983,-7.221,-7.237;
2.471,-485.997,-20.589,-381.820,-124.766,-0.174,-0.042,-0.043,0.000,0.000,0.050,-0.195,-0.294, 5.494,11.568, 6.677, 8.845,-11.039,-7.257,-7.274;
2.474,-486.701,-20.631,-382.374,-124.959,-0.174,-0.042,-0.043,0.000,0.000,0.000,-0.194,-0.296, 5.500,11.587, 6.690, 8.855,-11.055,-7.268,-7.284;
2.485,-488.858,-20.762,-384.070,-125.550,-0.174,-0.042,-0.043,0.000,0.000,0.000,-0.188,-0.303, 5.517,11.646, 6.732, 8.887,-11.104,-7.300,-7.316;
2.507,-493.201,-21.024,-387.486,-126.739,-0.174,-0.042,-0.043,0.000,0.000,0.000,-0.176,-0.315, 5.552,11.763, 6.815, 8.952,-11.202,-7.365,-7.381;
2.519,-495.598,-20.891,-389.380,-127.108,-0.174,-0.042,-0.043,0.000,0.000,-0.052,-0.169,-0.321, 5.571,11.827, 6.861, 8.987,-11.255,-7.399,-7.416;
2.531,-497.849,-21.304,-391.142,-128.012,-0.174,-0.042,-0.043,0.000,0.000,0.053,-0.162,-0.328, 5.589,11.889, 6.906, 9.021,-11.307,-7.434,-7.450;
2.542,-500.236,-21.168,-393.028,-128.376,-0.174,-0.042,-0.043,0.000,0.000,-0.052,-0.155,-0.334, 5.608,11.951, 6.951, 9.056,-11.360,-7.468,-7.485;
2.555,-502.660,-21.594,-394.926,-129.329,-0.174,-0.042,-0.043,0.000,0.000,0.050,-0.148,-0.340, 5.627,12.017, 7.000, 9.093,-11.416,-7.505,-7.522;
2.567,-505.085,-21.740,-396.833,-129.992,-0.174,-0.042,-0.043,0.000,0.000,0.000,-0.140,-0.346, 5.646,12.081, 7.047, 9.129,-11.471,-7.541,-7.558;
2.579,-507.497,-21.886,-398.732,-130.652,-0.174,-0.042,-0.043,0.000,0.000,0.000,-0.133,-0.352, 5.665,12.145, 7.095, 9.165,-11.525,-7.577,-7.594;
2.591,-509.869,-22.029,-400.598,-131.300,-0.174,-0.042,-0.043,0.000,0.000,0.000,-0.125,-0.358, 5.684,12.208, 7.142, 9.200,-11.579,-7.612,-7.629;
2.603,-512.173,-22.168,-402.412,-131.930,-0.174,-0.042,-0.043,0.000,0.000,0.000,-0.118,-0.363, 5.702,12.268, 7.188, 9.234,-11.631,-7.646,-7.664;
2.615,-514.592,-22.026,-404.325,-132.293,-0.174,-0.042,-0.043,0.000,0.000,-0.052,-0.110,-0.369, 5.722,12.331, 7.235, 9.270,-11.684,-7.682,-7.699;
2.627,-516.903,-22.452,-406.133,-133.222,-0.174,-0.042,-0.043,0.000,0.000,0.052,-0.102,-0.374, 5.740,12.392, 7.282, 9.305,-11.738,-7.717,-7.734;
2.639,-519.266,-22.595,-407.993,-133.867,-0.174,-0.042,-0.043,0.000,0.000,0.000,-0.095,-0.379, 5.759,12.453, 7.330, 9.340,-11.791,-7.752,-7.769;
2.650,-521.569,-22.733,-409.807,-134.496,-0.174,-0.042,-0.043,0.000,0.000,0.000,-0.087,-0.384, 5.777,12.513, 7.376, 9.374,-11.843,-7.786,-7.803;
2.663,-523.991,-22.879,-411.713,-135.157,-0.174,-0.042,-0.043,0.000,0.000,0.000,-0.079,-0.389, 5.796,12.575, 7.425, 9.410,-11.898,-7.822,-7.839;
2.675,-526.425,-23.025,-413.629,-135.820,-0.174,-0.042,-0.043,0.000,0.000,0.000,-0.070,-0.394, 5.815,12.638, 7.474, 9.446,-11.952,-7.858,-7.875;
2.687,-528.888,-23.173,-415.569,-136.492,-0.174,-0.042,-0.043,0.000,0.000,0.000,-0.062,-0.399, 5.835,12.701, 7.524, 9.483,-12.008,-7.894,-7.912;
2.700,-531.360,-23.023,-417.525,-136.858,-0.174,-0.042,-0.043,0.000,0.000,-0.051,-0.053,-0.403, 5.855,12.762, 7.573, 9.519,-12.063,-7.930,-7.948;
2.711,-533.594,-23.454,-419.274,-137.774,-0.174,-0.042,-0.043,0.000,0.000,0.054,-0.045,-0.407, 5.872,12.820, 7.620, 9.553,-12.114,-7.964,-7.982;
2.723,-535.984,-23.296,-421.165,-138.115,-0.174,-0.042,-0.043,0.000,0.000,-0.053,-0.037,-0.411, 5.891,12.879, 7.668, 9.588,-12.167,-7.999,-8.017;
2.735,-538.306,-23.735,-422.983,-139.057,-0.174,-0.042,-0.043,0.000,0.000,0.052,-0.028,-0.415, 5.910,12.938, 7.716, 9.623,-12.220,-8.034,-8.052;
2.746,-540.621,-23.570,-424.817,-139.374,-0.174,-0.042,-0.043,0.000,0.000,-0.054,-0.020,-0.418, 5.928,12.995, 7.763, 9.656,-12.271,-8.067,-8.086;
2.758,-542.897,-24.008,-426.598,-140.306,-0.174,-0.042,-0.043,0.000,0.000,0.053,-0.011,-0.422, 5.946,13.053, 7.810, 9.691,-12.324,-8.102,-8.120;
2.769,-545.098,-24.139,-428.332,-140.904,-0.174,-0.042,-0.043,0.000,0.000,0.000,-0.003,-0.425, 5.963,13.107, 7.856, 9.723,-12.373,-8.134,-8.153;
2.781,-547.362,-24.273,-430.116,-141.519,-0.174,-0.042,-0.043,0.000,0.000,0.000, 0.005,-0.428, 5.981,13.163, 7.902, 9.757,-12.424,-8.168,-8.186;
2.792,-549.784,-24.108,-432.034,-141.858,-0.174,-0.042,-0.043,0.000,0.000,-0.052, 0.014,-0.431, 6.001,13.221, 7.951, 9.792,-12.477,-8.203,-8.221;
2.804,-552.069,-24.551,-433.824,-142.797,-0.174,-0.042,-0.043,0.000,0.000,0.053, 0.023,-0.434, 6.018,13.279, 8.000, 9.827,-12.530,-8.238,-8.256;
2.816,-554.415,-24.379,-435.682,-143.112,-0.174,-0.042,-0.043,0.000,0.000,-0.054, 0.031,-0.437, 6.037,13.334, 8.047, 9.861,-12.582,-8.271,-8.290;
2.837,-558.654,-24.939,-439.011,-144.582,-0.174,-0.042,-0.043,0.000,0.000,0.029, 0.048,-0.441, 6.071,13.438, 8.136, 9.924,-12.678,-8.335,-8.354;
2.849,-561.004,-25.077,-440.863,-145.218,-0.174,-0.042,-0.043,0.000,0.000,0.000, 0.057,-0.444, 6.089,13.494, 8.185, 9.959,-12.731,-8.370,-8.388;
2.861,-563.447,-25.220,-442.788,-145.879,-0.174,-0.042,-0.043,0.000,0.000,0.000, 0.066,-0.446, 6.108,13.553, 8.236, 9.995,-12.786,-8.406,-8.425;
2.873,-565.807,-25.358,-444.648,-146.517,-0.174,-0.042,-0.043,0.000,0.000,0.000, 0.075,-0.448, 6.127,13.609, 8.285,10.030,-12.839,-8.441,-8.459;
2.886,-568.376,-25.189,-446.683,-146.882,-0.174,-0.042,-0.043,0.000,0.000,-0.049, 0.085,-0.450, 6.147,13.668, 8.338,10.067,-12.895,-8.478,-8.497;
2.898,-570.700,-25.642,-448.504,-147.839,-0.174,-0.042,-0.043,0.000,0.000,0.052, 0.094,-0.451, 6.166,13.724, 8.387,10.103,-12.949,-8.513,-8.532;
2.910,-573.097,-25.461,-450.404,-148.154,-0.174,-0.042,-0.043,0.000,0.000,-0.053, 0.103,-0.453, 6.185,13.779, 8.436,10.137,-13.001,-8.547,-8.567;
2.922,-575.405,-25.915,-452.212,-149.108,-0.174,-0.042,-0.043,0.000,0.000,0.052, 0.113,-0.454, 6.203,13.834, 8.486,10.172,-13.054,-8.582,-8.601;
2.935,-578.052,-25.744,-454.309,-149.487,-0.174,-0.042,-0.043,0.000,0.000,-0.048, 0.123,-0.455, 6.224,13.894, 8.540,10.211,-13.112,-8.620,-8.640;
2.947,-580.496,-26.208,-456.224,-150.480,-0.174,-0.042,-0.043,0.000,0.000,0.049, 0.133,-0.456, 6.243,13.951, 8.592,10.248,-13.169,-8.657,-8.677;
2.951,-581.279,-25.928,-456.853,-150.354,-0.174,-0.042,-0.043,0.000,0.000,-0.169, 0.135,-0.456, 6.249,13.968, 8.607,10.258,-13.185,-8.668,-8.688;
2.962,-583.408,-26.375,-458.519,-151.263,-0.174,-0.042,-0.043,0.000,0.000,0.057, 0.144,-0.457, 6.266,14.018, 8.653,10.291,-13.234,-8.700,-8.720;
2.983,-587.730,-26.293,-461.937,-152.085,-0.174,-0.042,-0.043,0.000,0.000,-0.029, 0.161,-0.457, 6.300,14.115, 8.742,10.354,-13.329,-8.763,-8.783;
2.996,-590.149,-26.759,-463.833,-153.075,-0.174,-0.042,-0.043,0.000,0.000,0.050, 0.171,-0.458, 6.319,14.170, 8.794,10.390,-13.385,-8.800,-8.819;
3.007,-592.563,-26.564,-465.748,-153.380,-0.174,-0.042,-0.043,0.000,0.000,-0.052, 0.180,-0.458, 6.338,14.223, 8.844,10.425,-13.438,-8.834,-8.854;
3.019,-594.844,-27.025,-467.534,-154.334,-0.174,-0.042,-0.043,0.000,0.000,0.053, 0.189,-0.457, 6.356,14.275, 8.892,10.460,-13.490,-8.869,-8.889;
3.032,-597.322,-27.165,-469.489,-154.998,-0.174,-0.042,-0.043,0.000,0.000,0.000, 0.199,-0.457, 6.376,14.330, 8.944,10.496,-13.546,-8.905,-8.925;
3.044,-599.945,-26.976,-471.568,-155.353,-0.174,-0.042,-0.043,0.000,0.000,-0.048, 0.209,-0.456, 6.396,14.387, 8.998,10.534,-13.603,-8.943,-8.963;
3.057,-602.348,-27.447,-473.452,-156.343,-0.174,-0.042,-0.043,0.000,0.000,0.050, 0.219,-0.456, 6.415,14.441, 9.049,10.570,-13.658,-8.979,-9.000;
3.069,-604.883,-27.588,-475.452,-157.020,-0.174,-0.042,-0.043,0.000,0.000,0.000, 0.229,-0.455, 6.435,14.496, 9.102,10.608,-13.715,-9.017,-9.037;
3.081,-607.185,-27.717,-477.267,-157.634,-0.174,-0.042,-0.043,0.000,0.000,0.000, 0.238,-0.454, 6.453,14.546, 9.150,10.642,-13.767,-9.051,-9.071;
3.093,-609.672,-27.513,-479.240,-157.945,-0.174,-0.042,-0.043,0.000,0.000,-0.051, 0.247,-0.452, 6.473,14.598, 9.201,10.678,-13.821,-9.086,-9.107;
3.106,-612.108,-27.989,-481.150,-158.947,-0.174,-0.042,-0.043,0.000,0.000,0.050, 0.257,-0.451, 6.492,14.652, 9.253,10.714,-13.877,-9.123,-9.144;
3.117,-614.351,-28.113,-482.919,-159.544,-0.174,-0.042,-0.043,0.000,0.000,0.000, 0.265,-0.449, 6.510,14.699, 9.299,10.747,-13.927,-9.156,-9.177;
3.128,-616.591,-28.236,-484.686,-160.141,-0.174,-0.042,-0.043,0.000,0.000,0.000, 0.274,-0.448, 6.527,14.747, 9.346,10.781,-13.977,-9.189,-9.210;
3.140,-619.029,-28.023,-486.621,-160.431,-0.174,-0.042,-0.043,0.000,0.000,-0.052, 0.283,-0.446, 6.547,14.797, 9.395,10.816,-14.031,-9.224,-9.245;
3.152,-621.352,-28.496,-488.441,-161.406,-0.174,-0.042,-0.043,0.000,0.000,0.052, 0.292,-0.443, 6.565,14.847, 9.445,10.851,-14.084,-9.259,-9.280;
3.164,-623.882,-28.284,-490.448,-161.717,-0.174,-0.042,-0.043,0.000,0.000,-0.050, 0.302,-0.441, 6.585,14.898, 9.496,10.887,-14.139,-9.295,-9.316;
3.177,-626.391,-28.769,-492.416,-162.744,-0.174,-0.042,-0.043,0.000,0.000,0.048, 0.311,-0.438, 6.604,14.952, 9.549,10.925,-14.197,-9.333,-9.354;
3.190,-628.892,-28.904,-494.390,-163.406,-0.174,-0.042,-0.043,0.000,0.000,0.000, 0.321,-0.436, 6.624,15.003, 9.601,10.962,-14.253,-9.370,-9.391;
3.202,-631.326,-29.034,-496.310,-164.050,-0.174,-0.042,-0.043,0.000,0.000,0.000, 0.330,-0.433, 6.643,15.053, 9.651,10.998,-14.307,-9.406,-9.427;
3.214,-633.828,-28.814,-498.296,-164.346,-0.174,-0.042,-0.043,0.000,0.000,-0.051, 0.339,-0.430, 6.663,15.103, 9.701,11.034,-14.362,-9.442,-9.463;
3.226,-636.230,-29.296,-500.178,-165.347,-0.174,-0.042,-0.043,0.000,0.000,0.050, 0.348,-0.426, 6.682,15.153, 9.751,11.070,-14.417,-9.478,-9.499;
3.241,-639.089,-29.447,-502.434,-166.102,-0.174,-0.042,-0.043,0.000,0.000,0.000, 0.359,-0.422, 6.704,15.210, 9.810,11.112,-14.481,-9.520,-9.541;
3.244,-639.797,-29.127,-503.006,-165.918,-0.174,-0.042,-0.043,0.000,0.000,-0.191, 0.361,-0.421, 6.710,15.223, 9.823,11.122,-14.495,-9.529,-9.551;
3.255,-641.980,-29.600,-504.716,-166.864,-0.174,-0.042,-0.043,0.000,0.000,0.055, 0.369,-0.418, 6.727,15.268, 9.869,11.155,-14.545,-9.562,-9.584;
3.277,-646.415,-29.471,-508.227,-167.659,-0.174,-0.042,-0.043,0.000,0.000,-0.028, 0.385,-0.411, 6.762,15.355, 9.958,11.219,-14.643,-9.627,-9.648;
3.290,-648.883,-29.961,-510.161,-168.682,-0.174,-0.042,-0.043,0.000,0.000,0.049, 0.394,-0.407, 6.781,15.405,10.009,11.256,-14.699,-9.664,-9.686;
3.302,-651.330,-29.723,-512.105,-168.948,-0.174,-0.042,-0.043,0.000,0.000,-0.052, 0.402,-0.402, 6.800,15.452,10.057,11.292,-14.753,-9.699,-9.721;
3.314,-653.761,-30.213,-514.011,-169.964,-0.174,-0.042,-0.043,0.000,0.000,0.050, 0.411,-0.398, 6.819,15.500,10.108,11.328,-14.808,-9.736,-9.758;
3.318,-654.538,-29.887,-514.637,-169.789,-0.174,-0.042,-0.043,0.000,0.000,-0.173, 0.413,-0.397, 6.826,15.514,10.122,11.339,-14.824,-9.746,-9.768;
3.338,-658.630,-30.463,-517.853,-171.240,-0.174,-0.042,-0.043,0.000,0.000,0.030, 0.428,-0.389, 6.858,15.594,10.205,11.400,-14.917,-9.807,-9.829;
3.342,-659.327,-30.499,-518.403,-171.423,-0.174,-0.042,-0.043,0.000,0.000,0.000, 0.430,-0.387, 6.863,15.608,10.219,11.410,-14.933,-9.817,-9.839;
3.363,-663.513,-30.712,-521.707,-172.518,-0.174,-0.042,-0.043,0.000,0.000,0.000, 0.444,-0.379, 6.896,15.688,10.303,11.472,-15.026,-9.879,-9.901;
3.375,-665.916,-30.461,-523.616,-172.761,-0.174,-0.042,-0.043,0.000,0.000,-0.053, 0.452,-0.373, 6.915,15.732,10.349,11.506,-15.079,-9.913,-9.936;
3.387,-668.392,-30.584,-525.570,-173.407,-0.174,-0.042,-0.043,0.000,0.000,0.000, 0.460,-0.368, 6.935,15.779,10.398,11.543,-15.134,-9.950,-9.972;
3.399,-670.671,-31.071,-527.355,-174.388,-0.174,-0.042,-0.043,0.000,0.000,0.053, 0.467,-0.363, 6.952,15.823,10.444,11.577,-15.186,-9.984,-10.006;
3.412,-673.239,-31.200,-529.382,-175.057,-0.174,-0.042,-0.043,0.000,0.000,0.000, 0.475,-0.357, 6.972,15.871,10.495,11.615,-15.244,-10.022,-10.044;
3.423,-675.514,-31.313,-531.177,-175.649,-0.174,-0.042,-0.043,0.000,0.000,0.000, 0.482,-0.351, 6.990,15.913,10.539,11.649,-15.295,-10.055,-10.078;
3.434,-677.838,-31.049,-533.024,-175.863,-0.174,-0.042,-0.043,0.000,0.000,-0.055, 0.489,-0.346, 7.009,15.955,10.583,11.682,-15.345,-10.088,-10.111;
3.447,-680.268,-31.547,-534.929,-176.886,-0.174,-0.042,-0.043,0.000,0.000,0.050, 0.497,-0.339, 7.028,16.001,10.632,11.719,-15.401,-10.125,-10.148;
3.457,-682.473,-31.273,-536.682,-177.065,-0.174,-0.042,-0.043,0.000,0.000,-0.058, 0.503,-0.334, 7.045,16.040,10.673,11.750,-15.449,-10.156,-10.179;
3.469,-684.656,-31.761,-538.392,-178.026,-0.174,-0.042,-0.043,0.000,0.000,0.055, 0.510,-0.328, 7.062,16.081,10.717,11.783,-15.499,-10.189,-10.212;
3.480,-687.045,-31.493,-540.289,-178.248,-0.174,-0.042,-0.043,0.000,0.000,-0.053, 0.517,-0.322, 7.081,16.123,10.761,11.817,-15.551,-10.223,-10.247;
3.491,-689.218,-31.982,-541.991,-179.209,-0.174,-0.042,-0.043,0.000,0.000,0.055, 0.523,-0.316, 7.098,16.163,10.804,11.850,-15.601,-10.256,-10.280;
3.503,-691.511,-31.706,-543.814,-179.403,-0.174,-0.042,-0.043,0.000,0.000,-0.056, 0.529,-0.310, 7.116,16.204,10.847,11.883,-15.650,-10.289,-10.312;
3.514,-693.658,-32.195,-545.495,-180.358,-0.174,-0.042,-0.043,0.000,0.000,0.056, 0.535,-0.303, 7.133,16.243,10.889,11.916,-15.700,-10.322,-10.345;
3.525,-695.866,-32.300,-547.237,-180.929,-0.174,-0.042,-0.043,0.000,0.000,0.000, 0.541,-0.297, 7.150,16.283,10.930,11.948,-15.749,-10.354,-10.377;
3.546,-700.146,-32.504,-550.615,-182.034,-0.174,-0.042,-0.043,0.000,0.000,0.000, 0.552,-0.285, 7.184,16.359,11.011,12.011,-15.845,-10.417,-10.440;
3.549,-700.731,-32.531,-551.078,-182.185,-0.174,-0.042,-0.043,0.000,0.000,0.000, 0.554,-0.283, 7.188,16.369,11.022,12.020,-15.858,-10.425,-10.449;
3.571,-705.044,-32.734,-554.481,-183.297,-0.174,-0.042,-0.043,0.000,0.000,0.000, 0.565,-0.270, 7.222,16.445,11.102,12.083,-15.954,-10.489,-10.512;
3.583,-707.444,-32.846,-556.375,-183.915,-0.174,-0.042,-0.043,0.000,0.000,0.000, 0.570,-0.262, 7.241,16.487,11.147,12.119,-16.008,-10.524,-10.548;
3.594,-709.791,-32.955,-558.228,-184.518,-0.174,-0.042,-0.043,0.000,0.000,0.000, 0.576,-0.255, 7.260,16.528,11.190,12.153,-16.060,-10.559,-10.582;
3.606,-712.208,-33.067,-560.135,-185.140,-0.174,-0.042,-0.043,0.000,0.000,0.000, 0.582,-0.247, 7.279,16.570,11.234,12.189,-16.114,-10.594,-10.618;
3.618,-714.496,-33.173,-561.941,-185.727,-0.174,-0.042,-0.043,0.000,0.000,0.000, 0.587,-0.240, 7.297,16.609,11.276,12.222,-16.166,-10.628,-10.652;
3.629,-716.768,-33.277,-563.735,-186.311,-0.174,-0.042,-0.043,0.000,0.000,0.000, 0.592,-0.233, 7.314,16.648,11.317,12.256,-16.216,-10.661,-10.685;
3.640,-719.051,-32.979,-565.549,-186.481,-0.174,-0.042,-0.043,0.000,0.000,-0.056, 0.596,-0.225, 7.332,16.686,11.357,12.288,-16.266,-10.694,-10.718;
3.652,-721.234,-33.480,-567.258,-187.456,-0.174,-0.042,-0.043,0.000,0.000,0.055, 0.601,-0.218, 7.349,16.725,11.397,12.322,-16.316,-10.727,-10.751;
3.663,-723.554,-33.180,-569.102,-187.632,-0.174,-0.042,-0.043,0.000,0.000,-0.055, 0.606,-0.210, 7.368,16.763,11.438,12.355,-16.366,-10.760,-10.784;
3.674,-725.781,-33.685,-570.845,-188.620,-0.174,-0.042,-0.043,0.000,0.000,0.054, 0.610,-0.202, 7.385,16.802,11.478,12.389,-16.418,-10.794,-10.818;
3.685,-727.993,-33.784,-572.591,-189.186,-0.174,-0.042,-0.043,0.000,0.000,0.000, 0.614,-0.195, 7.403,16.840,11.517,12.421,-16.467,-10.826,-10.850;
3.697,-730.251,-33.885,-574.372,-189.763,-0.174,-0.042,-0.043,0.000,0.000,0.000, 0.618,-0.187, 7.420,16.878,11.557,12.454,-16.518,-10.859,-10.884;
3.708,-732.541,-33.577,-576.193,-189.925,-0.174,-0.042,-0.043,0.000,0.000,-0.056, 0.622,-0.179, 7.438,16.915,11.596,12.487,-16.567,-10.892,-10.916;
3.720,-734.957,-34.093,-578.085,-190.965,-0.174,-0.042,-0.043,0.000,0.000,0.050, 0.627,-0.170, 7.457,16.957,11.639,12.524,-16.623,-10.928,-10.953;
3.742,-739.313,-33.871,-581.535,-191.649,-0.174,-0.042,-0.043,0.000,0.000,-0.029, 0.633,-0.155, 7.492,17.029,11.713,12.587,-16.719,-10.991,-11.016;
3.754,-741.665,-34.386,-583.376,-192.675,-0.174,-0.042,-0.043,0.000,0.000,0.051, 0.637,-0.146, 7.510,17.069,11.754,12.623,-16.773,-11.027,-11.052;
3.766,-744.016,-34.489,-585.231,-193.274,-0.174,-0.042,-0.043,0.000,0.000,0.000, 0.641,-0.138, 7.529,17.108,11.794,12.657,-16.826,-11.062,-11.087;
3.778,-746.465,-34.595,-587.163,-193.897,-0.174,-0.042,-0.043,0.000,0.000,0.000, 0.644,-0.129, 7.548,17.149,11.836,12.693,-16.880,-11.098,-11.123;
3.790,-748.850,-34.698,-589.044,-194.503,-0.174,-0.042,-0.043,0.000,0.000,0.000, 0.647,-0.120, 7.567,17.188,11.876,12.729,-16.934,-11.133,-11.158;
3.802,-751.366,-34.806,-591.030,-195.142,-0.174,-0.042,-0.043,0.000,0.000,0.000, 0.650,-0.110, 7.586,17.230,11.918,12.766,-16.990,-11.170,-11.195;
3.814,-753.690,-34.905,-592.863,-195.732,-0.174,-0.042,-0.043,0.000,0.000,0.000, 0.653,-0.102, 7.605,17.268,11.956,12.800,-17.042,-11.204,-11.229;
3.826,-756.150,-35.010,-594.803,-196.356,-0.174,-0.042,-0.043,0.000,0.000,0.000, 0.656,-0.092, 7.624,17.309,11.997,12.836,-17.097,-11.240,-11.265;
3.838,-758.569,-35.112,-596.711,-196.970,-0.174,-0.042,-0.043,0.000,0.000,0.000, 0.658,-0.083, 7.643,17.349,12.036,12.872,-17.151,-11.276,-11.301;
3.851,-761.034,-35.216,-598.656,-197.595,-0.174,-0.042,-0.043,0.000,0.000,0.000, 0.660,-0.074, 7.663,17.389,12.076,12.908,-17.207,-11.312,-11.337;
3.862,-763.335,-35.313,-600.471,-198.177,-0.174,-0.042,-0.043,0.000,0.000,0.000, 0.662,-0.065, 7.681,17.427,12.113,12.942,-17.258,-11.346,-11.371;
3.874,-765.653,-35.410,-602.299,-198.764,-0.174,-0.042,-0.043,0.000,0.000,0.000, 0.664,-0.056, 7.699,17.465,12.150,12.976,-17.310,-11.380,-11.406;
3.886,-768.028,-35.509,-604.172,-199.365,-0.174,-0.042,-0.043,0.000,0.000,0.000, 0.666,-0.047, 7.718,17.503,12.188,13.011,-17.363,-11.415,-11.441;
3.897,-770.323,-35.604,-605.982,-199.946,-0.174,-0.042,-0.043,0.000,0.000,0.000, 0.668,-0.038, 7.736,17.541,12.224,13.045,-17.415,-11.449,-11.474;
3.910,-772.872,-35.710,-607.992,-200.590,-0.174,-0.042,-0.043,0.000,0.000,0.000, 0.669,-0.028, 7.756,17.582,12.264,13.083,-17.472,-11.487,-11.512;
3.922,-775.198,-35.373,-609.841,-200.730,-0.174,-0.042,-0.043,0.000,0.000,-0.055, 0.670,-0.019, 7.774,17.619,12.299,13.116,-17.522,-11.520,-11.545;
3.933,-777.328,-35.893,-611.505,-201.716,-0.174,-0.042,-0.043,0.000,0.000,0.056, 0.671,-0.010, 7.791,17.655,12.333,13.149,-17.572,-11.552,-11.578;
3.943,-779.573,-35.549,-613.290,-201.833,-0.174,-0.042,-0.043,0.000,0.000,-0.057, 0.672,-0.002, 7.809,17.690,12.367,13.181,-17.621,-11.584,-11.610;
3.955,-781.701,-36.071,-614.952,-202.820,-0.174,-0.042,-0.043,0.000,0.000,0.056, 0.673, 0.007, 7.825,17.726,12.400,13.213,-17.670,-11.617,-11.643;
3.965,-783.875,-36.159,-616.666,-203.368,-0.174,-0.042,-0.043,0.000,0.000,0.000, 0.673, 0.015, 7.843,17.761,12.433,13.245,-17.719,-11.649,-11.675;
3.976,-786.053,-36.247,-618.383,-203.917,-0.174,-0.042,-0.043,0.000,0.000,0.000, 0.674, 0.024, 7.860,17.797,12.466,13.278,-17.768,-11.681,-11.707;
3.998,-790.272,-36.418,-621.710,-204.980,-0.174,-0.042,-0.043,0.000,0.000,0.000, 0.674, 0.041, 7.893,17.865,12.529,13.340,-17.862,-11.743,-11.769;
4.009,-792.663,-36.071,-623.609,-205.125,-0.174,-0.042,-0.043,0.000,0.000,-0.053, 0.674, 0.050, 7.912,17.903,12.563,13.374,-17.914,-11.777,-11.804;
4.020,-794.810,-36.599,-625.285,-206.124,-0.174,-0.042,-0.043,0.000,0.000,0.056, 0.674, 0.058, 7.929,17.939,12.595,13.407,-17.964,-11.810,-11.836;
4.032,-797.243,-36.251,-627.218,-206.276,-0.174,-0.042,-0.043,0.000,0.000,-0.052, 0.673, 0.068, 7.948,17.977,12.629,13.442,-18.017,-11.845,-11.871;
4.044,-799.507,-36.786,-628.986,-207.306,-0.174,-0.042,-0.043,0.000,0.000,0.053, 0.673, 0.077, 7.966,18.015,12.663,13.477,-18.070,-11.879,-11.906;
4.056,-801.899,-36.433,-630.887,-207.445,-0.174,-0.042,-0.043,0.000,0.000,-0.053, 0.672, 0.086, 7.985,18.053,12.696,13.511,-18.122,-11.914,-11.940;
4.067,-804.134,-36.968,-632.632,-208.470,-0.174,-0.042,-0.043,0.000,0.000,0.053, 0.671, 0.095, 8.002,18.091,12.729,13.545,-18.174,-11.948,-11.974;
4.078,-806.310,-37.054,-634.347,-209.018,-0.174,-0.042,-0.043,0.000,0.000,0.000, 0.670, 0.104, 8.020,18.126,12.759,13.577,-18.223,-11.980,-12.007;
4.089,-808.501,-37.140,-636.073,-209.568,-0.174,-0.042,-0.043,0.000,0.000,0.000, 0.669, 0.112, 8.037,18.162,12.790,13.610,-18.272,-12.012,-12.039;
4.100,-810.786,-36.777,-637.889,-209.675,-0.174,-0.042,-0.043,0.000,0.000,-0.056, 0.668, 0.121, 8.055,18.198,12.821,13.643,-18.321,-12.045,-12.072;
4.111,-812.888,-37.312,-639.529,-210.671,-0.174,-0.042,-0.043,0.000,0.000,0.057, 0.666, 0.129, 8.072,18.234,12.851,13.675,-18.370,-12.077,-12.104;
4.133,-817.099,-37.476,-642.846,-211.729,-0.174,-0.042,-0.043,0.000,0.000,0.000, 0.663, 0.146, 8.105,18.303,12.908,13.737,-18.465,-12.140,-12.166;
4.144,-819.427,-37.567,-644.680,-212.313,-0.174,-0.042,-0.043,0.000,0.000,0.000, 0.661, 0.155, 8.123,18.341,12.939,13.772,-18.518,-12.174,-12.201;
4.156,-821.798,-37.659,-646.548,-212.909,-0.174,-0.042,-0.043,0.000,0.000,0.000, 0.659, 0.164, 8.142,18.380,12.971,13.807,-18.571,-12.209,-12.236;
4.168,-824.245,-37.294,-648.491,-213.048,-0.174,-0.042,-0.043,0.000,0.000,-0.052, 0.657, 0.173, 8.161,18.419,13.002,13.842,-18.624,-12.244,-12.271;
4.180,-826.448,-37.838,-650.209,-214.077,-0.174,-0.042,-0.043,0.000,0.000,0.054, 0.654, 0.182, 8.179,18.457,13.032,13.876,-18.676,-12.278,-12.305;
4.192,-829.052,-37.476,-652.276,-214.252,-0.174,-0.042,-0.043,0.000,0.000,-0.049, 0.651, 0.191, 8.200,18.499,13.065,13.913,-18.733,-12.315,-12.343;
4.205,-831.406,-38.029,-654.113,-215.322,-0.174,-0.042,-0.043,0.000,0.000,0.051, 0.648, 0.200, 8.218,18.539,13.096,13.950,-18.787,-12.351,-12.379;
4.217,-833.984,-37.662,-656.158,-215.488,-0.174,-0.042,-0.043,0.000,0.000,-0.049, 0.645, 0.210, 8.239,18.581,13.128,13.987,-18.844,-12.388,-12.416;
4.229,-836.224,-38.213,-657.906,-216.532,-0.174,-0.042,-0.043,0.000,0.000,0.053, 0.642, 0.218, 8.256,18.620,13.158,14.021,-18.896,-12.423,-12.450;
4.241,-838.658,-37.839,-659.838,-216.659,-0.174,-0.042,-0.043,0.000,0.000,-0.052, 0.639, 0.227, 8.276,18.659,13.187,14.056,-18.949,-12.458,-12.485;
4.255,-841.311,-38.408,-661.910,-217.809,-0.174,-0.042,-0.043,0.000,0.000,0.045, 0.635, 0.237, 8.297,18.705,13.222,14.097,-19.011,-12.498,-12.526;
4.267,-843.756,-38.030,-663.850,-217.936,-0.174,-0.042,-0.043,0.000,0.000,-0.052, 0.631, 0.246, 8.316,18.745,13.251,14.132,-19.064,-12.533,-12.561;
4.279,-846.184,-38.594,-665.744,-219.033,-0.174,-0.042,-0.043,0.000,0.000,0.049, 0.627, 0.255, 8.335,18.787,13.281,14.169,-19.121,-12.570,-12.598;
4.291,-848.534,-38.210,-667.610,-219.134,-0.174,-0.042,-0.043,0.000,0.000,-0.054, 0.623, 0.263, 8.354,18.826,13.309,14.203,-19.172,-12.604,-12.632;
4.303,-850.946,-38.775,-669.492,-220.229,-0.174,-0.042,-0.043,0.000,0.000,0.049, 0.618, 0.272, 8.373,18.868,13.339,14.240,-19.228,-12.641,-12.669;
4.316,-853.615,-38.400,-671.608,-220.407,-0.174,-0.042,-0.043,0.000,0.000,-0.047, 0.614, 0.281, 8.394,18.912,13.370,14.279,-19.287,-12.680,-12.708;
4.329,-856.092,-38.971,-673.540,-221.522,-0.174,-0.042,-0.043,0.000,0.000,0.048, 0.609, 0.290, 8.414,18.956,13.400,14.317,-19.344,-12.717,-12.746;
4.341,-858.383,-39.058,-675.343,-222.098,-0.174,-0.042,-0.043,0.000,0.000,0.000, 0.604, 0.298, 8.432,18.995,13.427,14.351,-19.396,-12.752,-12.780;
4.346,-859.422,-39.097,-676.161,-222.359,-0.174,-0.042,-0.043,0.000,0.000,0.000, 0.602, 0.301, 8.440,19.013,13.439,14.366,-19.420,-12.767,-12.795;
4.365,-863.229,-39.243,-679.156,-223.316,-0.174,-0.042,-0.043,0.000,0.000,0.000, 0.594, 0.314, 8.471,19.079,13.483,14.423,-19.506,-12.824,-12.852;
