0.000,0.000,0.000,0.000,0.000, 0.000, 0.000, 0.000,0.000,0.000,0.000, 0.000, 0.000, 0.000;
21.565,-2.725,2.921,3.293,-3.098,-0.115, 0.212, 1.672,0.000,0.000,0.000, 0.392, 0.204,-1.044;
21.577,-2.756,2.910,3.262,-3.109,-0.115, 0.212, 1.672,0.000,0.000,0.000, 0.389, 0.206,-1.044;
21.589,-2.787,2.899,3.231,-3.120,-0.115, 0.212, 1.672,0.000,0.000,0.000, 0.386, 0.208,-1.044;
21.602,-2.774,2.844,3.162,-3.091,-0.115, 0.212, 1.658,0.000,0.000,-1.171, 0.382, 0.210,-1.029;
21.613,-2.848,2.878,3.171,-3.140,-0.115, 0.212, 1.672,0.000,0.000,1.253, 0.379, 0.212,-1.044;
21.625,-2.878,2.868,3.140,-3.150,-0.115, 0.212, 1.672,0.000,0.000,0.000, 0.376, 0.214,-1.044;
21.637,-2.909,2.859,3.109,-3.160,-0.115, 0.212, 1.672,0.000,0.000,0.000, 0.373, 0.216,-1.044;
21.649,-2.940,2.849,3.078,-3.169,-0.115, 0.212, 1.672,0.000,0.000,0.000, 0.370, 0.218,-1.044;
21.661,-2.970,2.840,3.048,-3.178,-0.115, 0.212, 1.672,0.000,0.000,0.000, 0.366, 0.220,-1.044;
21.672,-3.000,2.831,3.018,-3.187,-0.115, 0.212, 1.672,0.000,0.000,0.000, 0.363, 0.222,-1.044;
21.684,-3.029,2.823,2.989,-3.195,-0.115, 0.212, 1.672,0.000,0.000,0.000, 0.360, 0.223,-1.044;
21.695,-3.058,2.815,2.961,-3.203,-0.115, 0.212, 1.672,0.000,0.000,0.000, 0.357, 0.225,-1.044;
21.706,-3.086,2.808,2.932,-3.211,-0.115, 0.212, 1.672,0.000,0.000,0.000, 0.354, 0.227,-1.044;
21.718,-3.078,2.754,2.857,-3.181,-0.115, 0.212, 1.658,0.000,0.000,-1.181, 0.351, 0.228,-1.029;
21.728,-3.108,2.752,2.835,-3.191,-0.115, 0.212, 1.659,0.000,0.000,0.127, 0.348, 0.230,-1.030;
21.740,-8.872,-3.083,-3.014,-8.941,-0.117, 0.212, 1.644,-0.147,0.000,-1.234, 0.346, 0.232,-1.016;
21.763,-3.104,2.658,2.670,-3.116,-0.117, 0.212, 1.630,0.000,0.000,-0.620, 0.340, 0.235,-1.001;
21.773,-10.176,9.676,-4.490,3.990,-0.117, 0.211, 1.614,0.000,-0.174,-1.530, 0.337, 0.238,-0.986;
21.786,-3.106,2.574,2.580,-3.112,-0.117, 0.211, 1.614,0.000,0.000,0.000, 0.333, 0.240,-0.986;
21.798,-3.103,2.522,2.502,-3.083,-0.117, 0.211, 1.600,0.000,0.000,-1.184, 0.330, 0.242,-0.972;
21.810,-15.762,2.403,-10.327,-3.032,-0.118, 0.209, 1.571,-0.149,-0.149,-2.522, 0.328, 0.245,-0.942;
21.821,-3.011,2.370,2.341,-2.982,-0.118, 0.209, 1.556,0.000,0.000,-1.294, 0.325, 0.246,-0.928;
21.834,-9.042,8.338,-3.774,3.069,-0.118, 0.207, 1.542,0.000,-0.138,-1.147, 0.322, 0.250,-0.914;
21.845,-2.987,2.240,2.197,-2.945,-0.118, 0.207, 1.527,0.000,0.000,-1.246, 0.318, 0.251,-0.899;
21.857,-9.534,-4.460,-4.516,-9.478,-0.120, 0.207, 1.498,-0.145,0.000,-2.405, 0.317, 0.253,-0.870;
21.869,-2.926,2.110,2.002,-2.818,-0.120, 0.207, 1.483,0.000,0.000,-1.319, 0.313, 0.254,-0.854;
21.882,-16.236,1.999,-11.466,-2.771,-0.122, 0.205, 1.455,-0.141,-0.141,-2.229, 0.311, 0.257,-0.827;
21.893,-2.849,1.966,1.838,-2.722,-0.122, 0.205, 1.441,0.000,0.000,-1.211, 0.308, 0.259,-0.813;
21.905,-2.846,1.909,1.747,-2.685,-0.122, 0.205, 1.425,0.000,0.000,-1.455, 0.305, 0.260,-0.796;
21.916,-2.849,1.858,1.662,-2.652,-0.122, 0.205, 1.410,0.000,0.000,-1.296, 0.301, 0.261,-0.782;
21.927,-10.701,-6.164,-6.371,-10.494,-0.124, 0.205, 1.379,-0.159,0.000,-2.848, 0.300, 0.263,-0.751;
21.938,-2.786,1.732,1.461,-2.515,-0.124, 0.205, 1.365,0.000,0.000,-1.303, 0.297, 0.264,-0.736;
21.949,-10.789,9.675,-6.606,5.492,-0.124, 0.204, 1.354,0.000,-0.158,-1.006, 0.293, 0.267,-0.725;
21.970,-7.000,-2.679,-2.998,-6.681,-0.125, 0.204, 1.322,-0.082,0.000,-1.481, 0.289, 0.269,-0.694;
21.982,-2.751,1.540,1.170,-2.382,-0.125, 0.204, 1.308,0.000,0.000,-1.156, 0.285, 0.270,-0.680;
21.993,-2.758,1.493,1.084,-2.349,-0.125, 0.204, 1.294,0.000,0.000,-1.280, 0.282, 0.271,-0.666;
22.005,-2.761,1.434,0.977,-2.305,-0.125, 0.204, 1.277,0.000,0.000,-1.419, 0.278, 0.272,-0.648;
22.019,-9.473,-5.396,-5.893,-8.976,-0.127, 0.204, 1.249,-0.125,0.000,-1.980, 0.276, 0.274,-0.621;
22.029,-2.723,1.330,0.778,-2.172,-0.127, 0.204, 1.235,0.000,0.000,-1.357, 0.273, 0.275,-0.607;
22.044,-2.733,1.270,0.662,-2.125,-0.127, 0.204, 1.217,0.000,0.000,-1.296, 0.269, 0.276,-0.589;
22.055,-2.779,1.269,0.617,-2.127,-0.127, 0.204, 1.217,0.000,0.000,0.000, 0.265, 0.277,-0.589;
22.067,-10.886,9.308,-7.568,5.990,-0.127, 0.202, 1.204,0.000,-0.147,-1.139, 0.261, 0.280,-0.575;
22.079,-2.764,1.136,0.446,-2.074,-0.127, 0.202, 1.185,0.000,0.000,-1.567, 0.258, 0.281,-0.557;
22.091,5.553,9.436,8.686,6.303,-0.125, 0.202, 1.172,0.150,0.000,-1.146, 0.253, 0.282,-0.543;
22.103,-11.033,9.221,-7.977,6.164,-0.125, 0.200, 1.158,0.000,-0.146,-1.110, 0.249, 0.284,-0.530;
22.114,-2.795,0.933,0.153,-2.015,-0.125, 0.200, 1.139,0.000,0.000,-1.602, 0.245, 0.285,-0.511;
22.127,-2.845,16.528,0.103,13.581,-0.124, 0.198, 1.139,0.138,-0.138,0.000, 0.240, 0.288,-0.511;
22.139,-2.846,0.811,-0.010,-2.025,-0.124, 0.198, 1.120,0.000,0.000,-1.629, 0.236, 0.289,-0.492;
22.150,-11.469,9.368,-8.708,6.607,-0.124, 0.197, 1.107,0.000,-0.151,-1.125, 0.233, 0.291,-0.479;
22.162,-2.878,17.322,-0.117,14.561,-0.122, 0.195, 1.107,0.145,-0.145,0.000, 0.227, 0.294,-0.479;
22.175,-10.904,8.637,-8.216,5.949,-0.122, 0.193, 1.094,0.000,-0.140,-1.029, 0.223, 0.296,-0.466;
22.187,-11.177,8.873,-8.490,6.186,-0.122, 0.191, 1.094,0.000,-0.144,0.000, 0.220, 0.299,-0.466;
22.199,-11.270,8.890,-8.695,6.314,-0.122, 0.190, 1.075,0.000,-0.145,-1.622, 0.216, 0.301,-0.447;
22.211,-10.888,8.457,-8.385,5.954,-0.122, 0.188, 1.062,0.000,-0.138,-1.002, 0.212, 0.304,-0.434;
22.223,-11.438,8.941,-9.048,6.551,-0.122, 0.186, 1.043,0.000,-0.148,-1.661, 0.208, 0.306,-0.414;
22.236,-2.862,16.810,-0.472,14.420,-0.120, 0.185, 1.043,0.142,-0.142,0.000, 0.203, 0.309,-0.414;
22.249,-10.512,7.871,-8.122,5.481,-0.120, 0.183, 1.043,0.000,-0.131,0.000, 0.199, 0.311,-0.414;
22.261,-11.156,8.440,-8.880,6.164,-0.120, 0.181, 1.023,0.000,-0.141,-1.607, 0.195, 0.313,-0.395;
22.275,-10.332,7.555,-8.172,5.395,-0.120, 0.179, 1.003,0.000,-0.127,-1.460, 0.191, 0.316,-0.375;
22.287,-11.005,8.195,-8.845,6.034,-0.120, 0.178, 1.003,0.000,-0.138,0.000, 0.187, 0.318,-0.375;
22.300,-11.292,8.420,-9.202,6.329,-0.120, 0.176, 0.991,0.000,-0.143,-0.999, 0.183, 0.320,-0.362;
22.311,-20.302,17.396,-18.211,15.306,-0.120, 0.172, 0.991,0.000,-0.296,0.000, 0.179, 0.324,-0.362;
22.323,-11.798,8.833,-9.777,6.812,-0.120, 0.171, 0.979,0.000,-0.152,-1.043, 0.176, 0.326,-0.351;
22.335,-11.075,8.065,-9.100,6.090,-0.120, 0.169, 0.971,0.000,-0.139,-0.647, 0.172, 0.328,-0.342;
22.348,-2.858,15.474,-0.883,13.499,-0.118, 0.167, 0.971,0.133,-0.133,0.000, 0.166, 0.331,-0.342;
22.361,-19.614,16.430,-17.708,14.524,-0.118, 0.164, 0.959,0.000,-0.282,-0.961, 0.162, 0.334,-0.331;
22.373,-11.642,8.437,-9.736,6.530,-0.118, 0.162, 0.959,0.000,-0.148,0.000, 0.158, 0.337,-0.331;
22.384,-11.561,25.679,-9.654,23.772,-0.117, 0.158, 0.959,0.147,-0.293,0.000, 0.153, 0.340,-0.331;
22.397,-11.043,7.677,-9.185,5.819,-0.117, 0.157, 0.951,0.000,-0.138,-0.660, 0.149, 0.342,-0.322;
22.410,-11.058,23.973,-9.151,22.066,-0.115, 0.153, 0.959,0.138,-0.275,0.660, 0.143, 0.346,-0.331;
22.422,-11.661,25.613,-9.754,23.707,-0.113, 0.150, 0.959,0.147,-0.295,0.000, 0.138, 0.350,-0.331;
22.435,-18.670,15.060,-16.764,13.154,-0.113, 0.146, 0.959,0.000,-0.265,0.000, 0.134, 0.353,-0.331;
22.447,-11.253,24.223,-9.299,22.270,-0.111, 0.143, 0.967,0.140,-0.281,0.657, 0.128, 0.357,-0.339;
22.457,-2.959,19.836,-1.052,17.929,-0.110, 0.141, 0.959,0.174,-0.174,-0.815, 0.123, 0.359,-0.331;
22.467,-13.293,30.076,-11.318,28.101,-0.108, 0.138, 0.971,0.174,-0.348,1.185, 0.118, 0.362,-0.342;
22.484,-9.297,17.830,-7.322,15.855,-0.106, 0.134, 0.971,0.106,-0.212,0.000, 0.111, 0.366,-0.342;
22.496,-19.513,15.429,-17.607,13.523,-0.106, 0.131, 0.959,0.000,-0.278,-0.946, 0.107, 0.369,-0.331;
22.506,-13.326,29.861,-11.373,27.907,-0.104, 0.127, 0.967,0.174,-0.348,0.815, 0.103, 0.373,-0.339;
22.516,-3.036,19.469,-1.130,17.563,-0.103, 0.125, 0.959,0.174,-0.174,-0.815, 0.098, 0.375,-0.331;
22.526,-13.384,29.733,-11.478,27.826,-0.101, 0.122, 0.959,0.174,-0.348,0.000, 0.093, 0.378,-0.331;
22.545,-8.649,15.321,-6.742,13.415,-0.099, 0.118, 0.959,0.094,-0.187,0.000, 0.085, 0.381,-0.331;
22.557,-11.590,24.011,-9.637,22.058,-0.097, 0.115, 0.967,0.143,-0.286,0.670, 0.080, 0.385,-0.339;
22.568,-3.167,34.427,-1.145,32.406,-0.094, 0.111, 0.979,0.303,-0.303,1.027, 0.073, 0.388,-0.351;
22.580,-3.222,16.241,-1.247,14.266,-0.092, 0.110, 0.971,0.150,-0.150,-0.698, 0.067, 0.390,-0.342;
22.592,-11.989,24.588,-10.015,22.613,-0.091, 0.106, 0.971,0.148,-0.295,0.000, 0.062, 0.393,-0.342;
22.604,-11.302,22.386,-9.280,20.365,-0.089, 0.103, 0.979,0.136,-0.272,0.630, 0.056, 0.396,-0.351;
22.617,-3.319,30.227,-1.297,28.205,-0.085, 0.099, 0.979,0.271,-0.271,0.000, 0.048, 0.399,-0.351;
22.629,-11.906,23.775,-9.885,21.754,-0.084, 0.096, 0.979,0.145,-0.289,0.000, 0.043, 0.403,-0.351;
22.639,-13.653,28.912,-11.632,26.890,-0.082, 0.092, 0.979,0.174,-0.348,0.000, 0.038, 0.406,-0.351;
22.649,-3.380,39.009,-1.244,36.874,-0.078, 0.089, 0.999,0.348,-0.348,1.978, 0.031, 0.409,-0.370;
22.667,-3.480,9.775,-1.390,7.685,-0.077, 0.087, 0.991,0.101,-0.101,-0.452, 0.024, 0.410,-0.362;
22.679,-3.525,31.310,-1.434,29.219,-0.073, 0.084, 0.991,0.284,-0.284,0.000, 0.017, 0.413,-0.362;
22.691,-11.725,22.220,-9.635,20.130,-0.071, 0.080, 0.991,0.138,-0.277,0.000, 0.011, 0.416,-0.362;
22.703,-3.591,32.779,-1.456,30.644,-0.068, 0.077, 0.999,0.298,-0.298,0.669, 0.004, 0.419,-0.370;
22.715,-3.639,15.226,-1.548,13.136,-0.066, 0.075, 0.991,0.150,-0.150,-0.672,-0.001, 0.421,-0.362;
22.726,-3.680,34.103,-1.519,31.942,-0.063, 0.071, 1.003,0.311,-0.311,1.086,-0.008, 0.424,-0.375;
22.737,-12.651,24.165,-10.515,22.029,-0.061, 0.068, 0.999,0.152,-0.303,-0.379,-0.013, 0.427,-0.370;
22.751,-3.766,28.428,-1.561,26.223,-0.057, 0.064, 1.011,0.265,-0.265,0.918,-0.021, 0.429,-0.382;
22.763,4.171,21.260,6.332,19.100,-0.054, 0.063, 1.003,0.272,-0.136,-0.604,-0.028, 0.431,-0.375;
22.775,-12.405,22.732,-10.270,20.597,-0.052, 0.059, 0.999,0.145,-0.290,-0.362,-0.034, 0.433,-0.370;
22.785,-3.886,37.989,-1.681,35.784,-0.049, 0.056, 1.011,0.348,-0.348,1.207,-0.040, 0.436,-0.382;
22.801,-3.975,22.699,-1.770,20.494,-0.045, 0.052, 1.011,0.219,-0.219,0.000,-0.049, 0.439,-0.382;
22.813,4.336,22.010,6.541,19.805,-0.042, 0.050, 1.011,0.285,-0.143,0.000,-0.056, 0.440,-0.382;
22.826,-4.105,30.564,-1.829,28.288,-0.038, 0.047, 1.023,0.288,-0.288,1.014,-0.063, 0.443,-0.395;
22.838,-12.072,20.490,-9.867,18.285,-0.037, 0.044, 1.011,0.135,-0.270,-0.951,-0.069, 0.445,-0.382;
22.851,-4.163,30.368,-1.915,28.120,-0.033, 0.040, 1.018,0.288,-0.288,0.623,-0.076, 0.448,-0.390;
22.864,3.588,19.991,5.793,17.786,-0.030, 0.038, 1.011,0.266,-0.133,-0.577,-0.084, 0.449,-0.382;
22.874,-4.273,37.272,-1.998,34.997,-0.026, 0.035, 1.023,0.348,-0.348,1.226,-0.090, 0.451,-0.395;
22.884,-4.337,37.118,-2.019,34.800,-0.023, 0.031, 1.030,0.348,-0.348,0.744,-0.097, 0.454,-0.402;
22.906,0.092,9.904,2.368,7.629,-0.019, 0.030, 1.023,0.155,-0.078,-0.332,-0.107, 0.454,-0.395;
22.916,-4.487,36.957,-2.169,34.638,-0.016, 0.026, 1.030,0.348,-0.348,0.744,-0.114, 0.457,-0.402;
22.926,5.641,26.716,7.917,24.440,-0.012, 0.024, 1.023,0.348,-0.174,-0.744,-0.120, 0.458,-0.395;
22.936,-4.591,36.772,-2.273,34.454,-0.009, 0.021, 1.030,0.348,-0.348,0.744,-0.127, 0.460,-0.402;
22.947,4.734,24.128,7.010,21.852,-0.005, 0.019, 1.023,0.321,-0.160,-0.686,-0.133, 0.461,-0.395;
22.959,-4.712,29.259,-2.393,26.940,-0.002, 0.016, 1.030,0.286,-0.286,0.610,-0.141, 0.464,-0.402;
22.971,3.807,21.519,6.083,19.244, 0.002, 0.014, 1.023,0.293,-0.147,-0.627,-0.148, 0.464,-0.395;
22.983,-4.829,29.043,-2.510,26.724, 0.005, 0.010, 1.030,0.285,-0.285,0.610,-0.155, 0.467,-0.402;
22.995,3.767,21.574,6.042,19.299, 0.009, 0.009, 1.023,0.296,-0.148,-0.632,-0.162, 0.467,-0.395;
23.008,-4.948,27.380,-2.630,25.061, 0.012, 0.005, 1.030,0.272,-0.272,0.582,-0.169, 0.470,-0.402;
23.021,2.532,18.117,4.851,15.798, 0.016, 0.003, 1.030,0.259,-0.129,0.000,-0.177, 0.470,-0.402;
23.033,3.730,39.495,6.120,37.106, 0.021,-0.000, 1.043,0.454,-0.303,1.073,-0.185, 0.472,-0.414;
23.045,-5.179,27.222,-2.748,24.791, 0.024,-0.003, 1.050,0.274,-0.274,0.564,-0.192, 0.474,-0.422;
23.057,3.236,20.646,5.626,18.256, 0.028,-0.005, 1.043,0.291,-0.146,-0.599,-0.199, 0.475,-0.414;
23.070,2.556,18.736,4.946,16.346, 0.031,-0.007, 1.043,0.270,-0.135,0.000,-0.207, 0.475,-0.414;
23.082,2.965,20.117,5.355,17.727, 0.035,-0.009, 1.043,0.287,-0.143,0.000,-0.214, 0.476,-0.414;
23.094,3.066,20.566,5.456,18.176, 0.038,-0.010, 1.043,0.292,-0.146,0.000,-0.221, 0.476,-0.414;
23.107,2.195,18.116,4.585,15.726, 0.042,-0.012, 1.043,0.265,-0.133,0.000,-0.228, 0.476,-0.414;
23.118,13.720,33.520,16.110,31.130, 0.047,-0.014, 1.043,0.498,-0.166,0.000,-0.236, 0.477,-0.414;
23.130,-5.675,11.459,-3.356,9.141, 0.049,-0.016, 1.030,0.143,-0.143,-1.015,-0.242, 0.477,-0.402;
23.142,20.187,20.662,22.577,18.272, 0.054,-0.016, 1.043,0.445,0.000,1.052,-0.250, 0.476,-0.414;
23.153,3.015,21.427,5.518,18.925, 0.057,-0.017, 1.062,0.307,-0.153,1.726,-0.257, 0.476,-0.434;
23.165,10.587,11.256,13.049,8.794, 0.061,-0.017, 1.055,0.285,0.000,-0.579,-0.264, 0.474,-0.427;
23.179,8.350,9.088,10.812,6.626, 0.064,-0.017, 1.055,0.249,0.000,0.000,-0.271, 0.473,-0.427;
23.191,10.431,11.297,12.967,8.762, 0.068,-0.017, 1.068,0.287,0.000,1.049,-0.278, 0.471,-0.440;
23.203,2.217,3.103,4.679,0.641, 0.070,-0.017, 1.055,0.146,0.000,-1.068,-0.283, 0.469,-0.427;
23.216,10.102,11.081,12.605,8.578, 0.073,-0.017, 1.062,0.284,0.000,0.576,-0.290, 0.468,-0.434;
23.227,10.623,11.736,13.198,9.161, 0.077,-0.017, 1.075,0.296,0.000,1.072,-0.297, 0.466,-0.447;
23.239,2.055,3.191,4.558,0.688, 0.078,-0.017, 1.062,0.149,0.000,-1.076,-0.302, 0.464,-0.434;
23.251,18.052,2.853,20.627,0.277, 0.082,-0.016, 1.075,0.285,0.143,1.033,-0.309, 0.461,-0.447;
23.264,8.818,10.318,11.506,7.631, 0.085,-0.016, 1.094,0.272,0.000,1.519,-0.316, 0.459,-0.466;
23.277,8.254,-5.341,10.869,-7.956, 0.087,-0.014, 1.082,0.132,0.132,-0.956,-0.322, 0.455,-0.453;
23.289,17.780,2.959,20.429,0.309, 0.091,-0.012, 1.088,0.288,0.144,0.495,-0.328, 0.452,-0.459;
23.301,9.461,-5.286,12.110,-7.935, 0.092,-0.010, 1.088,0.144,0.144,0.000,-0.334, 0.448,-0.459;
23.315,15.546,2.418,18.307,-0.343, 0.096,-0.009, 1.107,0.266,0.133,1.489,-0.341, 0.445,-0.479;
23.328,7.767,-5.203,10.454,-7.891, 0.097,-0.007, 1.094,0.132,0.132,-0.972,-0.346, 0.441,-0.466;
23.339,18.147,3.403,20.909,0.642, 0.101,-0.005, 1.107,0.299,0.150,1.102,-0.353, 0.437,-0.479;
23.351,8.794,-5.086,11.592,-7.884, 0.103,-0.003, 1.114,0.144,0.144,0.527,-0.358, 0.434,-0.485;
23.364,15.265,-12.721,18.026,-15.483, 0.104,-0.000, 1.107,0.134,0.268,-0.491,-0.363, 0.428,-0.479;
23.374,12.012,-4.992,14.810,-7.790, 0.106, 0.002, 1.114,0.174,0.174,0.637,-0.367, 0.425,-0.485;
23.384,21.761,-14.827,24.597,-17.663, 0.108, 0.005, 1.120,0.174,0.348,0.662,-0.372, 0.420,-0.492;
23.394,11.703,-4.837,14.575,-7.710, 0.110, 0.007, 1.126,0.174,0.174,0.624,-0.376, 0.416,-0.498;
23.413,8.102,-10.196,10.975,-13.069, 0.111, 0.010, 1.126,0.096,0.192,0.000,-0.383, 0.410,-0.498;
23.425,8.161,-4.711,11.033,-7.584, 0.113, 0.012, 1.126,0.145,0.145,0.000,-0.388, 0.406,-0.498;
23.437,15.410,-12.555,18.357,-15.503, 0.115, 0.016, 1.139,0.141,0.281,1.052,-0.393, 0.400,-0.511;
23.449,7.992,-21.081,10.865,-23.953, 0.115, 0.019, 1.126,0.000,0.291,-1.088,-0.396, 0.395,-0.498;
23.461,15.099,-12.360,18.046,-15.307, 0.117, 0.023, 1.139,0.140,0.280,1.048,-0.401, 0.389,-0.511;
23.471,11.042,-24.176,13.914,-27.049, 0.117, 0.026, 1.126,0.000,0.348,-1.302,-0.403, 0.384,-0.498;
23.481,20.660,-14.139,23.607,-17.086, 0.118, 0.030, 1.139,0.174,0.348,1.302,-0.408, 0.378,-0.511;
23.499,2.454,-15.659,5.326,-18.531, 0.118, 0.033, 1.126,0.000,0.201,-0.753,-0.412, 0.372,-0.498;
23.511,6.671,-19.880,9.543,-22.753, 0.118, 0.037, 1.126,0.000,0.277,0.000,-0.415, 0.366,-0.498;
23.522,9.043,-22.247,11.915,-25.119, 0.118, 0.040, 1.126,0.000,0.321,0.000,-0.418, 0.360,-0.498;
23.534,8.011,-21.209,10.884,-24.081, 0.118, 0.044, 1.126,0.000,0.304,0.000,-0.421, 0.355,-0.498;
23.546,7.059,-20.250,9.932,-23.122, 0.118, 0.047, 1.126,0.000,0.289,0.000,-0.424, 0.349,-0.498;
23.557,15.974,-29.194,18.735,-31.956, 0.118, 0.052, 1.107,0.000,0.444,-1.636,-0.427, 0.341,-0.479;
23.569,7.606,-20.868,10.367,-23.629, 0.118, 0.056, 1.107,0.000,0.300,0.000,-0.430, 0.336,-0.479;
23.581,6.868,-20.121,9.630,-22.883, 0.118, 0.059, 1.107,0.000,0.289,0.000,-0.432, 0.330,-0.479;
23.593,6.249,-19.454,9.086,-22.291, 0.118, 0.063, 1.120,0.000,0.281,1.049,-0.435, 0.324,-0.492;
23.606,-1.591,-28.011,1.170,-30.772, 0.117, 0.066, 1.107,-0.144,0.287,-1.072,-0.437, 0.318,-0.479;
23.618,5.957,-19.117,8.718,-21.878, 0.117, 0.070, 1.107,0.000,0.277,0.000,-0.440, 0.312,-0.479;
23.630,6.360,-19.509,9.122,-22.270, 0.117, 0.073, 1.107,0.000,0.286,0.000,-0.443, 0.306,-0.479;
23.643,5.420,-18.556,8.182,-21.318, 0.117, 0.077, 1.107,0.000,0.271,0.000,-0.446, 0.300,-0.479;
23.655,6.795,-36.850,9.444,-39.499, 0.115, 0.082, 1.088,-0.147,0.441,-1.647,-0.447, 0.292,-0.459;
23.667,5.977,-19.074,8.700,-21.798, 0.115, 0.085, 1.101,0.000,0.284,1.054,-0.450, 0.286,-0.472;
23.680,-2.579,-25.974,0.070,-28.623, 0.113, 0.089, 1.088,-0.135,0.269,-1.001,-0.451, 0.280,-0.459;
23.693,5.655,-18.695,8.304,-21.344, 0.113, 0.092, 1.088,0.000,0.279,0.000,-0.454, 0.274,-0.459;
23.704,-2.009,-27.935,0.640,-30.584, 0.111, 0.096, 1.088,-0.147,0.295,0.000,-0.455, 0.268,-0.459;
23.716,-2.029,-27.911,0.620,-30.560, 0.110, 0.099, 1.088,-0.148,0.296,0.000,-0.456, 0.262,-0.459;
23.729,4.590,-17.459,7.240,-20.108, 0.110, 0.103, 1.088,0.000,0.264,0.000,-0.459, 0.255,-0.459;
23.743,-3.445,-23.872,-0.796,-26.522, 0.108, 0.106, 1.088,-0.126,0.252,0.000,-0.460, 0.249,-0.459;
23.755,-2.491,-26.767,0.158,-29.416, 0.106, 0.110, 1.088,-0.144,0.287,0.000,-0.461, 0.243,-0.459;
23.767,-2.548,-26.629,0.027,-29.204, 0.104, 0.113, 1.075,-0.143,0.286,-1.047,-0.462, 0.237,-0.447;
23.780,-10.849,-18.243,-8.274,-20.818, 0.103, 0.115, 1.075,-0.143,0.143,0.000,-0.463, 0.232,-0.447;
23.791,-2.325,-27.347,0.250,-29.923, 0.101, 0.118, 1.075,-0.148,0.297,0.000,-0.464, 0.226,-0.447;
23.803,-2.385,-27.199,0.191,-29.774, 0.099, 0.122, 1.075,-0.148,0.296,0.000,-0.464, 0.220,-0.447;
23.815,-2.667,-26.382,-0.091,-28.957, 0.097, 0.125, 1.075,-0.144,0.289,0.000,-0.465, 0.213,-0.447;
23.827,-2.678,-26.372,-0.142,-28.908, 0.096, 0.129, 1.068,-0.145,0.289,-0.577,-0.466, 0.207,-0.440;
23.840,-11.100,-17.230,-8.525,-19.805, 0.094, 0.131, 1.075,-0.139,0.139,0.557,-0.467, 0.203,-0.447;
23.853,-11.090,-32.220,-8.628,-34.682, 0.091, 0.134, 1.055,-0.268,0.268,-1.515,-0.466, 0.196,-0.427;
23.865,-2.752,-26.108,-0.290,-28.570, 0.089, 0.138, 1.055,-0.145,0.289,0.000,-0.467, 0.190,-0.427;
23.876,-11.194,-18.277,-8.732,-20.739, 0.087, 0.139, 1.055,-0.151,0.151,0.000,-0.467, 0.185,-0.427;
23.888,-11.201,-35.789,-8.781,-38.210, 0.084, 0.143, 1.048,-0.302,0.302,-0.628,-0.466, 0.179,-0.420;
23.899,-11.235,-18.102,-8.815,-20.523, 0.082, 0.144, 1.048,-0.151,0.151,0.000,-0.467, 0.174,-0.420;
23.912,-19.241,-24.490,-16.893,-26.837, 0.078, 0.146, 1.035,-0.275,0.137,-0.996,-0.466, 0.170,-0.407;
23.924,-11.243,-17.060,-8.896,-19.407, 0.077, 0.148, 1.035,-0.143,0.143,0.000,-0.467, 0.165,-0.407;
23.937,-11.265,-16.255,-8.918,-18.602, 0.075, 0.150, 1.035,-0.138,0.138,0.000,-0.467, 0.160,-0.407;
23.949,-27.439,-16.335,-25.164,-18.611, 0.071, 0.150, 1.023,-0.277,0.000,-0.989,-0.466, 0.157,-0.395;
23.962,-11.239,-16.348,-8.963,-18.624, 0.070, 0.151, 1.023,-0.139,0.139,0.000,-0.467, 0.152,-0.395;
23.973,-19.998,-26.462,-17.907,-28.552, 0.066, 0.153, 0.991,-0.299,0.149,-2.760,-0.466, 0.147,-0.362;
23.986,-19.679,-8.349,-17.588,-10.439, 0.064, 0.153, 0.991,-0.144,0.000,0.000,-0.466, 0.144,-0.362;
23.998,-19.243,-24.090,-17.268,-26.065, 0.061, 0.155, 0.971,-0.273,0.137,-1.573,-0.465, 0.139,-0.342;
24.012,-18.694,-7.234,-16.719,-9.209, 0.059, 0.155, 0.971,-0.127,0.000,0.000,-0.466, 0.136,-0.342;
24.022,-21.464,-9.950,-19.489,-11.924, 0.057, 0.155, 0.971,-0.174,0.000,0.000,-0.466, 0.133,-0.342;
24.037,-25.285,-13.798,-23.427,-15.656, 0.054, 0.155, 0.951,-0.239,0.000,-1.386,-0.465, 0.130,-0.322;
24.049,-19.694,-8.118,-17.835,-9.976, 0.052, 0.155, 0.951,-0.145,0.000,0.000,-0.466, 0.126,-0.322;
24.060,-28.558,-17.041,-26.817,-18.782, 0.049, 0.155, 0.930,-0.295,0.000,-1.721,-0.464, 0.123,-0.302;
24.072,-28.793,0.651,-27.002,-1.140, 0.047, 0.153, 0.939,-0.150,-0.150,0.740,-0.464, 0.122,-0.311;
24.084,-19.502,-7.894,-17.761,-9.635, 0.045, 0.153, 0.930,-0.144,0.000,-0.711,-0.465, 0.119,-0.302;
24.096,-36.650,-7.936,-35.041,-9.545, 0.042, 0.151, 0.907,-0.288,-0.144,-1.898,-0.463, 0.117,-0.279;
24.109,-19.060,-7.528,-17.503,-9.085, 0.040, 0.151, 0.898,-0.138,0.000,-0.709,-0.464, 0.114,-0.270;
24.122,-26.161,0.825,-24.604,-0.732, 0.038, 0.150, 0.898,-0.129,-0.129,0.000,-0.464, 0.112,-0.270;
24.134,-28.541,0.872,-26.984,-0.685, 0.037, 0.148, 0.898,-0.149,-0.149,0.000,-0.464, 0.111,-0.270;
24.147,-26.520,-15.036,-25.081,-16.475, 0.033, 0.148, 0.878,-0.265,0.000,-1.555,-0.463, 0.107,-0.250;
24.157,-41.887,11.395,-40.459,9.967, 0.031, 0.144, 0.876,-0.174,-0.348,-0.186,-0.463, 0.108,-0.248;
24.167,-31.366,0.937,-29.990,-0.439, 0.030, 0.143, 0.867,-0.174,-0.174,-0.921,-0.463, 0.107,-0.239;
24.183,-23.600,1.013,-22.225,-0.363, 0.028, 0.141, 0.867,-0.110,-0.110,0.000,-0.463, 0.105,-0.239;
24.195,-36.945,-7.896,-35.686,-9.154, 0.024, 0.139, 0.847,-0.296,-0.148,-1.724,-0.462, 0.103,-0.218;
24.206,-28.438,1.083,-27.179,-0.176, 0.023, 0.138, 0.847,-0.151,-0.151,0.000,-0.462, 0.102,-0.218;
24.218,-36.095,9.764,-34.836,8.505, 0.021, 0.134, 0.847,-0.144,-0.288,0.000,-0.462, 0.102,-0.218;
24.231,-35.728,-7.491,-34.587,-8.632, 0.017, 0.132, 0.826,-0.285,-0.142,-1.665,-0.460, 0.100,-0.198;
24.243,-36.035,9.860,-34.894,8.719, 0.016, 0.129, 0.826,-0.145,-0.289,0.000,-0.460, 0.100,-0.198;
24.256,-25.953,1.195,-24.812,0.054, 0.014, 0.127, 0.826,-0.134,-0.134,0.000,-0.460, 0.098,-0.198;
24.268,-35.117,9.673,-33.976,8.532, 0.012, 0.124, 0.826,-0.140,-0.281,0.000,-0.460, 0.098,-0.198;
24.280,-44.322,1.216,-43.241,0.135, 0.009, 0.120, 0.816,-0.288,-0.288,-0.868,-0.458, 0.098,-0.187;
24.292,-35.562,9.937,-34.481,8.857, 0.007, 0.117, 0.816,-0.144,-0.288,0.000,-0.458, 0.098,-0.187;
24.303,-38.689,11.021,-37.609,9.941, 0.005, 0.113, 0.816,-0.162,-0.323,0.000,-0.458, 0.099,-0.187;
24.315,-36.643,10.384,-35.562,9.304, 0.003, 0.110, 0.816,-0.151,-0.302,0.000,-0.458, 0.099,-0.187;
24.329,-31.728,8.801,-30.647,7.720, 0.002, 0.106, 0.816,-0.124,-0.249,0.000,-0.458, 0.099,-0.187;
24.341,-35.540,10.118,-34.459,9.038, 0.000, 0.103, 0.816,-0.146,-0.292,0.000,-0.458, 0.099,-0.187;
24.353,-33.473,9.514,-32.332,8.373,-0.002, 0.099, 0.826,-0.135,-0.270,0.813,-0.458, 0.098,-0.198;
24.365,-35.455,10.209,-34.314,9.068,-0.003, 0.096, 0.826,-0.146,-0.293,0.000,-0.457, 0.098,-0.198;
24.378,-34.678,9.998,-33.537,8.857,-0.005, 0.092, 0.826,-0.142,-0.285,0.000,-0.457, 0.098,-0.198;
24.389,-35.507,10.285,-34.427,9.205,-0.007, 0.089, 0.816,-0.148,-0.295,-0.890,-0.457, 0.098,-0.187;
24.401,-43.642,18.906,-42.506,17.769,-0.009, 0.084, 0.825,-0.145,-0.435,0.806,-0.456, 0.100,-0.197;
24.414,-25.723,18.513,-24.526,17.316,-0.009, 0.080, 0.836,0.000,-0.283,0.853,-0.458, 0.100,-0.208;
24.427,-31.931,9.235,-30.734,8.038,-0.010, 0.077, 0.836,-0.129,-0.258,0.000,-0.458, 0.100,-0.208;
24.438,-36.183,10.699,-34.987,9.502,-0.012, 0.073, 0.836,-0.153,-0.307,0.000,-0.457, 0.100,-0.208;
24.450,-26.175,19.195,-25.034,18.054,-0.012, 0.070, 0.826,0.000,-0.295,-0.819,-0.458, 0.100,-0.198;
24.463,-32.904,9.674,-31.707,8.477,-0.014, 0.066, 0.836,-0.136,-0.272,0.755,-0.458, 0.099,-0.208;
24.476,-25.127,18.331,-23.924,17.128,-0.014, 0.063, 0.837,0.000,-0.280,0.084,-0.459, 0.099,-0.209;
24.488,-42.020,18.384,-40.823,17.187,-0.016, 0.057, 0.836,-0.141,-0.422,-0.084,-0.459, 0.101,-0.208;
24.500,-26.062,19.448,-24.804,18.189,-0.016, 0.054, 0.847,0.000,-0.299,0.916,-0.460, 0.101,-0.218;
24.513,-23.838,17.256,-22.580,15.998,-0.016, 0.050, 0.847,0.000,-0.263,0.000,-0.461, 0.100,-0.218;
24.525,-32.767,9.740,-31.509,8.482,-0.017, 0.047, 0.847,-0.137,-0.275,0.000,-0.461, 0.100,-0.218;
24.538,-24.853,18.437,-23.595,17.178,-0.017, 0.044, 0.847,0.000,-0.282,0.000,-0.462, 0.100,-0.218;
24.550,-24.524,18.159,-23.266,16.900,-0.017, 0.040, 0.847,0.000,-0.278,0.000,-0.463, 0.099,-0.218;
24.562,-34.036,10.229,-32.778,8.970,-0.019, 0.037, 0.847,-0.146,-0.291,0.000,-0.462, 0.099,-0.218;
24.575,-24.775,18.574,-23.517,17.316,-0.019, 0.033, 0.847,0.000,-0.284,0.000,-0.463, 0.099,-0.218;
24.585,-38.990,32.870,-37.677,31.557,-0.019, 0.028, 0.856,0.000,-0.522,0.944,-0.464, 0.101,-0.228;
24.595,-28.461,22.347,-27.148,21.034,-0.019, 0.024, 0.856,0.000,-0.348,0.000,-0.465, 0.102,-0.228;
24.612,-19.682,13.640,-18.369,12.327,-0.019, 0.021, 0.856,0.000,-0.203,0.000,-0.466, 0.100,-0.228;
24.622,-28.330,22.330,-27.017,21.017,-0.019, 0.017, 0.856,0.000,-0.348,0.000,-0.467, 0.100,-0.228;
24.632,-28.264,22.307,-26.951,20.994,-0.019, 0.014, 0.856,0.000,-0.348,0.000,-0.468, 0.101,-0.228;
24.642,-28.197,22.283,-26.884,20.970,-0.019, 0.010, 0.856,0.000,-0.348,0.000,-0.468, 0.101,-0.228;
24.660,-12.925,18.451,-11.550,17.075,-0.017, 0.007, 0.867,0.095,-0.190,0.592,-0.471, 0.099,-0.239;
24.670,-28.104,22.251,-26.728,20.876,-0.017, 0.003, 0.867,0.000,-0.348,0.000,-0.472, 0.099,-0.239;
24.684,-14.507,23.410,-13.068,21.970,-0.016,-0.000, 0.878,0.123,-0.245,0.779,-0.475, 0.099,-0.250;
24.696,-24.600,18.778,-23.225,17.402,-0.016,-0.003, 0.867,0.000,-0.291,-0.926,-0.475, 0.098,-0.239;
24.710,-22.596,16.853,-21.221,15.477,-0.016,-0.007, 0.867,0.000,-0.259,0.000,-0.476, 0.098,-0.239;
24.721,-16.456,29.710,-15.081,28.334,-0.014,-0.010, 0.867,0.158,-0.316,0.000,-0.478, 0.098,-0.239;
24.733,-15.618,27.256,-14.178,25.817,-0.012,-0.014, 0.878,0.145,-0.289,0.919,-0.481, 0.098,-0.250;
24.745,-23.199,17.469,-21.823,16.093,-0.012,-0.017, 0.867,0.000,-0.272,-0.864,-0.481, 0.097,-0.239;
24.758,-15.291,26.538,-13.852,25.099,-0.010,-0.021, 0.878,0.141,-0.282,0.896,-0.484, 0.097,-0.250;
24.769,-24.701,19.011,-23.325,17.636,-0.010,-0.024, 0.867,0.000,-0.298,-0.949,-0.484, 0.097,-0.239;
24.782,-15.315,26.872,-13.876,25.432,-0.009,-0.028, 0.878,0.143,-0.286,0.910,-0.487, 0.096,-0.250;
24.794,-14.892,25.627,-13.453,24.188,-0.007,-0.031, 0.878,0.137,-0.273,0.000,-0.489, 0.096,-0.250;
24.804,-17.103,32.342,-15.599,30.838,-0.005,-0.035, 0.889,0.174,-0.348,1.127,-0.491, 0.096,-0.261;
24.814,-27.482,42.693,-25.925,41.136,-0.003,-0.040, 0.898,0.174,-0.522,0.913,-0.493, 0.098,-0.270;
24.824,-17.020,11.341,-15.527,9.848,-0.003,-0.042, 0.887,0.000,-0.174,-1.123,-0.493, 0.097,-0.259;
24.845,-11.664,16.330,-10.172,14.838,-0.002,-0.045, 0.887,0.086,-0.172,0.000,-0.496, 0.094,-0.259;
24.855,-16.921,32.186,-15.364,30.629, 0.000,-0.049, 0.898,0.174,-0.348,1.123,-0.498, 0.094,-0.270;
24.865,-16.903,32.122,-15.346,30.565, 0.002,-0.052, 0.898,0.174,-0.348,0.000,-0.500, 0.095,-0.270;
24.880,-13.325,21.483,-11.768,19.926, 0.003,-0.056, 0.898,0.115,-0.230,0.000,-0.502, 0.093,-0.270;
24.891,-15.665,28.574,-14.108,27.017, 0.005,-0.059, 0.898,0.155,-0.310,0.000,-0.504, 0.093,-0.270;
24.902,-15.651,28.601,-14.094,27.044, 0.007,-0.063, 0.898,0.155,-0.311,0.000,-0.506, 0.093,-0.270;
24.914,-15.424,27.995,-13.867,26.438, 0.009,-0.066, 0.898,0.152,-0.304,0.000,-0.508, 0.093,-0.270;
24.925,-6.292,37.411,-4.617,35.737, 0.012,-0.070, 0.919,0.308,-0.308,1.795,-0.512, 0.093,-0.290;
24.937,-15.233,27.367,-13.559,25.693, 0.014,-0.073, 0.919,0.150,-0.299,0.000,-0.514, 0.093,-0.290;
24.948,-15.446,28.080,-13.772,26.406, 0.016,-0.077, 0.919,0.154,-0.308,0.000,-0.515, 0.093,-0.290;
24.959,-15.679,28.856,-14.005,27.182, 0.017,-0.080, 0.919,0.158,-0.317,0.000,-0.517, 0.093,-0.290;
24.970,-15.528,28.478,-13.854,26.804, 0.019,-0.084, 0.919,0.157,-0.313,0.000,-0.519, 0.093,-0.290;
24.982,-14.735,26.184,-13.061,24.509, 0.021,-0.087, 0.919,0.144,-0.288,0.000,-0.521, 0.093,-0.290;
24.993,-15.466,28.452,-13.792,26.778, 0.023,-0.091, 0.919,0.157,-0.314,0.000,-0.523, 0.093,-0.290;
25.014,-1.206,14.991,0.535,13.250, 0.026,-0.092, 0.930,0.164,-0.082,0.546,-0.526, 0.088,-0.302;
25.026,-14.986,26.998,-13.311,25.324, 0.028,-0.096, 0.919,0.149,-0.299,-0.993,-0.528, 0.088,-0.290;
25.037,-15.204,27.790,-13.530,26.116, 0.030,-0.099, 0.919,0.154,-0.308,0.000,-0.529, 0.087,-0.290;
25.049,-15.218,27.914,-13.544,26.240, 0.031,-0.103, 0.919,0.155,-0.310,0.000,-0.531, 0.087,-0.290;
25.061,-5.941,33.792,-4.200,32.051, 0.035,-0.106, 0.930,0.282,-0.282,0.940,-0.534, 0.087,-0.302;
25.072,-15.040,27.372,-13.366,25.698, 0.037,-0.110, 0.919,0.153,-0.305,-1.016,-0.536, 0.087,-0.290;
25.084,-5.878,36.425,-4.137,34.684, 0.040,-0.113, 0.930,0.306,-0.306,1.017,-0.539, 0.087,-0.302;
25.096,-14.363,25.411,-12.572,23.620, 0.042,-0.117, 0.939,0.143,-0.285,0.705,-0.541, 0.086,-0.311;
25.108,-5.856,35.562,-4.066,33.772, 0.045,-0.120, 0.939,0.300,-0.300,0.000,-0.544, 0.086,-0.311;
25.119,-15.287,28.195,-13.497,26.405, 0.047,-0.124, 0.939,0.159,-0.318,0.000,-0.546, 0.086,-0.311;
25.130,-14.698,26.520,-12.908,24.729, 0.049,-0.127, 0.939,0.150,-0.300,0.000,-0.547, 0.086,-0.311;
25.143,2.396,24.131,4.137,22.390, 0.052,-0.129, 0.930,0.273,-0.137,-0.676,-0.550, 0.084,-0.302;
25.154,-15.188,28.014,-13.447,26.273, 0.054,-0.132, 0.930,0.159,-0.317,0.000,-0.552, 0.084,-0.302;
25.165,-5.697,36.713,-3.906,34.923, 0.057,-0.136, 0.939,0.312,-0.312,0.771,-0.555, 0.084,-0.311;
25.177,-5.701,35.091,-3.842,33.233, 0.061,-0.139, 0.951,0.299,-0.299,1.007,-0.558, 0.084,-0.322;
25.198,-5.652,9.095,-3.911,7.354, 0.063,-0.141, 0.930,0.081,-0.081,-0.945,-0.559, 0.079,-0.302;
25.210,-5.638,33.889,-3.779,32.031, 0.066,-0.144, 0.951,0.290,-0.290,1.691,-0.562, 0.079,-0.322;
25.222,-5.655,35.683,-3.796,33.824, 0.070,-0.148, 0.951,0.305,-0.305,0.000,-0.565, 0.079,-0.322;
25.234,-14.184,25.014,-12.326,23.156, 0.071,-0.151, 0.951,0.144,-0.288,0.000,-0.566, 0.078,-0.322;
25.246,-5.583,32.813,-3.725,30.955, 0.075,-0.155, 0.951,0.282,-0.282,0.000,-0.569, 0.078,-0.322;
25.259,2.618,23.848,4.545,21.921, 0.078,-0.157, 0.962,0.277,-0.138,0.948,-0.572, 0.076,-0.334;
25.271,-14.229,25.094,-12.370,23.235, 0.080,-0.160, 0.951,0.146,-0.291,-0.997,-0.573, 0.076,-0.322;
25.283,-5.526,33.799,-3.620,31.893, 0.084,-0.164, 0.959,0.292,-0.292,0.701,-0.576, 0.075,-0.331;
25.294,3.477,26.086,5.404,24.159, 0.087,-0.165, 0.962,0.304,-0.152,0.312,-0.579, 0.074,-0.334;
25.306,-5.540,33.911,-3.613,31.984, 0.091,-0.169, 0.962,0.295,-0.295,0.000,-0.581, 0.073,-0.334;
25.318,-5.522,33.866,-3.547,31.891, 0.094,-0.172, 0.971,0.295,-0.295,0.701,-0.584, 0.073,-0.342;
25.330,-5.488,15.327,-3.630,13.468, 0.096,-0.174, 0.951,0.139,-0.139,-1.614,-0.585, 0.071,-0.322;
25.342,-5.456,34.328,-3.482,32.353, 0.099,-0.178, 0.971,0.300,-0.300,1.740,-0.588, 0.071,-0.342;
25.354,3.166,24.652,5.093,22.725, 0.103,-0.179, 0.962,0.292,-0.146,-0.693,-0.590, 0.069,-0.334;
25.367,-5.460,28.600,-3.533,26.673, 0.106,-0.183, 0.962,0.253,-0.253,0.000,-0.593, 0.068,-0.334;
25.380,2.885,23.591,4.812,21.664, 0.110,-0.185, 0.962,0.281,-0.141,0.000,-0.595, 0.066,-0.334;
25.392,-5.445,31.877,-3.518,29.950, 0.113,-0.188, 0.962,0.281,-0.281,0.000,-0.598, 0.066,-0.334;
25.404,3.413,24.993,5.340,23.066, 0.117,-0.190, 0.962,0.298,-0.149,0.000,-0.601, 0.064,-0.334;
25.416,-5.430,31.974,-3.503,30.047, 0.120,-0.193, 0.962,0.283,-0.283,0.000,-0.603, 0.064,-0.334;
25.429,-5.409,31.663,-3.434,29.689, 0.124,-0.197, 0.971,0.282,-0.282,0.669,-0.606, 0.064,-0.342;
25.441,2.932,23.233,4.859,21.306, 0.127,-0.198, 0.962,0.281,-0.141,-0.668,-0.608, 0.062,-0.334;
25.454,-5.398,29.697,-3.354,27.652, 0.131,-0.202, 0.983,0.266,-0.266,1.555,-0.610, 0.061,-0.354;
25.466,3.119,23.760,5.163,21.716, 0.134,-0.204, 0.983,0.289,-0.144,0.000,-0.613, 0.059,-0.354;
25.478,2.917,23.075,4.914,21.078, 0.138,-0.205, 0.975,0.282,-0.141,-0.663,-0.615, 0.057,-0.346;
25.491,-5.400,31.937,-3.356,29.893, 0.141,-0.209, 0.983,0.287,-0.287,0.676,-0.617, 0.057,-0.354;
25.502,3.230,23.812,5.227,21.816, 0.144,-0.211, 0.975,0.292,-0.146,-0.686,-0.620, 0.055,-0.346;
25.514,-5.380,32.495,-3.336,30.451, 0.148,-0.214, 0.983,0.293,-0.293,0.690,-0.622, 0.055,-0.354;
25.527,2.746,22.198,4.790,20.154, 0.151,-0.216, 0.983,0.275,-0.138,0.000,-0.624, 0.053,-0.354;
25.540,2.475,21.292,4.472,19.295, 0.155,-0.218, 0.975,0.265,-0.133,-0.625,-0.626, 0.051,-0.346;
25.552,-5.359,31.852,-3.315,29.807, 0.158,-0.221, 0.983,0.289,-0.289,0.681,-0.629, 0.051,-0.354;
25.564,3.475,24.130,5.519,22.085, 0.162,-0.223, 0.983,0.299,-0.150,0.000,-0.631, 0.049,-0.354;
25.576,11.425,31.204,13.540,29.089, 0.167,-0.225, 0.995,0.428,-0.143,1.003,-0.635, 0.048,-0.367;
25.588,3.256,23.526,5.324,21.457, 0.171,-0.226, 0.987,0.294,-0.147,-0.685,-0.637, 0.046,-0.359;
25.600,-5.401,32.183,-3.286,30.068, 0.174,-0.230, 0.995,0.295,-0.295,0.687,-0.639, 0.046,-0.367;
25.612,3.028,22.663,5.143,20.548, 0.178,-0.232, 0.995,0.286,-0.143,0.000,-0.641, 0.044,-0.367;
25.626,1.845,19.004,3.913,16.936, 0.181,-0.233, 0.987,0.245,-0.123,-0.571,-0.643, 0.042,-0.359;
25.638,-5.372,30.350,-3.257,28.235, 0.185,-0.237, 0.995,0.281,-0.281,0.654,-0.645, 0.042,-0.367;
25.650,3.379,23.429,5.493,21.314, 0.188,-0.238, 0.995,0.297,-0.148,0.000,-0.647, 0.040,-0.367;
25.663,2.897,21.930,5.011,19.815, 0.191,-0.240, 0.995,0.281,-0.140,0.000,-0.649, 0.038,-0.367;
25.674,3.242,22.913,5.357,20.799, 0.195,-0.242, 0.995,0.292,-0.146,0.000,-0.651, 0.036,-0.367;
25.687,2.935,21.938,5.050,19.823, 0.198,-0.244, 0.995,0.282,-0.141,0.000,-0.653, 0.035,-0.367;
25.699,3.210,22.707,5.324,20.593, 0.202,-0.245, 0.995,0.291,-0.146,0.000,-0.655, 0.033,-0.367;
25.711,3.259,22.802,5.374,20.687, 0.205,-0.247, 0.995,0.293,-0.147,0.000,-0.656, 0.031,-0.367;
25.723,2.976,21.894,5.091,19.780, 0.209,-0.249, 0.995,0.284,-0.142,0.000,-0.658, 0.030,-0.367;
25.735,11.297,13.481,13.412,11.366, 0.212,-0.249, 0.995,0.283,0.000,0.000,-0.660, 0.026,-0.367;
25.747,3.203,22.587,5.318,20.472, 0.216,-0.251, 0.995,0.292,-0.146,0.000,-0.662, 0.024,-0.367;
25.760,2.483,4.613,4.597,2.498, 0.218,-0.251, 0.995,0.134,0.000,0.000,-0.662, 0.021,-0.367;
25.772,3.446,5.521,5.490,3.477, 0.219,-0.251, 0.983,0.150,0.000,-1.052,-0.662, 0.018,-0.354;
25.784,10.757,-3.320,12.754,-5.317, 0.221,-0.249, 0.975,0.136,0.136,-0.642,-0.662, 0.012,-0.346;
25.797,2.550,4.640,4.547,2.643, 0.223,-0.249, 0.975,0.134,0.000,0.000,-0.661, 0.009,-0.346;
25.809,-5.350,-3.327,-3.423,-5.254, 0.223,-0.249, 0.962,0.000,0.000,-1.028,-0.660, 0.006,-0.334;
25.821,3.232,-11.849,5.041,-13.658, 0.223,-0.247, 0.942,0.000,0.143,-1.682,-0.658, 0.000,-0.314;
25.833,-5.243,-3.336,-3.502,-5.077, 0.223,-0.247, 0.930,0.000,0.000,-0.985,-0.656,-0.003,-0.302;
25.846,11.351,-3.322,13.041,-5.012, 0.225,-0.245, 0.921,0.139,0.139,-0.703,-0.656,-0.008,-0.293;
25.858,3.791,-12.305,5.361,-13.876, 0.225,-0.244, 0.901,0.000,0.150,-1.783,-0.654,-0.013,-0.272;
25.869,3.719,-12.182,5.289,-13.753, 0.225,-0.242, 0.901,0.000,0.149,0.000,-0.652,-0.018,-0.272;
25.882,2.897,-11.285,4.402,-12.790, 0.225,-0.240, 0.889,0.000,0.134,-0.886,-0.650,-0.023,-0.261;
25.892,5.282,-13.620,6.787,-15.124, 0.225,-0.238, 0.889,0.000,0.174,0.000,-0.648,-0.027,-0.261;
25.902,26.175,-13.580,27.626,-15.031, 0.226,-0.235, 0.880,0.174,0.348,-0.934,-0.648,-0.034,-0.252;
25.919,0.891,-9.135,2.395,-10.640, 0.226,-0.233, 0.889,0.000,0.102,0.546,-0.645,-0.040,-0.261;
25.931,12.289,-20.439,13.675,-21.824, 0.226,-0.230, 0.869,0.000,0.290,-1.722,-0.643,-0.046,-0.240;
25.945,10.464,-2.900,11.968,-4.404, 0.228,-0.228, 0.889,0.131,0.131,1.554,-0.643,-0.052,-0.261;
25.955,15.715,-23.775,17.100,-25.161, 0.228,-0.225, 0.869,0.000,0.348,-2.065,-0.641,-0.058,-0.240;
25.965,15.655,-23.707,17.040,-25.092, 0.228,-0.221, 0.869,0.000,0.348,0.000,-0.639,-0.064,-0.240;
25.975,5.182,-13.174,6.567,-14.560, 0.228,-0.219, 0.869,0.000,0.174,0.000,-0.637,-0.068,-0.240;
25.993,11.745,-8.310,13.130,-9.695, 0.230,-0.216, 0.869,0.095,0.189,0.000,-0.636,-0.076,-0.240;
26.005,3.532,-11.410,4.917,-12.795, 0.230,-0.214, 0.869,0.000,0.147,0.000,-0.633,-0.081,-0.240;
26.016,12.964,-20.774,14.350,-22.159, 0.230,-0.211, 0.869,0.000,0.304,0.000,-0.631,-0.087,-0.240;
26.028,12.095,-19.809,13.361,-21.075, 0.230,-0.207, 0.848,0.000,0.289,-1.719,-0.629,-0.094,-0.219;
26.041,2.699,-10.373,4.020,-11.694, 0.230,-0.205, 0.857,0.000,0.134,0.738,-0.627,-0.099,-0.229;
26.053,12.985,-20.584,14.307,-21.906, 0.230,-0.202, 0.857,0.000,0.305,0.000,-0.624,-0.105,-0.229;
26.065,12.168,-19.684,13.434,-20.950, 0.230,-0.198, 0.848,0.000,0.291,-0.804,-0.622,-0.112,-0.219;
26.077,11.208,-18.666,12.474,-19.932, 0.230,-0.195, 0.848,0.000,0.276,0.000,-0.620,-0.118,-0.219;
26.091,10.550,-17.930,11.816,-19.196, 0.230,-0.191, 0.848,0.000,0.265,0.000,-0.617,-0.125,-0.219;
26.103,11.932,-19.240,13.198,-20.506, 0.230,-0.188, 0.848,0.000,0.288,0.000,-0.615,-0.131,-0.219;
26.114,-5.397,-19.797,-4.139,-21.055, 0.228,-0.186, 0.847,-0.150,0.150,-0.109,-0.610,-0.136,-0.218;
26.126,12.230,-19.348,13.551,-20.669, 0.228,-0.183, 0.857,0.000,0.294,0.919,-0.608,-0.142,-0.229;
26.138,11.549,-18.563,12.814,-19.829, 0.228,-0.179, 0.848,0.000,0.282,-0.779,-0.605,-0.149,-0.219;
26.151,3.085,-26.929,4.288,-28.132, 0.226,-0.176, 0.837,-0.141,0.281,-0.883,-0.601,-0.155,-0.209;
26.163,11.650,-18.486,12.915,-19.752, 0.226,-0.172, 0.848,0.000,0.284,0.891,-0.599,-0.161,-0.219;
26.175,3.031,-26.581,4.233,-27.784, 0.225,-0.169, 0.837,-0.140,0.280,-0.878,-0.594,-0.168,-0.209;
26.188,11.414,-18.024,12.617,-19.227, 0.225,-0.165, 0.837,0.000,0.280,0.000,-0.592,-0.174,-0.209;
26.201,2.757,-25.608,3.959,-26.811, 0.223,-0.162, 0.837,-0.136,0.272,0.000,-0.587,-0.181,-0.209;
26.213,11.294,-17.703,12.560,-18.969, 0.223,-0.158, 0.848,0.000,0.279,0.874,-0.584,-0.187,-0.219;
26.226,-5.401,-17.060,-4.199,-18.263, 0.221,-0.157, 0.837,-0.134,0.134,-0.844,-0.580,-0.192,-0.209;
26.237,3.959,-28.805,5.162,-30.008, 0.219,-0.153, 0.837,-0.155,0.311,0.000,-0.576,-0.198,-0.209;
26.249,-5.361,-19.138,-4.158,-20.340, 0.218,-0.151, 0.837,-0.154,0.154,0.000,-0.571,-0.202,-0.209;
26.260,3.697,-27.555,4.843,-28.701, 0.216,-0.148, 0.827,-0.149,0.299,-0.846,-0.567,-0.208,-0.199;
26.272,-5.245,-18.966,-4.161,-20.050, 0.214,-0.146, 0.816,-0.153,0.153,-0.944,-0.563,-0.212,-0.188;
26.283,-5.213,-18.607,-4.129,-19.691, 0.212,-0.144, 0.816,-0.151,0.151,0.000,-0.558,-0.216,-0.188;
26.295,-5.168,-17.532,-4.084,-18.616, 0.211,-0.143, 0.816,-0.143,0.143,0.000,-0.554,-0.221,-0.188;
26.308,2.960,-24.412,3.986,-25.438, 0.209,-0.139, 0.806,-0.134,0.268,-0.775,-0.549,-0.227,-0.178;
26.320,-5.042,-17.577,-4.076,-18.542, 0.207,-0.138, 0.796,-0.144,0.144,-0.873,-0.545,-0.231,-0.167;
26.333,-5.004,-17.043,-4.039,-18.008, 0.205,-0.136, 0.796,-0.141,0.141,0.000,-0.540,-0.236,-0.167;
26.345,-4.960,-17.593,-3.994,-18.558, 0.204,-0.134, 0.796,-0.146,0.146,0.000,-0.536,-0.240,-0.167;
26.357,3.554,-25.128,4.400,-25.974, 0.202,-0.131, 0.775,-0.139,0.279,-1.651,-0.531,-0.246,-0.147;
26.369,-4.880,-17.425,-3.975,-18.331, 0.200,-0.129, 0.785,-0.146,0.146,0.866,-0.526,-0.250,-0.157;
26.381,-13.972,-27.180,-13.066,-28.085, 0.197,-0.127, 0.785,-0.304,0.152,0.000,-0.520,-0.254,-0.157;
26.393,3.459,-24.142,4.306,-24.988, 0.195,-0.124, 0.775,-0.136,0.272,-0.804,-0.515,-0.260,-0.147;
26.406,-4.701,-16.296,-3.855,-17.142, 0.193,-0.122, 0.775,-0.139,0.139,0.000,-0.511,-0.265,-0.147;
26.418,-4.654,-16.321,-3.807,-17.168, 0.191,-0.120, 0.775,-0.140,0.140,0.000,-0.506,-0.269,-0.147;
26.431,-13.113,-25.036,-12.325,-25.824, 0.188,-0.118, 0.765,-0.284,0.142,-0.825,-0.499,-0.273,-0.137;
26.443,-4.456,-16.039,-3.728,-16.766, 0.186,-0.117, 0.754,-0.139,0.139,-0.841,-0.494,-0.277,-0.126;
26.455,-12.910,-7.700,-12.182,-8.427, 0.185,-0.117, 0.754,-0.141,0.000,0.000,-0.490,-0.279,-0.126;
26.467,-13.118,-25.658,-12.448,-26.329, 0.181,-0.115, 0.745,-0.294,0.147,-0.833,-0.483,-0.283,-0.116;
26.479,-4.187,-17.320,-3.578,-17.929, 0.179,-0.113, 0.734,-0.152,0.152,-0.933,-0.479,-0.287,-0.106;
26.491,-21.714,-16.648,-21.160,-17.201, 0.176,-0.113, 0.724,-0.293,0.000,-0.813,-0.472,-0.290,-0.096;
26.502,-13.475,-8.350,-12.866,-8.958, 0.174,-0.113, 0.734,-0.157,0.000,0.870,-0.468,-0.292,-0.106;
26.513,-22.299,-17.373,-21.808,-17.864, 0.171,-0.113, 0.713,-0.307,0.000,-1.811,-0.461,-0.294,-0.085;
26.524,-13.037,-8.100,-12.547,-8.590, 0.169,-0.113, 0.713,-0.154,0.000,0.000,-0.457,-0.296,-0.085;
26.536,-12.801,-7.891,-12.311,-8.381, 0.167,-0.113, 0.713,-0.152,0.000,0.000,-0.452,-0.298,-0.085;
26.547,-21.865,-17.147,-21.492,-17.520, 0.164,-0.113, 0.693,-0.306,0.000,-1.799,-0.445,-0.300,-0.065;
26.559,-12.580,-7.865,-12.219,-8.227, 0.162,-0.113, 0.691,-0.152,0.000,-0.170,-0.441,-0.302,-0.063;
26.581,-17.486,-3.380,-17.113,-3.752, 0.158,-0.115, 0.693,-0.158,-0.079,0.088,-0.431,-0.304,-0.065;
26.591,-13.573,-9.077,-13.266,-9.384, 0.157,-0.115, 0.682,-0.174,0.000,-1.127,-0.427,-0.306,-0.053;
26.601,-34.279,-9.058,-34.024,-9.312, 0.153,-0.117, 0.672,-0.348,-0.174,-0.913,-0.421,-0.306,-0.044;
26.611,-13.271,-9.022,-13.082,-9.211, 0.151,-0.117, 0.661,-0.174,0.000,-1.144,-0.417,-0.307,-0.033;
26.628,-20.385,-4.433,-20.196,-4.622, 0.148,-0.118, 0.661,-0.197,-0.099,0.000,-0.408,-0.308,-0.033;
26.640,-29.268,-7.445,-29.130,-7.583, 0.144,-0.120, 0.652,-0.298,-0.149,-0.760,-0.402,-0.309,-0.024;
26.651,-20.525,1.538,-20.336,1.349, 0.143,-0.122, 0.661,-0.151,-0.151,0.770,-0.397,-0.309,-0.033;
26.663,-29.398,-7.580,-29.327,-7.651, 0.139,-0.124, 0.641,-0.303,-0.152,-1.783,-0.390,-0.309,-0.012;
26.675,-27.759,-7.004,-27.689,-7.075, 0.136,-0.125, 0.641,-0.287,-0.143,0.000,-0.383,-0.309,-0.012;
26.687,-19.786,1.525,-19.783,1.523, 0.134,-0.127, 0.629,-0.150,-0.150,-1.015,-0.379,-0.309,-0.000;
26.698,-38.419,1.608,-38.348,1.537, 0.131,-0.131, 0.641,-0.307,-0.307,1.039,-0.372,-0.307,-0.012;
26.711,-25.769,-6.525,-25.815,-6.478, 0.127,-0.132, 0.620,-0.271,-0.136,-1.583,-0.365,-0.307, 0.008;
26.723,-27.404,-7.048,-27.451,-7.002, 0.124,-0.134, 0.620,-0.291,-0.145,0.000,-0.358,-0.308, 0.008;
26.735,-36.022,1.626,-36.069,1.672, 0.120,-0.138, 0.620,-0.292,-0.292,0.000,-0.351,-0.306, 0.008;
26.747,-26.995,-7.078,-27.158,-6.915, 0.117,-0.139, 0.600,-0.292,-0.146,-1.693,-0.345,-0.306, 0.028;
26.758,-37.270,1.677,-37.365,1.772, 0.113,-0.143, 0.612,-0.306,-0.306,1.041,-0.338,-0.304, 0.016;
26.770,-17.851,1.651,-17.967,1.766, 0.111,-0.144, 0.608,-0.144,-0.144,-0.295,-0.333,-0.304, 0.020;
26.781,-39.219,1.664,-39.335,1.779, 0.108,-0.148, 0.608,-0.325,-0.325,0.000,-0.326,-0.302, 0.020;
26.793,-35.988,1.733,-36.035,1.780, 0.104,-0.151, 0.620,-0.298,-0.298,1.022,-0.319,-0.300, 0.008;
26.805,-25.694,-6.822,-25.857,-6.659, 0.101,-0.153, 0.600,-0.286,-0.143,-1.660,-0.313,-0.300, 0.028;
26.816,-37.210,1.699,-37.373,1.862, 0.097,-0.157, 0.600,-0.313,-0.313,0.000,-0.306,-0.298, 0.028;
26.827,-27.013,10.782,-27.060,10.829, 0.096,-0.160, 0.620,-0.151,-0.303,1.757,-0.301,-0.296, 0.008;
26.839,-25.633,-6.886,-25.749,-6.770, 0.092,-0.162, 0.608,-0.290,-0.145,-0.993,-0.294,-0.296, 0.020;
26.861,-18.960,1.727,-19.123,1.890, 0.089,-0.165, 0.600,-0.164,-0.164,-0.389,-0.284,-0.295, 0.028;
26.872,-34.396,1.739,-34.559,1.902, 0.085,-0.169, 0.600,-0.295,-0.295,0.000,-0.277,-0.293, 0.028;
26.884,-33.940,1.747,-34.103,1.910, 0.082,-0.172, 0.600,-0.293,-0.293,0.000,-0.270,-0.291, 0.028;
26.896,-34.479,1.754,-34.642,1.917, 0.078,-0.176, 0.600,-0.299,-0.299,0.000,-0.264,-0.289, 0.028;
26.908,-25.437,-7.061,-25.600,-6.898, 0.075,-0.178, 0.600,-0.298,-0.149,0.000,-0.257,-0.288, 0.028;
26.919,-34.023,1.799,-34.186,1.962, 0.071,-0.181, 0.600,-0.298,-0.298,0.000,-0.250,-0.286, 0.028;
26.933,-29.835,1.805,-29.998,1.968, 0.068,-0.185, 0.600,-0.264,-0.264,0.000,-0.242,-0.284, 0.028;
26.945,-23.025,10.030,-23.140,10.145, 0.066,-0.188, 0.608,-0.138,-0.276,0.657,-0.237,-0.282, 0.020;
26.959,-21.217,-5.819,-21.333,-5.703, 0.063,-0.190, 0.608,-0.258,-0.129,0.000,-0.229,-0.282, 0.020;
26.970,-34.081,1.849,-34.196,1.964, 0.059,-0.193, 0.608,-0.303,-0.303,0.000,-0.223,-0.279, 0.020;
26.982,-23.245,10.312,-23.291,10.359, 0.057,-0.197, 0.620,-0.142,-0.283,0.971,-0.217,-0.277, 0.008;
26.997,-26.788,1.864,-26.834,1.910, 0.054,-0.200, 0.620,-0.244,-0.244,0.000,-0.209,-0.275, 0.008;
27.007,-28.598,-8.505,-28.714,-8.389, 0.050,-0.202, 0.608,-0.348,-0.174,-1.192,-0.203,-0.274, 0.020;
27.017,-28.552,12.257,-28.599,12.303, 0.049,-0.205, 0.620,-0.174,-0.348,1.192,-0.198,-0.272, 0.008;
27.027,-38.752,1.872,-38.799,1.919, 0.045,-0.209, 0.620,-0.348,-0.348,0.000,-0.192,-0.269, 0.008;
27.045,-14.293,7.568,-14.339,7.615, 0.044,-0.212, 0.620,-0.096,-0.192,0.000,-0.185,-0.267, 0.008;
27.057,-14.408,1.880,-14.406,1.877, 0.042,-0.214, 0.629,-0.146,-0.146,0.716,-0.179,-0.267,-0.000;
27.069,-32.021,1.832,-32.068,1.878, 0.038,-0.218, 0.620,-0.296,-0.296,-0.726,-0.172,-0.264, 0.008;
27.081,-21.947,10.272,-21.944,10.269, 0.037,-0.221, 0.629,-0.141,-0.282,0.693,-0.167,-0.262,-0.000;
27.094,-20.641,9.845,-20.638,9.842, 0.035,-0.225, 0.629,-0.135,-0.269,0.000,-0.161,-0.259,-0.000;
27.105,-31.821,1.770,-31.867,1.816, 0.031,-0.228, 0.620,-0.298,-0.298,-0.731,-0.154,-0.257, 0.008;
27.117,-23.770,11.024,-23.699,10.954, 0.030,-0.232, 0.641,-0.154,-0.307,1.795,-0.149,-0.254,-0.012;
27.129,-13.177,1.770,-13.175,1.767, 0.028,-0.233, 0.629,-0.143,-0.143,-0.970,-0.143,-0.253,-0.000;
27.140,-23.198,10.827,-23.195,10.825, 0.026,-0.237, 0.629,-0.152,-0.305,0.000,-0.138,-0.251,-0.000;
27.152,-21.986,10.439,-21.983,10.436, 0.024,-0.240, 0.629,-0.146,-0.293,0.000,-0.133,-0.248,-0.000;
27.164,-22.399,10.592,-22.397,10.589, 0.023,-0.244, 0.629,-0.149,-0.299,0.000,-0.127,-0.245,-0.000;
27.176,-21.261,10.228,-21.259,10.225, 0.021,-0.247, 0.629,-0.144,-0.288,0.000,-0.122,-0.242,-0.000;
27.190,-18.467,9.354,-18.396,9.284, 0.019,-0.251, 0.641,-0.129,-0.258,0.873,-0.116,-0.240,-0.012;
27.201,-22.237,10.612,-22.167,10.541, 0.017,-0.254, 0.641,-0.151,-0.301,0.000,-0.111,-0.237,-0.012;
27.213,-21.504,10.381,-21.433,10.310, 0.016,-0.258, 0.641,-0.147,-0.295,0.000,-0.105,-0.234,-0.012;
27.225,-20.505,10.062,-20.435,9.991, 0.014,-0.261, 0.641,-0.143,-0.285,0.000,-0.100,-0.231,-0.012;
27.237,-20.428,10.049,-20.357,9.979, 0.012,-0.265, 0.641,-0.143,-0.286,0.000,-0.094,-0.229,-0.012;
27.250,-11.549,18.363,-11.360,18.174, 0.012,-0.268, 0.661,0.000,-0.281,1.653,-0.091,-0.226,-0.033;
27.262,-12.042,1.447,-11.920,1.325, 0.010,-0.270, 0.649,-0.146,-0.146,-0.977,-0.085,-0.225,-0.021;
27.274,-19.319,9.717,-19.197,9.595, 0.009,-0.273, 0.649,-0.139,-0.277,0.000,-0.079,-0.222,-0.021;
27.287,-10.489,17.531,-10.367,17.410, 0.009,-0.277, 0.649,0.000,-0.271,0.000,-0.075,-0.219,-0.021;
27.299,-20.016,9.929,-19.894,9.808, 0.007,-0.280, 0.649,-0.144,-0.288,0.000,-0.070,-0.216,-0.021;
27.311,-12.186,19.408,-12.013,19.234, 0.007,-0.284, 0.658,0.000,-0.303,0.785,-0.066,-0.213,-0.030;
27.322,-20.820,10.206,-20.631,10.017, 0.005,-0.287, 0.661,-0.150,-0.299,0.225,-0.061,-0.210,-0.033;
27.333,-12.298,19.680,-12.057,19.439, 0.005,-0.291, 0.670,0.000,-0.308,0.804,-0.057,-0.207,-0.042;
27.345,-20.157,9.942,-19.968,9.754, 0.003,-0.294, 0.661,-0.147,-0.295,-0.769,-0.052,-0.203,-0.033;
27.357,-11.875,19.379,-11.686,19.190, 0.003,-0.298, 0.661,0.000,-0.306,0.000,-0.048,-0.200,-0.033;
27.368,-2.662,10.201,-2.489,10.028, 0.003,-0.299, 0.658,0.000,-0.154,-0.231,-0.045,-0.199,-0.030;
27.381,-9.937,17.523,-9.764,17.349, 0.003,-0.303, 0.658,0.000,-0.277,0.000,-0.041,-0.196,-0.030;
27.392,-20.381,9.949,-20.208,9.775, 0.002,-0.306, 0.658,-0.151,-0.303,0.000,-0.036,-0.192,-0.030;
27.403,-11.971,19.734,-11.730,19.493, 0.002,-0.310, 0.670,0.000,-0.315,1.057,-0.032,-0.189,-0.042;
27.415,-10.529,18.309,-10.288,18.068, 0.002,-0.313, 0.670,0.000,-0.292,0.000,-0.028,-0.186,-0.042;
27.428,-9.250,17.094,-8.955,16.799, 0.002,-0.317, 0.679,0.000,-0.273,0.727,-0.024,-0.183,-0.051;
27.439,-11.453,19.320,-11.158,19.025, 0.002,-0.320, 0.679,0.000,-0.311,0.000,-0.021,-0.179,-0.051;
27.451,-10.797,18.702,-10.503,18.408, 0.002,-0.324, 0.679,0.000,-0.302,0.000,-0.017,-0.176,-0.051;
27.472,-6.789,5.266,-6.548,5.025, 0.000,-0.327, 0.670,-0.080,-0.159,-0.425,-0.009,-0.173,-0.042;
27.484,-10.362,18.488,-10.001,18.126, 0.000,-0.331, 0.691,0.000,-0.299,1.790,-0.005,-0.169,-0.063;
27.496,-10.098,18.222,-9.737,17.861, 0.000,-0.334, 0.691,0.000,-0.297,0.000,-0.001,-0.166,-0.063;
27.508,-9.668,17.829,-9.307,17.468, 0.000,-0.338, 0.691,0.000,-0.291,0.000, 0.002,-0.162,-0.063;
27.520,-0.506,8.686,-0.211,8.391, 0.000,-0.339, 0.679,0.000,-0.141,-0.932, 0.006,-0.161,-0.051;
27.532,-0.740,26.444,-0.391,26.094, 0.002,-0.343, 0.689,0.146,-0.292,0.797, 0.008,-0.157,-0.061;
27.545,-8.292,16.497,-7.943,16.148, 0.002,-0.346, 0.689,0.000,-0.273,0.000, 0.012,-0.153,-0.061;
27.557,-16.449,8.241,-16.155,7.947, 0.000,-0.350, 0.679,-0.137,-0.275,-0.751, 0.018,-0.150,-0.051;
27.570,0.013,24.997,0.362,24.647, 0.002,-0.353, 0.689,0.139,-0.278,0.760, 0.020,-0.146,-0.061;
27.580,-12.485,20.830,-12.069,20.414, 0.002,-0.357, 0.700,0.000,-0.348,1.157, 0.023,-0.143,-0.072;
27.590,-12.384,20.728,-11.968,20.312, 0.002,-0.360, 0.700,0.000,-0.348,0.000, 0.026,-0.139,-0.072;
27.600,-12.287,20.659,-11.871,20.243, 0.002,-0.364, 0.700,0.000,-0.348,0.000, 0.030,-0.135,-0.072;
27.610,-12.180,20.580,-11.764,20.164, 0.002,-0.367, 0.700,0.000,-0.348,0.000, 0.033,-0.132,-0.072;
27.631,3.992,14.174,4.408,13.758, 0.003,-0.371, 0.700,0.081,-0.163,0.000, 0.038,-0.128,-0.072;
27.644,0.428,7.997,0.844,7.580, 0.003,-0.373, 0.700,0.000,-0.142,0.000, 0.042,-0.125,-0.072;
27.654,-11.873,20.324,-11.457,19.908, 0.003,-0.376, 0.700,0.000,-0.348,0.000, 0.045,-0.122,-0.072;
27.664,-1.341,30.739,-0.868,30.267, 0.005,-0.379, 0.710,0.174,-0.348,0.977, 0.046,-0.118,-0.082;
27.674,-11.760,20.237,-11.221,19.699, 0.005,-0.383, 0.722,0.000,-0.348,1.138, 0.049,-0.114,-0.093;
27.692,3.678,4.806,4.151,4.334, 0.005,-0.385, 0.710,0.000,-0.094,-0.614, 0.055,-0.112,-0.082;
27.704,0.501,25.779,1.039,25.241, 0.007,-0.388, 0.722,0.148,-0.295,0.966, 0.057,-0.108,-0.093;
27.717,-6.898,15.387,-6.360,14.849, 0.007,-0.392, 0.722,0.000,-0.272,0.000, 0.061,-0.104,-0.093;
27.728,0.694,7.806,1.166,7.334, 0.007,-0.393, 0.710,0.000,-0.148,-0.968, 0.065,-0.101,-0.082;
27.740,-7.804,16.368,-7.266,15.830, 0.007,-0.397, 0.722,0.000,-0.291,0.950, 0.068,-0.097,-0.093;
27.753,9.729,15.205,10.325,14.609, 0.009,-0.399, 0.732,0.136,-0.136,0.785, 0.071,-0.095,-0.103;
27.766,-6.160,14.723,-5.500,14.063, 0.009,-0.402, 0.743,0.000,-0.265,0.851, 0.075,-0.091,-0.115;
27.778,9.885,-1.317,10.481,-1.913, 0.009,-0.402, 0.732,0.000,0.000,-0.944, 0.078,-0.090,-0.103;
27.791,9.906,-1.306,10.566,-1.967, 0.009,-0.402, 0.743,0.000,0.000,0.912, 0.082,-0.090,-0.115;
27.803,18.689,-10.059,19.285,-10.656, 0.009,-0.400, 0.732,0.000,0.145,-0.931, 0.086,-0.091,-0.103;
27.815,9.965,-1.316,10.626,-1.977, 0.009,-0.400, 0.743,0.000,0.000,0.932, 0.089,-0.090,-0.115;
27.826,10.010,-1.337,10.671,-1.998, 0.009,-0.400, 0.743,0.000,0.000,0.000, 0.093,-0.089,-0.115;
27.836,20.499,9.137,21.219,8.417, 0.010,-0.400, 0.753,0.174,0.000,1.028, 0.094,-0.089,-0.125;
27.846,20.498,-11.848,21.218,-12.568, 0.010,-0.399, 0.753,0.000,0.174,0.000, 0.097,-0.090,-0.125;
27.856,10.004,-1.333,10.788,-2.116, 0.010,-0.399, 0.764,0.000,0.000,1.097, 0.101,-0.089,-0.136;
27.876,20.704,-1.399,21.424,-2.119, 0.012,-0.397, 0.753,0.088,0.088,-0.557, 0.105,-0.089,-0.125;
27.886,20.549,-11.891,21.269,-12.611, 0.012,-0.395, 0.753,0.000,0.174,0.000, 0.108,-0.090,-0.125;
27.896,10.055,-1.377,10.838,-2.161, 0.012,-0.395, 0.764,0.000,0.000,1.097, 0.111,-0.089,-0.136;
27.912,23.287,-1.384,24.131,-2.228, 0.014,-0.393, 0.775,0.110,0.110,0.664, 0.114,-0.090,-0.146;
27.925,18.201,-9.539,19.045,-10.383, 0.014,-0.392, 0.775,0.000,0.135,0.000, 0.118,-0.091,-0.146;
27.935,30.959,-1.358,31.926,-2.326, 0.016,-0.390, 0.796,0.174,0.174,2.150, 0.119,-0.092,-0.168;
27.945,20.494,-11.852,21.399,-12.757, 0.016,-0.388, 0.785,0.000,0.174,-1.075, 0.122,-0.092,-0.157;
27.962,22.154,-1.334,23.182,-2.363, 0.017,-0.386, 0.807,0.101,0.101,1.239, 0.126,-0.093,-0.178;
27.972,20.421,-11.819,21.450,-12.848, 0.017,-0.385, 0.807,0.000,0.174,0.000, 0.129,-0.093,-0.178;
27.987,30.367,-8.156,31.335,-9.124, 0.019,-0.381, 0.796,0.113,0.226,-0.683, 0.132,-0.096,-0.168;
27.997,20.375,-11.816,21.403,-12.844, 0.019,-0.379, 0.807,0.000,0.174,1.052, 0.135,-0.096,-0.178;
28.007,30.816,-1.307,31.908,-2.399, 0.021,-0.378, 0.818,0.174,0.174,1.097, 0.136,-0.097,-0.189;
28.017,30.786,-22.255,31.878,-23.347, 0.021,-0.374, 0.818,0.000,0.348,0.000, 0.139,-0.100,-0.189;
28.035,15.895,-7.342,16.983,-8.430, 0.021,-0.373, 0.817,0.000,0.101,-0.039, 0.144,-0.100,-0.189;
28.047,34.584,-9.524,35.735,-10.676, 0.023,-0.369, 0.828,0.137,0.275,0.865, 0.146,-0.102,-0.200;
28.060,18.067,-9.554,19.218,-10.705, 0.023,-0.367, 0.828,0.000,0.138,0.000, 0.150,-0.102,-0.200;
28.072,27.508,-18.981,28.659,-20.132, 0.023,-0.364, 0.828,0.000,0.295,0.000, 0.153,-0.104,-0.200;
28.085,25.799,-17.239,26.887,-18.327, 0.023,-0.360, 0.817,0.000,0.266,-0.838, 0.157,-0.106,-0.189;
28.095,30.698,-22.143,31.786,-23.231, 0.023,-0.357, 0.817,0.000,0.348,0.000, 0.160,-0.109,-0.189;
28.105,30.718,-22.125,31.746,-23.153, 0.023,-0.353, 0.807,0.000,0.348,-1.029, 0.163,-0.111,-0.178;
28.115,30.673,-22.096,31.702,-23.125, 0.023,-0.350, 0.807,0.000,0.348,0.000, 0.166,-0.113,-0.178;
28.132,15.617,-7.030,16.705,-8.118, 0.023,-0.348, 0.817,0.000,0.099,0.584, 0.171,-0.113,-0.189;
28.146,24.986,-16.401,26.137,-17.552, 0.023,-0.345, 0.828,0.000,0.255,0.803, 0.175,-0.115,-0.200;
28.156,30.566,-21.959,31.717,-23.110, 0.023,-0.341, 0.828,0.000,0.348,0.000, 0.178,-0.117,-0.200;
28.166,30.529,-21.914,31.680,-23.065, 0.023,-0.338, 0.828,0.000,0.348,0.000, 0.181,-0.119,-0.200;
28.176,20.096,-32.382,21.184,-33.470, 0.021,-0.334, 0.817,-0.174,0.348,-1.096, 0.185,-0.121,-0.189;
28.186,30.546,-21.847,31.634,-22.934, 0.021,-0.331, 0.817,0.000,0.348,0.000, 0.188,-0.124,-0.189;
28.206,14.852,-16.633,15.940,-17.721, 0.019,-0.327, 0.817,-0.088,0.175,0.000, 0.195,-0.124,-0.189;
28.218,26.896,-18.091,27.924,-19.119, 0.019,-0.324, 0.807,0.000,0.287,-0.848, 0.199,-0.126,-0.178;
28.230,27.558,-18.787,28.650,-19.878, 0.019,-0.320, 0.818,0.000,0.299,0.943, 0.202,-0.128,-0.189;
28.242,9.559,-17.841,10.646,-18.929, 0.017,-0.319, 0.817,-0.142,0.142,-0.055, 0.207,-0.128,-0.189;
28.255,17.760,-25.102,18.786,-26.128, 0.016,-0.315, 0.806,-0.135,0.270,-0.833, 0.213,-0.130,-0.178;
28.267,26.637,-17.714,27.725,-18.802, 0.016,-0.312, 0.817,0.000,0.284,0.874, 0.216,-0.131,-0.189;
28.279,18.393,-26.961,19.419,-27.987, 0.014,-0.308, 0.806,-0.146,0.292,-0.899, 0.221,-0.133,-0.178;
28.292,25.429,-16.430,26.517,-17.518, 0.014,-0.305, 0.817,0.000,0.264,0.814, 0.225,-0.135,-0.189;
28.302,20.021,-31.943,21.109,-33.031, 0.012,-0.301, 0.817,-0.174,0.348,0.000, 0.229,-0.137,-0.189;
28.312,20.076,-31.906,21.102,-32.932, 0.010,-0.298, 0.806,-0.174,0.348,-1.074, 0.234,-0.139,-0.178;
28.322,20.054,-31.843,21.080,-32.869, 0.009,-0.294, 0.806,-0.174,0.348,0.000, 0.238,-0.141,-0.178;
28.332,20.104,-31.801,21.070,-32.768, 0.007,-0.291, 0.796,-0.174,0.348,-1.030, 0.243,-0.142,-0.168;
28.345,18.076,-25.705,19.043,-26.671, 0.005,-0.287, 0.796,-0.141,0.281,0.000, 0.248,-0.144,-0.168;
28.356,18.806,-27.826,19.773,-28.792, 0.003,-0.284, 0.796,-0.153,0.306,0.000, 0.253,-0.146,-0.168;
28.368,18.330,-26.324,19.296,-27.291, 0.002,-0.280, 0.796,-0.145,0.290,0.000, 0.258,-0.147,-0.168;
28.389,14.502,-14.712,15.468,-15.678, 0.000,-0.277, 0.796,-0.081,0.162,0.000, 0.265,-0.147,-0.168;
28.403,9.618,-15.971,10.644,-16.997,-0.002,-0.275, 0.806,-0.132,0.132,0.783, 0.270,-0.147,-0.178;
28.413,20.127,-31.453,21.153,-32.479,-0.003,-0.272, 0.806,-0.174,0.348,0.000, 0.275,-0.148,-0.178;
28.423,20.176,-31.414,21.142,-32.380,-0.005,-0.268, 0.796,-0.174,0.348,-1.030, 0.279,-0.150,-0.168;
28.433,9.735,-41.859,10.641,-42.765,-0.009,-0.265, 0.785,-0.348,0.348,-1.053, 0.285,-0.152,-0.157;
28.443,20.212,-31.283,21.118,-32.189,-0.010,-0.261, 0.785,-0.174,0.348,0.000, 0.290,-0.154,-0.157;
28.453,19.458,-28.962,20.364,-29.868,-0.012,-0.258, 0.785,-0.162,0.323,0.000, 0.294,-0.155,-0.157;
28.466,18.230,-25.213,19.136,-26.119,-0.014,-0.254, 0.785,-0.141,0.282,0.000, 0.299,-0.157,-0.157;
28.478,18.319,-25.314,19.164,-26.159,-0.016,-0.251, 0.775,-0.142,0.284,-0.859, 0.304,-0.158,-0.147;
28.500,9.796,-18.325,10.642,-19.170,-0.019,-0.247, 0.775,-0.156,0.156,0.000, 0.313,-0.157,-0.147;
28.510,20.298,-30.999,21.143,-31.844,-0.021,-0.244, 0.775,-0.174,0.348,0.000, 0.317,-0.159,-0.147;
28.520,9.872,-41.430,10.657,-42.216,-0.024,-0.240, 0.765,-0.348,0.348,-1.030, 0.323,-0.160,-0.136;
28.536,9.818,-12.987,10.724,-13.892,-0.026,-0.238, 0.785,-0.113,0.113,1.353, 0.329,-0.159,-0.157;
28.548,9.908,-33.711,10.755,-34.558,-0.030,-0.235, 0.775,-0.285,0.285,-0.845, 0.336,-0.160,-0.147;
28.560,27.282,-33.957,28.068,-34.743,-0.031,-0.230, 0.765,-0.144,0.432,-0.870, 0.340,-0.163,-0.136;
28.570,-0.561,-30.660,0.224,-31.445,-0.035,-0.228, 0.765,-0.348,0.174,0.000, 0.346,-0.163,-0.136;
28.580,20.443,-30.594,21.229,-31.380,-0.037,-0.225, 0.765,-0.174,0.348,0.000, 0.350,-0.165,-0.136;
28.597,9.981,-23.721,10.766,-24.507,-0.040,-0.221, 0.765,-0.205,0.205,0.000, 0.358,-0.165,-0.136;
28.610,18.100,-23.305,18.885,-24.091,-0.042,-0.218, 0.765,-0.135,0.269,0.000, 0.363,-0.166,-0.136;
28.620,10.005,-40.872,10.791,-41.658,-0.045,-0.214, 0.765,-0.348,0.348,0.000, 0.369,-0.167,-0.136;
28.630,10.082,-40.793,10.809,-41.521,-0.049,-0.211, 0.754,-0.348,0.348,-1.009, 0.375,-0.169,-0.126;
28.640,10.081,-40.696,10.809,-41.423,-0.052,-0.207, 0.754,-0.348,0.348,0.000, 0.381,-0.170,-0.126;
28.658,15.909,-16.099,16.637,-16.827,-0.054,-0.204, 0.754,-0.096,0.193,0.000, 0.387,-0.170,-0.126;
28.668,10.116,-40.562,10.843,-41.290,-0.057,-0.200, 0.754,-0.348,0.348,0.000, 0.392,-0.171,-0.126;
28.678,10.193,-40.480,10.859,-41.146,-0.061,-0.197, 0.744,-0.348,0.348,-1.072, 0.398,-0.172,-0.115;
28.688,20.656,-29.917,21.322,-30.583,-0.063,-0.193, 0.744,-0.174,0.348,0.000, 0.402,-0.174,-0.115;
28.707,10.201,-20.286,10.867,-20.952,-0.066,-0.190, 0.744,-0.182,0.182,0.000, 0.410,-0.173,-0.115;
28.719,10.228,-34.016,10.894,-34.682,-0.070,-0.186, 0.744,-0.296,0.296,0.000, 0.416,-0.174,-0.115;
28.731,10.296,-33.735,10.905,-34.344,-0.073,-0.183, 0.734,-0.295,0.295,-0.834, 0.422,-0.175,-0.106;
28.742,10.271,-16.534,10.937,-17.200,-0.075,-0.181, 0.744,-0.152,0.152,0.863, 0.427,-0.174,-0.115;
28.754,10.306,-33.732,10.972,-34.397,-0.078,-0.178, 0.744,-0.296,0.296,0.000, 0.433,-0.175,-0.115;
28.766,10.373,-34.134,10.982,-34.743,-0.082,-0.174, 0.734,-0.300,0.300,-0.849, 0.439,-0.176,-0.106;
28.778,10.425,-32.965,10.971,-33.511,-0.085,-0.171, 0.723,-0.291,0.291,-0.911, 0.445,-0.177,-0.095;
28.790,1.882,-23.488,2.491,-24.097,-0.089,-0.169, 0.734,-0.283,0.142,0.889, 0.451,-0.176,-0.106;
28.802,27.065,-31.044,27.611,-31.590,-0.091,-0.164, 0.723,-0.138,0.414,-0.865, 0.456,-0.178,-0.095;
28.815,1.806,-23.631,2.415,-24.240,-0.094,-0.162, 0.734,-0.287,0.143,0.899, 0.462,-0.177,-0.106;
28.827,18.974,-40.010,19.520,-40.556,-0.097,-0.157, 0.723,-0.281,0.422,-0.882, 0.468,-0.179,-0.095;
28.839,1.748,-23.778,2.357,-24.387,-0.101,-0.155, 0.734,-0.290,0.145,0.910, 0.474,-0.178,-0.106;
28.851,10.570,-32.016,11.123,-32.569,-0.104,-0.151, 0.724,-0.287,0.287,-0.794, 0.480,-0.179,-0.096;
28.863,19.229,-40.587,19.719,-41.077,-0.108,-0.146, 0.713,-0.287,0.430,-0.898, 0.486,-0.181,-0.085;
28.875,19.343,-23.781,19.889,-24.326,-0.110,-0.143, 0.723,-0.146,0.293,0.809, 0.490,-0.182,-0.095;
28.887,10.559,-32.958,11.105,-33.504,-0.113,-0.139, 0.723,-0.296,0.296,0.000, 0.496,-0.183,-0.095;
28.900,10.583,-30.152,11.129,-30.698,-0.117,-0.136, 0.723,-0.274,0.274,0.000, 0.502,-0.183,-0.095;
28.912,10.642,-31.959,11.133,-32.450,-0.120,-0.132, 0.713,-0.290,0.290,-0.800, 0.508,-0.184,-0.085;
28.924,10.649,-29.758,11.139,-30.249,-0.124,-0.129, 0.713,-0.272,0.272,0.000, 0.514,-0.184,-0.085;
28.936,10.670,-32.024,11.160,-32.515,-0.127,-0.125, 0.713,-0.291,0.291,0.000, 0.520,-0.184,-0.085;
28.948,19.723,-24.145,20.269,-24.691,-0.129,-0.122, 0.723,-0.151,0.302,0.835, 0.523,-0.185,-0.095;
28.960,10.657,-30.957,11.203,-31.503,-0.132,-0.118, 0.723,-0.284,0.284,0.000, 0.529,-0.186,-0.095;
28.972,10.715,-31.703,11.205,-32.194,-0.136,-0.115, 0.713,-0.291,0.291,-0.803, 0.535,-0.186,-0.085;
28.984,10.718,-31.760,11.208,-32.251,-0.139,-0.111, 0.713,-0.292,0.292,0.000, 0.541,-0.187,-0.085;
28.995,10.736,-33.536,11.227,-34.026,-0.143,-0.108, 0.713,-0.307,0.307,0.000, 0.546,-0.187,-0.085;
29.007,10.755,-31.780,11.246,-32.270,-0.146,-0.104, 0.713,-0.293,0.293,0.000, 0.552,-0.188,-0.085;
29.018,20.162,-43.207,20.588,-43.634,-0.150,-0.099, 0.702,-0.312,0.467,-0.993, 0.558,-0.190,-0.074;
29.030,19.938,-23.873,20.364,-24.300,-0.151,-0.096, 0.702,-0.153,0.306,0.000, 0.561,-0.191,-0.074;
29.041,10.722,-32.355,11.212,-32.845,-0.155,-0.092, 0.713,-0.300,0.300,0.958, 0.567,-0.191,-0.085;
29.052,10.758,-34.413,11.249,-34.904,-0.158,-0.089, 0.713,-0.318,0.318,0.000, 0.572,-0.192,-0.085;
29.075,10.791,-14.680,11.281,-15.171,-0.162,-0.085, 0.713,-0.155,0.155,0.000, 0.580,-0.189,-0.085;
29.085,10.805,-37.880,11.295,-38.370,-0.165,-0.082, 0.713,-0.348,0.348,0.000, 0.585,-0.190,-0.085;
29.095,10.861,-37.788,11.298,-38.224,-0.169,-0.078, 0.704,-0.348,0.348,-0.941, 0.590,-0.191,-0.076;
29.105,21.263,-27.255,21.753,-27.745,-0.171,-0.075, 0.713,-0.174,0.348,0.941, 0.594,-0.192,-0.085;
29.115,21.308,-48.069,21.735,-48.495,-0.174,-0.070, 0.702,-0.348,0.522,-1.110, 0.599,-0.194,-0.074;
29.126,10.816,-34.157,11.243,-34.584,-0.178,-0.066, 0.702,-0.320,0.320,0.000, 0.604,-0.195,-0.074;
29.148,10.867,-14.609,11.239,-14.982,-0.181,-0.063, 0.693,-0.158,0.158,-0.426, 0.611,-0.192,-0.065;
29.159,19.747,-22.343,20.174,-22.769,-0.183,-0.059, 0.702,-0.149,0.297,0.800, 0.615,-0.193,-0.074;
29.172,10.840,-30.095,11.266,-30.522,-0.186,-0.056, 0.702,-0.288,0.288,0.000, 0.620,-0.193,-0.074;
29.183,10.853,-31.609,11.279,-32.036,-0.190,-0.052, 0.702,-0.301,0.301,0.000, 0.625,-0.193,-0.074;
29.195,19.963,-40.728,20.336,-41.100,-0.193,-0.047, 0.693,-0.302,0.454,-0.815, 0.631,-0.195,-0.065;
29.207,2.346,-20.741,2.782,-21.177,-0.197,-0.045, 0.704,-0.283,0.142,0.900, 0.636,-0.194,-0.076;
29.219,28.277,-30.012,28.703,-30.438,-0.198,-0.040, 0.702,-0.145,0.435,-0.141, 0.639,-0.196,-0.074;
29.231,10.839,-29.392,11.265,-29.818,-0.202,-0.037, 0.702,-0.286,0.286,0.000, 0.645,-0.196,-0.074;
29.244,10.884,-27.970,11.256,-28.343,-0.205,-0.033, 0.693,-0.274,0.274,-0.739, 0.650,-0.196,-0.065;
29.255,10.881,-31.000,11.253,-31.372,-0.209,-0.030, 0.693,-0.300,0.300,0.000, 0.655,-0.196,-0.065;
29.267,10.892,-31.061,11.264,-31.433,-0.212,-0.026, 0.693,-0.301,0.301,0.000, 0.660,-0.196,-0.065;
29.279,28.618,-30.292,28.979,-30.653,-0.214,-0.021, 0.691,-0.148,0.444,-0.164, 0.664,-0.198,-0.063;
29.291,10.844,-29.361,11.216,-29.734,-0.218,-0.017, 0.693,-0.289,0.289,0.161, 0.669,-0.198,-0.065;
29.303,10.857,-29.664,11.230,-30.036,-0.221,-0.014, 0.693,-0.292,0.292,0.000, 0.674,-0.198,-0.065;
29.315,10.867,-29.729,11.239,-30.102,-0.225,-0.010, 0.693,-0.293,0.293,0.000, 0.679,-0.198,-0.065;
29.327,10.877,-27.866,11.249,-28.238,-0.228,-0.007, 0.693,-0.278,0.278,0.000, 0.684,-0.198,-0.065;
29.340,18.954,-18.667,19.326,-19.039,-0.230,-0.003, 0.693,-0.135,0.270,0.000, 0.687,-0.198,-0.065;
29.353,19.105,-35.455,19.412,-35.762,-0.233, 0.002, 0.682,-0.274,0.411,-0.888, 0.692,-0.200,-0.053;
29.365,10.858,-28.976,11.166,-29.283,-0.237, 0.005, 0.682,-0.290,0.290,0.000, 0.697,-0.200,-0.053;
29.377,10.827,-28.760,11.199,-29.132,-0.240, 0.009, 0.693,-0.288,0.288,0.934, 0.702,-0.200,-0.065;
29.388,19.842,-21.108,20.215,-21.481,-0.242, 0.012, 0.693,-0.150,0.300,0.000, 0.705,-0.200,-0.065;
29.400,10.827,-28.700,11.200,-29.072,-0.245, 0.016, 0.693,-0.289,0.289,0.000, 0.710,-0.200,-0.065;
29.413,10.834,-27.550,11.207,-27.922,-0.249, 0.019, 0.693,-0.280,0.280,0.000, 0.715,-0.199,-0.065;
29.426,18.635,-32.740,18.942,-33.048,-0.252, 0.024, 0.682,-0.259,0.389,-0.840, 0.720,-0.201,-0.053;
29.438,10.834,-29.182,11.142,-29.490,-0.256, 0.028, 0.682,-0.295,0.295,0.000, 0.725,-0.201,-0.053;
29.450,19.712,-20.469,20.085,-20.841,-0.258, 0.031, 0.693,-0.149,0.297,0.963, 0.728,-0.201,-0.065;
29.461,10.792,-30.371,11.164,-30.743,-0.261, 0.035, 0.693,-0.306,0.306,0.000, 0.733,-0.201,-0.065;
29.473,10.796,-28.756,11.169,-29.128,-0.265, 0.038, 0.693,-0.293,0.293,0.000, 0.737,-0.201,-0.065;
29.484,20.283,-40.725,20.590,-41.032,-0.268, 0.044, 0.682,-0.315,0.473,-1.021, 0.742,-0.203,-0.053;
29.495,20.086,-21.327,20.393,-21.635,-0.270, 0.047, 0.682,-0.155,0.311,0.000, 0.745,-0.203,-0.053;
29.506,10.762,-30.569,11.069,-30.877,-0.273, 0.050, 0.682,-0.311,0.311,0.000, 0.749,-0.203,-0.053;
29.519,10.727,-27.034,11.099,-27.406,-0.277, 0.054, 0.693,-0.282,0.282,0.913, 0.754,-0.203,-0.065;
29.530,10.748,-31.405,11.120,-31.777,-0.280, 0.057, 0.693,-0.319,0.319,0.000, 0.759,-0.203,-0.065;
29.541,20.148,-39.724,20.403,-39.978,-0.284, 0.063, 0.672,-0.312,0.467,-1.826, 0.763,-0.205,-0.044;
29.563,10.757,-12.210,11.012,-12.465,-0.287, 0.066, 0.672,-0.160,0.160,0.000, 0.768,-0.202,-0.044;
29.575,19.027,-17.878,19.334,-18.185,-0.289, 0.070, 0.682,-0.139,0.277,0.727, 0.771,-0.202,-0.053;
29.587,10.711,-28.245,11.019,-28.552,-0.292, 0.073, 0.682,-0.295,0.295,0.000, 0.776,-0.201,-0.053;
29.599,10.705,-27.554,11.024,-27.874,-0.296, 0.077, 0.684,-0.290,0.290,0.175, 0.780,-0.201,-0.055;
29.611,27.689,-26.726,27.996,-27.033,-0.298, 0.082, 0.682,-0.142,0.426,-0.171, 0.783,-0.203,-0.053;
29.623,10.647,-26.700,10.954,-27.008,-0.301, 0.085, 0.682,-0.284,0.284,0.000, 0.787,-0.202,-0.053;
29.636,10.677,-25.915,10.931,-26.170,-0.305, 0.089, 0.672,-0.278,0.278,-0.730, 0.792,-0.202,-0.044;
29.648,10.661,-26.007,10.916,-26.261,-0.308, 0.092, 0.672,-0.280,0.280,0.000, 0.796,-0.202,-0.044;
29.661,18.805,-16.985,19.113,-17.292,-0.310, 0.096, 0.682,-0.137,0.273,0.716, 0.799,-0.201,-0.053;
29.673,19.643,-37.245,19.832,-37.433,-0.313, 0.101, 0.661,-0.300,0.450,-1.772, 0.803,-0.203,-0.033;
29.684,10.570,-28.172,10.825,-28.427,-0.317, 0.104, 0.672,-0.300,0.300,0.985, 0.807,-0.203,-0.044;
29.696,19.629,-19.429,19.936,-19.737,-0.319, 0.108, 0.682,-0.152,0.303,0.795, 0.809,-0.203,-0.053;
29.707,10.570,-28.242,10.825,-28.497,-0.322, 0.111, 0.672,-0.302,0.302,-0.790, 0.814,-0.203,-0.044;
29.719,10.551,-29.400,10.805,-29.655,-0.326, 0.115, 0.672,-0.312,0.312,0.000, 0.818,-0.203,-0.044;
29.730,19.842,-19.977,20.149,-20.285,-0.327, 0.118, 0.682,-0.156,0.312,0.817, 0.820,-0.203,-0.053;
29.741,19.474,-36.507,19.662,-36.696,-0.331, 0.124, 0.661,-0.298,0.447,-1.761, 0.824,-0.204,-0.033;
29.752,20.083,-20.738,20.324,-20.979,-0.332, 0.127, 0.670,-0.161,0.322,0.840, 0.826,-0.205,-0.042;
29.763,10.475,-30.103,10.664,-30.292,-0.336, 0.131, 0.661,-0.320,0.320,-0.835, 0.830,-0.205,-0.033;
29.775,10.412,-26.864,10.667,-27.118,-0.339, 0.134, 0.672,-0.294,0.294,0.966, 0.834,-0.204,-0.044;
29.786,19.926,-38.936,20.115,-39.125,-0.343, 0.139, 0.661,-0.317,0.475,-1.040, 0.838,-0.206,-0.033;
29.807,15.288,-6.268,15.477,-6.457,-0.345, 0.143, 0.661,-0.082,0.164,0.000, 0.841,-0.203,-0.033;
29.818,19.674,-19.545,19.915,-19.786,-0.346, 0.146, 0.670,-0.156,0.313,0.815, 0.843,-0.203,-0.042;
29.830,10.344,-28.326,10.533,-28.514,-0.350, 0.150, 0.661,-0.308,0.308,-0.804, 0.847,-0.203,-0.033;
29.841,10.320,-28.375,10.508,-28.564,-0.353, 0.153, 0.661,-0.310,0.310,0.000, 0.851,-0.203,-0.033;
29.852,28.807,-28.332,28.996,-28.521,-0.355, 0.158, 0.661,-0.155,0.465,0.000, 0.853,-0.205,-0.033;
29.863,10.240,-28.679,10.429,-28.868,-0.359, 0.162, 0.661,-0.313,0.313,0.000, 0.857,-0.205,-0.033;
29.875,10.263,-27.455,10.401,-27.593,-0.362, 0.165, 0.652,-0.304,0.304,-0.775, 0.861,-0.205,-0.024;
29.886,19.614,-19.303,19.803,-19.492,-0.364, 0.169, 0.661,-0.158,0.315,0.803, 0.863,-0.205,-0.033;
29.897,19.045,-35.171,19.167,-35.292,-0.367, 0.174, 0.649,-0.296,0.444,-0.990, 0.866,-0.206,-0.021;
29.908,19.579,-19.224,19.701,-19.345,-0.369, 0.178, 0.649,-0.158,0.316,0.000, 0.868,-0.206,-0.021;
29.930,10.087,-10.431,10.275,-10.620,-0.373, 0.181, 0.661,-0.164,0.164,0.549, 0.872,-0.203,-0.033;
29.941,18.993,-17.559,19.182,-17.747,-0.374, 0.185, 0.661,-0.149,0.299,0.000, 0.874,-0.203,-0.033;
29.953,19.235,-36.559,19.357,-36.681,-0.378, 0.190, 0.649,-0.307,0.461,-1.027, 0.878,-0.205,-0.021;
29.964,10.016,-27.197,10.137,-27.319,-0.381, 0.193, 0.649,-0.306,0.306,0.000, 0.881,-0.205,-0.021;
29.976,18.797,-17.000,18.918,-17.121,-0.383, 0.197, 0.649,-0.148,0.295,0.000, 0.883,-0.204,-0.021;
29.987,9.961,-26.257,10.083,-26.379,-0.386, 0.200, 0.649,-0.299,0.299,0.000, 0.886,-0.204,-0.021;
29.999,9.940,-26.541,10.078,-26.679,-0.390, 0.204, 0.652,-0.302,0.302,0.241, 0.890,-0.204,-0.024;
30.011,27.798,-26.113,27.919,-26.235,-0.392, 0.209, 0.649,-0.150,0.449,-0.238, 0.892,-0.206,-0.021;
30.022,9.891,-26.942,9.961,-27.013,-0.395, 0.212, 0.641,-0.307,0.307,-0.778, 0.895,-0.205,-0.012;
30.033,19.292,-18.609,19.414,-18.731,-0.397, 0.216, 0.649,-0.159,0.317,0.803, 0.897,-0.206,-0.021;
30.044,9.804,-27.557,9.925,-27.679,-0.400, 0.219, 0.649,-0.314,0.314,0.000, 0.900,-0.206,-0.021;
30.055,19.080,-36.398,19.151,-36.469,-0.404, 0.225, 0.641,-0.311,0.466,-0.787, 0.904,-0.207,-0.012;
30.077,14.580,-4.571,14.702,-4.692,-0.406, 0.228, 0.649,-0.082,0.163,0.413, 0.905,-0.204,-0.021;
30.090,9.710,-20.866,9.781,-20.937,-0.409, 0.232, 0.641,-0.259,0.259,-0.657, 0.908,-0.203,-0.012;
30.100,19.636,-19.829,19.758,-19.951,-0.411, 0.235, 0.649,-0.167,0.335,0.848, 0.910,-0.203,-0.021;
30.112,18.677,-34.787,18.680,-34.790,-0.414, 0.240, 0.629,-0.302,0.453,-1.788, 0.913,-0.205,-0.000;
30.124,18.471,-16.493,18.592,-16.615,-0.416, 0.244, 0.649,-0.150,0.299,1.772, 0.915,-0.205,-0.021;
30.135,9.528,-24.923,9.650,-25.045,-0.420, 0.247, 0.649,-0.296,0.296,0.000, 0.918,-0.205,-0.021;
30.147,9.543,-26.161,9.614,-26.232,-0.423, 0.251, 0.641,-0.307,0.307,-0.777, 0.921,-0.205,-0.012;
30.159,17.745,-14.282,17.867,-14.403,-0.425, 0.254, 0.649,-0.139,0.277,0.702, 0.922,-0.204,-0.021;
30.170,19.371,-38.701,19.374,-38.704,-0.428, 0.259, 0.629,-0.331,0.497,-1.959, 0.925,-0.206,-0.000;
30.181,18.293,-16.045,18.346,-16.098,-0.430, 0.263, 0.638,-0.149,0.299,0.751, 0.927,-0.206,-0.009;
30.192,9.398,-26.989,9.400,-26.992,-0.433, 0.266, 0.629,-0.317,0.317,-0.796, 0.930,-0.206,-0.000;
30.203,18.740,-17.508,18.861,-17.629,-0.435, 0.270, 0.649,-0.158,0.317,1.875, 0.931,-0.206,-0.021;
30.215,9.313,-25.748,9.384,-25.819,-0.439, 0.273, 0.641,-0.307,0.307,-0.778, 0.934,-0.206,-0.012;
30.226,27.278,-25.070,27.331,-25.123,-0.440, 0.279, 0.638,-0.151,0.454,-0.264, 0.935,-0.208,-0.009;
30.249,9.198,-7.066,9.201,-7.069,-0.444, 0.282, 0.629,-0.152,0.152,-0.382, 0.938,-0.204,-0.000;
30.259,9.120,-9.663,9.242,-9.784,-0.446, 0.284, 0.649,-0.174,0.174,2.060, 0.939,-0.203,-0.021;
30.269,19.508,-20.015,19.629,-20.137,-0.447, 0.287, 0.649,-0.174,0.348,0.000, 0.940,-0.203,-0.021;
30.284,9.124,-15.934,9.127,-15.936,-0.451, 0.291, 0.629,-0.228,0.228,-1.346, 0.943,-0.202,-0.000;
30.297,17.021,-12.675,17.023,-12.678,-0.453, 0.294, 0.629,-0.134,0.267,0.000, 0.944,-0.201,-0.000;
30.308,9.028,-7.586,9.031,-7.589,-0.454, 0.296, 0.629,-0.158,0.158,0.000, 0.945,-0.200,-0.000;
30.320,17.983,-15.702,17.986,-15.705,-0.456, 0.299, 0.629,-0.151,0.302,0.000, 0.946,-0.200,-0.000;
30.332,8.954,-6.230,8.956,-6.233,-0.458, 0.301, 0.629,-0.147,0.147,0.000, 0.947,-0.198,-0.000;
30.344,25.500,-5.293,25.433,-5.227,-0.458, 0.305, 0.617,0.000,0.279,-0.962, 0.946,-0.197, 0.012;
30.357,8.858,-4.311,8.791,-4.245,-0.460, 0.306, 0.617,-0.131,0.131,0.000, 0.947,-0.195, 0.012;
30.370,8.852,-5.135,8.737,-5.019,-0.461, 0.308, 0.608,-0.138,0.138,-0.673, 0.948,-0.193, 0.020;
30.382,17.603,2.496,17.537,2.562,-0.461, 0.310, 0.617,0.000,0.148,0.722, 0.947,-0.191, 0.012;
30.394,8.802,-6.427,8.616,-6.242,-0.463, 0.312, 0.596,-0.149,0.149,-1.764, 0.948,-0.189, 0.032;
30.406,16.664,3.293,16.479,3.478,-0.463, 0.313, 0.596,0.000,0.134,0.000, 0.947,-0.187, 0.032;
30.418,-0.276,2.299,-0.392,2.414,-0.465, 0.313, 0.608,-0.151,0.000,1.054, 0.948,-0.184, 0.020;
30.430,25.691,11.223,25.555,11.360,-0.463, 0.315, 0.605,0.144,0.144,-0.307, 0.945,-0.182, 0.024;
30.442,0.184,2.691,-0.002,2.876,-0.465, 0.315, 0.596,-0.143,0.000,-0.690, 0.946,-0.178, 0.032;
30.455,16.989,2.760,16.804,2.945,-0.465, 0.317, 0.596,0.000,0.142,0.000, 0.945,-0.176, 0.032;
30.467,16.979,2.662,16.723,2.919,-0.465, 0.319, 0.584,0.000,0.142,-1.009, 0.943,-0.174, 0.044;
30.478,8.544,-6.919,8.241,-6.616,-0.467, 0.320, 0.576,-0.152,0.152,-0.710, 0.944,-0.172, 0.053;
30.490,17.505,1.986,17.130,2.361,-0.467, 0.322, 0.563,0.000,0.153,-1.093, 0.943,-0.171, 0.065;
30.502,16.520,2.810,16.028,3.302,-0.467, 0.324, 0.543,0.000,0.138,-1.609, 0.942,-0.169, 0.085;
30.515,8.424,10.818,7.931,11.310,-0.467, 0.324, 0.543,0.000,0.000,0.000, 0.941,-0.165, 0.085;
30.527,8.397,10.776,7.905,11.268,-0.467, 0.324, 0.543,0.000,0.000,0.000, 0.939,-0.161, 0.085;
30.539,8.370,10.734,7.878,11.226,-0.467, 0.324, 0.543,0.000,0.000,0.000, 0.938,-0.158, 0.085;
30.552,8.342,10.692,7.850,11.184,-0.467, 0.324, 0.543,0.000,0.000,0.000, 0.937,-0.154, 0.085;
30.565,8.312,10.646,7.819,11.139,-0.467, 0.324, 0.543,0.000,0.000,0.000, 0.935,-0.150, 0.085;
30.577,8.283,10.604,7.790,11.096,-0.467, 0.324, 0.543,0.000,0.000,0.000, 0.934,-0.146, 0.085;
30.589,8.254,28.440,7.879,28.815,-0.465, 0.322, 0.563,0.151,-0.151,1.771, 0.931,-0.141, 0.065;
30.600,8.208,10.572,7.833,10.947,-0.465, 0.322, 0.563,0.000,0.000,0.000, 0.930,-0.138, 0.065;
30.613,16.439,18.792,16.065,19.167,-0.463, 0.322, 0.563,0.141,0.000,0.000, 0.926,-0.134, 0.065;
30.626,0.086,18.544,-0.218,18.847,-0.463, 0.320, 0.576,0.000,-0.136,0.975, 0.925,-0.129, 0.053;
30.638,-0.461,19.032,-0.740,19.311,-0.463, 0.319, 0.580,0.000,-0.145,0.355, 0.923,-0.124, 0.048;
30.649,-18.048,19.163,-18.281,19.395,-0.465, 0.315, 0.588,-0.148,-0.296,0.679, 0.924,-0.117, 0.040;
30.662,-25.135,-6.366,-25.431,-6.069,-0.470, 0.313, 0.577,-0.425,-0.142,-0.900, 0.927,-0.111, 0.051;
30.676,-20.121,-18.356,-20.616,-17.862,-0.477, 0.313, 0.543,-0.488,0.000,-2.407, 0.933,-0.107, 0.086;
30.686,-30.737,-29.120,-31.350,-28.508,-0.484, 0.313, 0.522,-0.675,0.000,-1.985, 0.938,-0.104, 0.106;
30.698,-26.205,-24.730,-26.949,-23.987,-0.491, 0.313, 0.499,-0.603,0.000,-1.969, 0.944,-0.101, 0.129;
30.709,-17.152,-15.706,-17.961,-14.896,-0.496, 0.313, 0.488,-0.449,0.000,-0.972, 0.947,-0.098, 0.140;
30.721,8.716,-6.774,7.794,-5.852,-0.498, 0.315, 0.468,-0.147,0.147,-1.655, 0.947,-0.096, 0.160;
30.733,8.686,-6.622,7.654,-5.590,-0.500, 0.317, 0.449,-0.146,0.146,-1.595, 0.947,-0.095, 0.179;
30.745,8.651,-6.742,7.538,-5.630,-0.501, 0.319, 0.435,-0.147,0.147,-1.190, 0.948,-0.093, 0.193;
30.758,8.616,-5.412,7.399,-4.195,-0.503, 0.320, 0.417,-0.135,0.135,-1.414, 0.947,-0.091, 0.211;
30.771,8.576,-4.977,7.257,-3.657,-0.505, 0.322, 0.400,-0.132,0.132,-1.334, 0.947,-0.089, 0.229;
30.783,8.541,-6.203,7.090,-4.752,-0.507, 0.324, 0.377,-0.143,0.143,-1.868, 0.947,-0.088, 0.252;
30.795,8.498,-7.168,6.951,-5.620,-0.508, 0.326, 0.360,-0.152,0.152,-1.460, 0.947,-0.086, 0.268;
30.808,8.451,-5.475,6.774,-3.798,-0.510, 0.327, 0.338,-0.136,0.136,-1.748, 0.947,-0.084, 0.291;
30.823,8.386,-2.927,6.563,-1.105,-0.512, 0.329, 0.312,-0.113,0.113,-1.634, 0.946,-0.082, 0.316;
30.833,8.350,-9.472,6.402,-7.523,-0.514, 0.331, 0.291,-0.174,0.174,-2.184, 0.947,-0.081, 0.338;
30.843,8.298,-9.397,6.210,-7.309,-0.515, 0.332, 0.266,-0.174,0.174,-2.426, 0.947,-0.080, 0.362;
30.853,8.241,-9.324,6.030,-7.113,-0.517, 0.334, 0.245,-0.174,0.174,-2.127, 0.947,-0.079, 0.383;
30.871,8.146,-1.277,5.801,1.068,-0.519, 0.336, 0.222,-0.096,0.096,-1.277, 0.946,-0.076, 0.407;
30.883,8.087,-5.915,5.612,-3.441,-0.520, 0.338, 0.199,-0.142,0.142,-1.832, 0.945,-0.074, 0.429;
30.896,8.029,-5.976,5.491,-3.438,-0.522, 0.339, 0.188,-0.142,0.142,-0.902, 0.945,-0.073, 0.440;
30.908,7.969,-6.229,5.306,-3.567,-0.524, 0.341, 0.167,-0.145,0.145,-1.800, 0.945,-0.071, 0.462;
30.921,7.896,-5.142,5.121,-2.367,-0.526, 0.343, 0.147,-0.134,0.134,-1.513, 0.944,-0.070, 0.481;
30.931,7.846,-8.016,5.004,-5.174,-0.527, 0.345, 0.136,-0.165,0.165,-1.093, 0.944,-0.069, 0.493;
30.943,7.781,-6.398,4.830,-3.447,-0.529, 0.346, 0.117,-0.148,0.148,-1.614, 0.944,-0.067, 0.512;
30.955,7.724,-6.458,4.710,-3.445,-0.531, 0.348, 0.106,-0.149,0.149,-0.925, 0.944,-0.066, 0.523;
30.966,7.674,-6.534,4.605,-3.465,-0.533, 0.350, 0.096,-0.151,0.151,-0.831, 0.943,-0.065, 0.532;
30.977,7.626,-7.016,4.503,-3.892,-0.534, 0.352, 0.087,-0.156,0.156,-0.848, 0.943,-0.064, 0.542;
30.989,7.577,-6.759,4.401,-3.582,-0.536, 0.353, 0.077,-0.154,0.154,-0.822, 0.943,-0.062, 0.551;
31.000,7.530,-7.227,4.296,-3.994,-0.538, 0.355, 0.068,-0.159,0.159,-0.892, 0.942,-0.061, 0.561;
31.011,7.479,-6.402,4.195,-3.117,-0.540, 0.357, 0.059,-0.151,0.151,-0.774, 0.942,-0.060, 0.570;
31.023,7.430,-6.229,4.095,-2.893,-0.541, 0.359, 0.050,-0.149,0.149,-0.754, 0.942,-0.059, 0.578;
31.034,7.384,-7.125,3.999,-3.740,-0.543, 0.360, 0.041,-0.160,0.160,-0.795, 0.941,-0.058, 0.587;
31.045,7.350,-6.735,3.963,-3.348,-0.545, 0.362, 0.041,-0.156,0.156,-0.030, 0.941,-0.057, 0.587;
31.066,7.279,-0.176,3.842,3.261,-0.547, 0.364, 0.032,-0.081,0.081,-0.408, 0.939,-0.053, 0.596;
31.078,7.235,-6.130,3.750,-2.645,-0.548, 0.366, 0.024,-0.150,0.150,-0.709, 0.938,-0.052, 0.604;
31.089,7.201,-6.187,3.715,-2.701,-0.550, 0.367, 0.024,-0.150,0.150,-0.016, 0.937,-0.051, 0.605;
31.101,7.159,-6.021,3.626,-2.489,-0.552, 0.369, 0.016,-0.149,0.149,-0.690, 0.937,-0.050, 0.613;
31.112,7.126,-6.597,3.592,-3.064,-0.554, 0.371, 0.016,-0.156,0.156,-0.011, 0.936,-0.049, 0.613;
31.124,7.084,-6.213,3.505,-2.633,-0.555, 0.373, 0.008,-0.152,0.152,-0.692, 0.936,-0.048, 0.621;
31.135,7.051,-6.412,3.472,-2.832,-0.557, 0.374, 0.008,-0.155,0.155,-0.005, 0.935,-0.047, 0.621;
31.146,7.012,-6.687,3.389,-3.063,-0.559, 0.376, 0.000,-0.158,0.158,-0.694, 0.935,-0.046, 0.628;
31.157,6.980,-6.743,3.356,-3.119,-0.561, 0.378, 0.000,-0.159,0.159,0.000, 0.934,-0.045, 0.628;
31.168,6.951,-6.100,3.328,-2.476,-0.562, 0.379, 0.000,-0.152,0.152,0.000, 0.933,-0.045, 0.628;
31.179,6.924,-6.596,3.300,-2.972,-0.564, 0.381, 0.000,-0.158,0.158,0.000, 0.933,-0.044, 0.628;
31.201,6.855,-0.027,3.189,3.639,-0.566, 0.383,-0.007,-0.081,0.081,-0.342, 0.930,-0.041, 0.636;
31.212,6.826,-6.356,3.161,-2.690,-0.567, 0.385,-0.007,-0.156,0.156,0.005, 0.929,-0.040, 0.636;
31.223,6.787,-6.343,3.080,-2.636,-0.569, 0.386,-0.014,-0.156,0.156,-0.646, 0.929,-0.039, 0.643;
31.234,6.754,-6.115,3.048,-2.409,-0.571, 0.388,-0.014,-0.154,0.154,0.009, 0.928,-0.038, 0.643;
31.246,6.716,-6.243,2.969,-2.496,-0.573, 0.390,-0.021,-0.156,0.156,-0.631, 0.927,-0.037, 0.650;
31.257,6.683,-6.362,2.937,-2.616,-0.574, 0.392,-0.021,-0.158,0.158,0.014, 0.927,-0.037, 0.650;
31.268,6.645,-6.008,2.861,-2.223,-0.576, 0.393,-0.028,-0.154,0.154,-0.592, 0.926,-0.036, 0.656;
31.279,6.604,-6.437,2.780,-2.613,-0.578, 0.395,-0.035,-0.160,0.160,-0.618, 0.925,-0.035, 0.663;
31.290,6.562,-6.327,2.700,-2.465,-0.580, 0.397,-0.041,-0.159,0.159,-0.606, 0.924,-0.035, 0.670;
31.311,6.505,-0.088,2.645,3.772,-0.581, 0.399,-0.041,-0.083,0.083,0.013, 0.921,-0.032, 0.669;
31.323,6.456,-5.416,2.519,-1.479,-0.583, 0.400,-0.054,-0.148,0.148,-1.133, 0.920,-0.031, 0.683;
31.334,6.411,-5.704,2.439,-1.732,-0.585, 0.402,-0.060,-0.152,0.152,-0.522, 0.919,-0.030, 0.689;
31.345,6.370,-5.879,2.363,-1.872,-0.587, 0.404,-0.067,-0.155,0.155,-0.556, 0.918,-0.030, 0.695;
31.357,6.328,-5.246,2.285,-1.203,-0.588, 0.406,-0.073,-0.148,0.147,-0.521, 0.917,-0.029, 0.701;
31.369,6.276,-5.148,2.160,-1.033,-0.590, 0.407,-0.085,-0.147,0.147,-1.062, 0.916,-0.028, 0.714;
31.380,6.233,-5.817,2.087,-1.671,-0.592, 0.409,-0.091,-0.156,0.156,-0.478, 0.915,-0.028, 0.719;
31.392,6.193,-5.316,2.013,-1.136,-0.594, 0.411,-0.096,-0.150,0.150,-0.500, 0.914,-0.027, 0.725;
31.403,6.145,-5.970,1.896,-1.720,-0.595, 0.413,-0.109,-0.159,0.159,-1.102, 0.913,-0.027, 0.737;
31.414,6.103,-5.930,1.822,-1.648,-0.597, 0.414,-0.114,-0.159,0.159,-0.512, 0.912,-0.026, 0.742;
31.425,6.066,-5.540,1.756,-1.230,-0.599, 0.416,-0.119,-0.154,0.154,-0.424, 0.911,-0.026, 0.747;
31.446,5.990,-0.191,1.614,4.185,-0.601, 0.418,-0.131,-0.082,0.082,-0.545, 0.908,-0.023, 0.759;
31.458,5.953,-5.165,1.546,-0.758,-0.602, 0.420,-0.136,-0.150,0.150,-0.457, 0.907,-0.023, 0.764;
31.469,5.916,-5.471,1.479,-1.035,-0.604, 0.421,-0.141,-0.155,0.155,-0.465, 0.906,-0.023, 0.769;
31.480,5.879,-5.237,1.412,-0.771,-0.606, 0.423,-0.146,-0.152,0.152,-0.450, 0.905,-0.022, 0.775;
31.492,5.833,-4.693,1.308,-0.168,-0.608, 0.425,-0.156,-0.145,0.145,-0.841, 0.903,-0.022, 0.785;
31.504,5.795,-5.499,1.242,-0.945,-0.609, 0.426,-0.161,-0.157,0.157,-0.446, 0.902,-0.021, 0.790;
31.515,5.759,-5.118,1.177,-0.537,-0.611, 0.428,-0.166,-0.152,0.152,-0.426, 0.901,-0.021, 0.794;
31.526,5.724,-5.484,1.115,-0.875,-0.613, 0.430,-0.171,-0.158,0.158,-0.436, 0.900,-0.021, 0.799;
31.537,5.690,-5.471,1.053,-0.834,-0.614, 0.432,-0.176,-0.158,0.158,-0.431, 0.899,-0.020, 0.804;
31.548,5.656,-5.432,0.992,-0.769,-0.616, 0.433,-0.180,-0.158,0.158,-0.425, 0.898,-0.020, 0.809;
31.560,5.620,-4.788,0.930,-0.098,-0.618, 0.435,-0.185,-0.149,0.149,-0.396, 0.896,-0.020, 0.813;
31.571,5.579,-5.303,0.830,-0.554,-0.620, 0.437,-0.195,-0.157,0.157,-0.917, 0.895,-0.020, 0.823;
31.593,5.520,-0.147,0.751,4.621,-0.621, 0.439,-0.199,-0.080,0.080,-0.154, 0.891,-0.018, 0.827;
31.604,5.489,-5.105,0.695,-0.311,-0.623, 0.440,-0.203,-0.155,0.155,-0.390, 0.890,-0.018, 0.831;
31.615,5.456,-4.839,0.637,-0.020,-0.625, 0.442,-0.207,-0.151,0.151,-0.376, 0.889,-0.017, 0.836;
31.626,5.423,-5.139,0.580,-0.296,-0.627, 0.444,-0.211,-0.157,0.157,-0.384, 0.888,-0.017, 0.840;
31.638,5.391,-4.815,0.523,0.053,-0.628, 0.446,-0.216,-0.152,0.152,-0.368, 0.886,-0.017, 0.844;
31.650,5.364,-4.404,0.503,0.457,-0.630, 0.447,-0.215,-0.146,0.146,0.098, 0.885,-0.017, 0.843;
31.661,5.336,-5.029,0.451,-0.144,-0.632, 0.449,-0.219,-0.156,0.156,-0.372, 0.883,-0.017, 0.847;
31.673,5.301,-4.446,0.386,0.469,-0.634, 0.451,-0.224,-0.148,0.148,-0.449, 0.882,-0.017, 0.852;
31.684,5.271,-4.766,0.340,0.165,-0.635, 0.453,-0.227,-0.153,0.153,-0.250, 0.881,-0.017, 0.855;
31.695,5.241,-5.401,0.280,-0.439,-0.637, 0.454,-0.232,-0.164,0.164,-0.490, 0.879,-0.017, 0.860;
31.706,5.210,-4.504,0.233,0.473,-0.639, 0.456,-0.235,-0.150,0.150,-0.234, 0.878,-0.017, 0.863;
31.717,5.180,-4.945,0.174,0.062,-0.641, 0.458,-0.240,-0.158,0.158,-0.465, 0.877,-0.017, 0.868;
31.739,5.128,-0.159,0.107,4.862,-0.642, 0.460,-0.242,-0.081,0.081,-0.121, 0.872,-0.016, 0.871;
31.751,5.096,-3.605,0.045,1.445,-0.644, 0.461,-0.248,-0.137,0.137,-0.398, 0.871,-0.016, 0.876;
31.763,5.065,-4.138,-0.008,0.934,-0.646, 0.463,-0.251,-0.146,0.146,-0.315, 0.869,-0.016, 0.880;
31.776,5.035,-3.859,-0.051,1.227,-0.648, 0.465,-0.254,-0.142,0.142,-0.197, 0.867,-0.016, 0.882;
31.787,5.006,-4.369,-0.109,0.746,-0.649, 0.467,-0.259,-0.151,0.151,-0.428, 0.866,-0.016, 0.887;
31.798,4.978,-4.575,-0.150,0.553,-0.651, 0.468,-0.261,-0.154,0.154,-0.204, 0.864,-0.016, 0.889;
31.810,4.950,-4.604,-0.207,0.553,-0.653, 0.470,-0.266,-0.155,0.155,-0.436, 0.863,-0.016, 0.894;
31.821,4.923,-4.699,-0.246,0.470,-0.655, 0.472,-0.268,-0.158,0.158,-0.199, 0.861,-0.017, 0.896;
31.832,4.896,-4.754,-0.301,0.443,-0.656, 0.473,-0.273,-0.159,0.159,-0.440, 0.860,-0.017, 0.901;
31.843,4.870,-4.729,-0.339,0.480,-0.658, 0.475,-0.275,-0.159,0.159,-0.191, 0.859,-0.017, 0.903;
31.854,4.842,-4.491,-0.394,0.745,-0.660, 0.477,-0.280,-0.156,0.156,-0.424, 0.857,-0.018, 0.908;
31.865,0.092,-0.078,-5.129,5.143,-0.661, 0.477,-0.277,-0.161,0.000,0.250, 0.856,-0.016, 0.905;
31.887,4.790,0.004,-0.450,5.244,-0.663, 0.479,-0.280,-0.079,0.079,-0.152, 0.851,-0.015, 0.909;
31.898,0.193,0.082,-5.040,5.314,-0.665, 0.479,-0.279,-0.157,0.000,0.120, 0.850,-0.014, 0.907;
31.909,0.201,0.130,-5.024,5.355,-0.667, 0.479,-0.278,-0.156,0.000,0.119, 0.848,-0.013, 0.906;
31.921,4.754,4.704,-0.471,9.928,-0.667, 0.479,-0.278,0.000,0.000,0.000, 0.845,-0.011, 0.906;
31.933,4.727,-3.533,-0.517,1.711,-0.668, 0.480,-0.281,-0.141,0.141,-0.266, 0.843,-0.012, 0.909;
31.944,4.701,-4.356,-0.561,0.907,-0.670, 0.482,-0.284,-0.155,0.155,-0.290, 0.841,-0.012, 0.912;
31.956,4.675,-4.032,-0.606,1.249,-0.672, 0.484,-0.287,-0.150,0.150,-0.277, 0.840,-0.013, 0.916;
31.967,4.649,-4.161,-0.658,1.146,-0.674, 0.486,-0.292,-0.153,0.153,-0.398, 0.838,-0.013, 0.920;
31.978,4.624,-4.423,-0.693,0.894,-0.675, 0.487,-0.294,-0.158,0.158,-0.162, 0.836,-0.014, 0.922;
31.989,4.600,-4.440,-0.743,0.903,-0.677, 0.489,-0.298,-0.159,0.159,-0.408, 0.835,-0.015, 0.926;
32.000,4.576,-4.434,-0.776,0.919,-0.679, 0.491,-0.300,-0.159,0.159,-0.156, 0.833,-0.015, 0.928;
32.011,4.553,-4.286,-0.825,1.092,-0.681, 0.493,-0.304,-0.157,0.157,-0.398, 0.832,-0.016, 0.933;
32.033,4.507,0.034,-0.880,5.422,-0.682, 0.494,-0.306,-0.080,0.080,-0.075, 0.827,-0.016, 0.934;
32.044,4.484,-3.864,-0.929,1.548,-0.684, 0.496,-0.310,-0.151,0.151,-0.376, 0.825,-0.016, 0.939;
32.056,4.460,-4.125,-0.961,1.296,-0.686, 0.498,-0.312,-0.156,0.156,-0.138, 0.824,-0.017, 0.940;
32.069,4.433,-2.702,-1.013,2.745,-0.688, 0.500,-0.316,-0.130,0.130,-0.321, 0.821,-0.018, 0.944;
32.080,4.410,-4.032,-1.044,1.423,-0.689, 0.501,-0.318,-0.155,0.155,-0.131, 0.820,-0.019, 0.946;
32.092,4.387,-3.785,-1.092,1.694,-0.691, 0.503,-0.322,-0.151,0.151,-0.368, 0.818,-0.019, 0.950;
32.103,4.364,-3.673,-1.124,1.814,-0.693, 0.505,-0.323,-0.150,0.150,-0.120, 0.816,-0.020, 0.951;
32.115,4.340,-3.278,-1.171,2.233,-0.695, 0.507,-0.327,-0.143,0.143,-0.342, 0.814,-0.021, 0.956;
32.127,4.318,-3.858,-1.201,1.661,-0.696, 0.508,-0.329,-0.154,0.154,-0.117, 0.812,-0.022, 0.957;
32.140,4.293,-2.856,-1.241,2.678,-0.698, 0.510,-0.331,-0.136,0.136,-0.211, 0.810,-0.023, 0.960;
32.151,4.272,-3.925,-1.286,1.633,-0.700, 0.512,-0.335,-0.156,0.156,-0.368, 0.809,-0.024, 0.964;
32.162,4.251,-4.037,-1.314,1.528,-0.702, 0.514,-0.337,-0.159,0.159,-0.112, 0.807,-0.025, 0.965;
32.174,4.229,-3.122,-1.360,2.467,-0.703, 0.515,-0.341,-0.142,0.142,-0.330, 0.805,-0.026, 0.969;
32.185,4.207,-3.790,-1.388,1.805,-0.705, 0.517,-0.342,-0.155,0.155,-0.104, 0.803,-0.027, 0.970;
32.196,4.188,-3.812,-1.430,1.807,-0.707, 0.519,-0.346,-0.156,0.156,-0.359, 0.802,-0.028, 0.974;
32.208,4.166,-3.567,-1.458,2.057,-0.708, 0.520,-0.347,-0.152,0.152,-0.096, 0.800,-0.029, 0.975;
32.219,4.146,-3.377,-1.501,2.270,-0.710, 0.522,-0.351,-0.149,0.149,-0.337, 0.798,-0.030, 0.979;
32.241,4.107,0.123,-1.547,5.776,-0.712, 0.524,-0.352,-0.080,0.080,-0.048, 0.793,-0.031, 0.980;
32.253,4.088,-3.326,-1.588,2.349,-0.714, 0.526,-0.356,-0.149,0.149,-0.333, 0.791,-0.032, 0.984;
32.265,4.064,-2.694,-1.617,2.988,-0.715, 0.527,-0.357,-0.137,0.137,-0.078, 0.789,-0.033, 0.985;
32.277,4.046,-3.437,-1.657,2.267,-0.717, 0.529,-0.361,-0.152,0.152,-0.336, 0.787,-0.034, 0.989;
32.289,4.025,-3.213,-1.684,2.496,-0.719, 0.531,-0.362,-0.148,0.148,-0.080, 0.785,-0.035, 0.990;
32.301,4.004,-2.674,-1.718,3.049,-0.721, 0.533,-0.364,-0.138,0.138,-0.186, 0.783,-0.037, 0.992;
32.313,3.985,-3.288,-1.751,2.448,-0.722, 0.534,-0.366,-0.151,0.151,-0.202, 0.781,-0.038, 0.995;
32.325,3.965,-2.891,-1.784,2.858,-0.724, 0.536,-0.369,-0.143,0.143,-0.189, 0.779,-0.039, 0.997;
32.338,3.946,-2.581,-1.825,3.189,-0.726, 0.538,-0.372,-0.137,0.137,-0.294, 0.777,-0.040, 1.001;
32.350,3.925,-2.836,-1.851,2.940,-0.728, 0.540,-0.373,-0.143,0.143,-0.066, 0.775,-0.042, 1.001;
32.362,3.907,-2.661,-1.890,3.136,-0.729, 0.541,-0.377,-0.140,0.140,-0.296, 0.773,-0.043, 1.005;
32.374,3.887,-3.051,-1.914,2.750,-0.731, 0.543,-0.378,-0.148,0.148,-0.065, 0.771,-0.045, 1.006;
32.386,3.871,-3.068,-1.951,2.754,-0.733, 0.545,-0.381,-0.149,0.149,-0.312, 0.769,-0.046, 1.010;
32.399,3.849,-2.238,-1.978,3.588,-0.735, 0.547,-0.382,-0.132,0.132,-0.054, 0.766,-0.048, 1.010;
32.411,3.833,-3.056,-2.014,2.791,-0.736, 0.548,-0.386,-0.150,0.150,-0.310, 0.764,-0.049, 1.014;
32.423,3.813,-2.767,-2.038,3.084,-0.738, 0.550,-0.386,-0.144,0.144,-0.056, 0.762,-0.051, 1.015;
32.434,3.798,-2.986,-2.073,2.885,-0.740, 0.552,-0.390,-0.149,0.149,-0.305, 0.760,-0.052, 1.018;
32.446,3.779,-2.921,-2.096,2.953,-0.742, 0.554,-0.390,-0.149,0.149,-0.054, 0.759,-0.054, 1.019;
32.459,3.762,-2.094,-2.134,3.802,-0.743, 0.555,-0.394,-0.131,0.131,-0.265, 0.756,-0.055, 1.022;
32.473,3.739,-1.784,-2.159,4.115,-0.745, 0.557,-0.395,-0.125,0.125,-0.042, 0.753,-0.057, 1.023;
32.485,3.723,-2.679,-2.187,3.231,-0.747, 0.559,-0.397,-0.145,0.145,-0.168, 0.751,-0.059, 1.025;
32.497,3.711,-2.761,-2.230,3.180,-0.749, 0.561,-0.402,-0.147,0.147,-0.459, 0.749,-0.061, 1.030;
32.509,3.690,-2.925,-2.244,3.008,-0.750, 0.562,-0.401,-0.151,0.151,0.126, 0.748,-0.062, 1.029;
32.520,3.677,-2.654,-2.276,3.299,-0.752, 0.564,-0.404,-0.146,0.146,-0.286, 0.746,-0.064, 1.032;
32.532,7.028,0.491,1.064,6.456,-0.752, 0.566,-0.406,0.000,0.151,-0.169, 0.742,-0.066, 1.034;
32.544,3.636,-2.830,-2.348,3.154,-0.754, 0.567,-0.409,-0.150,0.150,-0.292, 0.740,-0.068, 1.038;
32.556,6.728,0.690,0.733,6.684,-0.754, 0.569,-0.411,0.000,0.141,-0.155, 0.736,-0.070, 1.039;
32.569,3.592,-2.035,-2.421,3.979,-0.755, 0.571,-0.415,-0.133,0.133,-0.256, 0.734,-0.071, 1.043;
32.581,6.769,0.547,0.745,6.572,-0.755, 0.573,-0.416,0.000,0.147,-0.158, 0.730,-0.073, 1.045;
32.594,3.552,-2.208,-2.492,3.835,-0.757, 0.574,-0.420,-0.137,0.137,-0.262, 0.728,-0.075, 1.048;
32.607,3.533,-2.044,-2.513,4.002,-0.759, 0.576,-0.420,-0.134,0.134,-0.027, 0.726,-0.077, 1.048;
32.619,3.519,-2.427,-2.537,3.630,-0.761, 0.578,-0.422,-0.143,0.143,-0.149, 0.723,-0.079, 1.050;
32.631,3.504,-2.141,-2.563,3.926,-0.762, 0.580,-0.424,-0.137,0.137,-0.142, 0.721,-0.081, 1.052;
32.644,3.492,-2.194,-2.594,3.892,-0.764, 0.581,-0.427,-0.139,0.139,-0.259, 0.719,-0.083, 1.055;
32.659,3.471,-1.301,-2.617,4.786,-0.766, 0.583,-0.427,-0.118,0.118,-0.020, 0.716,-0.086, 1.056;
32.669,3.460,-3.636,-2.637,2.461,-0.768, 0.585,-0.429,-0.174,0.174,-0.175, 0.715,-0.088, 1.057;
32.679,3.450,-3.611,-2.658,2.497,-0.769, 0.587,-0.431,-0.174,0.174,-0.173, 0.713,-0.090, 1.059;
32.693,8.267,-1.262,2.123,4.882,-0.769, 0.590,-0.437,0.000,0.235,-0.430, 0.709,-0.094, 1.065;
32.703,3.408,-3.565,-2.746,2.589,-0.771, 0.592,-0.439,-0.174,0.174,-0.168, 0.707,-0.096, 1.067;
32.713,10.403,-3.544,4.213,2.645,-0.771, 0.595,-0.445,0.000,0.348,-0.629, 0.704,-0.100, 1.073;
32.728,3.373,-1.384,-2.835,4.824,-0.773, 0.597,-0.448,-0.121,0.121,-0.217, 0.702,-0.102, 1.076;
32.743,7.850,-1.148,1.615,5.087,-0.773, 0.601,-0.453,0.000,0.229,-0.310, 0.697,-0.106, 1.081;
32.753,3.337,-3.480,-2.916,2.773,-0.775, 0.602,-0.456,-0.174,0.174,-0.309, 0.695,-0.109, 1.084;
32.763,10.021,-3.460,3.741,2.820,-0.775, 0.606,-0.461,0.000,0.348,-0.463, 0.692,-0.113, 1.089;
32.776,3.304,-1.954,-2.993,4.343,-0.776, 0.608,-0.464,-0.135,0.135,-0.237, 0.690,-0.115, 1.092;
32.792,3.284,-0.846,-3.014,5.451,-0.778, 0.609,-0.464,-0.107,0.107,0.000, 0.687,-0.118, 1.092;
32.802,3.280,-3.390,-3.035,2.925,-0.780, 0.611,-0.467,-0.174,0.174,-0.303, 0.685,-0.120, 1.095;
32.812,3.267,-3.364,-3.048,2.951,-0.782, 0.613,-0.467,-0.174,0.174,0.002, 0.684,-0.122, 1.095;
32.825,3.256,-1.881,-3.068,4.443,-0.783, 0.614,-0.468,-0.135,0.135,-0.115, 0.682,-0.125, 1.096;
32.840,3.241,-1.060,-3.091,5.272,-0.785, 0.616,-0.470,-0.114,0.114,-0.096, 0.679,-0.128, 1.098;
32.850,3.234,-3.291,-3.107,3.049,-0.787, 0.618,-0.471,-0.174,0.174,-0.145, 0.678,-0.130, 1.099;
32.861,3.225,-2.786,-3.124,3.562,-0.789, 0.620,-0.472,-0.161,0.161,-0.133, 0.676,-0.133, 1.101;
32.875,3.208,3.210,-3.140,9.558,-0.789, 0.620,-0.472,0.000,0.000,0.000, 0.672,-0.134, 1.101;
32.892,3.197,-0.562,-3.168,5.803,-0.790, 0.621,-0.475,-0.101,0.101,-0.171, 0.668,-0.137, 1.104;
32.910,3.172,3.219,-3.184,9.575,-0.790, 0.621,-0.474,0.000,0.000,0.086, 0.663,-0.138, 1.102;
32.922,3.168,-2.025,-3.206,4.348,-0.792, 0.623,-0.477,-0.142,0.142,-0.238, 0.661,-0.141, 1.105;
32.934,5.871,5.905,-0.502,12.278,-0.790, 0.623,-0.477,0.149,0.000,0.000, 0.656,-0.142, 1.105;
32.945,3.136,-2.652,-3.246,3.730,-0.792, 0.625,-0.478,-0.160,0.160,-0.128, 0.654,-0.144, 1.107;
32.955,3.121,9.573,-3.253,15.946,-0.790, 0.623,-0.477,0.174,-0.174,0.140, 0.649,-0.143, 1.105;
32.965,3.119,-3.173,-3.271,3.217,-0.792, 0.625,-0.480,-0.174,0.174,-0.291, 0.648,-0.146, 1.108;
32.975,6.259,6.309,-0.131,12.699,-0.790, 0.625,-0.480,0.174,0.000,0.000, 0.643,-0.147, 1.108;
32.985,3.097,-3.159,-3.310,3.248,-0.792, 0.627,-0.483,-0.174,0.174,-0.290, 0.642,-0.150, 1.111;
32.995,6.208,6.236,-0.199,12.643,-0.790, 0.627,-0.483,0.174,0.000,0.000, 0.637,-0.151, 1.111;
33.009,5.271,0.845,-1.152,7.268,-0.790, 0.628,-0.486,0.000,0.124,-0.206, 0.633,-0.154, 1.114;
33.024,3.044,3.066,-3.380,9.489,-0.790, 0.628,-0.486,0.000,0.000,0.000, 0.629,-0.155, 1.114;
33.034,3.033,3.072,-3.390,9.496,-0.790, 0.628,-0.486,0.000,0.000,0.000, 0.626,-0.156, 1.114;
33.044,3.028,3.044,-3.404,9.476,-0.790, 0.628,-0.487,0.000,0.000,-0.153, 0.623,-0.157, 1.115;
33.059,4.962,5.005,-1.470,11.438,-0.789, 0.628,-0.487,0.110,0.000,0.000, 0.616,-0.159, 1.115;
33.074,2.992,-1.241,-3.448,5.199,-0.790, 0.630,-0.488,-0.121,0.121,-0.094, 0.614,-0.162, 1.117;
33.084,6.037,6.064,-0.412,12.513,-0.789, 0.630,-0.490,0.174,0.000,-0.153, 0.609,-0.163, 1.118;
33.097,2.970,-1.640,-3.487,4.817,-0.790, 0.632,-0.491,-0.133,0.133,-0.102, 0.607,-0.167, 1.120;
33.110,5.190,5.203,-1.276,11.669,-0.789, 0.632,-0.493,0.129,0.000,-0.114, 0.601,-0.168, 1.121;
33.122,2.953,-2.424,-3.529,4.058,-0.790, 0.634,-0.496,-0.155,0.155,-0.256, 0.600,-0.171, 1.124;
33.132,5.808,11.574,-0.667,18.048,-0.787, 0.632,-0.494,0.333,-0.166,0.126, 0.593,-0.171, 1.123;
33.144,2.922,-2.322,-3.560,4.160,-0.789, 0.634,-0.496,-0.152,0.152,-0.116, 0.592,-0.174, 1.124;
33.159,4.785,4.780,-1.706,11.271,-0.787, 0.634,-0.497,0.110,0.000,-0.098, 0.586,-0.176, 1.126;
