0.000,0.000,0.000,0.000,0.000, 0.000, 0.000, 0.000,0.000,0.000,0.000, 0.000, 0.000, 0.000;
0.014,0.832,-0.180,-0.184,0.836, 0.089, 0.007,-0.754,0.000,0.000,0.000, 0.411,-0.002, 1.383;
0.024,0.835,-0.182,-0.181,0.834, 0.089, 0.007,-0.754,0.000,0.000,0.000, 0.411, 0.001, 1.383;
0.036,0.838,-0.185,-0.178,0.831, 0.089, 0.007,-0.754,0.000,0.000,0.000, 0.411, 0.005, 1.383;
0.048,0.841,-0.188,-0.175,0.828, 0.089, 0.007,-0.754,0.000,0.000,0.000, 0.410, 0.008, 1.383;
0.051,0.842,-0.189,-0.174,0.827, 0.089, 0.007,-0.754,0.000,0.000,0.000, 0.410, 0.009, 1.383;
0.072,0.847,-0.195,-0.169,0.821, 0.089, 0.007,-0.754,0.000,0.000,0.000, 0.410, 0.016, 1.383;
0.085,0.850,-0.198,-0.166,0.818, 0.089, 0.007,-0.754,0.000,0.000,0.000, 0.410, 0.020, 1.383;
0.096,0.852,-0.201,-0.164,0.815, 0.089, 0.007,-0.754,0.000,0.000,0.000, 0.410, 0.023, 1.383;
0.109,0.855,-0.204,-0.161,0.811, 0.089, 0.007,-0.754,0.000,0.000,0.000, 0.410, 0.027, 1.383;
0.122,0.858,-0.208,-0.157,0.808, 0.089, 0.007,-0.754,0.000,0.000,0.000, 0.409, 0.032, 1.383;
0.134,0.861,-0.211,-0.155,0.805, 0.089, 0.007,-0.754,0.000,0.000,0.000, 0.409, 0.035, 1.383;
0.146,0.864,-0.215,-0.152,0.801, 0.089, 0.007,-0.754,0.000,0.000,0.000, 0.409, 0.039, 1.383;
0.158,0.867,-0.218,-0.149,0.798, 0.089, 0.007,-0.754,0.000,0.000,0.000, 0.408, 0.043, 1.383;
0.170,0.869,-0.221,-0.147,0.795, 0.089, 0.007,-0.754,0.000,0.000,0.000, 0.408, 0.047, 1.383;
0.174,0.870,-0.222,-0.146,0.794, 0.089, 0.007,-0.754,0.000,0.000,0.000, 0.408, 0.048, 1.383;
0.186,0.873,-0.225,-0.143,0.790, 0.089, 0.007,-0.754,0.000,0.000,0.000, 0.407, 0.051, 1.383;
0.208,0.878,-0.232,-0.138,0.784, 0.089, 0.007,-0.754,0.000,0.000,0.000, 0.406, 0.058, 1.383;
0.211,0.878,-0.233,-0.138,0.783, 0.089, 0.007,-0.754,0.000,0.000,0.000, 0.406, 0.059, 1.383;
0.222,0.881,-0.236,-0.135,0.780, 0.089, 0.007,-0.754,0.000,0.000,0.000, 0.406, 0.063, 1.383;
0.244,0.885,-0.242,-0.130,0.774, 0.089, 0.007,-0.754,0.000,0.000,0.000, 0.405, 0.070, 1.383;
0.256,0.888,-0.245,-0.128,0.770, 0.089, 0.007,-0.754,0.000,0.000,0.000, 0.404, 0.073, 1.383;
0.268,0.890,-0.249,-0.126,0.767, 0.089, 0.007,-0.754,0.000,0.000,0.000, 0.404, 0.077, 1.383;
0.279,0.893,-0.252,-0.123,0.764, 0.089, 0.007,-0.754,0.000,0.000,0.000, 0.403, 0.080, 1.383;
0.290,0.895,-0.255,-0.121,0.760, 0.089, 0.007,-0.754,0.000,0.000,0.000, 0.402, 0.084, 1.383;
0.302,0.897,-0.259,-0.119,0.757, 0.089, 0.007,-0.754,0.000,0.000,0.000, 0.402, 0.088, 1.383;
0.314,0.900,-0.262,-0.116,0.753, 0.089, 0.007,-0.754,0.000,0.000,0.000, 0.401, 0.091, 1.383;
0.326,0.902,-0.266,-0.114,0.750, 0.089, 0.007,-0.754,0.000,0.000,0.000, 0.400, 0.095, 1.383;
0.338,0.904,-0.269,-0.112,0.746, 0.089, 0.007,-0.754,0.000,0.000,0.000, 0.400, 0.099, 1.383;
0.349,0.906,-0.273,-0.110,0.743, 0.089, 0.007,-0.754,0.000,0.000,0.000, 0.399, 0.102, 1.383;
0.361,0.909,-0.276,-0.107,0.740, 0.089, 0.007,-0.754,0.000,0.000,0.000, 0.398, 0.106, 1.383;
0.372,0.911,-0.280,-0.105,0.736, 0.089, 0.007,-0.754,0.000,0.000,0.000, 0.397, 0.109, 1.383;
0.384,0.913,-0.283,-0.103,0.733, 0.089, 0.007,-0.754,0.000,0.000,0.000, 0.396, 0.113, 1.383;
0.395,0.915,-0.287,-0.101,0.729, 0.089, 0.007,-0.754,0.000,0.000,0.000, 0.395, 0.116, 1.383;
0.407,0.917,-0.290,-0.099,0.726, 0.089, 0.007,-0.754,0.000,0.000,0.000, 0.394, 0.120, 1.383;
0.418,0.919,-0.294,-0.097,0.722, 0.089, 0.007,-0.754,0.000,0.000,0.000, 0.394, 0.123, 1.383;
0.440,0.923,-0.301,-0.093,0.715, 0.089, 0.007,-0.754,0.000,0.000,0.000, 0.392, 0.130, 1.383;
0.453,0.925,-0.305,-0.091,0.711, 0.089, 0.007,-0.754,0.000,0.000,0.000, 0.391, 0.134, 1.383;
0.464,0.927,-0.308,-0.089,0.708, 0.089, 0.007,-0.754,0.000,0.000,0.000, 0.390, 0.137, 1.383;
0.476,0.929,-0.312,-0.087,0.704, 0.089, 0.007,-0.754,0.000,0.000,0.000, 0.389, 0.141, 1.383;
0.488,0.931,-0.316,-0.085,0.700, 0.089, 0.007,-0.754,0.000,0.000,0.000, 0.387, 0.144, 1.383;
0.499,0.933,-0.319,-0.083,0.697, 0.089, 0.007,-0.754,0.000,0.000,0.000, 0.386, 0.148, 1.383;
0.511,0.935,-0.323,-0.081,0.693, 0.089, 0.007,-0.754,0.000,0.000,0.000, 0.385, 0.151, 1.383;
0.522,0.936,-0.326,-0.079,0.689, 0.089, 0.007,-0.754,0.000,0.000,0.000, 0.384, 0.154, 1.383;
0.534,0.938,-0.330,-0.078,0.685, 0.089, 0.007,-0.754,0.000,0.000,0.000, 0.383, 0.158, 1.383;
0.546,0.940,-0.334,-0.076,0.682, 0.089, 0.007,-0.754,0.000,0.000,0.000, 0.382, 0.161, 1.383;
0.557,0.942,-0.338,-0.074,0.678, 0.089, 0.007,-0.754,0.000,0.000,0.000, 0.380, 0.165, 1.383;
0.568,0.943,-0.341,-0.072,0.675, 0.089, 0.007,-0.754,0.000,0.000,0.000, 0.379, 0.168, 1.383;
0.580,0.945,-0.345,-0.071,0.671, 0.089, 0.007,-0.754,0.000,0.000,0.000, 0.378, 0.171, 1.383;
0.590,0.947,-0.349,-0.069,0.667, 0.089, 0.007,-0.754,0.000,0.000,0.000, 0.377, 0.175, 1.383;
0.602,0.948,-0.352,-0.068,0.664, 0.089, 0.007,-0.754,0.000,0.000,0.000, 0.375, 0.178, 1.383;
0.623,0.951,-0.359,-0.065,0.657, 0.089, 0.007,-0.754,0.000,0.000,0.000, 0.373, 0.184, 1.383;
0.635,0.953,-0.363,-0.063,0.653, 0.089, 0.007,-0.754,0.000,0.000,0.000, 0.371, 0.187, 1.383;
0.647,0.954,-0.367,-0.061,0.649, 0.089, 0.007,-0.754,0.000,0.000,0.000, 0.370, 0.191, 1.383;
0.659,0.956,-0.371,-0.060,0.645, 0.089, 0.007,-0.754,0.000,0.000,0.000, 0.368, 0.194, 1.383;
0.670,0.957,-0.375,-0.058,0.641, 0.089, 0.007,-0.754,0.000,0.000,0.000, 0.367, 0.198, 1.383;
0.682,0.959,-0.379,-0.057,0.637, 0.089, 0.007,-0.754,0.000,0.000,0.000, 0.366, 0.201, 1.383;
0.693,0.960,-0.382,-0.056,0.633, 0.089, 0.007,-0.754,0.000,0.000,0.000, 0.364, 0.204, 1.383;
0.704,0.962,-0.386,-0.054,0.630, 0.089, 0.007,-0.754,0.000,0.000,0.000, 0.363, 0.207, 1.383;
0.716,0.963,-0.390,-0.053,0.626, 0.089, 0.007,-0.754,0.000,0.000,0.000, 0.361, 0.211, 1.383;
0.727,0.964,-0.394,-0.052,0.622, 0.089, 0.007,-0.754,0.000,0.000,0.000, 0.360, 0.214, 1.383;
0.738,0.966,-0.398,-0.050,0.618, 0.089, 0.007,-0.754,0.000,0.000,0.000, 0.358, 0.217, 1.383;
0.749,0.967,-0.401,-0.049,0.615, 0.089, 0.007,-0.754,0.000,0.000,0.000, 0.356, 0.220, 1.383;
0.761,0.968,-0.405,-0.048,0.611, 0.089, 0.007,-0.754,0.000,0.000,0.000, 0.355, 0.223, 1.383;
0.772,0.969,-0.409,-0.047,0.607, 0.089, 0.007,-0.754,0.000,0.000,0.000, 0.353, 0.227, 1.383;
0.794,0.971,-0.417,-0.044,0.599, 0.089, 0.007,-0.754,0.000,0.000,0.000, 0.350, 0.233, 1.383;
0.806,0.973,-0.421,-0.043,0.595, 0.089, 0.007,-0.754,0.000,0.000,0.000, 0.348, 0.236, 1.383;
0.812,0.973,-0.423,-0.043,0.593, 0.089, 0.007,-0.754,0.000,0.000,0.000, 0.347, 0.237, 1.383;
0.823,0.974,-0.426,-0.042,0.590, 0.089, 0.007,-0.754,0.000,0.000,0.000, 0.345, 0.240, 1.383;
0.834,0.975,-0.430,-0.041,0.586, 0.089, 0.007,-0.754,0.000,0.000,0.000, 0.344, 0.243, 1.383;
0.855,0.977,-0.438,-0.039,0.578, 0.089, 0.007,-0.754,0.000,0.000,0.000, 0.340, 0.249, 1.383;
0.867,0.978,-0.442,-0.038,0.574, 0.089, 0.007,-0.754,0.000,0.000,0.000, 0.338, 0.252, 1.383;
0.879,0.979,-0.446,-0.037,0.570, 0.089, 0.007,-0.754,0.000,0.000,0.000, 0.336, 0.256, 1.383;
0.890,0.980,-0.450,-0.036,0.566, 0.089, 0.007,-0.754,0.000,0.000,0.000, 0.335, 0.259, 1.383;
0.903,0.981,-0.454,-0.035,0.562, 0.089, 0.007,-0.754,0.000,0.000,0.000, 0.332, 0.262, 1.383;
0.908,0.981,-0.456,-0.034,0.560, 0.089, 0.007,-0.754,0.000,0.000,0.000, 0.332, 0.263, 1.383;
0.919,0.982,-0.460,-0.034,0.556, 0.089, 0.007,-0.754,0.000,0.000,0.000, 0.330, 0.266, 1.383;
0.941,0.984,-0.467,-0.032,0.549, 0.089, 0.007,-0.754,0.000,0.000,0.000, 0.326, 0.272, 1.383;
0.953,0.985,-0.472,-0.031,0.544, 0.089, 0.007,-0.754,0.000,0.000,0.000, 0.324, 0.275, 1.383;
0.965,0.985,-0.476,-0.030,0.540, 0.089, 0.007,-0.754,0.000,0.000,0.000, 0.322, 0.278, 1.383;
0.977,0.986,-0.480,-0.030,0.536, 0.089, 0.007,-0.754,0.000,0.000,0.000, 0.319, 0.281, 1.383;
0.989,0.987,-0.484,-0.029,0.532, 0.089, 0.007,-0.754,0.000,0.000,0.000, 0.317, 0.284, 1.383;
1.001,0.988,-0.488,-0.028,0.528, 0.089, 0.007,-0.754,0.000,0.000,0.000, 0.315, 0.287, 1.383;
1.013,0.988,-0.493,-0.028,0.523, 0.089, 0.007,-0.754,0.000,0.000,0.000, 0.313, 0.291, 1.383;
1.025,0.989,-0.497,-0.027,0.519, 0.089, 0.007,-0.754,0.000,0.000,0.000, 0.310, 0.294, 1.383;
1.038,0.989,-0.501,-0.026,0.514, 0.089, 0.007,-0.754,0.000,0.000,0.000, 0.308, 0.297, 1.383;
1.051,0.990,-0.506,-0.026,0.510, 0.089, 0.007,-0.754,0.000,0.000,0.000, 0.306, 0.300, 1.383;
1.064,0.991,-0.510,-0.025,0.506, 0.089, 0.007,-0.754,0.000,0.000,0.000, 0.303, 0.303, 1.383;
1.076,0.991,-0.515,-0.025,0.501, 0.089, 0.007,-0.754,0.000,0.000,0.000, 0.301, 0.306, 1.383;
1.088,0.991,-0.519,-0.024,0.497, 0.089, 0.007,-0.754,0.000,0.000,0.000, 0.298, 0.309, 1.383;
1.101,0.992,-0.523,-0.024,0.492, 0.089, 0.007,-0.754,0.000,0.000,0.000, 0.296, 0.312, 1.383;
1.105,0.992,-0.525,-0.024,0.491, 0.089, 0.007,-0.754,0.000,0.000,0.000, 0.295, 0.313, 1.383;
1.116,0.992,-0.529,-0.024,0.487, 0.089, 0.007,-0.754,0.000,0.000,0.000, 0.293, 0.316, 1.383;
1.127,0.993,-0.533,-0.023,0.483, 0.089, 0.007,-0.754,0.000,0.000,0.000, 0.291, 0.319, 1.383;
1.149,0.993,-0.541,-0.023,0.475, 0.089, 0.007,-0.754,0.000,0.000,0.000, 0.286, 0.324, 1.383;
1.161,0.993,-0.545,-0.022,0.471, 0.089, 0.007,-0.754,0.000,0.000,0.000, 0.283, 0.327, 1.383;
1.173,0.994,-0.549,-0.022,0.467, 0.089, 0.007,-0.754,0.000,0.000,0.000, 0.281, 0.329, 1.383;
1.176,0.994,-0.550,-0.022,0.466, 0.089, 0.007,-0.754,0.000,0.000,0.000, 0.280, 0.330, 1.383;
1.199,0.994,-0.558,-0.022,0.458, 0.089, 0.007,-0.754,0.000,0.000,0.000, 0.275, 0.335, 1.383;
1.204,0.994,-0.560,-0.022,0.456, 0.089, 0.007,-0.754,0.000,0.000,0.000, 0.274, 0.336, 1.383;
1.213,0.994,-0.563,-0.022,0.452, 0.089, 0.007,-0.754,0.000,0.000,0.000, 0.272, 0.339, 1.383;
1.235,0.994,-0.571,-0.022,0.445, 0.089, 0.007,-0.754,0.000,0.000,0.000, 0.268, 0.343, 1.383;
1.239,0.994,-0.573,-0.022,0.443, 0.089, 0.007,-0.754,0.000,0.000,0.000, 0.267, 0.344, 1.383;
1.250,0.994,-0.576,-0.022,0.439, 0.089, 0.007,-0.754,0.000,0.000,0.000, 0.264, 0.347, 1.383;
1.272,0.994,-0.584,-0.022,0.432, 0.089, 0.007,-0.754,0.000,0.000,0.000, 0.259, 0.352, 1.383;
1.275,0.994,-0.585,-0.022,0.431, 0.089, 0.007,-0.754,0.000,0.000,0.000, 0.259, 0.352, 1.383;
1.286,0.994,-0.589,-0.022,0.426, 0.089, 0.007,-0.754,0.000,0.000,0.000, 0.256, 0.355, 1.383;
1.308,0.994,-0.597,-0.022,0.419, 0.089, 0.007,-0.754,0.000,0.000,0.000, 0.251, 0.360, 1.383;
1.311,0.994,-0.598,-0.022,0.418, 0.089, 0.007,-0.754,0.000,0.000,0.000, 0.250, 0.360, 1.383;
1.322,0.994,-0.602,-0.022,0.414, 0.089, 0.007,-0.754,0.000,0.000,0.000, 0.248, 0.363, 1.383;
1.344,0.993,-0.610,-0.023,0.406, 0.089, 0.007,-0.754,0.000,0.000,0.000, 0.243, 0.367, 1.383;
1.357,0.993,-0.614,-0.023,0.401, 0.089, 0.007,-0.754,0.000,0.000,0.000, 0.240, 0.370, 1.383;
1.370,0.993,-0.619,-0.023,0.397, 0.089, 0.007,-0.754,0.000,0.000,0.000, 0.237, 0.372, 1.383;
1.381,0.992,-0.623,-0.024,0.393, 0.089, 0.007,-0.754,0.000,0.000,0.000, 0.234, 0.375, 1.383;
1.393,0.992,-0.627,-0.024,0.389, 0.089, 0.007,-0.754,0.000,0.000,0.000, 0.231, 0.377, 1.383;
1.405,0.991,-0.631,-0.024,0.384, 0.089, 0.007,-0.754,0.000,0.000,0.000, 0.228, 0.380, 1.383;
1.418,0.991,-0.636,-0.025,0.380, 0.089, 0.007,-0.754,0.000,0.000,0.000, 0.225, 0.382, 1.383;
1.430,0.991,-0.640,-0.025,0.376, 0.089, 0.007,-0.754,0.000,0.000,0.000, 0.222, 0.384, 1.383;
1.442,0.990,-0.645,-0.026,0.371, 0.089, 0.007,-0.754,0.000,0.000,0.000, 0.219, 0.387, 1.383;
1.455,0.989,-0.649,-0.026,0.367, 0.089, 0.007,-0.754,0.000,0.000,0.000, 0.216, 0.389, 1.383;
1.460,0.989,-0.651,-0.027,0.365, 0.089, 0.007,-0.754,0.000,0.000,0.000, 0.215, 0.390, 1.383;
1.471,0.989,-0.655,-0.027,0.361, 0.089, 0.007,-0.754,0.000,0.000,0.000, 0.212, 0.392, 1.383;
1.482,0.988,-0.659,-0.028,0.357, 0.089, 0.007,-0.754,0.000,0.000,0.000, 0.209, 0.395, 1.383;
1.494,0.987,-0.663,-0.028,0.353, 0.089, 0.007,-0.754,0.000,0.000,0.000, 0.206, 0.397, 1.383;
1.516,0.986,-0.671,-0.030,0.345, 0.089, 0.007,-0.754,0.000,0.000,0.000, 0.201, 0.401, 1.383;
1.527,0.985,-0.675,-0.030,0.341, 0.089, 0.007,-0.754,0.000,0.000,0.000, 0.198, 0.403, 1.383;
1.539,0.985,-0.679,-0.031,0.337, 0.089, 0.007,-0.754,0.000,0.000,0.000, 0.195, 0.405, 1.383;
1.553,0.984,-0.684,-0.032,0.332, 0.089, 0.007,-0.754,0.000,0.000,0.000, 0.191, 0.407, 1.383;
1.558,0.984,-0.685,-0.032,0.331, 0.089, 0.007,-0.754,0.000,0.000,0.000, 0.190, 0.408, 1.383;
1.569,0.983,-0.689,-0.033,0.327, 0.089, 0.007,-0.754,0.000,0.000,0.000, 0.187, 0.410, 1.383;
1.580,0.982,-0.693,-0.034,0.323, 0.089, 0.007,-0.754,0.000,0.000,0.000, 0.184, 0.412, 1.383;
1.592,0.981,-0.697,-0.035,0.319, 0.089, 0.007,-0.754,0.000,0.000,0.000, 0.181, 0.414, 1.383;
1.614,0.979,-0.705,-0.037,0.311, 0.089, 0.007,-0.754,0.000,0.000,0.000, 0.175, 0.418, 1.383;
1.619,0.979,-0.706,-0.037,0.309, 0.089, 0.007,-0.754,0.000,0.000,0.000, 0.174, 0.419, 1.383;
1.628,0.978,-0.710,-0.038,0.306, 0.089, 0.007,-0.754,0.000,0.000,0.000, 0.171, 0.420, 1.383;
1.650,0.976,-0.717,-0.040,0.298, 0.089, 0.007,-0.754,0.000,0.000,0.000, 0.165, 0.424, 1.383;
1.655,0.976,-0.719,-0.040,0.297, 0.089, 0.007,-0.754,0.000,0.000,0.000, 0.164, 0.424, 1.383;
1.666,0.975,-0.723,-0.041,0.293, 0.089, 0.007,-0.754,0.000,0.000,0.000, 0.161, 0.426, 1.383;
1.688,0.973,-0.730,-0.043,0.286, 0.089, 0.007,-0.754,0.000,0.000,0.000, 0.155, 0.430, 1.383;
1.691,0.972,-0.731,-0.044,0.285, 0.089, 0.007,-0.754,0.000,0.000,0.000, 0.154, 0.430, 1.383;
1.702,0.971,-0.735,-0.045,0.281, 0.089, 0.007,-0.754,0.000,0.000,0.000, 0.151, 0.432, 1.383;
1.714,0.970,-0.739,-0.046,0.277, 0.089, 0.007,-0.754,0.000,0.000,0.000, 0.148, 0.434, 1.383;
1.736,0.968,-0.747,-0.048,0.269, 0.089, 0.007,-0.754,0.000,0.000,0.000, 0.142, 0.437, 1.383;
1.749,0.966,-0.751,-0.050,0.265, 0.089, 0.007,-0.754,0.000,0.000,0.000, 0.138, 0.439, 1.383;
1.754,0.966,-0.753,-0.050,0.263, 0.089, 0.007,-0.754,0.000,0.000,0.000, 0.137, 0.439, 1.383;
1.763,0.965,-0.756,-0.051,0.260, 0.089, 0.007,-0.754,0.000,0.000,0.000, 0.134, 0.441, 1.383;
1.785,0.962,-0.763,-0.054,0.253, 0.089, 0.007,-0.754,0.000,0.000,0.000, 0.128, 0.444, 1.383;
1.789,0.962,-0.765,-0.054,0.251, 0.089, 0.007,-0.754,0.000,0.000,0.000, 0.127, 0.444, 1.383;
1.801,0.960,-0.768,-0.056,0.247, 0.089, 0.007,-0.754,0.000,0.000,0.000, 0.123, 0.446, 1.383;
1.812,0.959,-0.772,-0.057,0.243, 0.089, 0.007,-0.754,0.000,0.000,0.000, 0.120, 0.447, 1.383;
1.824,0.957,-0.776,-0.058,0.240, 0.089, 0.007,-0.754,0.000,0.000,0.000, 0.117, 0.449, 1.383;
1.845,0.955,-0.783,-0.061,0.233, 0.089, 0.007,-0.754,0.000,0.000,0.000, 0.111, 0.452, 1.383;
1.856,0.953,-0.787,-0.063,0.229, 0.089, 0.007,-0.754,0.000,0.000,0.000, 0.107, 0.453, 1.383;
1.868,0.952,-0.791,-0.064,0.225, 0.089, 0.007,-0.754,0.000,0.000,0.000, 0.104, 0.454, 1.383;
1.880,0.950,-0.795,-0.066,0.221, 0.089, 0.007,-0.754,0.000,0.000,0.000, 0.101, 0.456, 1.383;
1.892,0.948,-0.799,-0.068,0.217, 0.089, 0.007,-0.754,0.000,0.000,0.000, 0.097, 0.457, 1.383;
1.904,0.947,-0.803,-0.069,0.213, 0.089, 0.007,-0.754,0.000,0.000,0.000, 0.094, 0.459, 1.383;
1.916,0.945,-0.807,-0.071,0.209, 0.089, 0.007,-0.754,0.000,0.000,0.000, 0.090, 0.460, 1.383;
1.929,0.943,-0.811,-0.073,0.205, 0.089, 0.007,-0.754,0.000,0.000,0.000, 0.086, 0.461, 1.383;
1.941,0.941,-0.815,-0.075,0.201, 0.089, 0.007,-0.754,0.000,0.000,0.000, 0.083, 0.463, 1.383;
1.953,0.939,-0.818,-0.077,0.197, 0.089, 0.007,-0.754,0.000,0.000,0.000, 0.079, 0.464, 1.383;
1.965,0.938,-0.822,-0.078,0.194, 0.089, 0.007,-0.754,0.000,0.000,0.000, 0.076, 0.465, 1.383;
1.976,0.936,-0.826,-0.080,0.190, 0.089, 0.007,-0.754,0.000,0.000,0.000, 0.072, 0.466, 1.383;
1.988,0.934,-0.830,-0.082,0.186, 0.089, 0.007,-0.754,0.000,0.000,0.000, 0.069, 0.468, 1.383;
2.002,0.932,-0.834,-0.084,0.182, 0.089, 0.007,-0.754,0.000,0.000,0.000, 0.065, 0.469, 1.383;
2.015,0.930,-0.838,-0.086,0.178, 0.089, 0.007,-0.754,0.000,0.000,0.000, 0.061, 0.470, 1.383;
2.027,0.928,-0.842,-0.088,0.174, 0.089, 0.007,-0.754,0.000,0.000,0.000, 0.057, 0.471, 1.383;
2.039,0.925,-0.846,-0.090,0.170, 0.089, 0.007,-0.754,0.000,0.000,0.000, 0.054, 0.472, 1.383;
2.051,0.923,-0.849,-0.092,0.166, 0.089, 0.007,-0.754,0.000,0.000,0.000, 0.050, 0.474, 1.383;
2.064,0.921,-0.854,-0.095,0.162, 0.089, 0.007,-0.754,0.000,0.000,0.000, 0.046, 0.475, 1.383;
2.076,0.919,-0.857,-0.097,0.159, 0.089, 0.007,-0.754,0.000,0.000,0.000, 0.042, 0.476, 1.383;
2.088,0.917,-0.861,-0.099,0.155, 0.089, 0.007,-0.754,0.000,0.000,0.000, 0.039, 0.477, 1.383;
2.100,0.915,-0.865,-0.101,0.151, 0.089, 0.007,-0.754,0.000,0.000,0.000, 0.035, 0.478, 1.383;
2.113,0.912,-0.868,-0.104,0.147, 0.089, 0.007,-0.754,0.000,0.000,0.000, 0.031, 0.479, 1.383;
2.125,0.910,-0.872,-0.106,0.144, 0.089, 0.007,-0.754,0.000,0.000,0.000, 0.027, 0.479, 1.383;
2.137,0.908,-0.876,-0.108,0.140, 0.089, 0.007,-0.754,0.000,0.000,0.000, 0.024, 0.480, 1.383;
2.149,0.906,-0.879,-0.110,0.136, 0.089, 0.007,-0.754,0.000,0.000,0.000, 0.020, 0.481, 1.383;
2.161,0.903,-0.883,-0.113,0.133, 0.089, 0.007,-0.754,0.000,0.000,0.000, 0.017, 0.482, 1.383;
2.172,0.901,-0.886,-0.115,0.130, 0.089, 0.007,-0.754,0.000,0.000,0.000, 0.013, 0.483, 1.383;
2.184,0.899,-0.890,-0.117,0.126, 0.089, 0.007,-0.754,0.000,0.000,0.000, 0.009, 0.484, 1.383;
2.196,0.896,-0.893,-0.120,0.122, 0.089, 0.007,-0.754,0.000,0.000,0.000, 0.006, 0.484, 1.383;
2.208,0.894,-0.897,-0.122,0.119, 0.089, 0.007,-0.754,0.000,0.000,0.000, 0.002, 0.485, 1.383;
2.220,0.892,-0.900,-0.124,0.116, 0.089, 0.007,-0.754,0.000,0.000,0.000,-0.002, 0.486, 1.383;
2.230,0.889,-0.903,-0.127,0.112, 0.089, 0.007,-0.754,0.000,0.000,0.000,-0.005, 0.486, 1.383;
2.242,0.887,-0.907,-0.129,0.109, 0.089, 0.007,-0.754,0.000,0.000,0.000,-0.008, 0.487, 1.383;
2.252,0.885,-0.910,-0.131,0.106, 0.089, 0.007,-0.754,0.000,0.000,0.000,-0.012, 0.487, 1.383;
2.274,0.880,-0.916,-0.136,0.100, 0.089, 0.007,-0.754,0.000,0.000,0.000,-0.018, 0.488, 1.383;
2.285,0.878,-0.919,-0.138,0.097, 0.089, 0.007,-0.754,0.000,0.000,0.000,-0.022, 0.489, 1.383;
2.297,0.875,-0.922,-0.141,0.094, 0.089, 0.007,-0.754,0.000,0.000,0.000,-0.026, 0.489, 1.383;
2.308,0.873,-0.925,-0.143,0.090, 0.089, 0.007,-0.754,0.000,0.000,0.000,-0.029, 0.490, 1.383;
2.319,0.870,-0.929,-0.146,0.087, 0.089, 0.007,-0.754,0.000,0.000,0.000,-0.033, 0.490, 1.383;
2.330,0.868,-0.932,-0.148,0.084, 0.089, 0.007,-0.754,0.000,0.000,0.000,-0.036, 0.490, 1.383;
2.341,0.865,-0.935,-0.151,0.081, 0.089, 0.007,-0.754,0.000,0.000,0.000,-0.039, 0.491, 1.383;
2.353,0.863,-0.938,-0.153,0.078, 0.089, 0.007,-0.754,0.000,0.000,0.000,-0.043, 0.491, 1.383;
2.364,0.860,-0.941,-0.156,0.075, 0.089, 0.007,-0.754,0.000,0.000,0.000,-0.047, 0.491, 1.383;
2.375,0.858,-0.944,-0.158,0.072, 0.089, 0.007,-0.754,0.000,0.000,0.000,-0.050, 0.492, 1.383;
2.386,0.855,-0.947,-0.161,0.069, 0.089, 0.007,-0.754,0.000,0.000,0.000,-0.054, 0.492, 1.383;
2.407,0.850,-0.953,-0.166,0.063, 0.089, 0.007,-0.754,0.000,0.000,0.000,-0.060, 0.492, 1.383;
2.419,0.847,-0.956,-0.169,0.060, 0.089, 0.007,-0.754,0.000,0.000,0.000,-0.064, 0.493, 1.383;
2.430,0.845,-0.959,-0.171,0.057, 0.089, 0.007,-0.754,0.000,0.000,0.000,-0.067, 0.493, 1.383;
2.441,0.842,-0.962,-0.174,0.054, 0.089, 0.007,-0.754,0.000,0.000,0.000,-0.071, 0.493, 1.383;
2.453,0.839,-0.965,-0.177,0.051, 0.089, 0.007,-0.754,0.000,0.000,0.000,-0.075, 0.493, 1.383;
2.465,0.836,-0.968,-0.180,0.048, 0.089, 0.007,-0.754,0.000,0.000,0.000,-0.078, 0.493, 1.383;
2.476,0.833,-0.970,-0.183,0.045, 0.089, 0.007,-0.754,0.000,0.000,0.000,-0.082, 0.493, 1.383;
2.487,0.830,-0.973,-0.185,0.043, 0.089, 0.007,-0.754,0.000,0.000,0.000,-0.085, 0.493, 1.383;
2.499,0.828,-0.976,-0.188,0.040, 0.089, 0.007,-0.754,0.000,0.000,0.000,-0.089, 0.493, 1.383;
2.510,0.825,-0.979,-0.191,0.037, 0.089, 0.007,-0.754,0.000,0.000,0.000,-0.092, 0.493, 1.383;
2.522,0.822,-0.982,-0.194,0.034, 0.089, 0.007,-0.754,0.000,0.000,0.000,-0.096, 0.493, 1.383;
2.534,0.819,-0.985,-0.197,0.031, 0.089, 0.007,-0.754,0.000,0.000,0.000,-0.100, 0.493, 1.383;
2.546,0.816,-0.988,-0.200,0.028, 0.089, 0.007,-0.754,0.000,0.000,0.000,-0.104, 0.493, 1.383;
2.568,0.810,-0.993,-0.206,0.023, 0.089, 0.007,-0.754,0.000,0.000,0.000,-0.111, 0.493, 1.383;
2.572,0.809,-0.994,-0.207,0.022, 0.089, 0.007,-0.754,0.000,0.000,0.000,-0.112, 0.493, 1.383;
2.583,0.806,-0.997,-0.210,0.019, 0.089, 0.007,-0.754,0.000,0.000,0.000,-0.115, 0.493, 1.383;
2.595,0.803,-1.000,-0.213,0.016, 0.089, 0.007,-0.754,0.000,0.000,0.000,-0.119, 0.492, 1.383;
2.618,0.796,-1.005,-0.219,0.011, 0.089, 0.007,-0.754,0.000,0.000,0.000,-0.126, 0.492, 1.383;
2.621,0.796,-1.006,-0.220,0.010, 0.089, 0.007,-0.754,0.000,0.000,0.000,-0.127, 0.492, 1.383;
2.632,0.793,-1.008,-0.223,0.008, 0.089, 0.007,-0.754,0.000,0.000,0.000,-0.131, 0.492, 1.383;
2.645,0.789,-1.011,-0.227,0.005, 0.089, 0.007,-0.754,0.000,0.000,0.000,-0.135, 0.491, 1.383;
2.656,0.786,-1.014,-0.230,0.002, 0.089, 0.007,-0.754,0.000,0.000,0.000,-0.138, 0.491, 1.383;
2.678,0.780,-1.019,-0.236,-0.003, 0.089, 0.007,-0.754,0.000,0.000,0.000,-0.145, 0.490, 1.383;
2.682,0.779,-1.019,-0.237,-0.004, 0.089, 0.007,-0.754,0.000,0.000,0.000,-0.146, 0.490, 1.383;
2.693,0.776,-1.022,-0.240,-0.006, 0.089, 0.007,-0.754,0.000,0.000,0.000,-0.150, 0.490, 1.383;
2.704,0.773,-1.024,-0.243,-0.008, 0.089, 0.007,-0.754,0.000,0.000,0.000,-0.153, 0.489, 1.383;
2.725,0.767,-1.029,-0.249,-0.013, 0.089, 0.007,-0.754,0.000,0.000,0.000,-0.160, 0.488, 1.383;
2.738,0.763,-1.031,-0.253,-0.016, 0.089, 0.007,-0.754,0.000,0.000,0.000,-0.164, 0.488, 1.383;
2.749,0.760,-1.034,-0.256,-0.018, 0.089, 0.007,-0.754,0.000,0.000,0.000,-0.167, 0.487, 1.383;
2.763,0.756,-1.037,-0.260,-0.021, 0.089, 0.007,-0.754,0.000,0.000,0.000,-0.171, 0.487, 1.383;
2.774,0.753,-1.039,-0.263,-0.023, 0.089, 0.007,-0.754,0.000,0.000,0.000,-0.175, 0.486, 1.383;
2.785,0.749,-1.041,-0.267,-0.025, 0.089, 0.007,-0.754,0.000,0.000,0.000,-0.178, 0.485, 1.383;
2.797,0.746,-1.044,-0.270,-0.028, 0.089, 0.007,-0.754,0.000,0.000,0.000,-0.182, 0.485, 1.383;
2.808,0.742,-1.046,-0.273,-0.030, 0.089, 0.007,-0.754,0.000,0.000,0.000,-0.185, 0.484, 1.383;
2.819,0.739,-1.048,-0.277,-0.032, 0.089, 0.007,-0.754,0.000,0.000,0.000,-0.189, 0.483, 1.383;
2.832,0.735,-1.050,-0.280,-0.035, 0.089, 0.007,-0.754,0.000,0.000,0.000,-0.193, 0.482, 1.383;
2.842,0.732,-1.052,-0.284,-0.037, 0.089, 0.007,-0.754,0.000,0.000,0.000,-0.196, 0.482, 1.383;
2.853,0.729,-1.055,-0.287,-0.039, 0.089, 0.007,-0.754,0.000,0.000,0.000,-0.199, 0.481, 1.383;
2.864,0.726,-1.057,-0.290,-0.041, 0.089, 0.007,-0.754,0.000,0.000,0.000,-0.203, 0.480, 1.383;
2.875,0.722,-1.059,-0.294,-0.043, 0.089, 0.007,-0.754,0.000,0.000,0.000,-0.206, 0.479, 1.383;
2.897,0.716,-1.063,-0.300,-0.047, 0.089, 0.007,-0.754,0.000,0.000,0.000,-0.213, 0.478, 1.383;
2.908,0.712,-1.065,-0.304,-0.049, 0.089, 0.007,-0.754,0.000,0.000,0.000,-0.216, 0.477, 1.383;
2.920,0.709,-1.067,-0.307,-0.051, 0.089, 0.007,-0.754,0.000,0.000,0.000,-0.220, 0.476, 1.383;
2.931,0.705,-1.069,-0.311,-0.053, 0.089, 0.007,-0.754,0.000,0.000,0.000,-0.223, 0.475, 1.383;
2.943,0.701,-1.071,-0.315,-0.055, 0.089, 0.007,-0.754,0.000,0.000,0.000,-0.227, 0.474, 1.383;
2.955,0.698,-1.073,-0.318,-0.057, 0.089, 0.007,-0.754,0.000,0.000,0.000,-0.230, 0.473, 1.383;
2.967,0.694,-1.075,-0.322,-0.059, 0.089, 0.007,-0.754,0.000,0.000,0.000,-0.234, 0.472, 1.383;
2.979,0.690,-1.077,-0.326,-0.061, 0.089, 0.007,-0.754,0.000,0.000,0.000,-0.237, 0.471, 1.383;
2.991,0.686,-1.079,-0.330,-0.063, 0.089, 0.007,-0.754,0.000,0.000,0.000,-0.241, 0.470, 1.383;
3.002,0.683,-1.081,-0.333,-0.065, 0.089, 0.007,-0.754,0.000,0.000,0.000,-0.244, 0.469, 1.383;
3.013,0.679,-1.082,-0.337,-0.066, 0.089, 0.007,-0.754,0.000,0.000,0.000,-0.248, 0.468, 1.383;
3.025,0.676,-1.084,-0.340,-0.068, 0.089, 0.007,-0.754,0.000,0.000,0.000,-0.251, 0.466, 1.383;
3.036,0.672,-1.086,-0.344,-0.070, 0.089, 0.007,-0.754,0.000,0.000,0.000,-0.254, 0.465, 1.383;
3.047,0.668,-1.088,-0.348,-0.072, 0.089, 0.007,-0.754,0.000,0.000,0.000,-0.258, 0.464, 1.383;
3.059,0.664,-1.089,-0.351,-0.073, 0.089, 0.007,-0.754,0.000,0.000,0.000,-0.261, 0.463, 1.383;
3.081,0.657,-1.093,-0.358,-0.077, 0.089, 0.007,-0.754,0.000,0.000,0.000,-0.268, 0.460, 1.383;
3.093,0.653,-1.094,-0.362,-0.078, 0.089, 0.007,-0.754,0.000,0.000,0.000,-0.271, 0.459, 1.383;
3.105,0.650,-1.096,-0.366,-0.080, 0.089, 0.007,-0.754,0.000,0.000,0.000,-0.275, 0.458, 1.383;
3.117,0.646,-1.098,-0.370,-0.082, 0.089, 0.007,-0.754,0.000,0.000,0.000,-0.278, 0.456, 1.383;
3.128,0.642,-1.099,-0.374,-0.083, 0.089, 0.007,-0.754,0.000,0.000,0.000,-0.282, 0.455, 1.383;
3.140,0.638,-1.101,-0.378,-0.085, 0.089, 0.007,-0.754,0.000,0.000,0.000,-0.285, 0.453, 1.383;
3.152,0.634,-1.102,-0.382,-0.086, 0.089, 0.007,-0.754,0.000,0.000,0.000,-0.288, 0.452, 1.383;
3.164,0.630,-1.104,-0.386,-0.088, 0.089, 0.007,-0.754,0.000,0.000,0.000,-0.292, 0.450, 1.383;
3.176,0.626,-1.105,-0.390,-0.089, 0.089, 0.007,-0.754,0.000,0.000,0.000,-0.295, 0.449, 1.383;
3.188,0.622,-1.107,-0.394,-0.091, 0.089, 0.007,-0.754,0.000,0.000,0.000,-0.299, 0.447, 1.383;
3.201,0.618,-1.108,-0.398,-0.092, 0.089, 0.007,-0.754,0.000,0.000,0.000,-0.302, 0.446, 1.383;
3.214,0.613,-1.110,-0.403,-0.094, 0.089, 0.007,-0.754,0.000,0.000,0.000,-0.306, 0.444, 1.383;
3.226,0.609,-1.111,-0.407,-0.095, 0.089, 0.007,-0.754,0.000,0.000,0.000,-0.310, 0.442, 1.383;
3.238,0.605,-1.113,-0.411,-0.097, 0.089, 0.007,-0.754,0.000,0.000,0.000,-0.313, 0.440, 1.383;
3.250,0.601,-1.114,-0.415,-0.098, 0.089, 0.007,-0.754,0.000,0.000,0.000,-0.316, 0.439, 1.383;
3.262,0.597,-1.115,-0.419,-0.099, 0.089, 0.007,-0.754,0.000,0.000,0.000,-0.320, 0.437, 1.383;
3.274,0.593,-1.116,-0.423,-0.101, 0.089, 0.007,-0.754,0.000,0.000,0.000,-0.323, 0.435, 1.383;
3.287,0.588,-1.118,-0.427,-0.102, 0.089, 0.007,-0.754,0.000,0.000,0.000,-0.327, 0.433, 1.383;
3.301,0.584,-1.119,-0.432,-0.103, 0.089, 0.007,-0.754,0.000,0.000,0.000,-0.330, 0.431, 1.383;
3.305,0.582,-1.120,-0.433,-0.104, 0.089, 0.007,-0.754,0.000,0.000,0.000,-0.331, 0.431, 1.383;
3.316,0.579,-1.121,-0.437,-0.105, 0.089, 0.007,-0.754,0.000,0.000,0.000,-0.334, 0.429, 1.383;
3.337,0.571,-1.123,-0.445,-0.107, 0.089, 0.007,-0.754,0.000,0.000,0.000,-0.340, 0.426, 1.383;
3.352,0.566,-1.124,-0.450,-0.108, 0.089, 0.007,-0.754,0.000,0.000,0.000,-0.344, 0.423, 1.383;
3.355,0.565,-1.124,-0.451,-0.108, 0.089, 0.007,-0.754,0.000,0.000,0.000,-0.345, 0.423, 1.383;
3.365,0.561,-1.125,-0.454,-0.109, 0.089, 0.007,-0.754,0.000,0.000,0.000,-0.348, 0.421, 1.383;
3.387,0.554,-1.127,-0.462,-0.111, 0.089, 0.007,-0.754,0.000,0.000,0.000,-0.354, 0.418, 1.383;
3.390,0.553,-1.127,-0.463,-0.111, 0.089, 0.007,-0.754,0.000,0.000,0.000,-0.355, 0.417, 1.383;
3.402,0.549,-1.128,-0.467,-0.112, 0.089, 0.007,-0.754,0.000,0.000,0.000,-0.358, 0.415, 1.383;
3.413,0.545,-1.129,-0.471,-0.113, 0.089, 0.007,-0.754,0.000,0.000,0.000,-0.361, 0.413, 1.383;
3.434,0.537,-1.130,-0.478,-0.114, 0.089, 0.007,-0.754,0.000,0.000,0.000,-0.366, 0.410, 1.383;
3.446,0.533,-1.131,-0.482,-0.115, 0.089, 0.007,-0.754,0.000,0.000,0.000,-0.369, 0.408, 1.383;
3.457,0.529,-1.132,-0.486,-0.116, 0.089, 0.007,-0.754,0.000,0.000,0.000,-0.372, 0.406, 1.383;
3.469,0.525,-1.133,-0.491,-0.117, 0.089, 0.007,-0.754,0.000,0.000,0.000,-0.375, 0.403, 1.383;
3.481,0.521,-1.133,-0.495,-0.117, 0.089, 0.007,-0.754,0.000,0.000,0.000,-0.378, 0.401, 1.383;
3.493,0.517,-1.134,-0.499,-0.118, 0.089, 0.007,-0.754,0.000,0.000,0.000,-0.381, 0.399, 1.383;
3.504,0.513,-1.135,-0.503,-0.119, 0.089, 0.007,-0.754,0.000,0.000,0.000,-0.384, 0.397, 1.383;
3.516,0.509,-1.135,-0.507,-0.119, 0.089, 0.007,-0.754,0.000,0.000,0.000,-0.387, 0.395, 1.383;
3.527,0.505,-1.136,-0.511,-0.120, 0.089, 0.007,-0.754,0.000,0.000,0.000,-0.390, 0.393, 1.383;
3.538,0.501,-1.136,-0.515,-0.120, 0.089, 0.007,-0.754,0.000,0.000,0.000,-0.393, 0.391, 1.383;
3.549,0.497,-1.137,-0.519,-0.121, 0.089, 0.007,-0.754,0.000,0.000,0.000,-0.396, 0.389, 1.383;
3.560,0.493,-1.137,-0.523,-0.121, 0.089, 0.007,-0.754,0.000,0.000,0.000,-0.398, 0.386, 1.383;
3.582,0.485,-1.138,-0.530,-0.122, 0.089, 0.007,-0.754,0.000,0.000,0.000,-0.404, 0.382, 1.383;
3.585,0.484,-1.138,-0.532,-0.122, 0.089, 0.007,-0.754,0.000,0.000,0.000,-0.404, 0.382, 1.383;
3.606,0.477,-1.139,-0.539,-0.123, 0.089, 0.007,-0.754,0.000,0.000,0.000,-0.409, 0.377, 1.383;
3.618,0.473,-1.139,-0.543,-0.123, 0.089, 0.007,-0.754,0.000,0.000,0.000,-0.412, 0.375, 1.383;
3.629,0.469,-1.139,-0.547,-0.124, 0.089, 0.007,-0.754,0.000,0.000,0.000,-0.415, 0.373, 1.383;
3.641,0.464,-1.140,-0.551,-0.124, 0.089, 0.007,-0.754,0.000,0.000,0.000,-0.418, 0.370, 1.383;
3.653,0.460,-1.140,-0.556,-0.124, 0.089, 0.007,-0.754,0.000,0.000,0.000,-0.421, 0.368, 1.383;
3.666,0.456,-1.140,-0.560,-0.124, 0.089, 0.007,-0.754,0.000,0.000,0.000,-0.424, 0.365, 1.383;
3.679,0.451,-1.140,-0.565,-0.125, 0.089, 0.007,-0.754,0.000,0.000,0.000,-0.427, 0.362, 1.383;
3.691,0.447,-1.141,-0.569,-0.125, 0.089, 0.007,-0.754,0.000,0.000,0.000,-0.429, 0.360, 1.383;
3.703,0.442,-1.141,-0.574,-0.125, 0.089, 0.007,-0.754,0.000,0.000,0.000,-0.432, 0.357, 1.383;
3.716,0.438,-1.141,-0.578,-0.125, 0.089, 0.007,-0.754,0.000,0.000,0.000,-0.435, 0.354, 1.383;
3.720,0.436,-1.141,-0.580,-0.125, 0.089, 0.007,-0.754,0.000,0.000,0.000,-0.436, 0.353, 1.383;
3.733,0.432,-1.141,-0.584,-0.125, 0.089, 0.007,-0.754,0.000,0.000,0.000,-0.439, 0.351, 1.383;
3.744,0.428,-1.141,-0.588,-0.125, 0.089, 0.007,-0.754,0.000,0.000,0.000,-0.441, 0.348, 1.383;
3.767,0.420,-1.141,-0.596,-0.125, 0.089, 0.007,-0.754,0.000,0.000,0.000,-0.446, 0.343, 1.383;
3.771,0.418,-1.141,-0.598,-0.125, 0.089, 0.007,-0.754,0.000,0.000,0.000,-0.447, 0.342, 1.383;
3.781,0.414,-1.141,-0.601,-0.125, 0.089, 0.007,-0.754,0.000,0.000,0.000,-0.450, 0.340, 1.383;
3.792,0.410,-1.141,-0.605,-0.125, 0.089, 0.007,-0.754,0.000,0.000,0.000,-0.452, 0.337, 1.383;
3.814,0.403,-1.140,-0.613,-0.124, 0.089, 0.007,-0.754,0.000,0.000,0.000,-0.457, 0.332, 1.383;
3.828,0.398,-1.140,-0.618,-0.124, 0.089, 0.007,-0.754,0.000,0.000,0.000,-0.460, 0.329, 1.383;
3.833,0.396,-1.140,-0.620,-0.124, 0.089, 0.007,-0.754,0.000,0.000,0.000,-0.461, 0.328, 1.383;
3.843,0.392,-1.140,-0.623,-0.124, 0.089, 0.007,-0.754,0.000,0.000,0.000,-0.463, 0.326, 1.383;
3.854,0.389,-1.140,-0.627,-0.124, 0.089, 0.007,-0.754,0.000,0.000,0.000,-0.465, 0.323, 1.383;
3.866,0.384,-1.139,-0.632,-0.123, 0.089, 0.007,-0.754,0.000,0.000,0.000,-0.468, 0.320, 1.383;
3.888,0.376,-1.139,-0.640,-0.123, 0.089, 0.007,-0.754,0.000,0.000,0.000,-0.472, 0.315, 1.383;
3.892,0.375,-1.138,-0.641,-0.123, 0.089, 0.007,-0.754,0.000,0.000,0.000,-0.473, 0.314, 1.383;
3.903,0.371,-1.138,-0.645,-0.122, 0.089, 0.007,-0.754,0.000,0.000,0.000,-0.475, 0.311, 1.383;
3.925,0.363,-1.137,-0.653,-0.121, 0.089, 0.007,-0.754,0.000,0.000,0.000,-0.479, 0.306, 1.383;
3.929,0.362,-1.137,-0.654,-0.121, 0.089, 0.007,-0.754,0.000,0.000,0.000,-0.480, 0.305, 1.383;
3.939,0.358,-1.137,-0.658,-0.121, 0.089, 0.007,-0.754,0.000,0.000,0.000,-0.482, 0.302, 1.383;
3.961,0.351,-1.136,-0.665,-0.120, 0.089, 0.007,-0.754,0.000,0.000,0.000,-0.486, 0.297, 1.383;
3.966,0.349,-1.135,-0.667,-0.119, 0.089, 0.007,-0.754,0.000,0.000,0.000,-0.487, 0.296, 1.383;
3.976,0.345,-1.135,-0.671,-0.119, 0.089, 0.007,-0.754,0.000,0.000,0.000,-0.489, 0.293, 1.383;
3.998,0.338,-1.134,-0.678,-0.118, 0.089, 0.007,-0.754,0.000,0.000,0.000,-0.493, 0.288, 1.383;
4.010,0.333,-1.133,-0.683,-0.117, 0.089, 0.007,-0.754,0.000,0.000,0.000,-0.496, 0.285, 1.383;
4.021,0.329,-1.132,-0.687,-0.116, 0.089, 0.007,-0.754,0.000,0.000,0.000,-0.498, 0.282, 1.383;
4.034,0.325,-1.131,-0.691,-0.116, 0.089, 0.007,-0.754,0.000,0.000,0.000,-0.500, 0.278, 1.383;
4.046,0.321,-1.131,-0.695,-0.115, 0.089, 0.007,-0.754,0.000,0.000,0.000,-0.502, 0.275, 1.383;
4.058,0.316,-1.130,-0.699,-0.114, 0.089, 0.007,-0.754,0.000,0.000,0.000,-0.504, 0.272, 1.383;
4.070,0.312,-1.129,-0.704,-0.113, 0.089, 0.007,-0.754,0.000,0.000,0.000,-0.506, 0.269, 1.383;
4.084,0.307,-1.128,-0.709,-0.112, 0.089, 0.007,-0.754,0.000,0.000,0.000,-0.509, 0.265, 1.383;
4.088,0.306,-1.128,-0.710,-0.112, 0.089, 0.007,-0.754,0.000,0.000,0.000,-0.509, 0.264, 1.383;
4.099,0.302,-1.127,-0.714,-0.111, 0.089, 0.007,-0.754,0.000,0.000,0.000,-0.511, 0.261, 1.383;
4.110,0.298,-1.126,-0.718,-0.110, 0.089, 0.007,-0.754,0.000,0.000,0.000,-0.513, 0.258, 1.383;
4.133,0.290,-1.124,-0.726,-0.108, 0.089, 0.007,-0.754,0.000,0.000,0.000,-0.517, 0.252, 1.383;
4.137,0.289,-1.124,-0.727,-0.108, 0.089, 0.007,-0.754,0.000,0.000,0.000,-0.518, 0.251, 1.383;
4.148,0.285,-1.123,-0.731,-0.107, 0.089, 0.007,-0.754,0.000,0.000,0.000,-0.519, 0.248, 1.383;
4.159,0.281,-1.122,-0.735,-0.106, 0.089, 0.007,-0.754,0.000,0.000,0.000,-0.521, 0.245, 1.383;
4.180,0.274,-1.120,-0.742,-0.104, 0.089, 0.007,-0.754,0.000,0.000,0.000,-0.524, 0.240, 1.383;
4.192,0.270,-1.118,-0.746,-0.103, 0.089, 0.007,-0.754,0.000,0.000,0.000,-0.526, 0.236, 1.383;
4.204,0.266,-1.117,-0.750,-0.101, 0.089, 0.007,-0.754,0.000,0.000,0.000,-0.528, 0.233, 1.383;
4.215,0.262,-1.116,-0.754,-0.100, 0.089, 0.007,-0.754,0.000,0.000,0.000,-0.530, 0.230, 1.383;
4.227,0.258,-1.115,-0.758,-0.099, 0.089, 0.007,-0.754,0.000,0.000,0.000,-0.531, 0.227, 1.383;
4.238,0.254,-1.114,-0.762,-0.098, 0.089, 0.007,-0.754,0.000,0.000,0.000,-0.533, 0.224, 1.383;
4.250,0.250,-1.112,-0.766,-0.096, 0.089, 0.007,-0.754,0.000,0.000,0.000,-0.535, 0.220, 1.383;
4.261,0.247,-1.111,-0.769,-0.095, 0.089, 0.007,-0.754,0.000,0.000,0.000,-0.536, 0.217, 1.383;
4.273,0.242,-1.110,-0.774,-0.094, 0.089, 0.007,-0.754,0.000,0.000,0.000,-0.538, 0.214, 1.383;
4.284,0.239,-1.108,-0.777,-0.092, 0.089, 0.007,-0.754,0.000,0.000,0.000,-0.540, 0.211, 1.383;
4.295,0.235,-1.107,-0.781,-0.091, 0.089, 0.007,-0.754,0.000,0.000,0.000,-0.541, 0.208, 1.383;
4.306,0.231,-1.106,-0.785,-0.090, 0.089, 0.007,-0.754,0.000,0.000,0.000,-0.543, 0.204, 1.383;
4.327,0.224,-1.103,-0.792,-0.087, 0.089, 0.007,-0.754,0.000,0.000,0.000,-0.545, 0.198, 1.383;
4.339,0.220,-1.102,-0.795,-0.086, 0.089, 0.007,-0.754,0.000,0.000,0.000,-0.547, 0.195, 1.383;
4.350,0.217,-1.100,-0.799,-0.084, 0.089, 0.007,-0.754,0.000,0.000,0.000,-0.548, 0.192, 1.383;
4.362,0.213,-1.098,-0.803,-0.083, 0.089, 0.007,-0.754,0.000,0.000,0.000,-0.550, 0.188, 1.383;
4.374,0.209,-1.097,-0.807,-0.081, 0.089, 0.007,-0.754,0.000,0.000,0.000,-0.551, 0.185, 1.383;
4.385,0.205,-1.095,-0.811,-0.079, 0.089, 0.007,-0.754,0.000,0.000,0.000,-0.552, 0.182, 1.383;
4.397,0.201,-1.094,-0.815,-0.078, 0.089, 0.007,-0.754,0.000,0.000,0.000,-0.554, 0.178, 1.383;
4.408,0.198,-1.092,-0.818,-0.076, 0.089, 0.007,-0.754,0.000,0.000,0.000,-0.555, 0.175, 1.383;
4.420,0.194,-1.090,-0.822,-0.074, 0.089, 0.007,-0.754,0.000,0.000,0.000,-0.556, 0.172, 1.383;
4.431,0.190,-1.089,-0.826,-0.073, 0.089, 0.007,-0.754,0.000,0.000,0.000,-0.558, 0.168, 1.383;
4.443,0.186,-1.087,-0.830,-0.071, 0.089, 0.007,-0.754,0.000,0.000,0.000,-0.559, 0.165, 1.383;
4.455,0.183,-1.085,-0.833,-0.069, 0.089, 0.007,-0.754,0.000,0.000,0.000,-0.560, 0.161, 1.383;
4.468,0.178,-1.083,-0.838,-0.067, 0.089, 0.007,-0.754,0.000,0.000,0.000,-0.562, 0.157, 1.383;
4.479,0.175,-1.081,-0.841,-0.065, 0.089, 0.007,-0.754,0.000,0.000,0.000,-0.563, 0.154, 1.383;
4.490,0.171,-1.079,-0.845,-0.063, 0.089, 0.007,-0.754,0.000,0.000,0.000,-0.564, 0.151, 1.383;
4.502,0.167,-1.077,-0.849,-0.062, 0.089, 0.007,-0.754,0.000,0.000,0.000,-0.565, 0.147, 1.383;
4.524,0.160,-1.074,-0.856,-0.058, 0.089, 0.007,-0.754,0.000,0.000,0.000,-0.567, 0.141, 1.383;
4.536,0.157,-1.072,-0.859,-0.056, 0.089, 0.007,-0.754,0.000,0.000,0.000,-0.568, 0.137, 1.383;
4.539,0.156,-1.071,-0.860,-0.055, 0.089, 0.007,-0.754,0.000,0.000,0.000,-0.568, 0.136, 1.383;
4.560,0.149,-1.068,-0.867,-0.052, 0.089, 0.007,-0.754,0.000,0.000,0.000,-0.570, 0.130, 1.383;
4.572,0.145,-1.065,-0.870,-0.050, 0.089, 0.007,-0.754,0.000,0.000,0.000,-0.571, 0.126, 1.383;
4.584,0.142,-1.063,-0.874,-0.047, 0.089, 0.007,-0.754,0.000,0.000,0.000,-0.572, 0.122, 1.383;
4.598,0.138,-1.061,-0.878,-0.045, 0.089, 0.007,-0.754,0.000,0.000,0.000,-0.573, 0.118, 1.383;
4.610,0.134,-1.059,-0.882,-0.043, 0.089, 0.007,-0.754,0.000,0.000,0.000,-0.574, 0.115, 1.383;
4.622,0.130,-1.056,-0.886,-0.041, 0.089, 0.007,-0.754,0.000,0.000,0.000,-0.575, 0.111, 1.383;
4.634,0.127,-1.054,-0.889,-0.038, 0.089, 0.007,-0.754,0.000,0.000,0.000,-0.576, 0.107, 1.383;
4.646,0.123,-1.052,-0.893,-0.036, 0.089, 0.007,-0.754,0.000,0.000,0.000,-0.577, 0.104, 1.383;
4.658,0.119,-1.050,-0.897,-0.034, 0.089, 0.007,-0.754,0.000,0.000,0.000,-0.578, 0.100, 1.383;
4.669,0.116,-1.047,-0.900,-0.031, 0.089, 0.007,-0.754,0.000,0.000,0.000,-0.578, 0.097, 1.383;
4.680,0.113,-1.045,-0.903,-0.029, 0.089, 0.007,-0.754,0.000,0.000,0.000,-0.579, 0.093, 1.383;
4.692,0.109,-1.043,-0.907,-0.027, 0.089, 0.007,-0.754,0.000,0.000,0.000,-0.580, 0.089, 1.383;
4.703,0.106,-1.040,-0.910,-0.025, 0.089, 0.007,-0.754,0.000,0.000,0.000,-0.581, 0.086, 1.383;
4.714,0.103,-1.038,-0.913,-0.022, 0.089, 0.007,-0.754,0.000,0.000,0.000,-0.581, 0.083, 1.383;
4.725,0.099,-1.036,-0.917,-0.020, 0.089, 0.007,-0.754,0.000,0.000,0.000,-0.582, 0.079, 1.383;
4.736,0.096,-1.034,-0.920,-0.018, 0.089, 0.007,-0.754,0.000,0.000,0.000,-0.582, 0.076, 1.383;
4.747,0.093,-1.031,-0.923,-0.016, 0.089, 0.007,-0.754,0.000,0.000,0.000,-0.583, 0.072, 1.383;
4.758,0.090,-1.029,-0.926,-0.013, 0.089, 0.007,-0.754,0.000,0.000,0.000,-0.584, 0.069, 1.383;
4.779,0.084,-1.025,-0.932,-0.009, 0.089, 0.007,-0.754,0.000,0.000,0.000,-0.584, 0.062, 1.383;
4.791,0.081,-1.022,-0.935,-0.006, 0.089, 0.007,-0.754,0.000,0.000,0.000,-0.585, 0.059, 1.383;
4.804,0.077,-1.019,-0.939,-0.003, 0.089, 0.007,-0.754,0.000,0.000,0.000,-0.585, 0.055, 1.383;
4.815,0.074,-1.017,-0.942,-0.001, 0.089, 0.007,-0.754,0.000,0.000,0.000,-0.586, 0.051, 1.383;
4.826,0.071,-1.014,-0.945,0.002, 0.089, 0.007,-0.754,0.000,0.000,0.000,-0.586, 0.048, 1.383;
4.837,0.068,-1.012,-0.948,0.004, 0.089, 0.007,-0.754,0.000,0.000,0.000,-0.587, 0.044, 1.383;
4.849,0.064,-1.009,-0.952,0.007, 0.089, 0.007,-0.754,0.000,0.000,0.000,-0.587, 0.041, 1.383;
4.860,0.061,-1.006,-0.955,0.009, 0.089, 0.007,-0.754,0.000,0.000,0.000,-0.587, 0.037, 1.383;
4.871,0.058,-1.004,-0.958,0.012, 0.089, 0.007,-0.754,0.000,0.000,0.000,-0.588, 0.034, 1.383;
4.882,0.055,-1.001,-0.961,0.015, 0.089, 0.007,-0.754,0.000,0.000,0.000,-0.588, 0.030, 1.383;
4.893,0.052,-0.999,-0.963,0.017, 0.089, 0.007,-0.754,0.000,0.000,0.000,-0.588, 0.027, 1.383;
4.915,0.046,-0.993,-0.969,0.022, 0.089, 0.007,-0.754,0.000,0.000,0.000,-0.589, 0.020, 1.383;
4.918,0.046,-0.993,-0.970,0.023, 0.089, 0.007,-0.754,0.000,0.000,0.000,-0.589, 0.019, 1.383;
4.940,0.040,-0.988,-0.976,0.028, 0.089, 0.007,-0.754,0.000,0.000,0.000,-0.589, 0.012, 1.383;
4.951,0.037,-0.985,-0.979,0.031, 0.089, 0.007,-0.754,0.000,0.000,0.000,-0.589, 0.009, 1.383;
4.964,0.034,-0.982,-0.982,0.034, 0.089, 0.007,-0.754,0.000,0.000,0.000,-0.589, 0.005, 1.383;
4.976,0.031,-0.979,-0.985,0.037, 0.089, 0.007,-0.754,0.000,0.000,0.000,-0.589, 0.001, 1.383;
4.988,0.028,-0.976,-0.988,0.040, 0.089, 0.007,-0.754,0.000,0.000,0.000,-0.589,-0.003, 1.383;
5.000,0.025,-0.973,-0.991,0.043, 0.089, 0.007,-0.754,0.000,0.000,0.000,-0.589,-0.007, 1.383;
5.013,0.021,-0.969,-0.994,0.047, 0.089, 0.007,-0.754,0.000,0.000,0.000,-0.589,-0.011, 1.383;
5.025,0.018,-0.966,-0.997,0.050, 0.089, 0.007,-0.754,0.000,0.000,0.000,-0.589,-0.015, 1.383;
5.037,0.016,-0.963,-1.000,0.053, 0.089, 0.007,-0.754,0.000,0.000,0.000,-0.589,-0.018, 1.383;
5.049,0.013,-0.960,-1.003,0.056, 0.089, 0.007,-0.754,0.000,0.000,0.000,-0.589,-0.022, 1.383;
5.061,0.010,-0.957,-1.006,0.059, 0.089, 0.007,-0.754,0.000,0.000,0.000,-0.589,-0.026, 1.383;
5.073,0.007,-0.953,-1.009,0.062, 0.089, 0.007,-0.754,0.000,0.000,0.000,-0.589,-0.030, 1.383;
5.085,0.004,-0.950,-1.012,0.066, 0.089, 0.007,-0.754,0.000,0.000,0.000,-0.589,-0.033, 1.383;
5.097,0.001,-0.947,-1.015,0.069, 0.089, 0.007,-0.754,0.000,0.000,0.000,-0.588,-0.037, 1.383;
5.109,-0.002,-0.944,-1.018,0.072, 0.089, 0.007,-0.754,0.000,0.000,0.000,-0.588,-0.041, 1.383;
5.121,-0.005,-0.941,-1.021,0.075, 0.089, 0.007,-0.754,0.000,0.000,0.000,-0.588,-0.045, 1.383;
5.133,-0.007,-0.937,-1.023,0.079, 0.089, 0.007,-0.754,0.000,0.000,0.000,-0.588,-0.048, 1.383;
5.145,-0.010,-0.934,-1.026,0.082, 0.089, 0.007,-0.754,0.000,0.000,0.000,-0.587,-0.052, 1.383;
5.157,-0.013,-0.931,-1.029,0.085, 0.089, 0.007,-0.754,0.000,0.000,0.000,-0.587,-0.056, 1.383;
5.169,-0.016,-0.927,-1.031,0.088, 0.089, 0.007,-0.754,0.000,0.000,0.000,-0.586,-0.060, 1.383;
5.181,-0.018,-0.924,-1.034,0.092, 0.089, 0.007,-0.754,0.000,0.000,0.000,-0.586,-0.064, 1.383;
5.194,-0.021,-0.920,-1.037,0.095, 0.089, 0.007,-0.754,0.000,0.000,0.000,-0.586,-0.068, 1.383;
5.207,-0.024,-0.917,-1.040,0.099, 0.089, 0.007,-0.754,0.000,0.000,0.000,-0.585,-0.072, 1.383;
5.219,-0.027,-0.913,-1.042,0.103, 0.089, 0.007,-0.754,0.000,0.000,0.000,-0.585,-0.075, 1.383;
5.231,-0.029,-0.910,-1.045,0.106, 0.089, 0.007,-0.754,0.000,0.000,0.000,-0.584,-0.079, 1.383;
5.243,-0.031,-0.906,-1.047,0.109, 0.089, 0.007,-0.754,0.000,0.000,0.000,-0.583,-0.083, 1.383;
5.254,-0.034,-0.903,-1.050,0.113, 0.089, 0.007,-0.754,0.000,0.000,0.000,-0.583,-0.086, 1.383;
5.266,-0.036,-0.900,-1.052,0.116, 0.089, 0.007,-0.754,0.000,0.000,0.000,-0.582,-0.090, 1.383;
5.278,-0.039,-0.896,-1.055,0.120, 0.089, 0.007,-0.754,0.000,0.000,0.000,-0.582,-0.094, 1.383;
5.290,-0.041,-0.893,-1.057,0.123, 0.089, 0.007,-0.754,0.000,0.000,0.000,-0.581,-0.097, 1.383;
5.303,-0.044,-0.889,-1.060,0.127, 0.089, 0.007,-0.754,0.000,0.000,0.000,-0.580,-0.101, 1.383;
5.316,-0.046,-0.885,-1.062,0.131, 0.089, 0.007,-0.754,0.000,0.000,0.000,-0.579,-0.105, 1.383;
5.328,-0.049,-0.881,-1.065,0.134, 0.089, 0.007,-0.754,0.000,0.000,0.000,-0.579,-0.109, 1.383;
5.340,-0.051,-0.878,-1.067,0.138, 0.089, 0.007,-0.754,0.000,0.000,0.000,-0.578,-0.113, 1.383;
5.352,-0.053,-0.874,-1.069,0.142, 0.089, 0.007,-0.754,0.000,0.000,0.000,-0.577,-0.116, 1.383;
5.365,-0.056,-0.870,-1.072,0.146, 0.089, 0.007,-0.754,0.000,0.000,0.000,-0.576,-0.120, 1.383;
5.376,-0.058,-0.867,-1.074,0.149, 0.089, 0.007,-0.754,0.000,0.000,0.000,-0.575,-0.124, 1.383;
5.388,-0.060,-0.863,-1.076,0.153, 0.089, 0.007,-0.754,0.000,0.000,0.000,-0.574,-0.127, 1.383;
5.401,-0.062,-0.859,-1.078,0.157, 0.089, 0.007,-0.754,0.000,0.000,0.000,-0.574,-0.131, 1.383;
5.413,-0.065,-0.855,-1.080,0.161, 0.089, 0.007,-0.754,0.000,0.000,0.000,-0.573,-0.135, 1.383;
5.425,-0.067,-0.852,-1.083,0.164, 0.089, 0.007,-0.754,0.000,0.000,0.000,-0.572,-0.139, 1.383;
5.438,-0.069,-0.848,-1.085,0.168, 0.089, 0.007,-0.754,0.000,0.000,0.000,-0.570,-0.143, 1.383;
5.450,-0.071,-0.844,-1.087,0.172, 0.089, 0.007,-0.754,0.000,0.000,0.000,-0.569,-0.146, 1.383;
5.462,-0.073,-0.840,-1.089,0.176, 0.089, 0.007,-0.754,0.000,0.000,0.000,-0.568,-0.150, 1.383;
5.473,-0.075,-0.836,-1.091,0.179, 0.089, 0.007,-0.754,0.000,0.000,0.000,-0.567,-0.153, 1.383;
5.486,-0.077,-0.833,-1.093,0.183, 0.089, 0.007,-0.754,0.000,0.000,0.000,-0.566,-0.157, 1.383;
5.500,-0.079,-0.828,-1.095,0.188, 0.089, 0.007,-0.754,0.000,0.000,0.000,-0.565,-0.161, 1.383;
5.511,-0.081,-0.824,-1.097,0.191, 0.089, 0.007,-0.754,0.000,0.000,0.000,-0.564,-0.165, 1.383;
5.523,-0.083,-0.821,-1.099,0.195, 0.089, 0.007,-0.754,0.000,0.000,0.000,-0.563,-0.168, 1.383;
5.535,-0.085,-0.817,-1.101,0.199, 0.089, 0.007,-0.754,0.000,0.000,0.000,-0.561,-0.172, 1.383;
5.547,-0.087,-0.813,-1.103,0.203, 0.089, 0.007,-0.754,0.000,0.000,0.000,-0.560,-0.175, 1.383;
5.561,-0.089,-0.808,-1.105,0.207, 0.089, 0.007,-0.754,0.000,0.000,0.000,-0.559,-0.179, 1.383;
5.572,-0.090,-0.805,-1.106,0.211, 0.089, 0.007,-0.754,0.000,0.000,0.000,-0.557,-0.183, 1.383;
5.584,-0.092,-0.801,-1.108,0.215, 0.089, 0.007,-0.754,0.000,0.000,0.000,-0.556,-0.186, 1.383;
5.596,-0.094,-0.797,-1.110,0.219, 0.089, 0.007,-0.754,0.000,0.000,0.000,-0.555,-0.189, 1.383;
5.607,-0.095,-0.793,-1.111,0.223, 0.089, 0.007,-0.754,0.000,0.000,0.000,-0.553,-0.193, 1.383;
5.618,-0.097,-0.790,-1.113,0.226, 0.089, 0.007,-0.754,0.000,0.000,0.000,-0.552,-0.196, 1.383;
5.630,-0.099,-0.786,-1.114,0.230, 0.089, 0.007,-0.754,0.000,0.000,0.000,-0.551,-0.200, 1.383;
5.642,-0.100,-0.782,-1.116,0.234, 0.089, 0.007,-0.754,0.000,0.000,0.000,-0.549,-0.203, 1.383;
5.653,-0.102,-0.778,-1.117,0.238, 0.089, 0.007,-0.754,0.000,0.000,0.000,-0.548,-0.206, 1.383;
5.666,-0.103,-0.774,-1.119,0.242, 0.089, 0.007,-0.754,0.000,0.000,0.000,-0.546,-0.210, 1.383;
5.677,-0.105,-0.770,-1.120,0.246, 0.089, 0.007,-0.754,0.000,0.000,0.000,-0.545,-0.213, 1.383;
5.688,-0.106,-0.766,-1.122,0.250, 0.089, 0.007,-0.754,0.000,0.000,0.000,-0.543,-0.216, 1.383;
5.700,-0.107,-0.762,-1.123,0.254, 0.089, 0.007,-0.754,0.000,0.000,0.000,-0.542,-0.220, 1.383;
5.722,-0.110,-0.755,-1.126,0.261, 0.089, 0.007,-0.754,0.000,0.000,0.000,-0.539,-0.226, 1.383;
5.727,-0.110,-0.753,-1.126,0.263, 0.089, 0.007,-0.754,0.000,0.000,0.000,-0.538,-0.227, 1.383;
5.738,-0.112,-0.749,-1.128,0.267, 0.089, 0.007,-0.754,0.000,0.000,0.000,-0.536,-0.230, 1.383;
5.750,-0.113,-0.745,-1.129,0.271, 0.089, 0.007,-0.754,0.000,0.000,0.000,-0.535,-0.234, 1.383;
5.761,-0.114,-0.741,-1.130,0.274, 0.089, 0.007,-0.754,0.000,0.000,0.000,-0.533,-0.237, 1.383;
5.783,-0.117,-0.734,-1.132,0.282, 0.089, 0.007,-0.754,0.000,0.000,0.000,-0.530,-0.243, 1.383;
5.795,-0.118,-0.730,-1.134,0.286, 0.089, 0.007,-0.754,0.000,0.000,0.000,-0.528,-0.246, 1.383;
5.807,-0.119,-0.726,-1.135,0.290, 0.089, 0.007,-0.754,0.000,0.000,0.000,-0.526,-0.249, 1.383;
5.819,-0.120,-0.722,-1.136,0.294, 0.089, 0.007,-0.754,0.000,0.000,0.000,-0.525,-0.253, 1.383;
5.831,-0.121,-0.717,-1.137,0.298, 0.089, 0.007,-0.754,0.000,0.000,0.000,-0.523,-0.256, 1.383;
5.844,-0.122,-0.713,-1.138,0.303, 0.089, 0.007,-0.754,0.000,0.000,0.000,-0.521,-0.259, 1.383;
5.857,-0.124,-0.708,-1.139,0.308, 0.089, 0.007,-0.754,0.000,0.000,0.000,-0.518,-0.263, 1.383;
5.861,-0.124,-0.707,-1.140,0.309, 0.089, 0.007,-0.754,0.000,0.000,0.000,-0.518,-0.264, 1.383;
5.871,-0.125,-0.704,-1.141,0.312, 0.089, 0.007,-0.754,0.000,0.000,0.000,-0.516,-0.267, 1.383;
5.893,-0.126,-0.696,-1.142,0.320, 0.089, 0.007,-0.754,0.000,0.000,0.000,-0.513,-0.273, 1.383;
5.904,-0.127,-0.692,-1.143,0.324, 0.089, 0.007,-0.754,0.000,0.000,0.000,-0.511,-0.276, 1.383;
5.916,-0.128,-0.688,-1.144,0.328, 0.089, 0.007,-0.754,0.000,0.000,0.000,-0.509,-0.279, 1.383;
5.928,-0.129,-0.684,-1.145,0.332, 0.089, 0.007,-0.754,0.000,0.000,0.000,-0.507,-0.282, 1.383;
5.939,-0.130,-0.680,-1.146,0.336, 0.089, 0.007,-0.754,0.000,0.000,0.000,-0.505,-0.285, 1.383;
5.951,-0.131,-0.676,-1.146,0.340, 0.089, 0.007,-0.754,0.000,0.000,0.000,-0.503,-0.288, 1.383;
5.964,-0.131,-0.671,-1.147,0.345, 0.089, 0.007,-0.754,0.000,0.000,0.000,-0.500,-0.291, 1.383;
5.975,-0.132,-0.667,-1.148,0.349, 0.089, 0.007,-0.754,0.000,0.000,0.000,-0.498,-0.294, 1.383;
5.987,-0.133,-0.663,-1.149,0.353, 0.089, 0.007,-0.754,0.000,0.000,0.000,-0.496,-0.297, 1.383;
5.999,-0.133,-0.659,-1.149,0.357, 0.089, 0.007,-0.754,0.000,0.000,0.000,-0.494,-0.300, 1.383;
6.010,-0.134,-0.655,-1.150,0.361, 0.089, 0.007,-0.754,0.000,0.000,0.000,-0.492,-0.303, 1.383;
6.021,-0.135,-0.651,-1.150,0.365, 0.089, 0.007,-0.754,0.000,0.000,0.000,-0.490,-0.306, 1.383;
6.032,-0.135,-0.647,-1.151,0.369, 0.089, 0.007,-0.754,0.000,0.000,0.000,-0.488,-0.309, 1.383;
6.044,-0.136,-0.643,-1.152,0.373, 0.089, 0.007,-0.754,0.000,0.000,0.000,-0.485,-0.312, 1.383;
6.055,-0.136,-0.639,-1.152,0.377, 0.089, 0.007,-0.754,0.000,0.000,0.000,-0.483,-0.314, 1.383;
6.076,-0.137,-0.631,-1.153,0.385, 0.089, 0.007,-0.754,0.000,0.000,0.000,-0.479,-0.320, 1.383;
6.088,-0.137,-0.627,-1.153,0.389, 0.089, 0.007,-0.754,0.000,0.000,0.000,-0.477,-0.322, 1.383;
6.099,-0.138,-0.623,-1.154,0.393, 0.089, 0.007,-0.754,0.000,0.000,0.000,-0.475,-0.325, 1.383;
6.111,-0.138,-0.619,-1.154,0.397, 0.089, 0.007,-0.754,0.000,0.000,0.000,-0.472,-0.328, 1.383;
6.123,-0.139,-0.615,-1.154,0.401, 0.089, 0.007,-0.754,0.000,0.000,0.000,-0.470,-0.331, 1.383;
6.135,-0.139,-0.610,-1.155,0.405, 0.089, 0.007,-0.754,0.000,0.000,0.000,-0.468,-0.334, 1.383;
6.147,-0.139,-0.606,-1.155,0.410, 0.089, 0.007,-0.754,0.000,0.000,0.000,-0.465,-0.337, 1.383;
6.160,-0.139,-0.601,-1.155,0.415, 0.089, 0.007,-0.754,0.000,0.000,0.000,-0.462,-0.340, 1.383;
6.175,-0.140,-0.596,-1.155,0.420, 0.089, 0.007,-0.754,0.000,0.000,0.000,-0.459,-0.343, 1.383;
6.179,-0.140,-0.595,-1.156,0.421, 0.089, 0.007,-0.754,0.000,0.000,0.000,-0.458,-0.344, 1.383;
6.189,-0.140,-0.591,-1.156,0.425, 0.089, 0.007,-0.754,0.000,0.000,0.000,-0.456,-0.346, 1.383;
6.211,-0.140,-0.583,-1.156,0.433, 0.089, 0.007,-0.754,0.000,0.000,0.000,-0.451,-0.351, 1.383;
6.223,-0.140,-0.579,-1.156,0.437, 0.089, 0.007,-0.754,0.000,0.000,0.000,-0.449,-0.354, 1.383;
6.236,-0.140,-0.574,-1.156,0.442, 0.089, 0.007,-0.754,0.000,0.000,0.000,-0.446,-0.357, 1.383;
6.242,-0.140,-0.572,-1.156,0.444, 0.089, 0.007,-0.754,0.000,0.000,0.000,-0.445,-0.358, 1.383;
6.252,-0.140,-0.568,-1.156,0.447, 0.089, 0.007,-0.754,0.000,0.000,0.000,-0.442,-0.361, 1.383;
6.264,-0.140,-0.564,-1.156,0.452, 0.089, 0.007,-0.754,0.000,0.000,0.000,-0.440,-0.363, 1.383;
6.275,-0.140,-0.560,-1.156,0.456, 0.089, 0.007,-0.754,0.000,0.000,0.000,-0.437,-0.366, 1.383;
6.297,-0.140,-0.552,-1.156,0.464, 0.089, 0.007,-0.754,0.000,0.000,0.000,-0.432,-0.371, 1.383;
6.309,-0.140,-0.548,-1.156,0.468, 0.089, 0.007,-0.754,0.000,0.000,0.000,-0.430,-0.373, 1.383;
6.320,-0.139,-0.544,-1.155,0.472, 0.089, 0.007,-0.754,0.000,0.000,0.000,-0.427,-0.376, 1.383;
6.333,-0.139,-0.540,-1.155,0.476, 0.089, 0.007,-0.754,0.000,0.000,0.000,-0.424,-0.378, 1.383;
6.345,-0.139,-0.535,-1.155,0.481, 0.089, 0.007,-0.754,0.000,0.000,0.000,-0.421,-0.381, 1.383;
6.348,-0.139,-0.534,-1.155,0.482, 0.089, 0.007,-0.754,0.000,0.000,0.000,-0.420,-0.381, 1.383;
6.370,-0.138,-0.526,-1.154,0.490, 0.089, 0.007,-0.754,0.000,0.000,0.000,-0.415,-0.386, 1.383;
6.383,-0.138,-0.522,-1.154,0.494, 0.089, 0.007,-0.754,0.000,0.000,0.000,-0.412,-0.388, 1.383;
6.386,-0.138,-0.521,-1.154,0.495, 0.089, 0.007,-0.754,0.000,0.000,0.000,-0.411,-0.389, 1.383;
6.398,-0.137,-0.516,-1.153,0.499, 0.089, 0.007,-0.754,0.000,0.000,0.000,-0.409,-0.391, 1.383;
6.419,-0.137,-0.509,-1.152,0.507, 0.089, 0.007,-0.754,0.000,0.000,0.000,-0.403,-0.396, 1.383;
6.422,-0.137,-0.508,-1.152,0.508, 0.089, 0.007,-0.754,0.000,0.000,0.000,-0.403,-0.396, 1.383;
6.434,-0.136,-0.504,-1.152,0.512, 0.089, 0.007,-0.754,0.000,0.000,0.000,-0.400,-0.399, 1.383;
6.455,-0.135,-0.496,-1.151,0.520, 0.089, 0.007,-0.754,0.000,0.000,0.000,-0.394,-0.403, 1.383;
6.468,-0.134,-0.491,-1.150,0.524, 0.089, 0.007,-0.754,0.000,0.000,0.000,-0.391,-0.405, 1.383;
6.480,-0.134,-0.487,-1.150,0.529, 0.089, 0.007,-0.754,0.000,0.000,0.000,-0.388,-0.407, 1.383;
6.485,-0.134,-0.485,-1.149,0.531, 0.089, 0.007,-0.754,0.000,0.000,0.000,-0.387,-0.408, 1.383;
6.495,-0.133,-0.482,-1.149,0.534, 0.089, 0.007,-0.754,0.000,0.000,0.000,-0.384,-0.410, 1.383;
6.517,-0.132,-0.474,-1.148,0.542, 0.089, 0.007,-0.754,0.000,0.000,0.000,-0.379,-0.414, 1.383;
6.520,-0.132,-0.473,-1.147,0.543, 0.089, 0.007,-0.754,0.000,0.000,0.000,-0.378,-0.415, 1.383;
6.541,-0.130,-0.465,-1.146,0.550, 0.089, 0.007,-0.754,0.000,0.000,0.000,-0.373,-0.419, 1.383;
6.553,-0.129,-0.461,-1.145,0.555, 0.089, 0.007,-0.754,0.000,0.000,0.000,-0.369,-0.421, 1.383;
6.566,-0.128,-0.457,-1.144,0.559, 0.089, 0.007,-0.754,0.000,0.000,0.000,-0.366,-0.423, 1.383;
6.570,-0.128,-0.455,-1.144,0.561, 0.089, 0.007,-0.754,0.000,0.000,0.000,-0.365,-0.424, 1.383;
6.580,-0.127,-0.452,-1.143,0.564, 0.089, 0.007,-0.754,0.000,0.000,0.000,-0.362,-0.426, 1.383;
6.602,-0.126,-0.444,-1.142,0.572, 0.089, 0.007,-0.754,0.000,0.000,0.000,-0.357,-0.429, 1.383;
6.615,-0.125,-0.440,-1.140,0.576, 0.089, 0.007,-0.754,0.000,0.000,0.000,-0.353,-0.431, 1.383;
6.619,-0.124,-0.438,-1.140,0.577, 0.089, 0.007,-0.754,0.000,0.000,0.000,-0.352,-0.432, 1.383;
6.630,-0.123,-0.434,-1.139,0.581, 0.089, 0.007,-0.754,0.000,0.000,0.000,-0.349,-0.434, 1.383;
6.652,-0.121,-0.427,-1.137,0.589, 0.089, 0.007,-0.754,0.000,0.000,0.000,-0.343,-0.437, 1.383;
6.664,-0.120,-0.423,-1.136,0.593, 0.089, 0.007,-0.754,0.000,0.000,0.000,-0.340,-0.439, 1.383;
6.667,-0.120,-0.422,-1.136,0.594, 0.089, 0.007,-0.754,0.000,0.000,0.000,-0.339,-0.440, 1.383;
6.689,-0.118,-0.414,-1.134,0.602, 0.089, 0.007,-0.754,0.000,0.000,0.000,-0.333,-0.443, 1.383;
6.693,-0.117,-0.413,-1.133,0.603, 0.089, 0.007,-0.754,0.000,0.000,0.000,-0.332,-0.444, 1.383;
6.703,-0.116,-0.409,-1.132,0.607, 0.089, 0.007,-0.754,0.000,0.000,0.000,-0.329,-0.445, 1.383;
6.715,-0.115,-0.405,-1.131,0.611, 0.089, 0.007,-0.754,0.000,0.000,0.000,-0.326,-0.447, 1.383;
6.737,-0.113,-0.398,-1.129,0.618, 0.089, 0.007,-0.754,0.000,0.000,0.000,-0.320,-0.450, 1.383;
6.749,-0.112,-0.393,-1.127,0.622, 0.089, 0.007,-0.754,0.000,0.000,0.000,-0.316,-0.452, 1.383;
6.753,-0.111,-0.392,-1.127,0.624, 0.089, 0.007,-0.754,0.000,0.000,0.000,-0.315,-0.453, 1.383;
6.765,-0.110,-0.388,-1.126,0.628, 0.089, 0.007,-0.754,0.000,0.000,0.000,-0.312,-0.454, 1.383;
6.777,-0.108,-0.384,-1.124,0.632, 0.089, 0.007,-0.754,0.000,0.000,0.000,-0.309,-0.456, 1.383;
6.789,-0.107,-0.380,-1.123,0.636, 0.089, 0.007,-0.754,0.000,0.000,0.000,-0.305,-0.458, 1.383;
6.811,-0.104,-0.373,-1.120,0.643, 0.089, 0.007,-0.754,0.000,0.000,0.000,-0.299,-0.461, 1.383;
6.816,-0.104,-0.371,-1.119,0.645, 0.089, 0.007,-0.754,0.000,0.000,0.000,-0.298,-0.461, 1.383;
6.826,-0.102,-0.368,-1.118,0.648, 0.089, 0.007,-0.754,0.000,0.000,0.000,-0.295,-0.463, 1.383;
6.837,-0.101,-0.364,-1.117,0.652, 0.089, 0.007,-0.754,0.000,0.000,0.000,-0.292,-0.464, 1.383;
6.859,-0.098,-0.356,-1.114,0.659, 0.089, 0.007,-0.754,0.000,0.000,0.000,-0.285,-0.467, 1.383;
6.871,-0.096,-0.352,-1.112,0.663, 0.089, 0.007,-0.754,0.000,0.000,0.000,-0.282,-0.468, 1.383;
6.884,-0.095,-0.348,-1.110,0.668, 0.089, 0.007,-0.754,0.000,0.000,0.000,-0.278,-0.470, 1.383;
6.887,-0.094,-0.347,-1.110,0.669, 0.089, 0.007,-0.754,0.000,0.000,0.000,-0.277,-0.470, 1.383;
6.899,-0.092,-0.343,-1.108,0.673, 0.089, 0.007,-0.754,0.000,0.000,0.000,-0.274,-0.471, 1.383;
6.921,-0.089,-0.336,-1.105,0.680, 0.089, 0.007,-0.754,0.000,0.000,0.000,-0.267,-0.474, 1.383;
6.924,-0.089,-0.335,-1.105,0.681, 0.089, 0.007,-0.754,0.000,0.000,0.000,-0.266,-0.474, 1.383;
6.935,-0.087,-0.331,-1.103,0.684, 0.089, 0.007,-0.754,0.000,0.000,0.000,-0.263,-0.476, 1.383;
6.957,-0.084,-0.324,-1.100,0.692, 0.089, 0.007,-0.754,0.000,0.000,0.000,-0.256,-0.478, 1.383;
6.960,-0.083,-0.323,-1.099,0.693, 0.089, 0.007,-0.754,0.000,0.000,0.000,-0.256,-0.478, 1.383;
6.982,-0.080,-0.316,-1.096,0.700, 0.089, 0.007,-0.754,0.000,0.000,0.000,-0.249,-0.480, 1.383;
6.994,-0.078,-0.313,-1.094,0.703, 0.089, 0.007,-0.754,0.000,0.000,0.000,-0.246,-0.482, 1.383;
7.006,-0.076,-0.309,-1.092,0.707, 0.089, 0.007,-0.754,0.000,0.000,0.000,-0.242,-0.483, 1.383;
7.018,-0.074,-0.305,-1.090,0.711, 0.089, 0.007,-0.754,0.000,0.000,0.000,-0.238,-0.484, 1.383;
7.031,-0.072,-0.301,-1.088,0.715, 0.089, 0.007,-0.754,0.000,0.000,0.000,-0.234,-0.485, 1.383;
7.035,-0.071,-0.300,-1.087,0.716, 0.089, 0.007,-0.754,0.000,0.000,0.000,-0.233,-0.486, 1.383;
7.045,-0.069,-0.296,-1.085,0.720, 0.089, 0.007,-0.754,0.000,0.000,0.000,-0.230,-0.486, 1.383;
7.067,-0.065,-0.289,-1.081,0.726, 0.089, 0.007,-0.754,0.000,0.000,0.000,-0.224,-0.488, 1.383;
7.080,-0.063,-0.285,-1.079,0.730, 0.089, 0.007,-0.754,0.000,0.000,0.000,-0.220,-0.489, 1.383;
7.083,-0.063,-0.284,-1.078,0.731, 0.089, 0.007,-0.754,0.000,0.000,0.000,-0.219,-0.490, 1.383;
7.094,-0.060,-0.281,-1.076,0.735, 0.089, 0.007,-0.754,0.000,0.000,0.000,-0.215,-0.491, 1.383;
7.116,-0.056,-0.274,-1.072,0.742, 0.089, 0.007,-0.754,0.000,0.000,0.000,-0.209,-0.492, 1.383;
7.119,-0.056,-0.273,-1.072,0.743, 0.089, 0.007,-0.754,0.000,0.000,0.000,-0.208,-0.492, 1.383;
7.130,-0.054,-0.270,-1.070,0.746, 0.089, 0.007,-0.754,0.000,0.000,0.000,-0.204,-0.493, 1.383;
7.152,-0.050,-0.263,-1.066,0.752, 0.089, 0.007,-0.754,0.000,0.000,0.000,-0.198,-0.495, 1.383;
7.165,-0.047,-0.260,-1.063,0.756, 0.089, 0.007,-0.754,0.000,0.000,0.000,-0.194,-0.496, 1.383;
7.176,-0.045,-0.256,-1.061,0.760, 0.089, 0.007,-0.754,0.000,0.000,0.000,-0.190,-0.496, 1.383;
7.189,-0.042,-0.252,-1.058,0.763, 0.089, 0.007,-0.754,0.000,0.000,0.000,-0.186,-0.497, 1.383;
7.192,-0.042,-0.251,-1.058,0.764, 0.089, 0.007,-0.754,0.000,0.000,0.000,-0.185,-0.497, 1.383;
7.214,-0.037,-0.245,-1.053,0.771, 0.089, 0.007,-0.754,0.000,0.000,0.000,-0.179,-0.499, 1.383;
7.217,-0.037,-0.244,-1.052,0.772, 0.089, 0.007,-0.754,0.000,0.000,0.000,-0.178,-0.499, 1.383;
7.229,-0.034,-0.241,-1.050,0.775, 0.089, 0.007,-0.754,0.000,0.000,0.000,-0.174,-0.499, 1.383;
7.251,-0.030,-0.234,-1.046,0.782, 0.089, 0.007,-0.754,0.000,0.000,0.000,-0.167,-0.501, 1.383;
7.253,-0.029,-0.233,-1.045,0.782, 0.089, 0.007,-0.754,0.000,0.000,0.000,-0.166,-0.501, 1.383;
7.275,-0.024,-0.227,-1.040,0.789, 0.089, 0.007,-0.754,0.000,0.000,0.000,-0.160,-0.502, 1.383;
7.287,-0.022,-0.224,-1.038,0.792, 0.089, 0.007,-0.754,0.000,0.000,0.000,-0.156,-0.502, 1.383;
7.299,-0.019,-0.220,-1.035,0.795, 0.089, 0.007,-0.754,0.000,0.000,0.000,-0.152,-0.503, 1.383;
7.311,-0.016,-0.217,-1.032,0.799, 0.089, 0.007,-0.754,0.000,0.000,0.000,-0.148,-0.503, 1.383;
7.323,-0.014,-0.214,-1.030,0.802, 0.089, 0.007,-0.754,0.000,0.000,0.000,-0.145,-0.504, 1.383;
7.335,-0.011,-0.210,-1.027,0.805, 0.089, 0.007,-0.754,0.000,0.000,0.000,-0.141,-0.504, 1.383;
7.348,-0.008,-0.207,-1.024,0.809, 0.089, 0.007,-0.754,0.000,0.000,0.000,-0.137,-0.504, 1.383;
7.360,-0.005,-0.203,-1.021,0.812, 0.089, 0.007,-0.754,0.000,0.000,0.000,-0.133,-0.505, 1.383;
7.372,-0.003,-0.200,-1.018,0.816, 0.089, 0.007,-0.754,0.000,0.000,0.000,-0.129,-0.505, 1.383;
7.385,0.000,-0.197,-1.016,0.819, 0.089, 0.007,-0.754,0.000,0.000,0.000,-0.125,-0.505, 1.383;
7.397,0.003,-0.193,-1.013,0.822, 0.089, 0.007,-0.754,0.000,0.000,0.000,-0.122,-0.506, 1.383;
7.401,0.004,-0.192,-1.012,0.824, 0.089, 0.007,-0.754,0.000,0.000,0.000,-0.120,-0.506, 1.383;
7.413,0.007,-0.189,-1.009,0.827, 0.089, 0.007,-0.754,0.000,0.000,0.000,-0.117,-0.506, 1.383;
7.434,0.012,-0.184,-1.004,0.832, 0.089, 0.007,-0.754,0.000,0.000,0.000,-0.110,-0.506, 1.383;
7.447,0.015,-0.180,-1.001,0.836, 0.089, 0.007,-0.754,0.000,0.000,0.000,-0.106,-0.506, 1.383;
7.450,0.016,-0.180,-1.000,0.836, 0.089, 0.007,-0.754,0.000,0.000,0.000,-0.105,-0.506, 1.383;
7.461,0.019,-0.177,-0.997,0.839, 0.089, 0.007,-0.754,0.000,0.000,0.000,-0.102,-0.507, 1.383;
7.482,0.024,-0.171,-0.992,0.845, 0.089, 0.007,-0.754,0.000,0.000,0.000,-0.095,-0.507, 1.383;
7.496,0.027,-0.168,-0.988,0.848, 0.089, 0.007,-0.754,0.000,0.000,0.000,-0.091,-0.507, 1.383;
7.500,0.029,-0.167,-0.987,0.849, 0.089, 0.007,-0.754,0.000,0.000,0.000,-0.089,-0.507, 1.383;
7.511,0.031,-0.164,-0.984,0.852, 0.089, 0.007,-0.754,0.000,0.000,0.000,-0.086,-0.507, 1.383;
7.522,0.034,-0.161,-0.982,0.855, 0.089, 0.007,-0.754,0.000,0.000,0.000,-0.082,-0.507, 1.383;
7.544,0.040,-0.156,-0.976,0.860, 0.089, 0.007,-0.754,0.000,0.000,0.000,-0.075,-0.507, 1.383;
7.548,0.041,-0.155,-0.975,0.861, 0.089, 0.007,-0.754,0.000,0.000,0.000,-0.074,-0.506, 1.383;
7.560,0.044,-0.152,-0.972,0.864, 0.089, 0.007,-0.754,0.000,0.000,0.000,-0.070,-0.506, 1.383;
7.571,0.047,-0.149,-0.969,0.867, 0.089, 0.007,-0.754,0.000,0.000,0.000,-0.067,-0.506, 1.383;
7.594,0.053,-0.144,-0.963,0.872, 0.089, 0.007,-0.754,0.000,0.000,0.000,-0.060,-0.506, 1.383;
7.597,0.054,-0.143,-0.962,0.873, 0.089, 0.007,-0.754,0.000,0.000,0.000,-0.059,-0.506, 1.383;
7.608,0.057,-0.140,-0.959,0.876, 0.089, 0.007,-0.754,0.000,0.000,0.000,-0.055,-0.506, 1.383;
7.631,0.063,-0.135,-0.953,0.881, 0.089, 0.007,-0.754,0.000,0.000,0.000,-0.048,-0.505, 1.383;
7.634,0.064,-0.134,-0.952,0.882, 0.089, 0.007,-0.754,0.000,0.000,0.000,-0.047,-0.505, 1.383;
7.645,0.067,-0.132,-0.949,0.884, 0.089, 0.007,-0.754,0.000,0.000,0.000,-0.044,-0.505, 1.383;
7.657,0.070,-0.129,-0.945,0.887, 0.089, 0.007,-0.754,0.000,0.000,0.000,-0.040,-0.504, 1.383;
7.669,0.074,-0.126,-0.942,0.890, 0.089, 0.007,-0.754,0.000,0.000,0.000,-0.036,-0.504, 1.383;
7.691,0.080,-0.121,-0.936,0.894, 0.089, 0.007,-0.754,0.000,0.000,0.000,-0.029,-0.503, 1.383;
7.703,0.083,-0.119,-0.932,0.897, 0.089, 0.007,-0.754,0.000,0.000,0.000,-0.026,-0.503, 1.383;
7.707,0.085,-0.118,-0.931,0.898, 0.089, 0.007,-0.754,0.000,0.000,0.000,-0.024,-0.502, 1.383;
7.718,0.088,-0.115,-0.928,0.900, 0.089, 0.007,-0.754,0.000,0.000,0.000,-0.021,-0.502, 1.383;
7.731,0.091,-0.113,-0.925,0.903, 0.089, 0.007,-0.754,0.000,0.000,0.000,-0.017,-0.501, 1.383;
7.753,0.098,-0.108,-0.918,0.908, 0.089, 0.007,-0.754,0.000,0.000,0.000,-0.010,-0.500, 1.383;
7.756,0.099,-0.107,-0.917,0.908, 0.089, 0.007,-0.754,0.000,0.000,0.000,-0.009,-0.500, 1.383;
7.766,0.102,-0.105,-0.914,0.911, 0.089, 0.007,-0.754,0.000,0.000,0.000,-0.006,-0.500, 1.383;
7.788,0.108,-0.101,-0.908,0.915, 0.089, 0.007,-0.754,0.000,0.000,0.000, 0.001,-0.499, 1.383;
7.801,0.112,-0.098,-0.904,0.918, 0.089, 0.007,-0.754,0.000,0.000,0.000, 0.005,-0.498, 1.383;
7.813,0.115,-0.096,-0.900,0.920, 0.089, 0.007,-0.754,0.000,0.000,0.000, 0.008,-0.497, 1.383;
7.825,0.119,-0.093,-0.897,0.922, 0.089, 0.007,-0.754,0.000,0.000,0.000, 0.012,-0.496, 1.383;
7.837,0.123,-0.091,-0.893,0.925, 0.089, 0.007,-0.754,0.000,0.000,0.000, 0.016,-0.496, 1.383;
7.849,0.126,-0.089,-0.890,0.927, 0.089, 0.007,-0.754,0.000,0.000,0.000, 0.019,-0.495, 1.383;
7.862,0.130,-0.086,-0.886,0.930, 0.089, 0.007,-0.754,0.000,0.000,0.000, 0.023,-0.494, 1.383;
7.867,0.132,-0.085,-0.884,0.930, 0.089, 0.007,-0.754,0.000,0.000,0.000, 0.025,-0.493, 1.383;
7.878,0.135,-0.083,-0.881,0.933, 0.089, 0.007,-0.754,0.000,0.000,0.000, 0.028,-0.493, 1.383;
7.889,0.139,-0.081,-0.877,0.935, 0.089, 0.007,-0.754,0.000,0.000,0.000, 0.032,-0.492, 1.383;
7.912,0.146,-0.077,-0.870,0.939, 0.089, 0.007,-0.754,0.000,0.000,0.000, 0.039,-0.490, 1.383;
7.916,0.147,-0.076,-0.869,0.940, 0.089, 0.007,-0.754,0.000,0.000,0.000, 0.040,-0.490, 1.383;
7.928,0.151,-0.074,-0.865,0.942, 0.089, 0.007,-0.754,0.000,0.000,0.000, 0.043,-0.489, 1.383;
7.939,0.154,-0.072,-0.862,0.943, 0.089, 0.007,-0.754,0.000,0.000,0.000, 0.047,-0.488, 1.383;
7.950,0.157,-0.070,-0.858,0.945, 0.089, 0.007,-0.754,0.000,0.000,0.000, 0.050,-0.487, 1.383;
7.972,0.164,-0.067,-0.851,0.949, 0.089, 0.007,-0.754,0.000,0.000,0.000, 0.057,-0.485, 1.383;
7.978,0.166,-0.066,-0.850,0.950, 0.089, 0.007,-0.754,0.000,0.000,0.000, 0.059,-0.484, 1.383;
7.989,0.170,-0.064,-0.846,0.952, 0.089, 0.007,-0.754,0.000,0.000,0.000, 0.062,-0.483, 1.383;
8.000,0.173,-0.062,-0.842,0.954, 0.089, 0.007,-0.754,0.000,0.000,0.000, 0.065,-0.482, 1.383;
8.012,0.177,-0.060,-0.839,0.956, 0.089, 0.007,-0.754,0.000,0.000,0.000, 0.069,-0.481, 1.383;
8.024,0.181,-0.058,-0.835,0.958, 0.089, 0.007,-0.754,0.000,0.000,0.000, 0.072,-0.480, 1.383;
8.046,0.188,-0.055,-0.828,0.961, 0.089, 0.007,-0.754,0.000,0.000,0.000, 0.079,-0.478, 1.383;
8.050,0.190,-0.054,-0.826,0.962, 0.089, 0.007,-0.754,0.000,0.000,0.000, 0.080,-0.477, 1.383;
8.061,0.193,-0.053,-0.823,0.963, 0.089, 0.007,-0.754,0.000,0.000,0.000, 0.083,-0.476, 1.383;
8.073,0.197,-0.051,-0.819,0.965, 0.089, 0.007,-0.754,0.000,0.000,0.000, 0.087,-0.475, 1.383;
8.084,0.201,-0.049,-0.815,0.967, 0.089, 0.007,-0.754,0.000,0.000,0.000, 0.090,-0.473, 1.383;
8.107,0.208,-0.046,-0.808,0.970, 0.089, 0.007,-0.754,0.000,0.000,0.000, 0.097,-0.471, 1.383;
8.110,0.209,-0.045,-0.806,0.970, 0.089, 0.007,-0.754,0.000,0.000,0.000, 0.098,-0.470, 1.383;
8.121,0.213,-0.044,-0.803,0.972, 0.089, 0.007,-0.754,0.000,0.000,0.000, 0.101,-0.469, 1.383;
8.143,0.220,-0.041,-0.796,0.975, 0.089, 0.007,-0.754,0.000,0.000,0.000, 0.107,-0.466, 1.383;
8.155,0.224,-0.039,-0.792,0.976, 0.089, 0.007,-0.754,0.000,0.000,0.000, 0.111,-0.465, 1.383;
8.168,0.229,-0.038,-0.787,0.978, 0.089, 0.007,-0.754,0.000,0.000,0.000, 0.115,-0.463, 1.383;
8.171,0.230,-0.037,-0.786,0.979, 0.089, 0.007,-0.754,0.000,0.000,0.000, 0.115,-0.463, 1.383;
8.193,0.237,-0.035,-0.779,0.981, 0.089, 0.007,-0.754,0.000,0.000,0.000, 0.122,-0.460, 1.383;
8.205,0.241,-0.033,-0.775,0.983, 0.089, 0.007,-0.754,0.000,0.000,0.000, 0.125,-0.458, 1.383;
8.207,0.242,-0.033,-0.774,0.983, 0.089, 0.007,-0.754,0.000,0.000,0.000, 0.126,-0.458, 1.383;
8.229,0.249,-0.030,-0.767,0.986, 0.089, 0.007,-0.754,0.000,0.000,0.000, 0.132,-0.455, 1.383;
8.234,0.251,-0.030,-0.765,0.986, 0.089, 0.007,-0.754,0.000,0.000,0.000, 0.133,-0.454, 1.383;
8.244,0.254,-0.029,-0.762,0.987, 0.089, 0.007,-0.754,0.000,0.000,0.000, 0.136,-0.453, 1.383;
8.266,0.262,-0.026,-0.754,0.990, 0.089, 0.007,-0.754,0.000,0.000,0.000, 0.142,-0.450, 1.383;
8.270,0.263,-0.026,-0.753,0.990, 0.089, 0.007,-0.754,0.000,0.000,0.000, 0.143,-0.449, 1.383;
8.281,0.267,-0.025,-0.749,0.991, 0.089, 0.007,-0.754,0.000,0.000,0.000, 0.146,-0.448, 1.383;
8.293,0.271,-0.024,-0.745,0.992, 0.089, 0.007,-0.754,0.000,0.000,0.000, 0.150,-0.446, 1.383;
8.315,0.279,-0.021,-0.737,0.995, 0.089, 0.007,-0.754,0.000,0.000,0.000, 0.156,-0.443, 1.383;
8.320,0.280,-0.021,-0.735,0.995, 0.089, 0.007,-0.754,0.000,0.000,0.000, 0.157,-0.442, 1.383;
8.330,0.284,-0.020,-0.732,0.996, 0.089, 0.007,-0.754,0.000,0.000,0.000, 0.160,-0.440, 1.383;
8.341,0.288,-0.019,-0.728,0.997, 0.089, 0.007,-0.754,0.000,0.000,0.000, 0.163,-0.438, 1.383;
8.365,0.296,-0.017,-0.720,0.999, 0.089, 0.007,-0.754,0.000,0.000,0.000, 0.169,-0.435, 1.383;
8.369,0.297,-0.016,-0.718,0.999, 0.089, 0.007,-0.754,0.000,0.000,0.000, 0.170,-0.434, 1.383;
8.381,0.301,-0.015,-0.714,1.000, 0.089, 0.007,-0.754,0.000,0.000,0.000, 0.173,-0.432, 1.383;
8.392,0.305,-0.015,-0.711,1.001, 0.089, 0.007,-0.754,0.000,0.000,0.000, 0.176,-0.430, 1.383;
8.403,0.309,-0.014,-0.707,1.002, 0.089, 0.007,-0.754,0.000,0.000,0.000, 0.179,-0.428, 1.383;
8.425,0.317,-0.012,-0.699,1.004, 0.089, 0.007,-0.754,0.000,0.000,0.000, 0.185,-0.425, 1.383;
8.431,0.319,-0.012,-0.697,1.004, 0.089, 0.007,-0.754,0.000,0.000,0.000, 0.187,-0.424, 1.383;
8.442,0.323,-0.011,-0.693,1.005, 0.089, 0.007,-0.754,0.000,0.000,0.000, 0.190,-0.422, 1.383;
8.453,0.327,-0.010,-0.689,1.006, 0.089, 0.007,-0.754,0.000,0.000,0.000, 0.193,-0.420, 1.383;
8.465,0.331,-0.009,-0.685,1.007, 0.089, 0.007,-0.754,0.000,0.000,0.000, 0.196,-0.418, 1.383;
8.476,0.335,-0.009,-0.681,1.007, 0.089, 0.007,-0.754,0.000,0.000,0.000, 0.199,-0.416, 1.383;
8.498,0.343,-0.007,-0.673,1.008, 0.089, 0.007,-0.754,0.000,0.000,0.000, 0.204,-0.412, 1.383;
8.501,0.344,-0.007,-0.672,1.009, 0.089, 0.007,-0.754,0.000,0.000,0.000, 0.205,-0.411, 1.383;
8.513,0.348,-0.007,-0.668,1.009, 0.089, 0.007,-0.754,0.000,0.000,0.000, 0.208,-0.409, 1.383;
8.534,0.356,-0.006,-0.660,1.010, 0.089, 0.007,-0.754,0.000,0.000,0.000, 0.213,-0.405, 1.383;
8.547,0.360,-0.005,-0.656,1.011, 0.089, 0.007,-0.754,0.000,0.000,0.000, 0.216,-0.402, 1.383;
8.559,0.365,-0.004,-0.651,1.011, 0.089, 0.007,-0.754,0.000,0.000,0.000, 0.219,-0.400, 1.383;
8.571,0.369,-0.004,-0.647,1.012, 0.089, 0.007,-0.754,0.000,0.000,0.000, 0.222,-0.398, 1.383;
8.582,0.373,-0.004,-0.643,1.012, 0.089, 0.007,-0.754,0.000,0.000,0.000, 0.225,-0.395, 1.383;
8.595,0.377,-0.003,-0.639,1.013, 0.089, 0.007,-0.754,0.000,0.000,0.000, 0.228,-0.393, 1.383;
8.606,0.381,-0.003,-0.635,1.013, 0.089, 0.007,-0.754,0.000,0.000,0.000, 0.231,-0.391, 1.383;
8.618,0.385,-0.002,-0.630,1.014, 0.089, 0.007,-0.754,0.000,0.000,0.000, 0.234,-0.388, 1.383;
8.630,0.390,-0.002,-0.626,1.014, 0.089, 0.007,-0.754,0.000,0.000,0.000, 0.237,-0.386, 1.383;
8.642,0.394,-0.002,-0.622,1.014, 0.089, 0.007,-0.754,0.000,0.000,0.000, 0.239,-0.384, 1.383;
8.653,0.398,-0.001,-0.618,1.014, 0.089, 0.007,-0.754,0.000,0.000,0.000, 0.242,-0.381, 1.383;
8.664,0.402,-0.001,-0.614,1.015, 0.089, 0.007,-0.754,0.000,0.000,0.000, 0.245,-0.379, 1.383;
8.675,0.406,-0.001,-0.610,1.015, 0.089, 0.007,-0.754,0.000,0.000,0.000, 0.247,-0.377, 1.383;
8.686,0.410,-0.001,-0.606,1.015, 0.089, 0.007,-0.754,0.000,0.000,0.000, 0.250,-0.374, 1.383;
8.697,0.414,-0.001,-0.602,1.015, 0.089, 0.007,-0.754,0.000,0.000,0.000, 0.252,-0.372, 1.383;
8.708,0.418,-0.001,-0.598,1.015, 0.089, 0.007,-0.754,0.000,0.000,0.000, 0.255,-0.370, 1.383;
8.729,0.425,-0.000,-0.591,1.015, 0.089, 0.007,-0.754,0.000,0.000,0.000, 0.260,-0.365, 1.383;
8.740,0.429,-0.000,-0.587,1.015, 0.089, 0.007,-0.754,0.000,0.000,0.000, 0.262,-0.362, 1.383;
8.751,0.433,-0.000,-0.582,1.015, 0.089, 0.007,-0.754,0.000,0.000,0.000, 0.265,-0.360, 1.383;
8.763,0.437,-0.000,-0.578,1.015, 0.089, 0.007,-0.754,0.000,0.000,0.000, 0.267,-0.357, 1.383;
8.774,0.441,-0.001,-0.574,1.015, 0.089, 0.007,-0.754,0.000,0.000,0.000, 0.270,-0.355, 1.383;
8.785,0.445,-0.001,-0.570,1.015, 0.089, 0.007,-0.754,0.000,0.000,0.000, 0.272,-0.352, 1.383;
8.796,0.449,-0.001,-0.567,1.015, 0.089, 0.007,-0.754,0.000,0.000,0.000, 0.274,-0.350, 1.383;
8.807,0.453,-0.001,-0.563,1.015, 0.089, 0.007,-0.754,0.000,0.000,0.000, 0.277,-0.347, 1.383;
8.818,0.457,-0.001,-0.559,1.015, 0.089, 0.007,-0.754,0.000,0.000,0.000, 0.279,-0.345, 1.383;
8.840,0.465,-0.001,-0.551,1.014, 0.089, 0.007,-0.754,0.000,0.000,0.000, 0.284,-0.340, 1.383;
8.852,0.469,-0.002,-0.547,1.014, 0.089, 0.007,-0.754,0.000,0.000,0.000, 0.286,-0.337, 1.383;
8.863,0.474,-0.002,-0.542,1.014, 0.089, 0.007,-0.754,0.000,0.000,0.000, 0.289,-0.334, 1.383;
8.875,0.478,-0.002,-0.538,1.014, 0.089, 0.007,-0.754,0.000,0.000,0.000, 0.291,-0.331, 1.383;
8.888,0.482,-0.003,-0.534,1.013, 0.089, 0.007,-0.754,0.000,0.000,0.000, 0.293,-0.328, 1.383;
8.900,0.487,-0.003,-0.529,1.013, 0.089, 0.007,-0.754,0.000,0.000,0.000, 0.296,-0.326, 1.383;
8.912,0.491,-0.004,-0.525,1.012, 0.089, 0.007,-0.754,0.000,0.000,0.000, 0.298,-0.323, 1.383;
8.924,0.495,-0.004,-0.521,1.012, 0.089, 0.007,-0.754,0.000,0.000,0.000, 0.301,-0.320, 1.383;
8.936,0.499,-0.004,-0.516,1.011, 0.089, 0.007,-0.754,0.000,0.000,0.000, 0.303,-0.317, 1.383;
8.947,0.504,-0.005,-0.512,1.011, 0.089, 0.007,-0.754,0.000,0.000,0.000, 0.305,-0.314, 1.383;
8.959,0.508,-0.006,-0.508,1.010, 0.089, 0.007,-0.754,0.000,0.000,0.000, 0.308,-0.311, 1.383;
8.971,0.512,-0.006,-0.504,1.010, 0.089, 0.007,-0.754,0.000,0.000,0.000, 0.310,-0.308, 1.383;
8.984,0.517,-0.007,-0.499,1.009, 0.089, 0.007,-0.754,0.000,0.000,0.000, 0.312,-0.305, 1.383;
8.996,0.521,-0.007,-0.495,1.008, 0.089, 0.007,-0.754,0.000,0.000,0.000, 0.314,-0.302, 1.383;
9.008,0.525,-0.008,-0.491,1.008, 0.089, 0.007,-0.754,0.000,0.000,0.000, 0.317,-0.299, 1.383;
9.020,0.529,-0.009,-0.487,1.007, 0.089, 0.007,-0.754,0.000,0.000,0.000, 0.319,-0.296, 1.383;
9.032,0.534,-0.010,-0.482,1.006, 0.089, 0.007,-0.754,0.000,0.000,0.000, 0.321,-0.292, 1.383;
9.045,0.538,-0.010,-0.478,1.005, 0.089, 0.007,-0.754,0.000,0.000,0.000, 0.323,-0.289, 1.383;
9.058,0.543,-0.011,-0.473,1.005, 0.089, 0.007,-0.754,0.000,0.000,0.000, 0.326,-0.286, 1.383;
9.071,0.547,-0.012,-0.468,1.004, 0.089, 0.007,-0.754,0.000,0.000,0.000, 0.328,-0.282, 1.383;
9.083,0.552,-0.013,-0.464,1.003, 0.089, 0.007,-0.754,0.000,0.000,0.000, 0.330,-0.279, 1.383;
9.096,0.556,-0.014,-0.460,1.002, 0.089, 0.007,-0.754,0.000,0.000,0.000, 0.332,-0.276, 1.383;
9.107,0.560,-0.015,-0.456,1.001, 0.089, 0.007,-0.754,0.000,0.000,0.000, 0.334,-0.273, 1.383;
9.112,0.562,-0.015,-0.454,1.000, 0.089, 0.007,-0.754,0.000,0.000,0.000, 0.335,-0.271, 1.383;
9.134,0.569,-0.017,-0.446,0.999, 0.089, 0.007,-0.754,0.000,0.000,0.000, 0.339,-0.265, 1.383;
9.139,0.571,-0.018,-0.445,0.998, 0.089, 0.007,-0.754,0.000,0.000,0.000, 0.339,-0.264, 1.383;
9.149,0.575,-0.019,-0.441,0.997, 0.089, 0.007,-0.754,0.000,0.000,0.000, 0.341,-0.261, 1.383;
9.160,0.579,-0.020,-0.437,0.996, 0.089, 0.007,-0.754,0.000,0.000,0.000, 0.343,-0.258, 1.383;
9.182,0.586,-0.022,-0.430,0.994, 0.089, 0.007,-0.754,0.000,0.000,0.000, 0.346,-0.252, 1.383;
9.195,0.590,-0.023,-0.425,0.993, 0.089, 0.007,-0.754,0.000,0.000,0.000, 0.348,-0.249, 1.383;
9.200,0.592,-0.023,-0.424,0.992, 0.089, 0.007,-0.754,0.000,0.000,0.000, 0.349,-0.248, 1.383;
9.212,0.596,-0.025,-0.420,0.991, 0.089, 0.007,-0.754,0.000,0.000,0.000, 0.351,-0.244, 1.383;
9.224,0.600,-0.026,-0.415,0.990, 0.089, 0.007,-0.754,0.000,0.000,0.000, 0.352,-0.241, 1.383;
9.235,0.604,-0.027,-0.412,0.989, 0.089, 0.007,-0.754,0.000,0.000,0.000, 0.354,-0.238, 1.383;
9.247,0.608,-0.028,-0.408,0.988, 0.089, 0.007,-0.754,0.000,0.000,0.000, 0.356,-0.235, 1.383;
9.258,0.612,-0.030,-0.404,0.986, 0.089, 0.007,-0.754,0.000,0.000,0.000, 0.357,-0.231, 1.383;
9.281,0.620,-0.032,-0.396,0.984, 0.089, 0.007,-0.754,0.000,0.000,0.000, 0.361,-0.225, 1.383;
9.284,0.621,-0.033,-0.395,0.983, 0.089, 0.007,-0.754,0.000,0.000,0.000, 0.361,-0.224, 1.383;
9.296,0.625,-0.034,-0.391,0.982, 0.089, 0.007,-0.754,0.000,0.000,0.000, 0.363,-0.221, 1.383;
9.317,0.632,-0.037,-0.384,0.979, 0.089, 0.007,-0.754,0.000,0.000,0.000, 0.365,-0.215, 1.383;
9.329,0.636,-0.038,-0.380,0.978, 0.089, 0.007,-0.754,0.000,0.000,0.000, 0.367,-0.211, 1.383;
9.333,0.638,-0.039,-0.378,0.977, 0.089, 0.007,-0.754,0.000,0.000,0.000, 0.367,-0.210, 1.383;
9.344,0.641,-0.040,-0.375,0.976, 0.089, 0.007,-0.754,0.000,0.000,0.000, 0.369,-0.207, 1.383;
9.366,0.648,-0.043,-0.367,0.973, 0.089, 0.007,-0.754,0.000,0.000,0.000, 0.372,-0.201, 1.383;
9.378,0.653,-0.045,-0.363,0.971, 0.089, 0.007,-0.754,0.000,0.000,0.000, 0.373,-0.197, 1.383;
9.392,0.657,-0.047,-0.359,0.969, 0.089, 0.007,-0.754,0.000,0.000,0.000, 0.375,-0.193, 1.383;
9.397,0.659,-0.047,-0.357,0.969, 0.089, 0.007,-0.754,0.000,0.000,0.000, 0.375,-0.192, 1.383;
9.406,0.662,-0.049,-0.354,0.967, 0.089, 0.007,-0.754,0.000,0.000,0.000, 0.376,-0.189, 1.383;
9.417,0.666,-0.050,-0.350,0.966, 0.089, 0.007,-0.754,0.000,0.000,0.000, 0.378,-0.186, 1.383;
9.439,0.673,-0.054,-0.343,0.962, 0.089, 0.007,-0.754,0.000,0.000,0.000, 0.380,-0.179, 1.383;
9.443,0.674,-0.054,-0.342,0.962, 0.089, 0.007,-0.754,0.000,0.000,0.000, 0.380,-0.178, 1.383;
9.454,0.677,-0.056,-0.338,0.960, 0.089, 0.007,-0.754,0.000,0.000,0.000, 0.382,-0.175, 1.383;
9.476,0.684,-0.059,-0.331,0.957, 0.089, 0.007,-0.754,0.000,0.000,0.000, 0.384,-0.168, 1.383;
9.489,0.689,-0.061,-0.327,0.955, 0.089, 0.007,-0.754,0.000,0.000,0.000, 0.385,-0.164, 1.383;
9.493,0.690,-0.062,-0.326,0.954, 0.089, 0.007,-0.754,0.000,0.000,0.000, 0.386,-0.163, 1.383;
9.504,0.693,-0.064,-0.322,0.952, 0.089, 0.007,-0.754,0.000,0.000,0.000, 0.387,-0.160, 1.383;
9.515,0.697,-0.066,-0.319,0.950, 0.089, 0.007,-0.754,0.000,0.000,0.000, 0.388,-0.157, 1.383;
9.537,0.704,-0.069,-0.312,0.947, 0.089, 0.007,-0.754,0.000,0.000,0.000, 0.390,-0.150, 1.383;
9.549,0.708,-0.071,-0.308,0.945, 0.089, 0.007,-0.754,0.000,0.000,0.000, 0.391,-0.146, 1.383;
9.554,0.709,-0.072,-0.307,0.944, 0.089, 0.007,-0.754,0.000,0.000,0.000, 0.391,-0.145, 1.383;
9.573,0.715,-0.076,-0.300,0.940, 0.089, 0.007,-0.754,0.000,0.000,0.000, 0.393,-0.139, 1.383;
9.586,0.719,-0.078,-0.297,0.938, 0.089, 0.007,-0.754,0.000,0.000,0.000, 0.394,-0.135, 1.383;
9.590,0.721,-0.079,-0.295,0.937, 0.089, 0.007,-0.754,0.000,0.000,0.000, 0.394,-0.134, 1.383;
9.601,0.724,-0.081,-0.292,0.935, 0.089, 0.007,-0.754,0.000,0.000,0.000, 0.395,-0.131, 1.383;
9.623,0.731,-0.085,-0.285,0.931, 0.089, 0.007,-0.754,0.000,0.000,0.000, 0.397,-0.124, 1.383;
9.627,0.732,-0.085,-0.284,0.930, 0.089, 0.007,-0.754,0.000,0.000,0.000, 0.397,-0.123, 1.383;
9.638,0.735,-0.087,-0.281,0.928, 0.089, 0.007,-0.754,0.000,0.000,0.000, 0.398,-0.120, 1.383;
9.660,0.742,-0.092,-0.274,0.924, 0.089, 0.007,-0.754,0.000,0.000,0.000, 0.399,-0.113, 1.383;
9.672,0.746,-0.094,-0.270,0.922, 0.089, 0.007,-0.754,0.000,0.000,0.000, 0.400,-0.109, 1.383;
9.675,0.746,-0.095,-0.269,0.921, 0.089, 0.007,-0.754,0.000,0.000,0.000, 0.400,-0.108, 1.383;
9.686,0.750,-0.097,-0.266,0.919, 0.089, 0.007,-0.754,0.000,0.000,0.000, 0.401,-0.105, 1.383;
9.708,0.756,-0.101,-0.259,0.915, 0.089, 0.007,-0.754,0.000,0.000,0.000, 0.402,-0.098, 1.383;
9.722,0.760,-0.104,-0.255,0.912, 0.089, 0.007,-0.754,0.000,0.000,0.000, 0.403,-0.094, 1.383;
9.724,0.761,-0.105,-0.255,0.911, 0.089, 0.007,-0.754,0.000,0.000,0.000, 0.403,-0.093, 1.383;
9.745,0.767,-0.109,-0.249,0.907, 0.089, 0.007,-0.754,0.000,0.000,0.000, 0.404,-0.086, 1.383;
9.757,0.771,-0.112,-0.245,0.904, 0.089, 0.007,-0.754,0.000,0.000,0.000, 0.405,-0.083, 1.383;
9.762,0.772,-0.113,-0.244,0.903, 0.089, 0.007,-0.754,0.000,0.000,0.000, 0.405,-0.081, 1.383;
9.783,0.778,-0.117,-0.238,0.899, 0.089, 0.007,-0.754,0.000,0.000,0.000, 0.406,-0.075, 1.383;
9.788,0.780,-0.118,-0.236,0.898, 0.089, 0.007,-0.754,0.000,0.000,0.000, 0.406,-0.073, 1.383;
9.798,0.782,-0.120,-0.233,0.896, 0.089, 0.007,-0.754,0.000,0.000,0.000, 0.407,-0.070, 1.383;
9.809,0.786,-0.123,-0.230,0.893, 0.089, 0.007,-0.754,0.000,0.000,0.000, 0.407,-0.066, 1.383;
9.821,0.789,-0.125,-0.227,0.890, 0.089, 0.007,-0.754,0.000,0.000,0.000, 0.408,-0.063, 1.383;
9.843,0.795,-0.130,-0.221,0.885, 0.089, 0.007,-0.754,0.000,0.000,0.000, 0.408,-0.056, 1.383;
9.854,0.798,-0.133,-0.218,0.883, 0.089, 0.007,-0.754,0.000,0.000,0.000, 0.409,-0.052, 1.383;
9.866,0.802,-0.136,-0.214,0.880, 0.089, 0.007,-0.754,0.000,0.000,0.000, 0.409,-0.049, 1.383;
9.878,0.805,-0.139,-0.211,0.877, 0.089, 0.007,-0.754,0.000,0.000,0.000, 0.409,-0.045, 1.383;
9.890,0.808,-0.141,-0.208,0.875, 0.089, 0.007,-0.754,0.000,0.000,0.000, 0.410,-0.041, 1.383;
9.901,0.811,-0.144,-0.205,0.872, 0.089, 0.007,-0.754,0.000,0.000,0.000, 0.410,-0.038, 1.383;
9.913,0.814,-0.147,-0.202,0.869, 0.089, 0.007,-0.754,0.000,0.000,0.000, 0.410,-0.034, 1.383;
9.926,0.818,-0.150,-0.198,0.866, 0.089, 0.007,-0.754,0.000,0.000,0.000, 0.410,-0.030, 1.383;
9.939,0.821,-0.153,-0.195,0.863, 0.089, 0.007,-0.754,0.000,0.000,0.000, 0.410,-0.026, 1.383;
9.951,0.824,-0.156,-0.192,0.860, 0.089, 0.007,-0.754,0.000,0.000,0.000, 0.410,-0.022, 1.383;
9.962,0.827,-0.159,-0.189,0.857, 0.089, 0.007,-0.754,0.000,0.000,0.000, 0.411,-0.019, 1.383;
9.974,0.830,-0.162,-0.186,0.854, 0.089, 0.007,-0.754,0.000,0.000,0.000, 0.411,-0.015, 1.383;
9.985,0.833,-0.165,-0.183,0.851, 0.089, 0.007,-0.754,0.000,0.000,0.000, 0.411,-0.011, 1.383;
9.997,0.836,-0.168,-0.180,0.848, 0.089, 0.007,-0.754,0.000,0.000,0.000, 0.411,-0.008, 1.383;
10.009,0.839,-0.171,-0.177,0.845, 0.089, 0.007,-0.754,0.000,0.000,0.000, 0.411,-0.004, 1.383;
10.021,0.842,-0.174,-0.174,0.842, 0.089, 0.007,-0.754,0.000,0.000,0.000, 0.411, 0.000, 1.383;
10.033,0.845,-0.177,-0.171,0.839, 0.089, 0.007,-0.754,0.000,0.000,0.000, 0.411, 0.004, 1.383;
10.045,0.848,-0.180,-0.168,0.836, 0.089, 0.007,-0.754,0.000,0.000,0.000, 0.411, 0.008, 1.383;
10.056,0.851,-0.183,-0.165,0.833, 0.089, 0.007,-0.754,0.000,0.000,0.000, 0.410, 0.011, 1.383;
10.068,0.854,-0.186,-0.162,0.830, 0.089, 0.007,-0.754,0.000,0.000,0.000, 0.410, 0.015, 1.383;
10.080,0.857,-0.189,-0.159,0.827, 0.089, 0.007,-0.754,0.000,0.000,0.000, 0.410, 0.018, 1.383;
10.091,0.859,-0.192,-0.157,0.824, 0.089, 0.007,-0.754,0.000,0.000,0.000, 0.410, 0.022, 1.383;
10.103,0.862,-0.195,-0.154,0.821, 0.089, 0.007,-0.754,0.000,0.000,0.000, 0.410, 0.026, 1.383;
10.124,0.867,-0.201,-0.149,0.815, 0.089, 0.007,-0.754,0.000,0.000,0.000, 0.409, 0.032, 1.383;
10.127,0.868,-0.202,-0.148,0.814, 0.089, 0.007,-0.754,0.000,0.000,0.000, 0.409, 0.033, 1.383;
10.139,0.871,-0.205,-0.145,0.811, 0.089, 0.007,-0.754,0.000,0.000,0.000, 0.409, 0.037, 1.383;
10.160,0.875,-0.211,-0.140,0.805, 0.089, 0.007,-0.754,0.000,0.000,0.000, 0.408, 0.044, 1.383;
10.173,0.878,-0.215,-0.138,0.801, 0.089, 0.007,-0.754,0.000,0.000,0.000, 0.408, 0.048, 1.383;
10.178,0.879,-0.216,-0.136,0.800, 0.089, 0.007,-0.754,0.000,0.000,0.000, 0.408, 0.049, 1.383;
10.187,0.882,-0.219,-0.134,0.797, 0.089, 0.007,-0.754,0.000,0.000,0.000, 0.407, 0.052, 1.383;
10.209,0.886,-0.225,-0.130,0.791, 0.089, 0.007,-0.754,0.000,0.000,0.000, 0.406, 0.059, 1.383;
10.221,0.889,-0.228,-0.127,0.788, 0.089, 0.007,-0.754,0.000,0.000,0.000, 0.406, 0.063, 1.383;
10.232,0.891,-0.231,-0.125,0.785, 0.089, 0.007,-0.754,0.000,0.000,0.000, 0.405, 0.066, 1.383;
10.245,0.894,-0.235,-0.122,0.781, 0.089, 0.007,-0.754,0.000,0.000,0.000, 0.405, 0.070, 1.383;
10.257,0.897,-0.239,-0.119,0.777, 0.089, 0.007,-0.754,0.000,0.000,0.000, 0.404, 0.074, 1.383;
10.269,0.899,-0.242,-0.117,0.774, 0.089, 0.007,-0.754,0.000,0.000,0.000, 0.404, 0.078, 1.383;
10.281,0.902,-0.246,-0.114,0.770, 0.089, 0.007,-0.754,0.000,0.000,0.000, 0.403, 0.081, 1.383;
10.293,0.904,-0.249,-0.112,0.767, 0.089, 0.007,-0.754,0.000,0.000,0.000, 0.402, 0.085, 1.383;
10.305,0.907,-0.253,-0.109,0.763, 0.089, 0.007,-0.754,0.000,0.000,0.000, 0.402, 0.089, 1.383;
10.318,0.909,-0.256,-0.107,0.759, 0.089, 0.007,-0.754,0.000,0.000,0.000, 0.401, 0.093, 1.383;
10.330,0.911,-0.260,-0.104,0.756, 0.089, 0.007,-0.754,0.000,0.000,0.000, 0.400, 0.096, 1.383;
