0.000,0.000,0.000,0.000,0.000, 0.000, 0.000, 0.000,0.000,0.000,0.000, 0.000, 0.000, 0.000;
0.012,-4.337,-5.550,-4.337,-5.550, 0.268,-0.033,-0.015,0.000,0.000,0.000,-0.268, 0.033, 0.643;
0.017,-4.338,-5.550,-4.338,-5.550, 0.268,-0.033,-0.015,0.000,0.000,0.000,-0.268, 0.033, 0.643;
0.027,-4.338,-5.550,-4.338,-5.550, 0.268,-0.033,-0.015,0.000,0.000,0.000,-0.268, 0.033, 0.643;
0.049,-4.339,-5.549,-4.339,-5.549, 0.268,-0.033,-0.015,0.000,0.000,0.000,-0.268, 0.033, 0.643;
0.061,-4.339,-5.549,-4.339,-5.549, 0.268,-0.033,-0.015,0.000,0.000,0.000,-0.268, 0.033, 0.643;
0.073,-4.339,-5.549,-4.339,-5.549, 0.268,-0.033,-0.015,0.000,0.000,0.000,-0.268, 0.033, 0.643;
0.085,-4.340,-5.548,-4.340,-5.548, 0.268,-0.033,-0.015,0.000,0.000,0.000,-0.268, 0.033, 0.643;
0.097,-4.340,-5.548,-4.340,-5.548, 0.268,-0.033,-0.015,0.000,0.000,0.000,-0.268, 0.033, 0.643;
0.108,-4.340,-5.548,-4.340,-5.548, 0.268,-0.033,-0.015,0.000,0.000,0.000,-0.268, 0.033, 0.643;
0.120,-4.340,-5.547,-4.340,-5.547, 0.268,-0.033,-0.015,0.000,0.000,0.000,-0.268, 0.033, 0.643;
0.132,-4.341,-5.547,-4.341,-5.547, 0.268,-0.033,-0.015,0.000,0.000,0.000,-0.268, 0.033, 0.643;
0.144,-4.341,-5.547,-4.341,-5.547, 0.268,-0.033,-0.015,0.000,0.000,0.000,-0.268, 0.033, 0.643;
0.155,-4.341,-5.546,-4.341,-5.546, 0.268,-0.033,-0.015,0.000,0.000,0.000,-0.268, 0.033, 0.643;
0.167,-4.342,-5.546,-4.342,-5.546, 0.268,-0.033,-0.015,0.000,0.000,0.000,-0.268, 0.033, 0.643;
0.178,-4.342,-5.546,-4.342,-5.546, 0.268,-0.033,-0.015,0.000,0.000,0.000,-0.268, 0.033, 0.643;
0.189,-4.342,-5.545,-4.342,-5.545, 0.268,-0.033,-0.015,0.000,0.000,0.000,-0.268, 0.033, 0.643;
0.200,-4.343,-5.545,-4.343,-5.545, 0.268,-0.033,-0.015,0.000,0.000,0.000,-0.268, 0.033, 0.643;
0.212,-4.343,-5.545,-4.343,-5.545, 0.268,-0.033,-0.015,0.000,0.000,0.000,-0.268, 0.033, 0.643;
0.223,-4.343,-5.544,-4.343,-5.544, 0.268,-0.033,-0.015,0.000,0.000,0.000,-0.268, 0.033, 0.643;
0.245,-4.344,-5.544,-4.344,-5.544, 0.268,-0.033,-0.015,0.000,0.000,0.000,-0.268, 0.033, 0.643;
0.257,-4.344,-5.543,-4.344,-5.543, 0.268,-0.033,-0.015,0.000,0.000,0.000,-0.268, 0.033, 0.643;
0.269,-4.344,-5.543,-4.344,-5.543, 0.268,-0.033,-0.015,0.000,0.000,0.000,-0.268, 0.033, 0.643;
0.280,-4.345,-5.543,-4.345,-5.543, 0.268,-0.033,-0.015,0.000,0.000,0.000,-0.268, 0.033, 0.643;
0.291,-4.345,-5.542,-4.345,-5.542, 0.268,-0.033,-0.015,0.000,0.000,0.000,-0.268, 0.033, 0.643;
0.302,-4.345,-5.542,-4.345,-5.542, 0.268,-0.033,-0.015,0.000,0.000,0.000,-0.268, 0.033, 0.643;
0.313,-4.346,-5.542,-4.346,-5.542, 0.268,-0.033,-0.015,0.000,0.000,0.000,-0.268, 0.033, 0.643;
0.324,-4.346,-5.541,-4.346,-5.541, 0.268,-0.033,-0.015,0.000,0.000,0.000,-0.268, 0.033, 0.643;
0.335,-4.346,-5.541,-4.346,-5.541, 0.268,-0.033,-0.015,0.000,0.000,0.000,-0.268, 0.033, 0.643;
0.346,-4.346,-5.541,-4.346,-5.541, 0.268,-0.033,-0.015,0.000,0.000,0.000,-0.268, 0.033, 0.643;
0.357,-4.347,-5.540,-4.347,-5.540, 0.268,-0.033,-0.015,0.000,0.000,0.000,-0.268, 0.033, 0.643;
0.379,-4.347,-5.540,-4.347,-5.540, 0.268,-0.033,-0.015,0.000,0.000,0.000,-0.268, 0.033, 0.643;
0.390,-4.347,-5.539,-4.347,-5.539, 0.268,-0.033,-0.015,0.000,0.000,0.000,-0.268, 0.033, 0.643;
0.402,-4.348,-5.539,-4.348,-5.539, 0.268,-0.033,-0.015,0.000,0.000,0.000,-0.268, 0.033, 0.643;
0.414,-4.348,-5.538,-4.348,-5.538, 0.268,-0.033,-0.015,0.000,0.000,0.000,-0.268, 0.033, 0.643;
0.425,-4.348,-5.538,-4.348,-5.538, 0.268,-0.033,-0.015,0.000,0.000,0.000,-0.268, 0.033, 0.643;
0.436,-4.349,-5.538,-4.349,-5.538, 0.268,-0.033,-0.015,0.000,0.000,0.000,-0.268, 0.033, 0.643;
0.448,-4.349,-5.537,-4.349,-5.537, 0.268,-0.033,-0.015,0.000,0.000,0.000,-0.268, 0.033, 0.643;
0.459,-4.349,-5.537,-4.349,-5.537, 0.268,-0.033,-0.015,0.000,0.000,0.000,-0.268, 0.033, 0.643;
0.469,-4.349,-5.537,-4.349,-5.537, 0.268,-0.033,-0.015,0.000,0.000,0.000,-0.268, 0.033, 0.643;
0.480,-4.350,-5.536,-4.350,-5.536, 0.268,-0.033,-0.015,0.000,0.000,0.000,-0.268, 0.033, 0.643;
0.491,-4.350,-5.536,-4.350,-5.536, 0.268,-0.033,-0.015,0.000,0.000,0.000,-0.268, 0.033, 0.643;
0.513,-4.350,-5.535,-4.350,-5.535, 0.268,-0.033,-0.015,0.000,0.000,0.000,-0.268, 0.033, 0.643;
0.524,-4.351,-5.535,-4.351,-5.535, 0.268,-0.033,-0.015,0.000,0.000,0.000,-0.268, 0.033, 0.643;
0.535,-4.351,-5.535,-4.351,-5.535, 0.268,-0.033,-0.015,0.000,0.000,0.000,-0.268, 0.033, 0.643;
0.547,-4.351,-5.534,-4.351,-5.534, 0.268,-0.033,-0.015,0.000,0.000,0.000,-0.268, 0.033, 0.643;
0.558,-4.351,-5.534,-4.351,-5.534, 0.268,-0.033,-0.015,0.000,0.000,0.000,-0.268, 0.033, 0.643;
0.569,-4.352,-5.533,-4.352,-5.533, 0.268,-0.033,-0.015,0.000,0.000,0.000,-0.268, 0.033, 0.643;
0.579,-4.352,-5.533,-4.352,-5.533, 0.268,-0.033,-0.015,0.000,0.000,0.000,-0.268, 0.033, 0.643;
0.591,-4.352,-5.533,-4.352,-5.533, 0.268,-0.033,-0.015,0.000,0.000,0.000,-0.268, 0.033, 0.643;
0.602,-4.352,-5.532,-4.352,-5.532, 0.268,-0.033,-0.015,0.000,0.000,0.000,-0.268, 0.033, 0.643;
0.623,-4.353,-5.532,-4.353,-5.532, 0.268,-0.033,-0.015,0.000,0.000,0.000,-0.268, 0.033, 0.643;
0.635,-4.353,-5.531,-4.353,-5.531, 0.268,-0.033,-0.015,0.000,0.000,0.000,-0.268, 0.033, 0.643;
0.647,-4.353,-5.531,-4.353,-5.531, 0.268,-0.033,-0.015,0.000,0.000,0.000,-0.268, 0.033, 0.643;
0.659,-4.354,-5.530,-4.354,-5.530, 0.268,-0.033,-0.015,0.000,0.000,0.000,-0.268, 0.033, 0.643;
0.670,-4.354,-5.530,-4.354,-5.530, 0.268,-0.033,-0.015,0.000,0.000,0.000,-0.268, 0.033, 0.643;
0.682,-4.354,-5.530,-4.354,-5.530, 0.268,-0.033,-0.015,0.000,0.000,0.000,-0.268, 0.033, 0.643;
0.694,-4.354,-5.529,-4.354,-5.529, 0.268,-0.033,-0.015,0.000,0.000,0.000,-0.268, 0.033, 0.643;
0.707,-4.355,-5.529,-4.355,-5.529, 0.268,-0.033,-0.015,0.000,0.000,0.000,-0.268, 0.033, 0.643;
0.718,-4.355,-5.529,-4.355,-5.529, 0.268,-0.033,-0.015,0.000,0.000,0.000,-0.268, 0.033, 0.643;
0.730,-4.355,-5.528,-4.355,-5.528, 0.268,-0.033,-0.015,0.000,0.000,0.000,-0.268, 0.033, 0.643;
0.742,-4.355,-5.528,-4.355,-5.528, 0.268,-0.033,-0.015,0.000,0.000,0.000,-0.268, 0.033, 0.643;
0.755,-4.356,-5.527,-4.356,-5.527, 0.268,-0.033,-0.015,0.000,0.000,0.000,-0.268, 0.033, 0.643;
0.767,-4.356,-5.527,-4.356,-5.527, 0.268,-0.033,-0.015,0.000,0.000,0.000,-0.268, 0.033, 0.643;
0.779,-4.356,-5.526,-4.356,-5.526, 0.268,-0.033,-0.015,0.000,0.000,0.000,-0.268, 0.033, 0.643;
0.791,-4.356,-5.526,-4.356,-5.526, 0.268,-0.033,-0.015,0.000,0.000,0.000,-0.268, 0.033, 0.643;
0.804,-4.357,-5.526,-4.357,-5.526, 0.268,-0.033,-0.015,0.000,0.000,0.000,-0.268, 0.033, 0.643;
0.816,-4.357,-5.525,-4.357,-5.525, 0.268,-0.033,-0.015,0.000,0.000,0.000,-0.268, 0.033, 0.643;
0.828,-4.357,-5.525,-4.357,-5.525, 0.268,-0.033,-0.015,0.000,0.000,0.000,-0.268, 0.033, 0.643;
0.840,-4.357,-5.524,-4.357,-5.524, 0.268,-0.033,-0.015,0.000,0.000,0.000,-0.268, 0.033, 0.643;
0.852,-4.358,-5.524,-4.358,-5.524, 0.268,-0.033,-0.015,0.000,0.000,0.000,-0.268, 0.033, 0.643;
0.866,-4.358,-5.523,-4.358,-5.523, 0.268,-0.033,-0.015,0.000,0.000,0.000,-0.268, 0.033, 0.643;
0.879,-4.358,-5.523,-4.358,-5.523, 0.268,-0.033,-0.015,0.000,0.000,0.000,-0.268, 0.033, 0.643;
0.892,-4.358,-5.523,-4.358,-5.523, 0.268,-0.033,-0.015,0.000,0.000,0.000,-0.268, 0.033, 0.643;
0.898,-4.359,-5.522,-4.359,-5.522, 0.268,-0.033,-0.015,0.000,0.000,0.000,-0.268, 0.033, 0.643;
0.908,-4.359,-5.522,-4.359,-5.522, 0.268,-0.033,-0.015,0.000,0.000,0.000,-0.268, 0.033, 0.643;
0.919,-4.359,-5.522,-4.359,-5.522, 0.268,-0.033,-0.015,0.000,0.000,0.000,-0.268, 0.033, 0.643;
0.942,-4.359,-5.521,-4.359,-5.521, 0.268,-0.033,-0.015,0.000,0.000,0.000,-0.268, 0.033, 0.643;
0.947,-4.359,-5.521,-4.359,-5.521, 0.268,-0.033,-0.015,0.000,0.000,0.000,-0.268, 0.033, 0.643;
0.958,-4.360,-5.520,-4.360,-5.520, 0.268,-0.033,-0.015,0.000,0.000,0.000,-0.268, 0.033, 0.643;
0.969,-4.360,-5.520,-4.360,-5.520, 0.268,-0.033,-0.015,0.000,0.000,0.000,-0.268, 0.033, 0.643;
0.981,-4.360,-5.519,-4.360,-5.519, 0.268,-0.033,-0.015,0.000,0.000,0.000,-0.268, 0.033, 0.643;
1.003,-4.360,-5.519,-4.360,-5.519, 0.268,-0.033,-0.015,0.000,0.000,0.000,-0.268, 0.033, 0.643;
1.006,-4.361,-5.519,-4.361,-5.519, 0.268,-0.033,-0.015,0.000,0.000,0.000,-0.268, 0.033, 0.643;
1.028,-4.361,-5.518,-4.361,-5.518, 0.268,-0.033,-0.015,0.000,0.000,0.000,-0.268, 0.033, 0.643;
1.032,-4.361,-5.518,-4.361,-5.518, 0.268,-0.033,-0.015,0.000,0.000,0.000,-0.268, 0.033, 0.643;
1.044,-4.361,-5.517,-4.361,-5.517, 0.268,-0.033,-0.015,0.000,0.000,0.000,-0.268, 0.033, 0.643;
1.055,-4.361,-5.517,-4.361,-5.517, 0.268,-0.033,-0.015,0.000,0.000,0.000,-0.268, 0.033, 0.643;
1.066,-4.362,-5.516,-4.362,-5.516, 0.268,-0.033,-0.015,0.000,0.000,0.000,-0.268, 0.033, 0.643;
1.088,-4.362,-5.516,-4.362,-5.516, 0.268,-0.033,-0.015,0.000,0.000,0.000,-0.268, 0.033, 0.643;
1.100,-4.362,-5.515,-4.362,-5.515, 0.268,-0.033,-0.015,0.000,0.000,0.000,-0.268, 0.033, 0.643;
1.112,-4.362,-5.515,-4.362,-5.515, 0.268,-0.033,-0.015,0.000,0.000,0.000,-0.268, 0.033, 0.643;
1.124,-4.363,-5.514,-4.363,-5.514, 0.268,-0.033,-0.015,0.000,0.000,0.000,-0.268, 0.033, 0.643;
1.136,-4.363,-5.514,-4.363,-5.514, 0.268,-0.033,-0.015,0.000,0.000,0.000,-0.268, 0.033, 0.643;
1.148,-4.363,-5.513,-4.363,-5.513, 0.268,-0.033,-0.015,0.000,0.000,0.000,-0.268, 0.033, 0.643;
1.160,-4.363,-5.513,-4.363,-5.513, 0.268,-0.033,-0.015,0.000,0.000,0.000,-0.268, 0.033, 0.643;
1.171,-4.363,-5.513,-4.363,-5.513, 0.268,-0.033,-0.015,0.000,0.000,0.000,-0.268, 0.033, 0.643;
1.183,-4.364,-5.512,-4.364,-5.512, 0.268,-0.033,-0.015,0.000,0.000,0.000,-0.268, 0.033, 0.643;
1.195,-4.364,-5.512,-4.364,-5.512, 0.268,-0.033,-0.015,0.000,0.000,0.000,-0.268, 0.033, 0.643;
1.207,-4.364,-5.511,-4.364,-5.511, 0.268,-0.033,-0.015,0.000,0.000,0.000,-0.268, 0.033, 0.643;
1.219,-4.364,-5.511,-4.364,-5.511, 0.268,-0.033,-0.015,0.000,0.000,0.000,-0.268, 0.033, 0.643;
1.230,-4.364,-5.510,-4.364,-5.510, 0.268,-0.033,-0.015,0.000,0.000,0.000,-0.268, 0.033, 0.643;
1.242,-4.364,-5.510,-4.364,-5.510, 0.268,-0.033,-0.015,0.000,0.000,0.000,-0.268, 0.033, 0.643;
1.254,-4.365,-5.510,-4.365,-5.510, 0.268,-0.033,-0.015,0.000,0.000,0.000,-0.268, 0.033, 0.643;
1.265,-4.365,-5.509,-4.365,-5.509, 0.268,-0.033,-0.015,0.000,0.000,0.000,-0.268, 0.033, 0.643;
1.276,-4.365,-5.509,-4.365,-5.509, 0.268,-0.033,-0.015,0.000,0.000,0.000,-0.268, 0.033, 0.643;
1.288,-4.365,-5.508,-4.365,-5.508, 0.268,-0.033,-0.015,0.000,0.000,0.000,-0.268, 0.033, 0.643;
1.299,-4.365,-5.508,-4.365,-5.508, 0.268,-0.033,-0.015,0.000,0.000,0.000,-0.268, 0.033, 0.643;
1.311,-4.365,-5.507,-4.365,-5.507, 0.268,-0.033,-0.015,0.000,0.000,0.000,-0.268, 0.033, 0.643;
1.333,-4.366,-5.507,-4.366,-5.507, 0.268,-0.033,-0.015,0.000,0.000,0.000,-0.268, 0.033, 0.643;
1.345,-4.366,-5.506,-4.366,-5.506, 0.268,-0.033,-0.015,0.000,0.000,0.000,-0.268, 0.033, 0.643;
1.357,-4.366,-5.506,-4.366,-5.506, 0.268,-0.033,-0.015,0.000,0.000,0.000,-0.268, 0.033, 0.643;
1.369,-4.366,-5.505,-4.366,-5.505, 0.268,-0.033,-0.015,0.000,0.000,0.000,-0.268, 0.033, 0.643;
1.381,-4.366,-5.505,-4.366,-5.505, 0.268,-0.033,-0.015,0.000,0.000,0.000,-0.268, 0.033, 0.643;
1.394,-4.367,-5.504,-4.367,-5.504, 0.268,-0.033,-0.015,0.000,0.000,0.000,-0.268, 0.033, 0.643;
1.406,-4.367,-5.504,-4.367,-5.504, 0.268,-0.033,-0.015,0.000,0.000,0.000,-0.268, 0.033, 0.643;
1.419,-4.367,-5.503,-4.367,-5.503, 0.268,-0.033,-0.015,0.000,0.000,0.000,-0.268, 0.033, 0.643;
1.430,-4.367,-5.503,-4.367,-5.503, 0.268,-0.033,-0.015,0.000,0.000,0.000,-0.268, 0.033, 0.643;
1.442,-4.367,-5.503,-4.367,-5.503, 0.268,-0.033,-0.015,0.000,0.000,0.000,-0.268, 0.033, 0.643;
1.453,-4.367,-5.502,-4.367,-5.502, 0.268,-0.033,-0.015,0.000,0.000,0.000,-0.268, 0.033, 0.643;
1.465,-4.368,-5.502,-4.368,-5.502, 0.268,-0.033,-0.015,0.000,0.000,0.000,-0.268, 0.033, 0.643;
1.477,-4.368,-5.501,-4.368,-5.501, 0.268,-0.033,-0.015,0.000,0.000,0.000,-0.268, 0.033, 0.643;
1.490,-4.368,-5.501,-4.368,-5.501, 0.268,-0.033,-0.015,0.000,0.000,0.000,-0.268, 0.033, 0.643;
1.503,-4.368,-5.500,-4.368,-5.500, 0.268,-0.033,-0.015,0.000,0.000,0.000,-0.268, 0.033, 0.643;
1.515,-4.368,-5.500,-4.368,-5.500, 0.268,-0.033,-0.015,0.000,0.000,0.000,-0.268, 0.033, 0.643;
1.528,-4.368,-5.499,-4.368,-5.499, 0.268,-0.033,-0.015,0.000,0.000,0.000,-0.268, 0.033, 0.643;
1.540,-4.368,-5.499,-4.368,-5.499, 0.268,-0.033,-0.015,0.000,0.000,0.000,-0.268, 0.033, 0.643;
1.552,-4.369,-5.498,-4.369,-5.498, 0.268,-0.033,-0.015,0.000,0.000,0.000,-0.268, 0.033, 0.643;
1.564,-4.369,-5.498,-4.369,-5.498, 0.268,-0.033,-0.015,0.000,0.000,0.000,-0.268, 0.033, 0.643;
1.577,-4.369,-5.498,-4.369,-5.498, 0.268,-0.033,-0.015,0.000,0.000,0.000,-0.268, 0.033, 0.643;
1.584,-4.369,-5.497,-4.369,-5.497, 0.268,-0.033,-0.015,0.000,0.000,0.000,-0.268, 0.033, 0.643;
1.593,-4.369,-5.497,-4.369,-5.497, 0.268,-0.033,-0.015,0.000,0.000,0.000,-0.268, 0.033, 0.643;
1.604,-4.369,-5.496,-4.369,-5.496, 0.268,-0.033,-0.015,0.000,0.000,0.000,-0.268, 0.033, 0.643;
1.626,-4.369,-5.496,-4.369,-5.496, 0.268,-0.033,-0.015,0.000,0.000,0.000,-0.268, 0.033, 0.643;
1.630,-4.369,-5.495,-4.369,-5.495, 0.268,-0.033,-0.015,0.000,0.000,0.000,-0.268, 0.033, 0.643;
1.642,-4.370,-5.495,-4.370,-5.495, 0.268,-0.033,-0.015,0.000,0.000,0.000,-0.268, 0.033, 0.643;
1.663,-4.370,-5.494,-4.370,-5.494, 0.268,-0.033,-0.015,0.000,0.000,0.000,-0.268, 0.033, 0.643;
1.675,-4.370,-5.494,-4.370,-5.494, 0.268,-0.033,-0.015,0.000,0.000,0.000,-0.268, 0.033, 0.643;
1.686,-4.370,-5.493,-4.370,-5.493, 0.268,-0.033,-0.015,0.000,0.000,0.000,-0.268, 0.033, 0.643;
1.698,-4.370,-5.493,-4.370,-5.493, 0.268,-0.033,-0.015,0.000,0.000,0.000,-0.268, 0.033, 0.643;
1.710,-4.370,-5.492,-4.370,-5.492, 0.268,-0.033,-0.015,0.000,0.000,0.000,-0.268, 0.033, 0.643;
1.723,-4.370,-5.492,-4.370,-5.492, 0.268,-0.033,-0.015,0.000,0.000,0.000,-0.268, 0.033, 0.643;
1.735,-4.371,-5.491,-4.371,-5.491, 0.268,-0.033,-0.015,0.000,0.000,0.000,-0.268, 0.033, 0.643;
1.747,-4.371,-5.491,-4.371,-5.491, 0.268,-0.033,-0.015,0.000,0.000,0.000,-0.268, 0.033, 0.643;
1.759,-4.371,-5.491,-4.371,-5.491, 0.268,-0.033,-0.015,0.000,0.000,0.000,-0.268, 0.033, 0.643;
1.772,-4.371,-5.490,-4.371,-5.490, 0.268,-0.033,-0.015,0.000,0.000,0.000,-0.268, 0.033, 0.643;
1.784,-4.371,-5.490,-4.371,-5.490, 0.268,-0.033,-0.015,0.000,0.000,0.000,-0.268, 0.033, 0.643;
1.796,-4.371,-5.489,-4.371,-5.489, 0.268,-0.033,-0.015,0.000,0.000,0.000,-0.268, 0.033, 0.643;
1.808,-4.371,-5.489,-4.371,-5.489, 0.268,-0.033,-0.015,0.000,0.000,0.000,-0.268, 0.033, 0.643;
1.813,-4.371,-5.488,-4.371,-5.488, 0.268,-0.033,-0.015,0.000,0.000,0.000,-0.268, 0.033, 0.643;
1.824,-4.371,-5.488,-4.371,-5.488, 0.268,-0.033,-0.015,0.000,0.000,0.000,-0.268, 0.033, 0.643;
1.847,-4.372,-5.487,-4.372,-5.487, 0.268,-0.033,-0.015,0.000,0.000,0.000,-0.268, 0.033, 0.643;
1.859,-4.372,-5.487,-4.372,-5.487, 0.268,-0.033,-0.015,0.000,0.000,0.000,-0.268, 0.033, 0.643;
1.871,-4.372,-5.486,-4.372,-5.486, 0.268,-0.033,-0.015,0.000,0.000,0.000,-0.268, 0.033, 0.643;
1.883,-4.372,-5.486,-4.372,-5.486, 0.268,-0.033,-0.015,0.000,0.000,0.000,-0.268, 0.033, 0.643;
1.895,-4.372,-5.485,-4.372,-5.485, 0.268,-0.033,-0.015,0.000,0.000,0.000,-0.268, 0.033, 0.643;
1.907,-4.372,-5.485,-4.372,-5.485, 0.268,-0.033,-0.015,0.000,0.000,0.000,-0.268, 0.033, 0.643;
1.911,-4.372,-5.485,-4.372,-5.485, 0.268,-0.033,-0.015,0.000,0.000,0.000,-0.268, 0.033, 0.643;
1.922,-4.372,-5.484,-4.372,-5.484, 0.268,-0.033,-0.015,0.000,0.000,0.000,-0.268, 0.033, 0.643;
1.945,-4.372,-5.483,-4.372,-5.483, 0.268,-0.033,-0.015,0.000,0.000,0.000,-0.268, 0.033, 0.643;
1.949,-4.372,-5.483,-4.372,-5.483, 0.268,-0.033,-0.015,0.000,0.000,0.000,-0.268, 0.033, 0.643;
1.960,-4.372,-5.483,-4.372,-5.483, 0.268,-0.033,-0.015,0.000,0.000,0.000,-0.268, 0.033, 0.643;
1.981,-4.373,-5.482,-4.373,-5.482, 0.268,-0.033,-0.015,0.000,0.000,0.000,-0.268, 0.033, 0.643;
1.984,-4.373,-5.482,-4.373,-5.482, 0.268,-0.033,-0.015,0.000,0.000,0.000,-0.268, 0.033, 0.643;
1.996,-4.373,-5.481,-4.373,-5.481, 0.268,-0.033,-0.015,0.000,0.000,0.000,-0.268, 0.033, 0.643;
2.018,-4.373,-5.480,-4.373,-5.480, 0.268,-0.033,-0.015,0.000,0.000,0.000,-0.268, 0.033, 0.643;
2.030,-4.373,-5.480,-4.373,-5.480, 0.268,-0.033,-0.015,0.000,0.000,0.000,-0.268, 0.033, 0.643;
2.033,-4.373,-5.480,-4.373,-5.480, 0.268,-0.033,-0.015,0.000,0.000,0.000,-0.268, 0.033, 0.643;
2.045,-4.373,-5.479,-4.373,-5.479, 0.268,-0.033,-0.015,0.000,0.000,0.000,-0.268, 0.033, 0.643;
2.067,-4.373,-5.478,-4.373,-5.478, 0.268,-0.033,-0.015,0.000,0.000,0.000,-0.268, 0.033, 0.643;
2.070,-4.373,-5.478,-4.373,-5.478, 0.268,-0.033,-0.015,0.000,0.000,0.000,-0.268, 0.033, 0.643;
2.091,-4.373,-5.478,-4.373,-5.478, 0.268,-0.033,-0.015,0.000,0.000,0.000,-0.268, 0.033, 0.643;
2.098,-4.373,-5.477,-4.373,-5.477, 0.268,-0.033,-0.015,0.000,0.000,0.000,-0.268, 0.033, 0.643;
2.106,-4.373,-5.477,-4.373,-5.477, 0.268,-0.033,-0.015,0.000,0.000,0.000,-0.268, 0.033, 0.643;
2.128,-4.373,-5.476,-4.373,-5.476, 0.268,-0.033,-0.015,0.000,0.000,0.000,-0.268, 0.033, 0.643;
2.130,-4.373,-5.476,-4.373,-5.476, 0.268,-0.033,-0.015,0.000,0.000,0.000,-0.268, 0.033, 0.643;
2.151,-4.373,-5.475,-4.373,-5.475, 0.268,-0.033,-0.015,0.000,0.000,0.000,-0.268, 0.033, 0.643;
2.162,-4.373,-5.475,-4.373,-5.475, 0.268,-0.033,-0.015,0.000,0.000,0.000,-0.268, 0.033, 0.643;
2.173,-4.374,-5.474,-4.374,-5.474, 0.268,-0.033,-0.015,0.000,0.000,0.000,-0.268, 0.033, 0.643;
2.185,-4.374,-5.474,-4.374,-5.474, 0.268,-0.033,-0.015,0.000,0.000,0.000,-0.268, 0.033, 0.643;
2.196,-4.374,-5.473,-4.374,-5.473, 0.268,-0.033,-0.015,0.000,0.000,0.000,-0.268, 0.033, 0.643;
2.207,-4.374,-5.473,-4.374,-5.473, 0.268,-0.033,-0.015,0.000,0.000,0.000,-0.268, 0.033, 0.643;
2.218,-4.374,-5.473,-4.374,-5.473, 0.268,-0.033,-0.015,0.000,0.000,0.000,-0.268, 0.033, 0.643;
2.229,-4.374,-5.472,-4.374,-5.472, 0.268,-0.033,-0.015,0.000,0.000,0.000,-0.268, 0.033, 0.643;
2.250,-4.374,-5.471,-4.374,-5.471, 0.268,-0.033,-0.015,0.000,0.000,0.000,-0.268, 0.033, 0.643;
2.261,-4.374,-5.471,-4.374,-5.471, 0.268,-0.033,-0.015,0.000,0.000,0.000,-0.268, 0.033, 0.643;
2.272,-4.374,-5.470,-4.374,-5.470, 0.268,-0.033,-0.015,0.000,0.000,0.000,-0.268, 0.033, 0.643;
2.283,-4.374,-5.470,-4.374,-5.470, 0.268,-0.033,-0.015,0.000,0.000,0.000,-0.268, 0.033, 0.643;
2.295,-4.374,-5.469,-4.374,-5.469, 0.268,-0.033,-0.015,0.000,0.000,0.000,-0.268, 0.033, 0.643;
2.307,-4.374,-5.469,-4.374,-5.469, 0.268,-0.033,-0.015,0.000,0.000,0.000,-0.268, 0.033, 0.643;
2.318,-4.374,-5.469,-4.374,-5.469, 0.268,-0.033,-0.015,0.000,0.000,0.000,-0.268, 0.033, 0.643;
2.329,-4.374,-5.468,-4.374,-5.468, 0.268,-0.033,-0.015,0.000,0.000,0.000,-0.268, 0.033, 0.643;
2.340,-4.374,-5.468,-4.374,-5.468, 0.268,-0.033,-0.015,0.000,0.000,0.000,-0.268, 0.033, 0.643;
2.351,-4.374,-5.467,-4.374,-5.467, 0.268,-0.033,-0.015,0.000,0.000,0.000,-0.268, 0.033, 0.643;
2.363,-4.374,-5.467,-4.374,-5.467, 0.268,-0.033,-0.015,0.000,0.000,0.000,-0.268, 0.033, 0.643;
2.375,-4.374,-5.466,-4.374,-5.466, 0.268,-0.033,-0.015,0.000,0.000,0.000,-0.268, 0.033, 0.643;
2.396,-4.374,-5.465,-4.374,-5.465, 0.268,-0.033,-0.015,0.000,0.000,0.000,-0.268, 0.033, 0.643;
2.408,-4.374,-5.465,-4.374,-5.465, 0.268,-0.033,-0.015,0.000,0.000,0.000,-0.268, 0.033, 0.643;
2.420,-4.374,-5.465,-4.374,-5.465, 0.268,-0.033,-0.015,0.000,0.000,0.000,-0.268, 0.033, 0.643;
2.431,-4.374,-5.464,-4.374,-5.464, 0.268,-0.033,-0.015,0.000,0.000,0.000,-0.268, 0.033, 0.643;
2.445,-4.374,-5.464,-4.374,-5.464, 0.268,-0.033,-0.015,0.000,0.000,0.000,-0.268, 0.033, 0.643;
2.457,-4.374,-5.463,-4.374,-5.463, 0.268,-0.033,-0.015,0.000,0.000,0.000,-0.268, 0.033, 0.643;
2.468,-4.374,-5.463,-4.374,-5.463, 0.268,-0.033,-0.015,0.000,0.000,0.000,-0.268, 0.033, 0.643;
2.481,-4.374,-5.462,-4.374,-5.462, 0.268,-0.033,-0.015,0.000,0.000,0.000,-0.268, 0.033, 0.643;
2.493,-4.374,-5.462,-4.374,-5.462, 0.268,-0.033,-0.015,0.000,0.000,0.000,-0.268, 0.033, 0.643;
2.506,-4.374,-5.461,-4.374,-5.461, 0.268,-0.033,-0.015,0.000,0.000,0.000,-0.268, 0.033, 0.643;
2.518,-4.374,-5.461,-4.374,-5.461, 0.268,-0.033,-0.015,0.000,0.000,0.000,-0.268, 0.033, 0.643;
2.530,-4.374,-5.460,-4.374,-5.460, 0.268,-0.033,-0.015,0.000,0.000,0.000,-0.268, 0.033, 0.643;
2.542,-4.374,-5.460,-4.374,-5.460, 0.268,-0.033,-0.015,0.000,0.000,0.000,-0.268, 0.033, 0.643;
2.555,-4.374,-5.459,-4.374,-5.459, 0.268,-0.033,-0.015,0.000,0.000,0.000,-0.268, 0.033, 0.643;
2.567,-4.374,-5.459,-4.374,-5.459, 0.268,-0.033,-0.015,0.000,0.000,0.000,-0.268, 0.033, 0.643;
2.579,-4.374,-5.458,-4.374,-5.458, 0.268,-0.033,-0.015,0.000,0.000,0.000,-0.268, 0.033, 0.643;
2.591,-4.374,-5.458,-4.374,-5.458, 0.268,-0.033,-0.015,0.000,0.000,0.000,-0.268, 0.033, 0.643;
2.603,-4.374,-5.457,-4.374,-5.457, 0.268,-0.033,-0.015,0.000,0.000,0.000,-0.268, 0.033, 0.643;
2.616,-4.374,-5.457,-4.374,-5.457, 0.268,-0.033,-0.015,0.000,0.000,0.000,-0.268, 0.033, 0.643;
2.627,-4.374,-5.456,-4.374,-5.456, 0.268,-0.033,-0.015,0.000,0.000,0.000,-0.268, 0.033, 0.643;
2.640,-4.374,-5.456,-4.374,-5.456, 0.268,-0.033,-0.015,0.000,0.000,0.000,-0.268, 0.033, 0.643;
2.652,-4.374,-5.455,-4.374,-5.455, 0.268,-0.033,-0.015,0.000,0.000,0.000,-0.268, 0.033, 0.643;
2.664,-4.374,-5.455,-4.374,-5.455, 0.268,-0.033,-0.015,0.000,0.000,0.000,-0.268, 0.033, 0.643;
2.676,-4.374,-5.454,-4.374,-5.454, 0.268,-0.033,-0.015,0.000,0.000,0.000,-0.268, 0.033, 0.643;
2.688,-4.374,-5.454,-4.374,-5.454, 0.268,-0.033,-0.015,0.000,0.000,0.000,-0.268, 0.033, 0.643;
2.701,-4.374,-5.453,-4.374,-5.453, 0.268,-0.033,-0.015,0.000,0.000,0.000,-0.268, 0.033, 0.643;
2.714,-4.374,-5.453,-4.374,-5.453, 0.268,-0.033,-0.015,0.000,0.000,0.000,-0.268, 0.033, 0.643;
2.726,-4.374,-5.452,-4.374,-5.452, 0.268,-0.033,-0.015,0.000,0.000,0.000,-0.268, 0.033, 0.643;
2.738,-4.374,-5.452,-4.374,-5.452, 0.268,-0.033,-0.015,0.000,0.000,0.000,-0.268, 0.033, 0.643;
2.749,-4.374,-5.451,-4.374,-5.451, 0.268,-0.033,-0.015,0.000,0.000,0.000,-0.268, 0.033, 0.643;
2.761,-4.374,-5.451,-4.374,-5.451, 0.268,-0.033,-0.015,0.000,0.000,0.000,-0.268, 0.033, 0.643;
2.773,-4.374,-5.451,-4.374,-5.451, 0.268,-0.033,-0.015,0.000,0.000,0.000,-0.268, 0.033, 0.643;
2.785,-4.374,-5.450,-4.374,-5.450, 0.268,-0.033,-0.015,0.000,0.000,0.000,-0.268, 0.033, 0.643;
2.798,-4.374,-5.449,-4.374,-5.449, 0.268,-0.033,-0.015,0.000,0.000,0.000,-0.268, 0.033, 0.643;
2.812,-4.374,-5.449,-4.374,-5.449, 0.268,-0.033,-0.015,0.000,0.000,0.000,-0.268, 0.033, 0.643;
2.824,-4.374,-5.448,-4.374,-5.448, 0.268,-0.033,-0.015,0.000,0.000,0.000,-0.268, 0.033, 0.643;
2.835,-4.373,-5.448,-4.373,-5.448, 0.268,-0.033,-0.015,0.000,0.000,0.000,-0.268, 0.033, 0.643;
2.847,-4.373,-5.448,-4.373,-5.448, 0.268,-0.033,-0.015,0.000,0.000,0.000,-0.268, 0.033, 0.643;
2.859,-4.373,-5.447,-4.373,-5.447, 0.268,-0.033,-0.015,0.000,0.000,0.000,-0.268, 0.033, 0.643;
2.871,-4.373,-5.447,-4.373,-5.447, 0.268,-0.033,-0.015,0.000,0.000,0.000,-0.268, 0.033, 0.643;
2.882,-4.373,-5.446,-4.373,-5.446, 0.268,-0.033,-0.015,0.000,0.000,0.000,-0.268, 0.033, 0.643;
2.895,-4.373,-5.446,-4.373,-5.446, 0.268,-0.033,-0.015,0.000,0.000,0.000,-0.268, 0.033, 0.643;
2.907,-4.373,-5.445,-4.373,-5.445, 0.268,-0.033,-0.015,0.000,0.000,0.000,-0.268, 0.033, 0.643;
2.919,-4.373,-5.445,-4.373,-5.445, 0.268,-0.033,-0.015,0.000,0.000,0.000,-0.268, 0.033, 0.643;
2.931,-4.373,-5.444,-4.373,-5.444, 0.268,-0.033,-0.015,0.000,0.000,0.000,-0.268, 0.033, 0.643;
2.944,-4.373,-5.444,-4.373,-5.444, 0.268,-0.033,-0.015,0.000,0.000,0.000,-0.268, 0.033, 0.643;
2.956,-4.373,-5.443,-4.373,-5.443, 0.268,-0.033,-0.015,0.000,0.000,0.000,-0.268, 0.033, 0.643;
2.967,-4.373,-5.443,-4.373,-5.443, 0.268,-0.033,-0.015,0.000,0.000,0.000,-0.268, 0.033, 0.643;
2.980,-4.373,-5.442,-4.373,-5.442, 0.268,-0.033,-0.015,0.000,0.000,0.000,-0.268, 0.033, 0.643;
2.994,-4.373,-5.442,-4.373,-5.442, 0.268,-0.033,-0.015,0.000,0.000,0.000,-0.268, 0.033, 0.643;
3.005,-4.373,-5.441,-4.373,-5.441, 0.268,-0.033,-0.015,0.000,0.000,0.000,-0.268, 0.033, 0.643;
3.017,-4.373,-5.441,-4.373,-5.441, 0.268,-0.033,-0.015,0.000,0.000,0.000,-0.268, 0.033, 0.643;
3.029,-4.372,-5.440,-4.372,-5.440, 0.268,-0.033,-0.015,0.000,0.000,0.000,-0.268, 0.033, 0.643;
3.041,-4.372,-5.440,-4.372,-5.440, 0.268,-0.033,-0.015,0.000,0.000,0.000,-0.268, 0.033, 0.643;
3.053,-4.372,-5.439,-4.372,-5.439, 0.268,-0.033,-0.015,0.000,0.000,0.000,-0.268, 0.033, 0.643;
3.065,-4.372,-5.439,-4.372,-5.439, 0.268,-0.033,-0.015,0.000,0.000,0.000,-0.268, 0.033, 0.643;
3.078,-4.372,-5.439,-4.372,-5.439, 0.268,-0.033,-0.015,0.000,0.000,0.000,-0.268, 0.033, 0.643;
3.091,-4.372,-5.438,-4.372,-5.438, 0.268,-0.033,-0.015,0.000,0.000,0.000,-0.268, 0.033, 0.643;
3.103,-4.372,-5.438,-4.372,-5.438, 0.268,-0.033,-0.015,0.000,0.000,0.000,-0.268, 0.033, 0.643;
3.114,-4.372,-5.437,-4.372,-5.437, 0.268,-0.033,-0.015,0.000,0.000,0.000,-0.268, 0.033, 0.643;
3.127,-4.372,-5.437,-4.372,-5.437, 0.268,-0.033,-0.015,0.000,0.000,0.000,-0.268, 0.033, 0.643;
3.139,-4.372,-5.436,-4.372,-5.436, 0.268,-0.033,-0.015,0.000,0.000,0.000,-0.268, 0.033, 0.643;
3.151,-4.372,-5.436,-4.372,-5.436, 0.268,-0.033,-0.015,0.000,0.000,0.000,-0.268, 0.033, 0.643;
3.163,-4.371,-5.435,-4.371,-5.435, 0.268,-0.033,-0.015,0.000,0.000,0.000,-0.268, 0.033, 0.643;
3.175,-4.371,-5.435,-4.371,-5.435, 0.268,-0.033,-0.015,0.000,0.000,0.000,-0.268, 0.033, 0.643;
3.187,-4.371,-5.434,-4.371,-5.434, 0.268,-0.033,-0.015,0.000,0.000,0.000,-0.268, 0.033, 0.643;
3.198,-4.371,-5.434,-4.371,-5.434, 0.268,-0.033,-0.015,0.000,0.000,0.000,-0.268, 0.033, 0.643;
3.210,-4.371,-5.433,-4.371,-5.433, 0.268,-0.033,-0.015,0.000,0.000,0.000,-0.268, 0.033, 0.643;
3.223,-4.371,-5.433,-4.371,-5.433, 0.268,-0.033,-0.015,0.000,0.000,0.000,-0.268, 0.033, 0.643;
3.234,-4.371,-5.432,-4.371,-5.432, 0.268,-0.033,-0.015,0.000,0.000,0.000,-0.268, 0.033, 0.643;
3.246,-4.371,-5.432,-4.371,-5.432, 0.268,-0.033,-0.015,0.000,0.000,0.000,-0.268, 0.033, 0.643;
3.258,-4.371,-5.432,-4.371,-5.432, 0.268,-0.033,-0.015,0.000,0.000,0.000,-0.268, 0.033, 0.643;
3.269,-4.371,-5.431,-4.371,-5.431, 0.268,-0.033,-0.015,0.000,0.000,0.000,-0.268, 0.033, 0.643;
3.280,-4.370,-5.431,-4.370,-5.431, 0.268,-0.033,-0.015,0.000,0.000,0.000,-0.268, 0.033, 0.643;
3.291,-4.370,-5.430,-4.370,-5.430, 0.268,-0.033,-0.015,0.000,0.000,0.000,-0.268, 0.033, 0.643;
3.313,-4.370,-5.429,-4.370,-5.429, 0.268,-0.033,-0.015,0.000,0.000,0.000,-0.268, 0.033, 0.643;
3.325,-4.370,-5.429,-4.370,-5.429, 0.268,-0.033,-0.015,0.000,0.000,0.000,-0.268, 0.033, 0.643;
3.336,-4.370,-5.428,-4.370,-5.428, 0.268,-0.033,-0.015,0.000,0.000,0.000,-0.268, 0.033, 0.643;
3.348,-4.370,-5.428,-4.370,-5.428, 0.268,-0.033,-0.015,0.000,0.000,0.000,-0.268, 0.033, 0.643;
3.360,-4.370,-5.428,-4.370,-5.428, 0.268,-0.033,-0.015,0.000,0.000,0.000,-0.268, 0.033, 0.643;
3.371,-4.369,-5.427,-4.369,-5.427, 0.268,-0.033,-0.015,0.000,0.000,0.000,-0.268, 0.033, 0.643;
3.383,-4.369,-5.427,-4.369,-5.427, 0.268,-0.033,-0.015,0.000,0.000,0.000,-0.268, 0.033, 0.643;
3.394,-4.369,-5.426,-4.369,-5.426, 0.268,-0.033,-0.015,0.000,0.000,0.000,-0.268, 0.033, 0.643;
3.405,-4.369,-5.426,-4.369,-5.426, 0.268,-0.033,-0.015,0.000,0.000,0.000,-0.268, 0.033, 0.643;
3.416,-4.369,-5.425,-4.369,-5.425, 0.268,-0.033,-0.015,0.000,0.000,0.000,-0.268, 0.033, 0.643;
3.427,-4.369,-5.425,-4.369,-5.425, 0.268,-0.033,-0.015,0.000,0.000,0.000,-0.268, 0.033, 0.643;
3.438,-4.369,-5.425,-4.369,-5.425, 0.268,-0.033,-0.015,0.000,0.000,0.000,-0.268, 0.033, 0.643;
3.459,-4.368,-5.424,-4.368,-5.424, 0.268,-0.033,-0.015,0.000,0.000,0.000,-0.268, 0.033, 0.643;
3.471,-4.368,-5.423,-4.368,-5.423, 0.268,-0.033,-0.015,0.000,0.000,0.000,-0.268, 0.033, 0.643;
3.483,-4.368,-5.423,-4.368,-5.423, 0.268,-0.033,-0.015,0.000,0.000,0.000,-0.268, 0.033, 0.643;
3.494,-4.368,-5.422,-4.368,-5.422, 0.268,-0.033,-0.015,0.000,0.000,0.000,-0.268, 0.033, 0.643;
3.506,-4.368,-5.422,-4.368,-5.422, 0.268,-0.033,-0.015,0.000,0.000,0.000,-0.268, 0.033, 0.643;
3.518,-4.368,-5.422,-4.368,-5.422, 0.268,-0.033,-0.015,0.000,0.000,0.000,-0.268, 0.033, 0.643;
3.529,-4.368,-5.421,-4.368,-5.421, 0.268,-0.033,-0.015,0.000,0.000,0.000,-0.268, 0.033, 0.643;
3.541,-4.367,-5.421,-4.367,-5.421, 0.268,-0.033,-0.015,0.000,0.000,0.000,-0.268, 0.033, 0.643;
3.552,-4.367,-5.420,-4.367,-5.420, 0.268,-0.033,-0.015,0.000,0.000,0.000,-0.268, 0.033, 0.643;
3.563,-4.367,-5.420,-4.367,-5.420, 0.268,-0.033,-0.015,0.000,0.000,0.000,-0.268, 0.033, 0.643;
3.575,-4.367,-5.419,-4.367,-5.419, 0.268,-0.033,-0.015,0.000,0.000,0.000,-0.268, 0.033, 0.643;
3.586,-4.367,-5.419,-4.367,-5.419, 0.268,-0.033,-0.015,0.000,0.000,0.000,-0.268, 0.033, 0.643;
3.598,-4.367,-5.419,-4.367,-5.419, 0.268,-0.033,-0.015,0.000,0.000,0.000,-0.268, 0.033, 0.643;
3.610,-4.367,-5.418,-4.367,-5.418, 0.268,-0.033,-0.015,0.000,0.000,0.000,-0.268, 0.033, 0.643;
3.622,-4.366,-5.418,-4.366,-5.418, 0.268,-0.033,-0.015,0.000,0.000,0.000,-0.268, 0.033, 0.643;
3.644,-4.366,-5.417,-4.366,-5.417, 0.268,-0.033,-0.015,0.000,0.000,0.000,-0.268, 0.033, 0.643;
3.656,-4.366,-5.416,-4.366,-5.416, 0.268,-0.033,-0.015,0.000,0.000,0.000,-0.268, 0.033, 0.643;
3.668,-4.366,-5.416,-4.366,-5.416, 0.268,-0.033,-0.015,0.000,0.000,0.000,-0.268, 0.033, 0.643;
3.680,-4.366,-5.416,-4.366,-5.416, 0.268,-0.033,-0.015,0.000,0.000,0.000,-0.268, 0.033, 0.643;
3.692,-4.365,-5.415,-4.365,-5.415, 0.268,-0.033,-0.015,0.000,0.000,0.000,-0.268, 0.033, 0.643;
3.705,-4.365,-5.415,-4.365,-5.415, 0.268,-0.033,-0.015,0.000,0.000,0.000,-0.268, 0.033, 0.643;
3.716,-4.365,-5.414,-4.365,-5.414, 0.268,-0.033,-0.015,0.000,0.000,0.000,-0.268, 0.033, 0.643;
3.728,-4.365,-5.414,-4.365,-5.414, 0.268,-0.033,-0.015,0.000,0.000,0.000,-0.268, 0.033, 0.643;
3.740,-4.365,-5.413,-4.365,-5.413, 0.268,-0.033,-0.015,0.000,0.000,0.000,-0.268, 0.033, 0.643;
3.752,-4.365,-5.413,-4.365,-5.413, 0.268,-0.033,-0.015,0.000,0.000,0.000,-0.268, 0.033, 0.643;
3.765,-4.364,-5.412,-4.364,-5.412, 0.268,-0.033,-0.015,0.000,0.000,0.000,-0.268, 0.033, 0.643;
3.778,-4.364,-5.412,-4.364,-5.412, 0.268,-0.033,-0.015,0.000,0.000,0.000,-0.268, 0.033, 0.643;
3.790,-4.364,-5.411,-4.364,-5.411, 0.268,-0.033,-0.015,0.000,0.000,0.000,-0.268, 0.033, 0.643;
3.802,-4.364,-5.411,-4.364,-5.411, 0.268,-0.033,-0.015,0.000,0.000,0.000,-0.268, 0.033, 0.643;
3.814,-4.364,-5.411,-4.364,-5.411, 0.268,-0.033,-0.015,0.000,0.000,0.000,-0.268, 0.033, 0.643;
3.826,-4.363,-5.410,-4.363,-5.410, 0.268,-0.033,-0.015,0.000,0.000,0.000,-0.268, 0.033, 0.643;
3.837,-4.363,-5.410,-4.363,-5.410, 0.268,-0.033,-0.015,0.000,0.000,0.000,-0.268, 0.033, 0.643;
3.849,-4.363,-5.409,-4.363,-5.409, 0.268,-0.033,-0.015,0.000,0.000,0.000,-0.268, 0.033, 0.643;
3.862,-4.363,-5.409,-4.363,-5.409, 0.268,-0.033,-0.015,0.000,0.000,0.000,-0.268, 0.033, 0.643;
3.875,-4.363,-5.408,-4.363,-5.408, 0.268,-0.033,-0.015,0.000,0.000,0.000,-0.268, 0.033, 0.643;
3.887,-4.362,-5.408,-4.362,-5.408, 0.268,-0.033,-0.015,0.000,0.000,0.000,-0.268, 0.033, 0.643;
3.900,-4.362,-5.407,-4.362,-5.407, 0.268,-0.033,-0.015,0.000,0.000,0.000,-0.268, 0.033, 0.643;
3.912,-4.362,-5.407,-4.362,-5.407, 0.268,-0.033,-0.015,0.000,0.000,0.000,-0.268, 0.033, 0.643;
3.925,-4.362,-5.407,-4.362,-5.407, 0.268,-0.033,-0.015,0.000,0.000,0.000,-0.268, 0.033, 0.643;
3.929,-4.362,-5.406,-4.362,-5.406, 0.268,-0.033,-0.015,0.000,0.000,0.000,-0.268, 0.033, 0.643;
3.940,-4.361,-5.406,-4.361,-5.406, 0.268,-0.033,-0.015,0.000,0.000,0.000,-0.268, 0.033, 0.643;
3.952,-4.361,-5.406,-4.361,-5.406, 0.268,-0.033,-0.015,0.000,0.000,0.000,-0.268, 0.033, 0.643;
3.973,-4.361,-5.405,-4.361,-5.405, 0.268,-0.033,-0.015,0.000,0.000,0.000,-0.268, 0.033, 0.643;
3.986,-4.361,-5.404,-4.361,-5.404, 0.268,-0.033,-0.015,0.000,0.000,0.000,-0.268, 0.033, 0.643;
3.997,-4.360,-5.404,-4.360,-5.404, 0.268,-0.033,-0.015,0.000,0.000,0.000,-0.268, 0.033, 0.643;
4.010,-4.360,-5.404,-4.360,-5.404, 0.268,-0.033,-0.015,0.000,0.000,0.000,-0.268, 0.033, 0.643;
4.022,-4.360,-5.403,-4.360,-5.403, 0.268,-0.033,-0.015,0.000,0.000,0.000,-0.268, 0.033, 0.643;
4.034,-4.360,-5.403,-4.360,-5.403, 0.268,-0.033,-0.015,0.000,0.000,0.000,-0.268, 0.033, 0.643;
4.046,-4.360,-5.402,-4.360,-5.402, 0.268,-0.033,-0.015,0.000,0.000,0.000,-0.268, 0.033, 0.643;
4.058,-4.359,-5.402,-4.359,-5.402, 0.268,-0.033,-0.015,0.000,0.000,0.000,-0.268, 0.033, 0.643;
4.070,-4.359,-5.401,-4.359,-5.401, 0.268,-0.033,-0.015,0.000,0.000,0.000,-0.268, 0.033, 0.643;
4.081,-4.359,-5.401,-4.359,-5.401, 0.268,-0.033,-0.015,0.000,0.000,0.000,-0.268, 0.033, 0.643;
4.094,-4.359,-5.401,-4.359,-5.401, 0.268,-0.033,-0.015,0.000,0.000,0.000,-0.268, 0.033, 0.643;
4.106,-4.358,-5.400,-4.358,-5.400, 0.268,-0.033,-0.015,0.000,0.000,0.000,-0.268, 0.033, 0.643;
4.118,-4.358,-5.400,-4.358,-5.400, 0.268,-0.033,-0.015,0.000,0.000,0.000,-0.268, 0.033, 0.643;
4.131,-4.358,-5.399,-4.358,-5.399, 0.268,-0.033,-0.015,0.000,0.000,0.000,-0.268, 0.033, 0.643;
4.144,-4.358,-5.399,-4.358,-5.399, 0.268,-0.033,-0.015,0.000,0.000,0.000,-0.268, 0.033, 0.643;
4.156,-4.357,-5.398,-4.357,-5.398, 0.268,-0.033,-0.015,0.000,0.000,0.000,-0.268, 0.033, 0.643;
4.168,-4.357,-5.398,-4.357,-5.398, 0.268,-0.033,-0.015,0.000,0.000,0.000,-0.268, 0.033, 0.643;
4.180,-4.357,-5.398,-4.357,-5.398, 0.268,-0.033,-0.015,0.000,0.000,0.000,-0.268, 0.033, 0.643;
4.192,-4.357,-5.397,-4.357,-5.397, 0.268,-0.033,-0.015,0.000,0.000,0.000,-0.268, 0.033, 0.643;
4.204,-4.357,-5.397,-4.357,-5.397, 0.268,-0.033,-0.015,0.000,0.000,0.000,-0.268, 0.033, 0.643;
4.216,-4.356,-5.396,-4.356,-5.396, 0.268,-0.033,-0.015,0.000,0.000,0.000,-0.268, 0.033, 0.643;
4.229,-4.356,-5.396,-4.356,-5.396, 0.268,-0.033,-0.015,0.000,0.000,0.000,-0.268, 0.033, 0.643;
4.241,-4.356,-5.396,-4.356,-5.396, 0.268,-0.033,-0.015,0.000,0.000,0.000,-0.268, 0.033, 0.643;
4.254,-4.355,-5.395,-4.355,-5.395, 0.268,-0.033,-0.015,0.000,0.000,0.000,-0.268, 0.033, 0.643;
4.266,-4.355,-5.395,-4.355,-5.395, 0.268,-0.033,-0.015,0.000,0.000,0.000,-0.268, 0.033, 0.643;
4.278,-4.355,-5.394,-4.355,-5.394, 0.268,-0.033,-0.015,0.000,0.000,0.000,-0.268, 0.033, 0.643;
4.290,-4.355,-5.394,-4.355,-5.394, 0.268,-0.033,-0.015,0.000,0.000,0.000,-0.268, 0.033, 0.643;
4.301,-4.354,-5.394,-4.354,-5.394, 0.268,-0.033,-0.015,0.000,0.000,0.000,-0.268, 0.033, 0.643;
4.313,-4.354,-5.393,-4.354,-5.393, 0.268,-0.033,-0.015,0.000,0.000,0.000,-0.268, 0.033, 0.643;
4.325,-4.354,-5.393,-4.354,-5.393, 0.268,-0.033,-0.015,0.000,0.000,0.000,-0.268, 0.033, 0.643;
4.337,-4.354,-5.392,-4.354,-5.392, 0.268,-0.033,-0.015,0.000,0.000,0.000,-0.268, 0.033, 0.643;
4.348,-4.353,-5.392,-4.353,-5.392, 0.268,-0.033,-0.015,0.000,0.000,0.000,-0.268, 0.033, 0.643;
4.359,-4.353,-5.392,-4.353,-5.392, 0.268,-0.033,-0.015,0.000,0.000,0.000,-0.268, 0.033, 0.643;
4.370,-4.353,-5.391,-4.353,-5.391, 0.268,-0.033,-0.015,0.000,0.000,0.000,-0.268, 0.033, 0.643;
4.381,-4.353,-5.391,-4.353,-5.391, 0.268,-0.033,-0.015,0.000,0.000,0.000,-0.268, 0.033, 0.643;
4.393,-4.352,-5.390,-4.352,-5.390, 0.268,-0.033,-0.015,0.000,0.000,0.000,-0.268, 0.033, 0.643;
4.414,-4.352,-5.390,-4.352,-5.390, 0.268,-0.033,-0.015,0.000,0.000,0.000,-0.268, 0.033, 0.643;
4.426,-4.352,-5.389,-4.352,-5.389, 0.268,-0.033,-0.015,0.000,0.000,0.000,-0.268, 0.033, 0.643;
4.437,-4.351,-5.389,-4.351,-5.389, 0.268,-0.033,-0.015,0.000,0.000,0.000,-0.268, 0.033, 0.643;
4.449,-4.351,-5.389,-4.351,-5.389, 0.268,-0.033,-0.015,0.000,0.000,0.000,-0.268, 0.033, 0.643;
4.460,-4.351,-5.388,-4.351,-5.388, 0.268,-0.033,-0.015,0.000,0.000,0.000,-0.268, 0.033, 0.643;
4.472,-4.351,-5.388,-4.351,-5.388, 0.268,-0.033,-0.015,0.000,0.000,0.000,-0.268, 0.033, 0.643;
4.483,-4.350,-5.388,-4.350,-5.388, 0.268,-0.033,-0.015,0.000,0.000,0.000,-0.268, 0.033, 0.643;
4.494,-4.350,-5.387,-4.350,-5.387, 0.268,-0.033,-0.015,0.000,0.000,0.000,-0.268, 0.033, 0.643;
4.505,-4.350,-5.387,-4.350,-5.387, 0.268,-0.033,-0.015,0.000,0.000,0.000,-0.268, 0.033, 0.643;
4.516,-4.350,-5.386,-4.350,-5.386, 0.268,-0.033,-0.015,0.000,0.000,0.000,-0.268, 0.033, 0.643;
4.527,-4.349,-5.386,-4.349,-5.386, 0.268,-0.033,-0.015,0.000,0.000,0.000,-0.268, 0.033, 0.643;
4.549,-4.349,-5.385,-4.349,-5.385, 0.268,-0.033,-0.015,0.000,0.000,0.000,-0.268, 0.033, 0.643;
4.561,-4.349,-5.385,-4.349,-5.385, 0.268,-0.033,-0.015,0.000,0.000,0.000,-0.268, 0.033, 0.643;
4.565,-4.349,-5.385,-4.349,-5.385, 0.268,-0.033,-0.015,0.000,0.000,0.000,-0.268, 0.033, 0.643;
4.576,-4.348,-5.385,-4.348,-5.385, 0.268,-0.033,-0.015,0.000,0.000,0.000,-0.268, 0.033, 0.643;
4.587,-4.348,-5.384,-4.348,-5.384, 0.268,-0.033,-0.015,0.000,0.000,0.000,-0.268, 0.033, 0.643;
4.610,-4.347,-5.383,-4.347,-5.383, 0.268,-0.033,-0.015,0.000,0.000,0.000,-0.268, 0.033, 0.643;
4.614,-4.347,-5.383,-4.347,-5.383, 0.268,-0.033,-0.015,0.000,0.000,0.000,-0.268, 0.033, 0.643;
4.625,-4.347,-5.383,-4.347,-5.383, 0.268,-0.033,-0.015,0.000,0.000,0.000,-0.268, 0.033, 0.643;
4.647,-4.347,-5.382,-4.347,-5.382, 0.268,-0.033,-0.015,0.000,0.000,0.000,-0.268, 0.033, 0.643;
4.658,-4.346,-5.382,-4.346,-5.382, 0.268,-0.033,-0.015,0.000,0.000,0.000,-0.268, 0.033, 0.643;
4.670,-4.346,-5.382,-4.346,-5.382, 0.268,-0.033,-0.015,0.000,0.000,0.000,-0.268, 0.033, 0.643;
4.682,-4.346,-5.381,-4.346,-5.381, 0.268,-0.033,-0.015,0.000,0.000,0.000,-0.268, 0.033, 0.643;
4.693,-4.345,-5.381,-4.345,-5.381, 0.268,-0.033,-0.015,0.000,0.000,0.000,-0.268, 0.033, 0.643;
4.705,-4.345,-5.381,-4.345,-5.381, 0.268,-0.033,-0.015,0.000,0.000,0.000,-0.268, 0.033, 0.643;
4.717,-4.345,-5.380,-4.345,-5.380, 0.268,-0.033,-0.015,0.000,0.000,0.000,-0.268, 0.033, 0.643;
4.729,-4.344,-5.380,-4.344,-5.380, 0.268,-0.033,-0.015,0.000,0.000,0.000,-0.268, 0.033, 0.643;
4.742,-4.344,-5.379,-4.344,-5.379, 0.268,-0.033,-0.015,0.000,0.000,0.000,-0.268, 0.033, 0.643;
4.755,-4.344,-5.379,-4.344,-5.379, 0.268,-0.033,-0.015,0.000,0.000,0.000,-0.268, 0.033, 0.643;
4.767,-4.343,-5.379,-4.343,-5.379, 0.268,-0.033,-0.015,0.000,0.000,0.000,-0.268, 0.033, 0.643;
4.779,-4.343,-5.378,-4.343,-5.378, 0.268,-0.033,-0.015,0.000,0.000,0.000,-0.268, 0.033, 0.643;
4.790,-4.343,-5.378,-4.343,-5.378, 0.268,-0.033,-0.015,0.000,0.000,0.000,-0.268, 0.033, 0.643;
4.802,-4.343,-5.378,-4.343,-5.378, 0.268,-0.033,-0.015,0.000,0.000,0.000,-0.268, 0.033, 0.643;
4.814,-4.342,-5.377,-4.342,-5.377, 0.268,-0.033,-0.015,0.000,0.000,0.000,-0.268, 0.033, 0.643;
4.826,-4.342,-5.377,-4.342,-5.377, 0.268,-0.033,-0.015,0.000,0.000,0.000,-0.268, 0.033, 0.643;
4.837,-4.342,-5.377,-4.342,-5.377, 0.268,-0.033,-0.015,0.000,0.000,0.000,-0.268, 0.033, 0.643;
4.849,-4.341,-5.376,-4.341,-5.376, 0.268,-0.033,-0.015,0.000,0.000,0.000,-0.268, 0.033, 0.643;
4.860,-4.341,-5.376,-4.341,-5.376, 0.268,-0.033,-0.015,0.000,0.000,0.000,-0.268, 0.033, 0.643;
4.871,-4.341,-5.376,-4.341,-5.376, 0.268,-0.033,-0.015,0.000,0.000,0.000,-0.268, 0.033, 0.643;
4.883,-4.340,-5.375,-4.340,-5.375, 0.268,-0.033,-0.015,0.000,0.000,0.000,-0.268, 0.033, 0.643;
4.894,-4.340,-5.375,-4.340,-5.375, 0.268,-0.033,-0.015,0.000,0.000,0.000,-0.268, 0.033, 0.643;
4.906,-4.340,-5.375,-4.340,-5.375, 0.268,-0.033,-0.015,0.000,0.000,0.000,-0.268, 0.033, 0.643;
4.928,-4.339,-5.374,-4.339,-5.374, 0.268,-0.033,-0.015,0.000,0.000,0.000,-0.268, 0.033, 0.643;
4.931,-4.339,-5.374,-4.339,-5.374, 0.268,-0.033,-0.015,0.000,0.000,0.000,-0.268, 0.033, 0.643;
4.943,-4.339,-5.374,-4.339,-5.374, 0.268,-0.033,-0.015,0.000,0.000,0.000,-0.268, 0.033, 0.643;
4.965,-4.338,-5.373,-4.338,-5.373, 0.268,-0.033,-0.015,0.000,0.000,0.000,-0.268, 0.033, 0.643;
4.976,-4.338,-5.373,-4.338,-5.373, 0.268,-0.033,-0.015,0.000,0.000,0.000,-0.268, 0.033, 0.643;
4.989,-4.337,-5.372,-4.337,-5.372, 0.268,-0.033,-0.015,0.000,0.000,0.000,-0.268, 0.033, 0.643;
5.001,-4.337,-5.372,-4.337,-5.372, 0.268,-0.033,-0.015,0.000,0.000,0.000,-0.268, 0.033, 0.643;
5.013,-4.337,-5.372,-4.337,-5.372, 0.268,-0.033,-0.015,0.000,0.000,0.000,-0.268, 0.033, 0.643;
5.025,-4.336,-5.371,-4.336,-5.371, 0.268,-0.033,-0.015,0.000,0.000,0.000,-0.268, 0.033, 0.643;
5.037,-4.336,-5.371,-4.336,-5.371, 0.268,-0.033,-0.015,0.000,0.000,0.000,-0.268, 0.033, 0.643;
5.049,-4.336,-5.371,-4.336,-5.371, 0.268,-0.033,-0.015,0.000,0.000,0.000,-0.268, 0.033, 0.643;
5.061,-4.335,-5.370,-4.335,-5.370, 0.268,-0.033,-0.015,0.000,0.000,0.000,-0.268, 0.033, 0.643;
5.073,-4.335,-5.370,-4.335,-5.370, 0.268,-0.033,-0.015,0.000,0.000,0.000,-0.268, 0.033, 0.643;
