lambdapx=5.000;lambdapy=5.000;lambdapth=20.000;lambdavx=0.000;lambdavth=0.000;kxg=10.000;kyg= 5.000;kthg= 5.000;kxgp=5.000;kygp=7.000;kthgp=7.000;
datos=[0.000,0.000,0.000,0.000,0.000, 0.000, 0.000, 0.000,0.000,0.000,0.000, 0.000, 0.000, 0.000, 0.000, 0.000, 0.000, 0.000, 0.000, 0.000, 0.000, 0.000, 0.000, 0.000, 0.000, 0.000, 0.000, 0.000, 0.000;
0.012,-2.405,-0.460,-3.158,0.293,-0.060,-0.100, 0.059,0.000,0.000,0.000, 0.560, 0.104, 1.514, 0.050, 0.375, 0.073,-0.053,-0.060, 0.053, 0.500, 0.004, 1.572,-0.002, 0.314, 0.126,-0.099,-0.001, 0.000;
0.024,1.978,-1.576,-6.052,6.455,-0.060,-0.100, 0.059,0.000,0.000,0.000, 0.560, 0.108, 1.515, 0.098, 0.431, 0.024,-0.102,-0.116, 0.102, 0.500, 0.008, 1.574,-0.005, 0.314, 0.126,-0.099,-0.001, 0.000;
0.036,-0.030,-1.886,-8.621,6.705,-0.060,-0.100, 0.059,0.000,0.000,0.000, 0.560, 0.112, 1.517, 0.142, 0.482,-0.022,-0.149,-0.168, 0.148, 0.500, 0.011, 1.575,-0.007, 0.314, 0.126,-0.099,-0.002, 0.000;
0.048,-2.032,-2.218,-11.195,6.945,-0.060,-0.100, 0.059,0.000,0.000,0.000, 0.560, 0.116, 1.518, 0.186, 0.533,-0.069,-0.195,-0.219, 0.194, 0.500, 0.015, 1.577,-0.009, 0.314, 0.126,-0.099,-0.003, 0.000;
0.060,-3.800,-2.529,-13.463,7.134,-0.060,-0.100, 0.059,0.000,0.000,0.000, 0.560, 0.119, 1.520, 0.225, 0.577,-0.110,-0.236,-0.263, 0.236, 0.500, 0.019, 1.578,-0.012, 0.314, 0.126,-0.099,-0.004, 0.000;
0.072,-5.668,-2.887,-15.884,7.330,-0.060,-0.100, 0.059,0.000,0.000,0.000, 0.560, 0.123, 1.521, 0.267, 0.624,-0.154,-0.281,-0.311, 0.280, 0.499, 0.023, 1.580,-0.014, 0.314, 0.126,-0.099,-0.004, 0.000;
0.085,-6.140,-0.422,-15.626,9.065,-0.060,-0.100, 0.059,0.000,0.000,0.000, 0.560, 0.127, 1.523, 0.219, 0.669,-0.109,-0.236,-0.355, 0.235, 0.499, 0.027, 1.581,-0.017, 0.314, 0.126,-0.099,-0.005, 0.000;
0.096,-4.412,-0.081,-13.408,8.915,-0.060,-0.100, 0.059,0.000,0.000,0.000, 0.559, 0.131, 1.524, 0.176, 0.628,-0.068,-0.195,-0.314, 0.194, 0.499, 0.030, 1.583,-0.019, 0.314, 0.126,-0.099,-0.006, 0.000;
0.107,-2.800,0.231,-11.339,8.770,-0.060,-0.100, 0.059,0.000,0.000,0.000, 0.559, 0.134, 1.526, 0.135, 0.589,-0.029,-0.156,-0.275, 0.155, 0.499, 0.034, 1.584,-0.021, 0.313, 0.126,-0.098,-0.007, 0.000;
0.119,-1.128,0.561,-9.181,8.614,-0.060,-0.100, 0.059,0.000,0.000,0.000, 0.559, 0.138, 1.527, 0.093, 0.548, 0.011,-0.116,-0.235, 0.115, 0.499, 0.037, 1.586,-0.023, 0.313, 0.126,-0.098,-0.007, 0.000;
0.130,0.578,0.895,-6.981,8.455,-0.060,-0.100, 0.059,0.000,0.000,0.000, 0.559, 0.141, 1.528, 0.050, 0.507, 0.051,-0.075,-0.194, 0.074, 0.498, 0.041, 1.587,-0.026, 0.313, 0.126,-0.098,-0.008, 0.000;
0.142,2.262,1.223,-4.813,8.298,-0.060,-0.100, 0.059,0.000,0.000,0.000, 0.558, 0.145, 1.530, 0.007, 0.466, 0.092,-0.035,-0.153, 0.034, 0.498, 0.044, 1.589,-0.028, 0.313, 0.126,-0.098,-0.009, 0.000;
0.153,3.960,1.556,-2.626,8.141,-0.060,-0.100, 0.059,0.000,0.000,0.000, 0.558, 0.149, 1.531,-0.036, 0.425, 0.132, 0.006,-0.112,-0.007, 0.498, 0.048, 1.590,-0.030, 0.313, 0.126,-0.098,-0.009, 0.000;
0.165,3.840,-0.176,-2.244,5.909,-0.062,-0.100, 0.058,-0.189,0.000,-0.072, 0.560, 0.152, 1.534, 0.004, 0.383, 0.174,-0.036,-0.071,-0.048, 0.497, 0.052, 1.592,-0.033, 0.312, 0.126,-0.098,-0.010, 0.000;
0.176,6.029,-0.402,-0.713,6.339,-0.062,-0.100, 0.059,0.000,0.000,0.077, 0.559, 0.156, 1.534,-0.037, 0.344, 0.135, 0.003,-0.032,-0.009, 0.497, 0.055, 1.593,-0.035, 0.312, 0.126,-0.098,-0.011, 0.000;
0.188,5.823,-2.027,-0.249,4.045,-0.062,-0.100, 0.059,0.000,0.000,0.000, 0.559, 0.159, 1.536, 0.001, 0.303, 0.176,-0.038, 0.009,-0.050, 0.497, 0.059, 1.594,-0.037, 0.312, 0.126,-0.098,-0.012, 0.000;
0.199,7.418,-1.763,1.831,3.824,-0.062,-0.100, 0.044,0.000,0.000,-1.344, 0.559, 0.163, 1.552,-0.039, 0.264, 0.216,-0.000, 0.047,-0.090, 0.496, 0.062, 1.596,-0.039, 0.312, 0.126,-0.098,-0.012, 0.000;
0.220,4.572,-2.517,-2.249,4.304,-0.062,-0.103, 0.060,0.000,-0.107,0.746, 0.558, 0.171, 1.539, 0.030, 0.337, 0.141,-0.073,-0.026,-0.015, 0.495, 0.069, 1.598,-0.043, 0.311, 0.126,-0.098,-0.014, 0.000;
0.231,6.736,-2.633,-0.455,4.558,-0.062,-0.103, 0.060,0.000,0.000,0.000, 0.557, 0.175, 1.540,-0.013, 0.296, 0.100,-0.032, 0.015, 0.026, 0.495, 0.072, 1.600,-0.046, 0.311, 0.126,-0.098,-0.014, 0.000;
0.243,6.848,-0.993,-0.861,6.716,-0.062,-0.105, 0.074,0.000,-0.198,1.317, 0.557, 0.181, 1.527,-0.055, 0.336, 0.058, 0.007,-0.025, 0.068, 0.494, 0.076, 1.601,-0.048, 0.311, 0.126,-0.098,-0.015, 0.000;
0.255,7.261,-3.243,-0.960,4.978,-0.065,-0.105, 0.088,-0.184,0.000,1.117, 0.558, 0.185, 1.515,-0.015, 0.293, 0.012,-0.035, 0.017, 0.114, 0.494, 0.080, 1.603,-0.050, 0.310, 0.126,-0.097,-0.016, 0.000;
0.267,7.323,-1.462,-1.420,7.281,-0.065,-0.107, 0.103,0.000,-0.184,1.204, 0.558, 0.191, 1.502,-0.060, 0.335,-0.035, 0.007,-0.025, 0.160, 0.493, 0.083, 1.604,-0.052, 0.310, 0.126,-0.097,-0.016, 0.000;
0.278,5.696,-1.897,-3.520,7.318,-0.065,-0.109, 0.117,0.000,-0.199,1.296, 0.557, 0.196, 1.489,-0.022, 0.374,-0.078,-0.032,-0.065, 0.204, 0.492, 0.087, 1.606,-0.055, 0.309, 0.126,-0.097,-0.017, 0.000;
0.289,7.796,-1.922,-1.874,7.748,-0.062,-0.109, 0.119,0.200,0.000,0.155, 0.554, 0.200, 1.488,-0.064, 0.335,-0.121, 0.007,-0.026, 0.246, 0.492, 0.090, 1.607,-0.057, 0.309, 0.126,-0.097,-0.018, 0.000;
0.301,7.714,-0.286,-2.523,9.952,-0.062,-0.112, 0.148,0.000,-0.197,2.584, 0.554, 0.205, 1.460,-0.106, 0.374,-0.166, 0.047,-0.066, 0.292, 0.491, 0.094, 1.609,-0.059, 0.309, 0.126,-0.097,-0.019, 0.000;
0.312,8.218,-2.338,-2.410,8.289,-0.062,-0.112, 0.146,0.000,0.000,-0.193, 0.553, 0.209, 1.464,-0.069, 0.335,-0.209, 0.008,-0.027, 0.334, 0.490, 0.097, 1.610,-0.061, 0.308, 0.126,-0.097,-0.019, 0.000;
0.323,8.102,-0.749,-3.093,10.447,-0.060,-0.114, 0.177,0.204,-0.204,2.850, 0.550, 0.214, 1.434,-0.110, 0.373,-0.254, 0.047,-0.066, 0.379, 0.490, 0.101, 1.611,-0.063, 0.308, 0.126,-0.097,-0.020, 0.000;
0.334,8.607,-2.738,-3.005,8.874,-0.060,-0.114, 0.192,0.000,0.000,1.321, 0.549, 0.218, 1.421,-0.074, 0.335,-0.298, 0.009,-0.027, 0.424, 0.489, 0.104, 1.613,-0.065, 0.307, 0.126,-0.097,-0.021, 0.000;
0.355,8.404,0.184,-4.301,12.890,-0.058,-0.114, 0.209,0.106,0.000,0.823, 0.546, 0.224, 1.406,-0.153, 0.408,-0.385, 0.083,-0.101, 0.511, 0.488, 0.110, 1.615,-0.069, 0.306, 0.126,-0.096,-0.022, 0.000;
0.366,9.013,-1.941,-4.045,11.118,-0.058,-0.114, 0.206,0.000,0.000,-0.261, 0.545, 0.228, 1.411,-0.114, 0.366,-0.427, 0.042,-0.060, 0.552, 0.487, 0.114, 1.617,-0.072, 0.306, 0.126,-0.096,-0.023, 0.000;
0.378,11.121,-1.756,-2.488,11.853,-0.056,-0.114, 0.223,0.191,0.000,1.493, 0.542, 0.231, 1.395,-0.157, 0.325,-0.470, 0.083,-0.019, 0.596, 0.486, 0.118, 1.618,-0.074, 0.305, 0.126,-0.096,-0.023, 0.000;
0.391,9.259,-2.490,-4.870,11.638,-0.056,-0.114, 0.238,0.000,0.000,1.124, 0.541, 0.235, 1.382,-0.115, 0.369,-0.518, 0.038,-0.064, 0.643, 0.485, 0.122, 1.620,-0.076, 0.305, 0.126,-0.096,-0.024, 0.000;
0.402,8.887,-0.826,-5.735,13.796,-0.054,-0.116, 0.266,0.192,-0.192,2.446, 0.538, 0.241, 1.355,-0.158, 0.409,-0.563, 0.079,-0.105, 0.689, 0.484, 0.125, 1.621,-0.079, 0.304, 0.126,-0.096,-0.025, 0.000;
0.414,10.894,-0.514,-4.176,14.556,-0.051,-0.116, 0.284,0.190,0.000,1.544, 0.535, 0.245, 1.338,-0.201, 0.367,-0.609, 0.121,-0.064, 0.734, 0.483, 0.129, 1.623,-0.081, 0.304, 0.126,-0.095,-0.025, 0.000;
0.425,11.579,-2.517,-3.944,13.006,-0.051,-0.116, 0.298,0.000,0.000,1.252, 0.534, 0.248, 1.326,-0.164, 0.327,-0.652, 0.081,-0.024, 0.778, 0.482, 0.132, 1.624,-0.083, 0.303, 0.126,-0.095,-0.026, 0.000;
0.437,11.152,-0.880,-4.868,15.140,-0.049,-0.116, 0.317,0.192,0.000,1.599, 0.530, 0.252, 1.309,-0.207, 0.367,-0.697, 0.122,-0.065, 0.823, 0.481, 0.136, 1.626,-0.085, 0.302, 0.126,-0.095,-0.027, 0.000;
0.449,11.997,-3.074,-4.515,13.438,-0.049,-0.116, 0.326,0.000,0.000,0.753, 0.529, 0.255, 1.301,-0.166, 0.323,-0.743, 0.078,-0.021, 0.869, 0.480, 0.139, 1.627,-0.088, 0.302, 0.126,-0.095,-0.027, 0.000;
0.461,11.528,-1.491,-5.460,15.497,-0.047,-0.116, 0.345,0.197,0.000,1.647, 0.526, 0.259, 1.284,-0.208, 0.362,-0.785, 0.118,-0.061, 0.911, 0.479, 0.143, 1.629,-0.090, 0.301, 0.126,-0.095,-0.028, 0.000;
0.472,12.312,-3.447,-5.107,13.972,-0.047,-0.116, 0.359,0.000,0.000,1.225, 0.525, 0.262, 1.271,-0.170, 0.322,-0.827, 0.079,-0.022, 0.953, 0.478, 0.146, 1.630,-0.092, 0.300, 0.126,-0.094,-0.029, 0.000;
0.483,10.717,-4.278,-7.175,13.614,-0.047,-0.116, 0.391,0.000,0.000,2.981, 0.524, 0.265, 1.240,-0.134, 0.360,-0.870, 0.040,-0.060, 0.995, 0.477, 0.149, 1.631,-0.094, 0.300, 0.126,-0.094,-0.029, 0.000;
0.494,12.532,-3.717,-5.757,14.572,-0.045,-0.116, 0.411,0.201,0.000,1.743, 0.521, 0.269, 1.222,-0.175, 0.320,-0.913, 0.079,-0.021, 1.039, 0.476, 0.153, 1.633,-0.096, 0.299, 0.126,-0.094,-0.030, 0.000;
0.506,10.784,-4.809,-8.053,14.028,-0.045,-0.118, 0.438,0.000,-0.179,2.143, 0.520, 0.275, 1.197,-0.134, 0.364,-0.963, 0.035,-0.065, 1.089, 0.475, 0.156, 1.634,-0.098, 0.298, 0.126,-0.094,-0.031, 0.000;
0.517,11.737,-6.619,-7.481,12.599,-0.045,-0.118, 0.451,0.000,0.000,1.214, 0.518, 0.278, 1.185,-0.098, 0.325,-1.004,-0.003,-0.027, 1.130, 0.474, 0.160, 1.636,-0.100, 0.298, 0.126,-0.094,-0.032, 0.000;
0.529,11.090,-5.148,-8.610,14.553,-0.042,-0.118, 0.470,0.197,0.000,1.719, 0.515, 0.281, 1.167,-0.140, 0.364,-1.048, 0.038,-0.067, 1.173, 0.473, 0.163, 1.637,-0.102, 0.297, 0.126,-0.093,-0.032, 0.000;
0.550,13.231,-8.868,-7.490,11.853,-0.042,-0.118, 0.490,0.000,0.000,0.903, 0.513, 0.288, 1.150,-0.067, 0.286,-1.131,-0.039, 0.010, 1.256, 0.470, 0.170, 1.640,-0.107, 0.296, 0.126,-0.093,-0.033, 0.000;
0.562,11.849,-6.665,-8.020,13.204,-0.040,-0.118, 0.510,0.186,0.000,1.672, 0.509, 0.291, 1.132,-0.112, 0.327,-1.089, 0.003,-0.032, 1.214, 0.469, 0.173, 1.641,-0.109, 0.295, 0.126,-0.093,-0.034, 0.000;
0.574,13.837,-5.963,-6.661,14.534,-0.040,-0.118, 0.530,0.000,0.000,1.682, 0.508, 0.295, 1.113,-0.156, 0.284,-1.132, 0.045, 0.010, 1.257, 0.468, 0.177, 1.643,-0.111, 0.294, 0.126,-0.092,-0.035, 0.000;
0.586,11.711,-6.576,-8.013,13.148,-0.040,-0.118, 0.543,0.000,0.000,1.061, 0.507, 0.298, 1.102,-0.116, 0.325,-1.090, 0.003,-0.032, 1.215, 0.466, 0.180, 1.644,-0.113, 0.293, 0.126,-0.092,-0.036, 0.000;
0.598,13.644,-5.834,-6.728,14.537,-0.040,-0.118, 0.563,0.000,0.000,1.727, 0.505, 0.302, 1.083,-0.160, 0.283,-1.132, 0.045, 0.009, 1.258, 0.465, 0.184, 1.646,-0.115, 0.292, 0.126,-0.092,-0.036, 0.000;
0.610,11.621,-6.478,-7.998,13.141,-0.040,-0.118, 0.576,0.000,0.000,1.073, 0.504, 0.305, 1.072,-0.121, 0.323,-1.091, 0.004,-0.031, 1.217, 0.464, 0.187, 1.647,-0.117, 0.291, 0.126,-0.092,-0.037, 0.000;
0.622,13.551,-5.668,-6.726,14.609,-0.040,-0.118, 0.596,0.000,0.000,1.703, 0.502, 0.309, 1.053,-0.166, 0.280,-1.134, 0.046, 0.011, 1.260, 0.462, 0.190, 1.649,-0.120, 0.290, 0.126,-0.091,-0.038, 0.000;
0.634,12.068,-7.004,-8.664,13.728,-0.040,-0.118, 0.617,0.000,0.000,1.700, 0.501, 0.312, 1.034,-0.125, 0.321,-1.178, 0.003,-0.032, 1.304, 0.461, 0.194, 1.650,-0.122, 0.290, 0.126,-0.091,-0.038, 0.000;
0.646,13.815,-6.024,-7.353,15.144,-0.038,-0.118, 0.638,0.189,0.000,1.757, 0.497, 0.316, 1.014,-0.169, 0.279,-1.221, 0.045, 0.010, 1.346, 0.459, 0.197, 1.652,-0.124, 0.289, 0.126,-0.091,-0.039, 0.000;
0.658,12.379,-7.442,-9.244,14.180,-0.038,-0.118, 0.658,0.000,0.000,1.724, 0.496, 0.319, 0.995,-0.129, 0.320,-1.264, 0.003,-0.033, 1.390, 0.458, 0.201, 1.653,-0.126, 0.288, 0.126,-0.090,-0.040, 0.000;
0.670,11.241,-6.157,-10.863,15.946,-0.038,-0.121, 0.702,0.000,-0.192,3.766, 0.494, 0.325, 0.953,-0.172, 0.360,-1.310, 0.043,-0.074, 1.436, 0.456, 0.204, 1.655,-0.128, 0.287, 0.126,-0.090,-0.040, 0.000;
0.681,12.608,-7.736,-9.811,14.683,-0.038,-0.121, 0.712,0.000,0.000,0.855, 0.493, 0.328, 0.944,-0.134, 0.320,-1.352, 0.004,-0.034, 1.477, 0.455, 0.207, 1.656,-0.130, 0.286, 0.126,-0.090,-0.041, 0.000;
0.692,14.207,-6.723,-8.656,16.141,-0.038,-0.121, 0.723,0.000,0.000,0.991, 0.491, 0.331, 0.935,-0.176, 0.280,-1.391, 0.043, 0.005, 1.517, 0.453, 0.211, 1.658,-0.132, 0.285, 0.126,-0.090,-0.042, 0.000;
0.703,12.992,-8.114,-10.324,15.202,-0.038,-0.121, 0.754,0.000,0.000,2.891, 0.490, 0.334, 0.905,-0.139, 0.317,-1.431, 0.005,-0.033, 1.557, 0.452, 0.214, 1.659,-0.134, 0.284, 0.126,-0.089,-0.042, 0.000;
0.714,14.462,-7.020,-9.195,16.637,-0.038,-0.121, 0.765,0.000,0.000,0.917, 0.488, 0.337, 0.896,-0.180, 0.278,-1.470, 0.044, 0.006, 1.596, 0.451, 0.217, 1.661,-0.136, 0.283, 0.126,-0.089,-0.043, 0.000;
0.725,13.313,-8.489,-10.784,15.608,-0.038,-0.121, 0.785,0.000,0.000,1.891, 0.487, 0.340, 0.876,-0.143, 0.315,-1.509, 0.005,-0.033, 1.635, 0.449, 0.220, 1.662,-0.138, 0.282, 0.126,-0.089,-0.043, 0.000;
0.746,16.143,-6.397,-8.863,18.609,-0.038,-0.121, 0.806,0.000,0.000,0.984, 0.484, 0.346, 0.858,-0.221, 0.239,-1.584, 0.079, 0.041, 1.710, 0.446, 0.226, 1.665,-0.142, 0.280, 0.126,-0.088,-0.045, 0.000;
0.758,14.304,-7.349,-9.838,16.793,-0.038,-0.121, 0.827,0.000,0.000,1.772, 0.482, 0.350, 0.839,-0.182, 0.279,-1.540, 0.038,-0.000, 1.666, 0.444, 0.229, 1.666,-0.144, 0.279, 0.126,-0.088,-0.045, 0.000;
0.769,15.327,-8.248,-8.251,15.330,-0.038,-0.121, 0.848,0.000,0.000,1.871, 0.481, 0.353, 0.820,-0.145, 0.239,-1.500,-0.001, 0.039, 1.626, 0.443, 0.232, 1.667,-0.146, 0.278, 0.126,-0.087,-0.046, 0.000;
0.780,13.570,-6.702,-9.445,16.314,-0.038,-0.121, 0.869,0.000,0.000,1.844, 0.479, 0.356, 0.800,-0.186, 0.278,-1.461, 0.038,-0.001, 1.586, 0.441, 0.235, 1.669,-0.148, 0.277, 0.126,-0.087,-0.046, 0.000;
0.792,15.357,-8.240,-8.274,15.391,-0.038,-0.121, 0.889,0.000,0.000,1.708, 0.477, 0.359, 0.781,-0.146, 0.234,-1.504,-0.004, 0.042, 1.629, 0.439, 0.239, 1.670,-0.150, 0.276, 0.126,-0.087,-0.047, 0.000;
0.804,13.933,-7.171,-10.145,16.907,-0.036,-0.121, 0.921,0.190,0.000,2.741, 0.473, 0.363, 0.750,-0.189, 0.274,-1.547, 0.037, 0.000, 1.672, 0.438, 0.242, 1.672,-0.152, 0.275, 0.126,-0.086,-0.048, 0.000;
0.815,15.034,-7.925,-8.231,15.340,-0.038,-0.121, 0.921,-0.199,0.000,0.000, 0.474, 0.366, 0.752,-0.152, 0.234,-1.506,-0.002, 0.040, 1.631, 0.436, 0.245, 1.673,-0.154, 0.274, 0.126,-0.086,-0.048, 0.000;
0.826,13.649,-9.105,-9.139,13.683,-0.038,-0.121, 0.942,0.000,0.000,1.846, 0.472, 0.369, 0.733,-0.115, 0.272,-1.466,-0.041, 0.001, 1.591, 0.434, 0.248, 1.675,-0.156, 0.273, 0.126,-0.086,-0.049, 0.000;
0.837,14.937,-7.856,-8.405,15.486,-0.038,-0.121, 0.962,0.000,0.000,1.872, 0.470, 0.372, 0.714,-0.155, 0.233,-1.504,-0.003, 0.039, 1.630, 0.432, 0.251, 1.676,-0.158, 0.272, 0.126,-0.085,-0.050, 0.000;
0.848,14.050,-9.500,-9.714,14.264,-0.038,-0.121, 0.995,0.000,0.000,2.960, 0.469, 0.375, 0.682,-0.118, 0.270,-1.545,-0.041, 0.000, 1.671, 0.431, 0.254, 1.677,-0.160, 0.271, 0.126,-0.085,-0.050, 0.000;
0.859,15.188,-8.103,-8.915,16.000,-0.038,-0.121, 1.007,0.000,0.000,1.128, 0.467, 0.378, 0.671,-0.159, 0.230,-1.584,-0.003, 0.039, 1.710, 0.429, 0.257, 1.679,-0.162, 0.269, 0.126,-0.085,-0.051, 0.000;
0.881,13.781,-11.523,-11.261,13.519,-0.038,-0.121, 1.028,0.000,0.000,0.961, 0.463, 0.383, 0.654,-0.088, 0.303,-1.659,-0.077,-0.035, 1.784, 0.425, 0.263, 1.681,-0.165, 0.267, 0.126,-0.084,-0.052, 0.000;
0.892,14.331,-9.436,-9.862,14.757,-0.038,-0.121, 1.048,0.000,0.000,1.763, 0.461, 0.386, 0.635,-0.130, 0.261,-1.615,-0.037, 0.005, 1.741, 0.424, 0.266, 1.683,-0.167, 0.266, 0.126,-0.084,-0.052, 0.000;
0.903,12.889,-8.774,-11.892,16.007,-0.038,-0.121, 1.081,0.000,0.000,2.873, 0.460, 0.389, 0.603,-0.172, 0.300,-1.656, 0.003,-0.035, 1.781, 0.422, 0.269, 1.684,-0.169, 0.265, 0.126,-0.083,-0.053, 0.000;
0.915,11.537,-10.117,-12.429,13.849,-0.038,-0.123, 1.101,0.000,-0.188,1.667, 0.458, 0.395, 0.585,-0.133, 0.341,-1.614,-0.038,-0.077, 1.740, 0.420, 0.272, 1.686,-0.171, 0.264, 0.126,-0.083,-0.054, 0.000;
0.927,12.111,-8.141,-11.280,15.250,-0.038,-0.121, 1.114,0.000,0.197,1.155, 0.456, 0.395, 0.574,-0.174, 0.299,-1.573, 0.002,-0.037, 1.699, 0.418, 0.275, 1.687,-0.173, 0.262, 0.126,-0.082,-0.054, 0.000;
0.938,10.953,-9.618,-11.887,13.221,-0.038,-0.123, 1.133,0.000,-0.192,1.680, 0.454, 0.401, 0.555,-0.135, 0.339,-1.532,-0.039,-0.078, 1.658, 0.416, 0.278, 1.689,-0.175, 0.261, 0.126,-0.082,-0.055, 0.000;
0.950,12.034,-8.136,-11.444,15.342,-0.038,-0.123, 1.166,0.000,0.000,2.741, 0.451, 0.404, 0.524,-0.179, 0.296,-1.576, 0.003,-0.036, 1.702, 0.414, 0.281, 1.690,-0.177, 0.260, 0.126,-0.082,-0.055, 0.000;
0.962,14.071,-9.103,-9.794,14.762,-0.038,-0.123, 1.179,0.000,0.000,1.106, 0.449, 0.407, 0.512,-0.138, 0.252,-1.619,-0.040, 0.007, 1.744, 0.411, 0.284, 1.692,-0.179, 0.258, 0.126,-0.081,-0.056, 0.000;
0.974,14.388,-6.847,-8.731,16.272,-0.038,-0.123, 1.198,0.000,0.000,1.590, 0.447, 0.410, 0.495,-0.182, 0.208,-1.576, 0.002, 0.049, 1.702, 0.409, 0.287, 1.693,-0.181, 0.257, 0.126,-0.081,-0.057, 0.000;
0.987,13.906,-9.098,-9.885,14.693,-0.038,-0.123, 1.226,0.000,0.000,2.152, 0.445, 0.413, 0.469,-0.140, 0.251,-1.622,-0.043, 0.004, 1.748, 0.407, 0.291, 1.695,-0.183, 0.256, 0.126,-0.080,-0.057, 0.000;
1.000,14.143,-6.562,-8.778,16.359,-0.038,-0.123, 1.244,0.000,0.000,1.417, 0.442, 0.417, 0.452,-0.188, 0.204,-1.576, 0.003, 0.050, 1.702, 0.404, 0.294, 1.696,-0.185, 0.254, 0.126,-0.080,-0.058, 0.000;
1.013,13.159,-8.184,-9.144,14.120,-0.038,-0.123, 1.258,0.000,0.000,1.115, 0.440, 0.420, 0.440,-0.146, 0.246,-1.531,-0.040, 0.007, 1.657, 0.402, 0.297, 1.698,-0.187, 0.253, 0.126,-0.079,-0.059, 0.000;
1.024,13.953,-6.576,-9.003,16.380,-0.038,-0.123, 1.290,0.000,0.000,2.739, 0.438, 0.423, 0.409,-0.190, 0.204,-1.574, 0.001, 0.048, 1.699, 0.400, 0.300, 1.700,-0.189, 0.251, 0.126,-0.079,-0.059, 0.000;
1.036,12.986,-8.022,-9.154,14.118,-0.038,-0.123, 1.305,0.000,0.000,1.193, 0.436, 0.426, 0.396,-0.150, 0.243,-1.532,-0.040, 0.006, 1.658, 0.398, 0.303, 1.701,-0.190, 0.250, 0.126,-0.079,-0.060, 0.000;
1.050,13.198,-5.478,-8.279,15.999,-0.038,-0.123, 1.319,0.000,0.000,1.039, 0.433, 0.429, 0.384,-0.200, 0.194,-1.483, 0.008, 0.054, 1.609, 0.395, 0.306, 1.703,-0.193, 0.248, 0.126,-0.078,-0.060, 0.000;
1.062,12.952,-7.814,-9.235,14.372,-0.038,-0.123, 1.351,0.000,0.000,2.511, 0.431, 0.432, 0.354,-0.158, 0.237,-1.529,-0.037, 0.010, 1.655, 0.393, 0.310, 1.704,-0.194, 0.247, 0.126,-0.078,-0.061, 0.000;
1.074,12.918,-5.459,-8.442,15.902,-0.038,-0.123, 1.365,0.000,0.000,1.207, 0.428, 0.435, 0.341,-0.201, 0.194,-1.487, 0.005, 0.051, 1.613, 0.390, 0.312, 1.706,-0.196, 0.245, 0.126,-0.077,-0.062, 0.000;
1.086,12.770,-7.639,-9.236,14.367,-0.038,-0.123, 1.394,0.000,0.000,2.449, 0.426, 0.438, 0.314,-0.162, 0.234,-1.530,-0.037, 0.010, 1.656, 0.388, 0.315, 1.707,-0.198, 0.244, 0.126,-0.077,-0.062, 0.000;
1.099,12.664,-5.015,-8.471,16.120,-0.038,-0.123, 1.408,0.000,0.000,1.096, 0.423, 0.441, 0.301,-0.210, 0.186,-1.484, 0.010, 0.056, 1.609, 0.385, 0.319, 1.709,-0.200, 0.242, 0.126,-0.076,-0.063, 0.000;
1.111,12.043,-6.635,-8.532,13.941,-0.038,-0.123, 1.423,0.000,0.000,1.241, 0.421, 0.444, 0.288,-0.171, 0.226,-1.441,-0.031, 0.015, 1.567, 0.383, 0.321, 1.710,-0.202, 0.241, 0.126,-0.076,-0.063, 0.000;
1.123,12.498,-4.989,-8.719,16.227,-0.038,-0.123, 1.454,0.000,0.000,2.672, 0.419, 0.447, 0.258,-0.213, 0.184,-1.484, 0.009, 0.056, 1.610, 0.381, 0.324, 1.712,-0.204, 0.239, 0.126,-0.075,-0.064, 0.000;
1.134,12.429,-7.089,-9.164,14.503,-0.038,-0.123, 1.468,0.000,0.000,1.237, 0.416, 0.450, 0.245,-0.174, 0.223,-1.525,-0.032, 0.014, 1.651, 0.378, 0.327, 1.713,-0.205, 0.238, 0.126,-0.075,-0.065, 0.000;
1.147,12.753,-5.217,-9.352,16.888,-0.038,-0.123, 1.497,0.000,0.000,2.317, 0.414, 0.453, 0.218,-0.220, 0.178,-1.571, 0.012, 0.058, 1.697, 0.376, 0.330, 1.715,-0.207, 0.236, 0.126,-0.074,-0.065, 0.000;
1.159,12.164,-6.772,-9.117,14.509,-0.038,-0.123, 1.512,0.000,0.000,1.218, 0.411, 0.456, 0.204,-0.179, 0.218,-1.528,-0.030, 0.016, 1.654, 0.373, 0.333, 1.716,-0.209, 0.234, 0.126,-0.074,-0.066, 0.000;
1.171,12.474,-5.014,-9.486,16.946,-0.038,-0.123, 1.541,0.000,0.000,2.369, 0.409, 0.458, 0.177,-0.225, 0.173,-1.573, 0.014, 0.060, 1.699, 0.371, 0.336, 1.718,-0.211, 0.233, 0.126,-0.073,-0.066, 0.000;
1.185,11.985,-6.750,-9.056,14.291,-0.040,-0.123, 1.541,-0.169,0.000,0.000, 0.408, 0.461, 0.178,-0.180, 0.218,-1.524,-0.033, 0.013, 1.650, 0.368, 0.339, 1.720,-0.213, 0.231, 0.126,-0.073,-0.067, 0.000;
1.197,11.631,-4.428,-8.910,16.113,-0.038,-0.123, 1.571,0.184,0.000,2.426, 0.403, 0.464, 0.150,-0.225, 0.174,-1.481, 0.010, 0.056, 1.607, 0.365, 0.342, 1.721,-0.215, 0.229, 0.126,-0.072,-0.067, 0.000;
1.208,11.836,-6.597,-9.278,14.518,-0.038,-0.123, 1.600,0.000,0.000,2.551, 0.401, 0.467, 0.122,-0.186, 0.213,-1.523,-0.030, 0.015, 1.649, 0.363, 0.344, 1.723,-0.216, 0.228, 0.126,-0.072,-0.068, 0.000;
1.220,11.910,-4.815,-9.591,16.686,-0.038,-0.123, 1.615,0.000,0.000,1.243, 0.398, 0.470, 0.109,-0.229, 0.170,-1.565, 0.011, 0.057, 1.690, 0.360, 0.347, 1.724,-0.218, 0.226, 0.126,-0.071,-0.068, 0.000;
1.232,11.580,-6.435,-9.150,14.295,-0.038,-0.123, 1.630,0.000,0.000,1.200, 0.395, 0.472, 0.096,-0.188, 0.211,-1.521,-0.032, 0.014, 1.647, 0.357, 0.350, 1.726,-0.220, 0.225, 0.126,-0.071,-0.069, 0.000;
1.245,11.647,-4.689,-9.761,16.719,-0.038,-0.123, 1.659,0.000,0.000,2.358, 0.393, 0.475, 0.068,-0.233, 0.166,-1.566, 0.012, 0.057, 1.691, 0.355, 0.352, 1.727,-0.221, 0.223, 0.126,-0.070,-0.070, 0.000;
1.258,11.368,-6.405,-9.159,14.122,-0.038,-0.123, 1.673,0.000,0.000,1.107, 0.390, 0.478, 0.055,-0.189, 0.210,-1.519,-0.034, 0.011, 1.645, 0.352, 0.355, 1.729,-0.223, 0.221, 0.126,-0.069,-0.070, 0.000;
1.270,11.352,-4.714,-9.843,16.481,-0.038,-0.123, 1.702,0.000,0.000,2.395, 0.387, 0.481, 0.028,-0.233, 0.166,-1.563, 0.008, 0.053, 1.688, 0.349, 0.358, 1.730,-0.225, 0.219, 0.126,-0.069,-0.071, 0.000;
1.282,11.172,-6.257,-9.205,14.120,-0.038,-0.123, 1.717,0.000,0.000,1.205, 0.384, 0.483, 0.015,-0.193, 0.206,-1.520,-0.034, 0.011, 1.646, 0.346, 0.361, 1.732,-0.227, 0.218, 0.126,-0.068,-0.071, 0.000;
1.294,10.533,-3.989,-9.265,15.809,-0.038,-0.123, 1.731,0.000,0.000,1.199, 0.382, 0.486, 0.002,-0.236, 0.163,-1.477, 0.008, 0.053, 1.603, 0.344, 0.363, 1.733,-0.228, 0.216, 0.126,-0.068,-0.072, 0.000;
1.306,11.105,-6.329,-9.376,14.152,-0.038,-0.123, 1.762,0.000,0.000,2.522, 0.379, 0.489,-0.027,-0.195, 0.204,-1.522,-0.035, 0.010, 1.648, 0.341, 0.366, 1.735,-0.230, 0.214, 0.126,-0.067,-0.072, 0.000;
1.318,8.751,-6.304,-10.906,13.353,-0.038,-0.125, 1.774,0.000,-0.189,0.965, 0.376, 0.493,-0.037,-0.238, 0.244,-1.480, 0.006,-0.032, 1.606, 0.338, 0.368, 1.736,-0.231, 0.212, 0.126,-0.067,-0.073, 0.000;
1.331,11.061,-6.178,-9.302,14.185,-0.038,-0.123, 1.805,0.000,0.178,2.496, 0.373, 0.494,-0.067,-0.195, 0.198,-1.526,-0.038, 0.013, 1.652, 0.335, 0.371, 1.738,-0.233, 0.211, 0.126,-0.066,-0.073, 0.000;
1.343,8.567,-6.259,-10.928,13.236,-0.038,-0.125, 1.816,0.000,-0.177,0.838, 0.370, 0.499,-0.076,-0.241, 0.241,-1.481, 0.006,-0.032, 1.607, 0.332, 0.374, 1.740,-0.235, 0.209, 0.126,-0.066,-0.074, 0.000;
1.355,10.162,-5.468,-8.795,13.489,-0.038,-0.123, 1.837,0.000,0.188,1.794, 0.367, 0.499,-0.096,-0.201, 0.197,-1.440,-0.035, 0.010, 1.565, 0.329, 0.376, 1.741,-0.236, 0.207, 0.126,-0.065,-0.074, 0.000;
1.367,9.799,-3.856,-9.792,15.736,-0.038,-0.123, 1.865,0.000,0.000,2.310, 0.365, 0.501,-0.122,-0.245, 0.153,-1.484, 0.007, 0.052, 1.609, 0.327, 0.379, 1.743,-0.238, 0.205, 0.126,-0.064,-0.075, 0.000;
1.379,9.933,-5.339,-8.853,13.446,-0.038,-0.125, 1.879,0.000,-0.187,1.160, 0.362, 0.506,-0.135,-0.205, 0.193,-1.442,-0.034, 0.010, 1.567, 0.324, 0.381, 1.744,-0.239, 0.203, 0.126,-0.064,-0.075, 0.000;
1.391,7.797,-5.641,-10.430,12.586,-0.038,-0.125, 1.893,0.000,0.000,1.176, 0.359, 0.508,-0.147,-0.247, 0.232,-1.400, 0.006,-0.030, 1.526, 0.321, 0.383, 1.746,-0.241, 0.202, 0.126,-0.063,-0.076, 0.000;
1.404,10.044,-5.301,-8.891,13.634,-0.038,-0.125, 1.924,0.000,0.000,2.511, 0.356, 0.511,-0.177,-0.204, 0.186,-1.447,-0.038, 0.014, 1.573, 0.318, 0.386, 1.747,-0.243, 0.200, 0.126,-0.063,-0.076, 0.000;
1.416,7.708,-5.591,-10.387,12.504,-0.038,-0.125, 1.938,0.000,0.000,1.106, 0.353, 0.513,-0.189,-0.249, 0.226,-1.404, 0.005,-0.029, 1.530, 0.315, 0.388, 1.749,-0.244, 0.198, 0.126,-0.062,-0.077, 0.000;
1.427,9.698,-5.209,-9.001,13.490,-0.038,-0.125, 1.957,0.000,0.000,1.665, 0.350, 0.516,-0.207,-0.211, 0.185,-1.444,-0.035, 0.011, 1.569, 0.312, 0.391, 1.750,-0.245, 0.196, 0.126,-0.062,-0.077, 0.000;
1.438,7.599,-5.552,-10.374,12.421,-0.038,-0.125, 1.970,0.000,0.000,1.197, 0.347, 0.518,-0.219,-0.251, 0.223,-1.404, 0.004,-0.028, 1.530, 0.309, 0.393, 1.752,-0.247, 0.194, 0.126,-0.061,-0.078, 0.000;
1.449,9.457,-5.140,-9.126,13.443,-0.038,-0.125, 2.002,0.000,0.000,2.956, 0.345, 0.520,-0.249,-0.214, 0.183,-1.444,-0.034, 0.010, 1.570, 0.307, 0.395, 1.753,-0.248, 0.193, 0.126,-0.061,-0.078, 0.000;
1.460,7.951,-6.086,-10.976,12.841,-0.038,-0.125, 2.015,0.000,0.000,1.185, 0.342, 0.522,-0.261,-0.254, 0.220,-1.483, 0.005,-0.029, 1.609, 0.304, 0.397, 1.754,-0.249, 0.191, 0.126,-0.060,-0.078, 0.000;
1.471,9.767,-5.499,-9.588,13.856,-0.038,-0.125, 2.034,0.000,0.000,1.735, 0.339, 0.524,-0.279,-0.217, 0.179,-1.523,-0.034, 0.010, 1.648, 0.301, 0.399, 1.756,-0.251, 0.189, 0.126,-0.059,-0.079, 0.000;
1.482,8.295,-6.531,-11.454,13.219,-0.038,-0.125, 2.054,0.000,0.000,1.777, 0.336, 0.526,-0.297,-0.256, 0.216,-1.561, 0.004,-0.028, 1.687, 0.298, 0.401, 1.757,-0.252, 0.188, 0.126,-0.059,-0.079, 0.000;
1.503,11.750,-5.323,-8.927,15.353,-0.038,-0.125, 2.079,0.000,0.000,1.203, 0.331, 0.530,-0.320,-0.185, 0.138,-1.637,-0.070, 0.046, 1.763, 0.293, 0.405, 1.760,-0.255, 0.184, 0.126,-0.058,-0.080, 0.000;
1.515,9.589,-5.810,-10.207,13.986,-0.038,-0.125, 2.099,0.000,0.000,1.691, 0.328, 0.532,-0.338,-0.227, 0.177,-1.593,-0.029, 0.005, 1.719, 0.290, 0.407, 1.761,-0.256, 0.182, 0.126,-0.057,-0.080, 0.000;
1.526,8.225,-3.855,-10.975,15.345,-0.038,-0.125, 2.119,0.000,0.000,1.691, 0.325, 0.534,-0.356,-0.269, 0.134,-1.551, 0.012, 0.046, 1.676, 0.287, 0.409, 1.763,-0.257, 0.180, 0.126,-0.057,-0.081, 0.000;
1.538,8.847,-5.154,-9.797,13.490,-0.038,-0.125, 2.139,0.000,0.000,1.793, 0.322, 0.536,-0.375,-0.232, 0.172,-1.511,-0.027, 0.007, 1.637, 0.284, 0.411, 1.764,-0.258, 0.179, 0.126,-0.056,-0.081, 0.000;
1.549,7.515,-3.312,-10.556,14.759,-0.038,-0.125, 2.151,0.000,0.000,1.086, 0.319, 0.538,-0.385,-0.272, 0.131,-1.471, 0.012, 0.046, 1.596, 0.281, 0.413, 1.765,-0.260, 0.177, 0.126,-0.056,-0.082, 0.000;
1.561,8.300,-4.753,-9.182,12.728,-0.038,-0.125, 2.171,0.000,0.000,1.602, 0.316, 0.541,-0.404,-0.230, 0.172,-1.427,-0.031, 0.002, 1.552, 0.278, 0.416, 1.767,-0.261, 0.175, 0.126,-0.055,-0.082, 0.000;
1.573,7.364,-3.506,-10.751,14.608,-0.038,-0.125, 2.203,0.000,0.000,2.723, 0.313, 0.543,-0.434,-0.272, 0.129,-1.470, 0.010, 0.043, 1.595, 0.275, 0.418, 1.768,-0.262, 0.173, 0.126,-0.054,-0.082, 0.000;
1.584,8.555,-5.154,-9.908,13.309,-0.038,-0.125, 2.223,0.000,0.000,1.838, 0.310, 0.544,-0.453,-0.235, 0.166,-1.509,-0.029, 0.005, 1.635, 0.272, 0.419, 1.770,-0.264, 0.171, 0.126,-0.054,-0.083, 0.000;
1.595,7.556,-3.930,-11.309,14.934,-0.038,-0.125, 2.243,0.000,0.000,1.843, 0.307, 0.546,-0.472,-0.274, 0.126,-1.549, 0.010, 0.043, 1.675, 0.269, 0.421, 1.771,-0.265, 0.169, 0.126,-0.053,-0.083, 0.000;
1.606,8.830,-5.564,-10.432,13.698,-0.038,-0.125, 2.264,0.000,0.000,1.852, 0.304, 0.548,-0.491,-0.237, 0.163,-1.588,-0.029, 0.005, 1.714, 0.266, 0.423, 1.773,-0.266, 0.167, 0.126,-0.053,-0.084, 0.000;
1.617,7.256,-3.803,-11.274,14.727,-0.038,-0.125, 2.275,0.000,0.000,1.003, 0.301, 0.550,-0.501,-0.277, 0.122,-1.548, 0.010, 0.043, 1.674, 0.263, 0.425, 1.774,-0.267, 0.165, 0.126,-0.052,-0.084, 0.000;
1.639,9.011,-5.991,-8.478,11.499,-0.038,-0.125, 2.295,0.000,0.000,0.943, 0.296, 0.554,-0.518,-0.204, 0.194,-1.473,-0.066,-0.032, 1.598, 0.258, 0.429, 1.777,-0.269, 0.162, 0.126,-0.051,-0.085, 0.000;
1.650,7.388,-4.242,-9.561,12.706,-0.038,-0.125, 2.315,0.000,0.000,1.717, 0.292, 0.555,-0.537,-0.247, 0.150,-1.429,-0.024, 0.010, 1.555, 0.254, 0.430, 1.778,-0.270, 0.160, 0.126,-0.050,-0.085, 0.000;
1.662,5.665,-5.285,-10.709,11.089,-0.038,-0.125, 2.336,0.000,0.000,1.774, 0.289, 0.557,-0.556,-0.288, 0.189,-1.388, 0.016,-0.031, 1.514, 0.251, 0.432, 1.780,-0.272, 0.158, 0.126,-0.050,-0.085, 0.000;
1.673,4.564,-4.258,-12.401,12.707,-0.038,-0.125, 2.356,0.000,0.000,1.758, 0.286, 0.559,-0.575,-0.330, 0.146,-1.429, 0.057, 0.010, 1.555, 0.248, 0.434, 1.781,-0.273, 0.156, 0.126,-0.049,-0.086, 0.000;
1.685,6.118,-5.886,-11.274,11.506,-0.038,-0.125, 2.377,0.000,0.000,1.740, 0.283, 0.561,-0.594,-0.290, 0.185,-1.470, 0.016,-0.031, 1.596, 0.245, 0.436, 1.783,-0.274, 0.154, 0.126,-0.048,-0.086, 0.000;
1.697,4.824,-4.780,-13.013,13.057,-0.038,-0.125, 2.397,0.000,0.000,1.676, 0.280, 0.563,-0.613,-0.333, 0.140,-1.513, 0.058, 0.012, 1.639, 0.242, 0.438, 1.784,-0.275, 0.152, 0.126,-0.048,-0.086, 0.000;
1.709,6.401,-6.321,-11.844,11.924,-0.038,-0.125, 2.417,0.000,0.000,1.765, 0.276, 0.564,-0.632,-0.294, 0.179,-1.554, 0.018,-0.029, 1.679, 0.238, 0.439, 1.786,-0.276, 0.150, 0.126,-0.047,-0.087, 0.000;
1.722,4.963,-5.207,-13.772,13.529,-0.038,-0.125, 2.438,0.000,0.000,1.556, 0.273, 0.566,-0.650,-0.341, 0.131,-1.599, 0.064, 0.017, 1.725, 0.235, 0.441, 1.787,-0.277, 0.148, 0.126,-0.046,-0.087, 0.000;
1.734,6.690,-6.836,-12.508,12.362,-0.038,-0.125, 2.469,0.000,0.000,2.553, 0.269, 0.568,-0.680,-0.299, 0.172,-1.644, 0.020,-0.026, 1.770, 0.231, 0.443, 1.789,-0.278, 0.145, 0.126,-0.046,-0.087, 0.000;
1.746,5.290,-5.878,-14.283,13.695,-0.038,-0.125, 2.489,0.000,0.000,1.720, 0.266, 0.570,-0.699,-0.341, 0.128,-1.686, 0.062, 0.015, 1.811, 0.228, 0.445, 1.790,-0.280, 0.143, 0.126,-0.045,-0.088, 0.000;
1.758,6.451,-6.698,-12.335,12.088,-0.038,-0.125, 2.501,0.000,0.000,0.976, 0.263, 0.572,-0.709,-0.301, 0.168,-1.642, 0.020,-0.027, 1.768, 0.225, 0.447, 1.792,-0.281, 0.141, 0.126,-0.044,-0.088, 0.000;
1.770,4.535,-5.315,-13.692,12.911,-0.038,-0.125, 2.521,0.000,0.000,1.710, 0.259, 0.573,-0.728,-0.343, 0.124,-1.600, 0.062, 0.015, 1.726, 0.221, 0.448, 1.793,-0.282, 0.139, 0.126,-0.044,-0.088, 0.000;
1.782,5.854,-6.236,-11.764,11.382,-0.038,-0.125, 2.542,0.000,0.000,1.649, 0.256, 0.575,-0.747,-0.301, 0.165,-1.557, 0.019,-0.028, 1.682, 0.218, 0.450, 1.795,-0.283, 0.137, 0.126,-0.043,-0.089, 0.000;
1.794,3.899,-4.916,-13.140,12.123,-0.038,-0.125, 2.562,0.000,0.000,1.699, 0.253, 0.577,-0.765,-0.344, 0.121,-1.515, 0.060, 0.014, 1.641, 0.215, 0.452, 1.796,-0.284, 0.135, 0.126,-0.042,-0.089, 0.000;
1.806,5.802,-6.351,-11.849,11.300,-0.038,-0.125, 2.586,0.000,0.000,2.078, 0.249, 0.578,-0.788,-0.303, 0.160,-1.558, 0.019,-0.028, 1.683, 0.211, 0.453, 1.798,-0.285, 0.133, 0.126,-0.042,-0.089, 0.000;
1.820,3.959,-5.430,-14.246,12.774,-0.038,-0.125, 2.606,0.000,0.000,1.368, 0.245, 0.580,-0.807,-0.356, 0.106,-1.609, 0.070, 0.024, 1.735, 0.207, 0.455, 1.800,-0.286, 0.130, 0.126,-0.041,-0.090, 0.000;
1.833,5.347,-6.142,-12.010,11.216,-0.038,-0.125, 2.626,0.000,0.000,1.545, 0.241, 0.582,-0.825,-0.312, 0.149,-1.563, 0.025,-0.021, 1.689, 0.203, 0.457, 1.801,-0.287, 0.128, 0.126,-0.040,-0.090, 0.000;
1.845,3.306,-4.964,-13.470,11.812,-0.038,-0.125, 2.646,0.000,0.000,1.662, 0.238, 0.583,-0.843,-0.354, 0.106,-1.521, 0.066, 0.020, 1.647, 0.200, 0.458, 1.803,-0.288, 0.126, 0.126,-0.039,-0.090, 0.000;
1.857,4.787,-5.652,-11.363,10.498,-0.038,-0.125, 2.658,0.000,0.000,1.032, 0.234, 0.585,-0.854,-0.312, 0.147,-1.477, 0.023,-0.023, 1.602, 0.196, 0.460, 1.804,-0.289, 0.123, 0.126,-0.039,-0.091, 0.000;
1.869,2.714,-4.533,-12.878,11.059,-0.038,-0.125, 2.678,0.000,0.000,1.633, 0.231, 0.586,-0.872,-0.354, 0.103,-1.434, 0.064, 0.019, 1.560, 0.193, 0.461, 1.806,-0.290, 0.121, 0.126,-0.038,-0.091, 0.000;
1.882,4.905,-5.848,-11.339,10.397,-0.038,-0.125, 2.697,0.000,0.000,1.510, 0.227, 0.588,-0.890,-0.311, 0.145,-1.479, 0.020,-0.026, 1.605, 0.189, 0.463, 1.807,-0.291, 0.119, 0.126,-0.037,-0.091, 0.000;
1.894,3.323,-5.343,-13.346,11.326,-0.038,-0.125, 2.723,0.000,0.000,2.259, 0.224, 0.589,-0.915,-0.352, 0.102,-1.520, 0.060, 0.015, 1.646, 0.186, 0.464, 1.809,-0.292, 0.117, 0.126,-0.037,-0.092, 0.000;
1.906,5.329,-6.402,-11.753,10.680,-0.038,-0.125, 2.742,0.000,0.000,1.582, 0.220, 0.591,-0.932,-0.311, 0.142,-1.563, 0.018,-0.028, 1.688, 0.182, 0.466, 1.810,-0.293, 0.115, 0.126,-0.036,-0.092, 0.000;
1.918,3.018,-5.251,-13.261,11.028,-0.038,-0.125, 2.756,0.000,0.000,1.078, 0.217, 0.592,-0.944,-0.355, 0.096,-1.518, 0.062, 0.016, 1.644, 0.179, 0.467, 1.812,-0.293, 0.112, 0.126,-0.035,-0.092, 0.000;
1.930,5.158,-6.425,-11.793,10.526,-0.038,-0.125, 2.788,0.000,0.000,2.672, 0.213, 0.593,-0.975,-0.313, 0.136,-1.562, 0.019,-0.026, 1.688, 0.175, 0.468, 1.813,-0.294, 0.110, 0.126,-0.035,-0.092, 0.000;
1.942,2.931,-5.403,-13.209,10.737,-0.038,-0.125, 2.801,0.000,0.000,1.173, 0.210, 0.595,-0.987,-0.355, 0.094,-1.521, 0.060, 0.014, 1.646, 0.172, 0.470, 1.815,-0.295, 0.108, 0.126,-0.034,-0.093, 0.000;
1.954,4.495,-5.822,-11.080,9.754,-0.038,-0.125, 2.820,0.000,0.000,1.538, 0.206, 0.596,-1.004,-0.314, 0.133,-1.479, 0.018,-0.027, 1.605, 0.168, 0.471, 1.816,-0.296, 0.106, 0.126,-0.033,-0.093, 0.000;
1.967,2.763,-5.616,-13.497,10.644,-0.038,-0.125, 2.847,0.000,0.000,2.140, 0.202, 0.597,-1.029,-0.360, 0.086,-1.526, 0.063, 0.018, 1.651, 0.164, 0.472, 1.818,-0.297, 0.103, 0.126,-0.032,-0.093, 0.000;
1.979,4.340,-5.824,-11.067,9.583,-0.038,-0.125, 2.861,0.000,0.000,1.101, 0.199, 0.598,-1.042,-0.316, 0.128,-1.480, 0.019,-0.027, 1.606, 0.161, 0.473, 1.820,-0.297, 0.101, 0.126,-0.032,-0.093, 0.000;
1.991,2.738,-5.698,-13.303,10.344,-0.036,-0.125, 2.883,0.190,0.000,1.828, 0.193, 0.600,-1.062,-0.358, 0.084,-1.522, 0.060, 0.015, 1.647, 0.157, 0.475, 1.821,-0.298, 0.099, 0.126,-0.031,-0.094, 0.000;
2.003,4.812,-6.451,-11.651,10.012,-0.038,-0.125, 2.907,-0.192,0.000,2.094, 0.192, 0.601,-1.085,-0.318, 0.123,-1.563, 0.019,-0.026, 1.689, 0.154, 0.476, 1.822,-0.299, 0.097, 0.126,-0.030,-0.094, 0.000;
2.015,2.358,-5.653,-13.294,9.999,-0.036,-0.125, 2.924,0.179,0.000,1.392, 0.186, 0.602,-1.100,-0.363, 0.077,-1.520, 0.063, 0.017, 1.645, 0.150, 0.477, 1.824,-0.300, 0.094, 0.126,-0.030,-0.094, 0.000;
2.027,4.082,-5.801,-10.958,9.240,-0.038,-0.125, 2.939,-0.180,0.000,1.133, 0.184, 0.603,-1.113,-0.319, 0.118,-1.475, 0.019,-0.026, 1.601, 0.146, 0.478, 1.826,-0.300, 0.092, 0.126,-0.029,-0.094, 0.000;
2.039,2.390,-5.890,-13.319,9.820,-0.036,-0.125, 2.969,0.185,0.000,2.556, 0.178, 0.604,-1.142,-0.362, 0.073,-1.519, 0.061, 0.016, 1.645, 0.143, 0.479, 1.827,-0.301, 0.090, 0.126,-0.028,-0.095, 0.000;
2.051,3.942,-5.837,-10.947,9.052,-0.036,-0.125, 2.984,0.000,0.000,1.180, 0.175, 0.605,-1.155,-0.321, 0.113,-1.477, 0.019,-0.026, 1.602, 0.139, 0.480, 1.829,-0.302, 0.087, 0.126,-0.027,-0.095, 0.000;
2.064,1.607,-5.272,-12.686,9.021,-0.036,-0.125, 2.998,0.000,0.000,1.145, 0.171, 0.606,-1.168,-0.365, 0.067,-1.433, 0.063, 0.018, 1.558, 0.135, 0.481, 1.830,-0.302, 0.085, 0.126,-0.027,-0.095, 0.000;
2.077,4.099,-6.019,-10.915,8.994,-0.036,-0.125, 3.026,0.000,0.000,2.168, 0.167, 0.607,-1.194,-0.320, 0.111,-1.480, 0.017,-0.028, 1.606, 0.131, 0.482, 1.832,-0.303, 0.083, 0.126,-0.026,-0.095, 0.000;
2.089,1.712,-5.431,-12.478,8.759,-0.036,-0.125, 3.040,0.000,0.000,1.199, 0.163, 0.608,-1.207,-0.362, 0.067,-1.438, 0.058, 0.014, 1.563, 0.128, 0.483, 1.833,-0.304, 0.080, 0.126,-0.025,-0.095, 0.000;
2.101,3.343,-5.380,-10.293,8.256,-0.036,-0.125, 3.056,0.000,0.000,1.345, 0.160, 0.609,-1.221,-0.322, 0.105,-1.396, 0.018,-0.027, 1.522, 0.124, 0.484, 1.835,-0.304, 0.078, 0.126,-0.025,-0.096, 0.000;
2.112,1.695,-5.665,-12.580,8.610,-0.036,-0.125, 3.085,0.000,0.000,2.422, 0.156, 0.610,-1.248,-0.364, 0.062,-1.439, 0.059, 0.014, 1.565, 0.121, 0.485, 1.836,-0.305, 0.076, 0.126,-0.024,-0.096, 0.000;
2.125,3.976,-6.021,-10.724,8.678,-0.036,-0.125, 3.099,0.000,0.000,1.139, 0.153, 0.611,-1.261,-0.320, 0.103,-1.483, 0.015,-0.030, 1.609, 0.117, 0.486, 1.838,-0.305, 0.073, 0.126,-0.023,-0.096, 0.000;
2.136,2.237,-6.296,-12.924,8.864,-0.036,-0.125, 3.127,0.000,0.000,2.430, 0.149, 0.612,-1.288,-0.362, 0.060,-1.526, 0.056, 0.011, 1.651, 0.113, 0.487, 1.839,-0.306, 0.071, 0.126,-0.022,-0.096, 0.000;
2.150,4.020,-5.908,-10.257,8.369,-0.036,-0.125, 3.142,0.000,0.000,1.063, 0.145, 0.613,-1.301,-0.315, 0.104,-1.478, 0.009,-0.036, 1.604, 0.109, 0.488, 1.841,-0.307, 0.069, 0.126,-0.022,-0.096, 0.000;
2.162,1.662,-5.658,-12.023,8.026,-0.036,-0.125, 3.156,0.000,0.000,1.150, 0.141, 0.614,-1.313,-0.359, 0.058,-1.433, 0.052, 0.008, 1.559, 0.105, 0.489, 1.843,-0.307, 0.066, 0.126,-0.021,-0.096, 0.000;
2.175,4.159,-6.045,-10.238,8.351,-0.036,-0.125, 3.184,0.000,0.000,2.192, 0.137, 0.615,-1.340,-0.314, 0.101,-1.480, 0.007,-0.038, 1.606, 0.101, 0.490, 1.844,-0.308, 0.064, 0.126,-0.020,-0.097, 0.000;
2.188,1.621,-5.751,-11.913,7.783,-0.036,-0.125, 3.199,0.000,0.000,1.122, 0.133, 0.615,-1.353,-0.359, 0.054,-1.435, 0.051, 0.007, 1.561, 0.097, 0.490, 1.846,-0.308, 0.061, 0.126,-0.019,-0.097, 0.000;
2.200,3.918,-6.038,-10.281,8.160,-0.036,-0.125, 3.228,0.000,0.000,2.478, 0.129, 0.616,-1.381,-0.318, 0.094,-1.478, 0.009,-0.035, 1.604, 0.094, 0.491, 1.847,-0.309, 0.059, 0.126,-0.018,-0.097, 0.000;
2.212,2.149,-6.530,-12.462,8.082,-0.036,-0.123, 3.257,0.000,0.189,2.426, 0.126, 0.615,-1.408,-0.359, 0.050,-1.522, 0.050, 0.007, 1.648, 0.090, 0.492, 1.849,-0.309, 0.057, 0.126,-0.018,-0.097, 0.000;
2.224,2.106,-4.855,-12.889,10.140,-0.036,-0.123, 3.271,0.000,0.000,1.219, 0.122, 0.615,-1.421,-0.319, 0.007,-1.563, 0.009, 0.048, 1.689, 0.086, 0.492, 1.850,-0.309, 0.054, 0.126,-0.017,-0.097, 0.000;
2.235,2.583,-7.131,-12.876,8.328,-0.036,-0.123, 3.300,0.000,0.000,2.430, 0.118, 0.616,-1.448,-0.360, 0.045,-1.606, 0.050, 0.007, 1.731, 0.083, 0.493, 1.852,-0.310, 0.052, 0.126,-0.016,-0.097, 0.000;
2.247,4.094,-6.394,-10.538,8.238,-0.036,-0.125, 3.300,0.000,-0.192,0.000, 0.115, 0.619,-1.447,-0.320, 0.084,-1.562, 0.009,-0.034, 1.688, 0.079, 0.494, 1.853,-0.310, 0.050, 0.126,-0.016,-0.097, 0.000;
2.259,2.448,-7.277,-12.929,8.099,-0.036,-0.123, 3.345,0.000,0.184,3.712, 0.111, 0.617,-1.490,-0.362, 0.039,-1.607, 0.052, 0.009, 1.733, 0.075, 0.494, 1.855,-0.311, 0.047, 0.126,-0.015,-0.098, 0.000;
2.271,3.981,-6.406,-10.481,8.057,-0.036,-0.125, 3.345,0.000,-0.185,0.000, 0.107, 0.620,-1.488,-0.320, 0.079,-1.563, 0.010,-0.034, 1.689, 0.072, 0.495, 1.856,-0.311, 0.045, 0.126,-0.014,-0.098, 0.000;
2.283,2.387,-7.254,-12.772,7.905,-0.036,-0.123, 3.373,0.000,0.189,2.374, 0.104, 0.618,-1.515,-0.362, 0.035,-1.605, 0.051, 0.008, 1.730, 0.068, 0.495, 1.858,-0.311, 0.043, 0.126,-0.013,-0.098, 0.000;
2.294,2.110,-5.754,-13.450,9.807,-0.036,-0.123, 3.404,0.000,0.000,2.718, 0.100, 0.619,-1.545,-0.322,-0.008,-1.647, 0.010, 0.048, 1.772, 0.064, 0.496, 1.859,-0.312, 0.040, 0.126,-0.013,-0.098, 0.000;
2.307,2.233,-7.369,-12.485,7.349,-0.036,-0.123, 3.418,0.000,0.000,1.116, 0.096, 0.619,-1.557,-0.366, 0.033,-1.603, 0.054, 0.005, 1.729, 0.061, 0.496, 1.861,-0.312, 0.038, 0.126,-0.012,-0.098, 0.000;
2.323,1.102,-4.497,-12.836,9.442,-0.036,-0.123, 3.432,0.000,0.000,0.865, 0.091, 0.620,-1.569,-0.310,-0.025,-1.546,-0.002, 0.060, 1.671, 0.056, 0.497, 1.863,-0.312, 0.035, 0.126,-0.011,-0.098, 0.000;
2.335,2.032,-6.929,-12.602,7.704,-0.036,-0.123, 3.463,0.000,0.000,2.583, 0.087, 0.620,-1.599,-0.354, 0.015,-1.589, 0.041, 0.017, 1.715, 0.052, 0.497, 1.864,-0.312, 0.033, 0.126,-0.010,-0.098, 0.000;
2.348,0.901,-4.531,-12.853,9.223,-0.036,-0.123, 3.477,0.000,0.000,1.061, 0.083, 0.620,-1.611,-0.309,-0.032,-1.543,-0.004, 0.062, 1.669, 0.048, 0.498, 1.866,-0.313, 0.030, 0.126,-0.009,-0.098, 0.000;
2.351,0.984,-5.014,-12.669,8.639,-0.036,-0.123, 3.495,0.000,0.000,6.352, 0.083, 0.621,-1.629,-0.319,-0.022,-1.533, 0.006, 0.052, 1.658, 0.047, 0.498, 1.866,-0.313, 0.029, 0.126,-0.009,-0.098, 0.000;
2.372,2.790,-8.970,-11.948,5.768,-0.036,-0.123, 3.522,0.000,0.000,1.265, 0.076, 0.621,-1.653,-0.394, 0.048,-1.612, 0.081,-0.022, 1.738, 0.040, 0.498, 1.869,-0.313, 0.025, 0.126,-0.008,-0.098, 0.000;
2.385,1.530,-6.565,-12.259,7.224,-0.036,-0.123, 3.541,0.000,0.000,1.455, 0.072, 0.621,-1.670,-0.349,-0.000,-1.565, 0.035, 0.023, 1.691, 0.036, 0.499, 1.870,-0.313, 0.023, 0.126,-0.007,-0.098, 0.000;
2.397,3.027,-5.528,-10.162,7.661,-0.036,-0.123, 3.554,0.000,0.000,1.118, 0.068, 0.622,-1.682,-0.307, 0.039,-1.521,-0.006,-0.019, 1.647, 0.032, 0.499, 1.872,-0.313, 0.020, 0.126,-0.006,-0.098, 0.000;
2.408,1.914,-3.516,-10.709,9.107,-0.036,-0.123, 3.573,0.000,0.000,1.613, 0.064, 0.622,-1.700,-0.266,-0.005,-1.479,-0.047, 0.023, 1.604, 0.029, 0.499, 1.873,-0.314, 0.018, 0.126,-0.006,-0.099, 0.000;
2.421,3.068,-5.753,-10.194,7.510,-0.036,-0.123, 3.599,0.000,0.000,2.109, 0.061, 0.622,-1.724,-0.310, 0.036,-1.522,-0.004,-0.020, 1.648, 0.025, 0.499, 1.875,-0.314, 0.016, 0.126,-0.005,-0.099, 0.000;
2.433,1.749,-3.634,-10.716,8.832,-0.036,-0.123, 3.618,0.000,0.000,1.603, 0.057, 0.622,-1.742,-0.268,-0.008,-1.480,-0.046, 0.022, 1.606, 0.021, 0.500, 1.876,-0.314, 0.013, 0.126,-0.004,-0.099, 0.000;
2.446,3.074,-5.942,-10.063,7.195,-0.036,-0.123, 3.637,0.000,0.000,1.485, 0.053, 0.622,-1.759,-0.314, 0.035,-1.526,-0.000,-0.024, 1.652, 0.017, 0.500, 1.878,-0.314, 0.011, 0.126,-0.003,-0.099, 0.000;
2.457,1.740,-3.879,-10.617,8.478,-0.036,-0.123, 3.650,0.000,0.000,1.080, 0.049, 0.623,-1.770,-0.273,-0.008,-1.484,-0.041, 0.017, 1.609, 0.013, 0.500, 1.880,-0.314, 0.008, 0.126,-0.003,-0.099, 0.000;
2.462,2.254,-4.862,-10.406,7.798,-0.036,-0.123, 3.682,0.000,0.000,6.365, 0.048, 0.623,-1.802,-0.291, 0.008,-1.502,-0.024,-0.001, 1.628, 0.012, 0.500, 1.880,-0.314, 0.007, 0.126,-0.002,-0.099, 0.000;
2.473,3.395,-6.672,-9.681,6.404,-0.036,-0.123, 3.702,0.000,0.000,1.805, 0.044, 0.623,-1.820,-0.329, 0.044,-1.543, 0.015,-0.039, 1.669, 0.008, 0.500, 1.882,-0.314, 0.005, 0.126,-0.002,-0.099, 0.000;
2.495,1.927,-4.203,-12.124,9.849,-0.036,-0.123, 3.722,0.000,0.000,0.920, 0.037, 0.623,-1.837,-0.253,-0.036,-1.622,-0.061, 0.037, 1.748, 0.002, 0.500, 1.884,-0.314, 0.001, 0.126,-0.000,-0.099, 0.000;
2.507,2.558,-5.415,-10.597,7.740,-0.036,-0.123, 3.734,0.000,0.000,1.004, 0.034, 0.623,-1.848,-0.295, 0.004,-1.577,-0.019,-0.005, 1.702,-0.002, 0.500, 1.886,-0.314,-0.001, 0.126, 0.000,-0.099, 0.000;
2.509,2.251,-5.075,-10.818,7.994,-0.036,-0.123, 3.753,0.000,0.000,7.701, 0.033, 0.623,-1.867,-0.286,-0.006,-1.567,-0.028, 0.004, 1.693,-0.003, 0.500, 1.886,-0.314,-0.002, 0.126, 0.001,-0.099, 0.000;
2.531,-0.188,-7.830,-14.305,6.288,-0.036,-0.123, 3.774,0.000,0.000,0.914, 0.026, 0.623,-1.885,-0.363,-0.087,-1.645, 0.049, 0.081, 1.770,-0.010, 0.500, 1.889,-0.314,-0.006, 0.126, 0.002,-0.099, 0.000;
2.536,0.244,-7.262,-13.381,6.363,-0.036,-0.123, 3.805,0.000,0.000,6.430, 0.024, 0.623,-1.916,-0.346,-0.071,-1.627, 0.032, 0.063, 1.752,-0.011, 0.500, 1.890,-0.314,-0.007, 0.126, 0.002,-0.099, 0.000;
2.547,1.804,-6.521,-12.256,7.539,-0.036,-0.123, 3.825,0.000,0.000,1.949, 0.021, 0.623,-1.934,-0.309,-0.036,-1.664,-0.005, 0.027, 1.789,-0.015, 0.500, 1.891,-0.314,-0.009, 0.126, 0.003,-0.099, 0.000;
2.558,3.254,-8.283,-11.237,6.209,-0.036,-0.123, 3.846,0.000,0.000,1.746, 0.017, 0.622,-1.953,-0.350, 0.002,-1.705, 0.036,-0.013, 1.831,-0.018, 0.500, 1.892,-0.314,-0.011, 0.126, 0.004,-0.099, 0.000;
2.581,5.457,-5.129,-7.672,8.001,-0.036,-0.123, 3.856,0.000,0.000,0.474, 0.010, 0.622,-1.961,-0.269, 0.078,-1.621,-0.044,-0.094, 1.747,-0.025, 0.499, 1.895,-0.314,-0.016, 0.126, 0.005,-0.099, 0.000;
2.592,3.852,-6.096,-8.826,6.582,-0.036,-0.123, 3.877,0.000,0.000,1.836, 0.007, 0.622,-1.980,-0.308, 0.037,-1.580,-0.006,-0.055, 1.706,-0.029, 0.499, 1.897,-0.314,-0.018, 0.126, 0.006,-0.099, 0.000;
2.604,2.152,-4.340,-9.897,7.709,-0.036,-0.123, 3.897,0.000,0.000,1.657, 0.003, 0.622,-1.999,-0.265,-0.008,-1.535,-0.049,-0.012, 1.661,-0.033, 0.499, 1.898,-0.313,-0.021, 0.126, 0.006,-0.098, 0.000;
2.616,3.204,-5.508,-8.250,5.947,-0.036,-0.123, 3.917,0.000,0.000,1.694,-0.001, 0.621,-2.017,-0.307, 0.031,-1.493,-0.007,-0.054, 1.618,-0.036, 0.499, 1.900,-0.313,-0.023, 0.126, 0.007,-0.098, 0.000;
2.629,1.310,-3.676,-9.492,7.126,-0.036,-0.123, 3.937,0.000,0.000,1.530,-0.005, 0.621,-2.036,-0.260,-0.018,-1.447,-0.053,-0.008, 1.572,-0.041, 0.498, 1.901,-0.313,-0.026, 0.126, 0.008,-0.098, 0.000;
2.641,2.378,-4.752,-7.872,5.498,-0.036,-0.123, 3.957,0.000,0.000,1.771,-0.008, 0.621,-2.055,-0.300, 0.020,-1.407,-0.013,-0.048, 1.532,-0.044, 0.498, 1.903,-0.313,-0.028, 0.126, 0.009,-0.098, 0.000;
2.653,1.144,-3.771,-9.774,7.146,-0.036,-0.123, 3.988,0.000,0.000,2.462,-0.012, 0.620,-2.084,-0.256,-0.026,-1.453,-0.057,-0.004, 1.579,-0.048, 0.498, 1.904,-0.313,-0.030, 0.126, 0.009,-0.098, 0.000;
2.666,2.880,-5.367,-8.453,5.965,-0.036,-0.123, 4.008,0.000,0.000,1.643,-0.016, 0.620,-2.103,-0.299, 0.014,-1.497,-0.013,-0.047, 1.623,-0.052, 0.497, 1.906,-0.312,-0.033, 0.126, 0.010,-0.098, 0.000;
2.678,0.950,-3.708,-9.592,6.834,-0.036,-0.123, 4.020,0.000,0.000,0.923,-0.020, 0.620,-2.112,-0.257,-0.030,-1.454,-0.055,-0.005, 1.580,-0.056, 0.497, 1.907,-0.312,-0.035, 0.126, 0.011,-0.098, 0.000;
2.690,2.206,-4.742,-7.779,5.244,-0.036,-0.123, 4.040,0.000,0.000,1.689,-0.024, 0.619,-2.131,-0.299, 0.010,-1.412,-0.013,-0.047, 1.538,-0.059, 0.496, 1.909,-0.312,-0.037, 0.126, 0.012,-0.098, 0.000;
2.702,0.862,-3.829,-9.770,6.804,-0.036,-0.123, 4.060,0.000,0.000,1.612,-0.028, 0.619,-2.150,-0.254,-0.037,-1.456,-0.057,-0.003, 1.582,-0.063, 0.496, 1.910,-0.312,-0.040, 0.126, 0.013,-0.098, 0.000;
2.714,2.633,-5.269,-8.422,5.786,-0.036,-0.123, 4.080,0.000,0.000,1.700,-0.031, 0.618,-2.169,-0.296, 0.003,-1.498,-0.015,-0.045, 1.624,-0.067, 0.495, 1.912,-0.311,-0.042, 0.126, 0.013,-0.098, 0.000;
2.726,0.584,-3.706,-9.674,6.552,-0.036,-0.123, 4.092,0.000,0.000,0.962,-0.035, 0.618,-2.179,-0.253,-0.043,-1.454,-0.058,-0.002, 1.580,-0.071, 0.495, 1.913,-0.311,-0.045, 0.126, 0.014,-0.098, 0.000;
2.738,1.885,-4.598,-7.833,5.119,-0.036,-0.123, 4.112,0.000,0.000,1.727,-0.039, 0.617,-2.197,-0.294,-0.004,-1.413,-0.017,-0.043, 1.539,-0.075, 0.494, 1.915,-0.311,-0.047, 0.126, 0.015,-0.098, 0.000;
2.750,0.487,-3.832,-9.860,6.515,-0.036,-0.123, 4.132,0.000,0.000,1.630,-0.043, 0.617,-2.216,-0.250,-0.049,-1.456,-0.060, 0.000, 1.582,-0.078, 0.494, 1.916,-0.310,-0.049, 0.126, 0.015,-0.097, 0.000;
2.762,-0.349,-5.837,-11.142,4.955,-0.036,-0.121, 4.165,0.000,0.191,2.750,-0.046, 0.614,-2.247,-0.291,-0.093,-1.499,-0.019, 0.041, 1.625,-0.082, 0.493, 1.918,-0.310,-0.051, 0.126, 0.016,-0.097, 0.000;
2.774,0.838,-4.445,-10.334,6.728,-0.036,-0.121, 4.184,0.000,0.000,1.699,-0.050, 0.613,-2.265,-0.250,-0.054,-1.541,-0.060, 0.001, 1.667,-0.086, 0.493, 1.919,-0.310,-0.054, 0.126, 0.017,-0.097, 0.000;
2.786,0.073,-6.456,-11.536,5.153,-0.036,-0.121, 4.204,0.000,0.000,1.645,-0.054, 0.612,-2.283,-0.291,-0.098,-1.583,-0.018, 0.042, 1.709,-0.089, 0.492, 1.921,-0.309,-0.056, 0.126, 0.018,-0.097, 0.000;
2.797,1.194,-5.076,-10.843,6.961,-0.038,-0.121, 4.229,-0.192,0.000,2.187,-0.055, 0.612,-2.307,-0.250,-0.060,-1.625,-0.059, 0.002, 1.750,-0.093, 0.491, 1.922,-0.309,-0.058, 0.126, 0.018,-0.097, 0.000;
2.810,0.459,-7.279,-12.030,5.210,-0.038,-0.121, 4.249,0.000,0.000,1.527,-0.059, 0.611,-2.325,-0.294,-0.107,-1.670,-0.014, 0.046, 1.795,-0.097, 0.491, 1.924,-0.308,-0.061, 0.126, 0.019,-0.097, 0.000;
2.822,0.960,-5.062,-10.710,6.607,-0.038,-0.121, 4.262,0.000,0.000,1.045,-0.063, 0.610,-2.336,-0.250,-0.066,-1.624,-0.058, 0.003, 1.750,-0.101, 0.490, 1.925,-0.308,-0.063, 0.126, 0.020,-0.097, 0.000;
2.834,-0.158,-6.631,-11.265,4.476,-0.038,-0.121, 4.281,0.000,0.000,1.629,-0.066, 0.610,-2.354,-0.291,-0.110,-1.582,-0.016, 0.044, 1.707,-0.104, 0.489, 1.927,-0.307,-0.065, 0.126, 0.021,-0.097, 0.000;
2.846,0.351,-4.587,-10.155,5.918,-0.038,-0.121, 4.294,0.000,0.000,1.113,-0.070, 0.609,-2.366,-0.249,-0.070,-1.539,-0.058, 0.002, 1.664,-0.108, 0.488, 1.928,-0.307,-0.068, 0.126, 0.021,-0.096, 0.000;
2.858,-0.765,-6.251,-10.682,3.666,-0.038,-0.118, 4.313,0.000,0.181,1.541,-0.074, 0.606,-2.383,-0.292,-0.116,-1.495,-0.015, 0.046, 1.620,-0.112, 0.487, 1.930,-0.306,-0.070, 0.126, 0.022,-0.096, 0.000;
2.871,0.375,-4.799,-10.218,5.794,-0.038,-0.118, 4.345,0.000,0.000,2.556,-0.078, 0.605,-2.414,-0.247,-0.075,-1.540,-0.058, 0.002, 1.666,-0.115, 0.486, 1.932,-0.306,-0.073, 0.126, 0.023,-0.096, 0.000;
2.883,-0.751,-6.306,-10.504,3.447,-0.038,-0.118, 4.359,0.000,0.000,1.112,-0.081, 0.604,-2.426,-0.289,-0.119,-1.498,-0.016, 0.045, 1.623,-0.119, 0.486, 1.933,-0.305,-0.075, 0.126, 0.024,-0.096, 0.000;
2.895,-0.357,-4.184,-9.531,4.991,-0.038,-0.118, 4.372,0.000,0.000,1.129,-0.085, 0.603,-2.438,-0.246,-0.079,-1.454,-0.058, 0.002, 1.580,-0.123, 0.485, 1.935,-0.305,-0.077, 0.126, 0.024,-0.096, 0.000;
2.908,-1.350,-5.972,-9.912,2.589,-0.038,-0.118, 4.391,0.000,0.000,1.423,-0.089, 0.602,-2.454,-0.291,-0.127,-1.409,-0.013, 0.047, 1.534,-0.127, 0.484, 1.936,-0.304,-0.080, 0.126, 0.025,-0.095, 0.000;
2.920,-0.397,-4.480,-9.615,4.738,-0.040,-0.118, 4.418,-0.183,0.000,2.256,-0.090, 0.601,-2.480,-0.247,-0.087,-1.453,-0.056, 0.005, 1.579,-0.130, 0.483, 1.938,-0.303,-0.082, 0.126, 0.026,-0.095, 0.000;
2.932,-1.335,-6.016,-9.754,2.403,-0.040,-0.118, 4.432,0.000,0.000,1.184,-0.094, 0.600,-2.493,-0.288,-0.130,-1.411,-0.015, 0.046, 1.537,-0.134, 0.482, 1.939,-0.303,-0.084, 0.126, 0.026,-0.095, 0.000;
2.944,-3.488,-5.304,-11.348,2.556,-0.040,-0.116, 4.450,0.000,0.188,1.506,-0.097, 0.597,-2.509,-0.246,-0.174,-1.370,-0.056, 0.088, 1.495,-0.138, 0.481, 1.941,-0.302,-0.086, 0.126, 0.027,-0.095, 0.000;
2.956,-1.865,-5.563,-9.149,1.721,-0.040,-0.116, 4.464,0.000,0.000,1.195,-0.101, 0.596,-2.522,-0.286,-0.135,-1.328,-0.015, 0.046, 1.454,-0.141, 0.480, 1.942,-0.301,-0.089, 0.126, 0.028,-0.095, 0.000;
2.967,-1.674,-3.457,-8.400,3.269,-0.040,-0.116, 4.478,0.000,0.000,1.206,-0.104, 0.595,-2.534,-0.245,-0.096,-1.287,-0.056, 0.006, 1.413,-0.145, 0.479, 1.944,-0.301,-0.091, 0.126, 0.029,-0.094, 0.000;
2.981,-2.505,-5.397,-8.569,0.667,-0.040,-0.116, 4.492,0.000,0.000,1.031,-0.109, 0.593,-2.547,-0.292,-0.147,-1.238,-0.008, 0.054, 1.364,-0.149, 0.477, 1.945,-0.300,-0.093, 0.126, 0.029,-0.094, 0.000;
2.993,-4.090,-5.501,-10.848,1.257,-0.042,-0.114, 4.523,-0.183,0.183,2.568,-0.110, 0.590,-2.577,-0.248,-0.192,-1.283,-0.051, 0.097, 1.409,-0.152, 0.476, 1.947,-0.299,-0.096, 0.126, 0.030,-0.094, 0.000;
3.005,-1.915,-6.114,-9.053,1.023,-0.042,-0.114, 4.538,0.000,0.000,1.201,-0.114, 0.589,-2.589,-0.289,-0.153,-1.325,-0.009, 0.055, 1.451,-0.156, 0.475, 1.948,-0.298,-0.098, 0.126, 0.031,-0.094, 0.000;
3.017,-1.943,-3.775,-8.316,2.597,-0.042,-0.114, 4.552,0.000,0.000,1.163,-0.117, 0.588,-2.602,-0.245,-0.112,-1.282,-0.052, 0.012, 1.407,-0.160, 0.474, 1.950,-0.298,-0.100, 0.126, 0.032,-0.094, 0.000;
3.030,-4.315,-3.212,-10.086,2.558,-0.045,-0.114, 4.566,-0.177,0.000,1.138,-0.119, 0.586,-2.615,-0.200,-0.159,-1.237,-0.097, 0.056, 1.363,-0.163, 0.473, 1.952,-0.297,-0.103, 0.126, 0.032,-0.093, 0.000;
3.042,-4.848,-5.018,-10.055,0.189,-0.045,-0.112, 4.583,0.000,0.186,1.358,-0.122, 0.583,-2.630,-0.242,-0.203,-1.195,-0.054, 0.098, 1.321,-0.167, 0.471, 1.953,-0.296,-0.105, 0.126, 0.033,-0.093, 0.000;
3.054,-3.125,-5.026,-7.757,-0.394,-0.045,-0.112, 4.597,0.000,0.000,1.195,-0.126, 0.582,-2.642,-0.283,-0.163,-1.153,-0.013, 0.056, 1.279,-0.171, 0.470, 1.955,-0.295,-0.107, 0.126, 0.034,-0.093, 0.000;
3.066,-3.183,-2.845,-7.256,1.229,-0.047,-0.112, 4.611,-0.189,0.000,1.214,-0.127, 0.580,-2.655,-0.240,-0.124,-1.111,-0.054, 0.015, 1.237,-0.174, 0.469, 1.956,-0.295,-0.109, 0.126, 0.034,-0.093, 0.000;
3.078,-3.641,-4.645,-7.127,-1.159,-0.047,-0.112, 4.624,0.000,0.000,1.062,-0.131, 0.579,-2.667,-0.283,-0.170,-1.068,-0.011, 0.058, 1.194,-0.178, 0.467, 1.958,-0.294,-0.112, 0.126, 0.035,-0.092, 0.000;
3.090,-5.171,-4.996,-9.321,-0.846,-0.049,-0.109, 4.654,-0.191,0.191,2.581,-0.132, 0.575,-2.695,-0.241,-0.213,-1.111,-0.052, 0.099, 1.237,-0.181, 0.466, 1.959,-0.293,-0.114, 0.126, 0.036,-0.092, 0.000;
3.101,-3.625,-4.677,-6.963,-1.338,-0.049,-0.109, 4.654,0.000,0.000,0.000,-0.135, 0.574,-2.694,-0.281,-0.174,-1.070,-0.011, 0.058, 1.195,-0.184, 0.465, 1.961,-0.292,-0.116, 0.126, 0.036,-0.092, 0.000;
3.113,-5.753,-4.401,-8.606,-1.548,-0.051,-0.107, 4.669,-0.194,0.194,1.255,-0.136, 0.571,-2.707,-0.239,-0.217,-1.029,-0.052, 0.099, 1.155,-0.188, 0.463, 1.962,-0.291,-0.118, 0.126, 0.037,-0.091, 0.000;
3.124,-3.523,-4.831,-6.975,-1.378,-0.051,-0.107, 4.683,0.000,0.000,1.244,-0.140, 0.569,-2.720,-0.278,-0.179,-1.069,-0.012, 0.059, 1.195,-0.191, 0.462, 1.963,-0.290,-0.120, 0.126, 0.038,-0.091, 0.000;
3.135,-5.146,-5.071,-9.027,-1.190,-0.054,-0.105, 4.698,-0.199,0.199,1.327,-0.141, 0.566,-2.733,-0.237,-0.221,-1.108,-0.052, 0.099, 1.234,-0.194, 0.461, 1.965,-0.289,-0.122, 0.126, 0.038,-0.091, 0.000;
3.147,-3.601,-4.697,-6.731,-1.567,-0.054,-0.105, 4.698,0.000,0.000,-0.019,-0.144, 0.564,-2.731,-0.277,-0.182,-1.066,-0.012, 0.058, 1.191,-0.198, 0.459, 1.966,-0.289,-0.124, 0.126, 0.039,-0.091, 0.000;
3.158,-3.823,-2.563,-6.451,0.065,-0.056,-0.105, 4.712,-0.192,0.000,1.264,-0.145, 0.563,-2.745,-0.235,-0.144,-1.024,-0.053, 0.017, 1.150,-0.201, 0.458, 1.968,-0.288,-0.126, 0.126, 0.040,-0.090, 0.000;
3.170,-5.365,-3.074,-8.627,0.188,-0.058,-0.103, 4.741,-0.196,0.196,2.544,-0.146, 0.559,-2.772,-0.194,-0.186,-1.066,-0.093, 0.058, 1.192,-0.204, 0.456, 1.969,-0.287,-0.128, 0.126, 0.040,-0.090, 0.000;
3.192,-2.417,-2.201,-4.276,-0.341,-0.058,-0.103, 4.727,0.000,0.000,-0.648,-0.153, 0.556,-2.755,-0.269,-0.113,-0.982,-0.016,-0.020, 1.108,-0.211, 0.453, 1.972,-0.285,-0.132, 0.126, 0.042,-0.090, 0.000;
3.204,-4.645,-2.160,-6.132,-0.672,-0.060,-0.100, 4.756,-0.181,0.181,2.384,-0.154, 0.552,-2.783,-0.225,-0.159,-0.939,-0.059, 0.024, 1.065,-0.214, 0.452, 1.973,-0.284,-0.135, 0.126, 0.042,-0.089, 0.000;
3.207,-5.241,-2.058,-6.539,-0.760,-0.062,-0.098, 4.756,-0.725,0.725,-0.207,-0.152, 0.550,-2.782,-0.214,-0.170,-0.928,-0.070, 0.035, 1.053,-0.215, 0.451, 1.974,-0.284,-0.135, 0.126, 0.042,-0.089, 0.000;
3.218,-6.748,-2.535,-8.630,-0.653,-0.065,-0.098, 4.771,-0.202,0.000,1.385,-0.153, 0.548,-2.796,-0.173,-0.211,-0.966,-0.109, 0.074, 1.092,-0.218, 0.450, 1.975,-0.283,-0.137, 0.126, 0.043,-0.089, 0.000;
3.241,-9.924,-3.400,-12.792,-0.532,-0.067,-0.096, 4.786,-0.100,0.100,0.657,-0.157, 0.543,-2.808,-0.093,-0.293,-1.045,-0.188, 0.152, 1.171,-0.224, 0.447, 1.978,-0.281,-0.141, 0.126, 0.044,-0.088, 0.000;
3.253,-8.306,-2.762,-10.270,-0.798,-0.067,-0.094, 4.786,0.000,0.181,0.000,-0.161, 0.539,-2.806,-0.136,-0.252,-0.997,-0.144, 0.109, 1.123,-0.228, 0.445, 1.980,-0.280,-0.143, 0.126, 0.045,-0.088, 0.000;
3.257,-8.279,-3.522,-10.117,-1.684,-0.069,-0.092, 4.800,-0.509,0.509,3.334,-0.160, 0.536,-2.820,-0.151,-0.268,-0.981,-0.128, 0.124, 1.106,-0.229, 0.444, 1.980,-0.279,-0.144, 0.126, 0.045,-0.088, 0.000;
3.267,-10.140,-3.382,-11.431,-2.092,-0.071,-0.089, 4.800,-0.231,0.231,0.000,-0.160, 0.532,-2.819,-0.116,-0.304,-0.944,-0.162, 0.158, 1.070,-0.232, 0.443, 1.981,-0.278,-0.146, 0.126, 0.046,-0.087, 0.000;
3.288,-14.148,-3.371,-14.408,-3.111,-0.074,-0.087, 4.815,-0.104,0.104,0.678,-0.164, 0.527,-2.831,-0.039,-0.383,-0.867,-0.238, 0.234, 0.992,-0.238, 0.440, 1.984,-0.276,-0.149, 0.126, 0.047,-0.087, 0.000;
3.301,-12.394,-2.842,-12.108,-3.128,-0.076,-0.085, 4.815,-0.184,0.184,0.000,-0.165, 0.523,-2.829,-0.081,-0.342,-0.820,-0.195, 0.191, 0.946,-0.241, 0.438, 1.986,-0.275,-0.151, 0.126, 0.048,-0.086, 0.000;
3.313,-12.475,-4.555,-11.607,-5.423,-0.078,-0.080, 4.813,-0.180,0.361,-0.119,-0.166, 0.517,-2.826,-0.123,-0.388,-0.773,-0.151, 0.234, 0.898,-0.244, 0.436, 1.987,-0.274,-0.154, 0.126, 0.048,-0.086, 0.000;
3.326,-12.922,-2.211,-11.468,-3.664,-0.080,-0.078, 4.829,-0.167,0.167,1.198,-0.168, 0.512,-2.841,-0.075,-0.343,-0.724,-0.198, 0.187, 0.849,-0.248, 0.434, 1.989,-0.273,-0.156, 0.126, 0.049,-0.086, 0.000;
3.339,-12.976,-3.889,-10.912,-5.953,-0.083,-0.076, 4.829,-0.183,0.183,0.000,-0.169, 0.508,-2.839,-0.116,-0.388,-0.678,-0.155, 0.230, 0.804,-0.251, 0.432, 1.990,-0.272,-0.158, 0.126, 0.050,-0.085, 0.000;
3.341,-13.045,-3.363,-10.929,-5.478,-0.085,-0.074, 4.829,-0.778,0.778,0.000,-0.167, 0.505,-2.839,-0.106,-0.379,-0.667,-0.165, 0.220, 0.793,-0.252, 0.432, 1.991,-0.271,-0.158, 0.126, 0.050,-0.085, 0.000;
3.363,-17.142,-3.218,-13.897,-6.463,-0.087,-0.069, 4.829,-0.104,0.209,0.000,-0.171, 0.497,-2.836,-0.028,-0.458,-0.587,-0.241, 0.296, 0.712,-0.258, 0.428, 1.993,-0.269,-0.162, 0.126, 0.051,-0.085, 0.000;
3.375,-15.373,-2.689,-11.666,-6.397,-0.089,-0.067, 4.829,-0.188,0.188,0.000,-0.172, 0.493,-2.835,-0.069,-0.418,-0.542,-0.199, 0.254, 0.667,-0.261, 0.426, 1.995,-0.268,-0.164, 0.126, 0.052,-0.084, 0.000;
3.387,-13.639,-2.152,-9.373,-6.417,-0.092,-0.062, 4.829,-0.184,0.368,0.000,-0.173, 0.487,-2.833,-0.111,-0.377,-0.496,-0.156, 0.211, 0.621,-0.264, 0.424, 1.996,-0.267,-0.166, 0.126, 0.052,-0.084, 0.000;
3.399,-14.090,0.035,-9.292,-4.763,-0.094,-0.060, 4.844,-0.179,0.179,1.164,-0.174, 0.483,-2.846,-0.066,-0.336,-0.451,-0.200, 0.167, 0.577,-0.268, 0.422, 1.998,-0.265,-0.168, 0.126, 0.053,-0.083, 0.000;
3.411,-14.114,-1.622,-8.736,-7.000,-0.096,-0.056, 4.844,-0.187,0.374,0.000,-0.175, 0.476,-2.845,-0.106,-0.380,-0.408,-0.158, 0.210, 0.534,-0.271, 0.420, 1.999,-0.264,-0.170, 0.126, 0.053,-0.083, 0.000;
3.423,-14.598,0.573,-8.714,-5.310,-0.098,-0.054, 4.844,-0.193,0.193,0.000,-0.176, 0.472,-2.843,-0.065,-0.341,-0.366,-0.198, 0.169, 0.491,-0.274, 0.418, 2.001,-0.263,-0.172, 0.126, 0.054,-0.083, 0.000;
3.435,-14.599,-1.210,-8.149,-7.660,-0.100,-0.049, 4.844,-0.176,0.352,0.000,-0.177, 0.465,-2.841,-0.108,-0.388,-0.320,-0.154, 0.214, 0.445,-0.277, 0.416, 2.003,-0.261,-0.174, 0.126, 0.055,-0.082, 0.000;
3.447,-16.067,-1.952,-10.309,-7.710,-0.105,-0.045, 4.858,-0.388,0.388,1.254,-0.175, 0.459,-2.854,-0.066,-0.431,-0.361,-0.195, 0.255, 0.486,-0.280, 0.414, 2.004,-0.260,-0.176, 0.126, 0.055,-0.082, 0.000;
3.459,-16.682,0.377,-10.182,-6.122,-0.107,-0.042, 4.858,-0.190,0.190,0.000,-0.176, 0.454,-2.853,-0.023,-0.391,-0.319,-0.236, 0.213, 0.444,-0.283, 0.412, 2.005,-0.259,-0.178, 0.126, 0.056,-0.081, 0.000;
3.471,-16.644,-1.298,-9.628,-8.313,-0.109,-0.038, 4.858,-0.188,0.375,0.000,-0.177, 0.448,-2.851,-0.064,-0.435,-0.276,-0.194, 0.255, 0.402,-0.286, 0.410, 2.007,-0.258,-0.180, 0.126, 0.057,-0.081, 0.000;
3.483,-18.885,-1.290,-11.339,-8.836,-0.112,-0.033, 4.858,-0.183,0.367,0.000,-0.178, 0.441,-2.850,-0.019,-0.480,-0.232,-0.237, 0.298, 0.358,-0.290, 0.408, 2.008,-0.256,-0.182, 0.126, 0.057,-0.080, 0.000;
3.495,-18.950,-2.823,-10.812,-10.961,-0.114,-0.029, 4.844,-0.176,0.352,-1.136,-0.179, 0.434,-2.834,-0.063,-0.527,-0.184,-0.192, 0.343, 0.310,-0.293, 0.405, 2.010,-0.255,-0.184, 0.126, 0.058,-0.080, 0.000;
3.508,-19.431,-0.539,-10.812,-9.158,-0.116,-0.025, 4.844,-0.183,0.366,0.000,-0.180, 0.428,-2.832,-0.019,-0.486,-0.139,-0.235, 0.300, 0.264,-0.296, 0.403, 2.012,-0.253,-0.186, 0.126, 0.058,-0.080, 0.000;
3.519,-19.407,-2.121,-10.294,-11.234,-0.118,-0.020, 4.844,-0.197,0.393,0.000,-0.180, 0.421,-2.831,-0.057,-0.528,-0.097,-0.195, 0.340, 0.223,-0.299, 0.401, 2.013,-0.252,-0.188, 0.126, 0.059,-0.079, 0.000;
3.532,-19.951,0.379,-10.247,-9.325,-0.121,-0.018, 4.846,-0.168,0.168,0.146,-0.182, 0.416,-2.831,-0.009,-0.483,-0.049,-0.242, 0.293, 0.175,-0.302, 0.398, 2.015,-0.250,-0.190, 0.126, 0.060,-0.079, 0.000;
3.545,-19.950,-1.363,-9.703,-11.610,-0.123,-0.011, 4.844,-0.178,0.535,-0.155,-0.182, 0.407,-2.828,-0.051,-0.529,-0.004,-0.197, 0.337, 0.130,-0.305, 0.396, 2.016,-0.249,-0.192, 0.126, 0.060,-0.078, 0.000;
3.557,-20.410,0.892,-9.667,-9.851,-0.125,-0.009, 4.846,-0.186,0.186,0.161,-0.183, 0.403,-2.828,-0.008,-0.489, 0.038,-0.240, 0.295, 0.087,-0.308, 0.394, 2.018,-0.247,-0.194, 0.126, 0.061,-0.078, 0.000;
3.569,-20.413,-0.846,-9.125,-12.134,-0.127,-0.002, 4.844,-0.179,0.536,-0.155,-0.184, 0.394,-2.825,-0.050,-0.535, 0.082,-0.196, 0.339, 0.043,-0.311, 0.391, 2.019,-0.246,-0.196, 0.126, 0.061,-0.077, 0.000;
3.582,-22.655,-0.805,-10.857,-12.603,-0.129, 0.002, 4.844,-0.181,0.363,0.000,-0.185, 0.387,-2.823,-0.005,-0.580, 0.126,-0.239, 0.382, 0.000,-0.314, 0.389, 2.021,-0.244,-0.197, 0.126, 0.062,-0.077, 0.000;
3.595,-20.059,-0.858,-9.026,-11.890,-0.132, 0.007, 4.844,-0.168,0.336,0.000,-0.186, 0.380,-2.821,-0.051,-0.535, 0.079,-0.192, 0.336, 0.047,-0.317, 0.386, 2.023,-0.243,-0.199, 0.126, 0.063,-0.076, 0.000;
3.607,-22.363,-0.728,-10.632,-12.459,-0.134, 0.011, 4.844,-0.185,0.370,0.000,-0.186, 0.373,-2.820,-0.007,-0.579, 0.121,-0.234, 0.378, 0.004,-0.320, 0.384, 2.024,-0.241,-0.201, 0.126, 0.063,-0.076, 0.000;
3.619,-22.349,-2.339,-10.123,-14.564,-0.136, 0.018, 4.842,-0.191,0.572,-0.161,-0.187, 0.364,-2.817,-0.046,-0.622, 0.163,-0.193, 0.419,-0.037,-0.323, 0.381, 2.026,-0.240,-0.203, 0.126, 0.064,-0.075, 0.000;
3.631,-22.104,-0.863,-10.639,-12.328,-0.138, 0.022, 4.856,-0.180,0.360,1.148,-0.188, 0.357,-2.829,-0.001,-0.581, 0.117,-0.237, 0.376, 0.009,-0.326, 0.379, 2.027,-0.238,-0.205, 0.126, 0.064,-0.075, 0.000;
3.644,-22.405,-2.021,-10.118,-14.308,-0.138, 0.027, 4.829,0.000,0.360,-2.161,-0.191, 0.350,-2.801,-0.044,-0.626, 0.163,-0.193, 0.419,-0.038,-0.329, 0.376, 2.029,-0.236,-0.207, 0.126, 0.065,-0.074, 0.000;
3.655,-22.383,-3.703,-9.690,-16.396,-0.141, 0.033, 4.828,-0.187,0.562,-0.141,-0.191, 0.340,-2.798,-0.084,-0.670, 0.207,-0.151, 0.461,-0.081,-0.332, 0.374, 2.030,-0.235,-0.209, 0.126, 0.066,-0.074, 0.000;
3.668,-22.073,-2.280,-10.120,-14.232,-0.143, 0.038, 4.844,-0.184,0.368,1.333,-0.192, 0.333,-2.812,-0.040,-0.629, 0.163,-0.194, 0.419,-0.037,-0.335, 0.371, 2.032,-0.233,-0.210, 0.126, 0.066,-0.073, 0.000;
3.680,-21.552,-4.476,-10.067,-15.961,-0.145, 0.045, 4.844,-0.184,0.551,0.000,-0.193, 0.324,-2.811,-0.081,-0.674, 0.119,-0.151, 0.461, 0.006,-0.338, 0.369, 2.033,-0.232,-0.212, 0.126, 0.067,-0.073, 0.000;
3.693,-21.510,-2.521,-10.610,-13.421,-0.147, 0.049, 4.844,-0.168,0.335,0.000,-0.193, 0.317,-2.809,-0.032,-0.629, 0.072,-0.198, 0.415, 0.053,-0.341, 0.366, 2.035,-0.230,-0.214, 0.126, 0.067,-0.072, 0.000;
3.697,-21.542,-2.959,-10.360,-14.142,-0.150, 0.056, 4.844,-0.590,1.769,0.000,-0.192, 0.309,-2.809,-0.045,-0.643, 0.086,-0.184, 0.428, 0.040,-0.342, 0.365, 2.035,-0.229,-0.215, 0.126, 0.067,-0.072, 0.000;
3.718,-21.773,-5.592,-9.520,-17.845,-0.150, 0.060, 4.829,0.000,0.216,-0.700,-0.197, 0.300,-2.792,-0.115,-0.719, 0.163,-0.112, 0.501,-0.037,-0.346, 0.361, 2.038,-0.227,-0.218, 0.126, 0.068,-0.071, 0.000;
3.729,-22.148,-3.412,-9.541,-16.020,-0.152, 0.067, 4.829,-0.192,0.576,0.000,-0.197, 0.291,-2.790,-0.073,-0.679, 0.204,-0.152, 0.460,-0.078,-0.349, 0.358, 2.039,-0.225,-0.219, 0.126, 0.069,-0.071, 0.000;
3.742,-21.981,-1.618,-10.109,-13.491,-0.154, 0.071, 4.829,-0.175,0.350,0.000,-0.198, 0.284,-2.788,-0.026,-0.636, 0.159,-0.197, 0.415,-0.033,-0.352, 0.355, 2.041,-0.223,-0.221, 0.126, 0.069,-0.070, 0.000;
3.754,-21.464,-3.797,-10.099,-15.162,-0.154, 0.078, 4.829,0.000,0.564,0.000,-0.200, 0.275,-2.787,-0.066,-0.679, 0.117,-0.155, 0.457, 0.008,-0.354, 0.353, 2.043,-0.222,-0.223, 0.126, 0.070,-0.070, 0.000;
3.765,-21.410,-2.087,-10.538,-12.959,-0.156, 0.083, 4.829,-0.194,0.389,0.000,-0.201, 0.268,-2.786,-0.025,-0.641, 0.077,-0.195, 0.416, 0.048,-0.357, 0.350, 2.044,-0.220,-0.224, 0.126, 0.070,-0.069, 0.000;
3.777,-21.634,-3.376,-10.074,-14.936,-0.156, 0.089, 4.815,0.000,0.584,-1.267,-0.203, 0.258,-2.770,-0.064,-0.683, 0.120,-0.155, 0.457, 0.006,-0.359, 0.348, 2.045,-0.218,-0.226, 0.126, 0.071,-0.069, 0.000;
3.789,-21.316,-1.954,-10.529,-12.740,-0.158, 0.094, 4.829,-0.186,0.372,1.212,-0.204, 0.251,-2.783,-0.020,-0.642, 0.077,-0.197, 0.415, 0.049,-0.362, 0.345, 2.047,-0.217,-0.227, 0.126, 0.071,-0.068, 0.000;
3.802,-21.582,-3.422,-9.964,-15.040,-0.158, 0.100, 4.815,0.000,0.516,-1.119,-0.206, 0.241,-2.766,-0.064,-0.690, 0.125,-0.151, 0.461, 0.001,-0.365, 0.342, 2.049,-0.215,-0.229, 0.126, 0.072,-0.067, 0.000;
3.813,-21.239,-2.090,-10.393,-12.935,-0.161, 0.105, 4.831,-0.193,0.386,1.407,-0.207, 0.234,-2.781,-0.022,-0.651, 0.083,-0.192, 0.420, 0.043,-0.367, 0.339, 2.050,-0.213,-0.231, 0.126, 0.073,-0.067, 0.000;
3.825,-21.511,-3.376,-9.889,-14.998,-0.161, 0.112, 4.815,0.000,0.564,-1.370,-0.209, 0.225,-2.763,-0.062,-0.694, 0.126,-0.150, 0.462,-0.001,-0.370, 0.336, 2.051,-0.211,-0.232, 0.126, 0.073,-0.066, 0.000;
3.837,-22.942,-4.173,-12.115,-15.001,-0.163, 0.118, 4.829,-0.185,0.554,1.202,-0.209, 0.215,-2.777,-0.018,-0.738, 0.082,-0.192, 0.504, 0.043,-0.372, 0.334, 2.053,-0.210,-0.234, 0.126, 0.074,-0.066, 0.000;
3.850,-21.369,-3.283,-9.750,-14.903,-0.163, 0.123, 4.816,0.000,0.362,-1.054,-0.212, 0.208,-2.762,-0.060,-0.696, 0.127,-0.148, 0.461,-0.002,-0.375, 0.331, 2.055,-0.208,-0.236, 0.126, 0.074,-0.065, 0.000;
3.861,-22.742,-4.071,-11.884,-14.929,-0.165, 0.129, 4.831,-0.193,0.579,1.274,-0.212, 0.199,-2.775,-0.017,-0.739, 0.085,-0.189, 0.501, 0.040,-0.377, 0.328, 2.056,-0.206,-0.237, 0.126, 0.074,-0.065, 0.000;
3.873,-23.031,-5.376,-11.380,-17.026,-0.165, 0.136, 4.815,0.000,0.544,-1.322,-0.215, 0.189,-2.757,-0.059,-0.783, 0.130,-0.145, 0.545,-0.005,-0.380, 0.325, 2.058,-0.204,-0.239, 0.126, 0.075,-0.064, 0.000;
3.886,-22.667,-3.854,-11.859,-14.662,-0.167, 0.143, 4.829,-0.173,0.518,1.124,-0.215, 0.179,-2.770,-0.012,-0.740, 0.083,-0.191, 0.499, 0.042,-0.383, 0.322, 2.059,-0.202,-0.240, 0.126, 0.076,-0.064, 0.000;
3.899,-21.037,-2.947,-9.410,-14.574,-0.167, 0.147, 4.816,0.000,0.350,-1.021,-0.218, 0.172,-2.756,-0.055,-0.696, 0.130,-0.146, 0.454,-0.004,-0.385, 0.319, 2.061,-0.200,-0.242, 0.126, 0.076,-0.063, 0.000;
3.911,-21.033,-4.661,-8.953,-16.740,-0.167, 0.154, 4.816,0.000,0.556,0.000,-0.220, 0.162,-2.754,-0.095,-0.740, 0.173,-0.103, 0.497,-0.047,-0.387, 0.316, 2.062,-0.199,-0.243, 0.126, 0.076,-0.062, 0.000;
3.923,-22.512,-5.397,-11.175,-16.733,-0.170, 0.161, 4.829,-0.182,0.546,1.062,-0.220, 0.152,-2.766,-0.050,-0.785, 0.128,-0.146, 0.540,-0.002,-0.390, 0.313, 2.064,-0.197,-0.245, 0.126, 0.077,-0.062, 0.000;
3.936,-20.959,-4.520,-8.845,-16.633,-0.170, 0.165, 4.816,0.000,0.363,-1.059,-0.223, 0.145,-2.751,-0.092,-0.743, 0.172,-0.103, 0.496,-0.046,-0.392, 0.310, 2.065,-0.195,-0.246, 0.126, 0.077,-0.061, 0.000;
3.948,-20.956,-6.258,-8.381,-18.834,-0.170, 0.172, 4.816,0.000,0.547,0.000,-0.225, 0.135,-2.750,-0.133,-0.787, 0.215,-0.060, 0.539,-0.089,-0.395, 0.307, 2.067,-0.193,-0.248, 0.126, 0.078,-0.061, 0.000;
3.959,-20.793,-4.660,-8.885,-16.567,-0.172, 0.179, 4.816,-0.197,0.592,0.000,-0.225, 0.126,-2.748,-0.091,-0.749, 0.175,-0.100, 0.500,-0.049,-0.397, 0.304, 2.068,-0.191,-0.249, 0.126, 0.078,-0.060, 0.000;
3.971,-18.466,-4.665,-7.092,-16.039,-0.172, 0.183, 4.816,0.000,0.366,0.000,-0.227, 0.118,-2.747,-0.132,-0.708, 0.132,-0.057, 0.457,-0.007,-0.399, 0.301, 2.070,-0.189,-0.251, 0.126, 0.079,-0.059, 0.000;
3.984,-18.594,-6.396,-6.483,-18.507,-0.172, 0.190, 4.816,0.000,0.514,0.000,-0.230, 0.108,-2.745,-0.176,-0.755, 0.178,-0.011, 0.503,-0.052,-0.402, 0.298, 2.071,-0.187,-0.252, 0.126, 0.079,-0.059, 0.000;
3.998,-18.415,-4.511,-7.079,-15.847,-0.174, 0.196, 4.816,-0.167,0.502,0.000,-0.230, 0.098,-2.743,-0.127,-0.710, 0.131,-0.058, 0.456,-0.005,-0.404, 0.294, 2.073,-0.185,-0.254, 0.126, 0.080,-0.058, 0.000;
4.010,-16.734,-3.898,-4.703,-15.929,-0.174, 0.201, 4.816,0.000,0.372,0.000,-0.232, 0.091,-2.742,-0.167,-0.669, 0.173,-0.016, 0.414,-0.047,-0.406, 0.291, 2.075,-0.183,-0.255, 0.126, 0.080,-0.058, 0.000;
4.021,-18.308,-4.400,-6.963,-15.745,-0.174, 0.208, 4.816,0.000,0.571,0.000,-0.234, 0.081,-2.740,-0.124,-0.712, 0.132,-0.057, 0.455,-0.006,-0.408, 0.288, 2.076,-0.181,-0.257, 0.126, 0.081,-0.057, 0.000;
4.033,-19.832,-5.035,-9.042,-15.825,-0.176, 0.214, 4.831,-0.186,0.558,1.229,-0.234, 0.071,-2.754,-0.080,-0.755, 0.087,-0.099, 0.497, 0.038,-0.411, 0.285, 2.078,-0.179,-0.258, 0.126, 0.081,-0.056, 0.000;
4.045,-18.378,-4.214,-6.844,-15.748,-0.176, 0.219, 4.818,0.000,0.386,-1.138,-0.236, 0.064,-2.739,-0.119,-0.716, 0.129,-0.059, 0.456,-0.003,-0.413, 0.282, 2.079,-0.177,-0.259, 0.126, 0.081,-0.056, 0.000;
4.057,-18.398,-5.877,-6.411,-17.864,-0.176, 0.225, 4.816,0.000,0.565,-0.132,-0.238, 0.054,-2.736,-0.158,-0.759, 0.171,-0.017, 0.498,-0.045,-0.415, 0.279, 2.081,-0.175,-0.261, 0.126, 0.082,-0.055, 0.000;
4.069,-20.034,-6.376,-8.763,-17.647,-0.179, 0.232, 4.816,-0.182,0.547,0.000,-0.238, 0.044,-2.734,-0.113,-0.803, 0.128,-0.060, 0.541,-0.003,-0.417, 0.276, 2.082,-0.173,-0.262, 0.126, 0.082,-0.054, 0.000;
4.082,-17.602,-6.393,-6.884,-17.110,-0.179, 0.237, 4.818,0.000,0.354,0.124,-0.241, 0.036,-2.734,-0.155,-0.760, 0.084,-0.016, 0.496, 0.042,-0.419, 0.273, 2.084,-0.171,-0.263, 0.126, 0.083,-0.054, 0.000;
4.094,-19.905,-6.202,-8.490,-17.618,-0.179, 0.243, 4.818,0.000,0.558,0.000,-0.243, 0.026,-2.733,-0.111,-0.803, 0.126,-0.058, 0.538,-0.000,-0.421, 0.270, 2.085,-0.169,-0.265, 0.126, 0.083,-0.053, 0.000;
4.105,-18.240,-5.681,-6.343,-17.578,-0.179, 0.250, 4.816,0.000,0.584,-0.137,-0.244, 0.017,-2.730,-0.150,-0.764, 0.166,-0.018, 0.498,-0.040,-0.423, 0.267, 2.087,-0.167,-0.266, 0.126, 0.084,-0.053, 0.000;
4.117,-18.051,-3.990,-6.864,-15.177,-0.181, 0.254, 4.818,-0.185,0.369,0.129,-0.244, 0.009,-2.730,-0.105,-0.723, 0.123,-0.061, 0.456, 0.002,-0.425, 0.263, 2.088,-0.165,-0.267, 0.126, 0.084,-0.052, 0.000;
4.129,-18.155,-5.609,-6.268,-17.497,-0.181, 0.261, 4.818,0.000,0.551,0.000,-0.246,-0.001,-2.728,-0.146,-0.767, 0.166,-0.018, 0.499,-0.040,-0.427, 0.260, 2.090,-0.163,-0.268, 0.126, 0.084,-0.051, 0.000;
4.141,-17.975,-3.911,-6.787,-15.099,-0.181, 0.266, 4.818,0.000,0.372,0.000,-0.248,-0.009,-2.727,-0.101,-0.726, 0.124,-0.060, 0.456, 0.002,-0.429, 0.257, 2.091,-0.161,-0.270, 0.126, 0.085,-0.051, 0.000;
4.153,-20.231,-3.730,-8.370,-15.591,-0.183, 0.272, 4.818,-0.190,0.570,0.000,-0.248,-0.019,-2.725,-0.058,-0.768, 0.165,-0.101, 0.498,-0.039,-0.431, 0.254, 2.093,-0.159,-0.271, 0.126, 0.085,-0.050, 0.000;
4.165,-19.626,-5.991,-8.457,-17.159,-0.183, 0.279, 4.818,0.000,0.562,0.000,-0.250,-0.029,-2.724,-0.098,-0.811, 0.123,-0.059, 0.539, 0.002,-0.433, 0.250, 2.094,-0.157,-0.272, 0.126, 0.085,-0.049, 0.000;
4.177,-17.971,-5.374,-6.125,-17.219,-0.183, 0.283, 4.818,0.000,0.377,0.000,-0.252,-0.036,-2.722,-0.138,-0.771, 0.165,-0.018, 0.498,-0.039,-0.435, 0.247, 2.096,-0.155,-0.273, 0.126, 0.086,-0.049, 0.000;
4.188,-19.439,-5.833,-8.239,-17.033,-0.185, 0.290, 4.818,-0.204,0.611,0.000,-0.251,-0.046,-2.721,-0.097,-0.810, 0.126,-0.056, 0.536,-0.001,-0.436, 0.244, 2.097,-0.153,-0.274, 0.126, 0.086,-0.048, 0.000;
4.199,-19.516,-7.322,-7.673,-19.165,-0.185, 0.297, 4.818,0.000,0.593,0.000,-0.253,-0.056,-2.720,-0.135,-0.851, 0.166,-0.017, 0.576,-0.040,-0.438, 0.241, 2.098,-0.151,-0.275, 0.126, 0.086,-0.048, 0.000;
4.212,-20.155,-4.640,-7.724,-17.072,-0.185, 0.301, 4.803,0.000,0.349,-1.172,-0.255,-0.064,-2.703,-0.088,-0.807, 0.213,-0.062, 0.530,-0.088,-0.440, 0.238, 2.100,-0.149,-0.276, 0.126, 0.087,-0.047, 0.000;
4.223,-21.426,-5.359,-9.742,-17.043,-0.187, 0.308, 4.818,-0.201,0.603,1.351,-0.254,-0.074,-2.717,-0.047,-0.847, 0.173,-0.101, 0.569,-0.047,-0.442, 0.234, 2.101,-0.147,-0.277, 0.126, 0.087,-0.046, 0.000;
4.235,-20.954,-7.418,-9.711,-18.660,-0.187, 0.315, 4.818,0.000,0.585,0.000,-0.256,-0.083,-2.715,-0.085,-0.888, 0.132,-0.061, 0.609,-0.007,-0.443, 0.231, 2.103,-0.145,-0.279, 0.126, 0.088,-0.046, 0.000;
4.246,-19.510,-6.613,-7.575,-18.548,-0.187, 0.319, 4.804,0.000,0.383,-1.170,-0.257,-0.091,-2.700,-0.124,-0.848, 0.175,-0.020, 0.568,-0.049,-0.445, 0.228, 2.104,-0.143,-0.280, 0.126, 0.088,-0.045, 0.000;
4.258,-19.146,-5.192,-7.970,-16.368,-0.190, 0.326, 4.818,-0.191,0.572,1.164,-0.257,-0.101,-2.712,-0.080,-0.808, 0.133,-0.061, 0.527,-0.007,-0.447, 0.225, 2.106,-0.141,-0.281, 0.126, 0.088,-0.044, 0.000;
4.281,-18.189,-9.414,-8.030,-19.572,-0.190, 0.333, 4.818,0.000,0.294,0.000,-0.260,-0.114,-2.709,-0.156,-0.890, 0.052, 0.019, 0.607, 0.074,-0.450, 0.218, 2.109,-0.137,-0.283, 0.126, 0.089,-0.043, 0.000;
4.284,-18.341,-8.611,-7.852,-19.100,-0.190, 0.337, 4.820,0.000,1.316,0.476,-0.261,-0.120,-2.711,-0.144,-0.878, 0.064, 0.007, 0.595, 0.062,-0.450, 0.217, 2.109,-0.137,-0.283, 0.126, 0.089,-0.043, 0.000;
4.295,-18.803,-6.450,-7.776,-17.478,-0.192, 0.344, 4.818,-0.202,0.607,-0.146,-0.260,-0.129,-2.708,-0.103,-0.840, 0.103,-0.032, 0.556, 0.023,-0.452, 0.214, 2.111,-0.135,-0.284, 0.126, 0.089,-0.042, 0.000;
4.307,-16.351,-6.550,-6.037,-16.864,-0.192, 0.348, 4.820,0.000,0.364,0.131,-0.261,-0.137,-2.708,-0.143,-0.797, 0.060, 0.011, 0.512, 0.066,-0.453, 0.211, 2.112,-0.132,-0.285, 0.126, 0.089,-0.042, 0.000;
4.319,-18.542,-6.370,-7.560,-17.352,-0.192, 0.355, 4.820,0.000,0.586,0.000,-0.263,-0.147,-2.706,-0.101,-0.838, 0.100,-0.029, 0.553, 0.026,-0.455, 0.208, 2.114,-0.130,-0.286, 0.126, 0.090,-0.041, 0.000;
4.341,-15.554,-5.211,-3.482,-17.283,-0.192, 0.359, 4.804,0.000,0.201,-0.686,-0.266,-0.158,-2.688,-0.175,-0.762, 0.182, 0.049, 0.474,-0.057,-0.458, 0.201, 2.116,-0.126,-0.288, 0.126, 0.090,-0.040, 0.000;
4.344,-15.196,-4.960,-3.544,-16.612,-0.194, 0.366, 4.820,-0.698,2.095,4.767,-0.264,-0.166,-2.703,-0.163,-0.751, 0.171, 0.037, 0.463,-0.045,-0.458, 0.200, 2.117,-0.126,-0.288, 0.126, 0.090,-0.040, 0.000;
4.366,-18.185,-5.832,-7.564,-16.453,-0.194, 0.373, 4.820,0.000,0.314,0.000,-0.267,-0.179,-2.700,-0.084,-0.828, 0.092,-0.038, 0.538, 0.033,-0.461, 0.194, 2.119,-0.122,-0.290, 0.126, 0.091,-0.038, 0.000;
4.377,-16.765,-4.970,-5.383,-16.352,-0.194, 0.377, 4.804,0.000,0.390,-1.330,-0.268,-0.186,-2.684,-0.122,-0.787, 0.135, 0.003, 0.497,-0.009,-0.462, 0.191, 2.121,-0.120,-0.290, 0.126, 0.091,-0.038, 0.000;
4.388,-16.404,-3.579,-5.767,-14.216,-0.196, 0.384, 4.820,-0.197,0.591,1.345,-0.267,-0.196,-2.697,-0.080,-0.748, 0.094,-0.037, 0.457, 0.032,-0.464, 0.187, 2.122,-0.118,-0.291, 0.126, 0.091,-0.037, 0.000;
4.401,-14.103,-3.563,-3.939,-13.726,-0.196, 0.388, 4.821,0.000,0.368,0.137,-0.269,-0.204,-2.698,-0.121,-0.707, 0.051, 0.005, 0.414, 0.075,-0.465, 0.184, 2.124,-0.116,-0.292, 0.126, 0.092,-0.036, 0.000;
4.414,-16.760,-3.189,-5.809,-14.140,-0.196, 0.395, 4.806,0.000,0.513,-1.185,-0.270,-0.215,-2.680,-0.073,-0.754, 0.099,-0.041, 0.460, 0.026,-0.466, 0.180, 2.125,-0.113,-0.293, 0.126, 0.092,-0.036, 0.000;
4.426,-16.401,-1.647,-6.267,-11.781,-0.199, 0.400, 4.821,-0.180,0.359,1.244,-0.269,-0.223,-2.694,-0.026,-0.711, 0.055,-0.084, 0.417, 0.071,-0.468, 0.176, 2.127,-0.111,-0.294, 0.126, 0.092,-0.035, 0.000;
4.439,-15.888,-3.955,-6.241,-13.601,-0.199, 0.406, 4.821,0.000,0.527,0.000,-0.271,-0.234,-2.693,-0.069,-0.756, 0.010,-0.040, 0.461, 0.116,-0.469, 0.173, 2.129,-0.109,-0.295, 0.126, 0.093,-0.034, 0.000;
4.451,-16.419,-1.538,-6.074,-11.883,-0.201, 0.411, 4.821,-0.185,0.369,0.000,-0.270,-0.242,-2.691,-0.024,-0.714, 0.052,-0.082, 0.419, 0.073,-0.471, 0.169, 2.130,-0.106,-0.296, 0.126, 0.093,-0.033, 0.000;
4.463,-16.420,-3.293,-5.546,-14.167,-0.201, 0.417, 4.821,0.000,0.538,0.000,-0.271,-0.252,-2.690,-0.065,-0.759, 0.096,-0.039, 0.463, 0.030,-0.472, 0.165, 2.132,-0.104,-0.296, 0.126, 0.093,-0.033, 0.000;
4.475,-16.615,-4.727,-5.207,-16.135,-0.201, 0.424, 4.804,0.000,0.567,-1.430,-0.272,-0.262,-2.671,-0.105,-0.801, 0.140, 0.003, 0.504,-0.015,-0.473, 0.162, 2.133,-0.102,-0.297, 0.126, 0.093,-0.032, 0.000;
4.487,-14.823,-4.271,-2.975,-16.119,-0.201, 0.429, 4.806,0.000,0.377,0.121,-0.273,-0.270,-2.671,-0.144,-0.760, 0.183, 0.044, 0.462,-0.057,-0.474, 0.158, 2.135,-0.100,-0.298, 0.126, 0.094,-0.031, 0.000;
4.500,-16.435,-4.987,-5.375,-16.047,-0.203, 0.435, 4.821,-0.169,0.506,1.170,-0.272,-0.281,-2.685,-0.095,-0.808, 0.134,-0.003, 0.509,-0.009,-0.476, 0.154, 2.136,-0.097,-0.299, 0.126, 0.094,-0.030, 0.000;
4.504,-16.127,-4.551,-4.727,-15.951,-0.203, 0.440, 4.807,0.000,1.297,-4.064,-0.273,-0.286,-2.671,-0.106,-0.796, 0.147, 0.010, 0.497,-0.021,-0.476, 0.153, 2.137,-0.096,-0.299, 0.126, 0.094,-0.030, 0.000;
4.514,-18.134,-4.449,-6.266,-16.317,-0.203, 0.446, 4.806,0.000,0.623,-0.137,-0.274,-0.296,-2.668,-0.066,-0.835, 0.186,-0.028, 0.535,-0.060,-0.477, 0.150, 2.138,-0.094,-0.300, 0.126, 0.094,-0.030, 0.000;
4.536,-17.699,-1.597,-7.090,-12.206,-0.205, 0.451, 4.823,-0.102,0.203,0.782,-0.274,-0.307,-2.682, 0.015,-0.759, 0.104,-0.106, 0.458, 0.021,-0.479, 0.144, 2.141,-0.090,-0.301, 0.126, 0.095,-0.028, 0.000;
4.548,-15.498,-1.484,-5.253,-11.729,-0.205, 0.458, 4.821,0.000,0.563,-0.144,-0.275,-0.318,-2.679,-0.025,-0.717, 0.063,-0.063, 0.416, 0.063,-0.480, 0.140, 2.142,-0.088,-0.302, 0.126, 0.095,-0.028, 0.000;
4.560,-13.907,-0.730,-2.944,-11.693,-0.205, 0.462, 4.807,0.000,0.369,-1.156,-0.276,-0.326,-2.663,-0.065,-0.676, 0.108,-0.021, 0.373, 0.018,-0.481, 0.136, 2.144,-0.086,-0.302, 0.126, 0.095,-0.027, 0.000;
4.572,-15.319,-1.405,-5.113,-11.611,-0.208, 0.469, 4.823,-0.193,0.579,1.359,-0.274,-0.336,-2.678,-0.022,-0.717, 0.066,-0.062, 0.414, 0.060,-0.482, 0.133, 2.145,-0.084,-0.303, 0.126, 0.095,-0.026, 0.000;
4.583,-15.578,-2.654,-4.631,-13.602,-0.208, 0.475, 4.806,0.000,0.601,-1.542,-0.275,-0.346,-2.659,-0.059,-0.757, 0.107,-0.023, 0.453, 0.018,-0.483, 0.130, 2.147,-0.081,-0.303, 0.126, 0.095,-0.026, 0.000;
4.594,-15.907,-0.547,-4.546,-11.908,-0.208, 0.480, 4.807,0.000,0.397,0.131,-0.276,-0.354,-2.659,-0.017,-0.718, 0.148,-0.062, 0.414,-0.022,-0.484, 0.126, 2.148,-0.079,-0.304, 0.126, 0.096,-0.025, 0.000;
4.606,-17.310,-1.205,-6.633,-11.881,-0.210, 0.484, 4.823,-0.197,0.393,1.384,-0.275,-0.362,-2.673, 0.025,-0.758, 0.106,-0.102, 0.454, 0.020,-0.485, 0.123, 2.150,-0.077,-0.305, 0.126, 0.096,-0.024, 0.000;
4.617,-16.832,-3.301,-6.601,-13.532,-0.210, 0.491, 4.823,0.000,0.579,0.000,-0.276,-0.372,-2.672,-0.014,-0.800, 0.064,-0.061, 0.494, 0.061,-0.486, 0.119, 2.151,-0.075,-0.305, 0.126, 0.096,-0.024, 0.000;
4.629,-17.088,-4.630,-6.159,-15.560,-0.210, 0.498, 4.807,0.000,0.575,-1.349,-0.277,-0.382,-2.655,-0.052,-0.841, 0.107,-0.020, 0.535, 0.018,-0.486, 0.116, 2.152,-0.073,-0.306, 0.126, 0.096,-0.023, 0.000;
4.640,-16.725,-3.297,-6.527,-13.495,-0.212, 0.502, 4.823,-0.204,0.407,1.432,-0.275,-0.390,-2.669,-0.011,-0.803, 0.068,-0.059, 0.497, 0.058,-0.487, 0.112, 2.154,-0.071,-0.306, 0.126, 0.096,-0.022, 0.000;
4.651,-14.633,-3.283,-4.855,-13.061,-0.212, 0.507, 4.825,0.000,0.404,0.160,-0.276,-0.398,-2.670,-0.048,-0.764, 0.028,-0.020, 0.458, 0.097,-0.488, 0.109, 2.155,-0.068,-0.307, 0.126, 0.096,-0.021, 0.000;
4.663,-17.052,-2.919,-6.556,-13.414,-0.212, 0.513, 4.809,0.000,0.564,-1.345,-0.277,-0.408,-2.652,-0.004,-0.807, 0.073,-0.062, 0.500, 0.053,-0.489, 0.105, 2.157,-0.066,-0.307, 0.126, 0.096,-0.021, 0.000;
4.674,-15.369,-2.470,-4.460,-13.378,-0.212, 0.518, 4.809,0.000,0.400,0.000,-0.277,-0.416,-2.651,-0.041,-0.768, 0.113,-0.023, 0.460, 0.013,-0.490, 0.102, 2.158,-0.064,-0.308, 0.126, 0.097,-0.020, 0.000;
4.696,-18.211,-3.603,-8.538,-13.276,-0.214, 0.525, 4.825,-0.102,0.307,0.731,-0.277,-0.429,-2.664, 0.040,-0.846, 0.033,-0.100, 0.537, 0.092,-0.491, 0.095, 2.161,-0.060,-0.308, 0.126, 0.097,-0.019, 0.000;
4.707,-16.786,-2.700,-6.283,-13.204,-0.214, 0.529, 4.809,0.000,0.394,-1.409,-0.277,-0.437,-2.647, 0.002,-0.805, 0.075,-0.060, 0.496, 0.050,-0.492, 0.092, 2.162,-0.058,-0.309, 0.126, 0.097,-0.018, 0.000;
4.719,-15.001,-2.227,-4.037,-13.190,-0.214, 0.536, 4.809,0.000,0.560,0.000,-0.278,-0.448,-2.645,-0.038,-0.763, 0.119,-0.018, 0.454, 0.007,-0.492, 0.088, 2.164,-0.055,-0.309, 0.126, 0.097,-0.017, 0.000;
4.731,-14.687,-0.708,-4.458,-10.938,-0.217, 0.540, 4.827,-0.185,0.371,1.477,-0.276,-0.456,-2.661, 0.007,-0.721, 0.075,-0.060, 0.412, 0.051,-0.493, 0.084, 2.165,-0.053,-0.310, 0.126, 0.097,-0.017, 0.000;
4.742,-14.945,-1.991,-3.961,-12.976,-0.217, 0.547, 4.809,0.000,0.594,-1.577,-0.277,-0.466,-2.642,-0.030,-0.762, 0.116,-0.021, 0.451, 0.010,-0.493, 0.081, 2.167,-0.051,-0.310, 0.126, 0.097,-0.016, 0.000;
4.754,-15.314,0.293,-3.875,-11.146,-0.217, 0.551, 4.810,0.000,0.366,0.129,-0.278,-0.474,-2.642, 0.015,-0.719, 0.159,-0.063, 0.409,-0.034,-0.494, 0.077, 2.168,-0.048,-0.310, 0.126, 0.098,-0.015, 0.000;
4.766,-15.063,1.695,-4.316,-9.052,-0.219, 0.556, 4.827,-0.198,0.397,1.441,-0.276,-0.482,-2.657, 0.057,-0.680, 0.118,-0.103, 0.369, 0.008,-0.495, 0.073, 2.170,-0.046,-0.311, 0.126, 0.098,-0.014, 0.000;
4.777,-15.264,0.374,-3.781,-11.109,-0.219, 0.562, 4.810,0.000,0.591,-1.430,-0.276,-0.493,-2.639, 0.019,-0.720, 0.158,-0.063, 0.409,-0.033,-0.495, 0.070, 2.171,-0.044,-0.311, 0.126, 0.098,-0.014, 0.000;
4.789,-13.510,0.835,-1.596,-11.078,-0.219, 0.567, 4.810,0.000,0.382,0.000,-0.277,-0.501,-2.638,-0.020,-0.680, 0.200,-0.022, 0.368,-0.074,-0.496, 0.066, 2.173,-0.042,-0.311, 0.126, 0.098,-0.013, 0.000;
4.800,-14.968,0.373,-3.700,-10.895,-0.219, 0.574, 4.810,0.000,0.610,0.000,-0.277,-0.511,-2.636, 0.021,-0.719, 0.161,-0.060, 0.407,-0.036,-0.496, 0.063, 2.174,-0.039,-0.312, 0.126, 0.098,-0.012, 0.000;
4.811,-14.866,2.100,-4.106,-8.660,-0.221, 0.578, 4.810,-0.192,0.383,0.000,-0.276,-0.519,-2.635, 0.064,-0.678, 0.120,-0.102, 0.366, 0.005,-0.496, 0.059, 2.175,-0.037,-0.312, 0.126, 0.098,-0.012, 0.000;
4.822,-14.408,0.082,-4.118,-10.208,-0.221, 0.585, 4.810,0.000,0.611,0.000,-0.276,-0.529,-2.634, 0.028,-0.717, 0.082,-0.063, 0.405, 0.044,-0.497, 0.056, 2.177,-0.035,-0.312, 0.126, 0.098,-0.011, 0.000;
4.833,-14.500,-1.376,-3.576,-12.300,-0.221, 0.589, 4.810,0.000,0.402,0.000,-0.276,-0.537,-2.632,-0.009,-0.756, 0.121,-0.024, 0.444, 0.005,-0.497, 0.052, 2.178,-0.033,-0.312, 0.126, 0.098,-0.010, 0.000;
4.845,-16.662,-1.253,-5.239,-12.676,-0.223, 0.596, 4.809,-0.192,0.575,-0.135,-0.274,-0.547,-2.629, 0.035,-0.798, 0.162,-0.065, 0.485,-0.036,-0.498, 0.049, 2.180,-0.031,-0.313, 0.126, 0.098,-0.010, 0.000;
4.867,-12.443,-1.463,-2.208,-11.698,-0.223, 0.600, 4.810,0.000,0.208,0.073,-0.275,-0.559,-2.628,-0.037,-0.722, 0.086, 0.010, 0.409, 0.040,-0.498, 0.042, 2.182,-0.026,-0.313, 0.126, 0.098,-0.008, 0.000;
4.879,-12.988,1.120,-1.953,-9.915,-0.223, 0.605, 4.812,0.000,0.348,0.127,-0.275,-0.567,-2.628, 0.011,-0.677, 0.131,-0.035, 0.364,-0.005,-0.499, 0.038, 2.184,-0.024,-0.313, 0.126, 0.098,-0.007, 0.000;
4.885,-13.677,0.736,-3.059,-9.882,-0.225, 0.612, 4.827,-0.370,1.109,2.416,-0.273,-0.576,-2.642, 0.033,-0.699, 0.109,-0.056, 0.385, 0.017,-0.499, 0.036, 2.185,-0.023,-0.313, 0.126, 0.098,-0.007, 0.000;
4.896,-15.843,1.054,-4.559,-10.229,-0.225, 0.616, 4.810,0.000,0.408,-1.483,-0.274,-0.583,-2.624, 0.074,-0.737, 0.148,-0.094, 0.424,-0.022,-0.499, 0.033, 2.186,-0.020,-0.313, 0.126, 0.098,-0.006, 0.000;
4.908,-15.246,-1.159,-4.691,-11.714,-0.225, 0.620, 4.812,0.000,0.392,0.143,-0.274,-0.592,-2.625, 0.036,-0.777, 0.108,-0.054, 0.464, 0.018,-0.499, 0.029, 2.188,-0.018,-0.314, 0.126, 0.099,-0.006, 0.000;
4.919,-15.371,-2.643,-4.157,-13.857,-0.225, 0.627, 4.810,0.000,0.590,-0.143,-0.274,-0.602,-2.621,-0.002,-0.817, 0.148,-0.014, 0.504,-0.022,-0.499, 0.025, 2.189,-0.016,-0.314, 0.126, 0.099,-0.005, 0.000;
4.931,-15.166,-1.021,-4.635,-11.552,-0.228, 0.632, 4.812,-0.193,0.385,0.140,-0.272,-0.610,-2.622, 0.042,-0.777, 0.107,-0.055, 0.463, 0.019,-0.500, 0.022, 2.190,-0.014,-0.314, 0.126, 0.099,-0.004, 0.000;
4.953,-12.079,-0.026,-0.355,-11.751,-0.228, 0.636, 4.812,0.000,0.203,0.000,-0.272,-0.621,-2.619,-0.031,-0.700, 0.184, 0.022, 0.386,-0.058,-0.500, 0.015, 2.193,-0.009,-0.314, 0.126, 0.099,-0.003, 0.000;
4.957,-11.907,0.497,-0.554,-10.856,-0.228, 0.643, 4.812,0.000,1.719,0.000,-0.272,-0.629,-2.618,-0.017,-0.686, 0.170, 0.008, 0.372,-0.045,-0.500, 0.014, 2.194,-0.009,-0.314, 0.126, 0.099,-0.003, 0.000;
4.967,-13.344,0.123,-2.485,-10.737,-0.230, 0.647, 4.812,-0.216,0.432,0.000,-0.270,-0.637,-2.617, 0.022,-0.723, 0.134,-0.028, 0.408,-0.008,-0.500, 0.010, 2.195,-0.007,-0.314, 0.126, 0.099,-0.002, 0.000;
4.989,-16.378,-0.743,-6.549,-10.572,-0.230, 0.652, 4.814,0.000,0.204,0.077,-0.270,-0.648,-2.616, 0.103,-0.799, 0.057,-0.105, 0.485, 0.069,-0.500, 0.004, 2.198,-0.002,-0.314, 0.126, 0.099,-0.001, 0.000;
5.001,-14.615,-0.046,-3.988,-10.673,-0.230, 0.656, 4.814,0.000,0.353,0.000,-0.270,-0.657,-2.614, 0.061,-0.754, 0.102,-0.060, 0.440, 0.024,-0.500,-0.000, 2.199, 0.000,-0.314, 0.126, 0.099, 0.000, 0.000;
5.005,-14.155,0.257,-3.448,-10.450,-0.230, 0.663, 4.796,0.000,1.986,-5.399,-0.270,-0.664,-2.596, 0.049,-0.742, 0.115,-0.049, 0.428, 0.011,-0.500,-0.001, 2.200, 0.001,-0.314, 0.126, 0.099, 0.000, 0.000;
5.016,-15.594,-0.401,-5.574,-10.420,-0.232, 0.667, 4.814,-0.194,0.388,1.583,-0.268,-0.672,-2.613, 0.092,-0.783, 0.074,-0.089, 0.469, 0.052,-0.500,-0.005, 2.201, 0.003,-0.314, 0.126, 0.099, 0.001, 0.000;
5.038,-15.827,-3.330,-4.546,-14.611,-0.232, 0.674, 4.812,0.000,0.307,-0.077,-0.268,-0.686,-2.608, 0.020,-0.859, 0.151,-0.012, 0.545,-0.025,-0.500,-0.012, 2.204, 0.008,-0.314, 0.126, 0.099, 0.002, 0.000;
5.050,-16.258,-0.886,-4.533,-12.611,-0.232, 0.679, 4.797,0.000,0.377,-1.276,-0.268,-0.694,-2.592, 0.064,-0.816, 0.195,-0.054, 0.502,-0.069,-0.500,-0.016, 2.205, 0.010,-0.314, 0.126, 0.099, 0.003, 0.000;
5.063,-15.891,0.702,-4.999,-10.190,-0.234, 0.683, 4.814,-0.174,0.349,1.313,-0.265,-0.703,-2.607, 0.111,-0.771, 0.148,-0.099, 0.457,-0.022,-0.500,-0.020, 2.207, 0.012,-0.314, 0.126, 0.099, 0.004, 0.000;
5.074,-13.726,0.723,-3.256,-9.747,-0.234, 0.687, 4.814,0.000,0.389,0.000,-0.265,-0.711,-2.605, 0.073,-0.730, 0.107,-0.059, 0.416, 0.019,-0.499,-0.023, 2.208, 0.015,-0.314, 0.126, 0.099, 0.005, 0.000;
5.087,-13.967,-0.788,-2.750,-12.004,-0.234, 0.694, 4.797,0.000,0.536,-1.345,-0.265,-0.721,-2.587, 0.032,-0.774, 0.154,-0.015, 0.460,-0.028,-0.499,-0.027, 2.210, 0.017,-0.314, 0.126, 0.099, 0.005, 0.000;
5.099,-14.296,1.452,-2.642,-10.202,-0.234, 0.699, 4.797,0.000,0.376,0.000,-0.265,-0.730,-2.585, 0.076,-0.732, 0.196,-0.056, 0.419,-0.071,-0.499,-0.031, 2.211, 0.019,-0.314, 0.126, 0.099, 0.006, 0.000;
5.110,-14.020,2.910,-3.088,-8.022,-0.237, 0.703, 4.815,-0.191,0.382,1.585,-0.262,-0.738,-2.603, 0.119,-0.691, 0.153,-0.098, 0.378,-0.027,-0.499,-0.035, 2.213, 0.022,-0.313, 0.126, 0.098, 0.007, 0.000;
5.115,-14.143,2.560,-2.819,-8.763,-0.237, 0.708, 4.798,0.000,1.018,-3.897,-0.262,-0.744,-2.585, 0.105,-0.706, 0.169,-0.082, 0.393,-0.043,-0.499,-0.036, 2.214, 0.023,-0.313, 0.126, 0.098, 0.007, 0.000;
5.136,-14.313,-0.432,-2.015,-12.730,-0.237, 0.712, 4.798,0.000,0.211,0.000,-0.262,-0.755,-2.582, 0.035,-0.781, 0.244,-0.008, 0.468,-0.119,-0.498,-0.043, 2.216, 0.027,-0.313, 0.126, 0.098, 0.008, 0.000;
5.147,-14.039,1.201,-2.507,-10.330,-0.239, 0.719, 4.798,-0.191,0.572,0.000,-0.259,-0.765,-2.581, 0.078,-0.739, 0.203,-0.049, 0.426,-0.077,-0.498,-0.046, 2.218, 0.029,-0.313, 0.126, 0.098, 0.009, 0.000;
5.160,-11.647,1.156,-0.660,-9.831,-0.239, 0.723, 4.798,0.000,0.359,0.000,-0.259,-0.773,-2.579, 0.037,-0.695, 0.159,-0.006, 0.382,-0.033,-0.497,-0.050, 2.219, 0.032,-0.313, 0.126, 0.098, 0.010, 0.000;
5.172,-13.390,0.737,-2.948,-9.705,-0.239, 0.728, 4.800,0.000,0.357,0.120,-0.258,-0.782,-2.579, 0.083,-0.738, 0.115,-0.050, 0.426, 0.011,-0.497,-0.054, 2.221, 0.034,-0.312, 0.126, 0.098, 0.011, 0.000;
5.175,-13.505,1.352,-2.832,-9.321,-0.241, 0.732, 4.800,-0.812,1.625,0.000,-0.256,-0.787,-2.579, 0.094,-0.729, 0.125,-0.059, 0.416, 0.001,-0.497,-0.055, 2.221, 0.035,-0.312, 0.126, 0.098, 0.011, 0.000;
5.196,-17.561,1.572,-5.833,-10.157,-0.241, 0.739, 4.798,0.000,0.314,-0.070,-0.255,-0.800,-2.575, 0.173,-0.804, 0.200,-0.134, 0.493,-0.074,-0.496,-0.062, 2.224, 0.039,-0.312, 0.126, 0.098, 0.012, 0.000;
5.202,-16.395,1.502,-5.108,-9.784,-0.241, 0.743, 4.798,0.000,0.854,0.000,-0.255,-0.806,-2.574, 0.155,-0.785, 0.181,-0.116, 0.474,-0.056,-0.496,-0.063, 2.224, 0.040,-0.312, 0.126, 0.098, 0.012, 0.000;
5.221,-12.707,1.344,-2.359,-9.005,-0.243, 0.748, 4.800,-0.116,0.233,0.078,-0.252,-0.817,-2.573, 0.092,-0.717, 0.113,-0.048, 0.406, 0.012,-0.495,-0.069, 2.227, 0.043,-0.311, 0.126, 0.098, 0.014, 0.000;
5.233,-11.047,1.934,0.038,-9.151,-0.243, 0.752, 4.800,0.000,0.377,0.000,-0.251,-0.825,-2.572, 0.052,-0.675, 0.155,-0.007, 0.364,-0.029,-0.495,-0.073, 2.228, 0.046,-0.311, 0.126, 0.098, 0.014, 0.000;
5.245,-12.664,1.446,-2.286,-8.932,-0.243, 0.757, 4.800,0.000,0.367,0.000,-0.251,-0.833,-2.570, 0.098,-0.717, 0.112,-0.049, 0.407, 0.014,-0.494,-0.077, 2.230, 0.048,-0.310, 0.126, 0.098, 0.015, 0.000;
5.258,-12.928,-0.126,-1.775,-11.280,-0.243, 0.763, 4.782,0.000,0.521,-1.357,-0.250,-0.844,-2.551, 0.055,-0.762, 0.160,-0.004, 0.452,-0.035,-0.493,-0.081, 2.232, 0.051,-0.310, 0.126, 0.097, 0.016, 0.000;
5.270,-12.550,1.427,-2.212,-8.910,-0.246, 0.768, 4.800,-0.183,0.365,1.426,-0.247,-0.852,-2.567, 0.101,-0.718, 0.116,-0.048, 0.409, 0.009,-0.493,-0.084, 2.233, 0.053,-0.310, 0.126, 0.097, 0.017, 0.000;
5.282,-10.345,1.411,-0.440,-8.494,-0.246, 0.772, 4.800,0.000,0.381,0.000,-0.247,-0.860,-2.565, 0.062,-0.677, 0.075,-0.006, 0.368, 0.051,-0.492,-0.088, 2.235, 0.055,-0.309, 0.126, 0.097, 0.017, 0.000;
5.294,-12.797,1.776,-2.142,-8.879,-0.246, 0.777, 4.782,0.000,0.359,-1.401,-0.246,-0.869,-2.546, 0.108,-0.720, 0.121,-0.050, 0.411, 0.004,-0.491,-0.092, 2.236, 0.058,-0.309, 0.126, 0.097, 0.018, 0.000;
5.306,-12.469,3.214,-2.598,-6.657,-0.248, 0.781, 4.801,-0.192,0.383,1.630,-0.243,-0.877,-2.564, 0.151,-0.679, 0.079,-0.091, 0.370, 0.047,-0.491,-0.095, 2.238, 0.060,-0.308, 0.126, 0.097, 0.019, 0.000;
5.317,-12.030,1.120,-2.583,-8.327,-0.248, 0.786, 4.801,0.000,0.386,0.000,-0.242,-0.885,-2.562, 0.113,-0.719, 0.038,-0.050, 0.411, 0.087,-0.490,-0.099, 2.239, 0.062,-0.308, 0.126, 0.097, 0.020, 0.000;
5.329,-12.282,-0.274,-2.124,-10.432,-0.248, 0.792, 4.782,0.000,0.575,-1.632,-0.242,-0.895,-2.542, 0.074,-0.759, 0.082,-0.010, 0.452, 0.044,-0.489,-0.103, 2.240, 0.064,-0.307, 0.126, 0.097, 0.020, 0.000;
5.341,-12.571,1.905,-1.985,-8.681,-0.248, 0.797, 4.784,0.000,0.384,0.107,-0.241,-0.903,-2.542, 0.117,-0.718, 0.125,-0.050, 0.411, 0.001,-0.489,-0.106, 2.242, 0.067,-0.307, 0.126, 0.096, 0.021, 0.000;
5.352,-14.035,1.302,-4.149,-8.584,-0.250, 0.801, 4.801,-0.193,0.386,1.532,-0.238,-0.911,-2.558, 0.160,-0.758, 0.082,-0.091, 0.452, 0.044,-0.488,-0.110, 2.243, 0.069,-0.306, 0.126, 0.096, 0.022, 0.000;
5.364,-12.525,2.006,-1.878,-8.641,-0.250, 0.806, 4.784,0.000,0.389,-1.547,-0.237,-0.919,-2.539, 0.122,-0.717, 0.124,-0.051, 0.411, 0.002,-0.487,-0.113, 2.245, 0.071,-0.306, 0.126, 0.096, 0.022, 0.000;
5.375,-12.560,0.395,-1.511,-10.654,-0.250, 0.812, 4.784,0.000,0.600,0.000,-0.236,-0.929,-2.537, 0.085,-0.756, 0.164,-0.012, 0.451,-0.038,-0.486,-0.117, 2.246, 0.073,-0.305, 0.126, 0.096, 0.023, 0.000;
5.386,-12.872,2.511,-1.354,-9.007,-0.250, 0.817, 4.784,0.000,0.403,0.000,-0.235,-0.937,-2.536, 0.126,-0.717, 0.203,-0.050, 0.412,-0.077,-0.485,-0.120, 2.248, 0.075,-0.305, 0.126, 0.096, 0.024, 0.000;
5.397,-14.323,2.106,-3.444,-8.773,-0.252, 0.821, 4.784,-0.204,0.409,0.000,-0.232,-0.945,-2.535, 0.166,-0.755, 0.165,-0.089, 0.450,-0.039,-0.485,-0.123, 2.249, 0.078,-0.304, 0.126, 0.096, 0.024, 0.000;
5.408,-12.215,2.024,-1.810,-8.380,-0.252, 0.826, 4.784,0.000,0.407,0.000,-0.231,-0.953,-2.533, 0.130,-0.716, 0.126,-0.050, 0.412,-0.001,-0.484,-0.127, 2.250, 0.080,-0.304, 0.126, 0.095, 0.025, 0.000;
5.429,-11.422,-1.934,-2.007,-11.349,-0.252, 0.830, 4.785,0.000,0.211,0.061,-0.230,-0.963,-2.532, 0.060,-0.789, 0.052, 0.024, 0.486, 0.074,-0.482,-0.133, 2.253, 0.084,-0.303, 0.126, 0.095, 0.026, 0.000;
5.441,-11.865,0.452,-1.706,-9.707,-0.254, 0.835, 4.785,-0.191,0.382,0.000,-0.227,-0.971,-2.531, 0.103,-0.746, 0.093,-0.018, 0.444, 0.032,-0.481,-0.137, 2.254, 0.086,-0.302, 0.126, 0.095,