0.000,0.000,0.000,0.000,0.000, 0.000, 0.000, 0.000,0.000,0.000,0.000, 0.000, 0.000, 0.000;
0.014,0.095,0.160,0.095,0.160, 0.134, 0.089, 2.284,0.000,0.000,0.000, 0.366,-0.087,-1.970;
0.025,0.096,0.160,0.096,0.160, 0.134, 0.089, 2.284,0.000,0.000,0.000, 0.366,-0.085,-1.970;
0.037,0.097,0.159,0.097,0.159, 0.134, 0.089, 2.284,0.000,0.000,0.000, 0.366,-0.083,-1.970;
0.051,0.097,0.158,0.097,0.158, 0.134, 0.089, 2.284,0.000,0.000,0.000, 0.366,-0.081,-1.970;
0.064,0.111,0.178,0.111,0.178, 0.134, 0.089, 2.275,0.000,0.000,-0.731, 0.366,-0.079,-1.961;
0.073,0.099,0.157,0.099,0.157, 0.134, 0.089, 2.284,0.000,0.000,1.003, 0.366,-0.077,-1.970;
0.085,0.099,0.156,0.099,0.156, 0.134, 0.089, 2.284,0.000,0.000,0.000, 0.366,-0.075,-1.970;
0.097,0.113,0.176,0.113,0.176, 0.134, 0.089, 2.275,0.000,0.000,-0.842, 0.366,-0.074,-1.961;
0.109,0.101,0.155,0.101,0.155, 0.134, 0.089, 2.284,0.000,0.000,0.758, 0.366,-0.072,-1.970;
0.122,0.114,0.174,0.114,0.174, 0.134, 0.089, 2.275,0.000,0.000,-0.744, 0.366,-0.070,-1.961;
0.133,0.102,0.153,0.102,0.153, 0.134, 0.089, 2.284,0.000,0.000,0.833, 0.366,-0.068,-1.970;
0.145,0.116,0.173,0.116,0.173, 0.134, 0.089, 2.275,0.000,0.000,-0.806, 0.365,-0.066,-1.961;
0.156,0.103,0.152,0.103,0.152, 0.134, 0.089, 2.284,0.000,0.000,0.822, 0.365,-0.064,-1.970;
0.167,0.104,0.151,0.104,0.151, 0.134, 0.089, 2.284,0.000,0.000,0.000, 0.365,-0.063,-1.970;
0.178,0.104,0.151,0.104,0.151, 0.134, 0.089, 2.284,0.000,0.000,0.000, 0.365,-0.061,-1.970;
0.189,0.105,0.150,0.105,0.150, 0.134, 0.089, 2.284,0.000,0.000,0.000, 0.365,-0.059,-1.970;
0.200,0.105,0.150,0.105,0.150, 0.134, 0.089, 2.284,0.000,0.000,0.000, 0.365,-0.057,-1.970;
0.221,0.120,0.168,0.120,0.168, 0.134, 0.089, 2.275,0.000,0.000,-0.442, 0.365,-0.054,-1.961;
0.233,0.107,0.148,0.107,0.148, 0.134, 0.089, 2.284,0.000,0.000,0.835, 0.365,-0.052,-1.970;
0.244,0.108,0.147,0.108,0.147, 0.134, 0.089, 2.284,0.000,0.000,0.000, 0.364,-0.050,-1.970;
0.256,0.108,0.146,0.108,0.146, 0.134, 0.089, 2.284,0.000,0.000,0.000, 0.364,-0.049,-1.970;
0.267,0.109,0.146,0.109,0.146, 0.134, 0.089, 2.284,0.000,0.000,0.000, 0.364,-0.047,-1.970;
0.279,0.109,0.145,0.109,0.145, 0.134, 0.089, 2.284,0.000,0.000,0.000, 0.364,-0.045,-1.970;
0.290,0.110,0.144,0.110,0.144, 0.134, 0.089, 2.284,0.000,0.000,0.000, 0.364,-0.043,-1.970;
0.301,0.125,0.162,0.125,0.162, 0.134, 0.089, 2.275,0.000,0.000,-0.880, 0.364,-0.042,-1.961;
0.312,0.111,0.143,0.111,0.143, 0.134, 0.089, 2.284,0.000,0.000,0.849, 0.364,-0.040,-1.970;
0.323,0.126,0.161,0.126,0.161, 0.134, 0.089, 2.275,0.000,0.000,-0.815, 0.363,-0.038,-1.961;
0.345,0.113,0.141,0.113,0.141, 0.134, 0.089, 2.284,0.000,0.000,0.440, 0.363,-0.035,-1.970;
0.357,0.113,0.140,0.113,0.140, 0.134, 0.089, 2.284,0.000,0.000,0.000, 0.363,-0.033,-1.970;
0.369,0.114,0.139,0.114,0.139, 0.134, 0.089, 2.284,0.000,0.000,0.000, 0.363,-0.031,-1.970;
0.382,0.115,0.138,0.115,0.138, 0.134, 0.089, 2.284,0.000,0.000,0.000, 0.362,-0.029,-1.970;
0.387,0.115,0.138,0.115,0.138, 0.134, 0.089, 2.284,0.000,0.000,0.000, 0.362,-0.028,-1.970;
0.397,0.130,0.155,0.130,0.155, 0.134, 0.089, 2.275,0.000,0.000,-0.930, 0.362,-0.027,-1.961;
0.409,0.116,0.137,0.116,0.137, 0.134, 0.089, 2.284,0.000,0.000,0.821, 0.362,-0.025,-1.970;
0.430,0.117,0.135,0.117,0.135, 0.134, 0.089, 2.284,0.000,0.000,0.000, 0.361,-0.021,-1.970;
0.442,0.118,0.135,0.118,0.135, 0.134, 0.089, 2.284,0.000,0.000,0.000, 0.361,-0.020,-1.970;
0.454,0.118,0.134,0.118,0.134, 0.134, 0.089, 2.284,0.000,0.000,0.000, 0.361,-0.018,-1.970;
0.466,0.119,0.133,0.119,0.133, 0.134, 0.089, 2.284,0.000,0.000,0.000, 0.361,-0.016,-1.970;
0.480,0.119,0.132,0.119,0.132, 0.134, 0.089, 2.284,0.000,0.000,0.000, 0.360,-0.014,-1.970;
0.484,0.135,0.149,0.135,0.149, 0.134, 0.089, 2.275,0.000,0.000,-2.566, 0.360,-0.013,-1.961;
0.494,0.120,0.131,0.120,0.131, 0.134, 0.089, 2.284,0.000,0.000,0.923, 0.360,-0.011,-1.970;
0.516,0.121,0.130,0.121,0.130, 0.134, 0.089, 2.284,0.000,0.000,0.000, 0.359,-0.008,-1.970;
0.528,0.122,0.129,0.122,0.129, 0.134, 0.089, 2.284,0.000,0.000,0.000, 0.359,-0.006,-1.970;
0.531,0.122,0.129,0.122,0.129, 0.134, 0.089, 2.284,0.000,0.000,0.000, 0.359,-0.006,-1.970;
0.552,0.123,0.128,0.123,0.128, 0.134, 0.089, 2.284,0.000,0.000,0.000, 0.358,-0.002,-1.970;
0.565,0.123,0.127,0.123,0.127, 0.134, 0.089, 2.284,0.000,0.000,0.000, 0.358,-0.001,-1.970;
0.577,0.124,0.126,0.124,0.126, 0.134, 0.089, 2.284,0.000,0.000,0.000, 0.358, 0.001,-1.970;
0.581,0.124,0.126,0.124,0.126, 0.134, 0.089, 2.284,0.000,0.000,0.000, 0.358, 0.002,-1.970;
0.592,0.124,0.125,0.124,0.125, 0.134, 0.089, 2.284,0.000,0.000,0.000, 0.357, 0.004,-1.970;
0.614,0.142,0.140,0.142,0.140, 0.134, 0.089, 2.275,0.000,0.000,-0.431, 0.357, 0.007,-1.961;
0.617,0.126,0.123,0.126,0.123, 0.134, 0.089, 2.284,0.000,0.000,3.037, 0.357, 0.008,-1.970;
0.628,0.142,0.139,0.142,0.139, 0.134, 0.089, 2.275,0.000,0.000,-0.859, 0.356, 0.009,-1.961;
0.650,0.127,0.121,0.127,0.121, 0.134, 0.089, 2.284,0.000,0.000,0.426, 0.356, 0.013,-1.970;
0.654,0.127,0.121,0.127,0.121, 0.134, 0.089, 2.284,0.000,0.000,0.000, 0.355, 0.013,-1.970;
0.665,0.128,0.120,0.128,0.120, 0.134, 0.089, 2.284,0.000,0.000,0.000, 0.355, 0.015,-1.970;
0.687,0.129,0.119,0.129,0.119, 0.134, 0.089, 2.284,0.000,0.000,0.000, 0.354, 0.018,-1.970;
0.690,0.145,0.134,0.145,0.134, 0.134, 0.089, 2.275,0.000,0.000,-2.972, 0.354, 0.019,-1.961;
0.702,0.129,0.118,0.129,0.118, 0.134, 0.089, 2.284,0.000,0.000,0.826, 0.354, 0.021,-1.970;
0.723,0.147,0.132,0.147,0.132, 0.134, 0.089, 2.275,0.000,0.000,-0.441, 0.353, 0.024,-1.961;
0.737,0.131,0.115,0.131,0.115, 0.134, 0.089, 2.284,0.000,0.000,0.688, 0.353, 0.026,-1.970;
0.741,0.148,0.130,0.148,0.130, 0.134, 0.089, 2.275,0.000,0.000,-2.117, 0.352, 0.027,-1.961;
0.751,0.131,0.115,0.131,0.115, 0.134, 0.089, 2.284,0.000,0.000,0.965, 0.352, 0.028,-1.970;
0.773,0.149,0.128,0.149,0.128, 0.134, 0.089, 2.275,0.000,0.000,-0.429, 0.351, 0.031,-1.961;
0.778,0.150,0.127,0.150,0.127, 0.134, 0.089, 2.275,0.000,0.000,0.000, 0.351, 0.032,-1.961;
0.788,0.133,0.112,0.133,0.112, 0.134, 0.089, 2.284,0.000,0.000,0.999, 0.351, 0.034,-1.970;
0.800,0.133,0.111,0.133,0.111, 0.134, 0.089, 2.284,0.000,0.000,0.000, 0.350, 0.035,-1.970;
0.821,0.152,0.124,0.152,0.124, 0.134, 0.089, 2.275,0.000,0.000,-0.439, 0.349, 0.039,-1.961;
0.834,0.135,0.109,0.135,0.109, 0.134, 0.089, 2.284,0.000,0.000,0.699, 0.349, 0.041,-1.970;
0.838,0.135,0.109,0.135,0.109, 0.134, 0.089, 2.284,0.000,0.000,0.000, 0.349, 0.041,-1.970;
0.858,0.136,0.107,0.136,0.107, 0.134, 0.089, 2.284,0.000,0.000,0.000, 0.348, 0.044,-1.970;
0.862,0.136,0.107,0.136,0.107, 0.134, 0.089, 2.284,0.000,0.000,0.000, 0.348, 0.045,-1.970;
0.873,0.136,0.106,0.136,0.106, 0.134, 0.089, 2.284,0.000,0.000,0.000, 0.347, 0.047,-1.970;
0.896,0.137,0.105,0.137,0.105, 0.134, 0.089, 2.284,0.000,0.000,0.000, 0.346, 0.050,-1.970;
0.901,0.155,0.118,0.155,0.118, 0.134, 0.089, 2.275,0.000,0.000,-2.102, 0.346, 0.051,-1.961;
0.912,0.138,0.104,0.138,0.104, 0.134, 0.089, 2.284,0.000,0.000,0.866, 0.346, 0.052,-1.970;
0.923,0.138,0.103,0.138,0.103, 0.134, 0.089, 2.284,0.000,0.000,0.000, 0.345, 0.054,-1.970;
0.935,0.138,0.102,0.138,0.102, 0.134, 0.089, 2.284,0.000,0.000,0.000, 0.345, 0.056,-1.970;
0.946,0.139,0.101,0.139,0.101, 0.134, 0.089, 2.284,0.000,0.000,0.000, 0.344, 0.058,-1.970;
0.968,0.140,0.100,0.140,0.100, 0.134, 0.089, 2.284,0.000,0.000,0.000, 0.343, 0.061,-1.970;
0.980,0.140,0.099,0.140,0.099, 0.134, 0.089, 2.284,0.000,0.000,0.000, 0.342, 0.063,-1.970;
0.992,0.141,0.098,0.141,0.098, 0.134, 0.089, 2.284,0.000,0.000,0.000, 0.342, 0.065,-1.970;
1.004,0.141,0.097,0.141,0.097, 0.134, 0.089, 2.284,0.000,0.000,0.000, 0.341, 0.066,-1.970;
1.016,0.141,0.096,0.141,0.096, 0.134, 0.089, 2.284,0.000,0.000,0.000, 0.341, 0.068,-1.970;
1.028,0.142,0.095,0.142,0.095, 0.134, 0.089, 2.284,0.000,0.000,0.000, 0.340, 0.070,-1.970;
1.042,0.142,0.094,0.142,0.094, 0.134, 0.089, 2.284,0.000,0.000,0.000, 0.339, 0.072,-1.970;
1.054,0.143,0.094,0.143,0.094, 0.134, 0.089, 2.284,0.000,0.000,0.000, 0.339, 0.074,-1.970;
1.065,0.162,0.105,0.162,0.105, 0.134, 0.089, 2.275,0.000,0.000,-0.867, 0.338, 0.075,-1.961;
1.077,0.144,0.092,0.144,0.092, 0.134, 0.089, 2.284,0.000,0.000,0.791, 0.338, 0.077,-1.970;
1.090,0.144,0.091,0.144,0.091, 0.134, 0.089, 2.284,0.000,0.000,0.000, 0.337, 0.079,-1.970;
1.094,0.144,0.091,0.144,0.091, 0.134, 0.089, 2.284,0.000,0.000,0.000, 0.337, 0.080,-1.970;
1.105,0.163,0.102,0.163,0.102, 0.134, 0.089, 2.275,0.000,0.000,-0.851, 0.336, 0.081,-1.961;
1.127,0.145,0.088,0.145,0.088, 0.134, 0.089, 2.284,0.000,0.000,0.430, 0.335, 0.085,-1.970;
1.139,0.146,0.087,0.146,0.087, 0.134, 0.089, 2.284,0.000,0.000,0.000, 0.334, 0.086,-1.970;
1.151,0.146,0.087,0.146,0.087, 0.134, 0.089, 2.284,0.000,0.000,0.000, 0.334, 0.088,-1.970;
1.164,0.166,0.097,0.166,0.097, 0.134, 0.089, 2.275,0.000,0.000,-0.728, 0.333, 0.090,-1.961;
1.176,0.147,0.085,0.147,0.085, 0.134, 0.089, 2.284,0.000,0.000,0.817, 0.332, 0.092,-1.970;
1.187,0.147,0.084,0.147,0.084, 0.134, 0.089, 2.284,0.000,0.000,0.000, 0.332, 0.093,-1.970;
1.192,0.147,0.084,0.147,0.084, 0.134, 0.089, 2.284,0.000,0.000,0.000, 0.331, 0.094,-1.970;
1.203,0.148,0.083,0.148,0.083, 0.134, 0.089, 2.284,0.000,0.000,0.000, 0.331, 0.096,-1.970;
1.225,0.148,0.081,0.148,0.081, 0.134, 0.089, 2.284,0.000,0.000,0.000, 0.329, 0.099,-1.970;
1.238,0.149,0.080,0.149,0.080, 0.134, 0.089, 2.284,0.000,0.000,0.000, 0.329, 0.101,-1.970;
1.250,0.149,0.079,0.149,0.079, 0.134, 0.089, 2.284,0.000,0.000,0.000, 0.328, 0.103,-1.970;
1.253,0.169,0.090,0.169,0.090, 0.134, 0.089, 2.275,0.000,0.000,-2.961, 0.328, 0.103,-1.961;
1.264,0.169,0.089,0.169,0.089, 0.134, 0.089, 2.275,0.000,0.000,0.000, 0.327, 0.105,-1.961;
1.285,0.150,0.077,0.150,0.077, 0.134, 0.089, 2.284,0.000,0.000,0.444, 0.326, 0.108,-1.970;
1.297,0.151,0.076,0.151,0.076, 0.134, 0.089, 2.284,0.000,0.000,0.000, 0.325, 0.109,-1.970;
1.308,0.151,0.075,0.151,0.075, 0.134, 0.089, 2.284,0.000,0.000,0.000, 0.324, 0.111,-1.970;
1.320,0.151,0.074,0.151,0.074, 0.134, 0.089, 2.284,0.000,0.000,0.000, 0.324, 0.113,-1.970;
1.331,0.152,0.073,0.152,0.073, 0.134, 0.089, 2.284,0.000,0.000,0.000, 0.323, 0.114,-1.970;
1.342,0.152,0.073,0.152,0.073, 0.134, 0.089, 2.284,0.000,0.000,0.000, 0.322, 0.116,-1.970;
1.353,0.152,0.072,0.152,0.072, 0.134, 0.089, 2.284,0.000,0.000,0.000, 0.321, 0.117,-1.970;
1.364,0.152,0.071,0.152,0.071, 0.134, 0.089, 2.284,0.000,0.000,0.000, 0.321, 0.119,-1.970;
1.375,0.153,0.070,0.153,0.070, 0.134, 0.089, 2.284,0.000,0.000,0.000, 0.320, 0.121,-1.970;
1.386,0.153,0.069,0.153,0.069, 0.134, 0.089, 2.284,0.000,0.000,0.000, 0.319, 0.122,-1.970;
1.407,0.154,0.068,0.154,0.068, 0.134, 0.089, 2.284,0.000,0.000,0.000, 0.318, 0.125,-1.970;
1.419,0.154,0.067,0.154,0.067, 0.134, 0.089, 2.284,0.000,0.000,0.000, 0.317, 0.127,-1.970;
1.430,0.154,0.066,0.154,0.066, 0.134, 0.089, 2.284,0.000,0.000,0.000, 0.316, 0.128,-1.970;
1.441,0.155,0.065,0.155,0.065, 0.134, 0.089, 2.284,0.000,0.000,0.000, 0.316, 0.130,-1.970;
1.452,0.155,0.064,0.155,0.064, 0.134, 0.089, 2.284,0.000,0.000,0.000, 0.315, 0.132,-1.970;
1.463,0.155,0.064,0.155,0.064, 0.134, 0.089, 2.284,0.000,0.000,0.000, 0.314, 0.133,-1.970;
1.474,0.155,0.063,0.155,0.063, 0.134, 0.089, 2.284,0.000,0.000,0.000, 0.313, 0.135,-1.970;
1.485,0.156,0.062,0.156,0.062, 0.134, 0.089, 2.284,0.000,0.000,0.000, 0.313, 0.136,-1.970;
1.497,0.156,0.061,0.156,0.061, 0.134, 0.089, 2.284,0.000,0.000,0.000, 0.312, 0.138,-1.970;
1.518,0.156,0.059,0.156,0.059, 0.134, 0.089, 2.284,0.000,0.000,0.000, 0.310, 0.141,-1.970;
1.530,0.177,0.066,0.177,0.066, 0.134, 0.089, 2.275,0.000,0.000,-0.766, 0.309, 0.142,-1.961;
1.542,0.157,0.058,0.157,0.058, 0.134, 0.089, 2.284,0.000,0.000,0.792, 0.308, 0.144,-1.970;
1.554,0.157,0.057,0.157,0.057, 0.134, 0.089, 2.284,0.000,0.000,0.000, 0.308, 0.146,-1.970;
1.566,0.158,0.056,0.158,0.056, 0.134, 0.089, 2.284,0.000,0.000,0.000, 0.307, 0.147,-1.970;
1.578,0.158,0.055,0.158,0.055, 0.134, 0.089, 2.284,0.000,0.000,0.000, 0.306, 0.149,-1.970;
1.590,0.158,0.054,0.158,0.054, 0.134, 0.089, 2.284,0.000,0.000,0.000, 0.305, 0.151,-1.970;
1.602,0.179,0.060,0.179,0.060, 0.134, 0.089, 2.275,0.000,0.000,-0.790, 0.304, 0.152,-1.961;
1.614,0.159,0.052,0.159,0.052, 0.134, 0.089, 2.284,0.000,0.000,0.792, 0.303, 0.154,-1.970;
1.625,0.159,0.051,0.159,0.051, 0.134, 0.089, 2.284,0.000,0.000,0.000, 0.302, 0.156,-1.970;
1.637,0.180,0.057,0.180,0.057, 0.134, 0.089, 2.275,0.000,0.000,-0.791, 0.301, 0.157,-1.961;
1.649,0.159,0.050,0.159,0.050, 0.134, 0.089, 2.284,0.000,0.000,0.789, 0.300, 0.159,-1.970;
1.662,0.160,0.049,0.160,0.049, 0.134, 0.089, 2.284,0.000,0.000,0.000, 0.299, 0.161,-1.970;
1.669,0.160,0.048,0.160,0.048, 0.134, 0.089, 2.284,0.000,0.000,0.000, 0.299, 0.162,-1.970;
1.680,0.181,0.053,0.181,0.053, 0.134, 0.089, 2.275,0.000,0.000,-0.851, 0.298, 0.163,-1.961;
1.704,0.160,0.045,0.160,0.045, 0.134, 0.089, 2.284,0.000,0.000,0.397, 0.296, 0.166,-1.970;
1.709,0.161,0.045,0.161,0.045, 0.134, 0.089, 2.284,0.000,0.000,0.000, 0.296, 0.167,-1.970;
1.719,0.161,0.044,0.161,0.044, 0.134, 0.089, 2.284,0.000,0.000,0.000, 0.295, 0.168,-1.970;
1.730,0.182,0.049,0.182,0.049, 0.134, 0.089, 2.275,0.000,0.000,-0.835, 0.294, 0.170,-1.961;
1.742,0.161,0.042,0.161,0.042, 0.134, 0.089, 2.284,0.000,0.000,0.817, 0.293, 0.171,-1.970;
1.763,0.183,0.046,0.183,0.046, 0.134, 0.089, 2.275,0.000,0.000,-0.430, 0.291, 0.174,-1.961;
1.766,0.183,0.046,0.183,0.046, 0.134, 0.089, 2.275,0.000,0.000,0.000, 0.291, 0.175,-1.961;
1.778,0.183,0.045,0.183,0.045, 0.134, 0.089, 2.275,0.000,0.000,0.000, 0.290, 0.176,-1.961;
1.799,0.162,0.038,0.162,0.038, 0.134, 0.089, 2.284,0.000,0.000,0.433, 0.288, 0.179,-1.970;
1.811,0.162,0.037,0.162,0.037, 0.134, 0.089, 2.284,0.000,0.000,0.000, 0.287, 0.181,-1.970;
1.824,0.163,0.036,0.163,0.036, 0.134, 0.089, 2.284,0.000,0.000,0.000, 0.286, 0.182,-1.970;
1.836,0.163,0.035,0.163,0.035, 0.134, 0.089, 2.284,0.000,0.000,0.000, 0.285, 0.184,-1.970;
1.848,0.163,0.034,0.163,0.034, 0.134, 0.089, 2.284,0.000,0.000,0.000, 0.284, 0.185,-1.970;
1.860,0.163,0.033,0.163,0.033, 0.134, 0.089, 2.284,0.000,0.000,0.000, 0.283, 0.187,-1.970;
1.873,0.163,0.032,0.163,0.032, 0.134, 0.089, 2.284,0.000,0.000,0.000, 0.282, 0.189,-1.970;
1.877,0.164,0.032,0.164,0.032, 0.134, 0.089, 2.284,0.000,0.000,0.000, 0.282, 0.189,-1.970;
1.888,0.185,0.035,0.185,0.035, 0.134, 0.089, 2.275,0.000,0.000,-0.829, 0.281, 0.191,-1.961;
1.910,0.164,0.029,0.164,0.029, 0.134, 0.089, 2.284,0.000,0.000,0.435, 0.279, 0.194,-1.970;
1.922,0.164,0.029,0.164,0.029, 0.134, 0.089, 2.284,0.000,0.000,0.000, 0.278, 0.195,-1.970;
1.933,0.164,0.028,0.164,0.028, 0.134, 0.089, 2.284,0.000,0.000,0.000, 0.277, 0.197,-1.970;
1.945,0.186,0.030,0.186,0.030, 0.134, 0.089, 2.275,0.000,0.000,-0.821, 0.275, 0.198,-1.961;
1.957,0.165,0.026,0.165,0.026, 0.134, 0.089, 2.284,0.000,0.000,0.771, 0.274, 0.200,-1.970;
1.970,0.165,0.025,0.165,0.025, 0.134, 0.089, 2.284,0.000,0.000,0.000, 0.273, 0.201,-1.970;
1.982,0.165,0.024,0.165,0.024, 0.134, 0.089, 2.284,0.000,0.000,0.000, 0.272, 0.203,-1.970;
1.987,0.165,0.023,0.165,0.023, 0.134, 0.089, 2.284,0.000,0.000,0.000, 0.272, 0.203,-1.970;
2.007,0.165,0.022,0.165,0.022, 0.134, 0.089, 2.284,0.000,0.000,0.000, 0.270, 0.206,-1.970;
2.018,0.165,0.021,0.165,0.021, 0.134, 0.089, 2.284,0.000,0.000,0.000, 0.269, 0.207,-1.970;
2.030,0.187,0.023,0.187,0.023, 0.134, 0.089, 2.275,0.000,0.000,-0.807, 0.268, 0.209,-1.961;
2.041,0.187,0.022,0.187,0.022, 0.134, 0.089, 2.275,0.000,0.000,0.000, 0.267, 0.210,-1.961;
2.053,0.166,0.018,0.166,0.018, 0.134, 0.089, 2.284,0.000,0.000,0.841, 0.266, 0.212,-1.970;
2.064,0.166,0.017,0.166,0.017, 0.134, 0.089, 2.284,0.000,0.000,0.000, 0.264, 0.213,-1.970;
2.076,0.188,0.019,0.188,0.019, 0.134, 0.089, 2.275,0.000,0.000,-0.810, 0.263, 0.215,-1.961;
2.087,0.166,0.016,0.166,0.016, 0.134, 0.089, 2.284,0.000,0.000,0.853, 0.262, 0.216,-1.970;
2.098,0.188,0.017,0.188,0.017, 0.134, 0.089, 2.275,0.000,0.000,-0.868, 0.261, 0.217,-1.961;
2.110,0.166,0.014,0.166,0.014, 0.134, 0.089, 2.284,0.000,0.000,0.783, 0.260, 0.219,-1.970;
2.121,0.188,0.015,0.188,0.015, 0.134, 0.089, 2.275,0.000,0.000,-0.848, 0.259, 0.220,-1.961;
2.142,0.167,0.011,0.167,0.011, 0.134, 0.089, 2.284,0.000,0.000,0.443, 0.257, 0.223,-1.970;
2.153,0.189,0.012,0.189,0.012, 0.134, 0.089, 2.275,0.000,0.000,-0.845, 0.256, 0.224,-1.961;
2.164,0.167,0.010,0.167,0.010, 0.134, 0.089, 2.284,0.000,0.000,0.843, 0.255, 0.226,-1.970;
2.176,0.167,0.009,0.167,0.009, 0.134, 0.089, 2.284,0.000,0.000,0.000, 0.254, 0.227,-1.970;
2.187,0.167,0.008,0.167,0.008, 0.134, 0.089, 2.284,0.000,0.000,0.000, 0.253, 0.228,-1.970;
2.199,0.167,0.007,0.167,0.007, 0.134, 0.089, 2.284,0.000,0.000,0.000, 0.251, 0.230,-1.970;
2.210,0.167,0.006,0.167,0.006, 0.134, 0.089, 2.284,0.000,0.000,0.000, 0.250, 0.231,-1.970;
2.222,0.167,0.005,0.167,0.005, 0.134, 0.089, 2.284,0.000,0.000,0.000, 0.249, 0.233,-1.970;
2.233,0.189,0.005,0.189,0.005, 0.134, 0.089, 2.275,0.000,0.000,-0.805, 0.248, 0.234,-1.961;
2.245,0.168,0.003,0.168,0.003, 0.134, 0.089, 2.284,0.000,0.000,0.845, 0.247, 0.235,-1.970;
2.257,0.168,0.002,0.168,0.002, 0.134, 0.089, 2.284,0.000,0.000,0.000, 0.245, 0.237,-1.970;
2.268,0.168,0.001,0.168,0.001, 0.134, 0.089, 2.284,0.000,0.000,0.000, 0.244, 0.238,-1.970;
2.280,0.168,0.000,0.168,0.000, 0.134, 0.089, 2.284,0.000,0.000,0.000, 0.243, 0.240,-1.970;
2.291,0.168,-0.000,0.168,-0.000, 0.134, 0.089, 2.284,0.000,0.000,0.000, 0.242, 0.241,-1.970;
2.313,0.168,-0.002,0.168,-0.002, 0.134, 0.089, 2.284,0.000,0.000,0.000, 0.240, 0.243,-1.970;
2.326,0.168,-0.003,0.168,-0.003, 0.134, 0.089, 2.284,0.000,0.000,0.000, 0.238, 0.245,-1.970;
2.339,0.168,-0.004,0.168,-0.004, 0.134, 0.089, 2.284,0.000,0.000,0.000, 0.237, 0.246,-1.970;
2.343,0.190,-0.005,0.190,-0.005, 0.134, 0.089, 2.275,0.000,0.000,-2.197, 0.236, 0.247,-1.961;
2.353,0.190,-0.006,0.190,-0.006, 0.134, 0.089, 2.275,0.000,0.000,0.000, 0.235, 0.248,-1.961;
2.364,0.168,-0.006,0.168,-0.006, 0.134, 0.089, 2.284,0.000,0.000,0.819, 0.234, 0.249,-1.970;
2.386,0.168,-0.008,0.168,-0.008, 0.134, 0.089, 2.284,0.000,0.000,0.000, 0.232, 0.252,-1.970;
2.399,0.168,-0.009,0.168,-0.009, 0.134, 0.089, 2.284,0.000,0.000,0.000, 0.231, 0.253,-1.970;
2.411,0.168,-0.010,0.168,-0.010, 0.134, 0.089, 2.284,0.000,0.000,0.000, 0.229, 0.255,-1.970;
2.422,0.190,-0.012,0.190,-0.012, 0.134, 0.089, 2.275,0.000,0.000,-0.837, 0.228, 0.256,-1.961;
2.434,0.190,-0.013,0.190,-0.013, 0.134, 0.089, 2.275,0.000,0.000,0.000, 0.227, 0.257,-1.961;
2.445,0.168,-0.013,0.168,-0.013, 0.134, 0.089, 2.284,0.000,0.000,0.819, 0.226, 0.259,-1.970;
2.457,0.168,-0.014,0.168,-0.014, 0.134, 0.089, 2.284,0.000,0.000,0.000, 0.224, 0.260,-1.970;
2.469,0.190,-0.016,0.190,-0.016, 0.134, 0.089, 2.275,0.000,0.000,-0.785, 0.223, 0.261,-1.961;
2.483,0.168,-0.016,0.168,-0.016, 0.134, 0.089, 2.284,0.000,0.000,0.686, 0.221, 0.263,-1.970;
2.495,0.190,-0.019,0.190,-0.019, 0.134, 0.089, 2.275,0.000,0.000,-0.773, 0.220, 0.264,-1.961;
2.507,0.168,-0.018,0.168,-0.018, 0.134, 0.089, 2.284,0.000,0.000,0.758, 0.219, 0.266,-1.970;
2.520,0.190,-0.021,0.190,-0.021, 0.134, 0.089, 2.275,0.000,0.000,-0.764, 0.217, 0.267,-1.961;
2.532,0.190,-0.022,0.190,-0.022, 0.134, 0.089, 2.275,0.000,0.000,0.000, 0.216, 0.268,-1.961;
2.544,0.168,-0.020,0.168,-0.020, 0.134, 0.089, 2.284,0.000,0.000,0.759, 0.215, 0.270,-1.970;
2.555,0.168,-0.021,0.168,-0.021, 0.134, 0.089, 2.284,0.000,0.000,0.000, 0.213, 0.271,-1.970;
2.567,0.190,-0.025,0.190,-0.025, 0.134, 0.089, 2.275,0.000,0.000,-0.804, 0.212, 0.272,-1.961;
2.578,0.168,-0.023,0.168,-0.023, 0.134, 0.089, 2.284,0.000,0.000,0.801, 0.211, 0.273,-1.970;
2.591,0.168,-0.024,0.168,-0.024, 0.134, 0.089, 2.284,0.000,0.000,0.000, 0.209, 0.275,-1.970;
2.605,0.168,-0.025,0.168,-0.025, 0.134, 0.089, 2.284,0.000,0.000,0.000, 0.208, 0.276,-1.970;
2.617,0.168,-0.026,0.168,-0.026, 0.134, 0.089, 2.284,0.000,0.000,0.000, 0.206, 0.277,-1.970;
2.628,0.190,-0.031,0.190,-0.031, 0.134, 0.089, 2.275,0.000,0.000,-0.816, 0.205, 0.279,-1.961;
2.640,0.168,-0.028,0.168,-0.028, 0.134, 0.089, 2.284,0.000,0.000,0.801, 0.204, 0.280,-1.970;
2.652,0.168,-0.029,0.168,-0.029, 0.134, 0.089, 2.284,0.000,0.000,0.000, 0.202, 0.281,-1.970;
2.664,0.168,-0.030,0.168,-0.030, 0.134, 0.089, 2.284,0.000,0.000,0.000, 0.201, 0.283,-1.970;
2.677,0.168,-0.031,0.168,-0.031, 0.134, 0.089, 2.284,0.000,0.000,0.000, 0.199, 0.284,-1.970;
2.689,0.168,-0.032,0.168,-0.032, 0.134, 0.089, 2.284,0.000,0.000,0.000, 0.198, 0.285,-1.970;
2.701,0.190,-0.037,0.190,-0.037, 0.134, 0.089, 2.275,0.000,0.000,-0.775, 0.196, 0.286,-1.961;
2.713,0.168,-0.034,0.168,-0.034, 0.134, 0.089, 2.284,0.000,0.000,0.805, 0.195, 0.288,-1.970;
2.724,0.168,-0.035,0.168,-0.035, 0.134, 0.089, 2.284,0.000,0.000,0.000, 0.194, 0.289,-1.970;
2.737,0.168,-0.036,0.168,-0.036, 0.134, 0.089, 2.284,0.000,0.000,0.000, 0.192, 0.290,-1.970;
2.749,0.189,-0.041,0.189,-0.041, 0.134, 0.089, 2.275,0.000,0.000,-0.812, 0.191, 0.291,-1.961;
2.760,0.167,-0.037,0.167,-0.037, 0.134, 0.089, 2.284,0.000,0.000,0.844, 0.190, 0.292,-1.970;
2.771,0.189,-0.043,0.189,-0.043, 0.134, 0.089, 2.275,0.000,0.000,-0.848, 0.188, 0.294,-1.961;
2.782,0.167,-0.039,0.167,-0.039, 0.134, 0.089, 2.284,0.000,0.000,0.844, 0.187, 0.295,-1.970;
2.793,0.189,-0.045,0.189,-0.045, 0.134, 0.089, 2.275,0.000,0.000,-0.830, 0.185, 0.296,-1.961;
2.805,0.189,-0.046,0.189,-0.046, 0.134, 0.089, 2.275,0.000,0.000,0.000, 0.184, 0.297,-1.961;
2.827,0.167,-0.043,0.167,-0.043, 0.134, 0.089, 2.284,0.000,0.000,0.433, 0.181, 0.299,-1.970;
2.830,0.189,-0.049,0.189,-0.049, 0.134, 0.089, 2.275,0.000,0.000,-2.862, 0.181, 0.299,-1.961;
2.841,0.167,-0.044,0.167,-0.044, 0.134, 0.089, 2.284,0.000,0.000,0.827, 0.180, 0.301,-1.970;
2.863,0.188,-0.052,0.188,-0.052, 0.134, 0.089, 2.275,0.000,0.000,-0.432, 0.177, 0.303,-1.961;
2.876,0.167,-0.047,0.167,-0.047, 0.134, 0.089, 2.284,0.000,0.000,0.761, 0.175, 0.304,-1.970;
2.888,0.166,-0.048,0.166,-0.048, 0.134, 0.089, 2.284,0.000,0.000,0.000, 0.174, 0.305,-1.970;
2.891,0.166,-0.048,0.166,-0.048, 0.134, 0.089, 2.284,0.000,0.000,0.000, 0.174, 0.305,-1.970;
2.913,0.188,-0.056,0.188,-0.056, 0.134, 0.089, 2.275,0.000,0.000,-0.436, 0.171, 0.308,-1.961;
2.918,0.188,-0.056,0.188,-0.056, 0.134, 0.089, 2.275,0.000,0.000,0.000, 0.170, 0.308,-1.961;
2.928,0.166,-0.051,0.166,-0.051, 0.134, 0.089, 2.284,0.000,0.000,0.912, 0.169, 0.309,-1.970;
2.939,0.166,-0.052,0.166,-0.052, 0.134, 0.089, 2.284,0.000,0.000,0.000, 0.168, 0.310,-1.970;
2.962,0.166,-0.053,0.166,-0.053, 0.134, 0.089, 2.284,0.000,0.000,0.000, 0.165, 0.312,-1.970;
2.965,0.166,-0.054,0.166,-0.054, 0.134, 0.089, 2.284,0.000,0.000,0.000, 0.164, 0.312,-1.970;
2.976,0.166,-0.054,0.166,-0.054, 0.134, 0.089, 2.284,0.000,0.000,0.000, 0.163, 0.314,-1.970;
2.998,0.187,-0.064,0.187,-0.064, 0.134, 0.089, 2.275,0.000,0.000,-0.428, 0.160, 0.316,-1.961;
3.002,0.165,-0.056,0.165,-0.056, 0.134, 0.089, 2.284,0.000,0.000,2.602, 0.160, 0.316,-1.970;
3.013,0.165,-0.057,0.165,-0.057, 0.134, 0.089, 2.284,0.000,0.000,0.000, 0.158, 0.317,-1.970;
3.035,0.165,-0.059,0.165,-0.059, 0.134, 0.089, 2.284,0.000,0.000,0.000, 0.155, 0.319,-1.970;
3.038,0.186,-0.067,0.186,-0.067, 0.134, 0.089, 2.275,0.000,0.000,-3.504, 0.155, 0.319,-1.961;
3.049,0.165,-0.060,0.165,-0.060, 0.134, 0.089, 2.284,0.000,0.000,0.802, 0.154, 0.320,-1.970;
3.071,0.186,-0.070,0.186,-0.070, 0.134, 0.089, 2.275,0.000,0.000,-0.440, 0.151, 0.322,-1.961;
3.083,0.164,-0.063,0.164,-0.063, 0.134, 0.089, 2.284,0.000,0.000,0.799, 0.149, 0.323,-1.970;
3.095,0.185,-0.072,0.185,-0.072, 0.134, 0.089, 2.275,0.000,0.000,-0.773, 0.148, 0.324,-1.961;
3.108,0.164,-0.065,0.164,-0.065, 0.134, 0.089, 2.284,0.000,0.000,0.743, 0.146, 0.325,-1.970;
3.111,0.164,-0.065,0.164,-0.065, 0.134, 0.089, 2.284,0.000,0.000,0.000, 0.146, 0.326,-1.970;
3.123,0.164,-0.066,0.164,-0.066, 0.134, 0.089, 2.284,0.000,0.000,0.000, 0.144, 0.327,-1.970;
3.145,0.184,-0.076,0.184,-0.076, 0.134, 0.089, 2.275,0.000,0.000,-0.425, 0.141, 0.329,-1.961;
3.149,0.163,-0.068,0.163,-0.068, 0.134, 0.089, 2.284,0.000,0.000,2.273, 0.141, 0.329,-1.970;
3.160,0.163,-0.069,0.163,-0.069, 0.134, 0.089, 2.284,0.000,0.000,0.000, 0.139, 0.330,-1.970;
3.172,0.184,-0.079,0.184,-0.079, 0.134, 0.089, 2.275,0.000,0.000,-0.820, 0.138, 0.331,-1.961;
3.194,0.162,-0.071,0.162,-0.071, 0.134, 0.089, 2.284,0.000,0.000,0.425, 0.135, 0.333,-1.970;
3.208,0.162,-0.072,0.162,-0.072, 0.134, 0.089, 2.284,0.000,0.000,0.000, 0.133, 0.334,-1.970;
3.213,0.162,-0.073,0.162,-0.073, 0.134, 0.089, 2.284,0.000,0.000,0.000, 0.132, 0.334,-1.970;
3.223,0.162,-0.074,0.162,-0.074, 0.134, 0.089, 2.284,0.000,0.000,0.000, 0.131, 0.335,-1.970;
3.234,0.162,-0.075,0.162,-0.075, 0.134, 0.089, 2.284,0.000,0.000,0.000, 0.129, 0.336,-1.970;
3.245,0.182,-0.085,0.182,-0.085, 0.134, 0.089, 2.275,0.000,0.000,-0.841, 0.128, 0.337,-1.961;
3.267,0.161,-0.077,0.161,-0.077, 0.134, 0.089, 2.284,0.000,0.000,0.441, 0.125, 0.339,-1.970;
3.279,0.161,-0.078,0.161,-0.078, 0.134, 0.089, 2.284,0.000,0.000,0.000, 0.123, 0.340,-1.970;
3.291,0.161,-0.079,0.161,-0.079, 0.134, 0.089, 2.284,0.000,0.000,0.000, 0.122, 0.341,-1.970;
3.304,0.181,-0.090,0.181,-0.090, 0.134, 0.089, 2.275,0.000,0.000,-0.722, 0.120, 0.342,-1.961;
3.308,0.181,-0.091,0.181,-0.091, 0.134, 0.089, 2.275,0.000,0.000,0.000, 0.119, 0.342,-1.961;
3.319,0.160,-0.081,0.160,-0.081, 0.134, 0.089, 2.284,0.000,0.000,0.842, 0.118, 0.343,-1.970;
3.340,0.160,-0.083,0.160,-0.083, 0.134, 0.089, 2.284,0.000,0.000,0.000, 0.115, 0.345,-1.970;
3.353,0.159,-0.084,0.159,-0.084, 0.134, 0.089, 2.284,0.000,0.000,0.000, 0.113, 0.346,-1.970;
3.365,0.159,-0.085,0.159,-0.085, 0.134, 0.089, 2.284,0.000,0.000,0.000, 0.112, 0.347,-1.970;
3.368,0.159,-0.085,0.159,-0.085, 0.134, 0.089, 2.284,0.000,0.000,0.000, 0.111, 0.347,-1.970;
3.379,0.159,-0.086,0.159,-0.086, 0.134, 0.089, 2.284,0.000,0.000,0.000, 0.110, 0.348,-1.970;
3.402,0.158,-0.087,0.158,-0.087, 0.134, 0.089, 2.284,0.000,0.000,0.000, 0.107, 0.349,-1.970;
3.406,0.158,-0.088,0.158,-0.088, 0.134, 0.089, 2.284,0.000,0.000,0.000, 0.106, 0.350,-1.970;
3.417,0.158,-0.088,0.158,-0.088, 0.134, 0.089, 2.284,0.000,0.000,0.000, 0.105, 0.351,-1.970;
3.428,0.178,-0.101,0.178,-0.101, 0.134, 0.089, 2.275,0.000,0.000,-0.836, 0.103, 0.351,-1.961;
3.450,0.157,-0.091,0.157,-0.091, 0.134, 0.089, 2.284,0.000,0.000,0.424, 0.100, 0.353,-1.970;
3.462,0.177,-0.104,0.177,-0.104, 0.134, 0.089, 2.275,0.000,0.000,-0.803, 0.098, 0.354,-1.961;
3.474,0.157,-0.093,0.157,-0.093, 0.134, 0.089, 2.284,0.000,0.000,0.813, 0.097, 0.355,-1.970;
3.485,0.156,-0.094,0.156,-0.094, 0.134, 0.089, 2.284,0.000,0.000,0.000, 0.095, 0.356,-1.970;
3.496,0.156,-0.094,0.156,-0.094, 0.134, 0.089, 2.284,0.000,0.000,0.000, 0.094, 0.356,-1.970;
3.507,0.156,-0.095,0.156,-0.095, 0.134, 0.089, 2.284,0.000,0.000,0.000, 0.092, 0.357,-1.970;
3.518,0.156,-0.096,0.156,-0.096, 0.134, 0.089, 2.284,0.000,0.000,0.000, 0.090, 0.358,-1.970;
3.529,0.176,-0.110,0.176,-0.110, 0.134, 0.089, 2.275,0.000,0.000,-0.858, 0.089, 0.359,-1.961;
3.540,0.155,-0.098,0.155,-0.098, 0.134, 0.089, 2.284,0.000,0.000,0.863, 0.087, 0.360,-1.970;
3.551,0.155,-0.099,0.155,-0.099, 0.134, 0.089, 2.284,0.000,0.000,0.000, 0.086, 0.360,-1.970;
3.572,0.154,-0.100,0.154,-0.100, 0.134, 0.089, 2.284,0.000,0.000,0.000, 0.083, 0.362,-1.970;
3.583,0.154,-0.101,0.154,-0.101, 0.134, 0.089, 2.284,0.000,0.000,0.000, 0.081, 0.363,-1.970;
3.595,0.154,-0.102,0.154,-0.102, 0.134, 0.089, 2.284,0.000,0.000,0.000, 0.080, 0.363,-1.970;
3.606,0.153,-0.103,0.153,-0.103, 0.134, 0.089, 2.284,0.000,0.000,0.000, 0.078, 0.364,-1.970;
3.618,0.173,-0.117,0.173,-0.117, 0.134, 0.089, 2.275,0.000,0.000,-0.837, 0.076, 0.365,-1.961;
3.629,0.153,-0.104,0.153,-0.104, 0.134, 0.089, 2.284,0.000,0.000,0.812, 0.075, 0.366,-1.970;
3.641,0.152,-0.105,0.152,-0.105, 0.134, 0.089, 2.284,0.000,0.000,0.000, 0.073, 0.366,-1.970;
3.653,0.152,-0.106,0.152,-0.106, 0.134, 0.089, 2.284,0.000,0.000,0.000, 0.071, 0.367,-1.970;
3.664,0.171,-0.121,0.171,-0.121, 0.134, 0.089, 2.275,0.000,0.000,-0.861, 0.070, 0.368,-1.961;
3.675,0.171,-0.122,0.171,-0.122, 0.134, 0.089, 2.275,0.000,0.000,0.000, 0.068, 0.369,-1.961;
3.686,0.151,-0.109,0.151,-0.109, 0.134, 0.089, 2.284,0.000,0.000,0.849, 0.067, 0.369,-1.970;
3.707,0.150,-0.110,0.150,-0.110, 0.134, 0.089, 2.284,0.000,0.000,0.000, 0.064, 0.371,-1.970;
3.719,0.150,-0.111,0.150,-0.111, 0.134, 0.089, 2.284,0.000,0.000,0.000, 0.062, 0.371,-1.970;
3.732,0.150,-0.112,0.150,-0.112, 0.134, 0.089, 2.284,0.000,0.000,0.000, 0.060, 0.372,-1.970;
3.744,0.149,-0.113,0.149,-0.113, 0.134, 0.089, 2.284,0.000,0.000,0.000, 0.058, 0.373,-1.970;
3.756,0.168,-0.129,0.168,-0.129, 0.134, 0.089, 2.275,0.000,0.000,-0.794, 0.056, 0.374,-1.961;
3.767,0.149,-0.115,0.149,-0.115, 0.134, 0.089, 2.284,0.000,0.000,0.827, 0.055, 0.374,-1.970;
3.779,0.148,-0.115,0.148,-0.115, 0.134, 0.089, 2.284,0.000,0.000,0.000, 0.053, 0.375,-1.970;
3.790,0.148,-0.116,0.148,-0.116, 0.134, 0.089, 2.284,0.000,0.000,0.000, 0.051, 0.376,-1.970;
3.802,0.167,-0.132,0.167,-0.132, 0.134, 0.089, 2.275,0.000,0.000,-0.785, 0.050, 0.376,-1.961;
3.815,0.147,-0.118,0.147,-0.118, 0.134, 0.089, 2.284,0.000,0.000,0.722, 0.048, 0.377,-1.970;
3.828,0.147,-0.119,0.147,-0.119, 0.134, 0.089, 2.284,0.000,0.000,0.000, 0.046, 0.378,-1.970;
3.841,0.146,-0.120,0.146,-0.120, 0.134, 0.089, 2.284,0.000,0.000,0.000, 0.044, 0.378,-1.970;
3.852,0.165,-0.136,0.165,-0.136, 0.134, 0.089, 2.275,0.000,0.000,-0.801, 0.042, 0.379,-1.961;
3.864,0.146,-0.122,0.146,-0.122, 0.134, 0.089, 2.284,0.000,0.000,0.832, 0.041, 0.380,-1.970;
3.875,0.145,-0.122,0.145,-0.122, 0.134, 0.089, 2.284,0.000,0.000,0.000, 0.039, 0.380,-1.970;
3.888,0.145,-0.123,0.145,-0.123, 0.134, 0.089, 2.284,0.000,0.000,0.000, 0.037, 0.381,-1.970;
3.899,0.144,-0.124,0.144,-0.124, 0.134, 0.089, 2.284,0.000,0.000,0.000, 0.035, 0.382,-1.970;
3.913,0.163,-0.141,0.163,-0.141, 0.134, 0.089, 2.275,0.000,0.000,-0.721, 0.033, 0.382,-1.961;
3.925,0.144,-0.126,0.144,-0.126, 0.134, 0.089, 2.284,0.000,0.000,0.776, 0.032, 0.383,-1.970;
3.937,0.143,-0.127,0.143,-0.127, 0.134, 0.089, 2.284,0.000,0.000,0.000, 0.030, 0.384,-1.970;
3.949,0.143,-0.128,0.143,-0.128, 0.134, 0.089, 2.284,0.000,0.000,0.000, 0.028, 0.384,-1.970;
3.961,0.161,-0.145,0.161,-0.145, 0.134, 0.089, 2.275,0.000,0.000,-0.789, 0.026, 0.385,-1.961;
3.973,0.142,-0.129,0.142,-0.129, 0.134, 0.089, 2.284,0.000,0.000,0.757, 0.024, 0.385,-1.970;
3.985,0.160,-0.147,0.160,-0.147, 0.134, 0.089, 2.275,0.000,0.000,-0.812, 0.023, 0.386,-1.961;
3.999,0.141,-0.131,0.141,-0.131, 0.134, 0.089, 2.284,0.000,0.000,0.660, 0.021, 0.387,-1.970;
4.012,0.140,-0.132,0.140,-0.132, 0.134, 0.089, 2.284,0.000,0.000,0.000, 0.019, 0.387,-1.970;
4.024,0.140,-0.133,0.140,-0.133, 0.134, 0.089, 2.284,0.000,0.000,0.000, 0.017, 0.388,-1.970;
4.036,0.140,-0.134,0.140,-0.134, 0.134, 0.089, 2.284,0.000,0.000,0.000, 0.015, 0.388,-1.970;
4.047,0.139,-0.135,0.139,-0.135, 0.134, 0.089, 2.284,0.000,0.000,0.000, 0.013, 0.389,-1.970;
4.060,0.157,-0.153,0.157,-0.153, 0.134, 0.089, 2.275,0.000,0.000,-0.773, 0.012, 0.390,-1.961;
4.072,0.138,-0.136,0.138,-0.136, 0.134, 0.089, 2.284,0.000,0.000,0.789, 0.010, 0.390,-1.970;
4.083,0.138,-0.137,0.138,-0.137, 0.134, 0.089, 2.284,0.000,0.000,0.000, 0.008, 0.391,-1.970;
4.095,0.137,-0.138,0.137,-0.138, 0.134, 0.089, 2.284,0.000,0.000,0.000, 0.006, 0.391,-1.970;
4.108,0.137,-0.139,0.137,-0.139, 0.134, 0.089, 2.284,0.000,0.000,0.000, 0.004, 0.392,-1.970;
4.121,0.136,-0.140,0.136,-0.140, 0.134, 0.089, 2.284,0.000,0.000,0.000, 0.002, 0.392,-1.970;
4.133,0.136,-0.141,0.136,-0.141, 0.134, 0.089, 2.284,0.000,0.000,0.000, 0.000, 0.393,-1.970;
4.146,0.135,-0.141,0.135,-0.141, 0.134, 0.089, 2.284,0.000,0.000,0.000,-0.001, 0.393,-1.970;
4.158,0.135,-0.142,0.135,-0.142, 0.134, 0.089, 2.284,0.000,0.000,0.000,-0.003, 0.394,-1.970;
4.171,0.152,-0.162,0.152,-0.162, 0.134, 0.089, 2.275,0.000,0.000,-0.730,-0.005, 0.394,-1.961;
4.175,0.134,-0.143,0.134,-0.143, 0.134, 0.089, 2.284,0.000,0.000,2.227,-0.006, 0.395,-1.970;
4.186,0.134,-0.144,0.134,-0.144, 0.134, 0.089, 2.284,0.000,0.000,0.000,-0.008, 0.395,-1.970;
4.208,0.133,-0.146,0.133,-0.146, 0.134, 0.089, 2.284,0.000,0.000,0.000,-0.011, 0.396,-1.970;
4.220,0.132,-0.146,0.132,-0.146, 0.134, 0.089, 2.284,0.000,0.000,0.000,-0.013, 0.396,-1.970;
4.232,0.132,-0.147,0.132,-0.147, 0.134, 0.089, 2.284,0.000,0.000,0.000,-0.015, 0.397,-1.970;
4.244,0.131,-0.148,0.131,-0.148, 0.134, 0.089, 2.284,0.000,0.000,0.000,-0.016, 0.397,-1.970;
4.256,0.148,-0.168,0.148,-0.168, 0.134, 0.089, 2.275,0.000,0.000,-0.751,-0.018, 0.398,-1.961;
4.269,0.130,-0.150,0.130,-0.150, 0.134, 0.089, 2.284,0.000,0.000,0.745,-0.020, 0.398,-1.970;
4.281,0.130,-0.151,0.130,-0.151, 0.134, 0.089, 2.284,0.000,0.000,0.000,-0.022, 0.399,-1.970;
4.293,0.129,-0.151,0.129,-0.151, 0.134, 0.089, 2.284,0.000,0.000,0.000,-0.024, 0.399,-1.970;
4.305,0.129,-0.152,0.129,-0.152, 0.134, 0.089, 2.284,0.000,0.000,0.000,-0.026, 0.399,-1.970;
4.318,0.128,-0.153,0.128,-0.153, 0.134, 0.089, 2.284,0.000,0.000,0.000,-0.028, 0.400,-1.970;
4.330,0.145,-0.174,0.145,-0.174, 0.134, 0.089, 2.275,0.000,0.000,-0.759,-0.030, 0.400,-1.961;
4.343,0.127,-0.155,0.127,-0.155, 0.134, 0.089, 2.284,0.000,0.000,0.749,-0.032, 0.401,-1.970;
4.354,0.127,-0.155,0.127,-0.155, 0.134, 0.089, 2.284,0.000,0.000,0.000,-0.033, 0.401,-1.970;
4.366,0.126,-0.156,0.126,-0.156, 0.134, 0.089, 2.284,0.000,0.000,0.000,-0.035, 0.401,-1.970;
4.379,0.142,-0.178,0.142,-0.178, 0.134, 0.089, 2.275,0.000,0.000,-0.725,-0.037, 0.402,-1.961;
4.392,0.125,-0.158,0.125,-0.158, 0.134, 0.089, 2.284,0.000,0.000,0.744,-0.039, 0.402,-1.970;
4.404,0.141,-0.179,0.141,-0.179, 0.134, 0.089, 2.275,0.000,0.000,-0.767,-0.041, 0.402,-1.961;
4.407,0.124,-0.159,0.124,-0.159, 0.134, 0.089, 2.284,0.000,0.000,3.580,-0.041, 0.403,-1.970;
4.430,0.123,-0.160,0.123,-0.160, 0.134, 0.089, 2.284,0.000,0.000,0.000,-0.045, 0.403,-1.970;
4.434,0.123,-0.161,0.123,-0.161, 0.134, 0.089, 2.284,0.000,0.000,0.000,-0.046, 0.403,-1.970;
4.444,0.139,-0.182,0.139,-0.182, 0.134, 0.089, 2.275,0.000,0.000,-0.893,-0.047, 0.404,-1.961;
4.455,0.122,-0.162,0.122,-0.162, 0.134, 0.089, 2.284,0.000,0.000,0.826,-0.049, 0.404,-1.970;
4.477,0.121,-0.163,0.121,-0.163, 0.134, 0.089, 2.284,0.000,0.000,0.000,-0.052, 0.404,-1.970;
4.490,0.121,-0.164,0.121,-0.164, 0.134, 0.089, 2.284,0.000,0.000,0.000,-0.054, 0.405,-1.970;
4.501,0.120,-0.165,0.120,-0.165, 0.134, 0.089, 2.284,0.000,0.000,0.000,-0.056, 0.405,-1.970;
4.513,0.120,-0.166,0.120,-0.166, 0.134, 0.089, 2.284,0.000,0.000,0.000,-0.058, 0.405,-1.970;
4.525,0.119,-0.167,0.119,-0.167, 0.134, 0.089, 2.284,0.000,0.000,0.000,-0.060, 0.406,-1.970;
4.538,0.134,-0.189,0.134,-0.189, 0.134, 0.089, 2.275,0.000,0.000,-0.724,-0.062, 0.406,-1.961;
4.550,0.133,-0.190,0.133,-0.190, 0.134, 0.089, 2.275,0.000,0.000,0.000,-0.064, 0.406,-1.961;
4.562,0.133,-0.191,0.133,-0.191, 0.134, 0.089, 2.275,0.000,0.000,0.000,-0.065, 0.406,-1.961;
4.574,0.117,-0.170,0.117,-0.170, 0.134, 0.089, 2.284,0.000,0.000,0.754,-0.067, 0.407,-1.970;
4.587,0.116,-0.170,0.116,-0.170, 0.134, 0.089, 2.284,0.000,0.000,0.000,-0.069, 0.407,-1.970;
4.599,0.116,-0.171,0.116,-0.171, 0.134, 0.089, 2.284,0.000,0.000,0.000,-0.071, 0.407,-1.970;
4.611,0.115,-0.172,0.115,-0.172, 0.134, 0.089, 2.284,0.000,0.000,0.000,-0.073, 0.408,-1.970;
4.624,0.114,-0.173,0.114,-0.173, 0.134, 0.089, 2.284,0.000,0.000,0.000,-0.075, 0.408,-1.970;
4.629,0.114,-0.173,0.114,-0.173, 0.134, 0.089, 2.284,0.000,0.000,0.000,-0.076, 0.408,-1.970;
4.639,0.128,-0.196,0.128,-0.196, 0.134, 0.089, 2.275,0.000,0.000,-0.912,-0.077, 0.408,-1.961;
4.661,0.112,-0.175,0.112,-0.175, 0.134, 0.089, 2.284,0.000,0.000,0.430,-0.081, 0.408,-1.970;
4.673,0.112,-0.176,0.112,-0.176, 0.134, 0.089, 2.284,0.000,0.000,0.000,-0.083, 0.409,-1.970;
4.677,0.112,-0.176,0.112,-0.176, 0.134, 0.089, 2.284,0.000,0.000,0.000,-0.083, 0.409,-1.970;
4.688,0.111,-0.177,0.111,-0.177, 0.134, 0.089, 2.284,0.000,0.000,0.000,-0.085, 0.409,-1.970;
4.710,0.110,-0.178,0.110,-0.178, 0.134, 0.089, 2.284,0.000,0.000,0.000,-0.089, 0.409,-1.970;
4.723,0.124,-0.202,0.124,-0.202, 0.134, 0.089, 2.275,0.000,0.000,-0.745,-0.091, 0.409,-1.961;
4.726,0.109,-0.179,0.109,-0.179, 0.134, 0.089, 2.284,0.000,0.000,2.791,-0.091, 0.409,-1.970;
4.737,0.123,-0.203,0.123,-0.203, 0.134, 0.089, 2.275,0.000,0.000,-0.852,-0.093, 0.410,-1.961;
4.759,0.108,-0.181,0.108,-0.181, 0.134, 0.089, 2.284,0.000,0.000,0.437,-0.096, 0.410,-1.970;
4.771,0.107,-0.182,0.107,-0.182, 0.134, 0.089, 2.284,0.000,0.000,0.000,-0.098, 0.410,-1.970;
4.783,0.106,-0.182,0.106,-0.182, 0.134, 0.089, 2.284,0.000,0.000,0.000,-0.100, 0.410,-1.970;
4.795,0.106,-0.183,0.106,-0.183, 0.134, 0.089, 2.284,0.000,0.000,0.000,-0.102, 0.410,-1.970;
4.807,0.105,-0.184,0.105,-0.184, 0.134, 0.089, 2.284,0.000,0.000,0.000,-0.104, 0.410,-1.970;
4.819,0.118,-0.209,0.118,-0.209, 0.134, 0.089, 2.275,0.000,0.000,-0.783,-0.106, 0.410,-1.961;
4.832,0.117,-0.210,0.117,-0.210, 0.134, 0.089, 2.275,0.000,0.000,0.000,-0.108, 0.411,-1.961;
4.835,0.117,-0.210,0.117,-0.210, 0.134, 0.089, 2.275,0.000,0.000,0.000,-0.108, 0.411,-1.961;
4.847,0.103,-0.186,0.103,-0.186, 0.134, 0.089, 2.284,0.000,0.000,0.819,-0.110, 0.411,-1.970;
4.869,0.102,-0.187,0.102,-0.187, 0.134, 0.089, 2.284,0.000,0.000,0.000,-0.113, 0.411,-1.970;
4.882,0.101,-0.188,0.101,-0.188, 0.134, 0.089, 2.284,0.000,0.000,0.000,-0.116, 0.411,-1.970;
4.886,0.101,-0.189,0.101,-0.189, 0.134, 0.089, 2.284,0.000,0.000,0.000,-0.116, 0.411,-1.970;
4.896,0.100,-0.189,0.100,-0.189, 0.134, 0.089, 2.284,0.000,0.000,0.000,-0.118, 0.411,-1.970;
4.908,0.100,-0.190,0.100,-0.190, 0.134, 0.089, 2.284,0.000,0.000,0.000,-0.120, 0.411,-1.970;
4.930,0.098,-0.191,0.098,-0.191, 0.134, 0.089, 2.284,0.000,0.000,0.000,-0.123, 0.411,-1.970;
4.942,0.098,-0.192,0.098,-0.192, 0.134, 0.089, 2.284,0.000,0.000,0.000,-0.125, 0.411,-1.970;
4.954,0.110,-0.217,0.110,-0.217, 0.134, 0.089, 2.275,0.000,0.000,-0.762,-0.127, 0.411,-1.961;
4.966,0.096,-0.193,0.096,-0.193, 0.134, 0.089, 2.284,0.000,0.000,0.769,-0.129, 0.411,-1.970;
4.979,0.108,-0.219,0.108,-0.219, 0.134, 0.089, 2.275,0.000,0.000,-0.769,-0.131, 0.411,-1.961;
4.981,0.108,-0.219,0.108,-0.219, 0.134, 0.089, 2.275,0.000,0.000,0.000,-0.131, 0.411,-1.961;
5.003,0.094,-0.195,0.094,-0.195, 0.134, 0.089, 2.284,0.000,0.000,0.436,-0.135, 0.411,-1.970;
5.015,0.094,-0.196,0.094,-0.196, 0.134, 0.089, 2.284,0.000,0.000,0.000,-0.136, 0.411,-1.970;
5.026,0.105,-0.222,0.105,-0.222, 0.134, 0.089, 2.275,0.000,0.000,-0.794,-0.138, 0.411,-1.961;
5.039,0.092,-0.197,0.092,-0.197, 0.134, 0.089, 2.284,0.000,0.000,0.776,-0.140, 0.411,-1.970;
5.050,0.104,-0.224,0.104,-0.224, 0.134, 0.089, 2.275,0.000,0.000,-0.812,-0.142, 0.411,-1.961;
5.062,0.091,-0.198,0.091,-0.198, 0.134, 0.089, 2.284,0.000,0.000,0.813,-0.144, 0.411,-1.970;
5.074,0.090,-0.199,0.090,-0.199, 0.134, 0.089, 2.284,0.000,0.000,0.000,-0.146, 0.411,-1.970;
5.087,0.090,-0.200,0.090,-0.200, 0.134, 0.089, 2.284,0.000,0.000,0.000,-0.148, 0.411,-1.970;
5.100,0.089,-0.200,0.089,-0.200, 0.134, 0.089, 2.284,0.000,0.000,0.000,-0.150, 0.411,-1.970;
5.112,0.088,-0.201,0.088,-0.201, 0.134, 0.089, 2.284,0.000,0.000,0.000,-0.152, 0.411,-1.970;
5.124,0.088,-0.202,0.088,-0.202, 0.134, 0.089, 2.284,0.000,0.000,0.000,-0.153, 0.411,-1.970;
5.135,0.098,-0.229,0.098,-0.229, 0.134, 0.089, 2.275,0.000,0.000,-0.818,-0.155, 0.411,-1.961;
5.147,0.086,-0.203,0.086,-0.203, 0.134, 0.089, 2.284,0.000,0.000,0.826,-0.157, 0.411,-1.970;
5.159,0.085,-0.204,0.085,-0.204, 0.134, 0.089, 2.284,0.000,0.000,0.000,-0.159, 0.411,-1.970;
5.172,0.085,-0.204,0.085,-0.204, 0.134, 0.089, 2.284,0.000,0.000,0.000,-0.161, 0.410,-1.970;
5.185,0.084,-0.205,0.084,-0.205, 0.134, 0.089, 2.284,0.000,0.000,0.000,-0.163, 0.410,-1.970;
5.196,0.083,-0.206,0.083,-0.206, 0.134, 0.089, 2.284,0.000,0.000,0.000,-0.165, 0.410,-1.970;
5.208,0.093,-0.233,0.093,-0.233, 0.134, 0.089, 2.275,0.000,0.000,-0.795,-0.167, 0.410,-1.961;
5.221,0.082,-0.207,0.082,-0.207, 0.134, 0.089, 2.284,0.000,0.000,0.737,-0.169, 0.410,-1.970;
5.233,0.081,-0.208,0.081,-0.208, 0.134, 0.089, 2.284,0.000,0.000,0.000,-0.171, 0.410,-1.970;
5.246,0.080,-0.208,0.080,-0.208, 0.134, 0.089, 2.284,0.000,0.000,0.000,-0.173, 0.410,-1.970;
5.258,0.080,-0.209,0.080,-0.209, 0.134, 0.089, 2.284,0.000,0.000,0.000,-0.174, 0.410,-1.970;
5.270,0.079,-0.209,0.079,-0.209, 0.134, 0.089, 2.284,0.000,0.000,0.000,-0.176, 0.409,-1.970;
5.283,0.078,-0.210,0.078,-0.210, 0.134, 0.089, 2.284,0.000,0.000,0.000,-0.178, 0.409,-1.970;
5.296,0.077,-0.211,0.077,-0.211, 0.134, 0.089, 2.284,0.000,0.000,0.000,-0.180, 0.409,-1.970;
5.307,0.077,-0.211,0.077,-0.211, 0.134, 0.089, 2.284,0.000,0.000,0.000,-0.182, 0.409,-1.970;
5.319,0.076,-0.212,0.076,-0.212, 0.134, 0.089, 2.284,0.000,0.000,0.000,-0.184, 0.409,-1.970;
5.332,0.075,-0.213,0.075,-0.213, 0.134, 0.089, 2.284,0.000,0.000,0.000,-0.186, 0.409,-1.970;
5.344,0.074,-0.213,0.074,-0.213, 0.134, 0.089, 2.284,0.000,0.000,0.000,-0.188, 0.408,-1.970;
5.356,0.074,-0.214,0.074,-0.214, 0.134, 0.089, 2.284,0.000,0.000,0.000,-0.190, 0.408,-1.970;
5.368,0.073,-0.214,0.073,-0.214, 0.134, 0.089, 2.284,0.000,0.000,0.000,-0.192, 0.408,-1.970;
5.380,0.072,-0.215,0.072,-0.215, 0.134, 0.089, 2.284,0.000,0.000,0.000,-0.194, 0.408,-1.970;
5.392,0.071,-0.215,0.071,-0.215, 0.134, 0.089, 2.284,0.000,0.000,0.000,-0.195, 0.407,-1.970;
5.404,0.080,-0.244,0.080,-0.244, 0.134, 0.089, 2.275,0.000,0.000,-0.749,-0.197, 0.407,-1.961;
5.416,0.070,-0.217,0.070,-0.217, 0.134, 0.089, 2.284,0.000,0.000,0.803,-0.199, 0.407,-1.970;
5.428,0.069,-0.217,0.069,-0.217, 0.134, 0.089, 2.284,0.000,0.000,0.000,-0.201, 0.407,-1.970;
5.440,0.068,-0.218,0.068,-0.218, 0.134, 0.089, 2.284,0.000,0.000,0.000,-0.203, 0.406,-1.970;
5.452,0.068,-0.218,0.068,-0.218, 0.134, 0.089, 2.284,0.000,0.000,0.000,-0.205, 0.406,-1.970;
5.465,0.067,-0.219,0.067,-0.219, 0.134, 0.089, 2.284,0.000,0.000,0.000,-0.207, 0.406,-1.970;
5.477,0.075,-0.248,0.075,-0.248, 0.134, 0.089, 2.275,0.000,0.000,-0.755,-0.209, 0.406,-1.961;
5.490,0.065,-0.220,0.065,-0.220, 0.134, 0.089, 2.284,0.000,0.000,0.759,-0.211, 0.405,-1.970;
5.502,0.073,-0.249,0.073,-0.249, 0.134, 0.089, 2.275,0.000,0.000,-0.786,-0.213, 0.405,-1.961;
5.514,0.064,-0.221,0.064,-0.221, 0.134, 0.089, 2.284,0.000,0.000,0.761,-0.214, 0.405,-1.970;
5.526,0.071,-0.251,0.071,-0.251, 0.134, 0.089, 2.275,0.000,0.000,-0.770,-0.216, 0.404,-1.961;
5.539,0.062,-0.222,0.062,-0.222, 0.134, 0.089, 2.284,0.000,0.000,0.723,-0.218, 0.404,-1.970;
5.552,0.069,-0.252,0.069,-0.252, 0.134, 0.089, 2.275,0.000,0.000,-0.740,-0.220, 0.404,-1.961;
5.564,0.060,-0.224,0.060,-0.224, 0.134, 0.089, 2.284,0.000,0.000,0.811,-0.222, 0.403,-1.970;
5.575,0.067,-0.253,0.067,-0.253, 0.134, 0.089, 2.275,0.000,0.000,-0.803,-0.224, 0.403,-1.961;
5.587,0.059,-0.225,0.059,-0.225, 0.134, 0.089, 2.284,0.000,0.000,0.793,-0.226, 0.403,-1.970;
5.600,0.066,-0.255,0.066,-0.255, 0.134, 0.089, 2.275,0.000,0.000,-0.748,-0.228, 0.402,-1.961;
5.612,0.057,-0.226,0.057,-0.226, 0.134, 0.089, 2.284,0.000,0.000,0.787,-0.230, 0.402,-1.970;
5.624,0.057,-0.226,0.057,-0.226, 0.134, 0.089, 2.284,0.000,0.000,0.000,-0.231, 0.402,-1.970;
5.637,0.056,-0.227,0.056,-0.227, 0.134, 0.089, 2.284,0.000,0.000,0.000,-0.233, 0.401,-1.970;
5.649,0.055,-0.227,0.055,-0.227, 0.134, 0.089, 2.284,0.000,0.000,0.000,-0.235, 0.401,-1.970;
5.661,0.061,-0.258,0.061,-0.258, 0.134, 0.089, 2.275,0.000,0.000,-0.757,-0.237, 0.400,-1.961;
5.673,0.053,-0.228,0.053,-0.228, 0.134, 0.089, 2.284,0.000,0.000,0.767,-0.239, 0.400,-1.970;
5.686,0.052,-0.229,0.052,-0.229, 0.134, 0.089, 2.284,0.000,0.000,0.000,-0.241, 0.400,-1.970;
5.699,0.052,-0.229,0.052,-0.229, 0.134, 0.089, 2.284,0.000,0.000,0.000,-0.243, 0.399,-1.970;
5.711,0.051,-0.230,0.051,-0.230, 0.134, 0.089, 2.284,0.000,0.000,0.000,-0.245, 0.399,-1.970;
5.724,0.050,-0.231,0.050,-0.231, 0.134, 0.089, 2.284,0.000,0.000,0.000,-0.247, 0.398,-1.970;
5.737,0.049,-0.231,0.049,-0.231, 0.134, 0.089, 2.284,0.000,0.000,0.000,-0.249, 0.398,-1.970;
5.749,0.048,-0.232,0.048,-0.232, 0.134, 0.089, 2.284,0.000,0.000,0.000,-0.251, 0.397,-1.970;
5.761,0.054,-0.262,0.054,-0.262, 0.134, 0.089, 2.275,0.000,0.000,-0.811,-0.252, 0.397,-1.961;
5.772,0.047,-0.233,0.047,-0.233, 0.134, 0.089, 2.284,0.000,0.000,0.809,-0.254, 0.397,-1.970;
5.784,0.052,-0.263,0.052,-0.263, 0.134, 0.089, 2.275,0.000,0.000,-0.788,-0.256, 0.396,-1.961;
5.798,0.045,-0.234,0.045,-0.234, 0.134, 0.089, 2.284,0.000,0.000,0.672,-0.258, 0.396,-1.970;
5.807,0.050,-0.264,0.050,-0.264, 0.134, 0.089, 2.275,0.000,0.000,-1.040,-0.260, 0.395,-1.961;
5.820,0.043,-0.234,0.043,-0.234, 0.134, 0.089, 2.284,0.000,0.000,0.721,-0.261, 0.395,-1.970;
5.833,0.042,-0.235,0.042,-0.235, 0.134, 0.089, 2.284,0.000,0.000,0.000,-0.263, 0.394,-1.970;
5.844,0.042,-0.235,0.042,-0.235, 0.134, 0.089, 2.284,0.000,0.000,0.000,-0.265, 0.394,-1.970;
5.857,0.041,-0.236,0.041,-0.236, 0.134, 0.089, 2.284,0.000,0.000,0.000,-0.267, 0.393,-1.970;
5.869,0.040,-0.236,0.040,-0.236, 0.134, 0.089, 2.284,0.000,0.000,0.000,-0.269, 0.393,-1.970;
5.881,0.039,-0.237,0.039,-0.237, 0.134, 0.089, 2.284,0.000,0.000,0.000,-0.271, 0.392,-1.970;
5.893,0.043,-0.268,0.043,-0.268, 0.134, 0.089, 2.275,0.000,0.000,-0.802,-0.272, 0.392,-1.961;
5.905,0.038,-0.238,0.038,-0.238, 0.134, 0.089, 2.284,0.000,0.000,0.798,-0.274, 0.391,-1.970;
5.917,0.037,-0.238,0.037,-0.238, 0.134, 0.089, 2.284,0.000,0.000,0.000,-0.276, 0.391,-1.970;
5.929,0.036,-0.239,0.036,-0.239, 0.134, 0.089, 2.284,0.000,0.000,0.000,-0.278, 0.390,-1.970;
5.942,0.035,-0.239,0.035,-0.239, 0.134, 0.089, 2.284,0.000,0.000,0.000,-0.280, 0.389,-1.970;
5.956,0.034,-0.240,0.034,-0.240, 0.134, 0.089, 2.284,0.000,0.000,0.000,-0.282, 0.389,-1.970;
5.968,0.037,-0.271,0.037,-0.271, 0.134, 0.089, 2.275,0.000,0.000,-0.756,-0.284, 0.388,-1.961;
5.980,0.032,-0.241,0.032,-0.241, 0.134, 0.089, 2.284,0.000,0.000,0.762,-0.286, 0.388,-1.970;
5.993,0.035,-0.272,0.035,-0.272, 0.134, 0.089, 2.275,0.000,0.000,-0.743,-0.288, 0.387,-1.961;
6.005,0.030,-0.241,0.030,-0.241, 0.134, 0.089, 2.284,0.000,0.000,0.763,-0.289, 0.386,-1.970;
6.018,0.033,-0.273,0.033,-0.273, 0.134, 0.089, 2.275,0.000,0.000,-0.767,-0.291, 0.386,-1.961;
6.029,0.029,-0.242,0.029,-0.242, 0.134, 0.089, 2.284,0.000,0.000,0.805,-0.293, 0.385,-1.970;
6.043,0.028,-0.243,0.028,-0.243, 0.134, 0.089, 2.284,0.000,0.000,0.000,-0.295, 0.385,-1.970;
6.046,0.031,-0.275,0.031,-0.275, 0.134, 0.089, 2.275,0.000,0.000,-2.445,-0.295, 0.384,-1.961;
6.058,0.027,-0.243,0.027,-0.243, 0.134, 0.089, 2.284,0.000,0.000,0.840,-0.297, 0.384,-1.970;
6.079,0.025,-0.244,0.025,-0.244, 0.134, 0.089, 2.284,0.000,0.000,0.000,-0.300, 0.383,-1.970;
6.083,0.025,-0.244,0.025,-0.244, 0.134, 0.089, 2.284,0.000,0.000,0.000,-0.301, 0.383,-1.970;
6.104,0.027,-0.277,0.027,-0.277, 0.134, 0.089, 2.275,0.000,0.000,-0.444,-0.304, 0.381,-1.961;
6.116,0.023,-0.245,0.023,-0.245, 0.134, 0.089, 2.284,0.000,0.000,0.788,-0.306, 0.381,-1.970;
6.128,0.022,-0.246,0.022,-0.246, 0.134, 0.089, 2.284,0.000,0.000,0.000,-0.307, 0.380,-1.970;
6.140,0.024,-0.278,0.024,-0.278, 0.134, 0.089, 2.275,0.000,0.000,-0.756,-0.309, 0.379,-1.961;
6.153,0.023,-0.279,0.023,-0.279, 0.134, 0.089, 2.275,0.000,0.000,0.000,-0.311, 0.379,-1.961;
6.157,0.020,-0.247,0.020,-0.247, 0.134, 0.089, 2.284,0.000,0.000,2.752,-0.312, 0.379,-1.970;
6.177,0.018,-0.247,0.018,-0.247, 0.134, 0.089, 2.284,0.000,0.000,0.000,-0.315, 0.377,-1.970;
6.189,0.017,-0.248,0.017,-0.248, 0.134, 0.089, 2.284,0.000,0.000,0.000,-0.316, 0.377,-1.970;
6.201,0.016,-0.248,0.016,-0.248, 0.134, 0.089, 2.284,0.000,0.000,0.000,-0.318, 0.376,-1.970;
6.213,0.016,-0.248,0.016,-0.248, 0.134, 0.089, 2.284,0.000,0.000,0.000,-0.320, 0.375,-1.970;
6.225,0.015,-0.249,0.015,-0.249, 0.134, 0.089, 2.284,0.000,0.000,0.000,-0.322, 0.375,-1.970;
6.237,0.016,-0.282,0.016,-0.282, 0.134, 0.089, 2.275,0.000,0.000,-0.811,-0.323, 0.374,-1.961;
6.249,0.013,-0.250,0.013,-0.250, 0.134, 0.089, 2.284,0.000,0.000,0.743,-0.325, 0.373,-1.970;
6.261,0.014,-0.282,0.014,-0.282, 0.134, 0.089, 2.275,0.000,0.000,-0.803,-0.327, 0.372,-1.961;
6.274,0.011,-0.250,0.011,-0.250, 0.134, 0.089, 2.284,0.000,0.000,0.760,-0.329, 0.372,-1.970;
6.286,0.010,-0.251,0.010,-0.251, 0.134, 0.089, 2.284,0.000,0.000,0.000,-0.331, 0.371,-1.970;
6.298,0.009,-0.251,0.009,-0.251, 0.134, 0.089, 2.284,0.000,0.000,0.000,-0.332, 0.370,-1.970;
6.310,0.010,-0.284,0.010,-0.284, 0.134, 0.089, 2.275,0.000,0.000,-0.780,-0.334, 0.369,-1.961;
6.323,0.008,-0.252,0.008,-0.252, 0.134, 0.089, 2.284,0.000,0.000,0.762,-0.336, 0.369,-1.970;
6.335,0.007,-0.285,0.007,-0.285, 0.134, 0.089, 2.275,0.000,0.000,-0.735,-0.338, 0.368,-1.961;
6.348,0.006,-0.252,0.006,-0.252, 0.134, 0.089, 2.284,0.000,0.000,0.762,-0.339, 0.367,-1.970;
6.360,0.005,-0.253,0.005,-0.253, 0.134, 0.089, 2.284,0.000,0.000,0.000,-0.341, 0.366,-1.970;
6.372,0.004,-0.253,0.004,-0.253, 0.134, 0.089, 2.284,0.000,0.000,0.000,-0.343, 0.365,-1.970;
6.384,0.003,-0.286,0.003,-0.286, 0.134, 0.089, 2.275,0.000,0.000,-0.765,-0.345, 0.365,-1.961;
6.397,0.002,-0.254,0.002,-0.254, 0.134, 0.089, 2.284,0.000,0.000,0.730,-0.347, 0.364,-1.970;
6.409,0.001,-0.254,0.001,-0.254, 0.134, 0.089, 2.284,0.000,0.000,0.000,-0.348, 0.363,-1.970;
6.420,0.000,-0.288,0.000,-0.288, 0.134, 0.089, 2.275,0.000,0.000,-0.842,-0.350, 0.362,-1.961;
6.431,-0.000,-0.255,-0.000,-0.255, 0.134, 0.089, 2.284,0.000,0.000,0.842,-0.351, 0.362,-1.970;
6.443,-0.001,-0.255,-0.001,-0.255, 0.134, 0.089, 2.284,0.000,0.000,0.000,-0.353, 0.361,-1.970;
6.454,-0.002,-0.255,-0.002,-0.255, 0.134, 0.089, 2.284,0.000,0.000,0.000,-0.355, 0.360,-1.970;
6.466,-0.003,-0.289,-0.003,-0.289, 0.134, 0.089, 2.275,0.000,0.000,-0.813,-0.356, 0.359,-1.961;
6.477,-0.004,-0.256,-0.004,-0.256, 0.134, 0.089, 2.284,0.000,0.000,0.866,-0.358, 0.358,-1.970;
6.489,-0.005,-0.290,-0.005,-0.290, 0.134, 0.089, 2.275,0.000,0.000,-0.764,-0.359, 0.358,-1.961;
6.500,-0.006,-0.256,-0.006,-0.256, 0.134, 0.089, 2.284,0.000,0.000,0.854,-0.361, 0.357,-1.970;
6.511,-0.007,-0.290,-0.007,-0.290, 0.134, 0.089, 2.275,0.000,0.000,-0.862,-0.363, 0.356,-1.961;
6.522,-0.007,-0.257,-0.007,-0.257, 0.134, 0.089, 2.284,0.000,0.000,0.858,-0.364, 0.355,-1.970;
6.543,-0.010,-0.291,-0.010,-0.291, 0.134, 0.089, 2.275,0.000,0.000,-0.444,-0.367, 0.354,-1.961;
6.555,-0.010,-0.258,-0.010,-0.258, 0.134, 0.089, 2.284,0.000,0.000,0.807,-0.369, 0.353,-1.970;
6.566,-0.012,-0.292,-0.012,-0.292, 0.134, 0.089, 2.275,0.000,0.000,-0.838,-0.370, 0.352,-1.961;
6.577,-0.011,-0.258,-0.011,-0.258, 0.134, 0.089, 2.284,0.000,0.000,0.835,-0.372, 0.351,-1.970;
6.589,-0.012,-0.258,-0.012,-0.258, 0.134, 0.089, 2.284,0.000,0.000,0.000,-0.373, 0.350,-1.970;
6.600,-0.013,-0.259,-0.013,-0.259, 0.134, 0.089, 2.284,0.000,0.000,0.000,-0.375, 0.349,-1.970;
6.611,-0.014,-0.259,-0.014,-0.259, 0.134, 0.089, 2.284,0.000,0.000,0.000,-0.376, 0.349,-1.970;
6.622,-0.015,-0.259,-0.015,-0.259, 0.134, 0.089, 2.284,0.000,0.000,0.000,-0.378, 0.348,-1.970;
6.633,-0.016,-0.259,-0.016,-0.259, 0.134, 0.089, 2.284,0.000,0.000,0.000,-0.380, 0.347,-1.970;
6.646,-0.019,-0.294,-0.019,-0.294, 0.134, 0.089, 2.275,0.000,0.000,-0.770,-0.381, 0.346,-1.961;
6.657,-0.018,-0.260,-0.018,-0.260, 0.134, 0.089, 2.284,0.000,0.000,0.860,-0.383, 0.345,-1.970;
6.681,-0.022,-0.294,-0.022,-0.294, 0.134, 0.089, 2.275,0.000,0.000,-0.391,-0.386, 0.343,-1.961;
6.685,-0.020,-0.261,-0.020,-0.261, 0.134, 0.089, 2.284,0.000,0.000,2.216,-0.387, 0.343,-1.970;
6.696,-0.023,-0.295,-0.023,-0.295, 0.134, 0.089, 2.275,0.000,0.000,-0.887,-0.388, 0.342,-1.961;
6.707,-0.021,-0.261,-0.021,-0.261, 0.134, 0.089, 2.284,0.000,0.000,0.830,-0.389, 0.341,-1.970;
6.718,-0.025,-0.295,-0.025,-0.295, 0.134, 0.089, 2.275,0.000,0.000,-0.812,-0.391, 0.340,-1.961;
6.730,-0.023,-0.261,-0.023,-0.261, 0.134, 0.089, 2.284,0.000,0.000,0.847,-0.393, 0.339,-1.970;
6.752,-0.025,-0.262,-0.025,-0.262, 0.134, 0.089, 2.284,0.000,0.000,0.000,-0.396, 0.337,-1.970;
6.764,-0.026,-0.262,-0.026,-0.262, 0.134, 0.089, 2.284,0.000,0.000,0.000,-0.397, 0.336,-1.970;
6.778,-0.030,-0.296,-0.030,-0.296, 0.134, 0.089, 2.275,0.000,0.000,-0.690,-0.399, 0.335,-1.961;
6.782,-0.027,-0.262,-0.027,-0.262, 0.134, 0.089, 2.284,0.000,0.000,2.067,-0.400, 0.335,-1.970;
6.793,-0.028,-0.263,-0.028,-0.263, 0.134, 0.089, 2.284,0.000,0.000,0.000,-0.401, 0.334,-1.970;
6.804,-0.033,-0.297,-0.033,-0.297, 0.134, 0.089, 2.275,0.000,0.000,-0.836,-0.402, 0.333,-1.961;
6.815,-0.034,-0.297,-0.034,-0.297, 0.134, 0.089, 2.275,0.000,0.000,0.000,-0.404, 0.332,-1.961;
6.837,-0.035,-0.298,-0.035,-0.298, 0.134, 0.089, 2.275,0.000,0.000,0.000,-0.407, 0.330,-1.961;
6.849,-0.032,-0.263,-0.032,-0.263, 0.134, 0.089, 2.284,0.000,0.000,0.792,-0.408, 0.329,-1.970;
6.860,-0.038,-0.298,-0.038,-0.298, 0.134, 0.089, 2.275,0.000,0.000,-0.821,-0.410, 0.328,-1.961;
6.873,-0.034,-0.264,-0.034,-0.264, 0.134, 0.089, 2.284,0.000,0.000,0.755,-0.412, 0.327,-1.970;
6.885,-0.035,-0.264,-0.035,-0.264, 0.134, 0.089, 2.284,0.000,0.000,0.000,-0.413, 0.326,-1.970;
6.897,-0.036,-0.264,-0.036,-0.264, 0.134, 0.089, 2.284,0.000,0.000,0.000,-0.415, 0.325,-1.970;
6.908,-0.042,-0.299,-0.042,-0.299, 0.134, 0.089, 2.275,0.000,0.000,-0.796,-0.416, 0.324,-1.961;
6.921,-0.038,-0.265,-0.038,-0.265, 0.134, 0.089, 2.284,0.000,0.000,0.729,-0.418, 0.323,-1.970;
6.933,-0.044,-0.299,-0.044,-0.299, 0.134, 0.089, 2.275,0.000,0.000,-0.782,-0.419, 0.322,-1.961;
6.945,-0.040,-0.265,-0.040,-0.265, 0.134, 0.089, 2.284,0.000,0.000,0.830,-0.421, 0.321,-1.970;
6.957,-0.041,-0.265,-0.041,-0.265, 0.134, 0.089, 2.284,0.000,0.000,0.000,-0.422, 0.320,-1.970;
6.969,-0.042,-0.265,-0.042,-0.265, 0.134, 0.089, 2.284,0.000,0.000,0.000,-0.424, 0.319,-1.970;
6.982,-0.043,-0.265,-0.043,-0.265, 0.134, 0.089, 2.284,0.000,0.000,0.000,-0.426, 0.317,-1.970;
6.994,-0.044,-0.266,-0.044,-0.266, 0.134, 0.089, 2.284,0.000,0.000,0.000,-0.427, 0.316,-1.970;
7.006,-0.050,-0.300,-0.050,-0.300, 0.134, 0.089, 2.275,0.000,0.000,-0.758,-0.429, 0.315,-1.961;
7.019,-0.046,-0.266,-0.046,-0.266, 0.134, 0.089, 2.284,0.000,0.000,0.749,-0.430, 0.314,-1.970;
7.032,-0.047,-0.266,-0.047,-0.266, 0.134, 0.089, 2.284,0.000,0.000,0.000,-0.432, 0.313,-1.970;
7.044,-0.047,-0.266,-0.047,-0.266, 0.134, 0.089, 2.284,0.000,0.000,0.000,-0.433, 0.312,-1.970;
7.056,-0.048,-0.266,-0.048,-0.266, 0.134, 0.089, 2.284,0.000,0.000,0.000,-0.435, 0.310,-1.970;
7.069,-0.056,-0.301,-0.056,-0.301, 0.134, 0.089, 2.275,0.000,0.000,-0.752,-0.437, 0.309,-1.961;
7.082,-0.050,-0.267,-0.050,-0.267, 0.134, 0.089, 2.284,0.000,0.000,0.720,-0.438, 0.308,-1.970;
7.094,-0.058,-0.301,-0.058,-0.301, 0.134, 0.089, 2.275,0.000,0.000,-0.789,-0.440, 0.307,-1.961;
7.099,-0.052,-0.267,-0.052,-0.267, 0.134, 0.089, 2.284,0.000,0.000,1.624,-0.440, 0.306,-1.970;
7.111,-0.060,-0.302,-0.060,-0.302, 0.134, 0.089, 2.275,0.000,0.000,-0.844,-0.442, 0.305,-1.961;
7.122,-0.054,-0.267,-0.054,-0.267, 0.134, 0.089, 2.284,0.000,0.000,0.824,-0.443, 0.304,-1.970;
7.134,-0.062,-0.302,-0.062,-0.302, 0.134, 0.089, 2.275,0.000,0.000,-0.813,-0.445, 0.303,-1.961;
7.155,-0.056,-0.267,-0.056,-0.267, 0.134, 0.089, 2.284,0.000,0.000,0.435,-0.447, 0.301,-1.970;
7.168,-0.057,-0.267,-0.057,-0.267, 0.134, 0.089, 2.284,0.000,0.000,0.000,-0.449, 0.300,-1.970;
7.172,-0.065,-0.302,-0.065,-0.302, 0.134, 0.089, 2.275,0.000,0.000,-2.653,-0.449, 0.299,-1.961;
7.183,-0.058,-0.267,-0.058,-0.267, 0.134, 0.089, 2.284,0.000,0.000,0.857,-0.451, 0.298,-1.970;
7.204,-0.068,-0.303,-0.068,-0.303, 0.134, 0.089, 2.275,0.000,0.000,-0.433,-0.453, 0.296,-1.961;
7.207,-0.068,-0.303,-0.068,-0.303, 0.134, 0.089, 2.275,0.000,0.000,0.000,-0.454, 0.296,-1.961;
7.229,-0.070,-0.303,-0.070,-0.303, 0.134, 0.089, 2.275,0.000,0.000,0.000,-0.456, 0.294,-1.961;
7.235,-0.063,-0.268,-0.063,-0.268, 0.134, 0.089, 2.284,0.000,0.000,1.564,-0.457, 0.293,-1.970;
7.244,-0.072,-0.303,-0.072,-0.303, 0.134, 0.089, 2.275,0.000,0.000,-1.005,-0.458, 0.292,-1.961;
7.256,-0.064,-0.268,-0.064,-0.268, 0.134, 0.089, 2.284,0.000,0.000,0.830,-0.459, 0.291,-1.970;
7.278,-0.074,-0.303,-0.074,-0.303, 0.134, 0.089, 2.275,0.000,0.000,-0.432,-0.462, 0.289,-1.961;
7.290,-0.067,-0.268,-0.067,-0.268, 0.134, 0.089, 2.284,0.000,0.000,0.736,-0.464, 0.287,-1.970;
7.302,-0.068,-0.268,-0.068,-0.268, 0.134, 0.089, 2.284,0.000,0.000,0.000,-0.465, 0.286,-1.970;
7.314,-0.069,-0.268,-0.069,-0.268, 0.134, 0.089, 2.284,0.000,0.000,0.000,-0.466, 0.285,-1.970;
7.326,-0.070,-0.268,-0.070,-0.268, 0.134, 0.089, 2.284,0.000,0.000,0.000,-0.468, 0.284,-1.970;
7.339,-0.071,-0.268,-0.071,-0.268, 0.134, 0.089, 2.284,0.000,0.000,0.000,-0.469, 0.282,-1.970;
7.350,-0.072,-0.268,-0.072,-0.268, 0.134, 0.089, 2.284,0.000,0.000,0.000,-0.471, 0.281,-1.970;
7.363,-0.073,-0.268,-0.073,-0.268, 0.134, 0.089, 2.284,0.000,0.000,0.000,-0.472, 0.280,-1.970;
7.375,-0.074,-0.269,-0.074,-0.269, 0.134, 0.089, 2.284,0.000,0.000,0.000,-0.473, 0.278,-1.970;
7.388,-0.084,-0.304,-0.084,-0.304, 0.134, 0.089, 2.275,0.000,0.000,-0.753,-0.475, 0.277,-1.961;
7.399,-0.075,-0.269,-0.075,-0.269, 0.134, 0.089, 2.284,0.000,0.000,0.812,-0.476, 0.276,-1.970;
7.411,-0.076,-0.269,-0.076,-0.269, 0.134, 0.089, 2.284,0.000,0.000,0.000,-0.478, 0.274,-1.970;
7.423,-0.077,-0.269,-0.077,-0.269, 0.134, 0.089, 2.284,0.000,0.000,0.000,-0.479, 0.273,-1.970;
7.435,-0.089,-0.304,-0.089,-0.304, 0.134, 0.089, 2.275,0.000,0.000,-0.771,-0.480, 0.272,-1.961;
7.447,-0.079,-0.269,-0.079,-0.269, 0.134, 0.089, 2.284,0.000,0.000,0.807,-0.482, 0.271,-1.970;
7.459,-0.080,-0.269,-0.080,-0.269, 0.134, 0.089, 2.284,0.000,0.000,0.000,-0.483, 0.269,-1.970;
7.471,-0.081,-0.269,-0.081,-0.269, 0.134, 0.089, 2.284,0.000,0.000,0.000,-0.484, 0.268,-1.970;
7.484,-0.082,-0.269,-0.082,-0.269, 0.134, 0.089, 2.284,0.000,0.000,0.000,-0.486, 0.267,-1.970;
7.495,-0.083,-0.269,-0.083,-0.269, 0.134, 0.089, 2.284,0.000,0.000,0.000,-0.487, 0.265,-1.970;
7.508,-0.084,-0.269,-0.084,-0.269, 0.134, 0.089, 2.284,0.000,0.000,0.000,-0.488, 0.264,-1.970;
7.519,-0.085,-0.269,-0.085,-0.269, 0.134, 0.089, 2.284,0.000,0.000,0.000,-0.490, 0.263,-1.970;
7.531,-0.086,-0.269,-0.086,-0.269, 0.134, 0.089, 2.284,0.000,0.000,0.000,-0.491, 0.261,-1.970;
7.543,-0.087,-0.269,-0.087,-0.269, 0.134, 0.089, 2.284,0.000,0.000,0.000,-0.492, 0.260,-1.970;
7.555,-0.088,-0.269,-0.088,-0.269, 0.134, 0.089, 2.284,0.000,0.000,0.000,-0.494, 0.259,-1.970;
7.568,-0.100,-0.304,-0.100,-0.304, 0.134, 0.089, 2.275,0.000,0.000,-0.707,-0.495, 0.257,-1.961;
7.580,-0.090,-0.269,-0.090,-0.269, 0.134, 0.089, 2.284,0.000,0.000,0.799,-0.496, 0.256,-1.970;
7.594,-0.103,-0.304,-0.103,-0.304, 0.134, 0.089, 2.275,0.000,0.000,-0.676,-0.498, 0.254,-1.961;
7.607,-0.092,-0.269,-0.092,-0.269, 0.134, 0.089, 2.284,0.000,0.000,0.761,-0.499, 0.253,-1.970;
7.618,-0.093,-0.269,-0.093,-0.269, 0.134, 0.089, 2.284,0.000,0.000,0.000,-0.501, 0.251,-1.970;
7.630,-0.094,-0.269,-0.094,-0.269, 0.134, 0.089, 2.284,0.000,0.000,0.000,-0.502, 0.250,-1.970;
7.641,-0.095,-0.268,-0.095,-0.268, 0.134, 0.089, 2.284,0.000,0.000,0.000,-0.503, 0.249,-1.970;
7.653,-0.096,-0.268,-0.096,-0.268, 0.134, 0.089, 2.284,0.000,0.000,0.000,-0.504, 0.247,-1.970;
7.664,-0.096,-0.268,-0.096,-0.268, 0.134, 0.089, 2.284,0.000,0.000,0.000,-0.505, 0.246,-1.970;
7.675,-0.110,-0.303,-0.110,-0.303, 0.134, 0.089, 2.275,0.000,0.000,-0.866,-0.506, 0.245,-1.961;
7.686,-0.111,-0.303,-0.111,-0.303, 0.134, 0.089, 2.275,0.000,0.000,0.000,-0.508, 0.244,-1.961;
7.696,-0.112,-0.303,-0.112,-0.303, 0.134, 0.089, 2.275,0.000,0.000,0.000,-0.509, 0.242,-1.961;
7.718,-0.101,-0.268,-0.101,-0.268, 0.134, 0.089, 2.284,0.000,0.000,0.447,-0.511, 0.240,-1.970;
7.729,-0.102,-0.268,-0.102,-0.268, 0.134, 0.089, 2.284,0.000,0.000,0.000,-0.512, 0.238,-1.970;
7.740,-0.116,-0.303,-0.116,-0.303, 0.134, 0.089, 2.275,0.000,0.000,-0.811,-0.513, 0.237,-1.961;
7.752,-0.103,-0.268,-0.103,-0.268, 0.134, 0.089, 2.284,0.000,0.000,0.840,-0.514, 0.236,-1.970;
7.763,-0.104,-0.268,-0.104,-0.268, 0.134, 0.089, 2.284,0.000,0.000,0.000,-0.516, 0.234,-1.970;
7.774,-0.105,-0.268,-0.105,-0.268, 0.134, 0.089, 2.284,0.000,0.000,0.000,-0.517, 0.233,-1.970;
7.785,-0.106,-0.268,-0.106,-0.268, 0.134, 0.089, 2.284,0.000,0.000,0.000,-0.518, 0.232,-1.970;
7.796,-0.107,-0.268,-0.107,-0.268, 0.134, 0.089, 2.284,0.000,0.000,0.000,-0.519, 0.230,-1.970;
7.807,-0.108,-0.268,-0.108,-0.268, 0.134, 0.089, 2.284,0.000,0.000,0.000,-0.520, 0.229,-1.970;
7.818,-0.109,-0.267,-0.109,-0.267, 0.134, 0.089, 2.284,0.000,0.000,0.000,-0.521, 0.228,-1.970;
