0.000,0.000,0.000,0.000,0.000, 0.000, 0.000, 0.000,0.000,0.000,0.000, 0.000, 0.000, 0.000;
0.004,-4.006,-20.850,-4.006,-20.850,-0.083, 0.393,-1.759,0.000,0.000,0.000, 0.583,-0.391, 2.387;
0.017,-4.087,-20.768,-4.087,-20.768,-0.083, 0.393,-1.759,0.000,0.000,0.000, 0.583,-0.388, 2.387;
0.025,-4.146,-20.707,-4.146,-20.707,-0.083, 0.393,-1.759,0.000,0.000,0.000, 0.583,-0.385, 2.387;
0.047,-4.285,-20.562,-4.285,-20.562,-0.083, 0.393,-1.759,0.000,0.000,0.000, 0.582,-0.378, 2.387;
0.058,-4.359,-20.483,-4.359,-20.483,-0.083, 0.393,-1.759,0.000,0.000,0.000, 0.582,-0.375, 2.387;
0.070,-4.434,-20.401,-4.434,-20.401,-0.083, 0.393,-1.759,0.000,0.000,0.000, 0.582,-0.371, 2.387;
0.081,-4.510,-20.318,-4.510,-20.318,-0.083, 0.393,-1.759,0.000,0.000,0.000, 0.582,-0.367, 2.387;
0.095,-4.596,-20.221,-4.596,-20.221,-0.083, 0.393,-1.759,0.000,0.000,0.000, 0.582,-0.363, 2.387;
0.105,-4.659,-20.150,-4.659,-20.150,-0.083, 0.393,-1.759,0.000,0.000,0.000, 0.581,-0.360, 2.387;
0.117,-4.732,-20.066,-4.732,-20.066,-0.083, 0.393,-1.759,0.000,0.000,0.000, 0.581,-0.356, 2.387;
0.128,-4.801,-19.985,-4.801,-19.985,-0.083, 0.393,-1.759,0.000,0.000,0.000, 0.581,-0.353, 2.387;
0.139,-4.867,-19.907,-4.867,-19.907,-0.083, 0.393,-1.759,0.000,0.000,0.000, 0.581,-0.349, 2.387;
0.150,-4.934,-19.827,-4.934,-19.827,-0.083, 0.393,-1.759,0.000,0.000,0.000, 0.580,-0.346, 2.387;
0.161,-5.004,-19.742,-5.004,-19.742,-0.083, 0.393,-1.759,0.000,0.000,0.000, 0.580,-0.342, 2.387;
0.172,-5.069,-19.661,-5.069,-19.661,-0.083, 0.393,-1.759,0.000,0.000,0.000, 0.580,-0.339, 2.387;
0.193,-5.195,-19.503,-5.195,-19.503,-0.083, 0.393,-1.759,0.000,0.000,0.000, 0.579,-0.332, 2.387;
0.205,-5.263,-19.415,-5.263,-19.415,-0.083, 0.393,-1.759,0.000,0.000,0.000, 0.578,-0.329, 2.387;
0.217,-5.330,-19.327,-5.330,-19.327,-0.083, 0.393,-1.759,0.000,0.000,0.000, 0.578,-0.325, 2.387;
0.228,-5.394,-19.242,-5.394,-19.242,-0.083, 0.393,-1.759,0.000,0.000,0.000, 0.577,-0.321, 2.387;
0.239,-5.458,-19.156,-5.458,-19.156,-0.083, 0.393,-1.759,0.000,0.000,0.000, 0.577,-0.318, 2.387;
0.251,-5.524,-19.066,-5.524,-19.066,-0.083, 0.393,-1.759,0.000,0.000,0.000, 0.576,-0.314, 2.387;
0.262,-5.585,-18.981,-5.585,-18.981,-0.083, 0.393,-1.759,0.000,0.000,0.000, 0.576,-0.311, 2.387;
0.273,-5.645,-18.896,-5.645,-18.896,-0.083, 0.393,-1.759,0.000,0.000,0.000, 0.575,-0.308, 2.387;
0.284,-5.707,-18.807,-5.707,-18.807,-0.083, 0.393,-1.759,0.000,0.000,0.000, 0.575,-0.304, 2.387;
0.295,-5.766,-18.721,-5.766,-18.721,-0.083, 0.393,-1.759,0.000,0.000,0.000, 0.574,-0.301, 2.387;
0.317,-5.882,-18.549,-5.882,-18.549,-0.083, 0.393,-1.759,0.000,0.000,0.000, 0.573,-0.294, 2.387;
0.329,-5.944,-18.456,-5.944,-18.456,-0.083, 0.393,-1.759,0.000,0.000,0.000, 0.572,-0.290, 2.387;
0.341,-6.004,-18.362,-6.004,-18.362,-0.083, 0.393,-1.759,0.000,0.000,0.000, 0.571,-0.287, 2.387;
0.352,-6.062,-18.271,-6.062,-18.271,-0.083, 0.393,-1.759,0.000,0.000,0.000, 0.570,-0.283, 2.387;
0.364,-6.123,-18.175,-6.123,-18.175,-0.083, 0.393,-1.759,0.000,0.000,0.000, 0.570,-0.280, 2.387;
0.376,-6.181,-18.080,-6.181,-18.080,-0.083, 0.393,-1.759,0.000,0.000,0.000, 0.569,-0.276, 2.387;
0.387,-6.238,-17.987,-6.238,-17.987,-0.083, 0.393,-1.759,0.000,0.000,0.000, 0.568,-0.272, 2.387;
0.399,-6.294,-17.892,-6.294,-17.892,-0.083, 0.393,-1.759,0.000,0.000,0.000, 0.567,-0.269, 2.387;
0.411,-6.355,-17.788,-6.355,-17.788,-0.083, 0.393,-1.759,0.000,0.000,0.000, 0.566,-0.265, 2.387;
0.423,-6.411,-17.691,-6.411,-17.691,-0.083, 0.393,-1.759,0.000,0.000,0.000, 0.565,-0.261, 2.387;
0.435,-6.466,-17.594,-6.466,-17.594,-0.083, 0.393,-1.759,0.000,0.000,0.000, 0.564,-0.258, 2.387;
0.447,-6.522,-17.493,-6.522,-17.493,-0.083, 0.393,-1.759,0.000,0.000,0.000, 0.563,-0.254, 2.387;
0.458,-6.572,-17.401,-6.572,-17.401,-0.083, 0.393,-1.759,0.000,0.000,0.000, 0.562,-0.251, 2.387;
0.469,-6.622,-17.309,-6.622,-17.309,-0.083, 0.393,-1.759,0.000,0.000,0.000, 0.561,-0.248, 2.387;
0.481,-6.677,-17.205,-6.677,-17.205,-0.083, 0.393,-1.759,0.000,0.000,0.000, 0.560,-0.244, 2.387;
0.492,-6.725,-17.112,-6.725,-17.112,-0.083, 0.393,-1.759,0.000,0.000,0.000, 0.559,-0.241, 2.387;
0.504,-6.774,-17.016,-6.774,-17.016,-0.083, 0.393,-1.759,0.000,0.000,0.000, 0.558,-0.237, 2.387;
0.516,-6.826,-16.912,-6.826,-16.912,-0.083, 0.393,-1.759,0.000,0.000,0.000, 0.557,-0.234, 2.387;
0.527,-6.875,-16.814,-6.875,-16.814,-0.083, 0.393,-1.759,0.000,0.000,0.000, 0.555,-0.230, 2.387;
0.550,-6.966,-16.622,-6.966,-16.622,-0.083, 0.393,-1.759,0.000,0.000,0.000, 0.553,-0.224, 2.387;
0.561,-7.014,-16.521,-7.014,-16.521,-0.083, 0.393,-1.759,0.000,0.000,0.000, 0.552,-0.220, 2.387;
0.574,-7.064,-16.409,-7.064,-16.409,-0.083, 0.393,-1.759,0.000,0.000,0.000, 0.550,-0.216, 2.387;
0.580,-7.086,-16.360,-7.086,-16.360,-0.083, 0.393,-1.759,0.000,0.000,0.000, 0.550,-0.215, 2.387;
0.591,-7.127,-16.267,-7.127,-16.267,-0.083, 0.393,-1.759,0.000,0.000,0.000, 0.549,-0.211, 2.387;
0.602,-7.171,-16.168,-7.171,-16.168,-0.083, 0.393,-1.759,0.000,0.000,0.000, 0.547,-0.208, 2.387;
0.614,-7.216,-16.060,-7.216,-16.060,-0.083, 0.393,-1.759,0.000,0.000,0.000, 0.546,-0.205, 2.387;
0.626,-7.258,-15.961,-7.258,-15.961,-0.083, 0.393,-1.759,0.000,0.000,0.000, 0.544,-0.201, 2.387;
0.638,-7.300,-15.857,-7.300,-15.857,-0.083, 0.393,-1.759,0.000,0.000,0.000, 0.543,-0.198, 2.387;
0.659,-7.376,-15.665,-7.376,-15.665,-0.083, 0.393,-1.759,0.000,0.000,0.000, 0.540,-0.192, 2.387;
0.672,-7.421,-15.549,-7.421,-15.549,-0.083, 0.393,-1.759,0.000,0.000,0.000, 0.539,-0.188, 2.387;
0.676,-7.434,-15.515,-7.434,-15.515,-0.083, 0.393,-1.759,0.000,0.000,0.000, 0.538,-0.187, 2.387;
0.686,-7.467,-15.424,-7.467,-15.424,-0.083, 0.393,-1.759,0.000,0.000,0.000, 0.537,-0.184, 2.387;
0.708,-7.538,-15.229,-7.538,-15.229,-0.083, 0.393,-1.759,0.000,0.000,0.000, 0.534,-0.178, 2.387;
0.712,-7.550,-15.195,-7.550,-15.195,-0.083, 0.393,-1.759,0.000,0.000,0.000, 0.533,-0.177, 2.387;
0.723,-7.584,-15.095,-7.584,-15.095,-0.083, 0.393,-1.759,0.000,0.000,0.000, 0.532,-0.173, 2.387;
0.735,-7.622,-14.985,-7.622,-14.985,-0.083, 0.393,-1.759,0.000,0.000,0.000, 0.530,-0.170, 2.387;
0.757,-7.686,-14.786,-7.686,-14.786,-0.083, 0.393,-1.759,0.000,0.000,0.000, 0.527,-0.164, 2.387;
0.762,-7.700,-14.744,-7.700,-14.744,-0.083, 0.393,-1.759,0.000,0.000,0.000, 0.526,-0.163, 2.387;
0.772,-7.729,-14.649,-7.729,-14.649,-0.083, 0.393,-1.759,0.000,0.000,0.000, 0.525,-0.160, 2.387;
0.794,-7.789,-14.451,-7.789,-14.451,-0.083, 0.393,-1.759,0.000,0.000,0.000, 0.522,-0.154, 2.387;
0.806,-7.821,-14.340,-7.821,-14.340,-0.083, 0.393,-1.759,0.000,0.000,0.000, 0.520,-0.150, 2.387;
0.818,-7.852,-14.232,-7.852,-14.232,-0.083, 0.393,-1.759,0.000,0.000,0.000, 0.518,-0.147, 2.387;
0.830,-7.883,-14.118,-7.883,-14.118,-0.083, 0.393,-1.759,0.000,0.000,0.000, 0.516,-0.144, 2.387;
0.843,-7.912,-14.005,-7.912,-14.005,-0.083, 0.393,-1.759,0.000,0.000,0.000, 0.514,-0.140, 2.387;
0.849,-7.928,-13.946,-7.928,-13.946,-0.083, 0.393,-1.759,0.000,0.000,0.000, 0.513,-0.139, 2.387;
0.861,-7.954,-13.840,-7.954,-13.840,-0.083, 0.393,-1.759,0.000,0.000,0.000, 0.511,-0.135, 2.387;
0.872,-7.980,-13.733,-7.980,-13.733,-0.083, 0.393,-1.759,0.000,0.000,0.000, 0.509,-0.132, 2.387;
0.884,-8.006,-13.626,-8.006,-13.626,-0.083, 0.393,-1.759,0.000,0.000,0.000, 0.507,-0.129, 2.387;
0.896,-8.031,-13.516,-8.031,-13.516,-0.083, 0.393,-1.759,0.000,0.000,0.000, 0.505,-0.126, 2.387;
0.907,-8.055,-13.410,-8.055,-13.410,-0.083, 0.393,-1.759,0.000,0.000,0.000, 0.504,-0.123, 2.387;
0.919,-8.078,-13.302,-8.078,-13.302,-0.083, 0.393,-1.759,0.000,0.000,0.000, 0.502,-0.120, 2.387;
0.940,-8.118,-13.102,-8.118,-13.102,-0.083, 0.393,-1.759,0.000,0.000,0.000, 0.498,-0.114, 2.387;
0.953,-8.141,-12.984,-8.141,-12.984,-0.083, 0.393,-1.759,0.000,0.000,0.000, 0.496,-0.111, 2.387;
0.965,-8.162,-12.868,-8.162,-12.868,-0.083, 0.393,-1.759,0.000,0.000,0.000, 0.493,-0.108, 2.387;
0.977,-8.182,-12.753,-8.182,-12.753,-0.083, 0.393,-1.759,0.000,0.000,0.000, 0.491,-0.105, 2.387;
0.989,-8.201,-12.639,-8.201,-12.639,-0.083, 0.393,-1.759,0.000,0.000,0.000, 0.489,-0.102, 2.387;
1.002,-8.220,-12.524,-8.220,-12.524,-0.083, 0.393,-1.759,0.000,0.000,0.000, 0.487,-0.098, 2.387;
1.014,-8.237,-12.408,-8.237,-12.408,-0.083, 0.393,-1.759,0.000,0.000,0.000, 0.484,-0.095, 2.387;
1.017,-8.241,-12.380,-8.241,-12.380,-0.083, 0.393,-1.759,0.000,0.000,0.000, 0.484,-0.095, 2.387;
1.038,-8.269,-12.182,-8.269,-12.182,-0.083, 0.393,-1.759,0.000,0.000,0.000, 0.480,-0.089, 2.387;
1.050,-8.283,-12.071,-8.283,-12.071,-0.083, 0.393,-1.759,0.000,0.000,0.000, 0.478,-0.086, 2.387;
1.063,-8.298,-11.949,-8.298,-11.949,-0.083, 0.393,-1.759,0.000,0.000,0.000, 0.475,-0.083, 2.387;
1.074,-8.310,-11.840,-8.310,-11.840,-0.083, 0.393,-1.759,0.000,0.000,0.000, 0.473,-0.080, 2.387;
1.087,-8.323,-11.721,-8.323,-11.721,-0.083, 0.393,-1.759,0.000,0.000,0.000, 0.470,-0.077, 2.387;
1.099,-8.334,-11.606,-8.334,-11.606,-0.083, 0.393,-1.759,0.000,0.000,0.000, 0.468,-0.074, 2.387;
1.111,-8.345,-11.488,-8.345,-11.488,-0.083, 0.393,-1.759,0.000,0.000,0.000, 0.466,-0.071, 2.387;
1.124,-8.354,-11.369,-8.354,-11.369,-0.083, 0.393,-1.759,0.000,0.000,0.000, 0.463,-0.068, 2.387;
1.136,-8.363,-11.254,-8.363,-11.254,-0.083, 0.393,-1.759,0.000,0.000,0.000, 0.461,-0.065, 2.387;
1.149,-8.371,-11.135,-8.371,-11.135,-0.083, 0.393,-1.759,0.000,0.000,0.000, 0.458,-0.062, 2.387;
1.161,-8.377,-11.021,-8.377,-11.021,-0.083, 0.393,-1.759,0.000,0.000,0.000, 0.455,-0.060, 2.387;
1.172,-8.383,-10.911,-8.383,-10.911,-0.083, 0.393,-1.759,0.000,0.000,0.000, 0.453,-0.057, 2.387;
1.184,-8.388,-10.800,-8.388,-10.800,-0.083, 0.393,-1.759,0.000,0.000,0.000, 0.451,-0.054, 2.387;
1.196,-8.392,-10.681,-8.392,-10.681,-0.083, 0.393,-1.759,0.000,0.000,0.000, 0.448,-0.051, 2.387;
1.208,-8.395,-10.570,-8.395,-10.570,-0.083, 0.393,-1.759,0.000,0.000,0.000, 0.445,-0.049, 2.387;
1.220,-8.397,-10.454,-8.397,-10.454,-0.083, 0.393,-1.759,0.000,0.000,0.000, 0.443,-0.046, 2.387;
1.232,-8.399,-10.338,-8.399,-10.338,-0.083, 0.393,-1.759,0.000,0.000,0.000, 0.440,-0.043, 2.387;
1.245,-8.400,-10.223,-8.400,-10.223,-0.083, 0.393,-1.759,0.000,0.000,0.000, 0.437,-0.040, 2.387;
1.256,-8.399,-10.110,-8.399,-10.110,-0.083, 0.393,-1.759,0.000,0.000,0.000, 0.435,-0.038, 2.387;
1.269,-8.398,-9.991,-8.398,-9.991,-0.083, 0.393,-1.759,0.000,0.000,0.000, 0.432,-0.035, 2.387;
1.281,-8.396,-9.877,-8.396,-9.877,-0.083, 0.393,-1.759,0.000,0.000,0.000, 0.429,-0.032, 2.387;
1.293,-8.393,-9.759,-8.393,-9.759,-0.083, 0.393,-1.759,0.000,0.000,0.000, 0.426,-0.030, 2.387;
1.305,-8.390,-9.649,-8.390,-9.649,-0.083, 0.393,-1.759,0.000,0.000,0.000, 0.424,-0.027, 2.387;
1.317,-8.385,-9.537,-8.385,-9.537,-0.083, 0.393,-1.759,0.000,0.000,0.000, 0.421,-0.025, 2.387;
1.328,-8.380,-9.425,-8.380,-9.425,-0.083, 0.393,-1.759,0.000,0.000,0.000, 0.418,-0.022, 2.387;
1.342,-8.373,-9.299,-8.373,-9.299,-0.083, 0.393,-1.759,0.000,0.000,0.000, 0.415,-0.020, 2.387;
1.353,-8.366,-9.187,-8.366,-9.187,-0.083, 0.393,-1.759,0.000,0.000,0.000, 0.412,-0.017, 2.387;
1.366,-8.357,-9.072,-8.357,-9.072,-0.083, 0.393,-1.759,0.000,0.000,0.000, 0.410,-0.015, 2.387;
1.378,-8.348,-8.957,-8.348,-8.957,-0.083, 0.393,-1.759,0.000,0.000,0.000, 0.407,-0.012, 2.387;
1.390,-8.338,-8.837,-8.338,-8.837,-0.083, 0.393,-1.759,0.000,0.000,0.000, 0.404,-0.010, 2.387;
1.403,-8.327,-8.717,-8.327,-8.717,-0.083, 0.393,-1.759,0.000,0.000,0.000, 0.401,-0.007, 2.387;
1.416,-8.314,-8.598,-8.314,-8.598,-0.083, 0.393,-1.759,0.000,0.000,0.000, 0.398,-0.004, 2.387;
1.427,-8.302,-8.487,-8.302,-8.487,-0.083, 0.393,-1.759,0.000,0.000,0.000, 0.395,-0.002, 2.387;
1.440,-8.289,-8.372,-8.289,-8.372,-0.083, 0.393,-1.759,0.000,0.000,0.000, 0.392, 0.000, 2.387;
1.451,-8.275,-8.261,-8.275,-8.261,-0.083, 0.393,-1.759,0.000,0.000,0.000, 0.389, 0.002, 2.387;
1.465,-8.258,-8.132,-8.258,-8.132,-0.083, 0.393,-1.759,0.000,0.000,0.000, 0.385, 0.005, 2.387;
1.477,-8.241,-8.019,-8.241,-8.019,-0.083, 0.393,-1.759,0.000,0.000,0.000, 0.382, 0.007, 2.387;
1.489,-8.224,-7.902,-8.224,-7.902,-0.083, 0.393,-1.759,0.000,0.000,0.000, 0.379, 0.010, 2.387;
1.501,-8.207,-7.794,-8.207,-7.794,-0.083, 0.393,-1.759,0.000,0.000,0.000, 0.376, 0.012, 2.387;
1.513,-8.188,-7.682,-8.188,-7.682,-0.083, 0.393,-1.759,0.000,0.000,0.000, 0.373, 0.014, 2.387;
1.524,-8.169,-7.573,-8.169,-7.573,-0.083, 0.393,-1.759,0.000,0.000,0.000, 0.370, 0.016, 2.387;
1.537,-8.149,-7.458,-8.149,-7.458,-0.083, 0.393,-1.759,0.000,0.000,0.000, 0.367, 0.018, 2.387;
1.549,-8.127,-7.344,-8.127,-7.344,-0.083, 0.393,-1.759,0.000,0.000,0.000, 0.364, 0.021, 2.387;
1.560,-8.106,-7.237,-8.106,-7.237,-0.083, 0.393,-1.759,0.000,0.000,0.000, 0.361, 0.023, 2.387;
1.572,-8.084,-7.128,-8.084,-7.128,-0.083, 0.393,-1.759,0.000,0.000,0.000, 0.358, 0.025, 2.387;
1.584,-8.061,-7.018,-8.061,-7.018,-0.083, 0.393,-1.759,0.000,0.000,0.000, 0.355, 0.027, 2.387;
1.595,-8.037,-6.911,-8.037,-6.911,-0.083, 0.393,-1.759,0.000,0.000,0.000, 0.352, 0.029, 2.387;
1.607,-8.013,-6.805,-8.013,-6.805,-0.083, 0.393,-1.759,0.000,0.000,0.000, 0.349, 0.030, 2.387;
1.618,-7.989,-6.700,-7.989,-6.700,-0.083, 0.393,-1.759,0.000,0.000,0.000, 0.346, 0.032, 2.387;
1.630,-7.962,-6.588,-7.962,-6.588,-0.083, 0.393,-1.759,0.000,0.000,0.000, 0.342, 0.034, 2.387;
1.641,-7.936,-6.485,-7.936,-6.485,-0.083, 0.393,-1.759,0.000,0.000,0.000, 0.339, 0.036, 2.387;
1.653,-7.908,-6.379,-7.908,-6.379,-0.083, 0.393,-1.759,0.000,0.000,0.000, 0.336, 0.038, 2.387;
1.664,-7.880,-6.272,-7.880,-6.272,-0.083, 0.393,-1.759,0.000,0.000,0.000, 0.333, 0.040, 2.387;
1.686,-7.825,-6.071,-7.825,-6.071,-0.083, 0.393,-1.759,0.000,0.000,0.000, 0.327, 0.043, 2.387;
1.699,-7.792,-5.956,-7.792,-5.956,-0.083, 0.393,-1.759,0.000,0.000,0.000, 0.324, 0.045, 2.387;
1.712,-7.757,-5.840,-7.757,-5.840,-0.083, 0.393,-1.759,0.000,0.000,0.000, 0.320, 0.047, 2.387;
1.716,-7.745,-5.799,-7.745,-5.799,-0.083, 0.393,-1.759,0.000,0.000,0.000, 0.319, 0.048, 2.387;
1.726,-7.716,-5.706,-7.716,-5.706,-0.083, 0.393,-1.759,0.000,0.000,0.000, 0.316, 0.049, 2.387;
1.738,-7.684,-5.604,-7.684,-5.604,-0.083, 0.393,-1.759,0.000,0.000,0.000, 0.313, 0.051, 2.387;
1.760,-7.617,-5.401,-7.617,-5.401,-0.083, 0.393,-1.759,0.000,0.000,0.000, 0.307, 0.054, 2.387;
1.772,-7.581,-5.293,-7.581,-5.293,-0.083, 0.393,-1.759,0.000,0.000,0.000, 0.303, 0.056, 2.387;
1.784,-7.545,-5.189,-7.545,-5.189,-0.083, 0.393,-1.759,0.000,0.000,0.000, 0.300, 0.057, 2.387;
1.796,-7.504,-5.074,-7.504,-5.074,-0.083, 0.393,-1.759,0.000,0.000,0.000, 0.296, 0.059, 2.387;
1.800,-7.493,-5.044,-7.493,-5.044,-0.083, 0.393,-1.759,0.000,0.000,0.000, 0.296, 0.060, 2.387;
1.811,-7.455,-4.942,-7.455,-4.942,-0.083, 0.393,-1.759,0.000,0.000,0.000, 0.292, 0.061, 2.387;
1.833,-7.383,-4.750,-7.383,-4.750,-0.083, 0.393,-1.759,0.000,0.000,0.000, 0.286, 0.064, 2.387;
1.845,-7.340,-4.641,-7.340,-4.641,-0.083, 0.393,-1.759,0.000,0.000,0.000, 0.283, 0.065, 2.387;
1.858,-7.296,-4.531,-7.296,-4.531,-0.083, 0.393,-1.759,0.000,0.000,0.000, 0.279, 0.067, 2.387;
1.870,-7.253,-4.425,-7.253,-4.425,-0.083, 0.393,-1.759,0.000,0.000,0.000, 0.276, 0.068, 2.387;
1.875,-7.234,-4.379,-7.234,-4.379,-0.083, 0.393,-1.759,0.000,0.000,0.000, 0.274, 0.069, 2.387;
1.886,-7.193,-4.283,-7.193,-4.283,-0.083, 0.393,-1.759,0.000,0.000,0.000, 0.271, 0.070, 2.387;
1.897,-7.150,-4.183,-7.150,-4.183,-0.083, 0.393,-1.759,0.000,0.000,0.000, 0.267, 0.072, 2.387;
1.910,-7.103,-4.074,-7.103,-4.074,-0.083, 0.393,-1.759,0.000,0.000,0.000, 0.264, 0.073, 2.387;
1.921,-7.058,-3.974,-7.058,-3.974,-0.083, 0.393,-1.759,0.000,0.000,0.000, 0.260, 0.074, 2.387;
1.943,-6.970,-3.785,-6.970,-3.785,-0.083, 0.393,-1.759,0.000,0.000,0.000, 0.254, 0.077, 2.387;
1.955,-6.922,-3.682,-6.922,-3.682,-0.083, 0.393,-1.759,0.000,0.000,0.000, 0.250, 0.078, 2.387;
1.967,-6.872,-3.579,-6.872,-3.579,-0.083, 0.393,-1.759,0.000,0.000,0.000, 0.247, 0.079, 2.387;
1.980,-6.819,-3.471,-6.819,-3.471,-0.083, 0.393,-1.759,0.000,0.000,0.000, 0.243, 0.081, 2.387;
1.991,-6.770,-3.373,-6.770,-3.373,-0.083, 0.393,-1.759,0.000,0.000,0.000, 0.240, 0.082, 2.387;
2.003,-6.719,-3.274,-6.719,-3.274,-0.083, 0.393,-1.759,0.000,0.000,0.000, 0.236, 0.083, 2.387;
2.014,-6.668,-3.176,-6.668,-3.176,-0.083, 0.393,-1.759,0.000,0.000,0.000, 0.233, 0.084, 2.387;
2.026,-6.618,-3.081,-6.618,-3.081,-0.083, 0.393,-1.759,0.000,0.000,0.000, 0.229, 0.085, 2.387;
2.037,-6.568,-2.988,-6.568,-2.988,-0.083, 0.393,-1.759,0.000,0.000,0.000, 0.226, 0.086, 2.387;
2.049,-6.515,-2.891,-6.515,-2.891,-0.083, 0.393,-1.759,0.000,0.000,0.000, 0.223, 0.087, 2.387;
2.059,-6.464,-2.799,-6.464,-2.799,-0.083, 0.393,-1.759,0.000,0.000,0.000, 0.219, 0.088, 2.387;
2.070,-6.412,-2.708,-6.412,-2.708,-0.083, 0.393,-1.759,0.000,0.000,0.000, 0.216, 0.089, 2.387;
2.081,-6.360,-2.618,-6.360,-2.618,-0.083, 0.393,-1.759,0.000,0.000,0.000, 0.213, 0.090, 2.387;
2.092,-6.307,-2.527,-6.307,-2.527,-0.083, 0.393,-1.759,0.000,0.000,0.000, 0.209, 0.091, 2.387;
2.114,-6.204,-2.355,-6.204,-2.355,-0.083, 0.393,-1.759,0.000,0.000,0.000, 0.203, 0.093, 2.387;
2.126,-6.144,-2.256,-6.144,-2.256,-0.083, 0.393,-1.759,0.000,0.000,0.000, 0.199, 0.093, 2.387;
2.138,-6.084,-2.161,-6.084,-2.161,-0.083, 0.393,-1.759,0.000,0.000,0.000, 0.195, 0.094, 2.387;
2.149,-6.025,-2.067,-6.025,-2.067,-0.083, 0.393,-1.759,0.000,0.000,0.000, 0.192, 0.095, 2.387;
2.161,-5.967,-1.976,-5.967,-1.976,-0.083, 0.393,-1.759,0.000,0.000,0.000, 0.188, 0.096, 2.387;
2.172,-5.907,-1.885,-5.907,-1.885,-0.083, 0.393,-1.759,0.000,0.000,0.000, 0.185, 0.097, 2.387;
2.183,-5.848,-1.796,-5.848,-1.796,-0.083, 0.393,-1.759,0.000,0.000,0.000, 0.181, 0.097, 2.387;
2.195,-5.784,-1.700,-5.784,-1.700,-0.083, 0.393,-1.759,0.000,0.000,0.000, 0.178, 0.098, 2.387;
2.207,-5.723,-1.612,-5.723,-1.612,-0.083, 0.393,-1.759,0.000,0.000,0.000, 0.174, 0.099, 2.387;
2.218,-5.662,-1.525,-5.662,-1.525,-0.083, 0.393,-1.759,0.000,0.000,0.000, 0.171, 0.099, 2.387;
2.229,-5.599,-1.435,-5.599,-1.435,-0.083, 0.393,-1.759,0.000,0.000,0.000, 0.167, 0.100, 2.387;
2.240,-5.538,-1.350,-5.538,-1.350,-0.083, 0.393,-1.759,0.000,0.000,0.000, 0.164, 0.101, 2.387;
2.252,-5.475,-1.263,-5.475,-1.263,-0.083, 0.393,-1.759,0.000,0.000,0.000, 0.160, 0.101, 2.387;
2.274,-5.349,-1.094,-5.349,-1.094,-0.083, 0.393,-1.759,0.000,0.000,0.000, 0.153, 0.102, 2.387;
2.287,-5.272,-0.992,-5.272,-0.992,-0.083, 0.393,-1.759,0.000,0.000,0.000, 0.149, 0.103, 2.387;
2.291,-5.246,-0.959,-5.246,-0.959,-0.083, 0.393,-1.759,0.000,0.000,0.000, 0.148, 0.103, 2.387;
2.301,-5.188,-0.885,-5.188,-0.885,-0.083, 0.393,-1.759,0.000,0.000,0.000, 0.145, 0.103, 2.387;
2.313,-5.121,-0.799,-5.121,-0.799,-0.083, 0.393,-1.759,0.000,0.000,0.000, 0.141, 0.104, 2.387;
2.335,-4.990,-0.637,-4.990,-0.637,-0.083, 0.393,-1.759,0.000,0.000,0.000, 0.134, 0.104, 2.387;
2.338,-4.971,-0.613,-4.971,-0.613,-0.083, 0.393,-1.759,0.000,0.000,0.000, 0.133, 0.105, 2.387;
2.359,-4.844,-0.461,-4.844,-0.461,-0.083, 0.393,-1.759,0.000,0.000,0.000, 0.127, 0.105, 2.387;
2.363,-4.817,-0.428,-4.817,-0.428,-0.083, 0.393,-1.759,0.000,0.000,0.000, 0.126, 0.105, 2.387;
2.374,-4.748,-0.348,-4.748,-0.348,-0.083, 0.393,-1.759,0.000,0.000,0.000, 0.122, 0.106, 2.387;
2.397,-4.608,-0.188,-4.608,-0.188,-0.083, 0.393,-1.759,0.000,0.000,0.000, 0.115, 0.106, 2.387;
2.400,-4.585,-0.162,-4.585,-0.162,-0.083, 0.393,-1.759,0.000,0.000,0.000, 0.114, 0.106, 2.387;
2.411,-4.519,-0.087,-4.519,-0.087,-0.083, 0.393,-1.759,0.000,0.000,0.000, 0.111, 0.106, 2.387;
2.432,-4.379,0.066,-4.379,0.066,-0.083, 0.393,-1.759,0.000,0.000,0.000, 0.104, 0.107, 2.387;
2.436,-4.357,0.090,-4.357,0.090,-0.083, 0.393,-1.759,0.000,0.000,0.000, 0.103, 0.107, 2.387;
2.448,-4.281,0.171,-4.281,0.171,-0.083, 0.393,-1.759,0.000,0.000,0.000, 0.099, 0.107, 2.387;
2.469,-4.143,0.316,-4.143,0.316,-0.083, 0.393,-1.759,0.000,0.000,0.000, 0.092, 0.107, 2.387;
2.480,-4.065,0.395,-4.065,0.395,-0.083, 0.393,-1.759,0.000,0.000,0.000, 0.089, 0.107, 2.387;
2.492,-3.987,0.474,-3.987,0.474,-0.083, 0.393,-1.759,0.000,0.000,0.000, 0.085, 0.107, 2.387;
2.503,-3.909,0.552,-3.909,0.552,-0.083, 0.393,-1.759,0.000,0.000,0.000, 0.081, 0.107, 2.387;
2.515,-3.832,0.627,-3.832,0.627,-0.083, 0.393,-1.759,0.000,0.000,0.000, 0.078, 0.107, 2.387;
2.526,-3.753,0.704,-3.753,0.704,-0.083, 0.393,-1.759,0.000,0.000,0.000, 0.074, 0.107, 2.387;
2.538,-3.673,0.781,-3.673,0.781,-0.083, 0.393,-1.759,0.000,0.000,0.000, 0.071, 0.107, 2.387;
2.551,-3.583,0.865,-3.583,0.865,-0.083, 0.393,-1.759,0.000,0.000,0.000, 0.067, 0.107, 2.387;
2.563,-3.502,0.940,-3.502,0.940,-0.083, 0.393,-1.759,0.000,0.000,0.000, 0.063, 0.107, 2.387;
2.574,-3.422,1.012,-3.422,1.012,-0.083, 0.393,-1.759,0.000,0.000,0.000, 0.059, 0.107, 2.387;
2.585,-3.345,1.082,-3.345,1.082,-0.083, 0.393,-1.759,0.000,0.000,0.000, 0.056, 0.106, 2.387;
2.596,-3.267,1.151,-3.267,1.151,-0.083, 0.393,-1.759,0.000,0.000,0.000, 0.053, 0.106, 2.387;
2.607,-3.188,1.220,-3.188,1.220,-0.083, 0.393,-1.759,0.000,0.000,0.000, 0.049, 0.106, 2.387;
2.628,-3.035,1.351,-3.035,1.351,-0.083, 0.393,-1.759,0.000,0.000,0.000, 0.042, 0.106, 2.387;
2.640,-2.949,1.423,-2.949,1.423,-0.083, 0.393,-1.759,0.000,0.000,0.000, 0.039, 0.105, 2.387;
2.651,-2.863,1.494,-2.863,1.494,-0.083, 0.393,-1.759,0.000,0.000,0.000, 0.035, 0.105, 2.387;
2.663,-2.780,1.562,-2.780,1.562,-0.083, 0.393,-1.759,0.000,0.000,0.000, 0.032, 0.105, 2.387;
2.674,-2.692,1.632,-2.692,1.632,-0.083, 0.393,-1.759,0.000,0.000,0.000, 0.028, 0.104, 2.387;
2.686,-2.602,1.703,-2.602,1.703,-0.083, 0.393,-1.759,0.000,0.000,0.000, 0.024, 0.104, 2.387;
2.699,-2.510,1.775,-2.510,1.775,-0.083, 0.393,-1.759,0.000,0.000,0.000, 0.020, 0.103, 2.387;
2.713,-2.405,1.855,-2.405,1.855,-0.083, 0.393,-1.759,0.000,0.000,0.000, 0.016, 0.103, 2.387;
2.725,-2.306,1.929,-2.306,1.929,-0.083, 0.393,-1.759,0.000,0.000,0.000, 0.012, 0.102, 2.387;
2.738,-2.212,1.999,-2.212,1.999,-0.083, 0.393,-1.759,0.000,0.000,0.000, 0.008, 0.102, 2.387;
2.750,-2.121,2.065,-2.121,2.065,-0.083, 0.393,-1.759,0.000,0.000,0.000, 0.004, 0.101, 2.387;
2.762,-2.024,2.134,-2.024,2.134,-0.083, 0.393,-1.759,0.000,0.000,0.000, 0.001, 0.100, 2.387;
2.774,-1.929,2.201,-1.929,2.201,-0.083, 0.393,-1.759,0.000,0.000,0.000,-0.003, 0.100, 2.387;
2.787,-1.833,2.268,-1.833,2.268,-0.083, 0.393,-1.759,0.000,0.000,0.000,-0.007, 0.099, 2.387;
2.800,-1.727,2.340,-1.727,2.340,-0.083, 0.393,-1.759,0.000,0.000,0.000,-0.011, 0.098, 2.387;
2.803,-1.704,2.355,-1.704,2.355,-0.083, 0.393,-1.759,0.000,0.000,0.000,-0.012, 0.098, 2.387;
2.814,-1.614,2.415,-1.614,2.415,-0.083, 0.393,-1.759,0.000,0.000,0.000,-0.015, 0.097, 2.387;
2.836,-1.440,2.528,-1.440,2.528,-0.083, 0.393,-1.759,0.000,0.000,0.000,-0.022, 0.096, 2.387;
2.848,-1.347,2.588,-1.347,2.588,-0.083, 0.393,-1.759,0.000,0.000,0.000,-0.026, 0.095, 2.387;
2.859,-1.252,2.647,-1.252,2.647,-0.083, 0.393,-1.759,0.000,0.000,0.000,-0.029, 0.094, 2.387;
2.871,-1.154,2.707,-1.154,2.707,-0.083, 0.393,-1.759,0.000,0.000,0.000,-0.033, 0.094, 2.387;
2.883,-1.058,2.766,-1.058,2.766,-0.083, 0.393,-1.759,0.000,0.000,0.000,-0.037, 0.093, 2.387;
2.895,-0.960,2.824,-0.960,2.824,-0.083, 0.393,-1.759,0.000,0.000,0.000,-0.040, 0.092, 2.387;
2.907,-0.863,2.881,-0.863,2.881,-0.083, 0.393,-1.759,0.000,0.000,0.000,-0.044, 0.091, 2.387;
2.919,-0.764,2.938,-0.764,2.938,-0.083, 0.393,-1.759,0.000,0.000,0.000,-0.048, 0.090, 2.387;
2.931,-0.666,2.993,-0.666,2.993,-0.083, 0.393,-1.759,0.000,0.000,0.000,-0.051, 0.089, 2.387;
2.943,-0.562,3.051,-0.562,3.051,-0.083, 0.393,-1.759,0.000,0.000,0.000,-0.055, 0.088, 2.387;
2.955,-0.463,3.105,-0.463,3.105,-0.083, 0.393,-1.759,0.000,0.000,0.000,-0.058, 0.087, 2.387;
2.966,-0.369,3.155,-0.369,3.155,-0.083, 0.393,-1.759,0.000,0.000,0.000,-0.062, 0.086, 2.387;
2.977,-0.275,3.205,-0.275,3.205,-0.083, 0.393,-1.759,0.000,0.000,0.000,-0.065, 0.085, 2.387;
2.989,-0.177,3.256,-0.177,3.256,-0.083, 0.393,-1.759,0.000,0.000,0.000,-0.069, 0.084, 2.387;
3.000,-0.084,3.303,-0.084,3.303,-0.083, 0.393,-1.759,0.000,0.000,0.000,-0.072, 0.083, 2.387;
3.011,0.009,3.349,0.009,3.349,-0.083, 0.393,-1.759,0.000,0.000,0.000,-0.075, 0.082, 2.387;
3.022,0.103,3.396,0.103,3.396,-0.083, 0.393,-1.759,0.000,0.000,0.000,-0.078, 0.081, 2.387;
3.043,0.284,3.482,0.284,3.482,-0.083, 0.393,-1.759,0.000,0.000,0.000,-0.085, 0.078, 2.387;
3.054,0.380,3.527,0.380,3.527,-0.083, 0.393,-1.759,0.000,0.000,0.000,-0.088, 0.077, 2.387;
3.065,0.477,3.572,0.477,3.572,-0.083, 0.393,-1.759,0.000,0.000,0.000,-0.091, 0.076, 2.387;
3.076,0.574,3.615,0.574,3.615,-0.083, 0.393,-1.759,0.000,0.000,0.000,-0.095, 0.075, 2.387;
3.088,0.672,3.658,0.672,3.658,-0.083, 0.393,-1.759,0.000,0.000,0.000,-0.098, 0.073, 2.387;
3.098,0.767,3.700,0.767,3.700,-0.083, 0.393,-1.759,0.000,0.000,0.000,-0.101, 0.072, 2.387;
3.109,0.864,3.741,0.864,3.741,-0.083, 0.393,-1.759,0.000,0.000,0.000,-0.104, 0.071, 2.387;
3.120,0.960,3.781,0.960,3.781,-0.083, 0.393,-1.759,0.000,0.000,0.000,-0.107, 0.070, 2.387;
3.131,1.057,3.820,1.057,3.820,-0.083, 0.393,-1.759,0.000,0.000,0.000,-0.111, 0.068, 2.387;
3.153,1.246,3.895,1.246,3.895,-0.083, 0.393,-1.759,0.000,0.000,0.000,-0.117, 0.066, 2.387;
3.164,1.350,3.935,1.350,3.935,-0.083, 0.393,-1.759,0.000,0.000,0.000,-0.120, 0.064, 2.387;
3.176,1.457,3.976,1.457,3.976,-0.083, 0.393,-1.759,0.000,0.000,0.000,-0.124, 0.063, 2.387;
3.189,1.573,4.018,1.573,4.018,-0.083, 0.393,-1.759,0.000,0.000,0.000,-0.127, 0.061, 2.387;
3.201,1.676,4.055,1.676,4.055,-0.083, 0.393,-1.759,0.000,0.000,0.000,-0.131, 0.059, 2.387;
3.214,1.792,4.096,1.792,4.096,-0.083, 0.393,-1.759,0.000,0.000,0.000,-0.134, 0.058, 2.387;
3.226,1.901,4.133,1.901,4.133,-0.083, 0.393,-1.759,0.000,0.000,0.000,-0.138, 0.056, 2.387;
3.238,2.009,4.169,2.009,4.169,-0.083, 0.393,-1.759,0.000,0.000,0.000,-0.141, 0.054, 2.387;
3.249,2.114,4.203,2.114,4.203,-0.083, 0.393,-1.759,0.000,0.000,0.000,-0.144, 0.053, 2.387;
3.262,2.229,4.240,2.229,4.240,-0.083, 0.393,-1.759,0.000,0.000,0.000,-0.148, 0.051, 2.387;
3.275,2.347,4.276,2.347,4.276,-0.083, 0.393,-1.759,0.000,0.000,0.000,-0.151, 0.049, 2.387;
3.287,2.457,4.309,2.457,4.309,-0.083, 0.393,-1.759,0.000,0.000,0.000,-0.155, 0.047, 2.387;
3.299,2.567,4.341,2.567,4.341,-0.083, 0.393,-1.759,0.000,0.000,0.000,-0.158, 0.045, 2.387;
3.311,2.676,4.372,2.676,4.372,-0.083, 0.393,-1.759,0.000,0.000,0.000,-0.161, 0.044, 2.387;
3.324,2.792,4.403,2.792,4.403,-0.083, 0.393,-1.759,0.000,0.000,0.000,-0.165, 0.042, 2.387;
3.336,2.906,4.434,2.906,4.434,-0.083, 0.393,-1.759,0.000,0.000,0.000,-0.168, 0.040, 2.387;
3.347,3.013,4.461,3.013,4.461,-0.083, 0.393,-1.759,0.000,0.000,0.000,-0.171, 0.038, 2.387;
3.359,3.124,4.489,3.124,4.489,-0.083, 0.393,-1.759,0.000,0.000,0.000,-0.174, 0.036, 2.387;
3.373,3.247,4.519,3.247,4.519,-0.083, 0.393,-1.759,0.000,0.000,0.000,-0.178, 0.034, 2.387;
3.385,3.364,4.546,3.364,4.546,-0.083, 0.393,-1.759,0.000,0.000,0.000,-0.181, 0.032, 2.387;
3.397,3.475,4.571,3.475,4.571,-0.083, 0.393,-1.759,0.000,0.000,0.000,-0.185, 0.030, 2.387;
3.410,3.595,4.597,3.595,4.597,-0.083, 0.393,-1.759,0.000,0.000,0.000,-0.188, 0.028, 2.387;
3.423,3.712,4.621,3.712,4.621,-0.083, 0.393,-1.759,0.000,0.000,0.000,-0.191, 0.025, 2.387;
3.435,3.824,4.644,3.824,4.644,-0.083, 0.393,-1.759,0.000,0.000,0.000,-0.194, 0.023, 2.387;
3.439,3.866,4.652,3.866,4.652,-0.083, 0.393,-1.759,0.000,0.000,0.000,-0.196, 0.023, 2.387;
3.450,3.968,4.671,3.968,4.671,-0.083, 0.393,-1.759,0.000,0.000,0.000,-0.198, 0.021, 2.387;
3.471,4.166,4.707,4.166,4.707,-0.083, 0.393,-1.759,0.000,0.000,0.000,-0.204, 0.017, 2.387;
3.482,4.271,4.724,4.271,4.724,-0.083, 0.393,-1.759,0.000,0.000,0.000,-0.207, 0.015, 2.387;
3.494,4.380,4.742,4.380,4.742,-0.083, 0.393,-1.759,0.000,0.000,0.000,-0.210, 0.013, 2.387;
3.505,4.486,4.758,4.486,4.758,-0.083, 0.393,-1.759,0.000,0.000,0.000,-0.213, 0.011, 2.387;
3.516,4.591,4.774,4.591,4.774,-0.083, 0.393,-1.759,0.000,0.000,0.000,-0.215, 0.009, 2.387;
3.528,4.697,4.789,4.697,4.789,-0.083, 0.393,-1.759,0.000,0.000,0.000,-0.218, 0.007, 2.387;
3.538,4.801,4.802,4.801,4.802,-0.083, 0.393,-1.759,0.000,0.000,0.000,-0.221, 0.004, 2.387;
3.549,4.904,4.815,4.904,4.815,-0.083, 0.393,-1.759,0.000,0.000,0.000,-0.224, 0.002, 2.387;
3.560,5.009,4.828,5.009,4.828,-0.083, 0.393,-1.759,0.000,0.000,0.000,-0.226, 0.000, 2.387;
3.582,5.209,4.850,5.209,4.850,-0.083, 0.393,-1.759,0.000,0.000,0.000,-0.232,-0.004, 2.387;
3.594,5.325,4.861,5.325,4.861,-0.083, 0.393,-1.759,0.000,0.000,0.000,-0.235,-0.006, 2.387;
3.605,5.436,4.871,5.436,4.871,-0.083, 0.393,-1.759,0.000,0.000,0.000,-0.237,-0.009, 2.387;
3.617,5.546,4.880,5.546,4.880,-0.083, 0.393,-1.759,0.000,0.000,0.000,-0.240,-0.011, 2.387;
3.629,5.657,4.888,5.657,4.888,-0.083, 0.393,-1.759,0.000,0.000,0.000,-0.243,-0.013, 2.387;
3.640,5.764,4.896,5.764,4.896,-0.083, 0.393,-1.759,0.000,0.000,0.000,-0.246,-0.016, 2.387;
3.651,5.871,4.902,5.871,4.902,-0.083, 0.393,-1.759,0.000,0.000,0.000,-0.248,-0.018, 2.387;
3.662,5.978,4.908,5.978,4.908,-0.083, 0.393,-1.759,0.000,0.000,0.000,-0.251,-0.020, 2.387;
3.673,6.082,4.913,6.082,4.913,-0.083, 0.393,-1.759,0.000,0.000,0.000,-0.254,-0.023, 2.387;
3.685,6.192,4.917,6.192,4.917,-0.083, 0.393,-1.759,0.000,0.000,0.000,-0.256,-0.025, 2.387;
3.697,6.310,4.921,6.310,4.921,-0.083, 0.393,-1.759,0.000,0.000,0.000,-0.259,-0.028, 2.387;
3.709,6.419,4.924,6.419,4.924,-0.083, 0.393,-1.759,0.000,0.000,0.000,-0.262,-0.030, 2.387;
3.720,6.528,4.926,6.528,4.926,-0.083, 0.393,-1.759,0.000,0.000,0.000,-0.264,-0.033, 2.387;
3.731,6.634,4.927,6.634,4.927,-0.083, 0.393,-1.759,0.000,0.000,0.000,-0.267,-0.035, 2.387;
3.753,6.843,4.927,6.843,4.927,-0.083, 0.393,-1.759,0.000,0.000,0.000,-0.272,-0.040, 2.387;
3.759,6.898,4.927,6.898,4.927,-0.083, 0.393,-1.759,0.000,0.000,0.000,-0.273,-0.041, 2.387;
3.768,6.988,4.925,6.988,4.925,-0.083, 0.393,-1.759,0.000,0.000,0.000,-0.275,-0.043, 2.387;
3.779,7.095,4.923,7.095,4.923,-0.083, 0.393,-1.759,0.000,0.000,0.000,-0.277,-0.046, 2.387;
3.801,7.303,4.917,7.303,4.917,-0.083, 0.393,-1.759,0.000,0.000,0.000,-0.282,-0.051, 2.387;
3.814,7.423,4.912,7.423,4.912,-0.083, 0.393,-1.759,0.000,0.000,0.000,-0.285,-0.054, 2.387;
3.826,7.542,4.906,7.542,4.906,-0.083, 0.393,-1.759,0.000,0.000,0.000,-0.288,-0.057, 2.387;
3.838,7.656,4.900,7.656,4.900,-0.083, 0.393,-1.759,0.000,0.000,0.000,-0.290,-0.059, 2.387;
3.850,7.772,4.893,7.772,4.893,-0.083, 0.393,-1.759,0.000,0.000,0.000,-0.293,-0.062, 2.387;
3.862,7.885,4.884,7.885,4.884,-0.083, 0.393,-1.759,0.000,0.000,0.000,-0.295,-0.065, 2.387;
3.875,8.000,4.875,8.000,4.875,-0.083, 0.393,-1.759,0.000,0.000,0.000,-0.298,-0.068, 2.387;
3.888,8.125,4.865,8.125,4.865,-0.083, 0.393,-1.759,0.000,0.000,0.000,-0.300,-0.071, 2.387;
3.891,8.156,4.862,8.156,4.862,-0.083, 0.393,-1.759,0.000,0.000,0.000,-0.301,-0.072, 2.387;
3.902,8.262,4.851,8.262,4.851,-0.083, 0.393,-1.759,0.000,0.000,0.000,-0.303,-0.075, 2.387;
3.924,8.469,4.829,8.469,4.829,-0.083, 0.393,-1.759,0.000,0.000,0.000,-0.307,-0.080, 2.387;
3.929,8.517,4.823,8.517,4.823,-0.083, 0.393,-1.759,0.000,0.000,0.000,-0.308,-0.081, 2.387;
3.940,8.620,4.811,8.620,4.811,-0.083, 0.393,-1.759,0.000,0.000,0.000,-0.311,-0.084, 2.387;
3.951,8.729,4.797,8.729,4.797,-0.083, 0.393,-1.759,0.000,0.000,0.000,-0.313,-0.087, 2.387;
3.973,8.934,4.769,8.934,4.769,-0.083, 0.393,-1.759,0.000,0.000,0.000,-0.317,-0.092, 2.387;
3.977,8.970,4.763,8.970,4.763,-0.083, 0.393,-1.759,0.000,0.000,0.000,-0.318,-0.093, 2.387;
3.988,9.078,4.747,9.078,4.747,-0.083, 0.393,-1.759,0.000,0.000,0.000,-0.320,-0.096, 2.387;
4.010,9.281,4.714,9.281,4.714,-0.083, 0.393,-1.759,0.000,0.000,0.000,-0.324,-0.101, 2.387;
4.022,9.392,4.695,9.392,4.695,-0.083, 0.393,-1.759,0.000,0.000,0.000,-0.326,-0.104, 2.387;
4.034,9.508,4.674,9.508,4.674,-0.083, 0.393,-1.759,0.000,0.000,0.000,-0.328,-0.108, 2.387;
4.047,9.634,4.650,9.634,4.650,-0.083, 0.393,-1.759,0.000,0.000,0.000,-0.331,-0.111, 2.387;
4.051,9.670,4.643,9.670,4.643,-0.083, 0.393,-1.759,0.000,0.000,0.000,-0.331,-0.112, 2.387;
4.063,9.778,4.621,9.778,4.621,-0.083, 0.393,-1.759,0.000,0.000,0.000,-0.333,-0.115, 2.387;
4.074,9.883,4.599,9.883,4.599,-0.083, 0.393,-1.759,0.000,0.000,0.000,-0.335,-0.118, 2.387;
4.085,9.987,4.577,9.987,4.577,-0.083, 0.393,-1.759,0.000,0.000,0.000,-0.337,-0.121, 2.387;
4.107,10.191,4.531,10.191,4.531,-0.083, 0.393,-1.759,0.000,0.000,0.000,-0.341,-0.127, 2.387;
4.119,10.301,4.505,10.301,4.505,-0.083, 0.393,-1.759,0.000,0.000,0.000,-0.343,-0.130, 2.387;
4.131,10.410,4.478,10.410,4.478,-0.083, 0.393,-1.759,0.000,0.000,0.000,-0.345,-0.133, 2.387;
4.144,10.533,4.447,10.533,4.447,-0.083, 0.393,-1.759,0.000,0.000,0.000,-0.347,-0.137, 2.387;
4.148,10.571,4.437,10.571,4.437,-0.083, 0.393,-1.759,0.000,0.000,0.000,-0.347,-0.138, 2.387;
4.160,10.677,4.409,10.677,4.409,-0.083, 0.393,-1.759,0.000,0.000,0.000,-0.349,-0.141, 2.387;
4.182,10.881,4.353,10.881,4.353,-0.083, 0.393,-1.759,0.000,0.000,0.000,-0.353,-0.147, 2.387;
4.185,10.912,4.344,10.912,4.344,-0.083, 0.393,-1.759,0.000,0.000,0.000,-0.353,-0.148, 2.387;
4.196,11.015,4.314,11.015,4.314,-0.083, 0.393,-1.759,0.000,0.000,0.000,-0.355,-0.151, 2.387;
4.209,11.129,4.280,11.129,4.280,-0.083, 0.393,-1.759,0.000,0.000,0.000,-0.357,-0.154, 2.387;
4.220,11.233,4.248,11.233,4.248,-0.083, 0.393,-1.759,0.000,0.000,0.000,-0.359,-0.158, 2.387;
4.243,11.440,4.183,11.440,4.183,-0.083, 0.393,-1.759,0.000,0.000,0.000,-0.362,-0.164, 2.387;
4.248,11.486,4.168,11.486,4.168,-0.083, 0.393,-1.759,0.000,0.000,0.000,-0.363,-0.165, 2.387;
4.258,11.578,4.137,11.578,4.137,-0.083, 0.393,-1.759,0.000,0.000,0.000,-0.364,-0.168, 2.387;
4.270,11.684,4.101,11.684,4.101,-0.083, 0.393,-1.759,0.000,0.000,0.000,-0.366,-0.171, 2.387;
4.281,11.788,4.065,11.788,4.065,-0.083, 0.393,-1.759,0.000,0.000,0.000,-0.367,-0.175, 2.387;
4.304,11.990,3.992,11.990,3.992,-0.083, 0.393,-1.759,0.000,0.000,0.000,-0.370,-0.181, 2.387;
4.311,12.050,3.970,12.050,3.970,-0.083, 0.393,-1.759,0.000,0.000,0.000,-0.371,-0.183, 2.387;
4.321,12.145,3.934,12.145,3.934,-0.083, 0.393,-1.759,0.000,0.000,0.000,-0.373,-0.186, 2.387;
4.333,12.246,3.895,12.246,3.895,-0.083, 0.393,-1.759,0.000,0.000,0.000,-0.374,-0.189, 2.387;
4.345,12.360,3.850,12.360,3.850,-0.083, 0.393,-1.759,0.000,0.000,0.000,-0.376,-0.193, 2.387;
4.357,12.459,3.810,12.459,3.810,-0.083, 0.393,-1.759,0.000,0.000,0.000,-0.377,-0.196, 2.387;
4.369,12.570,3.765,12.570,3.765,-0.083, 0.393,-1.759,0.000,0.000,0.000,-0.379,-0.200, 2.387;
4.381,12.672,3.722,12.672,3.722,-0.083, 0.393,-1.759,0.000,0.000,0.000,-0.380,-0.203, 2.387;
4.392,12.771,3.680,12.771,3.680,-0.083, 0.393,-1.759,0.000,0.000,0.000,-0.381,-0.206, 2.387;
4.403,12.870,3.636,12.870,3.636,-0.083, 0.393,-1.759,0.000,0.000,0.000,-0.383,-0.210, 2.387;
4.425,13.059,3.552,13.059,3.552,-0.083, 0.393,-1.759,0.000,0.000,0.000,-0.385,-0.216, 2.387;
4.437,13.159,3.505,13.159,3.505,-0.083, 0.393,-1.759,0.000,0.000,0.000,-0.386,-0.220, 2.387;
4.449,13.264,3.456,13.264,3.456,-0.083, 0.393,-1.759,0.000,0.000,0.000,-0.388,-0.223, 2.387;
4.461,13.368,3.406,13.368,3.406,-0.083, 0.393,-1.759,0.000,0.000,0.000,-0.389,-0.227, 2.387;
4.472,13.468,3.357,13.468,3.357,-0.083, 0.393,-1.759,0.000,0.000,0.000,-0.390,-0.230, 2.387;
4.484,13.567,3.307,13.567,3.307,-0.083, 0.393,-1.759,0.000,0.000,0.000,-0.391,-0.234, 2.387;
4.498,13.686,3.247,13.686,3.247,-0.083, 0.393,-1.759,0.000,0.000,0.000,-0.393,-0.238, 2.387;
4.512,13.805,3.185,13.805,3.185,-0.083, 0.393,-1.759,0.000,0.000,0.000,-0.394,-0.242, 2.387;
4.516,13.838,3.168,13.838,3.168,-0.083, 0.393,-1.759,0.000,0.000,0.000,-0.394,-0.243, 2.387;
4.526,13.925,3.122,13.925,3.122,-0.083, 0.393,-1.759,0.000,0.000,0.000,-0.395,-0.246, 2.387;
4.548,14.107,3.022,14.107,3.022,-0.083, 0.393,-1.759,0.000,0.000,0.000,-0.397,-0.253, 2.387;
4.551,14.133,3.008,14.133,3.008,-0.083, 0.393,-1.759,0.000,0.000,0.000,-0.398,-0.254, 2.387;
4.563,14.236,2.950,14.236,2.950,-0.083, 0.393,-1.759,0.000,0.000,0.000,-0.399,-0.257, 2.387;
4.575,14.331,2.896,14.331,2.896,-0.083, 0.393,-1.759,0.000,0.000,0.000,-0.400,-0.261, 2.387;
4.598,14.519,2.785,14.519,2.785,-0.083, 0.393,-1.759,0.000,0.000,0.000,-0.402,-0.268, 2.387;
4.602,14.554,2.764,14.554,2.764,-0.083, 0.393,-1.759,0.000,0.000,0.000,-0.402,-0.269, 2.387;
4.613,14.641,2.712,14.641,2.712,-0.083, 0.393,-1.759,0.000,0.000,0.000,-0.403,-0.272, 2.387;
4.624,14.732,2.656,14.732,2.656,-0.083, 0.393,-1.759,0.000,0.000,0.000,-0.404,-0.276, 2.387;
4.646,14.911,2.544,14.911,2.544,-0.083, 0.393,-1.759,0.000,0.000,0.000,-0.405,-0.283, 2.387;
4.649,14.937,2.527,14.937,2.527,-0.083, 0.393,-1.759,0.000,0.000,0.000,-0.405,-0.284, 2.387;
4.660,15.026,2.469,15.026,2.469,-0.083, 0.393,-1.759,0.000,0.000,0.000,-0.406,-0.287, 2.387;
4.682,15.200,2.355,15.200,2.355,-0.083, 0.393,-1.759,0.000,0.000,0.000,-0.407,-0.294, 2.387;
4.695,15.304,2.284,15.304,2.284,-0.083, 0.393,-1.759,0.000,0.000,0.000,-0.408,-0.298, 2.387;
4.699,15.331,2.266,15.331,2.266,-0.083, 0.393,-1.759,0.000,0.000,0.000,-0.408,-0.299, 2.387;
4.709,15.416,2.207,15.416,2.207,-0.083, 0.393,-1.759,0.000,0.000,0.000,-0.409,-0.302, 2.387;
4.731,15.583,2.089,15.583,2.089,-0.083, 0.393,-1.759,0.000,0.000,0.000,-0.410,-0.309, 2.387;
4.743,15.679,2.020,15.679,2.020,-0.083, 0.393,-1.759,0.000,0.000,0.000,-0.411,-0.313, 2.387;
4.756,15.781,1.945,15.781,1.945,-0.083, 0.393,-1.759,0.000,0.000,0.000,-0.412,-0.317, 2.387;
4.761,15.813,1.921,15.813,1.921,-0.083, 0.393,-1.759,0.000,0.000,0.000,-0.412,-0.318, 2.387;
4.772,15.896,1.859,15.896,1.859,-0.083, 0.393,-1.759,0.000,0.000,0.000,-0.412,-0.321, 2.387;
4.783,15.982,1.793,15.982,1.793,-0.083, 0.393,-1.759,0.000,0.000,0.000,-0.413,-0.325, 2.387;
4.795,16.076,1.721,16.076,1.721,-0.083, 0.393,-1.759,0.000,0.000,0.000,-0.413,-0.329, 2.387;
4.817,16.238,1.593,16.238,1.593,-0.083, 0.393,-1.759,0.000,0.000,0.000,-0.414,-0.335, 2.387;
4.829,16.330,1.519,16.330,1.519,-0.083, 0.393,-1.759,0.000,0.000,0.000,-0.415,-0.339, 2.387;
4.841,16.418,1.447,16.418,1.447,-0.083, 0.393,-1.759,0.000,0.000,0.000,-0.415,-0.343, 2.387;
4.853,16.508,1.372,16.508,1.372,-0.083, 0.393,-1.759,0.000,0.000,0.000,-0.415,-0.347, 2.387;
4.858,16.539,1.346,16.539,1.346,-0.083, 0.393,-1.759,0.000,0.000,0.000,-0.415,-0.348, 2.387;
4.868,16.614,1.282,16.614,1.282,-0.083, 0.393,-1.759,0.000,0.000,0.000,-0.416,-0.351, 2.387;
4.890,16.772,1.145,16.772,1.145,-0.083, 0.393,-1.759,0.000,0.000,0.000,-0.416,-0.358, 2.387;
4.901,16.855,1.071,16.855,1.071,-0.083, 0.393,-1.759,0.000,0.000,0.000,-0.416,-0.362, 2.387;
4.913,16.938,0.996,16.938,0.996,-0.083, 0.393,-1.759,0.000,0.000,0.000,-0.417,-0.366, 2.387;
4.925,17.022,0.920,17.022,0.920,-0.083, 0.393,-1.759,0.000,0.000,0.000,-0.417,-0.369, 2.387;
4.938,17.110,0.839,17.110,0.839,-0.083, 0.393,-1.759,0.000,0.000,0.000,-0.417,-0.373, 2.387;
4.951,17.200,0.754,17.200,0.754,-0.083, 0.393,-1.759,0.000,0.000,0.000,-0.417,-0.377, 2.387;
4.963,17.285,0.673,17.285,0.673,-0.083, 0.393,-1.759,0.000,0.000,0.000,-0.417,-0.381, 2.387;
4.975,17.366,0.594,17.366,0.594,-0.083, 0.393,-1.759,0.000,0.000,0.000,-0.417,-0.385, 2.387;
4.987,17.450,0.511,17.450,0.511,-0.083, 0.393,-1.759,0.000,0.000,0.000,-0.417,-0.389, 2.387;
4.999,17.532,0.430,17.532,0.430,-0.083, 0.393,-1.759,0.000,0.000,0.000,-0.417,-0.393, 2.387;
5.011,17.611,0.349,17.611,0.349,-0.083, 0.393,-1.759,0.000,0.000,0.000,-0.417,-0.396, 2.387;
5.023,17.690,0.267,17.690,0.267,-0.083, 0.393,-1.759,0.000,0.000,0.000,-0.417,-0.400, 2.387;
5.035,17.768,0.186,17.768,0.186,-0.083, 0.393,-1.759,0.000,0.000,0.000,-0.417,-0.404, 2.387;
5.047,17.851,0.097,17.851,0.097,-0.083, 0.393,-1.759,0.000,0.000,0.000,-0.417,-0.408, 2.387;
5.061,17.939,0.002,17.939,0.002,-0.083, 0.393,-1.759,0.000,0.000,0.000,-0.417,-0.412, 2.387;
5.073,18.020,-0.086,18.020,-0.086,-0.083, 0.393,-1.759,0.000,0.000,0.000,-0.417,-0.416, 2.387;
5.079,18.053,-0.123,18.053,-0.123,-0.083, 0.393,-1.759,0.000,0.000,0.000,-0.417,-0.417, 2.387;
5.089,18.121,-0.199,18.121,-0.199,-0.083, 0.393,-1.759,0.000,0.000,0.000,-0.417,-0.421, 2.387;
5.101,18.193,-0.281,18.193,-0.281,-0.083, 0.393,-1.759,0.000,0.000,0.000,-0.416,-0.424, 2.387;
5.123,18.331,-0.442,18.331,-0.442,-0.083, 0.393,-1.759,0.000,0.000,0.000,-0.416,-0.431, 2.387;
5.126,18.351,-0.466,18.351,-0.466,-0.083, 0.393,-1.759,0.000,0.000,0.000,-0.416,-0.432, 2.387;
5.137,18.419,-0.547,18.419,-0.547,-0.083, 0.393,-1.759,0.000,0.000,0.000,-0.416,-0.436, 2.387;
5.158,18.548,-0.704,18.548,-0.704,-0.083, 0.393,-1.759,0.000,0.000,0.000,-0.415,-0.442, 2.387;
5.172,18.628,-0.803,18.628,-0.803,-0.083, 0.393,-1.759,0.000,0.000,0.000,-0.415,-0.447, 2.387;
5.183,18.696,-0.890,18.696,-0.890,-0.083, 0.393,-1.759,0.000,0.000,0.000,-0.414,-0.450, 2.387;
5.194,18.762,-0.974,18.762,-0.974,-0.083, 0.393,-1.759,0.000,0.000,0.000,-0.414,-0.454, 2.387;
5.206,18.827,-1.059,18.827,-1.059,-0.083, 0.393,-1.759,0.000,0.000,0.000,-0.413,-0.457, 2.387;
5.217,18.892,-1.144,18.892,-1.144,-0.083, 0.393,-1.759,0.000,0.000,0.000,-0.413,-0.461, 2.387;
5.228,18.958,-1.233,18.958,-1.233,-0.083, 0.393,-1.759,0.000,0.000,0.000,-0.412,-0.464, 2.387;
5.240,19.026,-1.325,19.026,-1.325,-0.083, 0.393,-1.759,0.000,0.000,0.000,-0.412,-0.468, 2.387;
5.251,19.088,-1.411,19.088,-1.411,-0.083, 0.393,-1.759,0.000,0.000,0.000,-0.411,-0.471, 2.387;
5.262,19.149,-1.497,19.149,-1.497,-0.083, 0.393,-1.759,0.000,0.000,0.000,-0.411,-0.475, 2.387;
5.273,19.209,-1.583,19.209,-1.583,-0.083, 0.393,-1.759,0.000,0.000,0.000,-0.410,-0.478, 2.387;
5.284,19.269,-1.669,19.269,-1.669,-0.083, 0.393,-1.759,0.000,0.000,0.000,-0.409,-0.482, 2.387;
5.306,19.383,-1.837,19.383,-1.837,-0.083, 0.393,-1.759,0.000,0.000,0.000,-0.408,-0.488, 2.387;
5.317,19.444,-1.930,19.444,-1.930,-0.083, 0.393,-1.759,0.000,0.000,0.000,-0.408,-0.492, 2.387;
5.329,19.506,-2.025,19.506,-2.025,-0.083, 0.393,-1.759,0.000,0.000,0.000,-0.407,-0.495, 2.387;
5.341,19.568,-2.121,19.568,-2.121,-0.083, 0.393,-1.759,0.000,0.000,0.000,-0.406,-0.499, 2.387;
5.354,19.635,-2.227,19.635,-2.227,-0.083, 0.393,-1.759,0.000,0.000,0.000,-0.405,-0.503, 2.387;
5.365,19.691,-2.319,19.691,-2.319,-0.083, 0.393,-1.759,0.000,0.000,0.000,-0.404,-0.507, 2.387;
5.377,19.750,-2.416,19.750,-2.416,-0.083, 0.393,-1.759,0.000,0.000,0.000,-0.403,-0.510, 2.387;
5.389,19.809,-2.513,19.809,-2.513,-0.083, 0.393,-1.759,0.000,0.000,0.000,-0.403,-0.514, 2.387;
5.401,19.867,-2.612,19.867,-2.612,-0.083, 0.393,-1.759,0.000,0.000,0.000,-0.402,-0.517, 2.387;
5.414,19.927,-2.716,19.927,-2.716,-0.083, 0.393,-1.759,0.000,0.000,0.000,-0.401,-0.521, 2.387;
5.426,19.983,-2.815,19.983,-2.815,-0.083, 0.393,-1.759,0.000,0.000,0.000,-0.400,-0.525, 2.387;
5.438,20.041,-2.918,20.041,-2.918,-0.083, 0.393,-1.759,0.000,0.000,0.000,-0.399,-0.529, 2.387;
5.450,20.096,-3.020,20.096,-3.020,-0.083, 0.393,-1.759,0.000,0.000,0.000,-0.398,-0.532, 2.387;
5.462,20.150,-3.119,20.150,-3.119,-0.083, 0.393,-1.759,0.000,0.000,0.000,-0.397,-0.536, 2.387;
5.474,20.204,-3.220,20.204,-3.220,-0.083, 0.393,-1.759,0.000,0.000,0.000,-0.395,-0.539, 2.387;
5.485,20.254,-3.317,20.254,-3.317,-0.083, 0.393,-1.759,0.000,0.000,0.000,-0.394,-0.543, 2.387;
5.497,20.304,-3.415,20.304,-3.415,-0.083, 0.393,-1.759,0.000,0.000,0.000,-0.393,-0.546, 2.387;
5.508,20.354,-3.514,20.354,-3.514,-0.083, 0.393,-1.759,0.000,0.000,0.000,-0.392,-0.550, 2.387;
5.520,20.404,-3.616,20.404,-3.616,-0.083, 0.393,-1.759,0.000,0.000,0.000,-0.391,-0.553, 2.387;
5.532,20.451,-3.715,20.451,-3.715,-0.083, 0.393,-1.759,0.000,0.000,0.000,-0.390,-0.557, 2.387;
5.544,20.503,-3.823,20.503,-3.823,-0.083, 0.393,-1.759,0.000,0.000,0.000,-0.388,-0.560, 2.387;
5.556,20.550,-3.924,20.550,-3.924,-0.083, 0.393,-1.759,0.000,0.000,0.000,-0.387,-0.564, 2.387;
5.567,20.594,-4.022,20.594,-4.022,-0.083, 0.393,-1.759,0.000,0.000,0.000,-0.386,-0.567, 2.387;
5.579,20.640,-4.123,20.640,-4.123,-0.083, 0.393,-1.759,0.000,0.000,0.000,-0.385,-0.571, 2.387;
5.591,20.687,-4.231,20.687,-4.231,-0.083, 0.393,-1.759,0.000,0.000,0.000,-0.383,-0.574, 2.387;
5.602,20.729,-4.329,20.729,-4.329,-0.083, 0.393,-1.759,0.000,0.000,0.000,-0.382,-0.577, 2.387;
5.625,20.812,-4.529,20.812,-4.529,-0.083, 0.393,-1.759,0.000,0.000,0.000,-0.379,-0.584, 2.387;
5.631,20.834,-4.581,20.834,-4.581,-0.083, 0.393,-1.759,0.000,0.000,0.000,-0.379,-0.586, 2.387;
5.641,20.870,-4.671,20.870,-4.671,-0.083, 0.393,-1.759,0.000,0.000,0.000,-0.377,-0.589, 2.387;
5.652,20.909,-4.772,20.909,-4.772,-0.083, 0.393,-1.759,0.000,0.000,0.000,-0.376,-0.592, 2.387;
5.664,20.949,-4.875,20.949,-4.875,-0.083, 0.393,-1.759,0.000,0.000,0.000,-0.375,-0.595, 2.387;
5.675,20.988,-4.979,20.988,-4.979,-0.083, 0.393,-1.759,0.000,0.000,0.000,-0.373,-0.599, 2.387;
5.697,21.060,-5.175,21.060,-5.175,-0.083, 0.393,-1.759,0.000,0.000,0.000,-0.370,-0.605, 2.387;
5.709,21.098,-5.283,21.098,-5.283,-0.083, 0.393,-1.759,0.000,0.000,0.000,-0.369,-0.608, 2.387;
5.721,21.135,-5.393,21.135,-5.393,-0.083, 0.393,-1.759,0.000,0.000,0.000,-0.367,-0.612, 2.387;
5.733,21.172,-5.503,21.172,-5.503,-0.083, 0.393,-1.759,0.000,0.000,0.000,-0.365,-0.615, 2.387;
5.745,21.208,-5.612,21.208,-5.612,-0.083, 0.393,-1.759,0.000,0.000,0.000,-0.364,-0.618, 2.387;
5.758,21.246,-5.731,21.246,-5.731,-0.083, 0.393,-1.759,0.000,0.000,0.000,-0.362,-0.622, 2.387;
5.770,21.278,-5.836,21.278,-5.836,-0.083, 0.393,-1.759,0.000,0.000,0.000,-0.360,-0.625, 2.387;
5.782,21.311,-5.945,21.311,-5.945,-0.083, 0.393,-1.759,0.000,0.000,0.000,-0.358,-0.629, 2.387;
5.794,21.344,-6.056,21.344,-6.056,-0.083, 0.393,-1.759,0.000,0.000,0.000,-0.357,-0.632, 2.387;
5.806,21.375,-6.166,21.375,-6.166,-0.083, 0.393,-1.759,0.000,0.000,0.000,-0.355,-0.635, 2.387;
5.819,21.409,-6.288,21.409,-6.288,-0.083, 0.393,-1.759,0.000,0.000,0.000,-0.353,-0.639, 2.387;
5.831,21.439,-6.398,21.439,-6.398,-0.083, 0.393,-1.759,0.000,0.000,0.000,-0.351,-0.642, 2.387;
5.843,21.468,-6.510,21.468,-6.510,-0.083, 0.393,-1.759,0.000,0.000,0.000,-0.349,-0.645, 2.387;
5.855,21.496,-6.620,21.496,-6.620,-0.083, 0.393,-1.759,0.000,0.000,0.000,-0.347,-0.649, 2.387;
5.867,21.524,-6.734,21.524,-6.734,-0.083, 0.393,-1.759,0.000,0.000,0.000,-0.345,-0.652, 2.387;
5.879,21.549,-6.842,21.549,-6.842,-0.083, 0.393,-1.759,0.000,0.000,0.000,-0.343,-0.655, 2.387;
5.891,21.575,-6.954,21.575,-6.954,-0.083, 0.393,-1.759,0.000,0.000,0.000,-0.341,-0.658, 2.387;
5.902,21.598,-7.061,21.598,-7.061,-0.083, 0.393,-1.759,0.000,0.000,0.000,-0.339,-0.661, 2.387;
5.915,21.624,-7.181,21.624,-7.181,-0.083, 0.393,-1.759,0.000,0.000,0.000,-0.337,-0.665, 2.387;
5.929,21.650,-7.310,21.650,-7.310,-0.083, 0.393,-1.759,0.000,0.000,0.000,-0.335,-0.668, 2.387;
5.941,21.673,-7.428,21.673,-7.428,-0.083, 0.393,-1.759,0.000,0.000,0.000,-0.332,-0.672, 2.387;
5.953,21.694,-7.538,21.694,-7.538,-0.083, 0.393,-1.759,0.000,0.000,0.000,-0.330,-0.675, 2.387;
5.965,21.714,-7.649,21.714,-7.649,-0.083, 0.393,-1.759,0.000,0.000,0.000,-0.328,-0.678, 2.387;
5.977,21.733,-7.762,21.733,-7.762,-0.083, 0.393,-1.759,0.000,0.000,0.000,-0.326,-0.681, 2.387;
5.991,21.755,-7.894,21.755,-7.894,-0.083, 0.393,-1.759,0.000,0.000,0.000,-0.324,-0.684, 2.387;
6.002,21.772,-8.006,21.772,-8.006,-0.083, 0.393,-1.759,0.000,0.000,0.000,-0.321,-0.687, 2.387;
6.014,21.789,-8.119,21.789,-8.119,-0.083, 0.393,-1.759,0.000,0.000,0.000,-0.319,-0.690, 2.387;
6.027,21.806,-8.240,21.806,-8.240,-0.083, 0.393,-1.759,0.000,0.000,0.000,-0.317,-0.694, 2.387;
6.039,21.821,-8.355,21.821,-8.355,-0.083, 0.393,-1.759,0.000,0.000,0.000,-0.315,-0.697, 2.387;
6.051,21.835,-8.468,21.835,-8.468,-0.083, 0.393,-1.759,0.000,0.000,0.000,-0.312,-0.700, 2.387;
6.063,21.849,-8.584,21.849,-8.584,-0.083, 0.393,-1.759,0.000,0.000,0.000,-0.310,-0.703, 2.387;
6.075,21.862,-8.698,21.862,-8.698,-0.083, 0.393,-1.759,0.000,0.000,0.000,-0.308,-0.706, 2.387;
6.088,21.874,-8.817,21.874,-8.817,-0.083, 0.393,-1.759,0.000,0.000,0.000,-0.305,-0.709, 2.387;
6.100,21.884,-8.928,21.884,-8.928,-0.083, 0.393,-1.759,0.000,0.000,0.000,-0.303,-0.711, 2.387;
6.112,21.894,-9.045,21.894,-9.045,-0.083, 0.393,-1.759,0.000,0.000,0.000,-0.300,-0.714, 2.387;
6.124,21.903,-9.162,21.903,-9.162,-0.083, 0.393,-1.759,0.000,0.000,0.000,-0.298,-0.717, 2.387;
6.137,21.912,-9.285,21.912,-9.285,-0.083, 0.393,-1.759,0.000,0.000,0.000,-0.295,-0.720, 2.387;
6.149,21.919,-9.400,21.919,-9.400,-0.083, 0.393,-1.759,0.000,0.000,0.000,-0.293,-0.723, 2.387;
6.160,21.925,-9.507,21.925,-9.507,-0.083, 0.393,-1.759,0.000,0.000,0.000,-0.290,-0.726, 2.387;
6.171,21.930,-9.615,21.930,-9.615,-0.083, 0.393,-1.759,0.000,0.000,0.000,-0.288,-0.729, 2.387;
6.183,21.935,-9.726,21.935,-9.726,-0.083, 0.393,-1.759,0.000,0.000,0.000,-0.286,-0.731, 2.387;
6.195,21.939,-9.837,21.939,-9.837,-0.083, 0.393,-1.759,0.000,0.000,0.000,-0.283,-0.734, 2.387;
6.206,21.942,-9.948,21.942,-9.948,-0.083, 0.393,-1.759,0.000,0.000,0.000,-0.281,-0.737, 2.387;
6.218,21.944,-10.059,21.944,-10.059,-0.083, 0.393,-1.759,0.000,0.000,0.000,-0.278,-0.739, 2.387;
6.229,21.945,-10.165,21.945,-10.165,-0.083, 0.393,-1.759,0.000,0.000,0.000,-0.276,-0.742, 2.387;
6.240,21.946,-10.271,21.946,-10.271,-0.083, 0.393,-1.759,0.000,0.000,0.000,-0.273,-0.744, 2.387;
6.251,21.945,-10.377,21.945,-10.377,-0.083, 0.393,-1.759,0.000,0.000,0.000,-0.271,-0.747, 2.387;
6.262,21.945,-10.483,21.945,-10.483,-0.083, 0.393,-1.759,0.000,0.000,0.000,-0.268,-0.749, 2.387;
6.283,21.941,-10.686,21.941,-10.686,-0.083, 0.393,-1.759,0.000,0.000,0.000,-0.263,-0.754, 2.387;
6.296,21.937,-10.807,21.937,-10.807,-0.083, 0.393,-1.759,0.000,0.000,0.000,-0.261,-0.756, 2.387;
6.309,21.933,-10.928,21.933,-10.928,-0.083, 0.393,-1.759,0.000,0.000,0.000,-0.258,-0.759, 2.387;
6.320,21.928,-11.036,21.928,-11.036,-0.083, 0.393,-1.759,0.000,0.000,0.000,-0.255,-0.762, 2.387;
6.331,21.922,-11.144,21.922,-11.144,-0.083, 0.393,-1.759,0.000,0.000,0.000,-0.252,-0.764, 2.387;
6.342,21.916,-11.252,21.916,-11.252,-0.083, 0.393,-1.759,0.000,0.000,0.000,-0.250,-0.766, 2.387;
6.354,21.909,-11.359,21.909,-11.359,-0.083, 0.393,-1.759,0.000,0.000,0.000,-0.247,-0.769, 2.387;
6.365,21.901,-11.467,21.901,-11.467,-0.083, 0.393,-1.759,0.000,0.000,0.000,-0.245,-0.771, 2.387;
6.377,21.892,-11.581,21.892,-11.581,-0.083, 0.393,-1.759,0.000,0.000,0.000,-0.242,-0.773, 2.387;
6.388,21.882,-11.689,21.882,-11.689,-0.083, 0.393,-1.759,0.000,0.000,0.000,-0.239,-0.776, 2.387;
6.399,21.872,-11.795,21.872,-11.795,-0.083, 0.393,-1.759,0.000,0.000,0.000,-0.236,-0.778, 2.387;
6.411,21.861,-11.905,21.861,-11.905,-0.083, 0.393,-1.759,0.000,0.000,0.000,-0.233,-0.780, 2.387;
6.422,21.849,-12.014,21.849,-12.014,-0.083, 0.393,-1.759,0.000,0.000,0.000,-0.231,-0.783, 2.387;
6.434,21.836,-12.124,21.836,-12.124,-0.083, 0.393,-1.759,0.000,0.000,0.000,-0.228,-0.785, 2.387;
6.455,21.810,-12.329,21.810,-12.329,-0.083, 0.393,-1.759,0.000,0.000,0.000,-0.223,-0.789, 2.387;
6.468,21.794,-12.446,21.794,-12.446,-0.083, 0.393,-1.759,0.000,0.000,0.000,-0.219,-0.791, 2.387;
6.471,21.790,-12.473,21.790,-12.473,-0.083, 0.393,-1.759,0.000,0.000,0.000,-0.219,-0.792, 2.387;
6.482,21.774,-12.582,21.774,-12.582,-0.083, 0.393,-1.759,0.000,0.000,0.000,-0.216,-0.794, 2.387;
6.504,21.741,-12.789,21.741,-12.789,-0.083, 0.393,-1.759,0.000,0.000,0.000,-0.210,-0.798, 2.387;
6.516,21.722,-12.899,21.722,-12.899,-0.083, 0.393,-1.759,0.000,0.000,0.000,-0.207,-0.800, 2.387;
6.527,21.703,-13.008,21.703,-13.008,-0.083, 0.393,-1.759,0.000,0.000,0.000,-0.204,-0.802, 2.387;
6.539,21.683,-13.115,21.683,-13.115,-0.083, 0.393,-1.759,0.000,0.000,0.000,-0.201,-0.804, 2.387;
6.550,21.662,-13.224,21.662,-13.224,-0.083, 0.393,-1.759,0.000,0.000,0.000,-0.198,-0.806, 2.387;
6.562,21.639,-13.340,21.639,-13.340,-0.083, 0.393,-1.759,0.000,0.000,0.000,-0.195,-0.809, 2.387;
6.575,21.615,-13.455,21.615,-13.455,-0.083, 0.393,-1.759,0.000,0.000,0.000,-0.192,-0.811, 2.387;
6.587,21.590,-13.573,21.590,-13.573,-0.083, 0.393,-1.759,0.000,0.000,0.000,-0.189,-0.813, 2.387;
6.599,21.565,-13.685,21.565,-13.685,-0.083, 0.393,-1.759,0.000,0.000,0.000,-0.186,-0.815, 2.387;
6.612,21.538,-13.801,21.538,-13.801,-0.083, 0.393,-1.759,0.000,0.000,0.000,-0.182,-0.817, 2.387;
6.626,21.505,-13.936,21.505,-13.936,-0.083, 0.393,-1.759,0.000,0.000,0.000,-0.178,-0.819, 2.387;
6.638,21.478,-14.046,21.478,-14.046,-0.083, 0.393,-1.759,0.000,0.000,0.000,-0.175,-0.821, 2.387;
6.650,21.450,-14.157,21.450,-14.157,-0.083, 0.393,-1.759,0.000,0.000,0.000,-0.172,-0.823, 2.387;
6.663,21.418,-14.277,21.418,-14.277,-0.083, 0.393,-1.759,0.000,0.000,0.000,-0.168,-0.825, 2.387;
6.675,21.387,-14.390,21.387,-14.390,-0.083, 0.393,-1.759,0.000,0.000,0.000,-0.165,-0.827, 2.387;
6.688,21.352,-14.512,21.352,-14.512,-0.083, 0.393,-1.759,0.000,0.000,0.000,-0.161,-0.829, 2.387;
6.693,21.341,-14.551,21.341,-14.551,-0.083, 0.393,-1.759,0.000,0.000,0.000,-0.160,-0.830, 2.387;
6.702,21.316,-14.637,21.316,-14.637,-0.083, 0.393,-1.759,0.000,0.000,0.000,-0.158,-0.831, 2.387;
6.724,21.255,-14.837,21.255,-14.837,-0.083, 0.393,-1.759,0.000,0.000,0.000,-0.152,-0.835, 2.387;
6.737,21.218,-14.954,21.218,-14.954,-0.083, 0.393,-1.759,0.000,0.000,0.000,-0.148,-0.836, 2.387;
6.749,21.182,-15.064,21.182,-15.064,-0.083, 0.393,-1.759,0.000,0.000,0.000,-0.145,-0.838, 2.387;
6.752,21.172,-15.095,21.172,-15.095,-0.083, 0.393,-1.759,0.000,0.000,0.000,-0.144,-0.839, 2.387;
6.763,21.138,-15.197,21.138,-15.197,-0.083, 0.393,-1.759,0.000,0.000,0.000,-0.141,-0.840, 2.387;
6.785,21.068,-15.397,21.068,-15.397,-0.083, 0.393,-1.759,0.000,0.000,0.000,-0.134,-0.843, 2.387;
6.789,21.057,-15.428,21.057,-15.428,-0.083, 0.393,-1.759,0.000,0.000,0.000,-0.133,-0.844, 2.387;
6.800,21.022,-15.527,21.022,-15.527,-0.083, 0.393,-1.759,0.000,0.000,0.000,-0.130,-0.845, 2.387;
6.822,20.948,-15.725,20.948,-15.725,-0.083, 0.393,-1.759,0.000,0.000,0.000,-0.124,-0.848, 2.387;
6.827,20.931,-15.769,20.931,-15.769,-0.083, 0.393,-1.759,0.000,0.000,0.000,-0.123,-0.849, 2.387;
6.838,20.894,-15.865,20.894,-15.865,-0.083, 0.393,-1.759,0.000,0.000,0.000,-0.120,-0.850, 2.387;
6.849,20.853,-15.968,20.853,-15.968,-0.083, 0.393,-1.759,0.000,0.000,0.000,-0.116,-0.852, 2.387;
6.871,20.773,-16.165,20.773,-16.165,-0.083, 0.393,-1.759,0.000,0.000,0.000,-0.110,-0.854, 2.387;
6.883,20.728,-16.271,20.728,-16.271,-0.083, 0.393,-1.759,0.000,0.000,0.000,-0.106,-0.856, 2.387;
6.895,20.683,-16.377,20.683,-16.377,-0.083, 0.393,-1.759,0.000,0.000,0.000,-0.103,-0.857, 2.387;
6.907,20.638,-16.478,20.638,-16.478,-0.083, 0.393,-1.759,0.000,0.000,0.000,-0.099,-0.859, 2.387;
6.919,20.593,-16.580,20.593,-16.580,-0.083, 0.393,-1.759,0.000,0.000,0.000,-0.096,-0.860, 2.387;
6.930,20.546,-16.682,20.546,-16.682,-0.083, 0.393,-1.759,0.000,0.000,0.000,-0.093,-0.861, 2.387;
6.942,20.498,-16.785,20.498,-16.785,-0.083, 0.393,-1.759,0.000,0.000,0.000,-0.089,-0.862, 2.387;
6.955,20.446,-16.896,20.446,-16.896,-0.083, 0.393,-1.759,0.000,0.000,0.000,-0.085,-0.864, 2.387;
6.967,20.394,-17.003,20.394,-17.003,-0.083, 0.393,-1.759,0.000,0.000,0.000,-0.082,-0.865, 2.387;
6.980,20.339,-17.114,20.339,-17.114,-0.083, 0.393,-1.759,0.000,0.000,0.000,-0.078,-0.866, 2.387;
6.993,20.284,-17.223,20.284,-17.223,-0.083, 0.393,-1.759,0.000,0.000,0.000,-0.074,-0.868, 2.387;
7.005,20.229,-17.330,20.229,-17.330,-0.083, 0.393,-1.759,0.000,0.000,0.000,-0.070,-0.869, 2.387;
7.017,20.177,-17.429,20.177,-17.429,-0.083, 0.393,-1.759,0.000,0.000,0.000,-0.067,-0.870, 2.387;
7.029,20.125,-17.528,20.125,-17.528,-0.083, 0.393,-1.759,0.000,0.000,0.000,-0.063,-0.871, 2.387;
7.041,20.070,-17.629,20.070,-17.629,-0.083, 0.393,-1.759,0.000,0.000,0.000,-0.060,-0.872, 2.387;
7.054,20.010,-17.738,20.010,-17.738,-0.083, 0.393,-1.759,0.000,0.000,0.000,-0.056,-0.873, 2.387;
7.066,19.951,-17.842,19.951,-17.842,-0.083, 0.393,-1.759,0.000,0.000,0.000,-0.052,-0.874, 2.387;
7.078,19.893,-17.942,19.893,-17.942,-0.083, 0.393,-1.759,0.000,0.000,0.000,-0.048,-0.875, 2.387;
7.090,19.836,-18.042,19.836,-18.042,-0.083, 0.393,-1.759,0.000,0.000,0.000,-0.045,-0.876, 2.387;
7.103,19.775,-18.144,19.775,-18.144,-0.083, 0.393,-1.759,0.000,0.000,0.000,-0.041,-0.877, 2.387;
7.115,19.715,-18.243,19.715,-18.243,-0.083, 0.393,-1.759,0.000,0.000,0.000,-0.037,-0.878, 2.387;
7.126,19.659,-18.334,19.659,-18.334,-0.083, 0.393,-1.759,0.000,0.000,0.000,-0.034,-0.879, 2.387;
7.137,19.602,-18.425,19.602,-18.425,-0.083, 0.393,-1.759,0.000,0.000,0.000,-0.030,-0.880, 2.387;
7.148,19.545,-18.516,19.545,-18.516,-0.083, 0.393,-1.759,0.000,0.000,0.000,-0.027,-0.881, 2.387;
7.160,19.485,-18.609,19.485,-18.609,-0.083, 0.393,-1.759,0.000,0.000,0.000,-0.023,-0.881, 2.387;
7.171,19.427,-18.697,19.427,-18.697,-0.083, 0.393,-1.759,0.000,0.000,0.000,-0.020,-0.882, 2.387;
7.182,19.369,-18.784,19.369,-18.784,-0.083, 0.393,-1.759,0.000,0.000,0.000,-0.017,-0.883, 2.387;
7.193,19.311,-18.871,19.311,-18.871,-0.083, 0.393,-1.759,0.000,0.000,0.000,-0.013,-0.884, 2.387;
7.204,19.251,-18.958,19.251,-18.958,-0.083, 0.393,-1.759,0.000,0.000,0.000,-0.010,-0.884, 2.387;
7.225,19.135,-19.125,19.135,-19.125,-0.083, 0.393,-1.759,0.000,0.000,0.000,-0.003,-0.885, 2.387;
7.236,19.071,-19.215,19.071,-19.215,-0.083, 0.393,-1.759,0.000,0.000,0.000, 0.000,-0.886, 2.387;
7.248,19.007,-19.302,19.007,-19.302,-0.083, 0.393,-1.759,0.000,0.000,0.000, 0.004,-0.887, 2.387;
7.259,18.941,-19.392,18.941,-19.392,-0.083, 0.393,-1.759,0.000,0.000,0.000, 0.007,-0.887, 2.387;
7.271,18.874,-19.482,18.874,-19.482,-0.083, 0.393,-1.759,0.000,0.000,0.000, 0.011,-0.888, 2.387;
7.284,18.801,-19.579,18.801,-19.579,-0.083, 0.393,-1.759,0.000,0.000,0.000, 0.015,-0.888, 2.387;
7.295,18.732,-19.668,18.732,-19.668,-0.083, 0.393,-1.759,0.000,0.000,0.000, 0.018,-0.889, 2.387;
7.308,18.660,-19.760,18.660,-19.760,-0.083, 0.393,-1.759,0.000,0.000,0.000, 0.022,-0.889, 2.387;
7.319,18.593,-19.845,18.593,-19.845,-0.083, 0.393,-1.759,0.000,0.000,0.000, 0.026,-0.890, 2.387;
7.330,18.527,-19.926,18.527,-19.926,-0.083, 0.393,-1.759,0.000,0.000,0.000, 0.029,-0.890, 2.387;
7.342,18.453,-20.017,18.453,-20.017,-0.083, 0.393,-1.759,0.000,0.000,0.000, 0.033,-0.890, 2.387;
7.353,18.384,-20.099,18.384,-20.099,-0.083, 0.393,-1.759,0.000,0.000,0.000, 0.037,-0.891, 2.387;
7.364,18.315,-20.181,18.315,-20.181,-0.083, 0.393,-1.759,0.000,0.000,0.000, 0.040,-0.891, 2.387;
7.376,18.241,-20.268,18.241,-20.268,-0.083, 0.393,-1.759,0.000,0.000,0.000, 0.044,-0.891, 2.387;
7.388,18.170,-20.349,18.170,-20.349,-0.083, 0.393,-1.759,0.000,0.000,0.000, 0.047,-0.892, 2.387;
7.409,18.031,-20.507,18.031,-20.507,-0.083, 0.393,-1.759,0.000,0.000,0.000, 0.054,-0.892, 2.387;
7.413,18.009,-20.531,18.009,-20.531,-0.083, 0.393,-1.759,0.000,0.000,0.000, 0.055,-0.892, 2.387;
7.425,17.928,-20.620,17.928,-20.620,-0.083, 0.393,-1.759,0.000,0.000,0.000, 0.059,-0.892, 2.387;
7.436,17.857,-20.697,17.857,-20.697,-0.083, 0.393,-1.759,0.000,0.000,0.000, 0.063,-0.892, 2.387;
7.459,17.705,-20.857,17.705,-20.857,-0.083, 0.393,-1.759,0.000,0.000,0.000, 0.070,-0.893, 2.387;
7.462,17.685,-20.878,17.685,-20.878,-0.083, 0.393,-1.759,0.000,0.000,0.000, 0.071,-0.893, 2.387;
7.474,17.608,-20.959,17.608,-20.959,-0.083, 0.393,-1.759,0.000,0.000,0.000, 0.074,-0.893, 2.387;
7.485,17.532,-21.036,17.532,-21.036,-0.083, 0.393,-1.759,0.000,0.000,0.000, 0.078,-0.893, 2.387;
7.507,17.384,-21.183,17.384,-21.183,-0.083, 0.393,-1.759,0.000,0.000,0.000, 0.085,-0.893, 2.387;
7.513,17.342,-21.224,17.342,-21.224,-0.083, 0.393,-1.759,0.000,0.000,0.000, 0.087,-0.893, 2.387;
7.523,17.275,-21.290,17.275,-21.290,-0.083, 0.393,-1.759,0.000,0.000,0.000, 0.090,-0.893, 2.387;
7.534,17.198,-21.363,17.198,-21.363,-0.083, 0.393,-1.759,0.000,0.000,0.000, 0.093,-0.893, 2.387;
7.557,17.039,-21.513,17.039,-21.513,-0.083, 0.393,-1.759,0.000,0.000,0.000, 0.100,-0.893, 2.387;
7.561,17.012,-21.538,17.012,-21.538,-0.083, 0.393,-1.759,0.000,0.000,0.000, 0.102,-0.892, 2.387;
7.580,16.873,-21.664,16.873,-21.664,-0.083, 0.393,-1.759,0.000,0.000,0.000, 0.108,-0.892, 2.387;
7.584,16.844,-21.690,16.844,-21.690,-0.083, 0.393,-1.759,0.000,0.000,0.000, 0.109,-0.892, 2.387;
7.595,16.767,-21.759,16.767,-21.759,-0.083, 0.393,-1.759,0.000,0.000,0.000, 0.112,-0.892, 2.387;
7.617,16.609,-21.896,16.609,-21.896,-0.083, 0.393,-1.759,0.000,0.000,0.000, 0.119,-0.891, 2.387;
