0.000,0.000,0.000,0.000,0.000, 0.000, 0.000, 0.000,0.000,0.000,0.000, 0.000, 0.000, 0.000;
0.004,9.690,8.294,9.690,8.294,-0.375,-0.056, 0.101,0.000,0.000,0.000, 0.875, 0.058, 1.156;
0.024,9.915,8.273,9.915,8.273,-0.375,-0.056, 0.115,0.000,0.000,0.707, 0.875, 0.071, 1.141;
0.037,9.867,8.107,9.867,8.107,-0.375,-0.056, 0.101,0.000,0.000,-1.165, 0.874, 0.079, 1.156;
0.049,10.049,8.126,10.049,8.126,-0.375,-0.056, 0.115,0.000,0.000,1.137, 0.874, 0.087, 1.141;
0.052,10.063,8.110,10.063,8.110,-0.375,-0.056, 0.115,0.000,0.000,0.000, 0.874, 0.088, 1.141;
0.063,10.121,8.043,10.121,8.043,-0.375,-0.056, 0.115,0.000,0.000,0.000, 0.873, 0.095, 1.141;
0.085,10.235,7.905,10.235,7.905,-0.375,-0.056, 0.115,0.000,0.000,0.000, 0.872, 0.109, 1.141;
0.097,10.294,7.832,10.294,7.832,-0.375,-0.056, 0.115,0.000,0.000,0.000, 0.871, 0.117, 1.141;
0.109,28.076,7.682,28.076,7.682,-0.373,-0.054, 0.101,0.191,0.191,-1.228, 0.868, 0.122, 1.156;
0.121,10.354,7.680,10.354,7.680,-0.373,-0.054, 0.115,0.000,0.000,1.177, 0.867, 0.129, 1.141;
0.133,19.037,16.226,19.037,16.226,-0.371,-0.054, 0.115,0.183,0.000,0.000, 0.864, 0.137, 1.141;
0.146,10.561,7.572,10.561,7.572,-0.371,-0.054, 0.130,0.000,0.000,1.099, 0.862, 0.145, 1.127;
0.158,27.891,7.420,27.891,7.420,-0.368,-0.051, 0.115,0.184,0.184,-1.179, 0.858, 0.150, 1.141;
0.170,19.593,16.377,19.593,16.377,-0.366,-0.051, 0.130,0.188,0.000,1.203, 0.855, 0.157, 1.127;
0.181,29.799,7.306,29.799,7.306,-0.364,-0.049, 0.130,0.201,0.201,0.000, 0.851, 0.162, 1.127;
0.193,20.159,16.708,20.159,16.708,-0.362,-0.049, 0.144,0.195,0.000,1.243, 0.847, 0.169, 1.113;
0.204,38.934,16.590,38.934,16.590,-0.357,-0.047, 0.146,0.389,0.194,0.182, 0.841, 0.174, 1.111;
0.216,20.157,16.467,20.157,16.467,-0.355,-0.047, 0.158,0.191,0.000,1.034, 0.837, 0.181, 1.099;
0.227,29.694,7.049,29.694,7.049,-0.353,-0.045, 0.158,0.193,0.193,0.000, 0.832, 0.186, 1.099;
0.238,30.916,26.971,30.916,26.971,-0.348,-0.045, 0.172,0.405,0.000,1.280, 0.826, 0.192, 1.084;
0.249,41.067,16.945,41.067,16.945,-0.344,-0.042, 0.175,0.407,0.204,0.226, 0.819, 0.196, 1.082;
0.260,31.219,6.844,31.219,6.844,-0.341,-0.040, 0.186,0.203,0.203,1.052, 0.815, 0.201, 1.070;
0.271,31.571,27.276,31.571,27.276,-0.337,-0.040, 0.203,0.407,0.000,1.533, 0.808, 0.207, 1.054;
0.284,38.271,15.755,38.271,15.755,-0.333,-0.038, 0.203,0.361,0.180,0.000, 0.801, 0.212, 1.054;
0.305,26.995,11.807,26.995,11.807,-0.328,-0.036, 0.203,0.212,0.106,0.000, 0.792, 0.223, 1.054;
0.316,31.041,26.322,31.041,26.322,-0.324,-0.036, 0.217,0.392,0.000,1.236, 0.785, 0.229, 1.040;
0.327,41.309,16.360,41.309,16.360,-0.319,-0.033, 0.217,0.397,0.198,0.000, 0.777, 0.233, 1.040;
0.339,40.832,16.094,40.832,16.094,-0.315,-0.031, 0.234,0.385,0.193,1.494, 0.770, 0.238, 1.022;
0.351,40.456,15.891,40.456,15.891,-0.310,-0.029, 0.231,0.382,0.191,-0.285, 0.763, 0.242, 1.026;
0.362,31.866,26.710,31.866,26.710,-0.306,-0.029, 0.248,0.400,0.000,1.559, 0.755, 0.249, 1.008;
0.373,42.699,16.416,42.699,16.416,-0.301,-0.027, 0.245,0.408,0.204,-0.321, 0.747, 0.252, 1.012;
0.384,42.309,16.177,42.309,16.177,-0.297,-0.025, 0.245,0.404,0.202,0.000, 0.740, 0.256, 1.012;
0.395,53.146,26.706,53.146,26.706,-0.290,-0.022, 0.248,0.611,0.204,0.320, 0.730, 0.260, 1.008;
0.406,32.378,26.880,32.378,26.880,-0.286,-0.022, 0.262,0.410,0.000,1.282, 0.722, 0.266, 0.994;
0.427,27.282,10.727,27.282,10.727,-0.281,-0.020, 0.262,0.209,0.104,0.000, 0.711, 0.276, 0.994;
0.438,52.633,26.024,52.633,26.024,-0.275,-0.018, 0.262,0.600,0.200,0.000, 0.701, 0.279, 0.994;
0.450,40.591,14.930,40.591,14.930,-0.270,-0.016, 0.262,0.381,0.190,0.000, 0.692, 0.283, 0.994;
0.461,51.243,25.109,51.243,25.109,-0.263,-0.013, 0.266,0.581,0.194,0.329, 0.682, 0.287, 0.990;
0.473,41.977,15.168,41.977,15.168,-0.259,-0.011, 0.262,0.400,0.200,-0.340, 0.673, 0.291, 0.994;
0.485,49.505,24.035,49.505,24.035,-0.252,-0.009, 0.266,0.558,0.186,0.316, 0.662, 0.295, 0.990;
0.496,30.963,24.835,30.963,24.835,-0.248,-0.009, 0.276,0.388,0.000,0.875, 0.654, 0.301, 0.980;
0.507,52.975,25.530,52.975,25.530,-0.241,-0.007, 0.276,0.606,0.202,0.000, 0.643, 0.304, 0.980;
0.518,53.451,25.651,53.451,25.651,-0.234,-0.004, 0.280,0.612,0.204,0.363, 0.632, 0.307, 0.976;
0.529,42.514,14.733,42.514,14.733,-0.230,-0.002, 0.276,0.409,0.204,-0.364, 0.623, 0.311, 0.980;
0.540,53.087,25.277,53.087,25.277,-0.223,-0.000, 0.280,0.610,0.203,0.362, 0.612, 0.314, 0.976;
0.561,32.513,14.782,32.513,14.782,-0.217, 0.002, 0.294,0.316,0.105,0.657, 0.597, 0.322, 0.962;
0.573,48.686,22.811,48.686,22.811,-0.210, 0.004, 0.280,0.551,0.184,-1.146, 0.586, 0.325, 0.976;
0.586,38.741,12.873,38.741,12.873,-0.205, 0.007, 0.290,0.362,0.181,0.794, 0.576, 0.329, 0.967;
0.597,51.135,23.791,51.135,23.791,-0.199, 0.009, 0.290,0.584,0.195,0.000, 0.564, 0.332, 0.967;
0.609,48.617,22.455,48.617,22.455,-0.192, 0.011, 0.280,0.554,0.185,-0.810, 0.552, 0.335, 0.976;
0.621,49.759,22.898,49.759,22.898,-0.185, 0.013, 0.280,0.572,0.191,0.000, 0.541, 0.338, 0.976;
0.633,48.700,22.261,48.700,22.261,-0.179, 0.016, 0.280,0.559,0.186,0.000, 0.529, 0.341, 0.976;
0.646,46.497,20.999,46.497,20.999,-0.172, 0.018, 0.294,0.524,0.175,1.091, 0.516, 0.345, 0.962;
0.658,47.408,21.425,47.408,21.425,-0.165, 0.020, 0.280,0.544,0.181,-1.132, 0.504, 0.348, 0.976;
0.670,48.901,22.037,48.901,22.037,-0.158, 0.022, 0.280,0.567,0.189,0.000, 0.492, 0.351, 0.976;
0.682,48.976,21.957,48.976,21.957,-0.152, 0.025, 0.284,0.568,0.189,0.347, 0.479, 0.353, 0.972;
0.694,47.226,20.987,47.226,20.987,-0.145, 0.027, 0.284,0.545,0.182,0.000, 0.467, 0.356, 0.972;
0.705,39.154,11.789,39.154,11.789,-0.141, 0.029, 0.280,0.386,0.193,-0.353, 0.457, 0.358, 0.976;
0.717,59.779,32.185,59.779,32.185,-0.132, 0.031, 0.284,0.775,0.194,0.355, 0.442, 0.361, 0.972;
0.728,40.055,11.856,40.055,11.856,-0.127, 0.033, 0.280,0.400,0.200,-0.366, 0.432, 0.363, 0.976;
0.739,51.300,22.667,51.300,22.667,-0.121, 0.036, 0.280,0.612,0.204,0.000, 0.420, 0.365, 0.976;
0.750,51.241,22.548,51.241,22.548,-0.114, 0.038, 0.280,0.613,0.204,0.000, 0.408, 0.367, 0.976;
0.761,50.705,22.191,50.705,22.191,-0.107, 0.040, 0.280,0.607,0.202,0.000, 0.395, 0.368, 0.976;
0.782,29.907,11.622,29.907,11.622,-0.100, 0.042, 0.280,0.314,0.105,0.000, 0.378, 0.374, 0.976;
0.794,48.311,20.733,48.311,20.733,-0.094, 0.045, 0.280,0.578,0.193,0.000, 0.365, 0.375, 0.976;
0.805,49.308,21.124,49.308,21.124,-0.087, 0.047, 0.284,0.592,0.197,0.361, 0.352, 0.377, 0.972;
0.817,38.244,30.798,38.244,30.798,-0.080, 0.047, 0.298,0.577,0.000,1.216, 0.339, 0.381, 0.958;
0.828,58.950,10.297,58.950,10.297,-0.074, 0.051, 0.284,0.586,0.391,-1.236, 0.326, 0.380, 0.972;
0.840,37.968,30.495,37.968,30.495,-0.067, 0.051, 0.298,0.577,0.000,1.217, 0.313, 0.384, 0.958;
0.851,47.900,20.075,47.900,20.075,-0.060, 0.054, 0.284,0.580,0.193,-1.223, 0.300, 0.385, 0.972;
0.863,49.053,20.462,49.053,20.462,-0.054, 0.056, 0.298,0.593,0.198,1.250, 0.287, 0.386, 0.958;
0.874,49.939,20.938,49.939,20.938,-0.047, 0.058, 0.284,0.614,0.205,-1.293, 0.275, 0.387, 0.972;
0.885,48.399,20.025,48.399,20.025,-0.040, 0.060, 0.289,0.592,0.197,0.372, 0.262, 0.388, 0.968;
0.896,48.123,19.819,48.123,19.819,-0.033, 0.062, 0.289,0.591,0.197,0.000, 0.249, 0.389, 0.968;
0.908,37.437,9.224,37.437,9.224,-0.029, 0.065, 0.284,0.393,0.197,-0.370, 0.238, 0.390, 0.972;
0.930,27.491,9.301,27.491,9.301,-0.022, 0.067, 0.284,0.304,0.101,0.000, 0.218, 0.393, 0.972;
0.942,45.146,18.049,45.146,18.049,-0.016, 0.069, 0.284,0.557,0.186,0.000, 0.205, 0.394, 0.972;
0.954,44.083,17.438,44.083,17.438,-0.009, 0.071, 0.284,0.544,0.181,0.000, 0.191, 0.394, 0.972;
0.966,45.130,17.865,45.130,17.865,-0.002, 0.074, 0.289,0.560,0.187,0.351, 0.177, 0.395, 0.968;
0.977,35.998,28.496,35.998,28.496, 0.004, 0.074, 0.289,0.577,0.000,0.000, 0.163, 0.397, 0.968;
0.990,42.252,16.239,42.252,16.239, 0.011, 0.076, 0.289,0.523,0.174,0.000, 0.149, 0.398, 0.968;
1.002,43.768,16.924,43.768,16.924, 0.018, 0.078, 0.289,0.547,0.182,0.000, 0.135, 0.398, 0.968;
1.014,44.731,17.335,44.731,17.335, 0.025, 0.080, 0.289,0.563,0.188,0.000, 0.121, 0.398, 0.968;
1.026,45.853,17.806,45.853,17.806, 0.031, 0.083, 0.293,0.580,0.193,0.375, 0.108, 0.398, 0.964;
1.038,45.359,17.505,45.359,17.505, 0.038, 0.085, 0.293,0.576,0.192,0.000, 0.094, 0.397, 0.964;
1.049,34.551,7.042,34.551,7.042, 0.042, 0.087, 0.289,0.379,0.190,-0.367, 0.082, 0.397, 0.968;
1.061,35.061,27.623,35.061,27.623, 0.049, 0.087, 0.289,0.581,0.000,0.000, 0.069, 0.399, 0.968;
1.073,52.938,6.527,52.938,6.527, 0.056, 0.092, 0.274,0.558,0.372,-1.201, 0.055, 0.396, 0.982;
1.087,29.682,22.263,29.682,22.263, 0.062, 0.092, 0.289,0.486,0.000,1.047, 0.039, 0.398, 0.968;
1.100,39.033,13.974,39.033,13.974, 0.069, 0.094, 0.293,0.498,0.166,0.322, 0.024, 0.397, 0.964;
1.112,42.606,15.710,42.606,15.710, 0.076, 0.096, 0.293,0.551,0.184,0.000, 0.010, 0.397, 0.964;
1.124,33.469,6.101,33.469,6.101, 0.080, 0.098, 0.289,0.379,0.189,-0.367,-0.002, 0.396, 0.968;
1.136,42.776,15.794,42.776,15.794, 0.087, 0.100, 0.274,0.565,0.188,-1.217,-0.016, 0.394, 0.982;
1.148,40.281,14.434,40.281,14.434, 0.094, 0.103, 0.278,0.531,0.177,0.327,-0.030, 0.393, 0.978;
1.161,31.859,24.571,31.859,24.571, 0.100, 0.103, 0.293,0.546,0.000,1.191,-0.044, 0.394, 0.964;
1.172,43.423,15.821,43.423,15.821, 0.107, 0.105, 0.293,0.575,0.192,0.000,-0.058, 0.393, 0.964;
1.185,40.310,14.214,40.310,14.214, 0.114, 0.107, 0.293,0.534,0.178,0.000,-0.073, 0.391, 0.964;
1.197,40.716,14.369,40.716,14.369, 0.121, 0.109, 0.293,0.543,0.181,0.000,-0.087, 0.390, 0.964;
1.209,31.999,5.063,31.999,5.063, 0.125, 0.112, 0.278,0.378,0.189,-1.239,-0.099, 0.388, 0.978;
1.221,41.595,14.785,41.595,14.785, 0.132, 0.114, 0.278,0.565,0.188,0.000,-0.113, 0.386, 0.978;
1.234,38.787,13.337,38.787,13.337, 0.138, 0.116, 0.278,0.528,0.176,0.000,-0.128, 0.384, 0.978;
1.245,41.557,14.659,41.557,14.659, 0.145, 0.118, 0.283,0.568,0.189,0.361,-0.142, 0.382, 0.974;
1.258,29.517,22.581,29.517,22.581, 0.152, 0.118, 0.297,0.529,0.000,1.170,-0.157, 0.382, 0.959;
1.270,40.093,13.765,40.093,13.765, 0.158, 0.121, 0.297,0.548,0.183,0.000,-0.171, 0.379, 0.959;
1.282,30.243,4.030,30.243,4.030, 0.163, 0.123, 0.278,0.371,0.185,-1.583,-0.183, 0.377, 0.978;
1.294,41.427,14.421,41.427,14.421, 0.170, 0.125, 0.283,0.577,0.192,0.367,-0.197, 0.374, 0.974;
1.306,40.599,13.988,40.599,13.988, 0.176, 0.127, 0.283,0.568,0.189,0.000,-0.211, 0.372, 0.974;
1.318,37.957,12.636,37.957,12.636, 0.183, 0.129, 0.283,0.534,0.178,0.000,-0.226, 0.369, 0.974;
1.331,36.628,11.918,36.628,11.918, 0.190, 0.132, 0.287,0.517,0.172,0.338,-0.241, 0.366, 0.970;
1.343,38.692,12.933,38.692,12.933, 0.196, 0.134, 0.287,0.549,0.183,0.000,-0.255, 0.363, 0.970;
1.355,20.544,14.226,20.544,14.226, 0.201, 0.134, 0.283,0.393,0.000,-0.386,-0.266, 0.362, 0.974;
1.367,47.134,2.945,47.134,2.945, 0.208, 0.138, 0.268,0.545,0.363,-1.215,-0.281, 0.356, 0.989;
1.380,25.929,19.711,25.929,19.711, 0.214, 0.138, 0.287,0.501,0.000,1.447,-0.296, 0.355, 0.970;
1.392,40.646,13.796,40.646,13.796, 0.221, 0.141, 0.287,0.587,0.196,0.000,-0.310, 0.351, 0.970;
1.403,41.275,14.095,41.275,14.095, 0.228, 0.143, 0.287,0.599,0.200,0.000,-0.323, 0.348, 0.970;
1.415,27.893,2.544,27.893,2.544, 0.232, 0.145, 0.287,0.367,0.183,0.000,-0.335, 0.344, 0.970;
1.426,41.094,13.993,41.094,13.993, 0.239, 0.147, 0.287,0.602,0.201,0.000,-0.349, 0.340, 0.970;
1.438,39.450,13.160,39.450,13.160, 0.246, 0.150, 0.287,0.582,0.194,0.000,-0.362, 0.337, 0.970;
1.449,41.539,14.167,41.539,14.167, 0.252, 0.152, 0.291,0.613,0.204,0.414,-0.376, 0.333, 0.965;
1.460,29.991,3.182,29.991,3.182, 0.257, 0.154, 0.272,0.406,0.203,-1.790,-0.387, 0.329, 0.985;
1.471,29.671,24.127,29.671,24.127, 0.263, 0.154, 0.287,0.602,0.000,1.361,-0.400, 0.327, 0.970;
1.482,39.581,13.141,39.581,13.141, 0.270, 0.156, 0.291,0.593,0.198,0.400,-0.414, 0.323, 0.965;
1.504,18.945,2.831,18.945,2.831, 0.277, 0.158, 0.291,0.306,0.102,0.000,-0.434, 0.316, 0.965;
1.516,27.562,2.096,27.562,2.096, 0.281, 0.161, 0.287,0.384,0.192,-0.388,-0.445, 0.312, 0.970;
1.527,39.449,13.089,39.449,13.089, 0.288, 0.163, 0.291,0.601,0.200,0.406,-0.458, 0.307, 0.965;
1.538,38.716,12.739,38.716,12.739, 0.295, 0.165, 0.291,0.594,0.198,0.000,-0.472, 0.302, 0.965;
1.549,38.640,12.776,38.640,12.776, 0.301, 0.167, 0.281,0.599,0.200,-0.977,-0.485, 0.298, 0.976;
1.560,17.603,12.812,17.603,12.812, 0.306, 0.167, 0.291,0.401,0.000,0.982,-0.496, 0.295, 0.965;
1.571,39.296,13.019,39.296,13.019, 0.312, 0.170, 0.291,0.610,0.203,0.000,-0.509, 0.290, 0.965;
1.582,39.082,12.891,39.082,12.891, 0.319, 0.172, 0.296,0.609,0.203,0.424,-0.522, 0.285, 0.961;
1.593,27.710,2.017,27.710,2.017, 0.324, 0.174, 0.276,0.405,0.203,-1.818,-0.533, 0.280, 0.981;
1.604,38.093,12.493,38.093,12.493, 0.330, 0.176, 0.281,0.605,0.202,0.401,-0.546, 0.275, 0.976;
1.626,11.501,7.307,11.501,7.307, 0.337, 0.176, 0.296,0.307,0.000,0.714,-0.565, 0.269, 0.961;
1.638,34.933,10.873,34.933,10.873, 0.344, 0.179, 0.296,0.563,0.188,0.000,-0.578, 0.263, 0.961;
1.650,24.669,0.784,24.669,0.784, 0.348, 0.181, 0.296,0.375,0.187,0.000,-0.589, 0.257, 0.961;
1.662,34.138,10.534,34.138,10.534, 0.355, 0.183, 0.296,0.558,0.186,0.000,-0.602, 0.251, 0.961;
1.674,35.042,11.077,35.042,11.077, 0.362, 0.185, 0.285,0.577,0.192,-0.948,-0.615, 0.246, 0.972;
1.686,32.223,9.666,32.223,9.666, 0.368, 0.187, 0.285,0.540,0.180,0.000,-0.629, 0.239, 0.972;
1.698,22.607,0.112,22.607,0.112, 0.373, 0.190, 0.285,0.362,0.181,0.000,-0.640, 0.233, 0.972;
1.711,31.664,9.461,31.664,9.461, 0.379, 0.192, 0.285,0.538,0.179,0.000,-0.653, 0.227, 0.972;
1.722,13.811,10.704,13.811,10.704, 0.384, 0.192, 0.285,0.384,0.000,0.000,-0.664, 0.223, 0.972;
1.734,32.523,9.924,32.523,9.924, 0.391, 0.194, 0.285,0.556,0.185,0.000,-0.676, 0.216, 0.972;
1.746,33.826,10.580,33.826,10.580, 0.397, 0.196, 0.290,0.577,0.192,0.407,-0.689, 0.210, 0.967;
1.758,22.300,-0.008,22.300,-0.008, 0.402, 0.199, 0.285,0.371,0.186,-0.393,-0.700, 0.203, 0.972;
1.771,29.474,8.526,29.474,8.526, 0.408, 0.201, 0.285,0.522,0.174,0.000,-0.713, 0.196, 0.972;
1.783,21.690,-0.103,21.690,-0.103, 0.413, 0.203, 0.269,0.371,0.186,-1.327,-0.723, 0.189, 0.987;
1.795,29.679,8.782,29.679,8.782, 0.420, 0.205, 0.269,0.535,0.178,0.000,-0.736, 0.182, 0.987;
1.808,20.805,18.653,20.805,18.653, 0.426, 0.205, 0.290,0.543,0.000,1.678,-0.749, 0.177, 0.967;
1.820,21.349,-0.330,21.349,-0.330, 0.431, 0.208, 0.290,0.372,0.186,0.000,-0.759, 0.170, 0.967;
1.832,28.575,8.270,28.575,8.270, 0.437, 0.210, 0.290,0.524,0.175,0.000,-0.772, 0.162, 0.967;
1.845,20.227,-0.661,20.227,-0.661, 0.442, 0.212, 0.290,0.363,0.182,0.000,-0.782, 0.155, 0.967;
1.857,30.031,9.205,30.031,9.205, 0.449, 0.214, 0.274,0.554,0.185,-1.340,-0.794, 0.147, 0.983;
1.869,20.686,-0.397,20.686,-0.397, 0.453, 0.217, 0.274,0.377,0.188,0.000,-0.804, 0.140, 0.983;
1.880,31.254,9.870,31.254,9.870, 0.460, 0.219, 0.278,0.576,0.192,0.399,-0.816, 0.132, 0.978;
1.894,8.320,7.324,8.320,7.324, 0.464, 0.219, 0.290,0.336,0.000,0.870,-0.826, 0.126, 0.967;
1.906,29.737,9.148,29.737,9.148, 0.471, 0.221, 0.295,0.557,0.186,0.406,-0.838, 0.119, 0.962;
1.917,20.350,-0.400,20.350,-0.400, 0.475, 0.223, 0.274,0.383,0.192,-1.808,-0.847, 0.111, 0.983;
1.930,27.953,8.442,27.953,8.442, 0.482, 0.225, 0.278,0.541,0.180,0.375,-0.859, 0.103, 0.978;
1.942,19.241,-0.757,19.241,-0.757, 0.487, 0.228, 0.278,0.374,0.187,0.000,-0.868, 0.095, 0.978;
1.954,28.415,8.823,28.415,8.823, 0.493, 0.230, 0.278,0.554,0.185,0.000,-0.880, 0.087, 0.978;
1.966,18.274,-1.007,18.274,-1.007, 0.498, 0.232, 0.278,0.367,0.183,0.000,-0.889, 0.079, 0.978;
1.978,19.148,19.284,19.148,19.284, 0.504, 0.232, 0.300,0.566,0.000,1.815,-0.901, 0.073, 0.957;
1.990,18.729,-0.874,18.729,-0.874, 0.509, 0.234, 0.295,0.376,0.188,-0.425,-0.910, 0.065, 0.962;
2.001,29.757,9.761,29.757,9.761, 0.516, 0.237, 0.283,0.584,0.195,-1.014,-0.920, 0.057, 0.974;
2.013,18.557,-0.787,18.557,-0.787, 0.520, 0.239, 0.278,0.381,0.190,-0.409,-0.929, 0.049, 0.978;
2.024,28.506,9.247,28.506,9.247, 0.527, 0.241, 0.283,0.572,0.191,0.410,-0.940, 0.040, 0.974;
2.036,19.759,-0.328,19.759,-0.328, 0.531, 0.243, 0.283,0.400,0.200,0.000,-0.948, 0.032, 0.974;
2.047,18.908,20.090,18.908,20.090, 0.538, 0.243, 0.300,0.585,0.000,1.456,-0.959, 0.026, 0.957;
2.060,15.645,-1.620,15.645,-1.620, 0.542, 0.246, 0.283,0.354,0.177,-1.322,-0.968, 0.017, 0.974;
2.071,29.704,10.108,29.704,10.108, 0.549, 0.248, 0.288,0.599,0.200,0.444,-0.978, 0.009, 0.969;
2.082,17.684,-0.860,17.684,-0.860, 0.554, 0.250, 0.283,0.385,0.192,-0.427,-0.986, 0.000, 0.974;
2.094,28.089,9.471,28.089,9.471, 0.560, 0.252, 0.288,0.582,0.194,0.431,-0.997,-0.008, 0.969;
2.105,17.538,-0.741,17.538,-0.741, 0.565, 0.254, 0.271,0.389,0.195,-1.493,-1.004,-0.017, 0.986;
2.127,8.306,-0.138,8.306,-0.138, 0.571, 0.257, 0.276,0.310,0.103,0.225,-1.017,-0.031, 0.981;
2.139,6.281,8.867,6.281,8.867, 0.576, 0.257, 0.288,0.377,0.000,1.035,-1.025,-0.037, 0.969;
2.151,15.708,-1.249,15.708,-1.249, 0.580, 0.259, 0.288,0.373,0.186,0.000,-1.033,-0.046, 0.969;
2.164,22.524,7.248,22.524,7.248, 0.587, 0.261, 0.276,0.521,0.174,-0.953,-1.043,-0.056, 0.981;
2.176,15.208,-1.245,15.208,-1.245, 0.591, 0.263, 0.276,0.373,0.186,0.000,-1.051,-0.065, 0.981;
2.187,15.407,-1.106,15.407,-1.106, 0.596, 0.266, 0.276,0.378,0.189,0.000,-1.058,-0.074, 0.981;
2.200,14.490,-1.337,14.490,-1.337, 0.600, 0.268, 0.276,0.369,0.184,0.000,-1.065,-0.084, 0.981;
2.212,14.010,-1.419,14.010,-1.419, 0.605, 0.270, 0.276,0.365,0.182,0.000,-1.072,-0.093, 0.981;
2.224,14.570,-1.068,14.570,-1.068, 0.609, 0.272, 0.258,0.376,0.188,-1.480,-1.079,-0.102, 0.998;
2.237,11.903,-1.902,11.903,-1.902, 0.614, 0.275, 0.258,0.345,0.172,0.000,-1.087,-0.112, 0.998;
2.249,11.990,-1.789,11.990,-1.789, 0.618, 0.277, 0.258,0.348,0.174,0.000,-1.094,-0.122, 0.998;
2.253,97.852,26.723,97.852,26.723, 0.623, 0.279, 0.263,1.443,0.722,1.533,-1.099,-0.126, 0.994;
2.274,-4.650,-10.801,-4.650,-10.801, 0.625, 0.281, 0.258,0.105,0.105,-0.223,-1.105,-0.141, 0.998;
2.286,11.782,-1.587,11.782,-1.587, 0.629, 0.283, 0.258,0.352,0.176,0.000,-1.112,-0.151, 0.998;
2.299,11.903,-1.459,11.903,-1.459, 0.634, 0.286, 0.258,0.356,0.178,0.000,-1.118,-0.161, 0.998;
2.303,78.643,20.719,78.643,20.719, 0.638, 0.288, 0.263,1.208,0.604,1.283,-1.123,-0.165, 0.994;
2.315,2.647,-10.705,2.647,-10.705, 0.641, 0.290, 0.258,0.181,0.181,-0.385,-1.127,-0.175, 0.998;
2.326,14.765,-0.314,14.765,-0.314, 0.645, 0.292, 0.263,0.398,0.199,0.423,-1.133,-0.184, 0.994;
2.338,24.264,-10.511,24.264,-10.511, 0.650, 0.297, 0.245,0.394,0.394,-1.589,-1.139,-0.195, 1.012;
2.360,-6.285,-10.411,-6.285,-10.411, 0.652, 0.299, 0.241,0.101,0.101,-0.200,-1.144,-0.211, 1.016;
2.372,10.442,-1.299,10.442,-1.299, 0.656, 0.301, 0.245,0.352,0.176,0.351,-1.150,-0.222, 1.012;
2.376,41.723,-10.386,41.723,-10.386, 0.658, 0.304, 0.245,0.567,0.567,0.000,-1.152,-0.226, 1.012;
2.386,17.414,1.157,17.414,1.157, 0.663, 0.306, 0.245,0.445,0.223,0.000,-1.158,-0.235, 1.012;
2.408,-1.399,-15.361,-1.399,-15.361, 0.665, 0.310, 0.227,0.103,0.206,-0.838,-1.162,-0.253, 1.030;
2.420,2.469,-10.042,2.469,-10.042, 0.667, 0.312, 0.227,0.193,0.193,0.000,-1.165,-0.262, 1.030;
2.431,11.759,-0.254,11.759,-0.254, 0.672, 0.315, 0.227,0.381,0.191,0.000,-1.170,-0.272, 1.030;
2.443,1.746,-9.940,1.746,-9.940, 0.674, 0.317, 0.227,0.189,0.189,0.000,-1.173,-0.281, 1.030;
2.455,1.210,-9.871,1.210,-9.871, 0.676, 0.319, 0.227,0.185,0.185,0.000,-1.176,-0.291, 1.030;
2.467,11.499,-19.372,11.499,-19.372, 0.679, 0.324, 0.208,0.192,0.385,-1.581,-1.178,-0.303, 1.048;
2.479,0.948,-9.590,0.948,-9.590, 0.681, 0.326, 0.208,0.186,0.186,0.000,-1.181,-0.313, 1.048;
2.491,10.216,-0.221,10.216,-0.221, 0.685, 0.328, 0.231,0.370,0.185,1.875,-1.185,-0.322, 1.026;
2.503,8.696,-18.417,8.696,-18.417, 0.687, 0.333, 0.212,0.177,0.354,-1.479,-1.187,-0.335, 1.044;
2.516,0.359,-9.392,0.359,-9.392, 0.690, 0.335, 0.212,0.185,0.185,0.000,-1.190,-0.345, 1.044;
2.527,0.995,-9.320,0.995,-9.320, 0.692, 0.337, 0.212,0.192,0.192,0.000,-1.192,-0.354, 1.044;
2.540,7.360,-17.666,7.360,-17.666, 0.694, 0.341, 0.194,0.172,0.343,-1.445,-1.194,-0.367, 1.063;
2.552,0.302,-9.150,0.302,-9.150, 0.696, 0.344, 0.212,0.188,0.188,1.585,-1.195,-0.376, 1.044;
2.564,9.423,-18.261,9.423,-18.261, 0.699, 0.348, 0.194,0.187,0.374,-1.577,-1.197,-0.388, 1.063;
2.576,-9.458,-18.077,-9.458,-18.077, 0.699, 0.350, 0.190,0.000,0.186,-0.303,-1.196,-0.398, 1.067;
2.588,9.026,-17.988,9.026,-17.988, 0.701, 0.355, 0.190,0.186,0.373,0.000,-1.198,-0.410, 1.067;
2.600,-0.019,-8.600,-0.019,-8.600, 0.703, 0.357, 0.190,0.190,0.190,0.000,-1.199,-0.420, 1.067;
2.611,9.260,-18.011,9.260,-18.011, 0.705, 0.362, 0.194,0.189,0.379,0.308,-1.200,-0.431, 1.063;
2.623,9.645,-17.851,9.645,-17.851, 0.708, 0.366, 0.175,0.194,0.388,-1.645,-1.202,-0.443, 1.082;
2.635,-9.871,-17.820,-9.871,-17.820, 0.708, 0.368, 0.190,0.000,0.191,1.309,-1.200,-0.453, 1.067;
2.646,8.994,-17.500,8.994,-17.500, 0.710, 0.373, 0.175,0.191,0.382,-1.310,-1.201,-0.464, 1.082;
2.658,0.295,-27.214,0.295,-27.214, 0.710, 0.377, 0.153,0.000,0.399,-1.968,-1.200,-0.476, 1.104;
2.670,-1.103,-7.861,-1.103,-7.861, 0.712, 0.379, 0.171,0.187,0.187,1.566,-1.201,-0.485, 1.085;
2.682,7.806,-16.699,7.806,-16.699, 0.714, 0.384, 0.156,0.186,0.372,-1.316,-1.201,-0.497, 1.101;
2.693,-10.004,-17.431,-10.004,-17.431, 0.714, 0.386, 0.175,0.000,0.198,1.691,-1.200,-0.506, 1.082;
2.715,-14.893,-12.392,-14.893,-12.392, 0.714, 0.388, 0.171,0.000,0.101,-0.148,-1.196,-0.522, 1.085;
2.718,56.616,-82.938,56.616,-82.938, 0.714, 0.393, 0.153,0.000,1.561,-6.549,-1.196,-0.528, 1.104;
2.739,-14.560,-12.284,-14.560,-12.284, 0.714, 0.395, 0.153,0.000,0.107,0.000,-1.192,-0.543, 1.104;
2.750,-10.277,-16.132,-10.277,-16.132, 0.714, 0.397, 0.134,0.000,0.193,-1.631,-1.190,-0.552, 1.123;
2.762,-10.424,-15.557,-10.424,-15.557, 0.714, 0.400, 0.115,0.000,0.188,-1.598,-1.187,-0.561, 1.142;
2.774,-10.785,-15.168,-10.785,-15.168, 0.714, 0.402, 0.115,0.000,0.182,0.000,-1.185,-0.571, 1.142;
2.787,-10.664,-14.830,-10.664,-14.830, 0.714, 0.404, 0.096,0.000,0.183,-1.557,-1.182,-0.580, 1.161;
2.800,-11.744,-13.671,-11.744,-13.671, 0.714, 0.406, 0.094,0.000,0.161,-0.130,-1.179,-0.591, 1.163;
2.804,9.917,-34.785,9.917,-34.785, 0.714, 0.408, 0.077,0.000,0.629,-4.871,-1.178,-0.595, 1.180;
2.816,-18.669,-23.304,-18.669,-23.304, 0.712, 0.411, 0.057,-0.194,0.194,-1.761,-1.173,-0.604, 1.200;
2.827,-9.693,-14.323,-9.693,-14.323, 0.712, 0.413, 0.038,0.000,0.197,-1.663,-1.170,-0.613, 1.219;
2.850,-18.487,-14.101,-18.487,-14.101, 0.710, 0.415, 0.038,-0.098,0.098,0.000,-1.162,-0.628, 1.219;
2.853,-17.950,-65.292,-17.950,-65.292, 0.708, 0.417, 0.019,-0.691,0.691,-5.944,-1.159,-0.632, 1.238;
2.864,-17.844,-22.265,-17.844,-22.265, 0.705, 0.420, 0.000,-0.202,0.202,-1.677,-1.154,-0.640, 1.257;
2.885,-17.910,-4.859,-17.910,-4.859, 0.705, 0.420, 0.000,0.000,0.000,0.000,-1.148,-0.652, 1.257;
2.898,-17.589,-19.087,-17.589,-19.087, 0.703, 0.422,-0.019,-0.173,0.173,-1.431,-1.142,-0.662, 1.275;
2.903,-17.182,-42.782,-17.182,-42.782, 0.701, 0.424,-0.037,-0.466,0.466,-3.867,-1.138,-0.667, 1.294;
2.913,-26.199,-13.304,-26.199,-13.304, 0.699, 0.424,-0.037,-0.217,0.000,0.000,-1.133,-0.672, 1.294;
2.925,-16.557,-19.444,-16.557,-19.444, 0.696, 0.426,-0.074,-0.195,0.195,-3.225,-1.127,-0.681, 1.331;
2.946,-20.726,-8.020,-20.726,-8.020, 0.694, 0.426,-0.073,-0.104,0.000,0.062,-1.118,-0.692, 1.329;
2.958,-24.077,-11.278,-24.077,-11.278, 0.692, 0.426,-0.073,-0.189,0.000,0.000,-1.111,-0.699, 1.329;
2.970,-16.237,-18.146,-16.237,-18.146, 0.690, 0.429,-0.092,-0.188,0.188,-1.666,-1.105,-0.707, 1.349;
2.981,-31.384,-18.628,-31.384,-18.628, 0.685, 0.429,-0.091,-0.392,0.000,0.146,-1.096,-0.713, 1.347;
2.993,-22.928,-10.377,-22.928,-10.377, 0.683, 0.429,-0.109,-0.186,0.000,-1.503,-1.090,-0.719, 1.365;
3.006,-15.533,-16.678,-15.533,-16.678, 0.681, 0.431,-0.127,-0.183,0.183,-1.472,-1.083,-0.727, 1.383;
3.017,-29.674,-17.140,-29.674,-17.140, 0.676, 0.431,-0.124,-0.381,0.000,0.191,-1.074,-0.733, 1.381;
3.029,-22.701,-10.128,-22.701,-10.128, 0.674, 0.431,-0.127,-0.195,0.000,-0.195,-1.068,-0.739, 1.383;
3.040,-29.008,-16.625,-29.008,-16.625, 0.670, 0.431,-0.142,-0.383,0.000,-1.312,-1.059,-0.745, 1.399;
3.053,-21.729,-9.287,-21.729,-9.287, 0.667, 0.431,-0.144,-0.184,0.000,-0.210,-1.052,-0.751, 1.401;
3.065,-28.226,-15.656,-28.226,-15.656, 0.663, 0.431,-0.142,-0.362,0.000,0.206,-1.042,-0.757, 1.399;
3.077,-14.315,-15.186,-14.315,-15.186, 0.661, 0.433,-0.180,-0.187,0.187,-3.188,-1.035,-0.764, 1.436;
3.089,-26.820,-14.650,-26.820,-14.650, 0.656, 0.433,-0.177,-0.361,0.000,0.254,-1.025,-0.770, 1.433;
3.101,-27.496,-15.259,-27.496,-15.259, 0.652, 0.433,-0.177,-0.381,0.000,0.000,-1.016,-0.776, 1.433;
3.112,-21.103,-8.798,-21.103,-8.798, 0.650, 0.433,-0.177,-0.197,0.000,0.000,-1.009,-0.781, 1.433;
3.124,-27.165,-15.125,-27.165,-15.125, 0.645, 0.433,-0.194,-0.394,0.000,-1.522,-0.999,-0.786, 1.451;
3.134,-27.598,-15.472,-27.598,-15.472, 0.641, 0.433,-0.194,-0.408,0.000,0.000,-0.990,-0.791, 1.451;
3.146,-19.907,-20.858,-19.907,-20.858, 0.636, 0.435,-0.211,-0.392,0.196,-1.503,-0.980,-0.798, 1.468;
3.158,-25.579,-13.599,-25.579,-13.599, 0.632, 0.435,-0.211,-0.369,0.000,0.000,-0.970,-0.803, 1.468;
3.169,-26.287,-14.247,-26.287,-14.247, 0.627, 0.435,-0.211,-0.392,0.000,0.000,-0.961,-0.808, 1.468;
3.192,-19.975,-7.821,-19.975,-7.821, 0.623, 0.435,-0.211,-0.201,0.000,0.000,-0.946,-0.817, 1.468;
3.195,-57.481,-45.310,-57.481,-45.310, 0.618, 0.435,-0.211,-1.346,0.000,0.000,-0.939,-0.818, 1.468;
3.216,-19.837,-14.609,-19.837,-14.609, 0.612, 0.437,-0.224,-0.319,0.106,-0.626,-0.923,-0.829, 1.481;
3.220,-45.727,-33.644,-45.727,-33.644, 0.607, 0.437,-0.224,-1.020,0.000,0.000,-0.916,-0.831, 1.481;
3.240,-20.870,-8.366,-20.870,-8.366, 0.603, 0.437,-0.207,-0.230,0.000,0.864,-0.902,-0.838, 1.464;
3.252,-18.130,-17.432,-18.130,-17.432, 0.598, 0.440,-0.241,-0.358,0.179,-2.678,-0.891,-0.845, 1.497;
3.255,-79.882,-67.031,-79.882,-67.031, 0.591, 0.440,-0.220,-2.065,0.000,6.275,-0.883,-0.846, 1.477;
3.277,-19.451,-7.076,-19.451,-7.076, 0.587, 0.440,-0.224,-0.208,0.000,-0.174,-0.867,-0.854, 1.481;
3.289,-18.198,-17.689,-18.198,-17.689, 0.583, 0.442,-0.241,-0.371,0.186,-1.381,-0.856,-0.860, 1.497;
3.301,-30.186,-17.562,-30.186,-17.562, 0.576, 0.442,-0.220,-0.539,0.000,1.638,-0.843,-0.865, 1.477;
3.313,-18.140,-17.596,-18.140,-17.596, 0.571, 0.444,-0.241,-0.374,0.187,-1.706,-0.832,-0.871, 1.497;
3.325,-30.707,-18.307,-30.707,-18.307, 0.565, 0.444,-0.237,-0.584,0.000,0.349,-0.819,-0.874, 1.493;
3.336,-24.115,-11.677,-24.115,-11.677, 0.560, 0.444,-0.237,-0.376,0.000,0.000,-0.809,-0.878, 1.493;
3.349,-23.578,-22.422,-23.578,-22.422, 0.554, 0.446,-0.237,-0.542,0.181,0.000,-0.795,-0.884, 1.493;
3.361,-23.276,-10.711,-23.276,-10.711, 0.549, 0.446,-0.237,-0.353,0.000,0.000,-0.784,-0.888, 1.493;
3.373,-23.927,-23.108,-23.927,-23.108, 0.542, 0.449,-0.237,-0.563,0.188,0.000,-0.770,-0.894, 1.493;
3.386,-28.872,-16.101,-28.872,-16.101, 0.536, 0.449,-0.233,-0.529,0.000,0.306,-0.756,-0.897, 1.490;
3.399,-17.581,-16.015,-17.581,-16.015, 0.531, 0.451,-0.237,-0.356,0.178,-0.308,-0.745,-0.903, 1.493;
3.411,-29.179,-16.290,-29.179,-16.290, 0.525, 0.451,-0.233,-0.543,0.000,0.314,-0.731,-0.906, 1.490;
3.423,-22.981,-21.774,-22.981,-21.774, 0.518, 0.453,-0.249,-0.554,0.185,-1.321,-0.718,-0.911, 1.506;
3.436,-28.818,-15.798,-28.818,-15.798, 0.511, 0.453,-0.233,-0.535,0.000,1.278,-0.704,-0.915, 1.490;
3.448,-22.919,-9.889,-22.919,-9.889, 0.507, 0.453,-0.233,-0.352,0.000,0.000,-0.692,-0.918, 1.490;
3.452,-51.234,-77.653,-51.234,-77.653, 0.500, 0.455,-0.233,-1.870,0.623,0.000,-0.683,-0.921, 1.490;
3.463,-23.700,-23.278,-23.700,-23.278, 0.493, 0.458,-0.249,-0.600,0.200,-1.433,-0.670,-0.925, 1.506;
3.485,-18.100,-4.895,-18.100,-4.895, 0.489, 0.458,-0.233,-0.205,0.000,0.735,-0.652,-0.930, 1.490;
3.497,-22.035,-19.964,-22.035,-19.964, 0.482, 0.460,-0.249,-0.526,0.175,-1.256,-0.638,-0.935, 1.506;
3.501,-74.133,-60.351,-74.133,-60.351, 0.475, 0.460,-0.229,-1.958,0.000,5.768,-0.629,-0.935, 1.486;
3.513,-23.641,-22.396,-23.641,-22.396, 0.469, 0.462,-0.229,-0.573,0.191,0.000,-0.616,-0.940, 1.486;
3.524,-30.428,-16.984,-30.428,-16.984, 0.462, 0.462,-0.229,-0.598,0.000,0.000,-0.602,-0.942, 1.486;
3.547,-13.935,-6.843,-13.935,-6.843, 0.458, 0.464,-0.249,-0.194,0.097,-0.859,-0.584,-0.948, 1.506;
3.551,-56.611,-42.850,-56.611,-42.850, 0.451, 0.464,-0.229,-1.420,0.000,4.185,-0.574,-0.949, 1.486;
3.562,-24.786,-24.812,-24.786,-24.812, 0.444, 0.466,-0.229,-0.641,0.214,0.000,-0.561,-0.953, 1.486;
3.573,-23.881,-10.270,-23.881,-10.270, 0.440, 0.466,-0.229,-0.401,0.000,0.000,-0.550,-0.954, 1.486;
3.594,-17.732,-10.782,-17.732,-10.782, 0.433, 0.469,-0.229,-0.317,0.106,0.000,-0.530,-0.959, 1.486;
3.606,-28.975,-15.276,-28.975,-15.276, 0.426, 0.469,-0.229,-0.567,0.000,0.000,-0.516,-0.961, 1.486;
3.618,-22.588,-20.589,-22.588,-20.589, 0.420, 0.471,-0.229,-0.553,0.184,0.000,-0.502,-0.964, 1.486;
3.630,-29.085,-15.232,-29.085,-15.232, 0.413, 0.471,-0.226,-0.570,0.000,0.309,-0.488,-0.965, 1.482;
3.641,-17.003,-15.831,-17.003,-15.831, 0.408, 0.473,-0.229,-0.397,0.198,-0.323,-0.477,-0.969, 1.486;
3.652,-23.339,-22.201,-23.339,-22.201, 0.402, 0.475,-0.229,-0.599,0.200,0.000,-0.463,-0.972, 1.486;
3.663,-29.873,-16.001,-29.873,-16.001, 0.395, 0.475,-0.229,-0.607,0.000,0.000,-0.449,-0.972, 1.486;
3.674,-23.609,-22.696,-23.609,-22.696, 0.388, 0.478,-0.226,-0.613,0.204,0.332,-0.436,-0.975, 1.482;
3.685,-23.570,-22.662,-23.570,-22.662, 0.382, 0.480,-0.226,-0.615,0.205,0.000,-0.422,-0.978, 1.482;
3.696,-29.909,-15.860,-29.909,-15.860, 0.375, 0.480,-0.226,-0.610,0.000,0.000,-0.409,-0.979, 1.482;
3.707,-16.806,-15.761,-16.806,-15.761, 0.371, 0.482,-0.226,-0.407,0.204,0.000,-0.398,-0.981, 1.482;
3.728,-20.337,-6.239,-20.337,-6.239, 0.364, 0.482,-0.226,-0.318,0.000,0.000,-0.378,-0.982, 1.482;
3.739,-22.748,-21.290,-22.748,-21.290, 0.357, 0.484,-0.226,-0.593,0.198,0.000,-0.364,-0.984, 1.482;
3.751,-30.102,-15.500,-30.102,-15.500, 0.350, 0.484,-0.207,-0.600,0.000,1.695,-0.350,-0.984, 1.463;
3.762,-22.703,-21.258,-22.703,-21.258, 0.344, 0.487,-0.222,-0.595,0.198,-1.367,-0.336,-0.987, 1.479;
3.773,-22.795,-21.435,-22.795,-21.435, 0.337, 0.489,-0.222,-0.602,0.201,0.000,-0.323,-0.989, 1.479;
3.784,-23.435,-8.859,-23.435,-8.859, 0.333, 0.489,-0.210,-0.410,0.000,1.111,-0.311,-0.988, 1.467;
3.795,-22.680,-21.380,-22.680,-21.380, 0.326, 0.491,-0.222,-0.605,0.202,-1.093,-0.298,-0.990, 1.479;
3.806,-22.707,-21.443,-22.707,-21.443, 0.319, 0.493,-0.222,-0.609,0.203,0.000,-0.284,-0.992, 1.479;
3.817,-29.207,-14.863,-29.207,-14.863, 0.312, 0.493,-0.222,-0.611,0.000,0.000,-0.271,-0.992, 1.479;
3.839,-19.519,-4.836,-19.519,-4.836, 0.306, 0.493,-0.207,-0.300,0.000,0.691,-0.250,-0.990, 1.463;
3.843,-52.694,-80.899,-52.694,-80.899, 0.299, 0.496,-0.203,-1.947,0.649,0.927,-0.241,-0.992, 1.460;
3.854,-22.087,-20.477,-22.087,-20.477, 0.292, 0.498,-0.219,-0.594,0.198,-1.345,-0.227,-0.993, 1.475;
3.876,-16.002,-1.286,-16.002,-1.286, 0.288, 0.498,-0.207,-0.202,0.000,0.543,-0.209,-0.991, 1.463;
3.888,-20.543,-17.738,-20.543,-17.738, 0.281, 0.500,-0.222,-0.538,0.179,-1.236,-0.195,-0.992, 1.479;
3.900,-20.908,-18.361,-20.908,-18.361, 0.275, 0.502,-0.219,-0.553,0.184,0.282,-0.181,-0.993, 1.475;
3.914,-25.573,-10.745,-25.573,-10.745, 0.268, 0.502,-0.203,-0.498,0.000,1.128,-0.166,-0.992, 1.460;
3.917,-84.600,-69.800,-84.600,-69.800, 0.261, 0.502,-0.203,-2.279,0.000,0.000,-0.157,-0.991, 1.460;
3.928,-22.076,-20.441,-22.076,-20.441, 0.254, 0.504,-0.203,-0.596,0.199,0.000,-0.143,-0.992, 1.460;
3.939,-21.660,-20.282,-21.660,-20.282, 0.248, 0.507,-0.219,-0.606,0.202,-1.373,-0.130,-0.993, 1.475;
3.962,-15.166,-0.368,-15.166,-0.368, 0.243, 0.507,-0.203,-0.196,0.000,0.667,-0.112,-0.989, 1.460;
3.967,-37.324,-51.240,-37.324,-51.240, 0.237, 0.509,-0.203,-1.299,0.433,0.000,-0.102,-0.990, 1.460;
3.977,-30.968,-16.169,-30.968,-16.169, 0.230, 0.509,-0.203,-0.678,0.000,0.000,-0.089,-0.989, 1.460;
3.988,-21.377,-19.556,-21.377,-19.556, 0.223, 0.511,-0.203,-0.587,0.196,0.000,-0.076,-0.989, 1.460;
4.010,-18.364,-3.607,-18.364,-3.607, 0.217, 0.511,-0.203,-0.306,0.000,0.000,-0.056,-0.985, 1.460;
4.022,-20.759,-18.629,-20.759,-18.629, 0.210, 0.513,-0.203,-0.571,0.190,0.000,-0.042,-0.984, 1.460;
4.034,-20.149,-17.951,-20.149,-17.951, 0.203, 0.516,-0.215,-0.566,0.189,-1.002,-0.029,-0.984, 1.472;
4.045,-27.328,-12.490,-27.328,-12.490, 0.196, 0.516,-0.200,-0.581,0.000,1.298,-0.015,-0.982, 1.457;
4.058,-19.595,-16.539,-19.595,-16.539, 0.190, 0.518,-0.200,-0.529,0.176,0.000,-0.001,-0.981, 1.457;
4.070,-26.843,-12.069,-26.843,-12.069, 0.183, 0.518,-0.200,-0.574,0.000,0.000, 0.012,-0.978, 1.457;
4.081,-20.226,-18.055,-20.226,-18.055, 0.176, 0.520,-0.200,-0.567,0.189,0.000, 0.026,-0.977, 1.457;
4.094,-25.690,-10.956,-25.690,-10.956, 0.170, 0.520,-0.200,-0.546,0.000,0.000, 0.040,-0.974, 1.457;
4.105,-13.753,-11.837,-13.753,-11.837, 0.165, 0.522,-0.203,-0.384,0.192,-0.266, 0.051,-0.973, 1.460;
4.118,-25.388,-10.692,-25.388,-10.692, 0.158, 0.522,-0.200,-0.543,0.000,0.251, 0.064,-0.970, 1.457;
4.130,-19.357,-16.839,-19.357,-16.839, 0.152, 0.525,-0.200,-0.547,0.182,0.000, 0.078,-0.969, 1.457;
4.143,-24.309,-9.673,-24.309,-9.673, 0.145, 0.525,-0.200,-0.517,0.000,0.000, 0.092,-0.965, 1.457;
4.156,-18.478,-15.377,-18.478,-15.377, 0.138, 0.527,-0.200,-0.519,0.173,0.000, 0.106,-0.963, 1.457;
4.169,-24.389,-9.814,-24.389,-9.814, 0.132, 0.527,-0.200,-0.527,0.000,0.000, 0.119,-0.959, 1.457;
4.180,-19.282,-17.275,-19.282,-17.275, 0.125, 0.529,-0.200,-0.565,0.188,0.000, 0.132,-0.958, 1.457;
4.192,-26.413,-11.538,-26.413,-11.538, 0.118, 0.529,-0.185,-0.576,0.000,1.295, 0.145,-0.954, 1.442;
4.204,-18.975,-16.994,-18.975,-16.994, 0.112, 0.531,-0.200,-0.562,0.187,-1.264, 0.158,-0.952, 1.457;
4.217,-24.665,-9.799,-24.665,-9.799, 0.105, 0.531,-0.183,-0.529,0.000,1.409, 0.172,-0.948, 1.439;
4.230,-17.468,-14.192,-17.468,-14.192, 0.098, 0.533,-0.197,-0.501,0.167,-1.111, 0.185,-0.945, 1.454;
4.243,-23.769,-8.993,-23.769,-8.993, 0.092, 0.533,-0.183,-0.510,0.000,1.131, 0.199,-0.941, 1.439;
4.246,-66.369,-111.720,-66.369,-111.720, 0.085, 0.536,-0.183,-2.635,0.878,0.000, 0.207,-0.942, 1.439;
4.267,-16.870,-2.194,-16.870,-2.194, 0.078, 0.536,-0.183,-0.316,0.000,0.000, 0.224,-0.934, 1.439;
4.279,-18.506,-16.408,-18.506,-16.408, 0.071, 0.538,-0.183,-0.550,0.183,0.000, 0.237,-0.931, 1.439;
4.291,-25.167,-10.572,-25.167,-10.572, 0.065, 0.538,-0.183,-0.565,0.000,0.000, 0.249,-0.927, 1.439;
4.303,-18.290,-16.297,-18.290,-16.297, 0.058, 0.540,-0.183,-0.551,0.184,0.000, 0.262,-0.924, 1.439;
4.316,-17.506,-3.065,-17.506,-3.065, 0.054, 0.540,-0.185,-0.350,0.000,-0.219, 0.273,-0.919, 1.442;
4.327,-25.128,-23.741,-25.128,-23.741, 0.045, 0.542,-0.183,-0.766,0.191,0.239, 0.287,-0.916, 1.439;
4.339,-25.503,-11.024,-25.503,-11.024, 0.038, 0.542,-0.180,-0.586,0.000,0.237, 0.299,-0.912, 1.436;
4.351,-11.696,-10.189,-11.696,-10.189, 0.033, 0.545,-0.183,-0.376,0.188,-0.228, 0.309,-0.909, 1.439;
4.363,-30.593,-15.870,-30.593,-15.870, 0.025, 0.545,-0.165,-0.722,0.000,1.408, 0.324,-0.903, 1.422;
4.375,-11.491,-10.198,-11.491,-10.198, 0.020, 0.547,-0.183,-0.379,0.190,-1.479, 0.333,-0.901, 1.439;
4.386,-31.879,-17.249,-31.879,-17.249, 0.011, 0.547,-0.165,-0.766,0.000,1.493, 0.347,-0.895, 1.422;
4.399,-11.074,-9.516,-11.074,-9.516, 0.007, 0.549,-0.183,-0.369,0.184,-1.437, 0.357,-0.892, 1.439;
4.410,-31.043,-16.521,-31.043,-16.521,-0.002, 0.549,-0.165,-0.749,0.000,1.460, 0.371,-0.887, 1.422;
4.422,-17.491,-16.341,-17.491,-16.341,-0.009, 0.551,-0.180,-0.566,0.189,-1.243, 0.383,-0.883, 1.436;
4.434,-24.753,-10.354,-24.753,-10.354,-0.016, 0.551,-0.165,-0.576,0.000,1.266, 0.394,-0.878, 1.422;
4.446,-10.761,-9.733,-10.761,-9.733,-0.020, 0.554,-0.183,-0.378,0.189,-1.474, 0.404,-0.874, 1.439;
4.457,-32.037,-17.725,-32.037,-17.725,-0.029, 0.554,-0.165,-0.791,0.000,1.542, 0.417,-0.869, 1.422;
4.469,-10.703,-10.128,-10.703,-10.128,-0.033, 0.556,-0.183,-0.388,0.194,-1.513, 0.426,-0.865, 1.439;
4.480,-31.460,-17.261,-31.460,-17.261,-0.042, 0.556,-0.165,-0.781,0.000,1.523, 0.439,-0.860, 1.422;
4.491,-10.940,-10.889,-10.940,-10.889,-0.047, 0.558,-0.168,-0.401,0.200,-0.224, 0.448,-0.856, 1.424;
4.503,-24.203,-10.214,-24.203,-10.214,-0.054, 0.558,-0.168,-0.583,0.000,0.000, 0.459,-0.851, 1.424;
4.514,-23.796,-23.190,-23.796,-23.190,-0.062, 0.560,-0.165,-0.764,0.191,0.213, 0.472,-0.847, 1.422;
4.536,-10.624,3.172,-10.624,3.172,-0.067, 0.560,-0.168,-0.203,0.000,-0.114, 0.484,-0.835, 1.424;
4.548,-16.193,-15.232,-16.193,-15.232,-0.074, 0.562,-0.168,-0.549,0.183,0.000, 0.495,-0.831, 1.424;
4.551,-85.604,-71.872,-85.604,-71.872,-0.080, 0.562,-0.168,-2.353,0.000,0.000, 0.503,-0.830, 1.424;
4.573,-10.334,-3.892,-10.334,-3.892,-0.087, 0.565,-0.168,-0.308,0.103,0.000, 0.517,-0.820, 1.424;
4.585,-23.648,-9.753,-23.648,-9.753,-0.094, 0.565,-0.150,-0.573,0.000,1.478, 0.527,-0.814, 1.407;
4.597,-22.693,-8.970,-22.693,-8.970,-0.100, 0.565,-0.153,-0.553,0.000,-0.188, 0.538,-0.807, 1.409;
4.609,-15.645,-14.709,-15.645,-14.709,-0.107, 0.567,-0.150,-0.536,0.179,0.182, 0.548,-0.803, 1.407;
4.615,-28.237,-40.497,-28.237,-40.497,-0.114, 0.569,-0.165,-1.094,0.365,-2.414, 0.557,-0.802, 1.422;
4.626,-24.760,-11.096,-24.760,-11.096,-0.121, 0.569,-0.150,-0.617,0.000,1.361, 0.566,-0.795, 1.407;
4.638,-23.684,-10.142,-23.684,-10.142,-0.127, 0.569,-0.150,-0.591,0.000,0.000, 0.576,-0.789, 1.407;
4.649,-15.905,-15.899,-15.905,-15.899,-0.134, 0.571,-0.150,-0.565,0.188,0.000, 0.586,-0.785, 1.407;
4.661,-23.340,-9.937,-23.340,-9.937,-0.141, 0.571,-0.150,-0.588,0.000,0.000, 0.596,-0.778, 1.407;
4.683,-9.422,-3.444,-9.422,-3.444,-0.147, 0.574,-0.150,-0.306,0.102,0.000, 0.608,-0.768, 1.407;
4.695,-20.931,-7.759,-20.931,-7.759,-0.154, 0.574,-0.150,-0.529,0.000,0.000, 0.618,-0.760, 1.407;
4.707,-15.236,-15.468,-15.236,-15.468,-0.161, 0.576,-0.150,-0.559,0.186,0.000, 0.627,-0.756, 1.407;
4.719,-21.838,-8.817,-21.838,-8.817,-0.167, 0.576,-0.150,-0.561,0.000,0.000, 0.637,-0.749, 1.407;
4.731,-22.368,-9.152,-22.368,-9.152,-0.174, 0.576,-0.136,-0.566,0.000,1.256, 0.646,-0.742, 1.392;
4.744,-13.934,-13.527,-13.934,-13.527,-0.181, 0.578,-0.150,-0.521,0.174,-1.154, 0.655,-0.736, 1.407;
4.756,-22.629,-9.572,-22.629,-9.572,-0.187, 0.578,-0.136,-0.580,0.000,1.286, 0.664,-0.729, 1.392;
4.768,-14.070,-14.188,-14.070,-14.188,-0.194, 0.580,-0.150,-0.536,0.179,-1.189, 0.673,-0.724, 1.407;
4.781,-20.833,-7.947,-20.833,-7.947,-0.201, 0.580,-0.136,-0.538,0.000,1.192, 0.682,-0.716, 1.392;
4.792,-21.670,-8.912,-21.670,-8.912,-0.208, 0.580,-0.136,-0.564,0.000,0.000, 0.691,-0.709, 1.392;
4.805,-14.011,-14.379,-14.011,-14.379,-0.214, 0.583,-0.136,-0.536,0.179,0.000, 0.699,-0.704, 1.392;
4.818,-19.980,-7.394,-19.980,-7.394,-0.221, 0.583,-0.136,-0.525,0.000,0.000, 0.708,-0.696, 1.392;
4.830,-13.628,-14.026,-13.628,-14.026,-0.228, 0.585,-0.136,-0.531,0.177,0.000, 0.716,-0.691, 1.392;
4.842,-21.852,-9.430,-21.852,-9.430,-0.234, 0.585,-0.136,-0.582,0.000,0.000, 0.725,-0.684, 1.392;
4.853,-21.564,-9.242,-21.564,-9.242,-0.241, 0.585,-0.136,-0.578,0.000,0.000, 0.733,-0.676, 1.392;
4.866,-13.621,-14.625,-13.621,-14.625,-0.248, 0.587,-0.136,-0.545,0.182,0.000, 0.741,-0.671, 1.392;
4.878,-20.597,-8.442,-20.597,-8.442,-0.254, 0.587,-0.136,-0.557,0.000,0.000, 0.749,-0.664, 1.392;
4.890,-13.273,-14.323,-13.273,-14.323,-0.261, 0.589,-0.136,-0.540,0.180,0.000, 0.756,-0.658, 1.392;
4.902,-20.176,-8.191,-20.176,-8.191,-0.268, 0.589,-0.136,-0.552,0.000,0.000, 0.764,-0.651, 1.392;
4.915,-19.961,-7.824,-19.961,-7.824,-0.275, 0.589,-0.121,-0.539,0.000,1.199, 0.772,-0.643, 1.377;
4.926,-13.519,-15.486,-13.519,-15.486,-0.281, 0.591,-0.136,-0.565,0.188,-1.257, 0.779,-0.638, 1.392;
4.939,-19.938,-7.971,-19.938,-7.971,-0.288, 0.591,-0.121,-0.544,0.000,1.211, 0.786,-0.630, 1.377;
4.951,-19.728,-7.900,-19.728,-7.900,-0.295, 0.591,-0.121,-0.542,0.000,0.000, 0.794,-0.622, 1.377;
4.964,-12.589,-14.245,-12.589,-14.245,-0.301, 0.594,-0.136,-0.541,0.180,-1.203, 0.801,-0.617, 1.392;
4.975,-20.629,-8.941,-20.629,-8.941,-0.308, 0.594,-0.121,-0.572,0.000,1.273, 0.808,-0.609, 1.377;
4.987,-13.273,-15.991,-13.273,-15.991,-0.315, 0.596,-0.136,-0.577,0.192,-1.285, 0.815,-0.604, 1.392;
5.000,-18.473,-6.966,-18.473,-6.966,-0.321, 0.596,-0.121,-0.520,0.000,1.157, 0.821,-0.596, 1.377;
5.012,-18.924,-7.555,-18.924,-7.555,-0.328, 0.596,-0.121,-0.536,0.000,0.000, 0.828,-0.588, 1.377;
5.024,-19.508,-8.247,-19.508,-8.247,-0.335, 0.596,-0.121,-0.554,0.000,0.000, 0.835,-0.581, 1.377;
5.036,-12.993,-16.019,-12.993,-16.019,-0.341, 0.598,-0.121,-0.573,0.191,0.000, 0.841,-0.576, 1.377;
5.048,-19.693,-8.598,-19.693,-8.598,-0.348, 0.598,-0.121,-0.565,0.000,0.000, 0.847,-0.568, 1.377;
5.060,-11.964,-14.341,-11.964,-14.341,-0.355, 0.600,-0.121,-0.540,0.180,0.000, 0.853,-0.563, 1.377;
5.072,-19.409,-8.487,-19.409,-8.487,-0.362, 0.600,-0.121,-0.563,0.000,0.000, 0.860,-0.555, 1.377;
5.084,-20.505,-9.446,-20.505,-9.446,-0.368, 0.600,-0.106,-0.585,0.000,1.306, 0.866,-0.548, 1.362;
5.095,-19.789,-8.869,-19.789,-8.869,-0.375, 0.600,-0.106,-0.569,0.000,0.000, 0.871,-0.541, 1.362;
5.107,-12.000,-15.263,-12.000,-15.263,-0.382, 0.603,-0.121,-0.559,0.186,-1.249, 0.877,-0.535, 1.377;
5.120,-18.371,-7.600,-18.371,-7.600,-0.388, 0.603,-0.106,-0.537,0.000,1.199, 0.883,-0.528, 1.362;
5.132,-11.340,-14.317,-11.340,-14.317,-0.395, 0.605,-0.121,-0.541,0.180,-1.208, 0.888,-0.522, 1.377;
5.144,-18.859,-8.260,-18.859,-8.260,-0.402, 0.605,-0.106,-0.555,0.000,1.240, 0.894,-0.515, 1.362;
5.156,-18.895,-8.435,-18.895,-8.435,-0.408, 0.605,-0.106,-0.559,0.000,0.000, 0.899,-0.507, 1.362;
5.168,-19.697,-9.339,-19.697,-9.339,-0.415, 0.605,-0.106,-0.583,0.000,0.000, 0.904,-0.500, 1.362;
5.180,-11.480,-15.181,-11.480,-15.181,-0.422, 0.607,-0.106,-0.553,0.184,0.000, 0.909,-0.495, 1.362;
5.191,-19.265,-9.072,-19.265,-9.072,-0.429, 0.607,-0.106,-0.577,0.000,0.000, 0.914,-0.488, 1.362;
5.203,-19.761,-9.669,-19.761,-9.669,-0.435, 0.607,-0.106,-0.593,0.000,0.000, 0.919,-0.481, 1.362;
5.214,-11.963,-16.692,-11.963,-16.692,-0.442, 0.609,-0.106,-0.584,0.195,0.000, 0.924,-0.476, 1.362;
5.226,-17.756,-7.828,-17.756,-7.828,-0.449, 0.609,-0.106,-0.545,0.000,0.000, 0.929,-0.469, 1.362;
5.238,-19.522,-9.691,-19.522,-9.691,-0.455, 0.609,-0.106,-0.594,0.000,0.000, 0.933,-0.462, 1.362;
5.249,-20.489,-10.536,-20.489,-10.536,-0.462, 0.609,-0.091,-0.612,0.000,1.370, 0.938,-0.456, 1.347;
5.261,-11.045,-15.650,-11.045,-15.650,-0.469, 0.612,-0.106,-0.563,0.188,-1.262, 0.942,-0.451, 1.362;
5.282,-8.285,1.204,-8.285,1.204,-0.475, 0.612,-0.106,-0.306,0.000,0.000, 0.944,-0.438, 1.362;
5.296,-9.410,0.137,-9.410,0.137,-0.480, 0.612,-0.092,-0.333,0.000,1.016, 0.946,-0.430, 1.349;
5.300,-90.408,-80.849,-90.408,-80.849,-0.489, 0.612,-0.091,-2.431,0.000,0.378, 0.954,-0.428, 1.347;
5.309,-4.960,-12.732,-4.960,-12.732,-0.493, 0.614,-0.107,-0.450,0.225,-1.674, 0.956,-0.424, 1.364;
5.322,-17.501,-8.113,-17.501,-8.113,-0.500, 0.614,-0.092,-0.549,0.000,1.248, 0.960,-0.417, 1.349;
5.343,-8.065,1.107,-8.065,1.107,-0.507, 0.614,-0.092,-0.308,0.000,0.000, 0.961,-0.405, 1.349;
5.347,-74.605,-65.460,-74.605,-65.460,-0.513, 0.614,-0.092,-2.034,0.000,0.000, 0.967,-0.403, 1.349;
5.358,-11.297,-17.450,-11.297,-17.450,-0.520, 0.616,-0.092,-0.593,0.198,0.000, 0.970,-0.399, 1.349;
5.380,-7.815,1.101,-7.815,1.101,-0.527, 0.616,-0.092,-0.308,0.000,0.000, 0.971,-0.386, 1.349;
5.393,-15.706,-6.880,-15.706,-6.880,-0.533, 0.616,-0.091,-0.514,0.000,0.106, 0.974,-0.379, 1.347;
5.397,-57.919,-48.743,-57.919,-48.743,-0.540, 0.616,-0.077,-1.581,0.000,3.279, 0.979,-0.377, 1.333;
5.407,-23.367,-14.494,-23.367,-14.494,-0.547, 0.616,-0.076,-0.706,0.000,0.122, 0.983,-0.372, 1.332;
5.429,-3.427,-2.690,-3.427,-2.690,-0.554, 0.618,-0.091,-0.304,0.101,-0.683, 0.983,-0.362, 1.347;
5.433,-32.889,-24.372,-32.889,-24.372,-0.558, 0.618,-0.092,-0.968,0.000,-0.301, 0.986,-0.359, 1.349;
5.444,-19.521,-10.882,-19.521,-10.882,-0.565, 0.618,-0.077,-0.614,0.000,1.400, 0.989,-0.354, 1.333;
5.466,-7.377,1.049,-7.377,1.049,-0.571, 0.618,-0.077,-0.308,0.000,0.000, 0.988,-0.342, 1.333;
5.469,-89.114,-80.710,-89.114,-80.710,-0.578, 0.618,-0.077,-2.390,0.000,0.000, 0.994,-0.341, 1.333;
5.490,-3.314,5.076,-3.314,5.076,-0.583, 0.618,-0.061,-0.206,0.000,0.708, 0.991,-0.329, 1.318;
5.496,-43.591,-35.251,-43.591,-35.251,-0.589, 0.618,-0.061,-1.216,0.000,0.000, 0.995,-0.327, 1.318;
5.505,-22.847,-14.581,-22.847,-14.581,-0.596, 0.618,-0.061,-0.699,0.000,0.000, 0.998,-0.322, 1.318;
5.517,-17.191,-9.017,-17.191,-9.017,-0.603, 0.618,-0.061,-0.559,0.000,0.000, 1.001,-0.316, 1.318;
5.530,-9.160,-15.530,-9.160,-15.530,-0.609, 0.620,-0.077,-0.547,0.182,-1.251, 1.003,-0.312, 1.333;
5.552,-2.684,5.139,-2.684,5.139,-0.614, 0.620,-0.077,-0.201,0.000,0.000, 0.998,-0.301, 1.333;
5.556,-80.846,-29.606,-80.846,-29.606,-0.620, 0.618,-0.061,-1.616,-0.539,3.695, 1.003,-0.297, 1.318;
5.566,-12.496,-22.698,-12.496,-22.698,-0.627, 0.620,-0.077,-0.683,0.228,-1.561, 1.006,-0.294, 1.333;
5.588,-6.779,0.935,-6.779,0.935,-0.634, 0.620,-0.061,-0.307,0.000,0.703, 1.004,-0.284, 1.318;
5.600,-8.858,-1.251,-8.858,-1.251,-0.638, 0.620,-0.062,-0.361,0.000,-0.077, 1.003,-0.278, 1.319;
5.612,-16.730,-9.205,-16.730,-9.205,-0.645, 0.620,-0.062,-0.560,0.000,0.000, 1.004,-0.273, 1.319;
5.624,-16.291,-8.839,-16.291,-8.839,-0.652, 0.620,-0.061,-0.550,0.000,0.079, 1.006,-0.267, 1.318;
5.636,-17.369,-9.996,-17.369,-9.996,-0.658, 0.620,-0.061,-0.579,0.000,0.000, 1.007,-0.262, 1.318;
5.648,-8.758,-1.476,-8.758,-1.476,-0.663, 0.620,-0.062,-0.365,0.000,-0.078, 1.006,-0.257, 1.319;
5.660,-15.812,-8.608,-15.812,-8.608,-0.670, 0.620,-0.062,-0.543,0.000,0.000, 1.007,-0.252, 1.319;
5.673,-15.625,-8.500,-15.625,-8.500,-0.676, 0.620,-0.062,-0.540,0.000,0.000, 1.008,-0.246, 1.319;
5.684,-17.343,-10.280,-17.343,-10.280,-0.683, 0.620,-0.061,-0.584,0.000,0.084, 1.009,-0.242, 1.318;
5.696,-16.159,-9.020,-16.159,-9.020,-0.690, 0.620,-0.046,-0.549,0.000,1.258, 1.010,-0.237, 1.303;
5.709,-8.140,-1.261,-8.140,-1.261,-0.694, 0.620,-0.062,-0.357,0.000,-1.304, 1.009,-0.232, 1.319;
5.721,-15.203,-8.226,-15.203,-8.226,-0.701, 0.620,-0.047,-0.528,0.000,1.229, 1.009,-0.227, 1.303;
5.733,-16.523,-9.649,-16.523,-9.649,-0.708, 0.620,-0.047,-0.563,0.000,0.000, 1.010,-0.222, 1.303;
5.745,-15.970,-9.167,-15.970,-9.167,-0.714, 0.620,-0.047,-0.550,0.000,0.000, 1.010,-0.218, 1.303;
5.757,-8.944,-2.208,-8.944,-2.208,-0.719, 0.620,-0.047,-0.378,0.000,0.000, 1.009,-0.213, 1.303;
5.769,-16.589,-9.925,-16.589,-9.925,-0.725, 0.620,-0.048,-0.568,0.000,-0.063, 1.010,-0.209, 1.304;
5.781,-16.271,-9.664,-16.271,-9.664,-0.732, 0.620,-0.047,-0.561,0.000,0.062, 1.010,-0.205, 1.303;
5.793,-16.495,-9.953,-16.495,-9.953,-0.739, 0.620,-0.047,-0.568,0.000,0.000, 1.011,-0.201, 1.303;
5.806,-14.219,-7.745,-14.219,-7.745,-0.745, 0.620,-0.047,-0.513,0.000,0.000, 1.010,-0.196, 1.303;
5.817,-18.026,-11.609,-18.026,-11.609,-0.752, 0.620,-0.047,-0.608,0.000,0.000, 1.011,-0.193, 1.303;
5.829,-7.915,-1.565,-7.915,-1.565,-0.757, 0.620,-0.048,-0.360,0.000,-0.060, 1.009,-0.189, 1.304;
5.841,-15.663,-9.228,-15.663,-9.228,-0.763, 0.620,-0.032,-0.545,0.000,1.291, 1.009,-0.185, 1.288;
5.854,-15.726,-9.384,-15.726,-9.384,-0.770, 0.620,-0.032,-0.549,0.000,0.000, 1.009,-0.181, 1.288;
5.865,-8.596,-17.867,-8.596,-17.867,-0.777, 0.623,-0.048,-0.571,0.190,-1.352, 1.009,-0.180, 1.304;
5.877,-16.115,-9.934,-16.115,-9.934,-0.783, 0.623,-0.047,-0.566,0.000,0.063, 1.009,-0.177, 1.303;
5.890,-7.587,-1.467,-7.587,-1.467,-0.788, 0.623,-0.048,-0.357,0.000,-0.059, 1.007,-0.173, 1.304;
5.902,-15.981,-9.910,-15.981,-9.910,-0.795, 0.623,-0.048,-0.565,0.000,0.000, 1.007,-0.170, 1.304;
5.914,-15.211,-9.189,-15.211,-9.189,-0.801, 0.623,-0.048,-0.547,0.000,0.000, 1.006,-0.167, 1.304;
5.926,-16.009,-10.034,-16.009,-10.034,-0.808, 0.623,-0.048,-0.567,0.000,0.000, 1.006,-0.164, 1.304;
5.937,-8.969,-2.912,-8.969,-2.912,-0.812, 0.623,-0.032,-0.390,0.000,1.342, 1.004,-0.161, 1.289;
5.949,-15.936,-9.949,-15.936,-9.949,-0.819, 0.623,-0.032,-0.560,0.000,0.000, 1.004,-0.158, 1.289;
5.960,-16.937,-10.987,-16.937,-10.987,-0.826, 0.623,-0.032,-0.585,0.000,0.045, 1.004,-0.155, 1.288;
5.972,-16.557,-10.648,-16.557,-10.648,-0.833, 0.623,-0.032,-0.577,0.000,0.000, 1.004,-0.153, 1.288;
5.984,-16.620,-10.749,-16.620,-10.749,-0.839, 0.623,-0.032,-0.580,0.000,0.000, 1.004,-0.150, 1.288;
5.995,-8.564,-2.734,-8.564,-2.734,-0.844, 0.623,-0.032,-0.385,0.000,-0.044, 1.001,-0.148, 1.289;
6.008,-14.749,-8.956,-14.749,-8.956,-0.850, 0.623,-0.032,-0.536,0.000,0.000, 1.000,-0.146, 1.289;
6.019,-17.531,-11.770,-17.531,-11.770,-0.857, 0.623,-0.032,-0.604,0.000,0.000, 1.000,-0.144, 1.289;
6.030,-8.799,-3.074,-8.799,-3.074,-0.862, 0.623,-0.033,-0.393,0.000,-0.046, 0.998,-0.142, 1.289;
6.052,-5.274,0.506,-5.274,0.506,-0.868, 0.623,-0.016,-0.305,0.000,0.758, 0.991,-0.138, 1.273;
6.064,-16.043,-10.303,-16.043,-10.303,-0.875, 0.623,-0.016,-0.562,0.000,0.000, 0.991,-0.136, 1.273;
6.069,-30.735,-63.631,-30.735,-63.631,-0.882, 0.625,-0.032,-1.393,0.464,-3.354, 0.994,-0.138, 1.289;
6.080,-8.729,-3.076,-8.729,-3.076,-0.886, 0.625,-0.033,-0.392,0.000,-0.046, 0.992,-0.136, 1.289;
6.092,-25.457,-3.191,-25.457,-3.191,-0.893, 0.623,-0.016,-0.591,-0.197,1.446, 0.992,-0.133, 1.273;
6.114,-0.828,-3.557,-0.828,-3.557,-0.899, 0.625,-0.032,-0.302,0.101,-0.715, 0.985,-0.132, 1.289;
6.125,-16.179,-10.604,-16.179,-10.604,-0.906, 0.625,-0.032,-0.574,0.000,0.000, 0.984,-0.131, 1.289;
6.138,-15.590,-9.902,-15.590,-9.902,-0.913, 0.625,-0.016,-0.553,0.000,1.331, 0.983,-0.130, 1.273;
6.149,-8.176,-2.542,-8.176,-2.542,-0.917, 0.625,-0.016,-0.377,0.000,-0.022, 0.980,-0.129, 1.273;
6.161,-16.951,-11.331,-16.951,-11.331,-0.924, 0.625,-0.016,-0.586,0.000,0.000, 0.980,-0.128, 1.273;
6.172,-8.325,-2.718,-8.325,-2.718,-0.929, 0.625,-0.017,-0.381,0.000,-0.023, 0.977,-0.127, 1.273;
6.184,-16.742,-11.144,-16.742,-11.144,-0.935, 0.625,-0.016,-0.582,0.000,0.024, 0.977,-0.127, 1.273;
6.196,-16.509,-10.920,-16.509,-10.920,-0.942, 0.625,-0.016,-0.577,0.000,0.000, 0.976,-0.126, 1.273;
6.208,-15.776,-10.194,-15.776,-10.194,-0.949, 0.625,-0.016,-0.560,0.000,0.000, 0.975,-0.126, 1.273;
6.219,-8.122,-2.548,-8.122,-2.548,-0.953, 0.625,-0.017,-0.377,0.000,-0.023, 0.972,-0.125, 1.273;
6.231,-16.076,-10.505,-16.076,-10.505,-0.960, 0.625,-0.017,-0.567,0.000,0.000, 0.972,-0.125, 1.273;
6.242,-18.034,-12.463,-18.034,-12.463,-0.966, 0.625,-0.016,-0.614,0.000,0.025, 0.971,-0.125, 1.273;
6.253,-8.978,-3.409,-8.978,-3.409,-0.971, 0.625,-0.017,-0.398,0.000,-0.024, 0.969,-0.125, 1.273;
6.265,-16.536,-10.965,-16.536,-10.965,-0.978, 0.625,-0.017,-0.579,0.000,0.000, 0.968,-0.125, 1.273;
6.276,-17.111,-11.536,-17.111,-11.536,-0.984, 0.625,-0.016,-0.593,0.000,0.024, 0.968,-0.125, 1.273;
6.287,-9.569,-3.992,-9.569,-3.992,-0.989, 0.625,-0.017,-0.413,0.000,-0.025, 0.966,-0.126, 1.273;
6.308,-5.489,0.101,-5.489,0.101,-0.995, 0.625,-0.017,-0.315,0.000,0.000, 0.959,-0.126, 1.273;
6.319,-17.484,-11.885,-17.484,-11.885,-1.002, 0.625,-0.017,-0.601,0.000,0.000, 0.959,-0.127, 1.273;
6.331,-8.357,-2.747,-8.357,-2.747,-1.007, 0.625,-0.017,-0.383,0.000,0.000, 0.956,-0.128, 1.273;
6.342,-17.379,-11.757,-17.379,-11.757,-1.013, 0.625,-0.017,-0.598,0.000,0.000, 0.955,-0.128, 1.273;
6.353,-9.185,-3.422,-9.185,-3.422,-1.018, 0.625, 0.000,-0.399,0.000,1.488, 0.953,-0.129, 1.257;
6.364,-18.149,-12.401,-18.149,-12.401,-1.024, 0.625, 0.000,-0.609,0.000,0.000, 0.953,-0.130, 1.257;
6.376,-17.659,-12.037,-17.659,-12.037,-1.031, 0.625,-0.017,-0.605,0.000,-1.507, 0.953,-0.131, 1.273;
6.387,-9.521,-3.706,-9.521,-3.706,-1.036, 0.625, 0.000,-0.406,0.000,1.517, 0.950,-0.132, 1.257;
6.397,-17.851,-12.194,-17.851,-12.194,-1.042, 0.625,-0.017,-0.610,0.000,-1.544, 0.950,-0.134, 1.274;
6.419,-5.735,0.123,-5.735,0.123,-1.049, 0.625, 0.000,-0.317,0.000,0.802, 0.944,-0.136, 1.257;
6.430,-17.891,5.273,-17.891,5.273,-1.054, 0.623, 0.017,-0.397,-0.198,1.506, 0.941,-0.135, 1.240;
6.441,-9.279,-20.527,-9.279,-20.527,-1.060, 0.625, 0.000,-0.601,0.200,-1.521, 0.941,-0.139, 1.257;
6.452,-17.901,5.319,-17.901,5.319,-1.065, 0.623, 0.017,-0.396,-0.198,1.531, 0.939,-0.139, 1.239;
6.465,-14.845,-8.837,-14.845,-8.837,-1.071, 0.623, 0.017,-0.524,0.000,-0.023, 0.938,-0.141, 1.240;
6.477,-8.832,-2.787,-8.832,-2.787,-1.076, 0.623, 0.017,-0.385,0.000,0.025, 0.935,-0.143, 1.239;
6.488,-18.064,-11.986,-18.064,-11.986,-1.083, 0.623, 0.017,-0.598,0.000,0.000, 0.935,-0.145, 1.239;
6.499,-18.682,-12.570,-18.682,-12.570,-1.089, 0.623, 0.017,-0.612,0.000,0.000, 0.935,-0.147, 1.239;
6.510,-9.794,-3.646,-9.794,-3.646,-1.094, 0.623, 0.017,-0.407,0.000,0.000, 0.933,-0.149, 1.239;
6.521,-18.465,-12.280,-18.465,-12.280,-1.100, 0.623, 0.017,-0.607,0.000,0.000, 0.934,-0.151, 1.239;
6.532,-9.481,-3.257,-9.481,-3.257,-1.105, 0.623, 0.017,-0.399,0.000,0.000, 0.931,-0.154, 1.239;
6.555,-5.009,1.300,-5.009,1.300,-1.112, 0.623, 0.017,-0.295,0.000,0.000, 0.925,-0.159, 1.239;
6.558,-56.543,-50.213,-56.543,-50.213,-1.116, 0.623, 0.018,-1.482,0.000,0.100, 0.927,-0.160, 1.239;
6.569,-17.845,-28.641,-17.845,-28.641,-1.125, 0.625, 0.000,-0.798,0.200,-1.569, 0.930,-0.165, 1.257;
6.590,-1.359,14.176,-1.359,14.176,-1.127, 0.623, 0.018,-0.104,-0.104,0.821, 0.920,-0.168, 1.239;
6.594,-72.748,-120.822,-72.748,-120.822,-1.136, 0.625, 0.000,-2.523,0.631,-4.958, 0.927,-0.171, 1.257;
6.616,-0.971,14.237,-0.971,14.237,-1.138, 0.623, 0.018,-0.099,-0.099,0.781, 0.916,-0.175, 1.239;
6.622,-43.389,-71.183,-43.389,-71.183,-1.147, 0.625, 0.000,-1.597,0.399,-3.137, 0.922,-0.179, 1.257;
6.632,-11.270,14.341,-11.270,14.341,-1.149, 0.623, 0.018,-0.218,-0.218,1.714, 0.919,-0.179, 1.239;
6.643,-17.791,-28.129,-17.791,-28.129,-1.158, 0.625, 0.000,-0.792,0.198,-1.557, 0.921,-0.185, 1.257;
6.655,-17.608,23.132,-17.608,23.132,-1.161, 0.620, 0.035,-0.192,-0.384,3.015, 0.917,-0.184, 1.222;
6.667,-9.039,-18.963,-9.039,-18.963,-1.167, 0.623, 0.018,-0.577,0.192,-1.510, 0.917,-0.190, 1.239;
6.689,-5.695,10.236,-5.695,10.236,-1.172, 0.620, 0.036,-0.202,-0.101,0.821, 0.910,-0.195, 1.221;
6.692,-60.720,-53.696,-60.720,-53.696,-1.176, 0.620, 0.036,-1.549,0.000,0.000, 0.913,-0.196, 1.221;
6.714,-5.665,1.485,-5.665,1.485,-1.183, 0.620, 0.036,-0.301,0.000,0.000, 0.908,-0.203, 1.221;
6.718,-44.559,-37.387,-44.559,-37.387,-1.187, 0.620, 0.036,-1.182,0.000,0.000, 0.910,-0.204, 1.221;
6.730,-16.713,-25.771,-16.713,-25.771,-1.196, 0.623, 0.018,-0.745,0.186,-1.514, 0.913,-0.211, 1.239;
6.741,-9.972,14.932,-9.972,14.932,-1.199, 0.620, 0.036,-0.199,-0.199,1.618, 0.909,-0.213, 1.221;
6.752,-1.028,-10.744,-1.028,-10.744,-1.203, 0.623, 0.037,-0.388,0.194,0.115, 0.908,-0.219, 1.220;
6.774,-15.232,10.431,-15.232,10.431,-1.210, 0.618, 0.036,-0.309,-0.206,-0.061, 0.904,-0.223, 1.221;
6.786,-0.734,7.109,-0.734,7.109,-1.212, 0.618, 0.074,-0.184,0.000,3.157, 0.900,-0.228, 1.183;
6.798,-17.940,-10.230,-17.940,-10.230,-1.219, 0.618, 0.054,-0.568,0.000,-1.650, 0.901,-0.232, 1.202;
6.810,-0.822,7.327,-0.822,7.327,-1.221, 0.618, 0.094,-0.184,0.000,3.264, 0.897,-0.237, 1.163;
6.822,-25.251,-17.639,-25.251,-17.639,-1.230, 0.618, 0.036,-0.740,0.000,-4.786, 0.901,-0.242, 1.220;
6.834,-16.167,-24.057,-16.167,-24.057,-1.239, 0.620, 0.018,-0.720,0.180,-1.516, 0.904,-0.249, 1.239;
6.847,-8.541,15.308,-8.541,15.308,-1.241, 0.618, 0.036,-0.180,-0.180,1.461, 0.900,-0.252, 1.221;
6.859,-17.030,-8.980,-17.030,-8.980,-1.248, 0.618, 0.035,-0.551,0.000,-0.052, 0.901,-0.258, 1.222;
6.871,-9.713,-1.741,-9.713,-1.741,-1.252, 0.618, 0.018,-0.389,0.000,-1.526, 0.901,-0.263, 1.239;
6.882,-17.815,-9.727,-17.815,-9.727,-1.259, 0.618, 0.018,-0.575,0.000,0.000, 0.902,-0.268, 1.239;
6.895,-8.572,-0.391,-8.572,-0.391,-1.263, 0.618, 0.018,-0.361,0.000,0.000, 0.901,-0.274, 1.239;
6.907,-15.691,7.718,-15.691,7.718,-1.268, 0.616, 0.018,-0.350,-0.175,0.000, 0.900,-0.277, 1.239;
6.920,7.120,15.599,7.120,15.599,-1.268, 0.616, 0.037,0.000,0.000,1.570, 0.895,-0.283, 1.220;
6.923,-56.184,15.583,-56.184,15.583,-1.270, 0.614, 0.036,-0.716,-0.716,-0.216, 0.896,-0.282, 1.220;
6.945,2.587,11.384,2.587,11.384,-1.272, 0.614, 0.058,-0.101,0.000,0.963, 0.889,-0.293, 1.199;
6.957,-27.339,33.427,-27.339,33.427,-1.274, 0.607, 0.073,-0.189,-0.568,1.271, 0.887,-0.292, 1.184;
6.969,7.269,-0.148,7.269,-0.148,-1.277, 0.609, 0.094,-0.179,0.179,1.717, 0.884,-0.300, 1.163;
6.981,-10.890,34.520,-10.890,34.520,-1.277, 0.605, 0.092,0.000,-0.390,-0.151, 0.879,-0.301, 1.164;
6.992,-1.843,7.588,-1.843,7.588,-1.279, 0.605, 0.113,-0.193,0.000,1.767, 0.877,-0.307, 1.144;
7.005,-8.634,32.509,-8.634,32.509,-1.279, 0.600, 0.111,0.000,-0.337,-0.156, 0.872,-0.309, 1.146;
7.017,-11.128,-1.651,-11.128,-1.651,-1.283, 0.600, 0.107,-0.390,0.000,-0.342, 0.873,-0.315, 1.150;
7.028,-30.276,-2.076,-30.276,-2.076,-1.290, 0.598, 0.101,-0.600,-0.200,-0.483, 0.875,-0.319, 1.155;
7.039,16.447,26.068,16.447,26.068,-1.288, 0.598, 0.105,0.200,0.000,0.316, 0.869,-0.325, 1.152;
7.050,-2.424,7.122,-2.424,7.122,-1.290, 0.598, 0.085,-0.202,0.000,-1.842, 0.868,-0.330, 1.172;
7.061,-2.505,25.800,-2.505,25.800,-1.290, 0.596, 0.085,0.000,-0.203,0.000, 0.864,-0.334, 1.172;
7.072,7.007,36.429,7.007,36.429,-1.288, 0.594, 0.122,0.205,-0.205,3.457, 0.858,-0.338, 1.134;
7.083,-12.330,16.629,-12.330,16.629,-1.290, 0.591, 0.100,-0.205,-0.205,-2.068, 0.857,-0.341, 1.157;
7.094,6.861,36.139,6.861,36.139,-1.288, 0.589, 0.120,0.203,-0.203,1.855, 0.851,-0.345, 1.137;
7.115,-3.386,59.349,-3.386,59.349,-1.281, 0.578, 0.177,0.317,-0.529,2.681, 0.838,-0.346, 1.080;
7.127,6.955,17.549,6.955,17.549,-1.281, 0.578, 0.183,0.000,0.000,0.533, 0.835,-0.352, 1.074;
7.139,-12.192,55.974,-12.192,55.974,-1.279, 0.571, 0.194,0.191,-0.574,0.930, 0.830,-0.352, 1.063;
7.151,-2.504,8.306,-2.504,8.306,-1.281, 0.571, 0.201,-0.187,0.000,0.587, 0.829,-0.359, 1.056;
7.162,-13.013,37.441,-13.013,37.441,-1.281, 0.567, 0.191,0.000,-0.397,-0.918, 0.826,-0.361, 1.066;
7.173,6.800,17.707,6.800,17.707,-1.281, 0.567, 0.197,0.000,0.000,0.605, 0.823,-0.367, 1.059;
7.184,6.847,79.261,6.847,79.261,-1.274, 0.560, 0.215,0.605,-0.605,1.574, 0.813,-0.367, 1.042;
7.195,-3.708,7.569,-3.708,7.569,-1.277, 0.560, 0.236,-0.204,0.000,1.962, 0.813,-0.373, 1.020;
7.206,6.684,59.802,6.684,59.802,-1.272, 0.556, 0.228,0.409,-0.409,-0.746, 0.806,-0.375, 1.029;
7.217,6.718,18.224,6.718,18.224,-1.272, 0.556, 0.254,0.000,0.000,2.327, 0.803,-0.382, 1.003;
7.238,1.061,23.600,1.061,23.600,-1.272, 0.554, 0.241,0.000,-0.106,-0.609, 0.799,-0.392, 1.016;
7.249,16.319,7.775,16.319,7.775,-1.272, 0.556, 0.204,0.000,0.199,-3.282, 0.797,-0.401, 1.053;
7.261,-13.654,17.952,-13.654,17.952,-1.274, 0.554, 0.213,-0.196,-0.196,0.822, 0.797,-0.406, 1.043;
7.272,-3.717,28.097,-3.717,28.097,-1.274, 0.551, 0.226,0.000,-0.195,1.070, 0.795,-0.410, 1.031;
7.284,15.961,27.955,15.961,27.955,-1.272, 0.551, 0.229,0.191,0.000,0.311, 0.791,-0.417, 1.027;
7.296,15.997,67.048,15.997,67.048,-1.266, 0.547, 0.269,0.555,-0.370,3.311, 0.782,-0.420, 0.987;
7.308,6.153,18.718,6.153,18.718,-1.266, 0.547, 0.285,0.000,0.000,1.364, 0.780,-0.427, 0.972;
7.320,34.927,66.884,34.927,66.884,-1.257, 0.545, 0.295,0.724,-0.181,0.779, 0.769,-0.432, 0.962;
7.331,5.926,-3.229,5.926,-3.229,-1.259, 0.547, 0.300,-0.207,0.207,0.468, 0.770,-0.441, 0.957;
7.342,37.253,71.292,37.253,71.292,-1.250, 0.545, 0.295,0.790,-0.197,-0.446, 0.760,-0.446, 0.962;
7.355,14.602,10.028,14.602,10.028,-1.250, 0.547, 0.310,0.000,0.167,1.170, 0.758,-0.457, 0.946;
7.367,16.329,51.318,16.329,51.318,-1.245, 0.545, 0.311,0.402,-0.201,0.055, 0.752,-0.461, 0.946;
7.378,15.953,8.647,15.953,8.647,-1.245, 0.547, 0.322,0.000,0.195,0.937, 0.751,-0.471, 0.935;
7.389,26.841,62.137,26.841,62.137,-1.239, 0.545, 0.333,0.593,-0.198,0.963, 0.744,-0.475, 0.924;
7.401,5.240,-1.794,5.240,-1.794,-1.241, 0.547, 0.322,-0.195,0.195,-0.948, 0.745,-0.485, 0.935;
7.412,36.602,50.761,36.602,50.761,-1.234, 0.547, 0.327,0.582,0.000,0.465, 0.737,-0.492, 0.930;
7.434,-0.594,2.777,-0.594,2.777,-1.239, 0.549, 0.307,-0.205,0.103,-0.938, 0.740,-0.508, 0.950;
7.447,42.828,38.412,42.828,38.412,-1.232, 0.551, 0.317,0.531,0.177,0.784, 0.733,-0.518, 0.940;
7.459,34.319,49.239,34.319,49.239,-1.225, 0.551, 0.337,0.546,0.000,1.703, 0.726,-0.526, 0.919;
7.471,4.453,-0.176,4.453,-0.176,-1.228, 0.554, 0.307,-0.183,0.183,-2.518, 0.728,-0.535, 0.950;
7.474,214.900,227.085,214.900,227.085,-1.216, 0.554, 0.343,3.831,0.000,12.479, 0.717,-0.537, 0.914;
7.486,4.230,-0.613,4.230,-0.613,-1.219, 0.556, 0.327,-0.187,0.187,-1.354, 0.719,-0.547, 0.930;
7.508,32.403,48.250,32.403,48.250,-1.208, 0.556, 0.359,0.517,0.000,1.479, 0.708,-0.561, 0.898;
7.520,-6.430,9.777,-6.430,9.777,-1.210, 0.556, 0.378,-0.187,0.000,1.575, 0.710,-0.568, 0.879;
7.532,53.976,50.276,53.976,50.276,-1.201, 0.558, 0.374,0.727,0.182,-0.260, 0.701,-0.578, 0.882;
7.544,14.195,9.919,14.195,9.919,-1.201, 0.560, 0.405,0.000,0.188,2.577, 0.702,-0.588, 0.852;
7.556,55.535,51.615,55.535,51.615,-1.192, 0.562, 0.374,0.755,0.189,-2.583, 0.693,-0.597, 0.882;
7.567,3.304,-0.571,3.304,-0.571,-1.194, 0.565, 0.363,-0.189,0.189,-0.999, 0.696,-0.607, 0.894;
7.581,49.851,67.079,49.851,67.079,-1.183, 0.565, 0.390,0.838,0.000,2.041, 0.686,-0.615, 0.867;
7.593,-6.790,-9.065,-6.790,-9.065,-1.187, 0.567, 0.372,-0.356,0.178,-1.436, 0.691,-0.625, 0.885;
7.605,74.388,71.623,74.388,71.623,-1.174, 0.569, 0.390,1.102,0.184,1.481, 0.678,-0.635, 0.867;
7.618,12.674,10.543,12.674,10.543,-1.174, 0.571, 0.378,0.000,0.181,-0.988, 0.679,-0.645, 0.879;
7.630,42.601,40.622,42.601,40.622,-1.167, 0.574, 0.368,0.546,0.182,-0.749, 0.674,-0.655, 0.888;
7.642,32.914,30.896,32.914,30.896,-1.163, 0.576, 0.384,0.367,0.184,1.249, 0.671,-0.665, 0.873;
7.654,33.194,31.129,33.194,31.129,-1.158, 0.578, 0.384,0.373,0.186,0.000, 0.668,-0.674, 0.873;
7.666,32.252,30.932,32.252,30.932,-1.154, 0.580, 0.384,0.363,0.182,0.000, 0.665,-0.684, 0.873;
7.679,32.006,10.737,32.006,10.737,-1.152, 0.585, 0.363,0.183,0.366,-1.719, 0.664,-0.696, 0.894;
7.683,92.766,111.426,92.766,111.426,-1.145, 0.585, 0.384,1.634,0.000,5.122, 0.658,-0.699, 0.873;
7.694,12.223,-10.962,12.223,-10.962,-1.147, 0.589, 0.351,-0.193,0.387,-2.779, 0.662,-0.710, 0.905;
7.706,76.760,74.694,76.760,74.694,-1.134, 0.591, 0.374,1.168,0.195,1.996, 0.650,-0.719, 0.882;
7.728,1.216,-0.951,1.216,-0.951,-1.138, 0.596, 0.332,-0.201,0.201,-1.924, 0.659,-0.737, 0.925;
7.731,231.701,247.528,231.701,247.528,-1.125, 0.596, 0.384,4.113,0.000,15.964, 0.646,-0.739, 0.873;
7.743,22.245,-0.220,22.245,-0.220,-1.125, 0.600, 0.357,0.000,0.388,-2.316, 0.648,-0.751, 0.900;
7.764,23.877,44.542,23.877,44.542,-1.116, 0.600, 0.384,0.417,0.000,1.244, 0.643,-0.763, 0.873;
7.777,29.550,11.679,29.550,11.679,-1.114, 0.605, 0.363,0.176,0.351,-1.652, 0.644,-0.775, 0.894;
7.780,138.780,90.197,138.780,90.197,-1.107, 0.607, 0.378,1.871,0.624,4.187, 0.638,-0.780, 0.879;
7.791,33.735,32.655,33.735,32.655,-1.103, 0.609, 0.378,0.403,0.201,0.000, 0.636,-0.788, 0.879;
7.814,22.016,32.664,22.016,32.664,-1.096, 0.612, 0.384,0.297,0.099,0.266, 0.634,-0.804, 0.873;
7.817,126.671,64.035,126.671,64.035,-1.091, 0.614, 0.378,1.525,0.763,-2.049, 0.631,-0.808, 0.879;
7.828,42.819,21.718,42.819,21.718,-1.087, 0.618, 0.378,0.388,0.388,0.000, 0.629,-0.819, 0.879;
7.850,16.557,27.531,16.557,27.531,-1.083, 0.620, 0.378,0.204,0.102,0.000, 0.630,-0.834, 0.879;
7.853,175.870,110.043,175.870,110.043,-1.076, 0.623, 0.378,2.388,0.796,0.000, 0.624,-0.837, 0.879;
7.875,16.326,27.676,16.326,27.676,-1.071, 0.625, 0.378,0.205,0.102,0.000, 0.626,-0.852, 0.879;
7.880,92.921,22.061,92.921,22.061,-1.067, 0.629, 0.363,0.852,0.852,-2.859, 0.623,-0.859, 0.894;
7.889,52.284,48.644,52.284,48.644,-1.060, 0.632, 0.378,0.721,0.240,1.613, 0.619,-0.867, 0.879;
7.911,10.218,22.207,10.218,22.207,-1.058, 0.634, 0.372,0.103,0.103,-0.267, 0.623,-0.881, 0.885;
7.923,41.561,43.706,41.561,43.706,-1.051, 0.636, 0.378,0.580,0.193,0.504, 0.620,-0.889, 0.879;
7.935,29.436,11.953,29.436,11.953,-1.049, 0.641, 0.351,0.187,0.375,-2.191, 0.622,-0.900, 0.905;
7.946,41.342,65.201,41.342,65.201,-1.040, 0.641, 0.378,0.773,0.000,2.259, 0.617,-0.906, 0.879;
7.958,40.400,22.411,40.400,22.411,-1.036, 0.645, 0.363,0.382,0.382,-1.283, 0.616,-0.917, 0.894;
7.970,27.256,32.102,27.256,32.102,-1.031, 0.647, 0.357,0.353,0.176,-0.445, 0.616,-0.926, 0.900;
7.983,28.237,32.539,28.237,32.539,-1.027, 0.650, 0.357,0.366,0.183,0.000, 0.616,-0.935, 0.900;
7.995,38.501,42.985,38.501,42.985,-1.020, 0.652, 0.378,0.549,0.183,1.691, 0.614,-0.943, 0.879;
8.007,29.234,33.248,29.234,33.248,-1.016, 0.654, 0.372,0.379,0.190,-0.494, 0.614,-0.951, 0.885;
8.018,40.119,44.079,40.119,44.079,-1.009, 0.656, 0.378,0.575,0.192,0.500, 0.611,-0.959, 0.879;
8.030,29.083,33.402,29.083,33.402,-1.004, 0.658, 0.372,0.380,0.190,-0.496, 0.611,-0.967, 0.885;
8.043,34.960,23.004,34.960,23.004,-1.000, 0.663, 0.372,0.340,0.340,0.000, 0.612,-0.978, 0.885;
8.055,38.288,43.560,38.288,43.560,-0.993, 0.665, 0.372,0.557,0.186,0.000, 0.610,-0.986, 0.885;
8.068,35.704,42.442,35.704,42.442,-0.987, 0.667, 0.378,0.522,0.174,0.454, 0.609,-0.995, 0.879;
8.080,28.388,33.648,28.388,33.648,-0.982, 0.670, 0.372,0.378,0.189,-0.493, 0.609,-1.003, 0.885;
8.092,28.572,33.811,28.572,33.811,-0.978, 0.672, 0.372,0.382,0.191,0.000, 0.610,-1.010, 0.885;
8.103,50.516,33.972,50.516,33.972,-0.971, 0.676, 0.357,0.587,0.391,-1.298, 0.608,-1.020, 0.900;
8.115,36.999,43.404,36.999,43.404,-0.964, 0.679, 0.357,0.551,0.184,0.000, 0.606,-1.028, 0.900;
8.129,22.953,32.128,22.953,32.128,-0.960, 0.681, 0.357,0.320,0.160,0.000, 0.608,-1.036, 0.900;
8.142,34.756,42.546,34.756,42.546,-0.953, 0.683, 0.357,0.523,0.174,0.000, 0.607,-1.044, 0.900;
8.154,36.004,43.417,36.004,43.417,-0.946, 0.685, 0.372,0.539,0.180,1.190, 0.606,-1.052, 0.885;
8.166,27.328,34.051,27.328,34.051,-0.942, 0.687, 0.372,0.375,0.188,0.000, 0.607,-1.059, 0.885;
8.178,37.811,44.456,37.811,44.456,-0.935, 0.690, 0.357,0.570,0.190,-1.259, 0.606,-1.066, 0.900;
8.190,27.805,34.375,27.805,34.375,-0.931, 0.692, 0.372,0.384,0.192,1.272, 0.607,-1.073, 0.885;
8.201,38.753,45.330,38.753,45.330,-0.924, 0.694, 0.378,0.580,0.193,0.505, 0.606,-1.080, 0.879;
8.213,26.482,34.408,26.482,34.408,-0.920, 0.696, 0.399,0.366,0.183,1.723, 0.607,-1.087, 0.858;
8.226,15.278,24.315,15.278,24.315,-0.917, 0.699, 0.399,0.175,0.175,0.000, 0.611,-1.094, 0.858;
8.239,5.647,34.529,5.647,34.529,-0.915, 0.699, 0.413,0.178,0.000,1.179, 0.615,-1.099, 0.843;
8.251,5.838,35.114,5.838,35.114,-0.913, 0.699, 0.442,0.180,0.000,2.281, 0.619,-1.103, 0.815;
8.263,6.129,35.665,6.129,35.665,-0.911, 0.699, 0.456,0.185,0.000,1.223, 0.623,-1.108, 0.800;
8.275,-4.449,25.339,-4.449,25.339,-0.911, 0.699, 0.471,0.000,0.000,1.206, 0.630,-1.112, 0.786;
8.287,16.351,25.558,16.351,25.558,-0.908, 0.701, 0.485,0.181,0.181,1.162, 0.634,-1.119, 0.771;
8.301,14.716,45.117,14.716,45.117,-0.904, 0.701, 0.515,0.331,0.000,2.216, 0.636,-1.123, 0.742;
8.313,5.832,15.544,5.832,15.544,-0.904, 0.703, 0.507,0.000,0.179,-0.641, 0.643,-1.130, 0.750;
8.325,6.367,37.156,6.367,37.156,-0.902, 0.703, 0.529,0.188,0.000,1.865, 0.647,-1.134, 0.727;
8.337,6.746,37.696,6.746,37.696,-0.899, 0.703, 0.538,0.194,0.000,0.726, 0.651,-1.137, 0.719;
8.349,-4.609,26.478,-4.609,26.478,-0.899, 0.703, 0.543,0.000,0.000,0.462, 0.658,-1.141, 0.713;
8.361,6.129,37.439,6.129,37.439,-0.897, 0.703, 0.565,0.182,0.000,1.823, 0.662,-1.145, 0.691;
8.374,-4.607,26.902,-4.607,26.902,-0.897, 0.703, 0.579,0.000,0.000,1.057, 0.670,-1.148, 0.678;
8.386,5.987,16.465,5.987,16.465,-0.897, 0.705, 0.579,0.000,0.179,0.000, 0.677,-1.154, 0.678;
8.398,6.325,38.104,6.325,38.104,-0.895, 0.705, 0.588,0.185,0.000,0.738, 0.681,-1.157, 0.669;
8.411,-4.575,27.369,-4.575,27.369,-0.895, 0.705, 0.601,0.000,0.000,1.111, 0.688,-1.160, 0.655;
8.422,-4.525,49.928,-4.525,49.928,-0.893, 0.703, 0.624,0.188,-0.188,1.901, 0.693,-1.161, 0.633;
8.435,-4.495,27.597,-4.495,27.597,-0.893, 0.703, 0.615,0.000,0.000,-0.728, 0.700,-1.164, 0.642;
8.447,-4.440,49.674,-4.440,49.674,-0.891, 0.701, 0.637,0.184,-0.184,1.844, 0.705,-1.165, 0.620;
8.460,-4.405,27.797,-4.405,27.797,-0.891, 0.701, 0.624,0.000,0.000,-1.064, 0.712,-1.168, 0.633;
8.471,6.849,39.110,6.849,39.110,-0.888, 0.701, 0.624,0.189,0.000,0.000, 0.717,-1.171, 0.633;
8.483,-15.794,39.495,-15.794,39.495,-0.888, 0.699, 0.637,0.000,-0.192,1.125, 0.724,-1.171, 0.620;
8.495,6.904,39.273,6.904,39.273,-0.886, 0.699, 0.637,0.188,0.000,0.000, 0.729,-1.173, 0.620;
8.506,-4.229,51.696,-4.229,51.696,-0.884, 0.696, 0.660,0.196,-0.196,1.983, 0.733,-1.173, 0.597;
8.518,-4.194,28.266,-4.194,28.266,-0.884, 0.696, 0.650,0.000,0.000,-0.807, 0.740,-1.175, 0.607;
8.530,7.062,39.601,7.062,39.601,-0.882, 0.696, 0.660,0.188,0.000,0.820, 0.745,-1.177, 0.597;
8.542,-15.601,40.012,-15.601,40.012,-0.882, 0.694, 0.672,0.000,-0.192,1.086, 0.752,-1.177, 0.584;
8.553,7.698,40.313,7.698,40.313,-0.879, 0.694, 0.672,0.196,0.000,0.000, 0.757,-1.179, 0.584;
8.564,-16.020,40.708,-16.020,40.708,-0.879, 0.692, 0.685,0.000,-0.201,1.112, 0.764,-1.178, 0.572;
8.576,7.915,40.597,7.915,40.597,-0.877, 0.692, 0.695,0.197,0.000,0.895, 0.769,-1.180, 0.562;
8.587,-3.871,52.777,-3.871,52.777,-0.875, 0.690, 0.717,0.199,-0.199,2.012, 0.773,-1.179, 0.539;
8.598,-3.837,28.913,-3.837,28.913,-0.875, 0.690, 0.717,0.000,0.000,0.000, 0.780,-1.181, 0.539;
8.620,-9.817,35.227,-9.817,35.227,-0.875, 0.687, 0.729,0.000,-0.102,0.546, 0.794,-1.181, 0.527;
8.633,-3.582,50.380,-3.582,50.380,-0.873, 0.685, 0.752,0.176,-0.176,1.768, 0.799,-1.180, 0.505;
8.645,-14.658,40.351,-14.658,40.351,-0.873, 0.683, 0.741,0.000,-0.185,-0.889, 0.807,-1.179, 0.516;
8.656,8.334,41.048,8.334,41.048,-0.870, 0.683, 0.752,0.195,0.000,0.938, 0.812,-1.180, 0.505;
8.668,-3.385,52.538,-3.385,52.538,-0.868, 0.681, 0.752,0.193,-0.193,0.000, 0.817,-1.178, 0.505;
8.681,-13.627,39.740,-13.627,39.740,-0.868, 0.679, 0.763,0.000,-0.172,0.883, 0.825,-1.177, 0.493;
8.694,7.374,40.023,7.374,40.023,-0.866, 0.679, 0.763,0.175,0.000,0.000, 0.831,-1.177, 0.493;
8.705,-3.125,52.401,-3.125,52.401,-0.864, 0.676, 0.774,0.190,-0.190,0.935, 0.836,-1.176, 0.482;
8.717,-14.397,40.871,-14.397,40.871,-0.864, 0.674, 0.763,0.000,-0.188,-0.927, 0.843,-1.174, 0.493;
8.729,-2.928,52.688,-2.928,52.688,-0.862, 0.672, 0.774,0.192,-0.192,0.944, 0.848,-1.172, 0.482;
8.741,-14.107,40.869,-14.107,40.869,-0.862, 0.670, 0.774,0.000,-0.187,0.021, 0.856,-1.170, 0.482;
8.752,-2.737,52.690,-2.737,52.690,-0.859, 0.667, 0.774,0.191,-0.191,0.000, 0.861,-1.167, 0.482;
8.765,-2.636,51.509,-2.636,51.509,-0.857, 0.665, 0.785,0.181,-0.181,0.893, 0.866,-1.165, 0.471;
8.778,-2.546,49.277,-2.546,49.277,-0.855, 0.663, 0.785,0.163,-0.163,0.000, 0.873,-1.163, 0.471;
8.791,-2.454,51.667,-2.454,51.667,-0.853, 0.661, 0.785,0.182,-0.182,0.000, 0.878,-1.160, 0.471;
8.803,-13.348,40.731,-13.348,40.731,-0.853, 0.658, 0.785,0.000,-0.183,0.000, 0.886,-1.157, 0.471;
8.814,-2.239,53.813,-2.239,53.813,-0.850, 0.656, 0.785,0.200,-0.200,0.000, 0.891,-1.155, 0.471;
8.826,8.945,40.882,8.945,40.882,-0.848, 0.656, 0.785,0.184,0.000,0.000, 0.896,-1.154, 0.471;
8.839,-2.080,51.509,-2.080,51.509,-0.846, 0.654, 0.785,0.180,-0.180,0.000, 0.901,-1.151, 0.471;
8.850,9.474,64.007,9.474,64.007,-0.841, 0.652, 0.819,0.379,-0.190,2.861, 0.904,-1.148, 0.438;
8.863,9.005,40.744,9.005,40.744,-0.839, 0.652, 0.808,0.182,0.000,-0.893, 0.910,-1.147, 0.449;
