0.000,0.000,0.000,0.000,0.000, 0.000, 0.000, 0.000,0.000,0.000,0.000, 0.000, 0.000, 0.000;
0.012,0.832,-0.179,-0.184,0.837, 0.089, 0.007,-0.754,0.000,0.000,0.000, 0.411,-0.003, 1.383;
0.024,0.835,-0.182,-0.181,0.833, 0.089, 0.007,-0.754,0.000,0.000,0.000, 0.411, 0.001, 1.383;
0.038,0.838,-0.186,-0.178,0.830, 0.089, 0.007,-0.754,0.000,0.000,0.000, 0.411, 0.005, 1.383;
0.042,0.839,-0.187,-0.177,0.829, 0.089, 0.007,-0.754,0.000,0.000,0.000, 0.411, 0.006, 1.383;
0.052,0.842,-0.189,-0.174,0.826, 0.089, 0.007,-0.754,0.000,0.000,0.000, 0.410, 0.010, 1.383;
0.073,0.847,-0.195,-0.169,0.821, 0.089, 0.007,-0.754,0.000,0.000,0.000, 0.410, 0.016, 1.383;
0.084,0.850,-0.198,-0.166,0.818, 0.089, 0.007,-0.754,0.000,0.000,0.000, 0.410, 0.020, 1.383;
0.096,0.852,-0.201,-0.164,0.815, 0.089, 0.007,-0.754,0.000,0.000,0.000, 0.410, 0.024, 1.383;
0.108,0.855,-0.204,-0.161,0.812, 0.089, 0.007,-0.754,0.000,0.000,0.000, 0.410, 0.027, 1.383;
0.121,0.858,-0.208,-0.158,0.808, 0.089, 0.007,-0.754,0.000,0.000,0.000, 0.409, 0.031, 1.383;
0.133,0.861,-0.211,-0.155,0.805, 0.089, 0.007,-0.754,0.000,0.000,0.000, 0.409, 0.035, 1.383;
0.145,0.864,-0.214,-0.152,0.802, 0.089, 0.007,-0.754,0.000,0.000,0.000, 0.409, 0.039, 1.383;
0.158,0.867,-0.218,-0.149,0.798, 0.089, 0.007,-0.754,0.000,0.000,0.000, 0.408, 0.043, 1.383;
0.170,0.869,-0.221,-0.147,0.795, 0.089, 0.007,-0.754,0.000,0.000,0.000, 0.408, 0.047, 1.383;
0.182,0.872,-0.224,-0.144,0.792, 0.089, 0.007,-0.754,0.000,0.000,0.000, 0.407, 0.050, 1.383;
0.193,0.874,-0.228,-0.141,0.788, 0.089, 0.007,-0.754,0.000,0.000,0.000, 0.407, 0.054, 1.383;
0.205,0.877,-0.231,-0.139,0.785, 0.089, 0.007,-0.754,0.000,0.000,0.000, 0.407, 0.058, 1.383;
0.219,0.880,-0.235,-0.136,0.781, 0.089, 0.007,-0.754,0.000,0.000,0.000, 0.406, 0.062, 1.383;
0.231,0.883,-0.238,-0.133,0.778, 0.089, 0.007,-0.754,0.000,0.000,0.000, 0.405, 0.066, 1.383;
0.242,0.885,-0.242,-0.131,0.774, 0.089, 0.007,-0.754,0.000,0.000,0.000, 0.405, 0.069, 1.383;
0.255,0.888,-0.245,-0.128,0.771, 0.089, 0.007,-0.754,0.000,0.000,0.000, 0.404, 0.073, 1.383;
0.267,0.890,-0.249,-0.126,0.767, 0.089, 0.007,-0.754,0.000,0.000,0.000, 0.404, 0.077, 1.383;
0.280,0.893,-0.252,-0.123,0.764, 0.089, 0.007,-0.754,0.000,0.000,0.000, 0.403, 0.081, 1.383;
0.293,0.895,-0.256,-0.121,0.760, 0.089, 0.007,-0.754,0.000,0.000,0.000, 0.402, 0.085, 1.383;
0.306,0.898,-0.260,-0.118,0.756, 0.089, 0.007,-0.754,0.000,0.000,0.000, 0.402, 0.089, 1.383;
0.318,0.900,-0.263,-0.116,0.752, 0.089, 0.007,-0.754,0.000,0.000,0.000, 0.401, 0.092, 1.383;
0.329,0.903,-0.267,-0.113,0.749, 0.089, 0.007,-0.754,0.000,0.000,0.000, 0.400, 0.096, 1.383;
0.341,0.905,-0.271,-0.111,0.745, 0.089, 0.007,-0.754,0.000,0.000,0.000, 0.399, 0.100, 1.383;
0.354,0.907,-0.274,-0.109,0.742, 0.089, 0.007,-0.754,0.000,0.000,0.000, 0.398, 0.104, 1.383;
0.365,0.909,-0.278,-0.106,0.738, 0.089, 0.007,-0.754,0.000,0.000,0.000, 0.398, 0.107, 1.383;
0.378,0.912,-0.282,-0.104,0.734, 0.089, 0.007,-0.754,0.000,0.000,0.000, 0.397, 0.111, 1.383;
0.390,0.914,-0.285,-0.102,0.731, 0.089, 0.007,-0.754,0.000,0.000,0.000, 0.396, 0.115, 1.383;
0.403,0.916,-0.289,-0.100,0.727, 0.089, 0.007,-0.754,0.000,0.000,0.000, 0.395, 0.118, 1.383;
0.415,0.919,-0.293,-0.097,0.723, 0.089, 0.007,-0.754,0.000,0.000,0.000, 0.394, 0.122, 1.383;
0.427,0.921,-0.297,-0.095,0.719, 0.089, 0.007,-0.754,0.000,0.000,0.000, 0.393, 0.126, 1.383;
0.439,0.923,-0.300,-0.093,0.716, 0.089, 0.007,-0.754,0.000,0.000,0.000, 0.392, 0.130, 1.383;
0.452,0.925,-0.304,-0.091,0.711, 0.089, 0.007,-0.754,0.000,0.000,0.000, 0.391, 0.134, 1.383;
0.464,0.927,-0.308,-0.089,0.708, 0.089, 0.007,-0.754,0.000,0.000,0.000, 0.390, 0.137, 1.383;
0.476,0.929,-0.312,-0.087,0.704, 0.089, 0.007,-0.754,0.000,0.000,0.000, 0.389, 0.141, 1.383;
0.489,0.931,-0.316,-0.085,0.700, 0.089, 0.007,-0.754,0.000,0.000,0.000, 0.387, 0.145, 1.383;
0.502,0.933,-0.320,-0.083,0.696, 0.089, 0.007,-0.754,0.000,0.000,0.000, 0.386, 0.148, 1.383;
0.514,0.935,-0.324,-0.081,0.692, 0.089, 0.007,-0.754,0.000,0.000,0.000, 0.385, 0.152, 1.383;
0.525,0.937,-0.327,-0.079,0.688, 0.089, 0.007,-0.754,0.000,0.000,0.000, 0.384, 0.155, 1.383;
0.537,0.939,-0.331,-0.077,0.685, 0.089, 0.007,-0.754,0.000,0.000,0.000, 0.383, 0.159, 1.383;
0.549,0.941,-0.335,-0.075,0.681, 0.089, 0.007,-0.754,0.000,0.000,0.000, 0.381, 0.162, 1.383;
0.560,0.942,-0.339,-0.074,0.677, 0.089, 0.007,-0.754,0.000,0.000,0.000, 0.380, 0.166, 1.383;
0.572,0.944,-0.342,-0.072,0.673, 0.089, 0.007,-0.754,0.000,0.000,0.000, 0.379, 0.169, 1.383;
0.583,0.946,-0.346,-0.070,0.670, 0.089, 0.007,-0.754,0.000,0.000,0.000, 0.378, 0.172, 1.383;
0.594,0.947,-0.350,-0.069,0.666, 0.089, 0.007,-0.754,0.000,0.000,0.000, 0.376, 0.176, 1.383;
0.605,0.949,-0.353,-0.067,0.663, 0.089, 0.007,-0.754,0.000,0.000,0.000, 0.375, 0.179, 1.383;
0.616,0.950,-0.357,-0.066,0.659, 0.089, 0.007,-0.754,0.000,0.000,0.000, 0.374, 0.182, 1.383;
0.627,0.952,-0.361,-0.064,0.655, 0.089, 0.007,-0.754,0.000,0.000,0.000, 0.372, 0.185, 1.383;
0.648,0.955,-0.368,-0.061,0.648, 0.089, 0.007,-0.754,0.000,0.000,0.000, 0.370, 0.191, 1.383;
0.659,0.956,-0.371,-0.060,0.645, 0.089, 0.007,-0.754,0.000,0.000,0.000, 0.368, 0.195, 1.383;
0.671,0.957,-0.375,-0.058,0.641, 0.089, 0.007,-0.754,0.000,0.000,0.000, 0.367, 0.198, 1.383;
0.682,0.959,-0.379,-0.057,0.637, 0.089, 0.007,-0.754,0.000,0.000,0.000, 0.366, 0.201, 1.383;
0.693,0.960,-0.382,-0.056,0.633, 0.089, 0.007,-0.754,0.000,0.000,0.000, 0.364, 0.204, 1.383;
0.705,0.962,-0.386,-0.054,0.630, 0.089, 0.007,-0.754,0.000,0.000,0.000, 0.362, 0.208, 1.383;
0.715,0.963,-0.390,-0.053,0.626, 0.089, 0.007,-0.754,0.000,0.000,0.000, 0.361, 0.211, 1.383;
0.726,0.964,-0.394,-0.052,0.622, 0.089, 0.007,-0.754,0.000,0.000,0.000, 0.360, 0.214, 1.383;
0.739,0.966,-0.398,-0.050,0.618, 0.089, 0.007,-0.754,0.000,0.000,0.000, 0.358, 0.217, 1.383;
0.749,0.967,-0.401,-0.049,0.614, 0.089, 0.007,-0.754,0.000,0.000,0.000, 0.356, 0.220, 1.383;
0.761,0.968,-0.405,-0.048,0.611, 0.089, 0.007,-0.754,0.000,0.000,0.000, 0.355, 0.223, 1.383;
0.774,0.969,-0.410,-0.046,0.606, 0.089, 0.007,-0.754,0.000,0.000,0.000, 0.353, 0.227, 1.383;
0.785,0.971,-0.414,-0.045,0.602, 0.089, 0.007,-0.754,0.000,0.000,0.000, 0.351, 0.230, 1.383;
0.807,0.973,-0.421,-0.043,0.595, 0.089, 0.007,-0.754,0.000,0.000,0.000, 0.348, 0.236, 1.383;
0.820,0.974,-0.425,-0.042,0.590, 0.089, 0.007,-0.754,0.000,0.000,0.000, 0.346, 0.240, 1.383;
0.825,0.974,-0.427,-0.041,0.589, 0.089, 0.007,-0.754,0.000,0.000,0.000, 0.345, 0.241, 1.383;
0.836,0.975,-0.431,-0.040,0.585, 0.089, 0.007,-0.754,0.000,0.000,0.000, 0.343, 0.244, 1.383;
0.847,0.976,-0.435,-0.039,0.581, 0.089, 0.007,-0.754,0.000,0.000,0.000, 0.342, 0.247, 1.383;
0.859,0.977,-0.439,-0.038,0.577, 0.089, 0.007,-0.754,0.000,0.000,0.000, 0.340, 0.250, 1.383;
0.881,0.979,-0.446,-0.037,0.570, 0.089, 0.007,-0.754,0.000,0.000,0.000, 0.336, 0.256, 1.383;
0.884,0.980,-0.447,-0.036,0.568, 0.089, 0.007,-0.754,0.000,0.000,0.000, 0.336, 0.257, 1.383;
0.906,0.981,-0.455,-0.035,0.561, 0.089, 0.007,-0.754,0.000,0.000,0.000, 0.332, 0.263, 1.383;
0.909,0.982,-0.456,-0.034,0.560, 0.089, 0.007,-0.754,0.000,0.000,0.000, 0.331, 0.264, 1.383;
0.920,0.982,-0.460,-0.034,0.556, 0.089, 0.007,-0.754,0.000,0.000,0.000, 0.329, 0.267, 1.383;
0.942,0.984,-0.468,-0.032,0.548, 0.089, 0.007,-0.754,0.000,0.000,0.000, 0.326, 0.272, 1.383;
0.954,0.985,-0.472,-0.031,0.544, 0.089, 0.007,-0.754,0.000,0.000,0.000, 0.323, 0.275, 1.383;
0.966,0.985,-0.476,-0.030,0.540, 0.089, 0.007,-0.754,0.000,0.000,0.000, 0.321, 0.279, 1.383;
0.978,0.986,-0.480,-0.030,0.536, 0.089, 0.007,-0.754,0.000,0.000,0.000, 0.319, 0.282, 1.383;
0.990,0.987,-0.484,-0.029,0.532, 0.089, 0.007,-0.754,0.000,0.000,0.000, 0.317, 0.285, 1.383;
1.001,0.988,-0.488,-0.028,0.528, 0.089, 0.007,-0.754,0.000,0.000,0.000, 0.315, 0.287, 1.383;
1.013,0.988,-0.492,-0.028,0.523, 0.089, 0.007,-0.754,0.000,0.000,0.000, 0.313, 0.290, 1.383;
1.025,0.989,-0.497,-0.027,0.519, 0.089, 0.007,-0.754,0.000,0.000,0.000, 0.311, 0.293, 1.383;
1.037,0.989,-0.501,-0.027,0.515, 0.089, 0.007,-0.754,0.000,0.000,0.000, 0.308, 0.297, 1.383;
1.049,0.990,-0.505,-0.026,0.511, 0.089, 0.007,-0.754,0.000,0.000,0.000, 0.306, 0.299, 1.383;
1.061,0.990,-0.509,-0.025,0.507, 0.089, 0.007,-0.754,0.000,0.000,0.000, 0.304, 0.302, 1.383;
1.072,0.991,-0.513,-0.025,0.503, 0.089, 0.007,-0.754,0.000,0.000,0.000, 0.302, 0.305, 1.383;
1.083,0.991,-0.517,-0.025,0.499, 0.089, 0.007,-0.754,0.000,0.000,0.000, 0.299, 0.308, 1.383;
1.093,0.992,-0.521,-0.024,0.495, 0.089, 0.007,-0.754,0.000,0.000,0.000, 0.297, 0.310, 1.383;
1.104,0.992,-0.525,-0.024,0.491, 0.089, 0.007,-0.754,0.000,0.000,0.000, 0.295, 0.313, 1.383;
1.115,0.992,-0.529,-0.024,0.487, 0.089, 0.007,-0.754,0.000,0.000,0.000, 0.293, 0.316, 1.383;
1.137,0.993,-0.537,-0.023,0.479, 0.089, 0.007,-0.754,0.000,0.000,0.000, 0.288, 0.321, 1.383;
1.149,0.993,-0.541,-0.023,0.475, 0.089, 0.007,-0.754,0.000,0.000,0.000, 0.286, 0.324, 1.383;
1.160,0.993,-0.545,-0.022,0.471, 0.089, 0.007,-0.754,0.000,0.000,0.000, 0.284, 0.326, 1.383;
1.172,0.994,-0.549,-0.022,0.467, 0.089, 0.007,-0.754,0.000,0.000,0.000, 0.281, 0.329, 1.383;
1.184,0.994,-0.553,-0.022,0.463, 0.089, 0.007,-0.754,0.000,0.000,0.000, 0.279, 0.332, 1.383;
1.196,0.994,-0.557,-0.022,0.459, 0.089, 0.007,-0.754,0.000,0.000,0.000, 0.276, 0.335, 1.383;
1.207,0.994,-0.561,-0.022,0.455, 0.089, 0.007,-0.754,0.000,0.000,0.000, 0.274, 0.337, 1.383;
1.219,0.994,-0.565,-0.022,0.450, 0.089, 0.007,-0.754,0.000,0.000,0.000, 0.271, 0.340, 1.383;
1.230,0.994,-0.570,-0.022,0.446, 0.089, 0.007,-0.754,0.000,0.000,0.000, 0.269, 0.342, 1.383;
1.242,0.994,-0.574,-0.022,0.442, 0.089, 0.007,-0.754,0.000,0.000,0.000, 0.266, 0.345, 1.383;
1.254,0.994,-0.578,-0.022,0.438, 0.089, 0.007,-0.754,0.000,0.000,0.000, 0.263, 0.348, 1.383;
1.265,0.994,-0.582,-0.022,0.434, 0.089, 0.007,-0.754,0.000,0.000,0.000, 0.261, 0.350, 1.383;
1.276,0.994,-0.586,-0.022,0.430, 0.089, 0.007,-0.754,0.000,0.000,0.000, 0.259, 0.353, 1.383;
1.287,0.994,-0.590,-0.022,0.426, 0.089, 0.007,-0.754,0.000,0.000,0.000, 0.256, 0.355, 1.383;
1.309,0.994,-0.598,-0.022,0.418, 0.089, 0.007,-0.754,0.000,0.000,0.000, 0.251, 0.360, 1.383;
1.322,0.994,-0.602,-0.022,0.414, 0.089, 0.007,-0.754,0.000,0.000,0.000, 0.248, 0.362, 1.383;
1.324,0.994,-0.603,-0.022,0.413, 0.089, 0.007,-0.754,0.000,0.000,0.000, 0.247, 0.363, 1.383;
1.345,0.993,-0.610,-0.023,0.405, 0.089, 0.007,-0.754,0.000,0.000,0.000, 0.242, 0.367, 1.383;
1.357,0.993,-0.615,-0.023,0.401, 0.089, 0.007,-0.754,0.000,0.000,0.000, 0.240, 0.370, 1.383;
1.369,0.993,-0.619,-0.023,0.397, 0.089, 0.007,-0.754,0.000,0.000,0.000, 0.237, 0.372, 1.383;
1.383,0.992,-0.624,-0.024,0.392, 0.089, 0.007,-0.754,0.000,0.000,0.000, 0.234, 0.375, 1.383;
1.387,0.992,-0.625,-0.024,0.391, 0.089, 0.007,-0.754,0.000,0.000,0.000, 0.233, 0.376, 1.383;
1.397,0.992,-0.629,-0.024,0.387, 0.089, 0.007,-0.754,0.000,0.000,0.000, 0.230, 0.378, 1.383;
1.419,0.991,-0.636,-0.025,0.379, 0.089, 0.007,-0.754,0.000,0.000,0.000, 0.225, 0.382, 1.383;
1.430,0.991,-0.641,-0.025,0.375, 0.089, 0.007,-0.754,0.000,0.000,0.000, 0.222, 0.385, 1.383;
1.442,0.990,-0.645,-0.026,0.371, 0.089, 0.007,-0.754,0.000,0.000,0.000, 0.219, 0.387, 1.383;
1.454,0.989,-0.649,-0.026,0.367, 0.089, 0.007,-0.754,0.000,0.000,0.000, 0.216, 0.389, 1.383;
1.466,0.989,-0.653,-0.027,0.363, 0.089, 0.007,-0.754,0.000,0.000,0.000, 0.213, 0.391, 1.383;
1.479,0.988,-0.658,-0.028,0.358, 0.089, 0.007,-0.754,0.000,0.000,0.000, 0.210, 0.394, 1.383;
1.492,0.988,-0.662,-0.028,0.354, 0.089, 0.007,-0.754,0.000,0.000,0.000, 0.207, 0.396, 1.383;
1.504,0.987,-0.666,-0.029,0.349, 0.089, 0.007,-0.754,0.000,0.000,0.000, 0.204, 0.399, 1.383;
1.516,0.986,-0.671,-0.030,0.345, 0.089, 0.007,-0.754,0.000,0.000,0.000, 0.201, 0.401, 1.383;
1.528,0.985,-0.675,-0.030,0.341, 0.089, 0.007,-0.754,0.000,0.000,0.000, 0.197, 0.403, 1.383;
1.540,0.985,-0.679,-0.031,0.337, 0.089, 0.007,-0.754,0.000,0.000,0.000, 0.194, 0.405, 1.383;
1.553,0.984,-0.683,-0.032,0.332, 0.089, 0.007,-0.754,0.000,0.000,0.000, 0.191, 0.407, 1.383;
1.565,0.983,-0.688,-0.033,0.328, 0.089, 0.007,-0.754,0.000,0.000,0.000, 0.188, 0.409, 1.383;
1.577,0.982,-0.692,-0.034,0.324, 0.089, 0.007,-0.754,0.000,0.000,0.000, 0.185, 0.412, 1.383;
1.589,0.981,-0.696,-0.035,0.320, 0.089, 0.007,-0.754,0.000,0.000,0.000, 0.182, 0.414, 1.383;
1.601,0.980,-0.700,-0.036,0.316, 0.089, 0.007,-0.754,0.000,0.000,0.000, 0.178, 0.416, 1.383;
1.613,0.979,-0.704,-0.037,0.312, 0.089, 0.007,-0.754,0.000,0.000,0.000, 0.175, 0.418, 1.383;
1.625,0.978,-0.709,-0.038,0.307, 0.089, 0.007,-0.754,0.000,0.000,0.000, 0.172, 0.420, 1.383;
1.637,0.977,-0.713,-0.039,0.303, 0.089, 0.007,-0.754,0.000,0.000,0.000, 0.169, 0.422, 1.383;
1.649,0.976,-0.717,-0.040,0.299, 0.089, 0.007,-0.754,0.000,0.000,0.000, 0.166, 0.423, 1.383;
1.661,0.975,-0.721,-0.041,0.295, 0.089, 0.007,-0.754,0.000,0.000,0.000, 0.162, 0.425, 1.383;
1.673,0.974,-0.725,-0.042,0.291, 0.089, 0.007,-0.754,0.000,0.000,0.000, 0.159, 0.427, 1.383;
1.686,0.973,-0.730,-0.043,0.286, 0.089, 0.007,-0.754,0.000,0.000,0.000, 0.155, 0.429, 1.383;
1.698,0.972,-0.734,-0.044,0.282, 0.089, 0.007,-0.754,0.000,0.000,0.000, 0.152, 0.431, 1.383;
1.710,0.970,-0.738,-0.045,0.278, 0.089, 0.007,-0.754,0.000,0.000,0.000, 0.149, 0.433, 1.383;
1.722,0.969,-0.742,-0.047,0.274, 0.089, 0.007,-0.754,0.000,0.000,0.000, 0.146, 0.435, 1.383;
1.734,0.968,-0.746,-0.048,0.270, 0.089, 0.007,-0.754,0.000,0.000,0.000, 0.142, 0.437, 1.383;
1.745,0.967,-0.750,-0.049,0.266, 0.089, 0.007,-0.754,0.000,0.000,0.000, 0.139, 0.438, 1.383;
1.756,0.965,-0.754,-0.050,0.262, 0.089, 0.007,-0.754,0.000,0.000,0.000, 0.136, 0.440, 1.383;
1.768,0.964,-0.757,-0.052,0.258, 0.089, 0.007,-0.754,0.000,0.000,0.000, 0.133, 0.441, 1.383;
1.779,0.963,-0.761,-0.053,0.255, 0.089, 0.007,-0.754,0.000,0.000,0.000, 0.130, 0.443, 1.383;
1.790,0.962,-0.765,-0.054,0.251, 0.089, 0.007,-0.754,0.000,0.000,0.000, 0.127, 0.444, 1.383;
1.801,0.960,-0.769,-0.056,0.247, 0.089, 0.007,-0.754,0.000,0.000,0.000, 0.123, 0.446, 1.383;
1.822,0.958,-0.776,-0.058,0.240, 0.089, 0.007,-0.754,0.000,0.000,0.000, 0.117, 0.449, 1.383;
1.833,0.956,-0.779,-0.060,0.236, 0.089, 0.007,-0.754,0.000,0.000,0.000, 0.114, 0.450, 1.383;
1.845,0.955,-0.783,-0.061,0.233, 0.089, 0.007,-0.754,0.000,0.000,0.000, 0.111, 0.452, 1.383;
1.856,0.953,-0.787,-0.063,0.229, 0.089, 0.007,-0.754,0.000,0.000,0.000, 0.107, 0.453, 1.383;
1.870,0.951,-0.791,-0.065,0.224, 0.089, 0.007,-0.754,0.000,0.000,0.000, 0.104, 0.455, 1.383;
1.881,0.950,-0.795,-0.066,0.221, 0.089, 0.007,-0.754,0.000,0.000,0.000, 0.100, 0.456, 1.383;
1.893,0.948,-0.799,-0.068,0.217, 0.089, 0.007,-0.754,0.000,0.000,0.000, 0.097, 0.457, 1.383;
1.905,0.946,-0.803,-0.069,0.213, 0.089, 0.007,-0.754,0.000,0.000,0.000, 0.093, 0.459, 1.383;
1.916,0.945,-0.807,-0.071,0.209, 0.089, 0.007,-0.754,0.000,0.000,0.000, 0.090, 0.460, 1.383;
1.927,0.943,-0.810,-0.073,0.206, 0.089, 0.007,-0.754,0.000,0.000,0.000, 0.087, 0.461, 1.383;
1.938,0.942,-0.814,-0.074,0.202, 0.089, 0.007,-0.754,0.000,0.000,0.000, 0.084, 0.462, 1.383;
1.949,0.940,-0.817,-0.076,0.199, 0.089, 0.007,-0.754,0.000,0.000,0.000, 0.080, 0.464, 1.383;
1.960,0.938,-0.821,-0.078,0.195, 0.089, 0.007,-0.754,0.000,0.000,0.000, 0.077, 0.465, 1.383;
1.971,0.937,-0.824,-0.079,0.192, 0.089, 0.007,-0.754,0.000,0.000,0.000, 0.074, 0.466, 1.383;
1.994,0.933,-0.831,-0.083,0.184, 0.089, 0.007,-0.754,0.000,0.000,0.000, 0.067, 0.468, 1.383;
1.996,0.933,-0.832,-0.083,0.184, 0.089, 0.007,-0.754,0.000,0.000,0.000, 0.066, 0.468, 1.383;
2.018,0.929,-0.839,-0.087,0.177, 0.089, 0.007,-0.754,0.000,0.000,0.000, 0.060, 0.471, 1.383;
2.021,0.928,-0.840,-0.087,0.176, 0.089, 0.007,-0.754,0.000,0.000,0.000, 0.059, 0.471, 1.383;
2.042,0.925,-0.847,-0.091,0.169, 0.089, 0.007,-0.754,0.000,0.000,0.000, 0.053, 0.473, 1.383;
2.054,0.923,-0.850,-0.093,0.165, 0.089, 0.007,-0.754,0.000,0.000,0.000, 0.049, 0.474, 1.383;
2.066,0.921,-0.854,-0.095,0.162, 0.089, 0.007,-0.754,0.000,0.000,0.000, 0.045, 0.475, 1.383;
2.078,0.919,-0.858,-0.097,0.158, 0.089, 0.007,-0.754,0.000,0.000,0.000, 0.042, 0.476, 1.383;
2.090,0.917,-0.861,-0.099,0.154, 0.089, 0.007,-0.754,0.000,0.000,0.000, 0.038, 0.477, 1.383;
2.104,0.914,-0.866,-0.102,0.150, 0.089, 0.007,-0.754,0.000,0.000,0.000, 0.034, 0.478, 1.383;
2.108,0.913,-0.867,-0.103,0.149, 0.089, 0.007,-0.754,0.000,0.000,0.000, 0.033, 0.478, 1.383;
2.119,0.911,-0.870,-0.105,0.146, 0.089, 0.007,-0.754,0.000,0.000,0.000, 0.029, 0.479, 1.383;
2.130,0.909,-0.874,-0.107,0.142, 0.089, 0.007,-0.754,0.000,0.000,0.000, 0.026, 0.480, 1.383;
2.153,0.905,-0.881,-0.111,0.135, 0.089, 0.007,-0.754,0.000,0.000,0.000, 0.019, 0.481, 1.383;
2.164,0.903,-0.884,-0.113,0.132, 0.089, 0.007,-0.754,0.000,0.000,0.000, 0.015, 0.482, 1.383;
2.176,0.900,-0.887,-0.116,0.128, 0.089, 0.007,-0.754,0.000,0.000,0.000, 0.012, 0.483, 1.383;
2.188,0.898,-0.891,-0.118,0.125, 0.089, 0.007,-0.754,0.000,0.000,0.000, 0.008, 0.484, 1.383;
2.200,0.896,-0.895,-0.120,0.121, 0.089, 0.007,-0.754,0.000,0.000,0.000, 0.004, 0.484, 1.383;
2.212,0.893,-0.898,-0.123,0.118, 0.089, 0.007,-0.754,0.000,0.000,0.000, 0.001, 0.485, 1.383;
2.224,0.891,-0.902,-0.125,0.114, 0.089, 0.007,-0.754,0.000,0.000,0.000,-0.003, 0.486, 1.383;
2.236,0.888,-0.905,-0.128,0.111, 0.089, 0.007,-0.754,0.000,0.000,0.000,-0.007, 0.486, 1.383;
2.249,0.886,-0.909,-0.130,0.107, 0.089, 0.007,-0.754,0.000,0.000,0.000,-0.011, 0.487, 1.383;
2.261,0.883,-0.912,-0.133,0.104, 0.089, 0.007,-0.754,0.000,0.000,0.000,-0.015, 0.488, 1.383;
2.273,0.880,-0.916,-0.136,0.100, 0.089, 0.007,-0.754,0.000,0.000,0.000,-0.018, 0.488, 1.383;
2.285,0.878,-0.919,-0.138,0.097, 0.089, 0.007,-0.754,0.000,0.000,0.000,-0.022, 0.489, 1.383;
2.297,0.875,-0.922,-0.141,0.094, 0.089, 0.007,-0.754,0.000,0.000,0.000,-0.026, 0.489, 1.383;
2.309,0.873,-0.926,-0.143,0.090, 0.089, 0.007,-0.754,0.000,0.000,0.000,-0.029, 0.490, 1.383;
2.321,0.870,-0.929,-0.146,0.087, 0.089, 0.007,-0.754,0.000,0.000,0.000,-0.033, 0.490, 1.383;
2.333,0.867,-0.932,-0.149,0.084, 0.089, 0.007,-0.754,0.000,0.000,0.000,-0.037, 0.491, 1.383;
2.344,0.865,-0.936,-0.151,0.080, 0.089, 0.007,-0.754,0.000,0.000,0.000,-0.040, 0.491, 1.383;
2.356,0.862,-0.939,-0.154,0.077, 0.089, 0.007,-0.754,0.000,0.000,0.000,-0.044, 0.491, 1.383;
2.368,0.859,-0.942,-0.157,0.074, 0.089, 0.007,-0.754,0.000,0.000,0.000,-0.048, 0.492, 1.383;
2.381,0.856,-0.946,-0.160,0.070, 0.089, 0.007,-0.754,0.000,0.000,0.000,-0.052, 0.492, 1.383;
2.394,0.853,-0.949,-0.163,0.067, 0.089, 0.007,-0.754,0.000,0.000,0.000,-0.056, 0.492, 1.383;
2.406,0.850,-0.952,-0.165,0.064, 0.089, 0.007,-0.754,0.000,0.000,0.000,-0.060, 0.492, 1.383;
2.418,0.847,-0.955,-0.168,0.060, 0.089, 0.007,-0.754,0.000,0.000,0.000,-0.064, 0.493, 1.383;
2.431,0.844,-0.959,-0.171,0.057, 0.089, 0.007,-0.754,0.000,0.000,0.000,-0.068, 0.493, 1.383;
2.444,0.841,-0.962,-0.175,0.054, 0.089, 0.007,-0.754,0.000,0.000,0.000,-0.072, 0.493, 1.383;
2.458,0.838,-0.966,-0.178,0.050, 0.089, 0.007,-0.754,0.000,0.000,0.000,-0.076, 0.493, 1.383;
2.470,0.835,-0.969,-0.181,0.047, 0.089, 0.007,-0.754,0.000,0.000,0.000,-0.080, 0.493, 1.383;
2.482,0.832,-0.972,-0.184,0.044, 0.089, 0.007,-0.754,0.000,0.000,0.000,-0.084, 0.493, 1.383;
2.494,0.829,-0.975,-0.187,0.041, 0.089, 0.007,-0.754,0.000,0.000,0.000,-0.087, 0.493, 1.383;
2.507,0.826,-0.978,-0.190,0.038, 0.089, 0.007,-0.754,0.000,0.000,0.000,-0.091, 0.493, 1.383;
2.519,0.822,-0.981,-0.193,0.035, 0.089, 0.007,-0.754,0.000,0.000,0.000,-0.095, 0.493, 1.383;
2.531,0.819,-0.984,-0.197,0.032, 0.089, 0.007,-0.754,0.000,0.000,0.000,-0.099, 0.493, 1.383;
2.544,0.816,-0.987,-0.200,0.028, 0.089, 0.007,-0.754,0.000,0.000,0.000,-0.103, 0.493, 1.383;
2.547,0.815,-0.988,-0.201,0.028, 0.089, 0.007,-0.754,0.000,0.000,0.000,-0.104, 0.493, 1.383;
2.558,0.812,-0.991,-0.204,0.025, 0.089, 0.007,-0.754,0.000,0.000,0.000,-0.108, 0.493, 1.383;
2.580,0.807,-0.996,-0.209,0.020, 0.089, 0.007,-0.754,0.000,0.000,0.000,-0.114, 0.493, 1.383;
2.593,0.803,-0.999,-0.213,0.017, 0.089, 0.007,-0.754,0.000,0.000,0.000,-0.118, 0.492, 1.383;
2.604,0.800,-1.002,-0.216,0.014, 0.089, 0.007,-0.754,0.000,0.000,0.000,-0.122, 0.492, 1.383;
2.616,0.797,-1.005,-0.219,0.011, 0.089, 0.007,-0.754,0.000,0.000,0.000,-0.126, 0.492, 1.383;
2.628,0.794,-1.007,-0.222,0.009, 0.089, 0.007,-0.754,0.000,0.000,0.000,-0.129, 0.492, 1.383;
2.641,0.790,-1.010,-0.226,0.006, 0.089, 0.007,-0.754,0.000,0.000,0.000,-0.134, 0.491, 1.383;
2.655,0.786,-1.013,-0.230,0.003, 0.089, 0.007,-0.754,0.000,0.000,0.000,-0.138, 0.491, 1.383;
2.658,0.785,-1.014,-0.230,0.002, 0.089, 0.007,-0.754,0.000,0.000,0.000,-0.139, 0.491, 1.383;
2.670,0.782,-1.017,-0.234,-0.001, 0.089, 0.007,-0.754,0.000,0.000,0.000,-0.143, 0.490, 1.383;
2.681,0.779,-1.019,-0.237,-0.003, 0.089, 0.007,-0.754,0.000,0.000,0.000,-0.146, 0.490, 1.383;
2.705,0.772,-1.024,-0.244,-0.009, 0.089, 0.007,-0.754,0.000,0.000,0.000,-0.154, 0.489, 1.383;
2.709,0.771,-1.025,-0.245,-0.009, 0.089, 0.007,-0.754,0.000,0.000,0.000,-0.155, 0.489, 1.383;
2.720,0.768,-1.028,-0.248,-0.012, 0.089, 0.007,-0.754,0.000,0.000,0.000,-0.158, 0.489, 1.383;
2.732,0.765,-1.030,-0.251,-0.014, 0.089, 0.007,-0.754,0.000,0.000,0.000,-0.162, 0.488, 1.383;
2.743,0.761,-1.033,-0.254,-0.017, 0.089, 0.007,-0.754,0.000,0.000,0.000,-0.165, 0.487, 1.383;
2.755,0.758,-1.035,-0.258,-0.019, 0.089, 0.007,-0.754,0.000,0.000,0.000,-0.169, 0.487, 1.383;
2.767,0.754,-1.038,-0.261,-0.022, 0.089, 0.007,-0.754,0.000,0.000,0.000,-0.173, 0.486, 1.383;
2.789,0.748,-1.042,-0.268,-0.026, 0.089, 0.007,-0.754,0.000,0.000,0.000,-0.179, 0.485, 1.383;
2.791,0.747,-1.043,-0.269,-0.027, 0.089, 0.007,-0.754,0.000,0.000,0.000,-0.180, 0.485, 1.383;
2.813,0.741,-1.047,-0.275,-0.031, 0.089, 0.007,-0.754,0.000,0.000,0.000,-0.187, 0.484, 1.383;
2.824,0.738,-1.049,-0.278,-0.033, 0.089, 0.007,-0.754,0.000,0.000,0.000,-0.190, 0.483, 1.383;
2.837,0.734,-1.051,-0.282,-0.035, 0.089, 0.007,-0.754,0.000,0.000,0.000,-0.194, 0.482, 1.383;
2.848,0.730,-1.054,-0.286,-0.038, 0.089, 0.007,-0.754,0.000,0.000,0.000,-0.198, 0.481, 1.383;
2.860,0.727,-1.056,-0.289,-0.040, 0.089, 0.007,-0.754,0.000,0.000,0.000,-0.202, 0.481, 1.383;
2.873,0.723,-1.058,-0.293,-0.042, 0.089, 0.007,-0.754,0.000,0.000,0.000,-0.205, 0.480, 1.383;
2.885,0.719,-1.060,-0.297,-0.045, 0.089, 0.007,-0.754,0.000,0.000,0.000,-0.209, 0.479, 1.383;
2.899,0.715,-1.063,-0.301,-0.047, 0.089, 0.007,-0.754,0.000,0.000,0.000,-0.213, 0.478, 1.383;
2.904,0.713,-1.064,-0.302,-0.048, 0.089, 0.007,-0.754,0.000,0.000,0.000,-0.215, 0.477, 1.383;
2.915,0.710,-1.066,-0.306,-0.050, 0.089, 0.007,-0.754,0.000,0.000,0.000,-0.218, 0.476, 1.383;
2.926,0.707,-1.068,-0.309,-0.052, 0.089, 0.007,-0.754,0.000,0.000,0.000,-0.222, 0.475, 1.383;
2.938,0.703,-1.070,-0.313,-0.054, 0.089, 0.007,-0.754,0.000,0.000,0.000,-0.225, 0.474, 1.383;
2.950,0.699,-1.072,-0.317,-0.056, 0.089, 0.007,-0.754,0.000,0.000,0.000,-0.229, 0.473, 1.383;
2.972,0.692,-1.076,-0.324,-0.060, 0.089, 0.007,-0.754,0.000,0.000,0.000,-0.235, 0.471, 1.383;
2.975,0.691,-1.076,-0.325,-0.060, 0.089, 0.007,-0.754,0.000,0.000,0.000,-0.236, 0.471, 1.383;
2.986,0.688,-1.078,-0.328,-0.062, 0.089, 0.007,-0.754,0.000,0.000,0.000,-0.240, 0.470, 1.383;
3.009,0.681,-1.082,-0.335,-0.066, 0.089, 0.007,-0.754,0.000,0.000,0.000,-0.246, 0.468, 1.383;
3.012,0.680,-1.082,-0.336,-0.066, 0.089, 0.007,-0.754,0.000,0.000,0.000,-0.247, 0.468, 1.383;
3.023,0.676,-1.084,-0.340,-0.068, 0.089, 0.007,-0.754,0.000,0.000,0.000,-0.251, 0.467, 1.383;
3.045,0.669,-1.087,-0.347,-0.071, 0.089, 0.007,-0.754,0.000,0.000,0.000,-0.257, 0.464, 1.383;
3.057,0.665,-1.089,-0.351,-0.073, 0.089, 0.007,-0.754,0.000,0.000,0.000,-0.261, 0.463, 1.383;
3.070,0.661,-1.091,-0.355,-0.075, 0.089, 0.007,-0.754,0.000,0.000,0.000,-0.264, 0.462, 1.383;
3.082,0.657,-1.093,-0.359,-0.077, 0.089, 0.007,-0.754,0.000,0.000,0.000,-0.268, 0.460, 1.383;
3.094,0.653,-1.094,-0.363,-0.079, 0.089, 0.007,-0.754,0.000,0.000,0.000,-0.272, 0.459, 1.383;
3.098,0.652,-1.095,-0.364,-0.079, 0.089, 0.007,-0.754,0.000,0.000,0.000,-0.273, 0.458, 1.383;
3.118,0.645,-1.098,-0.371,-0.082, 0.089, 0.007,-0.754,0.000,0.000,0.000,-0.279, 0.456, 1.383;
3.131,0.641,-1.099,-0.375,-0.084, 0.089, 0.007,-0.754,0.000,0.000,0.000,-0.282, 0.455, 1.383;
3.143,0.637,-1.101,-0.379,-0.085, 0.089, 0.007,-0.754,0.000,0.000,0.000,-0.286, 0.453, 1.383;
3.155,0.633,-1.103,-0.383,-0.087, 0.089, 0.007,-0.754,0.000,0.000,0.000,-0.289, 0.452, 1.383;
3.167,0.629,-1.104,-0.387,-0.088, 0.089, 0.007,-0.754,0.000,0.000,0.000,-0.293, 0.450, 1.383;
3.171,0.628,-1.105,-0.388,-0.089, 0.089, 0.007,-0.754,0.000,0.000,0.000,-0.294, 0.450, 1.383;
3.182,0.624,-1.106,-0.392,-0.090, 0.089, 0.007,-0.754,0.000,0.000,0.000,-0.297, 0.448, 1.383;
3.205,0.616,-1.109,-0.399,-0.093, 0.089, 0.007,-0.754,0.000,0.000,0.000,-0.303, 0.445, 1.383;
3.209,0.615,-1.109,-0.401,-0.093, 0.089, 0.007,-0.754,0.000,0.000,0.000,-0.305, 0.444, 1.383;
3.220,0.611,-1.111,-0.405,-0.095, 0.089, 0.007,-0.754,0.000,0.000,0.000,-0.308, 0.443, 1.383;
3.231,0.607,-1.112,-0.408,-0.096, 0.089, 0.007,-0.754,0.000,0.000,0.000,-0.311, 0.441, 1.383;
3.254,0.600,-1.114,-0.416,-0.098, 0.089, 0.007,-0.754,0.000,0.000,0.000,-0.317, 0.438, 1.383;
3.259,0.598,-1.115,-0.418,-0.099, 0.089, 0.007,-0.754,0.000,0.000,0.000,-0.319, 0.438, 1.383;
3.270,0.594,-1.116,-0.422,-0.100, 0.089, 0.007,-0.754,0.000,0.000,0.000,-0.322, 0.436, 1.383;
3.281,0.590,-1.117,-0.425,-0.101, 0.089, 0.007,-0.754,0.000,0.000,0.000,-0.325, 0.434, 1.383;
3.293,0.587,-1.118,-0.429,-0.102, 0.089, 0.007,-0.754,0.000,0.000,0.000,-0.328, 0.433, 1.383;
3.305,0.582,-1.120,-0.434,-0.104, 0.089, 0.007,-0.754,0.000,0.000,0.000,-0.331, 0.431, 1.383;
3.327,0.575,-1.122,-0.441,-0.106, 0.089, 0.007,-0.754,0.000,0.000,0.000,-0.337, 0.427, 1.383;
3.339,0.571,-1.123,-0.445,-0.107, 0.089, 0.007,-0.754,0.000,0.000,0.000,-0.341, 0.425, 1.383;
3.352,0.566,-1.124,-0.450,-0.108, 0.089, 0.007,-0.754,0.000,0.000,0.000,-0.344, 0.423, 1.383;
3.356,0.565,-1.124,-0.451,-0.108, 0.089, 0.007,-0.754,0.000,0.000,0.000,-0.345, 0.423, 1.383;
3.366,0.561,-1.125,-0.455,-0.109, 0.089, 0.007,-0.754,0.000,0.000,0.000,-0.348, 0.421, 1.383;
3.378,0.557,-1.126,-0.459,-0.110, 0.089, 0.007,-0.754,0.000,0.000,0.000,-0.351, 0.419, 1.383;
3.400,0.550,-1.128,-0.466,-0.112, 0.089, 0.007,-0.754,0.000,0.000,0.000,-0.357, 0.416, 1.383;
3.406,0.547,-1.128,-0.468,-0.112, 0.089, 0.007,-0.754,0.000,0.000,0.000,-0.359, 0.414, 1.383;
3.417,0.543,-1.129,-0.472,-0.113, 0.089, 0.007,-0.754,0.000,0.000,0.000,-0.362, 0.413, 1.383;
3.428,0.540,-1.130,-0.476,-0.114, 0.089, 0.007,-0.754,0.000,0.000,0.000,-0.365, 0.411, 1.383;
3.440,0.536,-1.131,-0.480,-0.115, 0.089, 0.007,-0.754,0.000,0.000,0.000,-0.368, 0.409, 1.383;
3.452,0.531,-1.131,-0.485,-0.116, 0.089, 0.007,-0.754,0.000,0.000,0.000,-0.371, 0.407, 1.383;
3.463,0.527,-1.132,-0.489,-0.116, 0.089, 0.007,-0.754,0.000,0.000,0.000,-0.374, 0.405, 1.383;
3.485,0.520,-1.134,-0.496,-0.118, 0.089, 0.007,-0.754,0.000,0.000,0.000,-0.379, 0.401, 1.383;
3.497,0.515,-1.134,-0.501,-0.118, 0.089, 0.007,-0.754,0.000,0.000,0.000,-0.383, 0.398, 1.383;
3.509,0.511,-1.135,-0.505,-0.119, 0.089, 0.007,-0.754,0.000,0.000,0.000,-0.386, 0.396, 1.383;
3.522,0.507,-1.135,-0.509,-0.120, 0.089, 0.007,-0.754,0.000,0.000,0.000,-0.389, 0.394, 1.383;
3.534,0.502,-1.136,-0.514,-0.120, 0.089, 0.007,-0.754,0.000,0.000,0.000,-0.392, 0.391, 1.383;
3.547,0.498,-1.137,-0.518,-0.121, 0.089, 0.007,-0.754,0.000,0.000,0.000,-0.395, 0.389, 1.383;
3.550,0.497,-1.137,-0.519,-0.121, 0.089, 0.007,-0.754,0.000,0.000,0.000,-0.396, 0.388, 1.383;
3.571,0.489,-1.138,-0.527,-0.122, 0.089, 0.007,-0.754,0.000,0.000,0.000,-0.401, 0.384, 1.383;
3.583,0.485,-1.138,-0.531,-0.122, 0.089, 0.007,-0.754,0.000,0.000,0.000,-0.404, 0.382, 1.383;
3.595,0.481,-1.138,-0.535,-0.123, 0.089, 0.007,-0.754,0.000,0.000,0.000,-0.407, 0.380, 1.383;
3.598,0.480,-1.139,-0.536,-0.123, 0.089, 0.007,-0.754,0.000,0.000,0.000,-0.408, 0.379, 1.383;
3.620,0.472,-1.139,-0.544,-0.123, 0.089, 0.007,-0.754,0.000,0.000,0.000,-0.413, 0.375, 1.383;
3.632,0.468,-1.140,-0.548,-0.124, 0.089, 0.007,-0.754,0.000,0.000,0.000,-0.416, 0.372, 1.383;
3.645,0.463,-1.140,-0.553,-0.124, 0.089, 0.007,-0.754,0.000,0.000,0.000,-0.419, 0.369, 1.383;
3.647,0.462,-1.140,-0.554,-0.124, 0.089, 0.007,-0.754,0.000,0.000,0.000,-0.419, 0.369, 1.383;
3.658,0.458,-1.140,-0.558,-0.124, 0.089, 0.007,-0.754,0.000,0.000,0.000,-0.422, 0.367, 1.383;
3.680,0.450,-1.140,-0.565,-0.125, 0.089, 0.007,-0.754,0.000,0.000,0.000,-0.427, 0.362, 1.383;
3.693,0.446,-1.141,-0.570,-0.125, 0.089, 0.007,-0.754,0.000,0.000,0.000,-0.430, 0.359, 1.383;
3.698,0.444,-1.141,-0.572,-0.125, 0.089, 0.007,-0.754,0.000,0.000,0.000,-0.431, 0.358, 1.383;
3.708,0.441,-1.141,-0.575,-0.125, 0.089, 0.007,-0.754,0.000,0.000,0.000,-0.433, 0.356, 1.383;
3.730,0.433,-1.141,-0.583,-0.125, 0.089, 0.007,-0.754,0.000,0.000,0.000,-0.438, 0.351, 1.383;
3.742,0.428,-1.141,-0.588,-0.125, 0.089, 0.007,-0.754,0.000,0.000,0.000,-0.441, 0.349, 1.383;
3.745,0.427,-1.141,-0.589,-0.125, 0.089, 0.007,-0.754,0.000,0.000,0.000,-0.442, 0.348, 1.383;
3.766,0.420,-1.141,-0.596,-0.125, 0.089, 0.007,-0.754,0.000,0.000,0.000,-0.446, 0.343, 1.383;
3.778,0.416,-1.141,-0.600,-0.125, 0.089, 0.007,-0.754,0.000,0.000,0.000,-0.449, 0.341, 1.383;
3.790,0.411,-1.141,-0.605,-0.125, 0.089, 0.007,-0.754,0.000,0.000,0.000,-0.452, 0.338, 1.383;
3.803,0.407,-1.141,-0.609,-0.125, 0.089, 0.007,-0.754,0.000,0.000,0.000,-0.454, 0.335, 1.383;
3.815,0.403,-1.140,-0.613,-0.124, 0.089, 0.007,-0.754,0.000,0.000,0.000,-0.457, 0.332, 1.383;
3.826,0.398,-1.140,-0.618,-0.124, 0.089, 0.007,-0.754,0.000,0.000,0.000,-0.459, 0.329, 1.383;
3.839,0.394,-1.140,-0.622,-0.124, 0.089, 0.007,-0.754,0.000,0.000,0.000,-0.462, 0.327, 1.383;
3.851,0.390,-1.140,-0.626,-0.124, 0.089, 0.007,-0.754,0.000,0.000,0.000,-0.464, 0.324, 1.383;
3.862,0.385,-1.139,-0.630,-0.123, 0.089, 0.007,-0.754,0.000,0.000,0.000,-0.467, 0.321, 1.383;
3.875,0.381,-1.139,-0.635,-0.123, 0.089, 0.007,-0.754,0.000,0.000,0.000,-0.469, 0.318, 1.383;
3.888,0.377,-1.139,-0.639,-0.123, 0.089, 0.007,-0.754,0.000,0.000,0.000,-0.472, 0.315, 1.383;
3.901,0.372,-1.138,-0.644,-0.122, 0.089, 0.007,-0.754,0.000,0.000,0.000,-0.475, 0.312, 1.383;
3.913,0.368,-1.138,-0.648,-0.122, 0.089, 0.007,-0.754,0.000,0.000,0.000,-0.477, 0.309, 1.383;
3.924,0.363,-1.137,-0.652,-0.121, 0.089, 0.007,-0.754,0.000,0.000,0.000,-0.479, 0.306, 1.383;
3.937,0.359,-1.137,-0.657,-0.121, 0.089, 0.007,-0.754,0.000,0.000,0.000,-0.482, 0.303, 1.383;
3.950,0.354,-1.136,-0.661,-0.120, 0.089, 0.007,-0.754,0.000,0.000,0.000,-0.484, 0.300, 1.383;
3.955,0.353,-1.136,-0.663,-0.120, 0.089, 0.007,-0.754,0.000,0.000,0.000,-0.485, 0.299, 1.383;
3.965,0.349,-1.135,-0.667,-0.120, 0.089, 0.007,-0.754,0.000,0.000,0.000,-0.487, 0.296, 1.383;
3.976,0.345,-1.135,-0.671,-0.119, 0.089, 0.007,-0.754,0.000,0.000,0.000,-0.489, 0.293, 1.383;
3.999,0.337,-1.134,-0.679,-0.118, 0.089, 0.007,-0.754,0.000,0.000,0.000,-0.494, 0.287, 1.383;
4.004,0.336,-1.133,-0.680,-0.117, 0.089, 0.007,-0.754,0.000,0.000,0.000,-0.494, 0.286, 1.383;
4.014,0.332,-1.133,-0.684,-0.117, 0.089, 0.007,-0.754,0.000,0.000,0.000,-0.496, 0.284, 1.383;
4.026,0.328,-1.132,-0.688,-0.116, 0.089, 0.007,-0.754,0.000,0.000,0.000,-0.498, 0.281, 1.383;
4.048,0.320,-1.131,-0.696,-0.115, 0.089, 0.007,-0.754,0.000,0.000,0.000,-0.502, 0.275, 1.383;
4.060,0.316,-1.130,-0.700,-0.114, 0.089, 0.007,-0.754,0.000,0.000,0.000,-0.505, 0.272, 1.383;
4.064,0.314,-1.129,-0.701,-0.114, 0.089, 0.007,-0.754,0.000,0.000,0.000,-0.505, 0.271, 1.383;
4.075,0.311,-1.129,-0.705,-0.113, 0.089, 0.007,-0.754,0.000,0.000,0.000,-0.507, 0.268, 1.383;
4.097,0.303,-1.127,-0.713,-0.111, 0.089, 0.007,-0.754,0.000,0.000,0.000,-0.511, 0.262, 1.383;
4.102,0.301,-1.127,-0.715,-0.111, 0.089, 0.007,-0.754,0.000,0.000,0.000,-0.512, 0.261, 1.383;
4.121,0.294,-1.125,-0.722,-0.109, 0.089, 0.007,-0.754,0.000,0.000,0.000,-0.515, 0.256, 1.383;
4.133,0.290,-1.124,-0.726,-0.108, 0.089, 0.007,-0.754,0.000,0.000,0.000,-0.517, 0.252, 1.383;
4.145,0.286,-1.123,-0.730,-0.107, 0.089, 0.007,-0.754,0.000,0.000,0.000,-0.519, 0.249, 1.383;
4.158,0.282,-1.122,-0.734,-0.106, 0.089, 0.007,-0.754,0.000,0.000,0.000,-0.521, 0.246, 1.383;
4.162,0.280,-1.121,-0.735,-0.105, 0.089, 0.007,-0.754,0.000,0.000,0.000,-0.522, 0.245, 1.383;
4.173,0.277,-1.120,-0.739,-0.104, 0.089, 0.007,-0.754,0.000,0.000,0.000,-0.523, 0.242, 1.383;
4.195,0.269,-1.118,-0.747,-0.102, 0.089, 0.007,-0.754,0.000,0.000,0.000,-0.527, 0.236, 1.383;
4.199,0.268,-1.118,-0.748,-0.102, 0.089, 0.007,-0.754,0.000,0.000,0.000,-0.527, 0.235, 1.383;
4.219,0.261,-1.116,-0.755,-0.100, 0.089, 0.007,-0.754,0.000,0.000,0.000,-0.530, 0.229, 1.383;
4.223,0.259,-1.115,-0.757,-0.099, 0.089, 0.007,-0.754,0.000,0.000,0.000,-0.531, 0.228, 1.383;
4.243,0.252,-1.113,-0.763,-0.097, 0.089, 0.007,-0.754,0.000,0.000,0.000,-0.534, 0.222, 1.383;
4.256,0.248,-1.112,-0.768,-0.096, 0.089, 0.007,-0.754,0.000,0.000,0.000,-0.536, 0.219, 1.383;
4.260,0.247,-1.111,-0.769,-0.095, 0.089, 0.007,-0.754,0.000,0.000,0.000,-0.536, 0.218, 1.383;
4.270,0.243,-1.110,-0.773,-0.094, 0.089, 0.007,-0.754,0.000,0.000,0.000,-0.538, 0.215, 1.383;
4.292,0.236,-1.107,-0.780,-0.091, 0.089, 0.007,-0.754,0.000,0.000,0.000,-0.541, 0.208, 1.383;
4.296,0.235,-1.107,-0.781,-0.091, 0.089, 0.007,-0.754,0.000,0.000,0.000,-0.541, 0.207, 1.383;
4.307,0.231,-1.106,-0.785,-0.090, 0.089, 0.007,-0.754,0.000,0.000,0.000,-0.543, 0.204, 1.383;
4.328,0.224,-1.103,-0.792,-0.087, 0.089, 0.007,-0.754,0.000,0.000,0.000,-0.545, 0.198, 1.383;
4.340,0.220,-1.101,-0.796,-0.085, 0.089, 0.007,-0.754,0.000,0.000,0.000,-0.547, 0.195, 1.383;
4.353,0.216,-1.100,-0.800,-0.084, 0.089, 0.007,-0.754,0.000,0.000,0.000,-0.549, 0.191, 1.383;
4.365,0.212,-1.098,-0.804,-0.082, 0.089, 0.007,-0.754,0.000,0.000,0.000,-0.550, 0.187, 1.383;
4.377,0.208,-1.096,-0.808,-0.080, 0.089, 0.007,-0.754,0.000,0.000,0.000,-0.551, 0.184, 1.383;
4.390,0.204,-1.095,-0.812,-0.079, 0.089, 0.007,-0.754,0.000,0.000,0.000,-0.553, 0.180, 1.383;
4.402,0.200,-1.093,-0.816,-0.077, 0.089, 0.007,-0.754,0.000,0.000,0.000,-0.554, 0.177, 1.383;
4.414,0.196,-1.091,-0.820,-0.075, 0.089, 0.007,-0.754,0.000,0.000,0.000,-0.556, 0.173, 1.383;
4.425,0.192,-1.089,-0.824,-0.074, 0.089, 0.007,-0.754,0.000,0.000,0.000,-0.557, 0.170, 1.383;
4.437,0.188,-1.088,-0.828,-0.072, 0.089, 0.007,-0.754,0.000,0.000,0.000,-0.558, 0.167, 1.383;
4.449,0.184,-1.086,-0.831,-0.070, 0.089, 0.007,-0.754,0.000,0.000,0.000,-0.560, 0.163, 1.383;
4.460,0.181,-1.084,-0.835,-0.068, 0.089, 0.007,-0.754,0.000,0.000,0.000,-0.561, 0.160, 1.383;
4.472,0.177,-1.082,-0.839,-0.066, 0.089, 0.007,-0.754,0.000,0.000,0.000,-0.562, 0.156, 1.383;
4.484,0.173,-1.080,-0.843,-0.064, 0.089, 0.007,-0.754,0.000,0.000,0.000,-0.563, 0.153, 1.383;
4.496,0.169,-1.078,-0.847,-0.063, 0.089, 0.007,-0.754,0.000,0.000,0.000,-0.564, 0.149, 1.383;
4.508,0.166,-1.077,-0.850,-0.061, 0.089, 0.007,-0.754,0.000,0.000,0.000,-0.566, 0.146, 1.383;
4.519,0.162,-1.075,-0.854,-0.059, 0.089, 0.007,-0.754,0.000,0.000,0.000,-0.567, 0.142, 1.383;
4.530,0.158,-1.073,-0.857,-0.057, 0.089, 0.007,-0.754,0.000,0.000,0.000,-0.568, 0.139, 1.383;
4.541,0.155,-1.071,-0.861,-0.055, 0.089, 0.007,-0.754,0.000,0.000,0.000,-0.569, 0.135, 1.383;
4.553,0.151,-1.069,-0.865,-0.053, 0.089, 0.007,-0.754,0.000,0.000,0.000,-0.570, 0.132, 1.383;
4.564,0.148,-1.067,-0.868,-0.051, 0.089, 0.007,-0.754,0.000,0.000,0.000,-0.571, 0.128, 1.383;
4.576,0.144,-1.065,-0.872,-0.049, 0.089, 0.007,-0.754,0.000,0.000,0.000,-0.572, 0.125, 1.383;
4.597,0.138,-1.061,-0.878,-0.045, 0.089, 0.007,-0.754,0.000,0.000,0.000,-0.573, 0.118, 1.383;
4.609,0.134,-1.059,-0.882,-0.043, 0.089, 0.007,-0.754,0.000,0.000,0.000,-0.574, 0.115, 1.383;
4.622,0.130,-1.056,-0.886,-0.041, 0.089, 0.007,-0.754,0.000,0.000,0.000,-0.575, 0.111, 1.383;
4.633,0.127,-1.054,-0.889,-0.038, 0.089, 0.007,-0.754,0.000,0.000,0.000,-0.576, 0.108, 1.383;
4.645,0.123,-1.052,-0.893,-0.036, 0.089, 0.007,-0.754,0.000,0.000,0.000,-0.577, 0.104, 1.383;
4.657,0.119,-1.050,-0.896,-0.034, 0.089, 0.007,-0.754,0.000,0.000,0.000,-0.578, 0.100, 1.383;
4.669,0.116,-1.047,-0.900,-0.031, 0.089, 0.007,-0.754,0.000,0.000,0.000,-0.579, 0.096, 1.383;
4.681,0.112,-1.045,-0.904,-0.029, 0.089, 0.007,-0.754,0.000,0.000,0.000,-0.579, 0.093, 1.383;
4.693,0.109,-1.043,-0.907,-0.027, 0.089, 0.007,-0.754,0.000,0.000,0.000,-0.580, 0.089, 1.383;
4.705,0.105,-1.040,-0.911,-0.024, 0.089, 0.007,-0.754,0.000,0.000,0.000,-0.581, 0.085, 1.383;
4.718,0.101,-1.037,-0.914,-0.022, 0.089, 0.007,-0.754,0.000,0.000,0.000,-0.581, 0.081, 1.383;
4.731,0.098,-1.035,-0.918,-0.019, 0.089, 0.007,-0.754,0.000,0.000,0.000,-0.582, 0.077, 1.383;
4.743,0.094,-1.032,-0.922,-0.016, 0.089, 0.007,-0.754,0.000,0.000,0.000,-0.583, 0.074, 1.383;
4.755,0.091,-1.030,-0.925,-0.014, 0.089, 0.007,-0.754,0.000,0.000,0.000,-0.583, 0.070, 1.383;
4.767,0.087,-1.027,-0.928,-0.011, 0.089, 0.007,-0.754,0.000,0.000,0.000,-0.584, 0.066, 1.383;
4.779,0.084,-1.025,-0.932,-0.009, 0.089, 0.007,-0.754,0.000,0.000,0.000,-0.584, 0.063, 1.383;
4.791,0.080,-1.022,-0.935,-0.006, 0.089, 0.007,-0.754,0.000,0.000,0.000,-0.585, 0.059, 1.383;
4.803,0.077,-1.019,-0.939,-0.003, 0.089, 0.007,-0.754,0.000,0.000,0.000,-0.585, 0.055, 1.383;
4.816,0.074,-1.017,-0.942,-0.001, 0.089, 0.007,-0.754,0.000,0.000,0.000,-0.586, 0.051, 1.383;
4.828,0.070,-1.014,-0.946,0.002, 0.089, 0.007,-0.754,0.000,0.000,0.000,-0.586, 0.047, 1.383;
4.841,0.067,-1.011,-0.949,0.005, 0.089, 0.007,-0.754,0.000,0.000,0.000,-0.587, 0.043, 1.383;
4.853,0.063,-1.008,-0.953,0.008, 0.089, 0.007,-0.754,0.000,0.000,0.000,-0.587, 0.039, 1.383;
4.865,0.060,-1.005,-0.956,0.010, 0.089, 0.007,-0.754,0.000,0.000,0.000,-0.587, 0.036, 1.383;
4.877,0.057,-1.002,-0.959,0.013, 0.089, 0.007,-0.754,0.000,0.000,0.000,-0.588, 0.032, 1.383;
4.890,0.053,-0.999,-0.963,0.016, 0.089, 0.007,-0.754,0.000,0.000,0.000,-0.588, 0.028, 1.383;
4.902,0.050,-0.997,-0.966,0.019, 0.089, 0.007,-0.754,0.000,0.000,0.000,-0.588, 0.024, 1.383;
4.914,0.047,-0.994,-0.969,0.022, 0.089, 0.007,-0.754,0.000,0.000,0.000,-0.589, 0.020, 1.383;
4.926,0.044,-0.991,-0.972,0.025, 0.089, 0.007,-0.754,0.000,0.000,0.000,-0.589, 0.017, 1.383;
4.937,0.041,-0.988,-0.975,0.028, 0.089, 0.007,-0.754,0.000,0.000,0.000,-0.589, 0.013, 1.383;
4.948,0.038,-0.985,-0.978,0.030, 0.089, 0.007,-0.754,0.000,0.000,0.000,-0.589, 0.010, 1.383;
4.959,0.035,-0.983,-0.981,0.033, 0.089, 0.007,-0.754,0.000,0.000,0.000,-0.589, 0.006, 1.383;
4.970,0.032,-0.980,-0.984,0.036, 0.089, 0.007,-0.754,0.000,0.000,0.000,-0.589, 0.003, 1.383;
4.981,0.029,-0.977,-0.986,0.039, 0.089, 0.007,-0.754,0.000,0.000,0.000,-0.589,-0.001, 1.383;
4.992,0.027,-0.975,-0.989,0.041, 0.089, 0.007,-0.754,0.000,0.000,0.000,-0.589,-0.004, 1.383;
5.013,0.021,-0.969,-0.995,0.047, 0.089, 0.007,-0.754,0.000,0.000,0.000,-0.589,-0.011, 1.383;
5.025,0.018,-0.966,-0.997,0.050, 0.089, 0.007,-0.754,0.000,0.000,0.000,-0.589,-0.014, 1.383;
5.036,0.016,-0.963,-1.000,0.053, 0.089, 0.007,-0.754,0.000,0.000,0.000,-0.589,-0.018, 1.383;
5.048,0.013,-0.960,-1.003,0.056, 0.089, 0.007,-0.754,0.000,0.000,0.000,-0.589,-0.022, 1.383;
5.060,0.010,-0.957,-1.006,0.059, 0.089, 0.007,-0.754,0.000,0.000,0.000,-0.589,-0.025, 1.383;
5.071,0.007,-0.954,-1.009,0.062, 0.089, 0.007,-0.754,0.000,0.000,0.000,-0.589,-0.029, 1.383;
5.082,0.005,-0.951,-1.011,0.065, 0.089, 0.007,-0.754,0.000,0.000,0.000,-0.589,-0.032, 1.383;
5.094,0.002,-0.948,-1.014,0.068, 0.089, 0.007,-0.754,0.000,0.000,0.000,-0.588,-0.036, 1.383;
5.105,-0.001,-0.945,-1.017,0.071, 0.089, 0.007,-0.754,0.000,0.000,0.000,-0.588,-0.040, 1.383;
5.116,-0.003,-0.942,-1.019,0.074, 0.089, 0.007,-0.754,0.000,0.000,0.000,-0.588,-0.043, 1.383;
5.127,-0.006,-0.939,-1.022,0.077, 0.089, 0.007,-0.754,0.000,0.000,0.000,-0.588,-0.046, 1.383;
5.148,-0.011,-0.933,-1.027,0.083, 0.089, 0.007,-0.754,0.000,0.000,0.000,-0.587,-0.053, 1.383;
5.160,-0.014,-0.930,-1.029,0.086, 0.089, 0.007,-0.754,0.000,0.000,0.000,-0.587,-0.057, 1.383;
5.172,-0.016,-0.927,-1.032,0.089, 0.089, 0.007,-0.754,0.000,0.000,0.000,-0.586,-0.061, 1.383;
5.184,-0.019,-0.923,-1.035,0.093, 0.089, 0.007,-0.754,0.000,0.000,0.000,-0.586,-0.064, 1.383;
5.196,-0.022,-0.920,-1.037,0.096, 0.089, 0.007,-0.754,0.000,0.000,0.000,-0.585,-0.068, 1.383;
5.208,-0.024,-0.916,-1.040,0.100, 0.089, 0.007,-0.754,0.000,0.000,0.000,-0.585,-0.072, 1.383;
5.220,-0.027,-0.913,-1.043,0.103, 0.089, 0.007,-0.754,0.000,0.000,0.000,-0.584,-0.076, 1.383;
5.232,-0.029,-0.910,-1.045,0.106, 0.089, 0.007,-0.754,0.000,0.000,0.000,-0.584,-0.079, 1.383;
5.244,-0.032,-0.906,-1.048,0.110, 0.089, 0.007,-0.754,0.000,0.000,0.000,-0.583,-0.083, 1.383;
5.257,-0.034,-0.902,-1.050,0.114, 0.089, 0.007,-0.754,0.000,0.000,0.000,-0.583,-0.087, 1.383;
5.269,-0.037,-0.899,-1.053,0.117, 0.089, 0.007,-0.754,0.000,0.000,0.000,-0.582,-0.091, 1.383;
5.281,-0.039,-0.895,-1.055,0.121, 0.089, 0.007,-0.754,0.000,0.000,0.000,-0.581,-0.095, 1.383;
5.293,-0.042,-0.892,-1.058,0.124, 0.089, 0.007,-0.754,0.000,0.000,0.000,-0.581,-0.098, 1.383;
5.305,-0.044,-0.888,-1.060,0.128, 0.089, 0.007,-0.754,0.000,0.000,0.000,-0.580,-0.102, 1.383;
5.317,-0.047,-0.885,-1.062,0.131, 0.089, 0.007,-0.754,0.000,0.000,0.000,-0.579,-0.106, 1.383;
5.328,-0.049,-0.881,-1.065,0.135, 0.089, 0.007,-0.754,0.000,0.000,0.000,-0.579,-0.109, 1.383;
5.341,-0.051,-0.878,-1.067,0.138, 0.089, 0.007,-0.754,0.000,0.000,0.000,-0.578,-0.113, 1.383;
5.353,-0.054,-0.874,-1.069,0.142, 0.089, 0.007,-0.754,0.000,0.000,0.000,-0.577,-0.117, 1.383;
5.366,-0.056,-0.870,-1.072,0.146, 0.089, 0.007,-0.754,0.000,0.000,0.000,-0.576,-0.121, 1.383;
5.380,-0.058,-0.866,-1.074,0.150, 0.089, 0.007,-0.754,0.000,0.000,0.000,-0.575,-0.125, 1.383;
5.391,-0.061,-0.862,-1.077,0.154, 0.089, 0.007,-0.754,0.000,0.000,0.000,-0.574,-0.128, 1.383;
5.404,-0.063,-0.858,-1.079,0.158, 0.089, 0.007,-0.754,0.000,0.000,0.000,-0.573,-0.132, 1.383;
5.415,-0.065,-0.855,-1.081,0.161, 0.089, 0.007,-0.754,0.000,0.000,0.000,-0.572,-0.136, 1.383;
5.427,-0.067,-0.851,-1.083,0.165, 0.089, 0.007,-0.754,0.000,0.000,0.000,-0.571,-0.139, 1.383;
5.438,-0.069,-0.848,-1.085,0.168, 0.089, 0.007,-0.754,0.000,0.000,0.000,-0.570,-0.143, 1.383;
5.450,-0.071,-0.844,-1.087,0.172, 0.089, 0.007,-0.754,0.000,0.000,0.000,-0.569,-0.146, 1.383;
5.462,-0.073,-0.840,-1.089,0.176, 0.089, 0.007,-0.754,0.000,0.000,0.000,-0.568,-0.150, 1.383;
5.474,-0.075,-0.836,-1.091,0.180, 0.089, 0.007,-0.754,0.000,0.000,0.000,-0.567,-0.153, 1.383;
5.486,-0.077,-0.832,-1.093,0.184, 0.089, 0.007,-0.754,0.000,0.000,0.000,-0.566,-0.157, 1.383;
5.498,-0.079,-0.829,-1.095,0.187, 0.089, 0.007,-0.754,0.000,0.000,0.000,-0.565,-0.161, 1.383;
5.510,-0.081,-0.825,-1.097,0.191, 0.089, 0.007,-0.754,0.000,0.000,0.000,-0.564,-0.164, 1.383;
5.521,-0.083,-0.821,-1.099,0.195, 0.089, 0.007,-0.754,0.000,0.000,0.000,-0.563,-0.168, 1.383;
5.533,-0.084,-0.817,-1.100,0.198, 0.089, 0.007,-0.754,0.000,0.000,0.000,-0.562,-0.171, 1.383;
5.544,-0.086,-0.814,-1.102,0.202, 0.089, 0.007,-0.754,0.000,0.000,0.000,-0.560,-0.174, 1.383;
5.556,-0.088,-0.810,-1.104,0.206, 0.089, 0.007,-0.754,0.000,0.000,0.000,-0.559,-0.178, 1.383;
5.568,-0.090,-0.806,-1.106,0.210, 0.089, 0.007,-0.754,0.000,0.000,0.000,-0.558,-0.181, 1.383;
5.579,-0.091,-0.802,-1.107,0.214, 0.089, 0.007,-0.754,0.000,0.000,0.000,-0.557,-0.185, 1.383;
5.591,-0.093,-0.799,-1.109,0.217, 0.089, 0.007,-0.754,0.000,0.000,0.000,-0.555,-0.188, 1.383;
5.613,-0.096,-0.791,-1.112,0.224, 0.089, 0.007,-0.754,0.000,0.000,0.000,-0.553,-0.194, 1.383;
5.624,-0.098,-0.787,-1.114,0.228, 0.089, 0.007,-0.754,0.000,0.000,0.000,-0.551,-0.198, 1.383;
5.636,-0.099,-0.784,-1.115,0.232, 0.089, 0.007,-0.754,0.000,0.000,0.000,-0.550,-0.201, 1.383;
5.650,-0.101,-0.779,-1.117,0.237, 0.089, 0.007,-0.754,0.000,0.000,0.000,-0.548,-0.205, 1.383;
5.661,-0.102,-0.775,-1.118,0.240, 0.089, 0.007,-0.754,0.000,0.000,0.000,-0.547,-0.208, 1.383;
5.672,-0.104,-0.772,-1.120,0.244, 0.089, 0.007,-0.754,0.000,0.000,0.000,-0.545,-0.212, 1.383;
5.684,-0.105,-0.768,-1.121,0.248, 0.089, 0.007,-0.754,0.000,0.000,0.000,-0.544,-0.215, 1.383;
5.695,-0.107,-0.764,-1.123,0.252, 0.089, 0.007,-0.754,0.000,0.000,0.000,-0.542,-0.218, 1.383;
5.706,-0.108,-0.760,-1.124,0.256, 0.089, 0.007,-0.754,0.000,0.000,0.000,-0.541,-0.221, 1.383;
5.717,-0.109,-0.756,-1.125,0.259, 0.089, 0.007,-0.754,0.000,0.000,0.000,-0.539,-0.225, 1.383;
5.728,-0.111,-0.753,-1.127,0.263, 0.089, 0.007,-0.754,0.000,0.000,0.000,-0.538,-0.228, 1.383;
5.739,-0.112,-0.749,-1.128,0.267, 0.089, 0.007,-0.754,0.000,0.000,0.000,-0.536,-0.231, 1.383;
5.750,-0.113,-0.745,-1.129,0.271, 0.089, 0.007,-0.754,0.000,0.000,0.000,-0.535,-0.234, 1.383;
5.772,-0.115,-0.738,-1.131,0.278, 0.089, 0.007,-0.754,0.000,0.000,0.000,-0.532,-0.240, 1.383;
5.783,-0.117,-0.734,-1.132,0.282, 0.089, 0.007,-0.754,0.000,0.000,0.000,-0.530,-0.243, 1.383;
5.794,-0.118,-0.730,-1.134,0.286, 0.089, 0.007,-0.754,0.000,0.000,0.000,-0.528,-0.246, 1.383;
5.806,-0.119,-0.726,-1.135,0.290, 0.089, 0.007,-0.754,0.000,0.000,0.000,-0.527,-0.249, 1.383;
5.817,-0.120,-0.722,-1.136,0.294, 0.089, 0.007,-0.754,0.000,0.000,0.000,-0.525,-0.252, 1.383;
5.828,-0.121,-0.718,-1.137,0.297, 0.089, 0.007,-0.754,0.000,0.000,0.000,-0.523,-0.255, 1.383;
5.839,-0.122,-0.715,-1.138,0.301, 0.089, 0.007,-0.754,0.000,0.000,0.000,-0.521,-0.258, 1.383;
5.850,-0.123,-0.711,-1.139,0.305, 0.089, 0.007,-0.754,0.000,0.000,0.000,-0.520,-0.261, 1.383;
5.861,-0.124,-0.707,-1.140,0.309, 0.089, 0.007,-0.754,0.000,0.000,0.000,-0.518,-0.264, 1.383;
5.872,-0.125,-0.703,-1.141,0.313, 0.089, 0.007,-0.754,0.000,0.000,0.000,-0.516,-0.267, 1.383;
5.884,-0.126,-0.699,-1.142,0.317, 0.089, 0.007,-0.754,0.000,0.000,0.000,-0.514,-0.270, 1.383;
5.906,-0.127,-0.691,-1.143,0.324, 0.089, 0.007,-0.754,0.000,0.000,0.000,-0.510,-0.276, 1.383;
5.918,-0.128,-0.687,-1.144,0.329, 0.089, 0.007,-0.754,0.000,0.000,0.000,-0.508,-0.279, 1.383;
5.930,-0.129,-0.683,-1.145,0.333, 0.089, 0.007,-0.754,0.000,0.000,0.000,-0.506,-0.283, 1.383;
5.942,-0.130,-0.679,-1.146,0.337, 0.089, 0.007,-0.754,0.000,0.000,0.000,-0.504,-0.286, 1.383;
5.954,-0.131,-0.675,-1.147,0.341, 0.089, 0.007,-0.754,0.000,0.000,0.000,-0.502,-0.289, 1.383;
5.968,-0.132,-0.670,-1.148,0.346, 0.089, 0.007,-0.754,0.000,0.000,0.000,-0.500,-0.292, 1.383;
5.980,-0.132,-0.665,-1.148,0.350, 0.089, 0.007,-0.754,0.000,0.000,0.000,-0.497,-0.295, 1.383;
5.983,-0.133,-0.664,-1.148,0.352, 0.089, 0.007,-0.754,0.000,0.000,0.000,-0.497,-0.296, 1.383;
5.994,-0.133,-0.660,-1.149,0.356, 0.089, 0.007,-0.754,0.000,0.000,0.000,-0.495,-0.299, 1.383;
6.016,-0.134,-0.653,-1.150,0.363, 0.089, 0.007,-0.754,0.000,0.000,0.000,-0.491,-0.305, 1.383;
6.029,-0.135,-0.648,-1.151,0.368, 0.089, 0.007,-0.754,0.000,0.000,0.000,-0.488,-0.308, 1.383;
6.033,-0.135,-0.647,-1.151,0.369, 0.089, 0.007,-0.754,0.000,0.000,0.000,-0.488,-0.309, 1.383;
6.044,-0.136,-0.643,-1.152,0.373, 0.089, 0.007,-0.754,0.000,0.000,0.000,-0.486,-0.312, 1.383;
6.066,-0.137,-0.635,-1.152,0.381, 0.089, 0.007,-0.754,0.000,0.000,0.000,-0.481,-0.317, 1.383;
6.072,-0.137,-0.633,-1.153,0.383, 0.089, 0.007,-0.754,0.000,0.000,0.000,-0.480,-0.319, 1.383;
6.080,-0.137,-0.630,-1.153,0.386, 0.089, 0.007,-0.754,0.000,0.000,0.000,-0.479,-0.321, 1.383;
6.102,-0.138,-0.622,-1.154,0.394, 0.089, 0.007,-0.754,0.000,0.000,0.000,-0.474,-0.326, 1.383;
6.114,-0.138,-0.618,-1.154,0.398, 0.089, 0.007,-0.754,0.000,0.000,0.000,-0.472,-0.329, 1.383;
6.127,-0.139,-0.613,-1.154,0.403, 0.089, 0.007,-0.754,0.000,0.000,0.000,-0.469,-0.332, 1.383;
6.130,-0.139,-0.612,-1.155,0.404, 0.089, 0.007,-0.754,0.000,0.000,0.000,-0.469,-0.333, 1.383;
6.151,-0.139,-0.605,-1.155,0.411, 0.089, 0.007,-0.754,0.000,0.000,0.000,-0.464,-0.338, 1.383;
6.162,-0.139,-0.601,-1.155,0.415, 0.089, 0.007,-0.754,0.000,0.000,0.000,-0.462,-0.340, 1.383;
6.174,-0.140,-0.597,-1.155,0.419, 0.089, 0.007,-0.754,0.000,0.000,0.000,-0.459,-0.343, 1.383;
6.186,-0.140,-0.592,-1.156,0.424, 0.089, 0.007,-0.754,0.000,0.000,0.000,-0.457,-0.346, 1.383;
6.197,-0.140,-0.588,-1.156,0.428, 0.089, 0.007,-0.754,0.000,0.000,0.000,-0.454,-0.348, 1.383;
6.209,-0.140,-0.584,-1.156,0.432, 0.089, 0.007,-0.754,0.000,0.000,0.000,-0.452,-0.351, 1.383;
6.221,-0.140,-0.580,-1.156,0.436, 0.089, 0.007,-0.754,0.000,0.000,0.000,-0.449,-0.354, 1.383;
6.233,-0.140,-0.575,-1.156,0.440, 0.089, 0.007,-0.754,0.000,0.000,0.000,-0.447,-0.356, 1.383;
6.244,-0.140,-0.571,-1.156,0.445, 0.089, 0.007,-0.754,0.000,0.000,0.000,-0.444,-0.359, 1.383;
6.255,-0.140,-0.567,-1.156,0.449, 0.089, 0.007,-0.754,0.000,0.000,0.000,-0.442,-0.361, 1.383;
6.267,-0.140,-0.563,-1.156,0.453, 0.089, 0.007,-0.754,0.000,0.000,0.000,-0.439,-0.364, 1.383;
6.278,-0.140,-0.559,-1.156,0.457, 0.089, 0.007,-0.754,0.000,0.000,0.000,-0.437,-0.366, 1.383;
6.289,-0.140,-0.555,-1.156,0.461, 0.089, 0.007,-0.754,0.000,0.000,0.000,-0.434,-0.369, 1.383;
6.300,-0.140,-0.551,-1.156,0.465, 0.089, 0.007,-0.754,0.000,0.000,0.000,-0.431,-0.371, 1.383;
6.313,-0.140,-0.547,-1.155,0.469, 0.089, 0.007,-0.754,0.000,0.000,0.000,-0.429,-0.374, 1.383;
6.334,-0.139,-0.539,-1.155,0.477, 0.089, 0.007,-0.754,0.000,0.000,0.000,-0.424,-0.378, 1.383;
6.345,-0.139,-0.535,-1.155,0.481, 0.089, 0.007,-0.754,0.000,0.000,0.000,-0.421,-0.381, 1.383;
6.357,-0.139,-0.531,-1.155,0.485, 0.089, 0.007,-0.754,0.000,0.000,0.000,-0.418,-0.383, 1.383;
6.368,-0.138,-0.527,-1.154,0.489, 0.089, 0.007,-0.754,0.000,0.000,0.000,-0.416,-0.386, 1.383;
6.380,-0.138,-0.523,-1.154,0.493, 0.089, 0.007,-0.754,0.000,0.000,0.000,-0.413,-0.388, 1.383;
6.391,-0.138,-0.519,-1.154,0.497, 0.089, 0.007,-0.754,0.000,0.000,0.000,-0.410,-0.390, 1.383;
6.403,-0.137,-0.515,-1.153,0.501, 0.089, 0.007,-0.754,0.000,0.000,0.000,-0.407,-0.393, 1.383;
6.415,-0.137,-0.510,-1.153,0.506, 0.089, 0.007,-0.754,0.000,0.000,0.000,-0.404,-0.395, 1.383;
6.426,-0.136,-0.506,-1.152,0.509, 0.089, 0.007,-0.754,0.000,0.000,0.000,-0.402,-0.397, 1.383;
6.437,-0.136,-0.502,-1.152,0.514, 0.089, 0.007,-0.754,0.000,0.000,0.000,-0.399,-0.399, 1.383;
6.449,-0.135,-0.498,-1.151,0.518, 0.089, 0.007,-0.754,0.000,0.000,0.000,-0.396,-0.402, 1.383;
6.460,-0.135,-0.494,-1.151,0.522, 0.089, 0.007,-0.754,0.000,0.000,0.000,-0.393,-0.404, 1.383;
6.471,-0.134,-0.490,-1.150,0.526, 0.089, 0.007,-0.754,0.000,0.000,0.000,-0.390,-0.406, 1.383;
6.493,-0.133,-0.483,-1.149,0.533, 0.089, 0.007,-0.754,0.000,0.000,0.000,-0.385,-0.410, 1.383;
6.497,-0.133,-0.481,-1.149,0.535, 0.089, 0.007,-0.754,0.000,0.000,0.000,-0.384,-0.411, 1.383;
6.518,-0.132,-0.474,-1.148,0.542, 0.089, 0.007,-0.754,0.000,0.000,0.000,-0.379,-0.414, 1.383;
6.529,-0.131,-0.470,-1.147,0.546, 0.089, 0.007,-0.754,0.000,0.000,0.000,-0.376,-0.416, 1.383;
6.541,-0.130,-0.466,-1.146,0.550, 0.089, 0.007,-0.754,0.000,0.000,0.000,-0.373,-0.419, 1.383;
6.554,-0.129,-0.461,-1.145,0.555, 0.089, 0.007,-0.754,0.000,0.000,0.000,-0.369,-0.421, 1.383;
6.566,-0.128,-0.457,-1.144,0.559, 0.089, 0.007,-0.754,0.000,0.000,0.000,-0.366,-0.423, 1.383;
6.578,-0.128,-0.453,-1.143,0.563, 0.089, 0.007,-0.754,0.000,0.000,0.000,-0.363,-0.425, 1.383;
6.590,-0.127,-0.448,-1.143,0.567, 0.089, 0.007,-0.754,0.000,0.000,0.000,-0.360,-0.427, 1.383;
6.602,-0.126,-0.444,-1.142,0.572, 0.089, 0.007,-0.754,0.000,0.000,0.000,-0.357,-0.429, 1.383;
6.614,-0.125,-0.440,-1.141,0.576, 0.089, 0.007,-0.754,0.000,0.000,0.000,-0.353,-0.431, 1.383;
6.626,-0.124,-0.436,-1.140,0.580, 0.089, 0.007,-0.754,0.000,0.000,0.000,-0.350,-0.433, 1.383;
6.632,-0.123,-0.434,-1.139,0.582, 0.089, 0.007,-0.754,0.000,0.000,0.000,-0.349,-0.434, 1.383;
6.643,-0.122,-0.430,-1.138,0.586, 0.089, 0.007,-0.754,0.000,0.000,0.000,-0.346,-0.436, 1.383;
6.665,-0.120,-0.422,-1.136,0.593, 0.089, 0.007,-0.754,0.000,0.000,0.000,-0.340,-0.439, 1.383;
6.677,-0.119,-0.418,-1.135,0.598, 0.089, 0.007,-0.754,0.000,0.000,0.000,-0.336,-0.441, 1.383;
6.689,-0.118,-0.414,-1.134,0.602, 0.089, 0.007,-0.754,0.000,0.000,0.000,-0.333,-0.443, 1.383;
6.701,-0.117,-0.410,-1.133,0.606, 0.089, 0.007,-0.754,0.000,0.000,0.000,-0.330,-0.445, 1.383;
6.713,-0.115,-0.406,-1.131,0.610, 0.089, 0.007,-0.754,0.000,0.000,0.000,-0.327,-0.447, 1.383;
6.725,-0.114,-0.402,-1.130,0.614, 0.089, 0.007,-0.754,0.000,0.000,0.000,-0.323,-0.449, 1.383;
6.737,-0.113,-0.398,-1.129,0.618, 0.089, 0.007,-0.754,0.000,0.000,0.000,-0.320,-0.450, 1.383;
6.749,-0.112,-0.394,-1.127,0.622, 0.089, 0.007,-0.754,0.000,0.000,0.000,-0.317,-0.452, 1.383;
6.761,-0.110,-0.390,-1.126,0.626, 0.089, 0.007,-0.754,0.000,0.000,0.000,-0.313,-0.454, 1.383;
6.772,-0.109,-0.386,-1.125,0.630, 0.089, 0.007,-0.754,0.000,0.000,0.000,-0.310,-0.455, 1.383;
6.784,-0.107,-0.382,-1.123,0.634, 0.089, 0.007,-0.754,0.000,0.000,0.000,-0.307,-0.457, 1.383;
6.796,-0.106,-0.378,-1.122,0.638, 0.089, 0.007,-0.754,0.000,0.000,0.000,-0.303,-0.459, 1.383;
6.808,-0.105,-0.374,-1.120,0.642, 0.089, 0.007,-0.754,0.000,0.000,0.000,-0.300,-0.460, 1.383;
6.820,-0.103,-0.370,-1.119,0.646, 0.089, 0.007,-0.754,0.000,0.000,0.000,-0.297,-0.462, 1.383;
6.832,-0.102,-0.366,-1.117,0.650, 0.089, 0.007,-0.754,0.000,0.000,0.000,-0.293,-0.463, 1.383;
6.844,-0.100,-0.362,-1.116,0.654, 0.089, 0.007,-0.754,0.000,0.000,0.000,-0.290,-0.465, 1.383;
6.856,-0.098,-0.358,-1.114,0.658, 0.089, 0.007,-0.754,0.000,0.000,0.000,-0.286,-0.466, 1.383;
6.868,-0.097,-0.354,-1.113,0.662, 0.089, 0.007,-0.754,0.000,0.000,0.000,-0.283,-0.468, 1.383;
6.879,-0.095,-0.350,-1.111,0.666, 0.089, 0.007,-0.754,0.000,0.000,0.000,-0.279,-0.469, 1.383;
6.890,-0.094,-0.346,-1.110,0.670, 0.089, 0.007,-0.754,0.000,0.000,0.000,-0.276,-0.470, 1.383;
6.902,-0.092,-0.342,-1.108,0.674, 0.089, 0.007,-0.754,0.000,0.000,0.000,-0.273,-0.472, 1.383;
6.914,-0.090,-0.338,-1.106,0.677, 0.089, 0.007,-0.754,0.000,0.000,0.000,-0.269,-0.473, 1.383;
6.925,-0.089,-0.335,-1.104,0.681, 0.089, 0.007,-0.754,0.000,0.000,0.000,-0.266,-0.474, 1.383;
6.937,-0.087,-0.331,-1.103,0.685, 0.089, 0.007,-0.754,0.000,0.000,0.000,-0.263,-0.476, 1.383;
6.949,-0.085,-0.327,-1.101,0.689, 0.089, 0.007,-0.754,0.000,0.000,0.000,-0.259,-0.477, 1.383;
6.970,-0.082,-0.320,-1.097,0.696, 0.089, 0.007,-0.754,0.000,0.000,0.000,-0.253,-0.479, 1.383;
6.983,-0.080,-0.316,-1.095,0.700, 0.089, 0.007,-0.754,0.000,0.000,0.000,-0.249,-0.481, 1.383;
6.987,-0.079,-0.315,-1.095,0.701, 0.089, 0.007,-0.754,0.000,0.000,0.000,-0.248,-0.481, 1.383;
6.997,-0.077,-0.311,-1.093,0.704, 0.089, 0.007,-0.754,0.000,0.000,0.000,-0.245,-0.482, 1.383;
7.019,-0.074,-0.305,-1.090,0.711, 0.089, 0.007,-0.754,0.000,0.000,0.000,-0.238,-0.484, 1.383;
7.031,-0.072,-0.301,-1.088,0.715, 0.089, 0.007,-0.754,0.000,0.000,0.000,-0.235,-0.485, 1.383;
7.043,-0.070,-0.297,-1.085,0.719, 0.089, 0.007,-0.754,0.000,0.000,0.000,-0.231,-0.486, 1.383;
7.055,-0.068,-0.293,-1.083,0.723, 0.089, 0.007,-0.754,0.000,0.000,0.000,-0.227,-0.487, 1.383;
7.068,-0.065,-0.289,-1.081,0.727, 0.089, 0.007,-0.754,0.000,0.000,0.000,-0.223,-0.488, 1.383;
7.080,-0.063,-0.286,-1.079,0.730, 0.089, 0.007,-0.754,0.000,0.000,0.000,-0.220,-0.489, 1.383;
7.094,-0.061,-0.281,-1.076,0.735, 0.089, 0.007,-0.754,0.000,0.000,0.000,-0.215,-0.491, 1.383;
7.104,-0.059,-0.278,-1.075,0.738, 0.089, 0.007,-0.754,0.000,0.000,0.000,-0.213,-0.491, 1.383;
7.116,-0.057,-0.274,-1.072,0.741, 0.089, 0.007,-0.754,0.000,0.000,0.000,-0.209,-0.492, 1.383;
7.129,-0.054,-0.270,-1.070,0.745, 0.089, 0.007,-0.754,0.000,0.000,0.000,-0.205,-0.493, 1.383;
7.132,-0.054,-0.269,-1.069,0.746, 0.089, 0.007,-0.754,0.000,0.000,0.000,-0.204,-0.493, 1.383;
7.153,-0.050,-0.263,-1.065,0.753, 0.089, 0.007,-0.754,0.000,0.000,0.000,-0.198,-0.495, 1.383;
7.165,-0.047,-0.260,-1.063,0.756, 0.089, 0.007,-0.754,0.000,0.000,0.000,-0.194,-0.496, 1.383;
7.177,-0.045,-0.256,-1.061,0.760, 0.089, 0.007,-0.754,0.000,0.000,0.000,-0.190,-0.496, 1.383;
7.188,-0.043,-0.253,-1.058,0.763, 0.089, 0.007,-0.754,0.000,0.000,0.000,-0.187,-0.497, 1.383;
7.200,-0.040,-0.249,-1.056,0.767, 0.089, 0.007,-0.754,0.000,0.000,0.000,-0.183,-0.498, 1.383;
7.213,-0.038,-0.245,-1.053,0.770, 0.089, 0.007,-0.754,0.000,0.000,0.000,-0.179,-0.499, 1.383;
7.225,-0.035,-0.242,-1.051,0.774, 0.089, 0.007,-0.754,0.000,0.000,0.000,-0.175,-0.499, 1.383;
7.238,-0.032,-0.238,-1.048,0.778, 0.089, 0.007,-0.754,0.000,0.000,0.000,-0.171,-0.500, 1.383;
7.249,-0.030,-0.235,-1.046,0.781, 0.089, 0.007,-0.754,0.000,0.000,0.000,-0.168,-0.501, 1.383;
7.262,-0.027,-0.231,-1.043,0.785, 0.089, 0.007,-0.754,0.000,0.000,0.000,-0.164,-0.501, 1.383;
7.266,-0.026,-0.230,-1.042,0.786, 0.089, 0.007,-0.754,0.000,0.000,0.000,-0.162,-0.501, 1.383;
7.288,-0.022,-0.223,-1.037,0.792, 0.089, 0.007,-0.754,0.000,0.000,0.000,-0.156,-0.502, 1.383;
7.301,-0.019,-0.220,-1.035,0.796, 0.089, 0.007,-0.754,0.000,0.000,0.000,-0.152,-0.503, 1.383;
7.313,-0.016,-0.217,-1.032,0.799, 0.089, 0.007,-0.754,0.000,0.000,0.000,-0.148,-0.503, 1.383;
7.325,-0.013,-0.213,-1.029,0.803, 0.089, 0.007,-0.754,0.000,0.000,0.000,-0.144,-0.504, 1.383;
7.328,-0.013,-0.212,-1.029,0.804, 0.089, 0.007,-0.754,0.000,0.000,0.000,-0.143,-0.504, 1.383;
7.349,-0.008,-0.206,-1.024,0.809, 0.089, 0.007,-0.754,0.000,0.000,0.000,-0.137,-0.504, 1.383;
7.361,-0.005,-0.203,-1.021,0.813, 0.089, 0.007,-0.754,0.000,0.000,0.000,-0.133,-0.505, 1.383;
7.373,-0.002,-0.200,-1.018,0.816, 0.089, 0.007,-0.754,0.000,0.000,0.000,-0.129,-0.505, 1.383;
7.385,0.000,-0.197,-1.015,0.819, 0.089, 0.007,-0.754,0.000,0.000,0.000,-0.125,-0.505, 1.383;
7.397,0.003,-0.193,-1.013,0.822, 0.089, 0.007,-0.754,0.000,0.000,0.000,-0.122,-0.506, 1.383;
7.409,0.006,-0.190,-1.010,0.826, 0.089, 0.007,-0.754,0.000,0.000,0.000,-0.118,-0.506, 1.383;
7.421,0.009,-0.187,-1.007,0.829, 0.089, 0.007,-0.754,0.000,0.000,0.000,-0.114,-0.506, 1.383;
7.432,0.012,-0.184,-1.004,0.832, 0.089, 0.007,-0.754,0.000,0.000,0.000,-0.111,-0.506, 1.383;
7.443,0.014,-0.181,-1.001,0.835, 0.089, 0.007,-0.754,0.000,0.000,0.000,-0.107,-0.506, 1.383;
7.454,0.017,-0.178,-0.999,0.838, 0.089, 0.007,-0.754,0.000,0.000,0.000,-0.104,-0.506, 1.383;
7.466,0.020,-0.175,-0.996,0.841, 0.089, 0.007,-0.754,0.000,0.000,0.000,-0.100,-0.507, 1.383;
7.477,0.023,-0.172,-0.993,0.843, 0.089, 0.007,-0.754,0.000,0.000,0.000,-0.096,-0.507, 1.383;
7.488,0.026,-0.170,-0.990,0.846, 0.089, 0.007,-0.754,0.000,0.000,0.000,-0.093,-0.507, 1.383;
7.499,0.028,-0.167,-0.987,0.849, 0.089, 0.007,-0.754,0.000,0.000,0.000,-0.090,-0.507, 1.383;
7.510,0.031,-0.164,-0.985,0.852, 0.089, 0.007,-0.754,0.000,0.000,0.000,-0.086,-0.507, 1.383;
7.532,0.037,-0.159,-0.979,0.857, 0.089, 0.007,-0.754,0.000,0.000,0.000,-0.079,-0.507, 1.383;
7.544,0.040,-0.156,-0.976,0.860, 0.089, 0.007,-0.754,0.000,0.000,0.000,-0.075,-0.507, 1.383;
7.557,0.043,-0.153,-0.973,0.863, 0.089, 0.007,-0.754,0.000,0.000,0.000,-0.072,-0.506, 1.383;
7.568,0.046,-0.150,-0.970,0.866, 0.089, 0.007,-0.754,0.000,0.000,0.000,-0.068,-0.506, 1.383;
7.579,0.049,-0.147,-0.967,0.869, 0.089, 0.007,-0.754,0.000,0.000,0.000,-0.064,-0.506, 1.383;
7.590,0.052,-0.144,-0.964,0.871, 0.089, 0.007,-0.754,0.000,0.000,0.000,-0.061,-0.506, 1.383;
7.602,0.055,-0.142,-0.961,0.874, 0.089, 0.007,-0.754,0.000,0.000,0.000,-0.057,-0.506, 1.383;
7.614,0.058,-0.139,-0.957,0.877, 0.089, 0.007,-0.754,0.000,0.000,0.000,-0.054,-0.505, 1.383;
7.625,0.062,-0.136,-0.954,0.880, 0.089, 0.007,-0.754,0.000,0.000,0.000,-0.050,-0.505, 1.383;
7.636,0.065,-0.134,-0.951,0.882, 0.089, 0.007,-0.754,0.000,0.000,0.000,-0.046,-0.505, 1.383;
7.648,0.068,-0.131,-0.948,0.885, 0.089, 0.007,-0.754,0.000,0.000,0.000,-0.043,-0.505, 1.383;
7.659,0.071,-0.128,-0.945,0.887, 0.089, 0.007,-0.754,0.000,0.000,0.000,-0.039,-0.504, 1.383;
7.670,0.074,-0.126,-0.942,0.890, 0.089, 0.007,-0.754,0.000,0.000,0.000,-0.036,-0.504, 1.383;
7.682,0.078,-0.123,-0.938,0.893, 0.089, 0.007,-0.754,0.000,0.000,0.000,-0.032,-0.503, 1.383;
7.704,0.084,-0.119,-0.932,0.897, 0.089, 0.007,-0.754,0.000,0.000,0.000,-0.025,-0.503, 1.383;
7.716,0.087,-0.116,-0.929,0.900, 0.089, 0.007,-0.754,0.000,0.000,0.000,-0.022,-0.502, 1.383;
7.728,0.090,-0.113,-0.925,0.903, 0.089, 0.007,-0.754,0.000,0.000,0.000,-0.018,-0.502, 1.383;
7.740,0.094,-0.111,-0.922,0.905, 0.089, 0.007,-0.754,0.000,0.000,0.000,-0.014,-0.501, 1.383;
7.752,0.097,-0.108,-0.918,0.908, 0.089, 0.007,-0.754,0.000,0.000,0.000,-0.011,-0.500, 1.383;
7.764,0.101,-0.106,-0.915,0.910, 0.089, 0.007,-0.754,0.000,0.000,0.000,-0.007,-0.500, 1.383;
7.776,0.104,-0.103,-0.911,0.913, 0.089, 0.007,-0.754,0.000,0.000,0.000,-0.003,-0.499, 1.383;
7.788,0.108,-0.101,-0.908,0.915, 0.089, 0.007,-0.754,0.000,0.000,0.000, 0.001,-0.499, 1.383;
7.800,0.112,-0.098,-0.904,0.918, 0.089, 0.007,-0.754,0.000,0.000,0.000, 0.004,-0.498, 1.383;
7.812,0.115,-0.096,-0.901,0.920, 0.089, 0.007,-0.754,0.000,0.000,0.000, 0.008,-0.497, 1.383;
7.823,0.119,-0.094,-0.897,0.922, 0.089, 0.007,-0.754,0.000,0.000,0.000, 0.012,-0.496, 1.383;
7.836,0.122,-0.091,-0.893,0.925, 0.089, 0.007,-0.754,0.000,0.000,0.000, 0.015,-0.496, 1.383;
7.849,0.126,-0.089,-0.890,0.927, 0.089, 0.007,-0.754,0.000,0.000,0.000, 0.019,-0.495, 1.383;
7.861,0.130,-0.087,-0.886,0.929, 0.089, 0.007,-0.754,0.000,0.000,0.000, 0.023,-0.494, 1.383;
7.873,0.134,-0.084,-0.882,0.932, 0.089, 0.007,-0.754,0.000,0.000,0.000, 0.027,-0.493, 1.383;
7.885,0.137,-0.082,-0.878,0.934, 0.089, 0.007,-0.754,0.000,0.000,0.000, 0.031,-0.492, 1.383;
7.898,0.141,-0.080,-0.875,0.936, 0.089, 0.007,-0.754,0.000,0.000,0.000, 0.034,-0.491, 1.383;
7.903,0.143,-0.079,-0.873,0.937, 0.089, 0.007,-0.754,0.000,0.000,0.000, 0.036,-0.491, 1.383;
7.914,0.146,-0.077,-0.870,0.939, 0.089, 0.007,-0.754,0.000,0.000,0.000, 0.039,-0.490, 1.383;
7.937,0.153,-0.073,-0.862,0.943, 0.089, 0.007,-0.754,0.000,0.000,0.000, 0.046,-0.488, 1.383;
7.940,0.154,-0.072,-0.861,0.944, 0.089, 0.007,-0.754,0.000,0.000,0.000, 0.047,-0.488, 1.383;
7.952,0.158,-0.070,-0.858,0.946, 0.089, 0.007,-0.754,0.000,0.000,0.000, 0.051,-0.487, 1.383;
7.964,0.162,-0.068,-0.854,0.948, 0.089, 0.007,-0.754,0.000,0.000,0.000, 0.054,-0.486, 1.383;
7.976,0.166,-0.066,-0.850,0.950, 0.089, 0.007,-0.754,0.000,0.000,0.000, 0.058,-0.485, 1.383;
7.999,0.173,-0.062,-0.843,0.954, 0.089, 0.007,-0.754,0.000,0.000,0.000, 0.065,-0.482, 1.383;
8.004,0.175,-0.061,-0.841,0.954, 0.089, 0.007,-0.754,0.000,0.000,0.000, 0.066,-0.482, 1.383;
8.015,0.178,-0.060,-0.838,0.956, 0.089, 0.007,-0.754,0.000,0.000,0.000, 0.070,-0.481, 1.383;
8.027,0.182,-0.058,-0.834,0.958, 0.089, 0.007,-0.754,0.000,0.000,0.000, 0.073,-0.480, 1.383;
8.039,0.186,-0.056,-0.830,0.960, 0.089, 0.007,-0.754,0.000,0.000,0.000, 0.077,-0.478, 1.383;
8.050,0.190,-0.054,-0.826,0.962, 0.089, 0.007,-0.754,0.000,0.000,0.000, 0.080,-0.477, 1.383;
8.063,0.194,-0.052,-0.822,0.964, 0.089, 0.007,-0.754,0.000,0.000,0.000, 0.084,-0.476, 1.383;
8.074,0.197,-0.051,-0.818,0.965, 0.089, 0.007,-0.754,0.000,0.000,0.000, 0.087,-0.475, 1.383;
8.086,0.201,-0.049,-0.815,0.967, 0.089, 0.007,-0.754,0.000,0.000,0.000, 0.091,-0.473, 1.383;
8.107,0.208,-0.046,-0.808,0.970, 0.089, 0.007,-0.754,0.000,0.000,0.000, 0.097,-0.471, 1.383;
8.118,0.212,-0.044,-0.804,0.972, 0.089, 0.007,-0.754,0.000,0.000,0.000, 0.100,-0.469, 1.383;
8.130,0.216,-0.043,-0.800,0.973, 0.089, 0.007,-0.754,0.000,0.000,0.000, 0.104,-0.468, 1.383;
8.142,0.220,-0.041,-0.796,0.975, 0.089, 0.007,-0.754,0.000,0.000,0.000, 0.107,-0.467, 1.383;
8.154,0.224,-0.040,-0.792,0.976, 0.089, 0.007,-0.754,0.000,0.000,0.000, 0.110,-0.465, 1.383;
8.165,0.228,-0.038,-0.788,0.978, 0.089, 0.007,-0.754,0.000,0.000,0.000, 0.114,-0.464, 1.383;
8.176,0.231,-0.037,-0.785,0.979, 0.089, 0.007,-0.754,0.000,0.000,0.000, 0.117,-0.462, 1.383;
8.188,0.235,-0.035,-0.781,0.981, 0.089, 0.007,-0.754,0.000,0.000,0.000, 0.120,-0.461, 1.383;
8.199,0.239,-0.034,-0.777,0.982, 0.089, 0.007,-0.754,0.000,0.000,0.000, 0.123,-0.459, 1.383;
8.210,0.243,-0.033,-0.773,0.983, 0.089, 0.007,-0.754,0.000,0.000,0.000, 0.126,-0.458, 1.383;
8.221,0.246,-0.031,-0.770,0.985, 0.089, 0.007,-0.754,0.000,0.000,0.000, 0.129,-0.456, 1.383;
8.232,0.250,-0.030,-0.766,0.986, 0.089, 0.007,-0.754,0.000,0.000,0.000, 0.133,-0.455, 1.383;
8.253,0.257,-0.028,-0.758,0.988, 0.089, 0.007,-0.754,0.000,0.000,0.000, 0.139,-0.452, 1.383;
8.264,0.261,-0.026,-0.755,0.989, 0.089, 0.007,-0.754,0.000,0.000,0.000, 0.142,-0.450, 1.383;
8.276,0.265,-0.025,-0.751,0.991, 0.089, 0.007,-0.754,0.000,0.000,0.000, 0.145,-0.448, 1.383;
8.287,0.269,-0.024,-0.747,0.992, 0.089, 0.007,-0.754,0.000,0.000,0.000, 0.148,-0.447, 1.383;
8.298,0.273,-0.023,-0.743,0.993, 0.089, 0.007,-0.754,0.000,0.000,0.000, 0.151,-0.445, 1.383;
8.309,0.277,-0.022,-0.739,0.994, 0.089, 0.007,-0.754,0.000,0.000,0.000, 0.154,-0.443, 1.383;
8.320,0.280,-0.021,-0.735,0.995, 0.089, 0.007,-0.754,0.000,0.000,0.000, 0.157,-0.442, 1.383;
8.333,0.285,-0.020,-0.731,0.996, 0.089, 0.007,-0.754,0.000,0.000,0.000, 0.161,-0.440, 1.383;
8.344,0.289,-0.019,-0.727,0.997, 0.089, 0.007,-0.754,0.000,0.000,0.000, 0.164,-0.438, 1.383;
8.355,0.293,-0.018,-0.723,0.998, 0.089, 0.007,-0.754,0.000,0.000,0.000, 0.167,-0.436, 1.383;
8.366,0.297,-0.017,-0.719,0.999, 0.089, 0.007,-0.754,0.000,0.000,0.000, 0.170,-0.434, 1.383;
8.388,0.304,-0.015,-0.712,1.001, 0.089, 0.007,-0.754,0.000,0.000,0.000, 0.176,-0.431, 1.383;
8.400,0.308,-0.014,-0.708,1.002, 0.089, 0.007,-0.754,0.000,0.000,0.000, 0.179,-0.429, 1.383;
8.412,0.312,-0.013,-0.703,1.003, 0.089, 0.007,-0.754,0.000,0.000,0.000, 0.182,-0.427, 1.383;
8.424,0.317,-0.012,-0.699,1.004, 0.089, 0.007,-0.754,0.000,0.000,0.000, 0.185,-0.425, 1.383;
8.435,0.321,-0.011,-0.695,1.005, 0.089, 0.007,-0.754,0.000,0.000,0.000, 0.188,-0.423, 1.383;
8.447,0.325,-0.011,-0.691,1.005, 0.089, 0.007,-0.754,0.000,0.000,0.000, 0.191,-0.421, 1.383;
8.460,0.330,-0.010,-0.686,1.006, 0.089, 0.007,-0.754,0.000,0.000,0.000, 0.194,-0.418, 1.383;
8.473,0.334,-0.009,-0.682,1.007, 0.089, 0.007,-0.754,0.000,0.000,0.000, 0.198,-0.416, 1.383;
8.484,0.338,-0.008,-0.678,1.008, 0.089, 0.007,-0.754,0.000,0.000,0.000, 0.201,-0.414, 1.383;
8.496,0.342,-0.008,-0.674,1.008, 0.089, 0.007,-0.754,0.000,0.000,0.000, 0.203,-0.412, 1.383;
8.508,0.346,-0.007,-0.670,1.009, 0.089, 0.007,-0.754,0.000,0.000,0.000, 0.207,-0.410, 1.383;
8.522,0.351,-0.006,-0.665,1.010, 0.089, 0.007,-0.754,0.000,0.000,0.000, 0.210,-0.407, 1.383;
8.533,0.355,-0.006,-0.661,1.010, 0.089, 0.007,-0.754,0.000,0.000,0.000, 0.213,-0.405, 1.383;
8.546,0.360,-0.005,-0.656,1.011, 0.089, 0.007,-0.754,0.000,0.000,0.000, 0.216,-0.403, 1.383;
8.558,0.364,-0.004,-0.652,1.011, 0.089, 0.007,-0.754,0.000,0.000,0.000, 0.219,-0.400, 1.383;
8.570,0.368,-0.004,-0.648,1.012, 0.089, 0.007,-0.754,0.000,0.000,0.000, 0.222,-0.398, 1.383;
8.582,0.373,-0.004,-0.643,1.012, 0.089, 0.007,-0.754,0.000,0.000,0.000, 0.225,-0.396, 1.383;
8.594,0.377,-0.003,-0.639,1.013, 0.089, 0.007,-0.754,0.000,0.000,0.000, 0.228,-0.393, 1.383;
8.606,0.381,-0.003,-0.635,1.013, 0.089, 0.007,-0.754,0.000,0.000,0.000, 0.231,-0.391, 1.383;
8.618,0.385,-0.002,-0.630,1.014, 0.089, 0.007,-0.754,0.000,0.000,0.000, 0.234,-0.388, 1.383;
8.630,0.390,-0.002,-0.626,1.014, 0.089, 0.007,-0.754,0.000,0.000,0.000, 0.237,-0.386, 1.383;
8.643,0.395,-0.002,-0.621,1.014, 0.089, 0.007,-0.754,0.000,0.000,0.000, 0.240,-0.383, 1.383;
8.655,0.399,-0.001,-0.617,1.014, 0.089, 0.007,-0.754,0.000,0.000,0.000, 0.243,-0.381, 1.383;
8.667,0.403,-0.001,-0.613,1.015, 0.089, 0.007,-0.754,0.000,0.000,0.000, 0.245,-0.378, 1.383;
8.679,0.408,-0.001,-0.608,1.015, 0.089, 0.007,-0.754,0.000,0.000,0.000, 0.248,-0.376, 1.383;
8.691,0.412,-0.001,-0.604,1.015, 0.089, 0.007,-0.754,0.000,0.000,0.000, 0.251,-0.373, 1.383;
8.704,0.416,-0.001,-0.600,1.015, 0.089, 0.007,-0.754,0.000,0.000,0.000, 0.254,-0.370, 1.383;
8.716,0.421,-0.001,-0.595,1.015, 0.089, 0.007,-0.754,0.000,0.000,0.000, 0.257,-0.368, 1.383;
8.728,0.425,-0.000,-0.591,1.015, 0.089, 0.007,-0.754,0.000,0.000,0.000, 0.259,-0.365, 1.383;
8.740,0.429,-0.000,-0.587,1.015, 0.089, 0.007,-0.754,0.000,0.000,0.000, 0.262,-0.362, 1.383;
8.752,0.433,-0.000,-0.582,1.015, 0.089, 0.007,-0.754,0.000,0.000,0.000, 0.265,-0.360, 1.383;
8.763,0.438,-0.000,-0.578,1.015, 0.089, 0.007,-0.754,0.000,0.000,0.000, 0.267,-0.357, 1.383;
8.776,0.442,-0.001,-0.574,1.015, 0.089, 0.007,-0.754,0.000,0.000,0.000, 0.270,-0.355, 1.383;
8.788,0.446,-0.001,-0.569,1.015, 0.089, 0.007,-0.754,0.000,0.000,0.000, 0.273,-0.352, 1.383;
8.800,0.451,-0.001,-0.565,1.015, 0.089, 0.007,-0.754,0.000,0.000,0.000, 0.275,-0.349, 1.383;
8.812,0.455,-0.001,-0.561,1.015, 0.089, 0.007,-0.754,0.000,0.000,0.000, 0.278,-0.346, 1.383;
8.823,0.459,-0.001,-0.557,1.015, 0.089, 0.007,-0.754,0.000,0.000,0.000, 0.280,-0.344, 1.383;
8.834,0.463,-0.001,-0.553,1.015, 0.089, 0.007,-0.754,0.000,0.000,0.000, 0.283,-0.341, 1.383;
8.846,0.467,-0.002,-0.549,1.014, 0.089, 0.007,-0.754,0.000,0.000,0.000, 0.285,-0.338, 1.383;
8.857,0.471,-0.002,-0.545,1.014, 0.089, 0.007,-0.754,0.000,0.000,0.000, 0.287,-0.336, 1.383;
8.870,0.476,-0.002,-0.540,1.014, 0.089, 0.007,-0.754,0.000,0.000,0.000, 0.290,-0.333, 1.383;
8.882,0.480,-0.002,-0.536,1.013, 0.089, 0.007,-0.754,0.000,0.000,0.000, 0.292,-0.330, 1.383;
8.893,0.484,-0.003,-0.532,1.013, 0.089, 0.007,-0.754,0.000,0.000,0.000, 0.295,-0.327, 1.383;
8.905,0.489,-0.003,-0.527,1.013, 0.089, 0.007,-0.754,0.000,0.000,0.000, 0.297,-0.324, 1.383;
8.917,0.493,-0.004,-0.523,1.012, 0.089, 0.007,-0.754,0.000,0.000,0.000, 0.299,-0.321, 1.383;
8.939,0.501,-0.005,-0.515,1.011, 0.089, 0.007,-0.754,0.000,0.000,0.000, 0.304,-0.316, 1.383;
8.943,0.502,-0.005,-0.514,1.011, 0.089, 0.007,-0.754,0.000,0.000,0.000, 0.304,-0.315, 1.383;
8.954,0.506,-0.005,-0.510,1.011, 0.089, 0.007,-0.754,0.000,0.000,0.000, 0.307,-0.312, 1.383;
8.966,0.510,-0.006,-0.506,1.010, 0.089, 0.007,-0.754,0.000,0.000,0.000, 0.309,-0.309, 1.383;
8.988,0.518,-0.007,-0.498,1.009, 0.089, 0.007,-0.754,0.000,0.000,0.000, 0.313,-0.304, 1.383;
8.992,0.519,-0.007,-0.496,1.009, 0.089, 0.007,-0.754,0.000,0.000,0.000, 0.314,-0.303, 1.383;
9.003,0.523,-0.008,-0.493,1.008, 0.089, 0.007,-0.754,0.000,0.000,0.000, 0.316,-0.300, 1.383;
9.025,0.531,-0.009,-0.485,1.007, 0.089, 0.007,-0.754,0.000,0.000,0.000, 0.320,-0.294, 1.383;
9.028,0.532,-0.009,-0.484,1.007, 0.089, 0.007,-0.754,0.000,0.000,0.000, 0.320,-0.293, 1.383;
9.049,0.540,-0.011,-0.476,1.005, 0.089, 0.007,-0.754,0.000,0.000,0.000, 0.324,-0.288, 1.383;
9.061,0.544,-0.011,-0.472,1.004, 0.089, 0.007,-0.754,0.000,0.000,0.000, 0.326,-0.285, 1.383;
9.073,0.548,-0.012,-0.468,1.004, 0.089, 0.007,-0.754,0.000,0.000,0.000, 0.328,-0.282, 1.383;
9.085,0.552,-0.013,-0.464,1.003, 0.089, 0.007,-0.754,0.000,0.000,0.000, 0.330,-0.279, 1.383;
9.098,0.557,-0.014,-0.459,1.002, 0.089, 0.007,-0.754,0.000,0.000,0.000, 0.333,-0.275, 1.383;
9.102,0.558,-0.015,-0.458,1.001, 0.089, 0.007,-0.754,0.000,0.000,0.000, 0.333,-0.274, 1.383;
9.113,0.562,-0.015,-0.454,1.000, 0.089, 0.007,-0.754,0.000,0.000,0.000, 0.335,-0.271, 1.383;
9.135,0.570,-0.017,-0.446,0.999, 0.089, 0.007,-0.754,0.000,0.000,0.000, 0.339,-0.265, 1.383;
9.147,0.574,-0.018,-0.442,0.998, 0.089, 0.007,-0.754,0.000,0.000,0.000, 0.341,-0.262, 1.383;
9.159,0.578,-0.019,-0.438,0.996, 0.089, 0.007,-0.754,0.000,0.000,0.000, 0.343,-0.259, 1.383;
9.170,0.582,-0.020,-0.434,0.995, 0.089, 0.007,-0.754,0.000,0.000,0.000, 0.344,-0.256, 1.383;
9.182,0.586,-0.022,-0.430,0.994, 0.089, 0.007,-0.754,0.000,0.000,0.000, 0.346,-0.252, 1.383;
9.194,0.590,-0.023,-0.426,0.993, 0.089, 0.007,-0.754,0.000,0.000,0.000, 0.348,-0.249, 1.383;
9.207,0.595,-0.024,-0.421,0.992, 0.089, 0.007,-0.754,0.000,0.000,0.000, 0.350,-0.246, 1.383;
9.220,0.599,-0.025,-0.417,0.990, 0.089, 0.007,-0.754,0.000,0.000,0.000, 0.352,-0.242, 1.383;
9.232,0.603,-0.027,-0.413,0.989, 0.089, 0.007,-0.754,0.000,0.000,0.000, 0.354,-0.239, 1.383;
9.244,0.607,-0.028,-0.408,0.988, 0.089, 0.007,-0.754,0.000,0.000,0.000, 0.355,-0.235, 1.383;
9.257,0.612,-0.029,-0.404,0.986, 0.089, 0.007,-0.754,0.000,0.000,0.000, 0.357,-0.232, 1.383;
9.260,0.613,-0.030,-0.403,0.986, 0.089, 0.007,-0.754,0.000,0.000,0.000, 0.358,-0.231, 1.383;
9.282,0.620,-0.032,-0.396,0.984, 0.089, 0.007,-0.754,0.000,0.000,0.000, 0.361,-0.225, 1.383;
9.285,0.621,-0.033,-0.395,0.983, 0.089, 0.007,-0.754,0.000,0.000,0.000, 0.361,-0.224, 1.383;
9.296,0.625,-0.034,-0.391,0.982, 0.089, 0.007,-0.754,0.000,0.000,0.000, 0.363,-0.221, 1.383;
9.317,0.632,-0.037,-0.384,0.979, 0.089, 0.007,-0.754,0.000,0.000,0.000, 0.365,-0.215, 1.383;
9.329,0.636,-0.038,-0.380,0.978, 0.089, 0.007,-0.754,0.000,0.000,0.000, 0.367,-0.211, 1.383;
9.341,0.640,-0.040,-0.376,0.976, 0.089, 0.007,-0.754,0.000,0.000,0.000, 0.369,-0.208, 1.383;
9.353,0.644,-0.041,-0.372,0.975, 0.089, 0.007,-0.754,0.000,0.000,0.000, 0.370,-0.204, 1.383;
9.365,0.648,-0.043,-0.368,0.973, 0.089, 0.007,-0.754,0.000,0.000,0.000, 0.371,-0.201, 1.383;
9.376,0.652,-0.044,-0.364,0.971, 0.089, 0.007,-0.754,0.000,0.000,0.000, 0.373,-0.198, 1.383;
9.389,0.656,-0.046,-0.360,0.970, 0.089, 0.007,-0.754,0.000,0.000,0.000, 0.374,-0.194, 1.383;
9.400,0.660,-0.048,-0.356,0.968, 0.089, 0.007,-0.754,0.000,0.000,0.000, 0.376,-0.191, 1.383;
9.411,0.664,-0.049,-0.352,0.966, 0.089, 0.007,-0.754,0.000,0.000,0.000, 0.377,-0.187, 1.383;
9.423,0.667,-0.051,-0.348,0.965, 0.089, 0.007,-0.754,0.000,0.000,0.000, 0.378,-0.184, 1.383;
9.434,0.671,-0.053,-0.345,0.963, 0.089, 0.007,-0.754,0.000,0.000,0.000, 0.379,-0.181, 1.383;
9.446,0.675,-0.055,-0.341,0.961, 0.089, 0.007,-0.754,0.000,0.000,0.000, 0.381,-0.177, 1.383;
9.457,0.678,-0.056,-0.338,0.960, 0.089, 0.007,-0.754,0.000,0.000,0.000, 0.382,-0.174, 1.383;
9.468,0.682,-0.058,-0.334,0.958, 0.089, 0.007,-0.754,0.000,0.000,0.000, 0.383,-0.171, 1.383;
9.479,0.686,-0.060,-0.330,0.956, 0.089, 0.007,-0.754,0.000,0.000,0.000, 0.384,-0.167, 1.383;
9.501,0.693,-0.063,-0.323,0.953, 0.089, 0.007,-0.754,0.000,0.000,0.000, 0.386,-0.161, 1.383;
9.514,0.697,-0.065,-0.319,0.951, 0.089, 0.007,-0.754,0.000,0.000,0.000, 0.388,-0.157, 1.383;
9.525,0.700,-0.067,-0.316,0.949, 0.089, 0.007,-0.754,0.000,0.000,0.000, 0.389,-0.154, 1.383;
9.537,0.704,-0.069,-0.312,0.947, 0.089, 0.007,-0.754,0.000,0.000,0.000, 0.390,-0.150, 1.383;
9.549,0.708,-0.071,-0.308,0.945, 0.089, 0.007,-0.754,0.000,0.000,0.000, 0.391,-0.147, 1.383;
9.561,0.712,-0.073,-0.304,0.942, 0.089, 0.007,-0.754,0.000,0.000,0.000, 0.392,-0.143, 1.383;
9.573,0.715,-0.075,-0.301,0.940, 0.089, 0.007,-0.754,0.000,0.000,0.000, 0.393,-0.139, 1.383;
9.584,0.719,-0.078,-0.297,0.938, 0.089, 0.007,-0.754,0.000,0.000,0.000, 0.394,-0.136, 1.383;
9.596,0.722,-0.080,-0.293,0.936, 0.089, 0.007,-0.754,0.000,0.000,0.000, 0.395,-0.132, 1.383;
9.608,0.726,-0.082,-0.290,0.934, 0.089, 0.007,-0.754,0.000,0.000,0.000, 0.396,-0.129, 1.383;
9.619,0.729,-0.084,-0.286,0.932, 0.089, 0.007,-0.754,0.000,0.000,0.000, 0.396,-0.125, 1.383;
9.630,0.733,-0.086,-0.283,0.930, 0.089, 0.007,-0.754,0.000,0.000,0.000, 0.397,-0.122, 1.383;
9.641,0.736,-0.088,-0.280,0.928, 0.089, 0.007,-0.754,0.000,0.000,0.000, 0.398,-0.119, 1.383;
9.651,0.739,-0.090,-0.276,0.926, 0.089, 0.007,-0.754,0.000,0.000,0.000, 0.399,-0.115, 1.383;
9.662,0.743,-0.092,-0.273,0.924, 0.089, 0.007,-0.754,0.000,0.000,0.000, 0.400,-0.112, 1.383;
9.684,0.749,-0.096,-0.267,0.919, 0.089, 0.007,-0.754,0.000,0.000,0.000, 0.401,-0.105, 1.383;
9.695,0.753,-0.099,-0.263,0.917, 0.089, 0.007,-0.754,0.000,0.000,0.000, 0.402,-0.102, 1.383;
9.706,0.756,-0.101,-0.260,0.915, 0.089, 0.007,-0.754,0.000,0.000,0.000, 0.402,-0.098, 1.383;
9.718,0.759,-0.103,-0.257,0.913, 0.089, 0.007,-0.754,0.000,0.000,0.000, 0.403,-0.095, 1.383;
9.729,0.762,-0.106,-0.253,0.910, 0.089, 0.007,-0.754,0.000,0.000,0.000, 0.403,-0.092, 1.383;
9.740,0.766,-0.108,-0.250,0.908, 0.089, 0.007,-0.754,0.000,0.000,0.000, 0.404,-0.088, 1.383;
9.751,0.769,-0.110,-0.247,0.906, 0.089, 0.007,-0.754,0.000,0.000,0.000, 0.405,-0.085, 1.383;
9.762,0.772,-0.112,-0.244,0.903, 0.089, 0.007,-0.754,0.000,0.000,0.000, 0.405,-0.081, 1.383;
9.773,0.775,-0.115,-0.241,0.901, 0.089, 0.007,-0.754,0.000,0.000,0.000, 0.406,-0.078, 1.383;
9.794,0.781,-0.119,-0.235,0.896, 0.089, 0.007,-0.754,0.000,0.000,0.000, 0.407,-0.071, 1.383;
9.805,0.784,-0.122,-0.231,0.894, 0.089, 0.007,-0.754,0.000,0.000,0.000, 0.407,-0.068, 1.383;
9.817,0.788,-0.124,-0.228,0.891, 0.089, 0.007,-0.754,0.000,0.000,0.000, 0.407,-0.064, 1.383;
9.829,0.791,-0.127,-0.225,0.889, 0.089, 0.007,-0.754,0.000,0.000,0.000, 0.408,-0.060, 1.383;
9.840,0.794,-0.130,-0.221,0.886, 0.089, 0.007,-0.754,0.000,0.000,0.000, 0.408,-0.057, 1.383;
9.852,0.798,-0.132,-0.218,0.883, 0.089, 0.007,-0.754,0.000,0.000,0.000, 0.409,-0.053, 1.383;
9.864,0.801,-0.135,-0.215,0.881, 0.089, 0.007,-0.754,0.000,0.000,0.000, 0.409,-0.049, 1.383;
9.876,0.804,-0.138,-0.212,0.878, 0.089, 0.007,-0.754,0.000,0.000,0.000, 0.409,-0.046, 1.383;
9.887,0.807,-0.141,-0.209,0.875, 0.089, 0.007,-0.754,0.000,0.000,0.000, 0.409,-0.042, 1.383;
9.898,0.810,-0.143,-0.206,0.873, 0.089, 0.007,-0.754,0.000,0.000,0.000, 0.410,-0.039, 1.383;
9.909,0.813,-0.146,-0.203,0.870, 0.089, 0.007,-0.754,0.000,0.000,0.000, 0.410,-0.035, 1.383;
9.921,0.816,-0.149,-0.200,0.867, 0.089, 0.007,-0.754,0.000,0.000,0.000, 0.410,-0.032, 1.383;
9.933,0.820,-0.152,-0.196,0.864, 0.089, 0.007,-0.754,0.000,0.000,0.000, 0.410,-0.028, 1.383;
9.944,0.822,-0.154,-0.193,0.861, 0.089, 0.007,-0.754,0.000,0.000,0.000, 0.410,-0.024, 1.383;
9.967,0.828,-0.160,-0.187,0.856, 0.089, 0.007,-0.754,0.000,0.000,0.000, 0.411,-0.017, 1.383;
9.971,0.829,-0.161,-0.186,0.855, 0.089, 0.007,-0.754,0.000,0.000,0.000, 0.411,-0.016, 1.383;
9.981,0.832,-0.164,-0.184,0.852, 0.089, 0.007,-0.754,0.000,0.000,0.000, 0.411,-0.013, 1.383;
9.993,0.835,-0.166,-0.181,0.849, 0.089, 0.007,-0.754,0.000,0.000,0.000, 0.411,-0.009, 1.383;
10.015,0.841,-0.172,-0.175,0.844, 0.089, 0.007,-0.754,0.000,0.000,0.000, 0.411,-0.002, 1.383;
10.028,0.844,-0.175,-0.172,0.841, 0.089, 0.007,-0.754,0.000,0.000,0.000, 0.411, 0.002, 1.383;
10.033,0.845,-0.177,-0.171,0.839, 0.089, 0.007,-0.754,0.000,0.000,0.000, 0.411, 0.004, 1.383;
10.042,0.847,-0.179,-0.168,0.837, 0.089, 0.007,-0.754,0.000,0.000,0.000, 0.411, 0.007, 1.383;
10.065,0.853,-0.185,-0.163,0.831, 0.089, 0.007,-0.754,0.000,0.000,0.000, 0.410, 0.014, 1.383;
10.070,0.854,-0.186,-0.162,0.830, 0.089, 0.007,-0.754,0.000,0.000,0.000, 0.410, 0.015, 1.383;
10.081,0.857,-0.189,-0.159,0.827, 0.089, 0.007,-0.754,0.000,0.000,0.000, 0.410, 0.019, 1.383;
10.093,0.860,-0.192,-0.156,0.823, 0.089, 0.007,-0.754,0.000,0.000,0.000, 0.410, 0.022, 1.383;
10.104,0.862,-0.195,-0.153,0.820, 0.089, 0.007,-0.754,0.000,0.000,0.000, 0.410, 0.026, 1.383;
10.116,0.865,-0.199,-0.151,0.817, 0.089, 0.007,-0.754,0.000,0.000,0.000, 0.409, 0.030, 1.383;
10.137,0.870,-0.205,-0.146,0.811, 0.089, 0.007,-0.754,0.000,0.000,0.000, 0.409, 0.036, 1.383;
10.150,0.873,-0.208,-0.143,0.808, 0.089, 0.007,-0.754,0.000,0.000,0.000, 0.409, 0.040, 1.383;
10.154,0.874,-0.209,-0.142,0.807, 0.089, 0.007,-0.754,0.000,0.000,0.000, 0.408, 0.042, 1.383;
10.166,0.877,-0.212,-0.139,0.803, 0.089, 0.007,-0.754,0.000,0.000,0.000, 0.408, 0.045, 1.383;
10.177,0.879,-0.216,-0.137,0.800, 0.089, 0.007,-0.754,0.000,0.000,0.000, 0.408, 0.049, 1.383;
10.189,0.882,-0.219,-0.134,0.797, 0.089, 0.007,-0.754,0.000,0.000,0.000, 0.407, 0.052, 1.383;
10.210,0.887,-0.225,-0.129,0.791, 0.089, 0.007,-0.754,0.000,0.000,0.000, 0.406, 0.059, 1.383;
10.222,0.889,-0.228,-0.127,0.787, 0.089, 0.007,-0.754,0.000,0.000,0.000, 0.406, 0.063, 1.383;
10.234,0.892,-0.232,-0.124,0.784, 0.089, 0.007,-0.754,0.000,0.000,0.000, 0.405, 0.067, 1.383;
10.246,0.894,-0.235,-0.122,0.781, 0.089, 0.007,-0.754,0.000,0.000,0.000, 0.405, 0.070, 1.383;
10.258,0.897,-0.239,-0.119,0.777, 0.089, 0.007,-0.754,0.000,0.000,0.000, 0.404, 0.074, 1.383;
10.272,0.900,-0.243,-0.116,0.773, 0.089, 0.007,-0.754,0.000,0.000,0.000, 0.403, 0.078, 1.383;
10.283,0.902,-0.246,-0.114,0.770, 0.089, 0.007,-0.754,0.000,0.000,0.000, 0.403, 0.082, 1.383;
10.297,0.905,-0.250,-0.111,0.766, 0.089, 0.007,-0.754,0.000,0.000,0.000, 0.402, 0.086, 1.383;
10.301,0.906,-0.251,-0.110,0.764, 0.089, 0.007,-0.754,0.000,0.000,0.000, 0.402, 0.087, 1.383;
10.311,0.908,-0.255,-0.108,0.761, 0.089, 0.007,-0.754,0.000,0.000,0.000, 0.401, 0.091, 1.383;
10.333,0.912,-0.261,-0.104,0.755, 0.089, 0.007,-0.754,0.000,0.000,0.000, 0.400, 0.097, 1.383;
10.344,0.914,-0.264,-0.102,0.751, 0.089, 0.007,-0.754,0.000,0.000,0.000, 0.399, 0.101, 1.383;
10.347,0.915,-0.265,-0.101,0.751, 0.089, 0.007,-0.754,0.000,0.000,0.000, 0.399, 0.102, 1.383;
10.369,0.919,-0.272,-0.097,0.744, 0.089, 0.007,-0.754,0.000,0.000,0.000, 0.397, 0.108, 1.383;
10.381,0.921,-0.275,-0.095,0.740, 0.089, 0.007,-0.754,0.000,0.000,0.000, 0.396, 0.112, 1.383;
10.393,0.923,-0.279,-0.092,0.737, 0.089, 0.007,-0.754,0.000,0.000,0.000, 0.396, 0.115, 1.383;
10.405,0.926,-0.283,-0.090,0.733, 0.089, 0.007,-0.754,0.000,0.000,0.000, 0.395, 0.119, 1.383;
10.418,0.928,-0.287,-0.088,0.729, 0.089, 0.007,-0.754,0.000,0.000,0.000, 0.394, 0.123, 1.383;
10.422,0.929,-0.288,-0.087,0.728, 0.089, 0.007,-0.754,0.000,0.000,0.000, 0.393, 0.124, 1.383;
10.433,0.931,-0.292,-0.085,0.724, 0.089, 0.007,-0.754,0.000,0.000,0.000, 0.392, 0.128, 1.383;
10.454,0.934,-0.298,-0.082,0.717, 0.089, 0.007,-0.754,0.000,0.000,0.000, 0.390, 0.134, 1.383;
10.467,0.936,-0.302,-0.079,0.714, 0.089, 0.007,-0.754,0.000,0.000,0.000, 0.389, 0.138, 1.383;
10.479,0.939,-0.306,-0.077,0.710, 0.089, 0.007,-0.754,0.000,0.000,0.000, 0.388, 0.141, 1.383;
10.490,0.940,-0.310,-0.075,0.706, 0.089, 0.007,-0.754,0.000,0.000,0.000, 0.387, 0.145, 1.383;
10.502,0.942,-0.314,-0.074,0.702, 0.089, 0.007,-0.754,0.000,0.000,0.000, 0.386, 0.148, 1.383;
10.514,0.944,-0.317,-0.072,0.699, 0.089, 0.007,-0.754,0.000,0.000,0.000, 0.385, 0.152, 1.383;
10.526,0.946,-0.321,-0.070,0.695, 0.089, 0.007,-0.754,0.000,0.000,0.000, 0.384, 0.155, 1.383;
10.537,0.948,-0.325,-0.068,0.691, 0.089, 0.007,-0.754,0.000,0.000,0.000, 0.382, 0.159, 1.383;
10.550,0.950,-0.329,-0.066,0.687, 0.089, 0.007,-0.754,0.000,0.000,0.000, 0.381, 0.163, 1.383;
10.563,0.952,-0.333,-0.064,0.683, 0.089, 0.007,-0.754,0.000,0.000,0.000, 0.380, 0.166, 1.383;
10.575,0.954,-0.337,-0.062,0.679, 0.089, 0.007,-0.754,0.000,0.000,0.000, 0.378, 0.170, 1.383;
10.587,0.955,-0.341,-0.060,0.675, 0.089, 0.007,-0.754,0.000,0.000,0.000, 0.377, 0.174, 1.383;
10.599,0.957,-0.345,-0.059,0.671, 0.089, 0.007,-0.754,0.000,0.000,0.000, 0.376, 0.177, 1.383;
10.612,0.959,-0.349,-0.057,0.667, 0.089, 0.007,-0.754,0.000,0.000,0.000, 0.374, 0.181, 1.383;
10.624,0.961,-0.353,-0.055,0.663, 0.089, 0.007,-0.754,0.000,0.000,0.000, 0.373, 0.184, 1.383;
10.636,0.962,-0.357,-0.053,0.658, 0.089, 0.007,-0.754,0.000,0.000,0.000, 0.371, 0.188, 1.383;
10.649,0.964,-0.362,-0.052,0.654, 0.089, 0.007,-0.754,0.000,0.000,0.000, 0.370, 0.192, 1.383;
10.661,0.966,-0.366,-0.050,0.650, 0.089, 0.007,-0.754,0.000,0.000,0.000, 0.368, 0.195, 1.383;
10.673,0.967,-0.370,-0.049,0.646, 0.089, 0.007,-0.754,0.000,0.000,0.000, 0.367, 0.199, 1.383;
10.685,0.969,-0.374,-0.047,0.642, 0.089, 0.007,-0.754,0.000,0.000,0.000, 0.365, 0.202, 1.383;
10.696,0.970,-0.377,-0.046,0.638, 0.089, 0.007,-0.754,0.000,0.000,0.000, 0.364, 0.205, 1.383;
10.709,0.972,-0.382,-0.044,0.634, 0.089, 0.007,-0.754,0.000,0.000,0.000, 0.362, 0.209, 1.383;
10.720,0.973,-0.385,-0.043,0.630, 0.089, 0.007,-0.754,0.000,0.000,0.000, 0.360, 0.212, 1.383;
10.732,0.974,-0.390,-0.041,0.626, 0.089, 0.007,-0.754,0.000,0.000,0.000, 0.359, 0.215, 1.383;
10.744,0.976,-0.394,-0.040,0.622, 0.089, 0.007,-0.754,0.000,0.000,0.000, 0.357, 0.219, 1.383;
10.756,0.977,-0.398,-0.039,0.618, 0.089, 0.007,-0.754,0.000,0.000,0.000, 0.355, 0.222, 1.383;
10.767,0.978,-0.402,-0.038,0.614, 0.089, 0.007,-0.754,0.000,0.000,0.000, 0.354, 0.225, 1.383;
10.779,0.980,-0.406,-0.036,0.610, 0.089, 0.007,-0.754,0.000,0.000,0.000, 0.352, 0.228, 1.383;
10.790,0.981,-0.410,-0.035,0.606, 0.089, 0.007,-0.754,0.000,0.000,0.000, 0.350, 0.232, 1.383;
10.802,0.982,-0.414,-0.034,0.602, 0.089, 0.007,-0.754,0.000,0.000,0.000, 0.349, 0.235, 1.383;
10.815,0.983,-0.418,-0.033,0.598, 0.089, 0.007,-0.754,0.000,0.000,0.000, 0.347, 0.238, 1.383;
10.826,0.984,-0.422,-0.032,0.594, 0.089, 0.007,-0.754,0.000,0.000,0.000, 0.345, 0.241, 1.383;
10.838,0.985,-0.426,-0.031,0.590, 0.089, 0.007,-0.754,0.000,0.000,0.000, 0.343, 0.245, 1.383;
10.849,0.986,-0.430,-0.029,0.586, 0.089, 0.007,-0.754,0.000,0.000,0.000, 0.341, 0.248, 1.383;
10.872,0.988,-0.438,-0.028,0.578, 0.089, 0.007,-0.754,0.000,0.000,0.000, 0.338, 0.254, 1.383;
10.875,0.989,-0.439,-0.027,0.577, 0.089, 0.007,-0.754,0.000,0.000,0.000, 0.337, 0.254, 1.383;
10.886,0.990,-0.443,-0.026,0.573, 0.089, 0.007,-0.754,0.000,0.000,0.000, 0.335, 0.257, 1.383;
10.907,0.991,-0.450,-0.025,0.566, 0.089, 0.007,-0.754,0.000,0.000,0.000, 0.332, 0.263, 1.383;
10.920,0.992,-0.454,-0.024,0.561, 0.089, 0.007,-0.754,0.000,0.000,0.000, 0.330, 0.266, 1.383;
10.932,0.993,-0.459,-0.023,0.557, 0.089, 0.007,-0.754,0.000,0.000,0.000, 0.327, 0.270, 1.383;
10.936,0.993,-0.460,-0.023,0.556, 0.089, 0.007,-0.754,0.000,0.000,0.000, 0.327, 0.271, 1.383;
10.947,0.994,-0.464,-0.022,0.552, 0.089, 0.007,-0.754,0.000,0.000,0.000, 0.325, 0.274, 1.383;
10.969,0.996,-0.472,-0.020,0.544, 0.089, 0.007,-0.754,0.000,0.000,0.000, 0.321, 0.279, 1.383;
